2 69 113 2
0 236
0 236
  1 641 767 0  36 1 2 1 2
  2 142 392 0  37 1 2 1 2
  3 419 550 0  88 1 2 1 2
  4 152 397 0   4 1 2 1 2
  5 758 499 0  49 1 2 1 2
  6 437 251 0  75 1 2 1 2
  7 978 594 0  58 1 2 1 2
  8 192 602 0  87 1 2 1 2
  9 892 555 0  23 1 2 1 2
 10 770 235 0  77 1 2 1 2
 11 415  25 0  69 1 2 1 2
 12 230 573 0  27 1 2 1 2
 13 829 622 0  62 1 2 1 2
 14 754  88 0  70 1 2 1 2
 15 632 301 0  29 1 2 1 2
 16 529 408 0  77 1 2 1 2
 17 816 102 0  64 1 2 1 2
 18 879 819 0  49 1 2 1 2
 19 111 821 0  47 1 2 1 2
 20 672 103 0  30 1 2 1 2
 21 241 487 0  49 1 2 1 2
 22 115  64 0  44 1 2 1 2
 23 879 133 0  69 1 2 1 2
 24 628 873 0   2 1 2 1 2
 25 392 567 0  11 1 2 1 2
 26 261 390 0  64 1 2 1 2
 27 643 556 0  30 1 2 1 2
 28 823 316 0  48 1 2 1 2
 29 936 824 0  10 1 2 1 2
 30 839 279 0  95 1 2 1 2
 31 968 458 0  74 1 2 1 2
 32 986 572 0  64 1 2 1 2
 33 233 580 0  83 1 2 1 2
 34 863 823 0   4 1 2 1 2
 35   8 498 0  69 1 2 1 2
 36  84 947 0  71 1 2 1 2
 37 406 242 0  55 1 2 1 2
 38 450 837 0  43 1 2 1 2
 39 412 571 0  40 1 2 1 2
 40 481 655 0   5 1 2 1 2
 41 664 156 0  66 1 2 1 2
 42 952 861 0  89 1 2 1 2
 43 260 549 0 100 1 2 1 2
 44 104 642 0  94 1 2 1 2
 45 534 709 0  39 1 2 1 2
 46 355  68 0  95 1 2 1 2
 47 103 404 0  20 1 2 1 2
 48 161 538 0  35 1 2 1 2
 49  59 505 0  22 1 2 1 2
 50 234 116 0  32 1 2 1 2
 51 672 453 0  13 1 2 1 2
 52 752 578 0  58 1 2 1 2
 53 287 753 0  11 1 2 1 2
 54 436 106 0  31 1 2 1 2
 55 831 373 0   2 1 2 1 2
 56 239 168 0  45 1 2 1 2
 57 772 262 0  20 1 2 1 2
 58 102  16 0  14 1 2 1 2
 59  49 217 0  41 1 2 1 2
 60 324 669 0  61 1 2 1 2
 61  99 538 0   1 1 2 1 2
 62  57 940 0 100 1 2 1 2
 63 972 662 0  11 1 2 1 2
 64 534 653 0  60 1 2 1 2
 65 797 339 0  19 1 2 1 2
 66 606 899 0  53 1 2 1 2
 67 163 927 0  55 1 2 1 2
 68 665 954 0  73 1 2 1 2
 69 459 702 0  85 1 2 1 2
 70  65 439 0  26 1 2 1 2
 71 679 548 0  17 1 2 1 2
 72 983 807 0  44 1 2 1 2
 73 844  67 0  45 1 2 1 2
 74 277 378 0  10 1 2 1 2
 75 278 631 0  37 1 2 1 2
 76 898 141 0   8 1 2 1 2
 77 556 681 0  93 1 2 1 2
 78 965 436 0  73 1 2 1 2
 79   5 939 0  13 1 2 1 2
 80 837 207 0  11 1 2 1 2
 81 308 981 0  94 1 2 1 2
 82 112  71 0  73 1 2 1 2
 83 129 170 0   5 1 2 1 2
 84 401 746 0  47 1 2 1 2
 85  44 955 0   4 1 2 1 2
 86 748 256 0  78 1 2 1 2
 87 187 859 0  35 1 2 1 2
 88 556 825 0  67 1 2 1 2
 89  68 822 0  56 1 2 1 2
 90 547 620 0  13 1 2 1 2
 91 760 107 0  12 1 2 1 2
 92 496 719 0 100 1 2 1 2
 93 675 686 0  16 1 2 1 2
 94 914 223 0  68 1 2 1 2
 95 647 742 0  49 1 2 1 2
 96 235 422 0  21 1 2 1 2
 97 507 379 0  26 1 2 1 2
 98 401 215 0  65 1 2 1 2
 99 847 496 0  98 1 2 1 2
100 252 543 0  71 1 2 1 2
101 370 634 0  17 1 2 1 2
102 331 436 0  37 1 2 1 2
103 595  49 0  98 1 2 1 2
104 337 435 0  96 1 2 1 2
105 134   1 0  81 1 2 1 2
106 272 727 0   7 1 2 1 2
107 715 131 0  67 1 2 1 2
108 288 142 0  38 1 2 1 2
109 765 915 0  80 1 2 1 2
110  17  11 0  85 1 2 1 2
111 242 169 0  84 1 2 1 2
112 388 823 0  61 1 2 1 2
113 152 569 0   3 1 2 1 2
114 755 715 0   0 0 0
115 577  51 0   0 0 0
