2 57 143 2
0 251
0 251
  1 744  327 0  59 1 2 1 2
  2 492  658 0  78 1 2 1 2
  3 468  476 0   2 1 2 1 2
  4 412  814 0  15 1 2 1 2
  5  89  928 0  80 1 2 1 2
  6 739  914 0  10 1 2 1 2
  7 359  423 0  89 1 2 1 2
  8 763  326 0  39 1 2 1 2
  9 796   18 0  10 1 2 1 2
 10 396  689 0  62 1 2 1 2
 11 101  564 0  67 1 2 1 2
 12 105   16 0  12 1 2 1 2
 13 612  901 0  76 1 2 1 2
 14 843  950 0  66 1 2 1 2
 15 495  303 0  43 1 2 1 2
 16 606  991 0  85 1 2 1 2
 17 503  415 0  32 1 2 1 2
 18 981 1000 0  19 1 2 1 2
 19 923  102 0  56 1 2 1 2
 20  10  358 0  16 1 2 1 2
 21 933  717 0  43 1 2 1 2
 22 439  870 0   2 1 2 1 2
 23 425  729 0  32 1 2 1 2
 24 431  111 0  62 1 2 1 2
 25 326  863 0  55 1 2 1 2
 26 605  457 0  35 1 2 1 2
 27 905  208 0  31 1 2 1 2
 28 579  288 0  97 1 2 1 2
 29 733   76 0  40 1 2 1 2
 30 796  246 0  95 1 2 1 2
 31 214  907 0   8 1 2 1 2
 32 582  209 0  29 1 2 1 2
 33 923  228 0  88 1 2 1 2
 34 698  426 0  89 1 2 1 2
 35 221  487 0  64 1 2 1 2
 36 691  925 0  56 1 2 1 2
 37 202  577 0  16 1 2 1 2
 38 452  928 0  22 1 2 1 2
 39 402  525 0  10 1 2 1 2
 40 494  663 0  99 1 2 1 2
 41 552  888 0   7 1 2 1 2
 42 772  795 0  35 1 2 1 2
 43 955  665 0  53 1 2 1 2
 44 918  157 0   9 1 2 1 2
 45 115  129 0  57 1 2 1 2
 46 709  653 0  52 1 2 1 2
 47 751  368 0  97 1 2 1 2
 48 772  998 0   6 1 2 1 2
 49 596  205 0  29 1 2 1 2
 50 559  523 0  51 1 2 1 2
 51 783  505 0  92 1 2 1 2
 52  48  117 0  20 1 2 1 2
 53 176  167 0  79 1 2 1 2
 54 233  243 0  35 1 2 1 2
 55 238  153 0  92 1 2 1 2
 56 928  356 0  49 1 2 1 2
 57 139  316 0  31 1 2 1 2
 58 416  550 0  40 1 2 1 2
 59 179  326 0  58 1 2 1 2
 60 455  461 0   7 1 2 1 2
 61 582  510 0  51 1 2 1 2
 62 525  169 0  49 1 2 1 2
 63 725  713 0 100 1 2 1 2
 64 602  391 0  65 1 2 1 2
 65 186  654 0  47 1 2 1 2
 66 256  607 0  42 1 2 1 2
 67 635  759 0  92 1 2 1 2
 68 814  465 0  97 1 2 1 2
 69 582   65 0  12 1 2 1 2
 70 660  383 0  17 1 2 1 2
 71 123  311 0  47 1 2 1 2
 72 739  595 0  15 1 2 1 2
 73 999  608 0  93 1 2 1 2
 74 575  218 0  60 1 2 1 2
 75 821   48 0  76 1 2 1 2
 76 592  525 0  27 1 2 1 2
 77 423  764 0  37 1 2 1 2
 78 310  602 0  38 1 2 1 2
 79 574  768 0  65 1 2 1 2
 80 479  696 0  62 1 2 1 2
 81 700   83 0  80 1 2 1 2
 82 603  743 0  75 1 2 1 2
 83 314  301 0  18 1 2 1 2
 84 270  822 0  43 1 2 1 2
 85 660  743 0  35 1 2 1 2
 86 704  909 0  13 1 2 1 2
 87 313  368 0  21 1 2 1 2
 88 286  676 0  72 1 2 1 2
 89 152  553 0  59 1 2 1 2
 90 737  223 0  57 1 2 1 2
 91 828  436 0  90 1 2 1 2
 92 470  785 0  68 1 2 1 2
 93 434  340 0   6 1 2 1 2
 94 901  812 0  14 1 2 1 2
 95 643  625 0  37 1 2 1 2
 96 116  486 0   7 1 2 1 2
 97 360  251 0  55 1 2 1 2
 98   8  822 0  68 1 2 1 2
 99  44  175 0  92 1 2 1 2
100 296  138 0  44 1 2 1 2
101 327  162 0  11 1 2 1 2
102 879  595 0  12 1 2 1 2
103 495  754 0   5 1 2 1 2
104  18  992 0  86 1 2 1 2
105 747  418 0  35 1 2 1 2
106 107  966 0  42 1 2 1 2
107 213   31 0  25 1 2 1 2
108 438  357 0  97 1 2 1 2
109 837  290 0   2 1 2 1 2
110 707   81 0  86 1 2 1 2
111 942  377 0  95 1 2 1 2
112 536  449 0  10 1 2 1 2
113 998  463 0  98 1 2 1 2
114 765  234 0  79 1 2 1 2
115 605  275 0  57 1 2 1 2
116 560  831 0  82 1 2 1 2
117 354  363 0  96 1 2 1 2
118 669  539 0  76 1 2 1 2
119 619  216 0   8 1 2 1 2
120 176  187 0 100 1 2 1 2
121 995  583 0  29 1 2 1 2
122 466  711 0  30 1 2 1 2
123 236  569 0  26 1 2 1 2
124 815  198 0  88 1 2 1 2
125 806  834 0  67 1 2 1 2
126 349  653 0  95 1 2 1 2
127 309  717 0  84 1 2 1 2
128 130  539 0  24 1 2 1 2
129 566  651 0  96 1 2 1 2
130 277  840 0  80 1 2 1 2
131 873  416 0  74 1 2 1 2
132 139  840 0  35 1 2 1 2
133 721  736 0  56 1 2 1 2
134 261  247 0  50 1 2 1 2
135 273  599 0  94 1 2 1 2
136 167  590 0  27 1 2 1 2
137  69  378 0  20 1 2 1 2
138 619  602 0  43 1 2 1 2
139 603  947 0  99 1 2 1 2
140  26  994 0  72 1 2 1 2
141 403   22 0  72 1 2 1 2
142 288   32 0  65 1 2 1 2
143 374   58 0  90 1 2 1 2
144 689  971 0   0 0 0
145 409  889 0   0 0 0
