2 58 196 3
0 239
0 239
0 239
  1  932 783 0  85 1 3 1 2 4
  2  311 437 0  54 1 3 1 2 4
  3  708 225 0  44 1 3 1 2 4
  4  479 799 0  36 1 3 1 2 4
  5  565 380 0  99 1 3 1 2 4
  6  938 214 0  31 1 3 1 2 4
  7  205 491 0  99 1 3 1 2 4
  8   48 534 0  12 1 3 1 2 4
  9  658  45 0  56 1 3 1 2 4
 10  395 682 0  73 1 3 1 2 4
 11  527  41 0  15 1 3 1 2 4
 12  236 512 0  93 1 3 1 2 4
 13  250 475 0  86 1 3 1 2 4
 14  940  30 0  82 1 3 1 2 4
 15  354  16 0  48 1 3 1 2 4
 16  743 982 0   7 1 3 1 2 4
 17  536 594 0  11 1 3 1 2 4
 18  806 750 0  13 1 3 1 2 4
 19  511 520 0  21 1 3 1 2 4
 20  567  86 0  92 1 3 1 2 4
 21  581 254 0  86 1 3 1 2 4
 22  831 583 0  70 1 3 1 2 4
 23  665 870 0  59 1 3 1 2 4
 24  490 587 0   1 1 3 1 2 4
 25  477 941 0  22 1 3 1 2 4
 26  325 505 0  64 1 3 1 2 4
 27  791 621 0  79 1 3 1 2 4
 28  925 993 0  71 1 3 1 2 4
 29  835 237 0  47 1 3 1 2 4
 30  451 655 0  64 1 3 1 2 4
 31  153 929 0  79 1 3 1 2 4
 32  571 935 0  75 1 3 1 2 4
 33  475 453 0  88 1 3 1 2 4
 34  659 901 0  88 1 3 1 2 4
 35  422 209 0  40 1 3 1 2 4
 36  410 672 0  56 1 3 1 2 4
 37  350 758 0  24 1 3 1 2 4
 38  256 210 0  35 1 3 1 2 4
 39  764 215 0  68 1 3 1 2 4
 40  840 148 0  10 1 3 1 2 4
 41   76 221 0  94 1 3 1 2 4
 42  360 672 0  87 1 3 1 2 4
 43  813 176 0  94 1 3 1 2 4
 44  968 908 0  47 1 3 1 2 4
 45  733 408 0  59 1 3 1 2 4
 46   54 971 0  14 1 3 1 2 4
 47  641  15 0  45 1 3 1 2 4
 48  626 859 0  68 1 3 1 2 4
 49  803 610 0  61 1 3 1 2 4
 50  771 817 0  90 1 3 1 2 4
 51  896 140 0  22 1 3 1 2 4
 52  282  23 0  94 1 3 1 2 4
 53  265 266 0  92 1 3 1 2 4
 54   60 683 0  26 1 3 1 2 4
 55  237 443 0  94 1 3 1 2 4
 56 1000 821 0  83 1 3 1 2 4
 57  513 389 0  50 1 3 1 2 4
 58    6 580 0  62 1 3 1 2 4
 59  187 280 0  15 1 3 1 2 4
 60  748 663 0  15 1 3 1 2 4
 61  602 219 0  13 1 3 1 2 4
 62  692 766 0  52 1 3 1 2 4
 63  950 321 0  35 1 3 1 2 4
 64  140 211 0   2 1 3 1 2 4
 65  721 585 0   2 1 3 1 2 4
 66  839 837 0  57 1 3 1 2 4
 67   62 695 0   4 1 3 1 2 4
 68  881 630 0   5 1 3 1 2 4
 69  754 859 0  27 1 3 1 2 4
 70  880 916 0  53 1 3 1 2 4
 71  402 272 0  96 1 3 1 2 4
 72  922 217 0  50 1 3 1 2 4
 73   91 169 0  99 1 3 1 2 4
 74  907  10 0  86 1 3 1 2 4
 75  896 160 0  62 1 3 1 2 4
 76   99 719 0   8 1 3 1 2 4
 77  666 570 0  21 1 3 1 2 4
 78  548 590 0  29 1 3 1 2 4
 79  959 864 0  23 1 3 1 2 4
 80  999 931 0   2 1 3 1 2 4
 81  987  13 0  12 1 3 1 2 4
 82  495  73 0   8 1 3 1 2 4
 83   84 171 0  70 1 3 1 2 4
 84  186 402 0  95 1 3 1 2 4
 85  908 272 0  83 1 3 1 2 4
 86  820 726 0  60 1 3 1 2 4
 87  661 798 0   5 1 3 1 2 4
 88  661 277 0 100 1 3 1 2 4
 89  226 354 0  31 1 3 1 2 4
 90  600 941 0  93 1 3 1 2 4
 91  897 478 0  68 1 3 1 2 4
 92  449 246 0  49 1 3 1 2 4
 93  489 808 0  29 1 3 1 2 4
 94  505 619 0  11 1 3 1 2 4
 95  458 964 0  27 1 3 1 2 4
 96  191 335 0   6 1 3 1 2 4
 97  131 667 0  63 1 3 1 2 4
 98  186 984 0  27 1 3 1 2 4
 99  718 291 0  10 1 3 1 2 4
100  157  65 0  99 1 3 1 2 4
101  603 219 0  82 1 3 1 2 4
102    3 184 0  88 1 3 1 2 4
103  918 600 0  23 1 3 1 2 4
104   33 538 0  11 1 3 1 2 4
105  149 916 0  88 1 3 1 2 4
106  404 368 0  89 1 3 1 2 4
107  437 459 0  72 1 3 1 2 4
108  665 631 0   2 1 3 1 2 4
109  494 694 0  10 1 3 1 2 4
110  560 849 0  20 1 3 1 2 4
111  732 564 0  43 1 3 1 2 4
112  229 545 0  28 1 3 1 2 4
113  378 588 0  43 1 3 1 2 4
114  891 334 0  37 1 3 1 2 4
115  472 303 0   3 1 3 1 2 4
116  359 780 0   4 1 3 1 2 4
117  615 406 0   9 1 3 1 2 4
118  328 327 0  93 1 3 1 2 4
119  214 851 0  15 1 3 1 2 4
120  251 976 0   8 1 3 1 2 4
121   63 506 0   4 1 3 1 2 4
122  757  68 0  24 1 3 1 2 4
123   30 801 0  20 1 3 1 2 4
124  250 829 0  47 1 3 1 2 4
125  648 924 0  26 1 3 1 2 4
126  340 792 0  70 1 3 1 2 4
127   62 576 0  43 1 3 1 2 4
128  133 643 0  60 1 3 1 2 4
129  160 573 0   6 1 3 1 2 4
130  430 922 0  51 1 3 1 2 4
131  287 448 0  96 1 3 1 2 4
132  766 235 0  41 1 3 1 2 4
133  593 841 0  22 1 3 1 2 4
134  158 905 0  60 1 3 1 2 4
135  550 848 0  76 1 3 1 2 4
136  503 290 0  50 1 3 1 2 4
137   97 113 0  10 1 3 1 2 4
138  669 215 0  94 1 3 1 2 4
139  791 116 0  24 1 3 1 2 4
140  228 918 0  46 1 3 1 2 4
141  433 435 0  32 1 3 1 2 4
142  769 853 0  24 1 3 1 2 4
143  113 785 0  61 1 3 1 2 4
144  361 390 0  56 1 3 1 2 4
145  359 715 0  31 1 3 1 2 4
146  648  83 0  35 1 3 1 2 4
147  831 844 0  54 1 3 1 2 4
148   59 368 0  85 1 3 1 2 4
149  834 837 0  97 1 3 1 2 4
150  613 638 0  80 1 3 1 2 4
151  244 757 0  37 1 3 1 2 4
152  664 460 0  83 1 3 1 2 4
153  960 471 0  55 1 3 1 2 4
154   35 244 0  45 1 3 1 2 4
155  258 713 0  82 1 3 1 2 4
156  791 718 0   4 1 3 1 2 4
157  431 594 0  33 1 3 1 2 4
158  425 395 0   4 1 3 1 2 4
159  944 488 0  94 1 3 1 2 4
160  124 402 0  98 1 3 1 2 4
161  963  38 0  48 1 3 1 2 4
162  174 823 0  74 1 3 1 2 4
163  249  20 0  15 1 3 1 2 4
164  638 413 0  58 1 3 1 2 4
165  326 443 0  22 1 3 1 2 4
166  831 794 0  51 1 3 1 2 4
167  339 183 0  63 1 3 1 2 4
168  333 574 0  59 1 3 1 2 4
169  256  98 0  60 1 3 1 2 4
170  281 825 0  30 1 3 1 2 4
171   33 213 0  20 1 3 1 2 4
172  657 676 0  44 1 3 1 2 4
173  106 785 0  87 1 3 1 2 4
174 1000 349 0  68 1 3 1 2 4
175  475 247 0  50 1 3 1 2 4
176  741 347 0  54 1 3 1 2 4
177  643 503 0  17 1 3 1 2 4
178  680 660 0  66 1 3 1 2 4
179  395 679 0   1 1 3 1 2 4
180  883  43 0  40 1 3 1 2 4
181  855 200 0  19 1 3 1 2 4
182  396 256 0  40 1 3 1 2 4
183  972 437 0  65 1 3 1 2 4
184  616 401 0  68 1 3 1 2 4
185  949 973 0  14 1 3 1 2 4
186    8 427 0  95 1 3 1 2 4
187  580 427 0  79 1 3 1 2 4
188  763 353 0  83 1 3 1 2 4
189  504 614 0  62 1 3 1 2 4
190  375 354 0  24 1 3 1 2 4
191  591 120 0  35 1 3 1 2 4
192  657 712 0  64 1 3 1 2 4
193  775 333 0  27 1 3 1 2 4
194  283 585 0  33 1 3 1 2 4
195  228 294 0  62 1 3 1 2 4
196  957  33 0   2 1 3 1 2 4
197  395 382 0   0 0 0
198  580 992 0   0 0 0
199  767 291 0   0 0 0
