2 113 198 2
0 253
0 253
  1 245 503 0  30 1 2 1 2
  2 400 549 0  90 1 2 1 2
  3 878  47 0  91 1 2 1 2
  4 188 194 0  70 1 2 1 2
  5  89 838 0   6 1 2 1 2
  6 559 923 0  27 1 2 1 2
  7 684 439 0  49 1 2 1 2
  8 231 718 0  89 1 2 1 2
  9 150 697 0  59 1 2 1 2
 10 753 988 0  17 1 2 1 2
 11 238 571 0  40 1 2 1 2
 12 265  50 0  73 1 2 1 2
 13 738 259 0  56 1 2 1 2
 14 180  94 0  87 1 2 1 2
 15 813 411 0  75 1 2 1 2
 16 908 888 0   5 1 2 1 2
 17 373 560 0  29 1 2 1 2
 18 104 665 0  67 1 2 1 2
 19   2  96 0  22 1 2 1 2
 20 395 637 0  52 1 2 1 2
 21 503 476 0  54 1 2 1 2
 22 610 240 0  95 1 2 1 2
 23 324 503 0   8 1 2 1 2
 24  46 683 0  96 1 2 1 2
 25 853 663 0  82 1 2 1 2
 26 866  79 0  69 1 2 1 2
 27 685 482 0  41 1 2 1 2
 28 637 841 0  84 1 2 1 2
 29 287 556 0  32 1 2 1 2
 30 569 768 0  43 1 2 1 2
 31 723 145 0  45 1 2 1 2
 32 481 697 0  42 1 2 1 2
 33  17 715 0  63 1 2 1 2
 34  87 761 0  64 1 2 1 2
 35 560 118 0  90 1 2 1 2
 36 101 883 0  68 1 2 1 2
 37 692 354 0  99 1 2 1 2
 38 251 308 0  63 1 2 1 2
 39 980 236 0  64 1 2 1 2
 40 850 322 0  86 1 2 1 2
 41 138 388 0  13 1 2 1 2
 42 100 547 0  39 1 2 1 2
 43 485 542 0  87 1 2 1 2
 44 721 206 0  72 1 2 1 2
 45 962 383 0  38 1 2 1 2
 46 787 514 0  97 1 2 1 2
 47 384 385 0  75 1 2 1 2
 48 184 834 0  88 1 2 1 2
 49 469 657 0  11 1 2 1 2
 50 845 863 0  69 1 2 1 2
 51  11 487 0   4 1 2 1 2
 52  38 973 0  18 1 2 1 2
 53 809 976 0  18 1 2 1 2
 54 274 845 0  33 1 2 1 2
 55 938 189 0  51 1 2 1 2
 56 477 340 0  24 1 2 1 2
 57 864 604 0  90 1 2 1 2
 58 581  13 0  73 1 2 1 2
 59 467 551 0  72 1 2 1 2
 60 945 444 0  40 1 2 1 2
 61 214 340 0  54 1 2 1 2
 62   7 438 0  98 1 2 1 2
 63 664 623 0  61 1 2 1 2
 64 585 776 0  15 1 2 1 2
 65 309  87 0  67 1 2 1 2
 66 213 156 0  38 1 2 1 2
 67 780 512 0   1 1 2 1 2
 68  15 370 0   5 1 2 1 2
 69 132 159 0   2 1 2 1 2
 70 335 971 0  99 1 2 1 2
 71 208 211 0  40 1 2 1 2
 72 460 367 0  71 1 2 1 2
 73  79  13 0  76 1 2 1 2
 74 176 552 0  16 1 2 1 2
 75 929 263 0  19 1 2 1 2
 76 882 125 0  21 1 2 1 2
 77 325 437 0  34 1 2 1 2
 78 377 982 0  77 1 2 1 2
 79   9 873 0  95 1 2 1 2
 80 214 921 0  12 1 2 1 2
 81 346 364 0  29 1 2 1 2
 82 968 610 0  45 1 2 1 2
 83 556 680 0  64 1 2 1 2
 84 644 535 0  27 1 2 1 2
 85 917 454 0  84 1 2 1 2
 86 886 549 0  61 1 2 1 2
 87 997 170 0  90 1 2 1 2
 88 791 182 0  48 1 2 1 2
 89 571 485 0  77 1 2 1 2
 90 369 781 0  45 1 2 1 2
 91 145 695 0 100 1 2 1 2
 92 849 703 0  71 1 2 1 2
 93 776 312 0  43 1 2 1 2
 94  79  38 0  31 1 2 1 2
 95 235 380 0  74 1 2 1 2
 96 506 974 0  83 1 2 1 2
 97  21 801 0  44 1 2 1 2
 98 541  22 0  91 1 2 1 2
 99 152 739 0  87 1 2 1 2
100 322 327 0  64 1 2 1 2
101 594 905 0   1 1 2 1 2
102 623 553 0  69 1 2 1 2
103 948 550 0  79 1 2 1 2
104 653 651 0  87 1 2 1 2
105 822 579 0  17 1 2 1 2
106 935 914 0  62 1 2 1 2
107 467 355 0  92 1 2 1 2
108  67 146 0  60 1 2 1 2
109  11 708 0  84 1 2 1 2
110 115  50 0  15 1 2 1 2
111  40 566 0  26 1 2 1 2
112 335  13 0  66 1 2 1 2
113 308 212 0  58 1 2 1 2
114 588 853 0   1 1 2 1 2
115 913 681 0  81 1 2 1 2
116  87 183 0   3 1 2 1 2
117 772 158 0  16 1 2 1 2
118 379 582 0  18 1 2 1 2
119 863 678 0  31 1 2 1 2
120 988 515 0  67 1 2 1 2
121 854 962 0  28 1 2 1 2
122 476 381 0  20 1 2 1 2
123 497 814 0  14 1 2 1 2
124 733 993 0   6 1 2 1 2
125 914 793 0  84 1 2 1 2
126 594 651 0  66 1 2 1 2
127 778 179 0  10 1 2 1 2
128 477 199 0  60 1 2 1 2
129 253 897 0  53 1 2 1 2
130 939  36 0  21 1 2 1 2
131 900 468 0  47 1 2 1 2
132 295 106 0  47 1 2 1 2
133  77 726 0  32 1 2 1 2
134 361 515 0  62 1 2 1 2
135 172 633 0  33 1 2 1 2
136 881 637 0  37 1 2 1 2
137 943 220 0  23 1 2 1 2
138 251  24 0  53 1 2 1 2
139 184 577 0  59 1 2 1 2
140  49 971 0  73 1 2 1 2
141 252 674 0  42 1 2 1 2
142 676  64 0  60 1 2 1 2
143 977 532 0  77 1 2 1 2
144 438 633 0  38 1 2 1 2
145 257 281 0  95 1 2 1 2
146 542 648 0  86 1 2 1 2
147 442 640 0  87 1 2 1 2
148 716 157 0  56 1 2 1 2
149 795 906 0  74 1 2 1 2
150 258 675 0  55 1 2 1 2
151 524 134 0  84 1 2 1 2
152 366 134 0  88 1 2 1 2
153 629 354 0  96 1 2 1 2
154 312 422 0  28 1 2 1 2
155 144 159 0  53 1 2 1 2
156 715 667 0  56 1 2 1 2
157 915 751 0  81 1 2 1 2
158 531 481 0  41 1 2 1 2
159 771 469 0  67 1 2 1 2
160 399 171 0  22 1 2 1 2
161 413  58 0  64 1 2 1 2
162 518  72 0  77 1 2 1 2
163 532 855 0  65 1 2 1 2
164 435  59 0   1 1 2 1 2
165 133 243 0   5 1 2 1 2
166 930 632 0   1 1 2 1 2
167 389 899 0  87 1 2 1 2
168 280  79 0  10 1 2 1 2
169 844 465 0   7 1 2 1 2
170 950 441 0  53 1 2 1 2
171 611 100 0  12 1 2 1 2
172 731 920 0  90 1 2 1 2
173 479 953 0  40 1 2 1 2
174 116 203 0  69 1 2 1 2
175 346 878 0  49 1 2 1 2
176 693 154 0 100 1 2 1 2
177 467 839 0  38 1 2 1 2
178 297 395 0  65 1 2 1 2
179 258 631 0  23 1 2 1 2
180 359 472 0   9 1 2 1 2
181  61 701 0  55 1 2 1 2
182 108 600 0  51 1 2 1 2
183 680 681 0  76 1 2 1 2
184 515 181 0  22 1 2 1 2
185 168 145 0  67 1 2 1 2
186 831  87 0  51 1 2 1 2
187 913 746 0  24 1 2 1 2
188 186 890 0  46 1 2 1 2
189 655 357 0   7 1 2 1 2
190   5 522 0  93 1 2 1 2
191 107 413 0  60 1 2 1 2
192 192 155 0  22 1 2 1 2
193 777 482 0  24 1 2 1 2
194 534  23 0  33 1 2 1 2
195  46 505 0  11 1 2 1 2
196 840 654 0  39 1 2 1 2
197  17 895 0  75 1 2 1 2
198 777 509 0   7 1 2 1 2
199 725 755 0   0 0 0
200  90 948 0   0 0 0
