2 50 200 4
0 243
0 243
0 243
0 243
  1 928 974 0  17 1 4 1 2 4 8
  2 381 741 0  96 1 4 1 2 4 8
  3  12 283 0  68 1 4 1 2 4 8
  4 177 315 0  93 1 4 1 2 4 8
  5 325 117 0  37 1 4 1 2 4 8
  6 716 182 0  18 1 4 1 2 4 8
  7 995 910 0  12 1 4 1 2 4 8
  8 400 516 0  56 1 4 1 2 4 8
  9 962 454 0  62 1 4 1 2 4 8
 10 920 646 0  23 1 4 1 2 4 8
 11 556 536 0  17 1 4 1 2 4 8
 12 157 861 0   1 1 4 1 2 4 8
 13 600 700 0  87 1 4 1 2 4 8
 14 237  73 0   2 1 4 1 2 4 8
 15 575  64 0  74 1 4 1 2 4 8
 16 827 137 0  30 1 4 1 2 4 8
 17  82 654 0  12 1 4 1 2 4 8
 18 801 947 0  26 1 4 1 2 4 8
 19 812  18 0   8 1 4 1 2 4 8
 20 891 294 0  65 1 4 1 2 4 8
 21 711 983 0  18 1 4 1 2 4 8
 22 956 874 0  92 1 4 1 2 4 8
 23 746 467 0  87 1 4 1 2 4 8
 24 542 260 0  57 1 4 1 2 4 8
 25 762 806 0  48 1 4 1 2 4 8
 26 140 821 0  24 1 4 1 2 4 8
 27 860 348 0  58 1 4 1 2 4 8
 28 528  25 0  59 1 4 1 2 4 8
 29 660 454 0  90 1 4 1 2 4 8
 30 108 537 0  34 1 4 1 2 4 8
 31 524 325 0  20 1 4 1 2 4 8
 32 533 468 0  47 1 4 1 2 4 8
 33 809 808 0  32 1 4 1 2 4 8
 34 872 452 0  77 1 4 1 2 4 8
 35 348 140 0  37 1 4 1 2 4 8
 36 497 862 0  89 1 4 1 2 4 8
 37 687 430 0  55 1 4 1 2 4 8
 38 880 285 0  86 1 4 1 2 4 8
 39 976 822 0  93 1 4 1 2 4 8
 40 543 636 0  27 1 4 1 2 4 8
 41 331 408 0  19 1 4 1 2 4 8
 42 387 229 0  49 1 4 1 2 4 8
 43 672 419 0  15 1 4 1 2 4 8
 44 598 264 0  15 1 4 1 2 4 8
 45 577 151 0  82 1 4 1 2 4 8
 46 839 808 0  17 1 4 1 2 4 8
 47 130  80 0   8 1 4 1 2 4 8
 48 709 545 0  53 1 4 1 2 4 8
 49  38 903 0  30 1 4 1 2 4 8
 50 458 524 0  12 1 4 1 2 4 8
 51 665 793 0  91 1 4 1 2 4 8
 52  38 172 0  16 1 4 1 2 4 8
 53 266 532 0  89 1 4 1 2 4 8
 54 973 285 0  99 1 4 1 2 4 8
 55 162 518 0  97 1 4 1 2 4 8
 56 373 104 0   7 1 4 1 2 4 8
 57 777 555 0  73 1 4 1 2 4 8
 58 731 405 0  64 1 4 1 2 4 8
 59 140 323 0  28 1 4 1 2 4 8
 60 257 168 0  50 1 4 1 2 4 8
 61 987 801 0  23 1 4 1 2 4 8
 62 888 522 0  14 1 4 1 2 4 8
 63 813 126 0  31 1 4 1 2 4 8
 64 977 410 0  81 1 4 1 2 4 8
 65 559 737 0  87 1 4 1 2 4 8
 66 151 598 0  62 1 4 1 2 4 8
 67 228 236 0 100 1 4 1 2 4 8
 68 979 610 0   7 1 4 1 2 4 8
 69 693 518 0  86 1 4 1 2 4 8
 70  40 832 0  75 1 4 1 2 4 8
 71 715 943 0   9 1 4 1 2 4 8
 72 453 612 0  21 1 4 1 2 4 8
 73 764 638 0  81 1 4 1 2 4 8
 74 661 517 0  84 1 4 1 2 4 8
 75 326 204 0  11 1 4 1 2 4 8
 76 584 166 0  56 1 4 1 2 4 8
 77 861 287 0  15 1 4 1 2 4 8
 78 402 578 0  41 1 4 1 2 4 8
 79 583 193 0  49 1 4 1 2 4 8
 80 548 807 0  48 1 4 1 2 4 8
 81 110 914 0  79 1 4 1 2 4 8
 82 816  39 0  44 1 4 1 2 4 8
 83 693 605 0   5 1 4 1 2 4 8
 84 993 451 0  80 1 4 1 2 4 8
 85 699 303 0  20 1 4 1 2 4 8
 86 636 736 0   6 1 4 1 2 4 8
 87 728 117 0  64 1 4 1 2 4 8
 88 625 951 0  52 1 4 1 2 4 8
 89 873 186 0  91 1 4 1 2 4 8
 90 433 648 0  78 1 4 1 2 4 8
 91 820 653 0  66 1 4 1 2 4 8
 92 180 806 0  80 1 4 1 2 4 8
 93 170 737 0  12 1 4 1 2 4 8
 94 488 660 0  30 1 4 1 2 4 8
 95 996 443 0  83 1 4 1 2 4 8
 96 642 805 0  38 1 4 1 2 4 8
 97 351 804 0  84 1 4 1 2 4 8
 98 699 601 0  67 1 4 1 2 4 8
 99 884  10 0  43 1 4 1 2 4 8
100 477 733 0  51 1 4 1 2 4 8
101   9 678 0  72 1 4 1 2 4 8
102 961 942 0  68 1 4 1 2 4 8
103 896 164 0  11 1 4 1 2 4 8
104  58 798 0  67 1 4 1 2 4 8
105 172 283 0  42 1 4 1 2 4 8
106 550 850 0  93 1 4 1 2 4 8
107  96 273 0   5 1 4 1 2 4 8
108 896 234 0  59 1 4 1 2 4 8
109 563 185 0  51 1 4 1 2 4 8
110 945 117 0  33 1 4 1 2 4 8
111  37 274 0  36 1 4 1 2 4 8
112  84 282 0  49 1 4 1 2 4 8
113 155 488 0  98 1 4 1 2 4 8
114 378 944 0  91 1 4 1 2 4 8
115 711 851 0  51 1 4 1 2 4 8
116 282 230 0 100 1 4 1 2 4 8
117 697 595 0  54 1 4 1 2 4 8
118 441 913 0  89 1 4 1 2 4 8
119  56 498 0  84 1 4 1 2 4 8
120 214 572 0  90 1 4 1 2 4 8
121 559 753 0  81 1 4 1 2 4 8
122 792 224 0  47 1 4 1 2 4 8
123 455  45 0  31 1 4 1 2 4 8
124 251 660 0  90 1 4 1 2 4 8
125 717 249 0  13 1 4 1 2 4 8
126 482 297 0  73 1 4 1 2 4 8
127 280 261 0   3 1 4 1 2 4 8
128 201 475 0  45 1 4 1 2 4 8
129 122 107 0  42 1 4 1 2 4 8
130  30 291 0 100 1 4 1 2 4 8
131 340 398 0  51 1 4 1 2 4 8
132 897 660 0  44 1 4 1 2 4 8
133 135 433 0  69 1 4 1 2 4 8
134 386 213 0  17 1 4 1 2 4 8
135 754 368 0  60 1 4 1 2 4 8
136 360  48 0  90 1 4 1 2 4 8
137 839 206 0   3 1 4 1 2 4 8
138 939 805 0  16 1 4 1 2 4 8
139 732 596 0   1 1 4 1 2 4 8
140 130 874 0  26 1 4 1 2 4 8
141 655 385 0  46 1 4 1 2 4 8
142 280 973 0  44 1 4 1 2 4 8
143 238 372 0   3 1 4 1 2 4 8
144 430 562 0  54 1 4 1 2 4 8
145  17 882 0   8 1 4 1 2 4 8
146 790 781 0  16 1 4 1 2 4 8
147 829 345 0  77 1 4 1 2 4 8
148 301 246 0  43 1 4 1 2 4 8
149 737 850 0  44 1 4 1 2 4 8
150 450 604 0  26 1 4 1 2 4 8
151  38 154 0  33 1 4 1 2 4 8
152  63 508 0  61 1 4 1 2 4 8
153 714 673 0  54 1 4 1 2 4 8
154 166 602 0  92 1 4 1 2 4 8
155 380 806 0 100 1 4 1 2 4 8
156 360 462 0   9 1 4 1 2 4 8
157 560 941 0  94 1 4 1 2 4 8
158  73 971 0  30 1 4 1 2 4 8
159 227  66 0  38 1 4 1 2 4 8
160 206 729 0   9 1 4 1 2 4 8
161 138 931 0  32 1 4 1 2 4 8
162  99 192 0  65 1 4 1 2 4 8
163 933 712 0  99 1 4 1 2 4 8
164  73 240 0  51 1 4 1 2 4 8
165 731 621 0  69 1 4 1 2 4 8
166 104 212 0  68 1 4 1 2 4 8
167 453 884 0  72 1 4 1 2 4 8
168 897 439 0   8 1 4 1 2 4 8
169 649 918 0  19 1 4 1 2 4 8
170 314 320 0   2 1 4 1 2 4 8
171 879  61 0  60 1 4 1 2 4 8
172 792 824 0  73 1 4 1 2 4 8
173 495 152 0  27 1 4 1 2 4 8
174 742 633 0   2 1 4 1 2 4 8
175 459 215 0  58 1 4 1 2 4 8
176 591 766 0  71 1 4 1 2 4 8
177 792 373 0  71 1 4 1 2 4 8
178 849 429 0  49 1 4 1 2 4 8
179 782 832 0  14 1 4 1 2 4 8
180 664 372 0   1 1 4 1 2 4 8
181 436 403 0  35 1 4 1 2 4 8
182 263 116 0  17 1 4 1 2 4 8
183 649 467 0  64 1 4 1 2 4 8
184 634  44 0  97 1 4 1 2 4 8
185 441 291 0  43 1 4 1 2 4 8
186 761 549 0   8 1 4 1 2 4 8
187 544 929 0  74 1 4 1 2 4 8
188 725 666 0  79 1 4 1 2 4 8
189 857 588 0  88 1 4 1 2 4 8
190 782 696 0   7 1 4 1 2 4 8
191  96 637 0  29 1 4 1 2 4 8
192  54 174 0  90 1 4 1 2 4 8
193 602 413 0  98 1 4 1 2 4 8
194 734  93 0  20 1 4 1 2 4 8
195 684 349 0  20 1 4 1 2 4 8
196 741 715 0  10 1 4 1 2 4 8
197 330 561 0  97 1 4 1 2 4 8
198 309 881 0  64 1 4 1 2 4 8
199 764 521 0  67 1 4 1 2 4 8
200 211 572 0  87 1 4 1 2 4 8
201 221 717 0   0 0 0
202 964 539 0   0 0 0
203 105 539 0   0 0 0
204  63 505 0   0 0 0
