2 63 207 4
0 241
0 241
0 241
0 241
  1 877 731 0  34 1 4 1 2 4 8
  2 504 277 0  97 1 4 1 2 4 8
  3 211 375 0  93 1 4 1 2 4 8
  4 650 677 0  77 1 4 1 2 4 8
  5 969 609 0  47 1 4 1 2 4 8
  6 948   9 0  48 1 4 1 2 4 8
  7 325  73 0  77 1 4 1 2 4 8
  8 827 532 0  53 1 4 1 2 4 8
  9 795  82 0  42 1 4 1 2 4 8
 10 619 640 0  89 1 4 1 2 4 8
 11 697 648 0   4 1 4 1 2 4 8
 12 700 379 0  70 1 4 1 2 4 8
 13 161 486 0   2 1 4 1 2 4 8
 14 528 236 0  25 1 4 1 2 4 8
 15 756 368 0  10 1 4 1 2 4 8
 16 543 106 0  47 1 4 1 2 4 8
 17 235 189 0  35 1 4 1 2 4 8
 18 136 517 0  93 1 4 1 2 4 8
 19 955 304 0  62 1 4 1 2 4 8
 20 661 834 0  11 1 4 1 2 4 8
 21 706 813 0  82 1 4 1 2 4 8
 22 527 720 0  47 1 4 1 2 4 8
 23 426 706 0  37 1 4 1 2 4 8
 24 153 686 0  52 1 4 1 2 4 8
 25 292 927 0  89 1 4 1 2 4 8
 26 765 147 0  85 1 4 1 2 4 8
 27  13   0 0  86 1 4 1 2 4 8
 28 329 251 0  31 1 4 1 2 4 8
 29 752 539 0  47 1 4 1 2 4 8
 30 314 196 0  69 1 4 1 2 4 8
 31 974 696 0  64 1 4 1 2 4 8
 32  92 445 0  73 1 4 1 2 4 8
 33 840 522 0  20 1 4 1 2 4 8
 34 564 895 0   9 1 4 1 2 4 8
 35   9 565 0  33 1 4 1 2 4 8
 36 734 415 0  48 1 4 1 2 4 8
 37 401 925 0  27 1 4 1 2 4 8
 38 952 630 0  23 1 4 1 2 4 8
 39 478 802 0  69 1 4 1 2 4 8
 40 220 668 0  76 1 4 1 2 4 8
 41 600 487 0  18 1 4 1 2 4 8
 42 995 185 0  25 1 4 1 2 4 8
 43 979 183 0  92 1 4 1 2 4 8
 44 913 379 0  82 1 4 1 2 4 8
 45 399 520 0  61 1 4 1 2 4 8
 46 466 553 0  64 1 4 1 2 4 8
 47 944 952 0  56 1 4 1 2 4 8
 48 195 426 0  72 1 4 1 2 4 8
 49  84 986 0  47 1 4 1 2 4 8
 50  78 480 0  57 1 4 1 2 4 8
 51 120 546 0  50 1 4 1 2 4 8
 52 761 867 0   7 1 4 1 2 4 8
 53 710 441 0   9 1 4 1 2 4 8
 54 156 280 0  32 1 4 1 2 4 8
 55 664 465 0  19 1 4 1 2 4 8
 56 893 931 0  46 1 4 1 2 4 8
 57 219 946 0  19 1 4 1 2 4 8
 58 118 827 0  30 1 4 1 2 4 8
 59 232 528 0  26 1 4 1 2 4 8
 60 896 620 0  46 1 4 1 2 4 8
 61 809 838 0  17 1 4 1 2 4 8
 62 360 894 0  23 1 4 1 2 4 8
 63 606 308 0  33 1 4 1 2 4 8
 64 903 990 0  83 1 4 1 2 4 8
 65 909 998 0  42 1 4 1 2 4 8
 66 523 192 0  60 1 4 1 2 4 8
 67 147 227 0  43 1 4 1 2 4 8
 68 234 879 0   9 1 4 1 2 4 8
 69 953 138 0  45 1 4 1 2 4 8
 70 981 930 0   6 1 4 1 2 4 8
 71 165 391 0  58 1 4 1 2 4 8
 72 505 127 0  68 1 4 1 2 4 8
 73 621 437 0  25 1 4 1 2 4 8
 74 457 125 0  10 1 4 1 2 4 8
 75 356 973 0   4 1 4 1 2 4 8
 76 908 663 0  91 1 4 1 2 4 8
 77 454 841 0  63 1 4 1 2 4 8
 78  37 251 0  30 1 4 1 2 4 8
 79  12 395 0  57 1 4 1 2 4 8
 80 624 446 0   7 1 4 1 2 4 8
 81 193 643 0  49 1 4 1 2 4 8
 82 865 394 0  38 1 4 1 2 4 8
 83 793  59 0  53 1 4 1 2 4 8
 84 161 857 0  25 1 4 1 2 4 8
 85 158 137 0   2 1 4 1 2 4 8
 86 368 156 0  84 1 4 1 2 4 8
 87 125 262 0  98 1 4 1 2 4 8
 88 460 891 0  81 1 4 1 2 4 8
 89 201   4 0  64 1 4 1 2 4 8
 90 738 118 0  65 1 4 1 2 4 8
 91 884 579 0  81 1 4 1 2 4 8
 92  61 768 0  86 1 4 1 2 4 8
 93 567 541 0  12 1 4 1 2 4 8
 94 601 223 0  86 1 4 1 2 4 8
 95 164 803 0  62 1 4 1 2 4 8
 96 432 232 0  89 1 4 1 2 4 8
 97 522 566 0  11 1 4 1 2 4 8
 98 863 594 0  73 1 4 1 2 4 8
 99 164 110 0  84 1 4 1 2 4 8
100 715 916 0  87 1 4 1 2 4 8
101 779 711 0  92 1 4 1 2 4 8
102 287 548 0  81 1 4 1 2 4 8
103 755 897 0  38 1 4 1 2 4 8
104 715  92 0  56 1 4 1 2 4 8
105   0 720 0  84 1 4 1 2 4 8
106 982 358 0  10 1 4 1 2 4 8
107 314 113 0  44 1 4 1 2 4 8
108 594 767 0  48 1 4 1 2 4 8
109 840 115 0  51 1 4 1 2 4 8
110 358 726 0   8 1 4 1 2 4 8
111 277 670 0  76 1 4 1 2 4 8
112 920 558 0  15 1 4 1 2 4 8
113 996 195 0  58 1 4 1 2 4 8
114 627 667 0  68 1 4 1 2 4 8
115  56 561 0   5 1 4 1 2 4 8
116 148  16 0  13 1 4 1 2 4 8
117 905  44 0  90 1 4 1 2 4 8
118 532 979 0  90 1 4 1 2 4 8
119 797 979 0  18 1 4 1 2 4 8
120 238 170 0   4 1 4 1 2 4 8
121 917 111 0  44 1 4 1 2 4 8
122 249 759 0  57 1 4 1 2 4 8
123  30 263 0  35 1 4 1 2 4 8
124 546 608 0  33 1 4 1 2 4 8
125 908 136 0  86 1 4 1 2 4 8
126 666  94 0  17 1 4 1 2 4 8
127 416 922 0   1 1 4 1 2 4 8
128 437 443 0  13 1 4 1 2 4 8
129 607 451 0  85 1 4 1 2 4 8
130  27 211 0 100 1 4 1 2 4 8
131 688  56 0  51 1 4 1 2 4 8
132 763 271 0  41 1 4 1 2 4 8
133 339 500 0  11 1 4 1 2 4 8
134 735 760 0  81 1 4 1 2 4 8
135 703 239 0  71 1 4 1 2 4 8
136 780 735 0  71 1 4 1 2 4 8
137 918 254 0   8 1 4 1 2 4 8
138 801  95 0   2 1 4 1 2 4 8
139 807 890 0   4 1 4 1 2 4 8
140 219 564 0  11 1 4 1 2 4 8
141 783 478 0  50 1 4 1 2 4 8
142 477 440 0  77 1 4 1 2 4 8
143 254 152 0  41 1 4 1 2 4 8
144 794 437 0  61 1 4 1 2 4 8
145 698 605 0  27 1 4 1 2 4 8
146 499 207 0  61 1 4 1 2 4 8
147  99 885 0  63 1 4 1 2 4 8
148 971 262 0  37 1 4 1 2 4 8
149 700 954 0  70 1 4 1 2 4 8
150 491 381 0  92 1 4 1 2 4 8
151 218 424 0   6 1 4 1 2 4 8
152 737 977 0  82 1 4 1 2 4 8
153 385 745 0  25 1 4 1 2 4 8
154 165 300 0  18 1 4 1 2 4 8
155 454  36 0  19 1 4 1 2 4 8
156 537 197 0  42 1 4 1 2 4 8
157 126 418 0  99 1 4 1 2 4 8
158   9 410 0  97 1 4 1 2 4 8
159 647 771 0  55 1 4 1 2 4 8
160  87 574 0  52 1 4 1 2 4 8
161 411 835 0  22 1 4 1 2 4 8
162 244 638 0  37 1 4 1 2 4 8
163 990 835 0  53 1 4 1 2 4 8
164 245 660 0  24 1 4 1 2 4 8
165 464 728 0  90 1 4 1 2 4 8
166 170 102 0  75 1 4 1 2 4 8
167 832 483 0  23 1 4 1 2 4 8
168 507 709 0  72 1 4 1 2 4 8
169 630 399 0  76 1 4 1 2 4 8
170  83 662 0  38 1 4 1 2 4 8
171 144 297 0  66 1 4 1 2 4 8
172 541 300 0  18 1 4 1 2 4 8
173 475 480 0   5 1 4 1 2 4 8
174  51 724 0  21 1 4 1 2 4 8
175 698 844 0  84 1 4 1 2 4 8
176 950 442 0  38 1 4 1 2 4 8
177 130 824 0  72 1 4 1 2 4 8
178 454 578 0  78 1 4 1 2 4 8
179 197 470 0  10 1 4 1 2 4 8
180 577 561 0  49 1 4 1 2 4 8
181 730 939 0  38 1 4 1 2 4 8
182 727 854 0  90 1 4 1 2 4 8
183 303 694 0  50 1 4 1 2 4 8
184 416 255 0  22 1 4 1 2 4 8
185 511 144 0  27 1 4 1 2 4 8
186 196 933 0  31 1 4 1 2 4 8
187 252 563 0  21 1 4 1 2 4 8
188 333 950 0  23 1 4 1 2 4 8
189 265 638 0  71 1 4 1 2 4 8
190 580 579 0  49 1 4 1 2 4 8
191   8   8 0  87 1 4 1 2 4 8
192 302 853 0  62 1 4 1 2 4 8
193 291 675 0  99 1 4 1 2 4 8
194  60 442 0  56 1 4 1 2 4 8
195 463 692 0  17 1 4 1 2 4 8
196  29 449 0  11 1 4 1 2 4 8
197  46 751 0  48 1 4 1 2 4 8
198 723 324 0  99 1 4 1 2 4 8
199 921 910 0  91 1 4 1 2 4 8
200 299  41 0  65 1 4 1 2 4 8
201 874 946 0  49 1 4 1 2 4 8
202  86  29 0  27 1 4 1 2 4 8
203 821 150 0  94 1 4 1 2 4 8
204 108  46 0 100 1 4 1 2 4 8
205 188 606 0  45 1 4 1 2 4 8
206 429  54 0   2 1 4 1 2 4 8
207 921 180 0  27 1 4 1 2 4 8
208 518 897 0   0 0 0
209 598 834 0   0 0 0
210 416  74 0   0 0 0
211 268 786 0   0 0 0
