2 69 288 4
0 233
0 233
0 233
0 233
  1 385  961 0  37 1 4 1 2 4 8
  2  51  541 0  75 1 4 1 2 4 8
  3 981  389 0  42 1 4 1 2 4 8
  4 868  137 0   2 1 4 1 2 4 8
  5 157  636 0  90 1 4 1 2 4 8
  6 565  999 0  25 1 4 1 2 4 8
  7 729  315 0  19 1 4 1 2 4 8
  8 514  394 0   6 1 4 1 2 4 8
  9 988  514 0  24 1 4 1 2 4 8
 10 336  423 0  55 1 4 1 2 4 8
 11 338  726 0  36 1 4 1 2 4 8
 12 268  349 0  23 1 4 1 2 4 8
 13 374  724 0  82 1 4 1 2 4 8
 14  33  880 0  38 1 4 1 2 4 8
 15 848  462 0  29 1 4 1 2 4 8
 16 192  861 0  27 1 4 1 2 4 8
 17 221  738 0  99 1 4 1 2 4 8
 18 197  497 0  51 1 4 1 2 4 8
 19 765  703 0  47 1 4 1 2 4 8
 20 699  749 0  73 1 4 1 2 4 8
 21 486   62 0  10 1 4 1 2 4 8
 22 694  414 0  87 1 4 1 2 4 8
 23 852   12 0  55 1 4 1 2 4 8
 24 671    4 0  12 1 4 1 2 4 8
 25 134  711 0  91 1 4 1 2 4 8
 26 994  597 0  63 1 4 1 2 4 8
 27 659  526 0  20 1 4 1 2 4 8
 28 275  216 0  82 1 4 1 2 4 8
 29 770  399 0  37 1 4 1 2 4 8
 30 751  481 0  70 1 4 1 2 4 8
 31 443  301 0  58 1 4 1 2 4 8
 32 894  778 0  88 1 4 1 2 4 8
 33 751  567 0  52 1 4 1 2 4 8
 34 292  875 0  39 1 4 1 2 4 8
 35 848  235 0  49 1 4 1 2 4 8
 36 514  679 0  86 1 4 1 2 4 8
 37 531  345 0  28 1 4 1 2 4 8
 38 371  745 0  47 1 4 1 2 4 8
 39  67  813 0  83 1 4 1 2 4 8
 40   0  169 0  21 1 4 1 2 4 8
 41 802  432 0  94 1 4 1 2 4 8
 42 844   13 0  35 1 4 1 2 4 8
 43 258  609 0  79 1 4 1 2 4 8
 44 994  775 0   3 1 4 1 2 4 8
 45  12  916 0   6 1 4 1 2 4 8
 46  98  685 0  88 1 4 1 2 4 8
 47 923  722 0  18 1 4 1 2 4 8
 48 322  803 0  92 1 4 1 2 4 8
 49 181  210 0  21 1 4 1 2 4 8
 50 590  236 0   3 1 4 1 2 4 8
 51 164  434 0  25 1 4 1 2 4 8
 52 265  607 0  70 1 4 1 2 4 8
 53 623  765 0  41 1 4 1 2 4 8
 54  62  306 0  75 1 4 1 2 4 8
 55 948  564 0  45 1 4 1 2 4 8
 56 473  561 0  60 1 4 1 2 4 8
 57 255  838 0  11 1 4 1 2 4 8
 58 702  939 0  25 1 4 1 2 4 8
 59 991  195 0  58 1 4 1 2 4 8
 60 168  106 0  49 1 4 1 2 4 8
 61 866  112 0  34 1 4 1 2 4 8
 62 632  891 0  21 1 4 1 2 4 8
 63 708  380 0  36 1 4 1 2 4 8
 64 278  738 0   3 1 4 1 2 4 8
 65  13  813 0  17 1 4 1 2 4 8
 66 752  796 0   4 1 4 1 2 4 8
 67 882  448 0  41 1 4 1 2 4 8
 68 828  980 0  21 1 4 1 2 4 8
 69 936  316 0  11 1 4 1 2 4 8
 70 939  600 0  27 1 4 1 2 4 8
 71 738  574 0  61 1 4 1 2 4 8
 72 415  779 0  24 1 4 1 2 4 8
 73 466  384 0  66 1 4 1 2 4 8
 74  94  298 0  94 1 4 1 2 4 8
 75  74  461 0  13 1 4 1 2 4 8
 76 643  347 0  52 1 4 1 2 4 8
 77 878  195 0  26 1 4 1 2 4 8
 78 640  404 0  51 1 4 1 2 4 8
 79 364   11 0  29 1 4 1 2 4 8
 80 167  196 0   9 1 4 1 2 4 8
 81 372  510 0  86 1 4 1 2 4 8
 82  47  724 0  86 1 4 1 2 4 8
 83 332    2 0  26 1 4 1 2 4 8
 84 826  194 0  43 1 4 1 2 4 8
 85 466  542 0  92 1 4 1 2 4 8
 86 404  644 0  20 1 4 1 2 4 8
 87 345  571 0  16 1 4 1 2 4 8
 88 210  529 0  89 1 4 1 2 4 8
 89 974  414 0  83 1 4 1 2 4 8
 90 422  362 0  37 1 4 1 2 4 8
 91 409   13 0  98 1 4 1 2 4 8
 92  68  382 0  82 1 4 1 2 4 8
 93 436   39 0  24 1 4 1 2 4 8
 94 980  956 0  71 1 4 1 2 4 8
 95 130  469 0  56 1 4 1 2 4 8
 96 897  949 0  85 1 4 1 2 4 8
 97  89   30 0  44 1 4 1 2 4 8
 98 284  330 0  72 1 4 1 2 4 8
 99 816  726 0  78 1 4 1 2 4 8
100 487  475 0  59 1 4 1 2 4 8
101 303   37 0  51 1 4 1 2 4 8
102 609  662 0  40 1 4 1 2 4 8
103 125  664 0  37 1 4 1 2 4 8
104 110  197 0  52 1 4 1 2 4 8
105  46  303 0   9 1 4 1 2 4 8
106 659  547 0  47 1 4 1 2 4 8
107 658  469 0  12 1 4 1 2 4 8
108 372  151 0  53 1 4 1 2 4 8
109 259  449 0  44 1 4 1 2 4 8
110  47  430 0  92 1 4 1 2 4 8
111 575    5 0  99 1 4 1 2 4 8
112 670  744 0  31 1 4 1 2 4 8
113 312  444 0  29 1 4 1 2 4 8
114 204  868 0  93 1 4 1 2 4 8
115 237  646 0  81 1 4 1 2 4 8
116  40  684 0  20 1 4 1 2 4 8
117 325  941 0  36 1 4 1 2 4 8
118 931    5 0  51 1 4 1 2 4 8
119 616  884 0  49 1 4 1 2 4 8
120 126  137 0  87 1 4 1 2 4 8
121 584  195 0  79 1 4 1 2 4 8
122  68  624 0  46 1 4 1 2 4 8
123 601  287 0  70 1 4 1 2 4 8
124 266  747 0  76 1 4 1 2 4 8
125 801  607 0   3 1 4 1 2 4 8
126 490  807 0   4 1 4 1 2 4 8
127 836  656 0  93 1 4 1 2 4 8
128 772  789 0  57 1 4 1 2 4 8
129 512  933 0  59 1 4 1 2 4 8
130 864   20 0   6 1 4 1 2 4 8
131 267  782 0  54 1 4 1 2 4 8
132 704  804 0  26 1 4 1 2 4 8
133 646  803 0  10 1 4 1 2 4 8
134 214  679 0  24 1 4 1 2 4 8
135 880  408 0  33 1 4 1 2 4 8
136   3  459 0   3 1 4 1 2 4 8
137 748  349 0  47 1 4 1 2 4 8
138 434  688 0  10 1 4 1 2 4 8
139  33  965 0  33 1 4 1 2 4 8
140 256  449 0  44 1 4 1 2 4 8
141 665  535 0  27 1 4 1 2 4 8
142 216  604 0  75 1 4 1 2 4 8
143 351  941 0  89 1 4 1 2 4 8
144 369  197 0  72 1 4 1 2 4 8
145 183  309 0  11 1 4 1 2 4 8
146 222  706 0  83 1 4 1 2 4 8
147 757   98 0  84 1 4 1 2 4 8
148 224   48 0  65 1 4 1 2 4 8
149 579  219 0  70 1 4 1 2 4 8
150 157  192 0   3 1 4 1 2 4 8
151  87   67 0  41 1 4 1 2 4 8
152 635  904 0  54 1 4 1 2 4 8
153  46    8 0  40 1 4 1 2 4 8
154 366  407 0  87 1 4 1 2 4 8
155 651  266 0  62 1 4 1 2 4 8
156 235  123 0  96 1 4 1 2 4 8
157  20  381 0  65 1 4 1 2 4 8
158 690  943 0  50 1 4 1 2 4 8
159 767  293 0  57 1 4 1 2 4 8
160 488  609 0  22 1 4 1 2 4 8
161 113  363 0  14 1 4 1 2 4 8
162 145  542 0  35 1 4 1 2 4 8
163 479   10 0  12 1 4 1 2 4 8
164 325  524 0  94 1 4 1 2 4 8
165 930  571 0  76 1 4 1 2 4 8
166  63  830 0  25 1 4 1 2 4 8
167 479  354 0  15 1 4 1 2 4 8
168 457  203 0  48 1 4 1 2 4 8
169 782  367 0  32 1 4 1 2 4 8
170 301  831 0  20 1 4 1 2 4 8
171 181  467 0  18 1 4 1 2 4 8
172 675  490 0   1 1 4 1 2 4 8
173 178  240 0  24 1 4 1 2 4 8
174 153  728 0  46 1 4 1 2 4 8
175 155  419 0  29 1 4 1 2 4 8
176 704  516 0  21 1 4 1 2 4 8
177 951   30 0  55 1 4 1 2 4 8
178 492  365 0  27 1 4 1 2 4 8
179 266  932 0  37 1 4 1 2 4 8
180 239  540 0  41 1 4 1 2 4 8
181 841  180 0   9 1 4 1 2 4 8
182 391  499 0  95 1 4 1 2 4 8
183 296  871 0  55 1 4 1 2 4 8
184 995  211 0  87 1 4 1 2 4 8
185 948  277 0   7 1 4 1 2 4 8
186  46  527 0   6 1 4 1 2 4 8
187 350  880 0   5 1 4 1 2 4 8
188 209  913 0  13 1 4 1 2 4 8
189 602  655 0  17 1 4 1 2 4 8
190 248  472 0  67 1 4 1 2 4 8
191 133  107 0  87 1 4 1 2 4 8
192 352  815 0  24 1 4 1 2 4 8
193 976  198 0  10 1 4 1 2 4 8
194 947  752 0  66 1 4 1 2 4 8
195 291  161 0  11 1 4 1 2 4 8
196 222  612 0  75 1 4 1 2 4 8
197 613   34 0  45 1 4 1 2 4 8
198 570  778 0  29 1 4 1 2 4 8
199 926  873 0   8 1 4 1 2 4 8
200 511  765 0  88 1 4 1 2 4 8
201 514  537 0  45 1 4 1 2 4 8
202 729  603 0  92 1 4 1 2 4 8
203 417  551 0  48 1 4 1 2 4 8
204 200  805 0  14 1 4 1 2 4 8
205 966  780 0  89 1 4 1 2 4 8
206 691  855 0  61 1 4 1 2 4 8
207 735  695 0   7 1 4 1 2 4 8
208 647  604 0  98 1 4 1 2 4 8
209 715  788 0  95 1 4 1 2 4 8
210 632  655 0  64 1 4 1 2 4 8
211 730  328 0  62 1 4 1 2 4 8
212 886  606 0  34 1 4 1 2 4 8
213   4  708 0  50 1 4 1 2 4 8
214 917  660 0  49 1 4 1 2 4 8
215 739  243 0  83 1 4 1 2 4 8
216 310  430 0  57 1 4 1 2 4 8
217 687  429 0  15 1 4 1 2 4 8
218 559  561 0  83 1 4 1 2 4 8
219 338  536 0   1 1 4 1 2 4 8
220 999  931 0  71 1 4 1 2 4 8
221 772 1000 0  94 1 4 1 2 4 8
222 484  468 0  29 1 4 1 2 4 8
223 706  644 0  99 1 4 1 2 4 8
224 449  239 0  23 1 4 1 2 4 8
225 959  827 0   3 1 4 1 2 4 8
226 641  205 0  86 1 4 1 2 4 8
227 797  992 0  98 1 4 1 2 4 8
228 710  690 0   2 1 4 1 2 4 8
229 364  835 0  88 1 4 1 2 4 8
230 977  383 0   2 1 4 1 2 4 8
231 577  276 0  25 1 4 1 2 4 8
232 570   43 0  85 1 4 1 2 4 8
233 992    7 0  50 1 4 1 2 4 8
234 698  427 0  59 1 4 1 2 4 8
235 289   34 0  11 1 4 1 2 4 8
236 702  614 0  24 1 4 1 2 4 8
237 857  186 0  75 1 4 1 2 4 8
238 466  625 0  59 1 4 1 2 4 8
239 980  711 0  51 1 4 1 2 4 8
240 244  691 0  31 1 4 1 2 4 8
241 550  625 0  36 1 4 1 2 4 8
242 716  643 0  56 1 4 1 2 4 8
243 539  442 0  88 1 4 1 2 4 8
244 923  478 0  22 1 4 1 2 4 8
245 318  169 0  99 1 4 1 2 4 8
246 494  579 0  12 1 4 1 2 4 8
247 930  689 0  63 1 4 1 2 4 8
248 453  693 0  27 1 4 1 2 4 8
249 995  685 0  43 1 4 1 2 4 8
250 148   36 0  97 1 4 1 2 4 8
251 164  745 0   6 1 4 1 2 4 8
252  27  488 0  39 1 4 1 2 4 8
253 628  617 0   1 1 4 1 2 4 8
254 522  605 0  88 1 4 1 2 4 8
255 511  975 0  93 1 4 1 2 4 8
256 818  616 0 100 1 4 1 2 4 8
257 236  777 0  40 1 4 1 2 4 8
258 394  624 0  42 1 4 1 2 4 8
259 611  584 0  23 1 4 1 2 4 8
260 199  589 0   9 1 4 1 2 4 8
261 956  965 0  67 1 4 1 2 4 8
262 649  377 0  45 1 4 1 2 4 8
263 758  236 0  15 1 4 1 2 4 8
264 295   86 0   7 1 4 1 2 4 8
265 963  448 0  36 1 4 1 2 4 8
266 628  285 0   5 1 4 1 2 4 8
267 132  679 0  43 1 4 1 2 4 8
268 415  279 0   6 1 4 1 2 4 8
269  46  762 0  87 1 4 1 2 4 8
270 761  729 0  35 1 4 1 2 4 8
271 229  575 0   9 1 4 1 2 4 8
272 720  996 0  82 1 4 1 2 4 8
273  88  927 0  17 1 4 1 2 4 8
274  36  603 0  56 1 4 1 2 4 8
275 195  903 0  85 1 4 1 2 4 8
276 877  369 0  91 1 4 1 2 4 8
277 192   90 0   4 1 4 1 2 4 8
278 232  808 0  19 1 4 1 2 4 8
279 573  839 0  51 1 4 1 2 4 8
280 640  256 0   6 1 4 1 2 4 8
281 714  377 0  81 1 4 1 2 4 8
282 314  720 0  98 1 4 1 2 4 8
283 662  620 0  91 1 4 1 2 4 8
284 236   53 0  96 1 4 1 2 4 8
285 926  192 0  88 1 4 1 2 4 8
286 891  207 0  76 1 4 1 2 4 8
287 264  912 0  88 1 4 1 2 4 8
288 725  882 0  25 1 4 1 2 4 8
289 512  618 0   0 0 0
290 257  677 0   0 0 0
291 780  329 0   0 0 0
292 220  474 0   0 0 0
