2 79 306 3
0 252
0 252
0 252
  1  527 862 0 100 1 3 1 2 4
  2  989 348 0  23 1 3 1 2 4
  3  924  93 0   5 1 3 1 2 4
  4  792 684 0  72 1 3 1 2 4
  5  426 710 0   3 1 3 1 2 4
  6 1000 435 0  63 1 3 1 2 4
  7  408 224 0  66 1 3 1 2 4
  8  581 703 0  96 1 3 1 2 4
  9  334 296 0  46 1 3 1 2 4
 10  206  87 0  54 1 3 1 2 4
 11  525 253 0  62 1 3 1 2 4
 12  956 259 0  94 1 3 1 2 4
 13  922 230 0  89 1 3 1 2 4
 14   19 124 0  26 1 3 1 2 4
 15  713 211 0  68 1 3 1 2 4
 16  102 229 0  89 1 3 1 2 4
 17  176 847 0  86 1 3 1 2 4
 18  941  81 0  11 1 3 1 2 4
 19  156 997 0  31 1 3 1 2 4
 20   65 527 0  84 1 3 1 2 4
 21  131 901 0  59 1 3 1 2 4
 22   23 419 0  96 1 3 1 2 4
 23  856 391 0  21 1 3 1 2 4
 24  747 932 0  89 1 3 1 2 4
 25  629  42 0  60 1 3 1 2 4
 26  328 946 0  63 1 3 1 2 4
 27   67 317 0  50 1 3 1 2 4
 28  131 777 0  75 1 3 1 2 4
 29  584 312 0  54 1 3 1 2 4
 30  484 244 0  27 1 3 1 2 4
 31  858 560 0  44 1 3 1 2 4
 32   56 909 0  68 1 3 1 2 4
 33  577 184 0  79 1 3 1 2 4
 34  392 606 0   3 1 3 1 2 4
 35  679  82 0  39 1 3 1 2 4
 36  290 324 0  25 1 3 1 2 4
 37  452 332 0  52 1 3 1 2 4
 38  134 475 0  85 1 3 1 2 4
 39  272 652 0   7 1 3 1 2 4
 40  904 972 0  74 1 3 1 2 4
 41  784 293 0   4 1 3 1 2 4
 42  831 256 0  21 1 3 1 2 4
 43  764 474 0  25 1 3 1 2 4
 44  775 425 0  62 1 3 1 2 4
 45  644 807 0  81 1 3 1 2 4
 46  208 996 0  98 1 3 1 2 4
 47  582 626 0  51 1 3 1 2 4
 48  477 558 0   6 1 3 1 2 4
 49  837 182 0  29 1 3 1 2 4
 50  649  83 0  69 1 3 1 2 4
 51   28 588 0  87 1 3 1 2 4
 52  773 151 0  10 1 3 1 2 4
 53  474 548 0   3 1 3 1 2 4
 54  208 965 0   9 1 3 1 2 4
 55  617 442 0  77 1 3 1 2 4
 56  599 192 0  46 1 3 1 2 4
 57  947 666 0  10 1 3 1 2 4
 58  518 154 0  31 1 3 1 2 4
 59   14 201 0  44 1 3 1 2 4
 60  958 573 0  21 1 3 1 2 4
 61  401 691 0  81 1 3 1 2 4
 62  218 786 0   9 1 3 1 2 4
 63  491 822 0  75 1 3 1 2 4
 64  164 357 0  40 1 3 1 2 4
 65  246 669 0   3 1 3 1 2 4
 66  832 842 0  56 1 3 1 2 4
 67  327 133 0  61 1 3 1 2 4
 68  691 404 0  27 1 3 1 2 4
 69  467 352 0  97 1 3 1 2 4
 70  884 527 0  68 1 3 1 2 4
 71  118  34 0  77 1 3 1 2 4
 72  364 445 0  24 1 3 1 2 4
 73  232 377 0  72 1 3 1 2 4
 74  712 447 0  48 1 3 1 2 4
 75   36 242 0  22 1 3 1 2 4
 76  327 272 0   3 1 3 1 2 4
 77  336 690 0  60 1 3 1 2 4
 78  721 724 0  78 1 3 1 2 4
 79  506 874 0  76 1 3 1 2 4
 80  969 524 0  81 1 3 1 2 4
 81  264 167 0  75 1 3 1 2 4
 82  402 968 0   3 1 3 1 2 4
 83  648 558 0  12 1 3 1 2 4
 84   12 371 0  31 1 3 1 2 4
 85  739 249 0  83 1 3 1 2 4
 86  343 191 0  45 1 3 1 2 4
 87  456 805 0  49 1 3 1 2 4
 88  667 286 0 100 1 3 1 2 4
 89  816 809 0  39 1 3 1 2 4
 90  750  93 0  50 1 3 1 2 4
 91  652 538 0  50 1 3 1 2 4
 92  621 377 0  48 1 3 1 2 4
 93  757 825 0  57 1 3 1 2 4
 94   32  19 0  43 1 3 1 2 4
 95  692 413 0  21 1 3 1 2 4
 96  820 146 0  63 1 3 1 2 4
 97  209 853 0  86 1 3 1 2 4
 98  907   2 0  67 1 3 1 2 4
 99  240 851 0  22 1 3 1 2 4
100   90  24 0  81 1 3 1 2 4
101  792 153 0  33 1 3 1 2 4
102  751 247 0  57 1 3 1 2 4
103  834 611 0  49 1 3 1 2 4
104  486 435 0  93 1 3 1 2 4
105  487 998 0  92 1 3 1 2 4
106  217 562 0  26 1 3 1 2 4
107  108 789 0  94 1 3 1 2 4
108   49 720 0  46 1 3 1 2 4
109  536 396 0  45 1 3 1 2 4
110  702 449 0   2 1 3 1 2 4
111   10 891 0   4 1 3 1 2 4
112  814 173 0  18 1 3 1 2 4
113  429 324 0  38 1 3 1 2 4
114  131 477 0  53 1 3 1 2 4
115  306 969 0  11 1 3 1 2 4
116  154 622 0  65 1 3 1 2 4
117  912 854 0  52 1 3 1 2 4
118  984  48 0  31 1 3 1 2 4
119  784 734 0  57 1 3 1 2 4
120  111 704 0  65 1 3 1 2 4
121  696 440 0  30 1 3 1 2 4
122   85 930 0  52 1 3 1 2 4
123  514 900 0  13 1 3 1 2 4
124  966 301 0  75 1 3 1 2 4
125   79 228 0  16 1 3 1 2 4
126  787 735 0  95 1 3 1 2 4
127  888 421 0  86 1 3 1 2 4
128  724 578 0  63 1 3 1 2 4
129  211 864 0  87 1 3 1 2 4
130  596 755 0  87 1 3 1 2 4
131  341 225 0  92 1 3 1 2 4
132  608 570 0  22 1 3 1 2 4
133  492 819 0  79 1 3 1 2 4
134  245 454 0  70 1 3 1 2 4
135  392 519 0  63 1 3 1 2 4
136  986 616 0  86 1 3 1 2 4
137  669 828 0  89 1 3 1 2 4
138  123 715 0  66 1 3 1 2 4
139  403 733 0   9 1 3 1 2 4
140   83 862 0  60 1 3 1 2 4
141  279 475 0  53 1 3 1 2 4
142  697 971 0   6 1 3 1 2 4
143  339 783 0  89 1 3 1 2 4
144  349  26 0  26 1 3 1 2 4
145  196 863 0  39 1 3 1 2 4
146  651 312 0  42 1 3 1 2 4
147  830 359 0  73 1 3 1 2 4
148  672 321 0  34 1 3 1 2 4
149  113 358 0  66 1 3 1 2 4
150  844 738 0  25 1 3 1 2 4
151  545 110 0  35 1 3 1 2 4
152  879  58 0  63 1 3 1 2 4
153  243 758 0  53 1 3 1 2 4
154  550 486 0  29 1 3 1 2 4
155  253 194 0  52 1 3 1 2 4
156  842 229 0  20 1 3 1 2 4
157  646 769 0  72 1 3 1 2 4
158  504 377 0  60 1 3 1 2 4
159  331 531 0  19 1 3 1 2 4
160  908 794 0  76 1 3 1 2 4
161  345 882 0  67 1 3 1 2 4
162  144 663 0  66 1 3 1 2 4
163  404 106 0  77 1 3 1 2 4
164  283 846 0  95 1 3 1 2 4
165   57 782 0  90 1 3 1 2 4
166  469 777 0  15 1 3 1 2 4
167  616 641 0  49 1 3 1 2 4
168  604 819 0  62 1 3 1 2 4
169  339 339 0  35 1 3 1 2 4
170  756 114 0   5 1 3 1 2 4
171  903 500 0   2 1 3 1 2 4
172  838 953 0  50 1 3 1 2 4
173  557 356 0  89 1 3 1 2 4
174   41 286 0  12 1 3 1 2 4
175  717 412 0  92 1 3 1 2 4
176  222 850 0  33 1 3 1 2 4
177  543 633 0  40 1 3 1 2 4
178  790  79 0  10 1 3 1 2 4
179  140 849 0  42 1 3 1 2 4
180  375 154 0  96 1 3 1 2 4
181  625 392 0  78 1 3 1 2 4
182  357 976 0  23 1 3 1 2 4
183   23 379 0  85 1 3 1 2 4
184  659 649 0  97 1 3 1 2 4
185  475 982 0  11 1 3 1 2 4
186  451 609 0  13 1 3 1 2 4
187   18 920 0  81 1 3 1 2 4
188  292 777 0  71 1 3 1 2 4
189  427 776 0  48 1 3 1 2 4
190  552 714 0  53 1 3 1 2 4
191  568 810 0  31 1 3 1 2 4
192  751 875 0  72 1 3 1 2 4
193  986 789 0  73 1 3 1 2 4
194  989 797 0  70 1 3 1 2 4
195  835 343 0  44 1 3 1 2 4
196   82  61 0   5 1 3 1 2 4
197  333 737 0  77 1 3 1 2 4
198  920 482 0  10 1 3 1 2 4
199  889 718 0  22 1 3 1 2 4
200  237 685 0   6 1 3 1 2 4
201  841 975 0  68 1 3 1 2 4
202  332 101 0  30 1 3 1 2 4
203  205 617 0  92 1 3 1 2 4
204  471 164 0  46 1 3 1 2 4
205  833 787 0  95 1 3 1 2 4
206  202 731 0  93 1 3 1 2 4
207   95 938 0  68 1 3 1 2 4
208  413 410 0   1 1 3 1 2 4
209  393 931 0  34 1 3 1 2 4
210  298 495 0  32 1 3 1 2 4
211  940 574 0  46 1 3 1 2 4
212  244  57 0 100 1 3 1 2 4
213  282  43 0  70 1 3 1 2 4
214  335 351 0  80 1 3 1 2 4
215  577 789 0  64 1 3 1 2 4
216   26 370 0  68 1 3 1 2 4
217  273 232 0  52 1 3 1 2 4
218  329 450 0  95 1 3 1 2 4
219  187 193 0  21 1 3 1 2 4
220  802 988 0  58 1 3 1 2 4
221    5 793 0 100 1 3 1 2 4
222  841 472 0  23 1 3 1 2 4
223  324 935 0   9 1 3 1 2 4
224  706 238 0  25 1 3 1 2 4
225  386  50 0  67 1 3 1 2 4
226  832 626 0  20 1 3 1 2 4
227  523 817 0  77 1 3 1 2 4
228  496 612 0   7 1 3 1 2 4
229  355 963 0  61 1 3 1 2 4
230  655 437 0  99 1 3 1 2 4
231  456 389 0  38 1 3 1 2 4
232  902 206 0  49 1 3 1 2 4
233  785 453 0  37 1 3 1 2 4
234  796 855 0  96 1 3 1 2 4
235  711 503 0  97 1 3 1 2 4
236   50 886 0  74 1 3 1 2 4
237  834 984 0  16 1 3 1 2 4
238  764 354 0  51 1 3 1 2 4
239  144 745 0  24 1 3 1 2 4
240  376 274 0  35 1 3 1 2 4
241  214 184 0  18 1 3 1 2 4
242  682 244 0  40 1 3 1 2 4
243   39 224 0   4 1 3 1 2 4
244  937 134 0  78 1 3 1 2 4
245  197 672 0  43 1 3 1 2 4
246  669 920 0  90 1 3 1 2 4
247  103 380 0  24 1 3 1 2 4
248  268 708 0  74 1 3 1 2 4
249  744 585 0  55 1 3 1 2 4
250  334 808 0  54 1 3 1 2 4
251   18 356 0  13 1 3 1 2 4
252  809 582 0  34 1 3 1 2 4
253   89 203 0  57 1 3 1 2 4
254   95  39 0  34 1 3 1 2 4
255  186 369 0  69 1 3 1 2 4
256  425  51 0  61 1 3 1 2 4
257  890 543 0  97 1 3 1 2 4
258  617 540 0  58 1 3 1 2 4
259  923 434 0  40 1 3 1 2 4
260  450 483 0  38 1 3 1 2 4
261   30 940 0   6 1 3 1 2 4
262  680  58 0  50 1 3 1 2 4
263   86  95 0  31 1 3 1 2 4
264  865 101 0  61 1 3 1 2 4
265  759 154 0  30 1 3 1 2 4
266  668 359 0  54 1 3 1 2 4
267  878 781 0  26 1 3 1 2 4
268  162 656 0  46 1 3 1 2 4
269  459 166 0  99 1 3 1 2 4
270  150 218 0  53 1 3 1 2 4
271  314 165 0  27 1 3 1 2 4
272  276 126 0  81 1 3 1 2 4
273  598 881 0  70 1 3 1 2 4
274   17 522 0  95 1 3 1 2 4
275  568 756 0  14 1 3 1 2 4
276  620 538 0   3 1 3 1 2 4
277  305 430 0  82 1 3 1 2 4
278  283  97 0   9 1 3 1 2 4
279  652 900 0  70 1 3 1 2 4
280  339 821 0  55 1 3 1 2 4
281  241 233 0  86 1 3 1 2 4
282  303 997 0  41 1 3 1 2 4
283  840 678 0  50 1 3 1 2 4
284  689 707 0   5 1 3 1 2 4
285  167 694 0  23 1 3 1 2 4
286  675 808 0  88 1 3 1 2 4
287  913 587 0  36 1 3 1 2 4
288  211 878 0  72 1 3 1 2 4
289  942 449 0  47 1 3 1 2 4
290   44 955 0  53 1 3 1 2 4
291  596 891 0  63 1 3 1 2 4
292  301 324 0  47 1 3 1 2 4
293  400 156 0  61 1 3 1 2 4
294  470 410 0  18 1 3 1 2 4
295  241 553 0  82 1 3 1 2 4
296  527 778 0  60 1 3 1 2 4
297  479 313 0  12 1 3 1 2 4
298  221 639 0  52 1 3 1 2 4
299  968 622 0  51 1 3 1 2 4
300  160 817 0  35 1 3 1 2 4
301  621 565 0  90 1 3 1 2 4
302  583  33 0  46 1 3 1 2 4
303  978 201 0  72 1 3 1 2 4
304  713 405 0  43 1 3 1 2 4
305  730 349 0  19 1 3 1 2 4
306  253 309 0  80 1 3 1 2 4
307  542 164 0   0 0 0
308  860 156 0   0 0 0
309  486 989 0   0 0 0
