2 51 314 6
0 243
0 243
0 243
0 243
0 243
0 243
  1  658  931 0  43 1 6 1 2 4 8 16 32
  2  699  486 0  55 1 6 1 2 4 8 16 32
  3  174  777 0  89 1 6 1 2 4 8 16 32
  4  501    6 0  38 1 6 1 2 4 8 16 32
  5  754  858 0  62 1 6 1 2 4 8 16 32
  6  223  466 0  67 1 6 1 2 4 8 16 32
  7  714  444 0   7 1 6 1 2 4 8 16 32
  8  511  724 0  81 1 6 1 2 4 8 16 32
  9  294  172 0  89 1 6 1 2 4 8 16 32
 10  371  344 0  22 1 6 1 2 4 8 16 32
 11  568  460 0  99 1 6 1 2 4 8 16 32
 12  218  497 0  84 1 6 1 2 4 8 16 32
 13  185  780 0  67 1 6 1 2 4 8 16 32
 14  974  108 0  63 1 6 1 2 4 8 16 32
 15  125  367 0  44 1 6 1 2 4 8 16 32
 16   24   89 0   5 1 6 1 2 4 8 16 32
 17  889  992 0  56 1 6 1 2 4 8 16 32
 18  370  359 0  85 1 6 1 2 4 8 16 32
 19  523  370 0   9 1 6 1 2 4 8 16 32
 20  226  187 0  97 1 6 1 2 4 8 16 32
 21  721  890 0   1 1 6 1 2 4 8 16 32
 22  136  997 0 100 1 6 1 2 4 8 16 32
 23  439  772 0  91 1 6 1 2 4 8 16 32
 24  949  176 0   7 1 6 1 2 4 8 16 32
 25   80  765 0  15 1 6 1 2 4 8 16 32
 26  556  997 0  64 1 6 1 2 4 8 16 32
 27  981  280 0  80 1 6 1 2 4 8 16 32
 28  757  917 0  62 1 6 1 2 4 8 16 32
 29  327  411 0  40 1 6 1 2 4 8 16 32
 30  173  742 0   3 1 6 1 2 4 8 16 32
 31  528  738 0  54 1 6 1 2 4 8 16 32
 32   64  708 0   7 1 6 1 2 4 8 16 32
 33  419  536 0  54 1 6 1 2 4 8 16 32
 34  805  849 0  31 1 6 1 2 4 8 16 32
 35  556  654 0  49 1 6 1 2 4 8 16 32
 36  684  877 0  11 1 6 1 2 4 8 16 32
 37  374  455 0  47 1 6 1 2 4 8 16 32
 38  282  147 0  49 1 6 1 2 4 8 16 32
 39  919  673 0  17 1 6 1 2 4 8 16 32
 40  111  420 0  30 1 6 1 2 4 8 16 32
 41  813  318 0  51 1 6 1 2 4 8 16 32
 42  822  457 0  93 1 6 1 2 4 8 16 32
 43  960  424 0  75 1 6 1 2 4 8 16 32
 44  190   12 0  81 1 6 1 2 4 8 16 32
 45  919  672 0   3 1 6 1 2 4 8 16 32
 46   81  488 0  84 1 6 1 2 4 8 16 32
 47  721  223 0  74 1 6 1 2 4 8 16 32
 48  785  255 0  47 1 6 1 2 4 8 16 32
 49  492  833 0  26 1 6 1 2 4 8 16 32
 50  383  115 0  73 1 6 1 2 4 8 16 32
 51  361  974 0  78 1 6 1 2 4 8 16 32
 52  232   31 0   4 1 6 1 2 4 8 16 32
 53  379  600 0  72 1 6 1 2 4 8 16 32
 54  133   76 0   1 1 6 1 2 4 8 16 32
 55  647  520 0   7 1 6 1 2 4 8 16 32
 56  516  999 0  50 1 6 1 2 4 8 16 32
 57  350  892 0  95 1 6 1 2 4 8 16 32
 58  297  696 0  44 1 6 1 2 4 8 16 32
 59  628  994 0  71 1 6 1 2 4 8 16 32
 60  642  178 0  18 1 6 1 2 4 8 16 32
 61  117  441 0   2 1 6 1 2 4 8 16 32
 62  849   10 0  84 1 6 1 2 4 8 16 32
 63  263  307 0  29 1 6 1 2 4 8 16 32
 64  695   41 0  11 1 6 1 2 4 8 16 32
 65  331  905 0  60 1 6 1 2 4 8 16 32
 66  404  699 0  99 1 6 1 2 4 8 16 32
 67  913  217 0  57 1 6 1 2 4 8 16 32
 68  104   44 0  45 1 6 1 2 4 8 16 32
 69  148  241 0  46 1 6 1 2 4 8 16 32
 70  585  804 0  81 1 6 1 2 4 8 16 32
 71  145  533 0  41 1 6 1 2 4 8 16 32
 72  459  585 0  46 1 6 1 2 4 8 16 32
 73  429  660 0  32 1 6 1 2 4 8 16 32
 74  925  198 0  43 1 6 1 2 4 8 16 32
 75  869   56 0  22 1 6 1 2 4 8 16 32
 76  977  305 0   7 1 6 1 2 4 8 16 32
 77  658  332 0  94 1 6 1 2 4 8 16 32
 78  671  531 0  41 1 6 1 2 4 8 16 32
 79  433  434 0  37 1 6 1 2 4 8 16 32
 80   19  224 0  58 1 6 1 2 4 8 16 32
 81  751  503 0  85 1 6 1 2 4 8 16 32
 82  884  521 0  69 1 6 1 2 4 8 16 32
 83  856  633 0  74 1 6 1 2 4 8 16 32
 84  354  792 0   2 1 6 1 2 4 8 16 32
 85  716  459 0  55 1 6 1 2 4 8 16 32
 86  995  641 0  76 1 6 1 2 4 8 16 32
 87  588  409 0  31 1 6 1 2 4 8 16 32
 88  746  562 0  19 1 6 1 2 4 8 16 32
 89  193   18 0  20 1 6 1 2 4 8 16 32
 90   58  602 0   5 1 6 1 2 4 8 16 32
 91  883  318 0  33 1 6 1 2 4 8 16 32
 92  414  569 0   5 1 6 1 2 4 8 16 32
 93   64  901 0  80 1 6 1 2 4 8 16 32
 94  176  608 0  86 1 6 1 2 4 8 16 32
 95  401  971 0  51 1 6 1 2 4 8 16 32
 96  203   20 0  98 1 6 1 2 4 8 16 32
 97  614  526 0   5 1 6 1 2 4 8 16 32
 98  625  904 0  20 1 6 1 2 4 8 16 32
 99  477   55 0  34 1 6 1 2 4 8 16 32
100  412  881 0  57 1 6 1 2 4 8 16 32
101  689  254 0  68 1 6 1 2 4 8 16 32
102  761  933 0  30 1 6 1 2 4 8 16 32
103  692  303 0  68 1 6 1 2 4 8 16 32
104  793  593 0  40 1 6 1 2 4 8 16 32
105  154  531 0  17 1 6 1 2 4 8 16 32
106   86  632 0  24 1 6 1 2 4 8 16 32
107  729  885 0  13 1 6 1 2 4 8 16 32
108  957  609 0  76 1 6 1 2 4 8 16 32
109  430  271 0  13 1 6 1 2 4 8 16 32
110  364  273 0  16 1 6 1 2 4 8 16 32
111  978  317 0   7 1 6 1 2 4 8 16 32
112  995   66 0  76 1 6 1 2 4 8 16 32
113   73  545 0  99 1 6 1 2 4 8 16 32
114  587  610 0  91 1 6 1 2 4 8 16 32
115  476  170 0  49 1 6 1 2 4 8 16 32
116   35  866 0   1 1 6 1 2 4 8 16 32
117  791  363 0  25 1 6 1 2 4 8 16 32
118  373  158 0  52 1 6 1 2 4 8 16 32
119   62  863 0  90 1 6 1 2 4 8 16 32
120  445  103 0   3 1 6 1 2 4 8 16 32
121  664  213 0  43 1 6 1 2 4 8 16 32
122  606  736 0  20 1 6 1 2 4 8 16 32
123  116  351 0  89 1 6 1 2 4 8 16 32
124  395  984 0   3 1 6 1 2 4 8 16 32
125  984  278 0  34 1 6 1 2 4 8 16 32
126   17  599 0  31 1 6 1 2 4 8 16 32
127  541  966 0   6 1 6 1 2 4 8 16 32
128  664  195 0  88 1 6 1 2 4 8 16 32
129  566  616 0  88 1 6 1 2 4 8 16 32
130  395  823 0   3 1 6 1 2 4 8 16 32
131  318  725 0  62 1 6 1 2 4 8 16 32
132  876  733 0  32 1 6 1 2 4 8 16 32
133  636  110 0   5 1 6 1 2 4 8 16 32
134  219  677 0  16 1 6 1 2 4 8 16 32
135  929  640 0   4 1 6 1 2 4 8 16 32
136  935  463 0  76 1 6 1 2 4 8 16 32
137  140  675 0  93 1 6 1 2 4 8 16 32
138  199  421 0   7 1 6 1 2 4 8 16 32
139  351  963 0  51 1 6 1 2 4 8 16 32
140  967  761 0  93 1 6 1 2 4 8 16 32
141  632  434 0   8 1 6 1 2 4 8 16 32
142  292  968 0  66 1 6 1 2 4 8 16 32
143  645  732 0  55 1 6 1 2 4 8 16 32
144  413  767 0  54 1 6 1 2 4 8 16 32
145  431  589 0  13 1 6 1 2 4 8 16 32
146  891  121 0  45 1 6 1 2 4 8 16 32
147  907  596 0   2 1 6 1 2 4 8 16 32
148  225  710 0  58 1 6 1 2 4 8 16 32
149  776  759 0  44 1 6 1 2 4 8 16 32
150  232  527 0  41 1 6 1 2 4 8 16 32
151  420  284 0  87 1 6 1 2 4 8 16 32
152  657  763 0  69 1 6 1 2 4 8 16 32
153  599  185 0  89 1 6 1 2 4 8 16 32
154  572  565 0  27 1 6 1 2 4 8 16 32
155  119  874 0  35 1 6 1 2 4 8 16 32
156  166  412 0  92 1 6 1 2 4 8 16 32
157  465  109 0  61 1 6 1 2 4 8 16 32
158  480  717 0  56 1 6 1 2 4 8 16 32
159  681  270 0  13 1 6 1 2 4 8 16 32
160  471  863 0  57 1 6 1 2 4 8 16 32
161  966  582 0  95 1 6 1 2 4 8 16 32
162  523  126 0  51 1 6 1 2 4 8 16 32
163  514  572 0  94 1 6 1 2 4 8 16 32
164  759  956 0  50 1 6 1 2 4 8 16 32
165  338  908 0  61 1 6 1 2 4 8 16 32
166  508  892 0  26 1 6 1 2 4 8 16 32
167  814  462 0  95 1 6 1 2 4 8 16 32
168  579  125 0  27 1 6 1 2 4 8 16 32
169  439  488 0   8 1 6 1 2 4 8 16 32
170  839  132 0  41 1 6 1 2 4 8 16 32
171  590  635 0  94 1 6 1 2 4 8 16 32
172  287  785 0  23 1 6 1 2 4 8 16 32
173  483  158 0  30 1 6 1 2 4 8 16 32
174  136   48 0  21 1 6 1 2 4 8 16 32
175  253  652 0  55 1 6 1 2 4 8 16 32
176  688  641 0  43 1 6 1 2 4 8 16 32
177  200  915 0  18 1 6 1 2 4 8 16 32
178  110  320 0  56 1 6 1 2 4 8 16 32
179  678  903 0  60 1 6 1 2 4 8 16 32
180  371  388 0  71 1 6 1 2 4 8 16 32
181  602  679 0  26 1 6 1 2 4 8 16 32
182   32  735 0  21 1 6 1 2 4 8 16 32
183  297   88 0  31 1 6 1 2 4 8 16 32
184  310  669 0  44 1 6 1 2 4 8 16 32
185  314  759 0  49 1 6 1 2 4 8 16 32
186  933  491 0   8 1 6 1 2 4 8 16 32
187  819  805 0  50 1 6 1 2 4 8 16 32
188  967  410 0  72 1 6 1 2 4 8 16 32
189  857  877 0  58 1 6 1 2 4 8 16 32
190  794   17 0  42 1 6 1 2 4 8 16 32
191  244  875 0  34 1 6 1 2 4 8 16 32
192    3  961 0  39 1 6 1 2 4 8 16 32
193  539  847 0  63 1 6 1 2 4 8 16 32
194  999  236 0  40 1 6 1 2 4 8 16 32
195 1000  442 0 100 1 6 1 2 4 8 16 32
196   30  317 0  91 1 6 1 2 4 8 16 32
197  775  917 0  51 1 6 1 2 4 8 16 32
198  773  313 0  92 1 6 1 2 4 8 16 32
199  776  846 0  97 1 6 1 2 4 8 16 32
200  585  435 0  60 1 6 1 2 4 8 16 32
201  888   83 0  39 1 6 1 2 4 8 16 32
202  426  262 0  27 1 6 1 2 4 8 16 32
203  552  745 0  13 1 6 1 2 4 8 16 32
204  371  650 0  88 1 6 1 2 4 8 16 32
205  164  761 0  34 1 6 1 2 4 8 16 32
206  245  703 0  48 1 6 1 2 4 8 16 32
207    5  849 0  14 1 6 1 2 4 8 16 32
208  238  850 0  57 1 6 1 2 4 8 16 32
209  232  546 0  47 1 6 1 2 4 8 16 32
210  683   24 0 100 1 6 1 2 4 8 16 32
211  486   10 0  83 1 6 1 2 4 8 16 32
212  361  130 0   5 1 6 1 2 4 8 16 32
213  917  199 0  10 1 6 1 2 4 8 16 32
214  393  164 0  84 1 6 1 2 4 8 16 32
215  114  811 0  44 1 6 1 2 4 8 16 32
216  622  790 0  54 1 6 1 2 4 8 16 32
217   60  521 0  80 1 6 1 2 4 8 16 32
218  305  280 0  90 1 6 1 2 4 8 16 32
219  969  380 0  11 1 6 1 2 4 8 16 32
220  361  779 0  79 1 6 1 2 4 8 16 32
221  852   81 0  44 1 6 1 2 4 8 16 32
222  853   73 0  48 1 6 1 2 4 8 16 32
223  500  650 0  20 1 6 1 2 4 8 16 32
224  798   86 0  31 1 6 1 2 4 8 16 32
225  126  632 0   3 1 6 1 2 4 8 16 32
226  167  532 0  39 1 6 1 2 4 8 16 32
227  418  897 0  97 1 6 1 2 4 8 16 32
228  317  646 0  12 1 6 1 2 4 8 16 32
229   28  684 0 100 1 6 1 2 4 8 16 32
230   27  160 0  65 1 6 1 2 4 8 16 32
231  218  166 0  15 1 6 1 2 4 8 16 32
232  692  724 0  86 1 6 1 2 4 8 16 32
233  363  447 0  97 1 6 1 2 4 8 16 32
234  535  112 0  44 1 6 1 2 4 8 16 32
235  130  381 0  83 1 6 1 2 4 8 16 32
236  715   71 0   5 1 6 1 2 4 8 16 32
237  420  521 0  29 1 6 1 2 4 8 16 32
238  417  771 0  55 1 6 1 2 4 8 16 32
239   99  311 0  29 1 6 1 2 4 8 16 32
240  193 1000 0  38 1 6 1 2 4 8 16 32
241   49  910 0   9 1 6 1 2 4 8 16 32
242  707  332 0  26 1 6 1 2 4 8 16 32
243  228   75 0  70 1 6 1 2 4 8 16 32
244  731  204 0  46 1 6 1 2 4 8 16 32
245  626  907 0  55 1 6 1 2 4 8 16 32
246  782  813 0  30 1 6 1 2 4 8 16 32
247  454  109 0  80 1 6 1 2 4 8 16 32
248  910  735 0  65 1 6 1 2 4 8 16 32
249  357  576 0  11 1 6 1 2 4 8 16 32
250  357  927 0 100 1 6 1 2 4 8 16 32
251   18  320 0  56 1 6 1 2 4 8 16 32
252   52  170 0  39 1 6 1 2 4 8 16 32
253  166  797 0   8 1 6 1 2 4 8 16 32
254  885  277 0  37 1 6 1 2 4 8 16 32
255  165  906 0   1 1 6 1 2 4 8 16 32
256  891  695 0  75 1 6 1 2 4 8 16 32
257  735  119 0  92 1 6 1 2 4 8 16 32
258  757  533 0  47 1 6 1 2 4 8 16 32
259  938  895 0  59 1 6 1 2 4 8 16 32
260  589  446 0  89 1 6 1 2 4 8 16 32
261  809  107 0  54 1 6 1 2 4 8 16 32
262   83  688 0  80 1 6 1 2 4 8 16 32
263  636  722 0  97 1 6 1 2 4 8 16 32
264  347  916 0  98 1 6 1 2 4 8 16 32
265  354  185 0  95 1 6 1 2 4 8 16 32
266  551  900 0  23 1 6 1 2 4 8 16 32
267  667  477 0  82 1 6 1 2 4 8 16 32
268  946   42 0  53 1 6 1 2 4 8 16 32
269   92  900 0  98 1 6 1 2 4 8 16 32
270  584  989 0  86 1 6 1 2 4 8 16 32
271  648  952 0  76 1 6 1 2 4 8 16 32
272  788  431 0  46 1 6 1 2 4 8 16 32
273   32  872 0  37 1 6 1 2 4 8 16 32
274  260  282 0  75 1 6 1 2 4 8 16 32
275  507  214 0  27 1 6 1 2 4 8 16 32
276  758  811 0  25 1 6 1 2 4 8 16 32
277  581  900 0  27 1 6 1 2 4 8 16 32
278   12  149 0  11 1 6 1 2 4 8 16 32
279  976   28 0  22 1 6 1 2 4 8 16 32
280  875  616 0  28 1 6 1 2 4 8 16 32
281  126  393 0  41 1 6 1 2 4 8 16 32
282  558  812 0  26 1 6 1 2 4 8 16 32
283  372  777 0  93 1 6 1 2 4 8 16 32
284  151  971 0  51 1 6 1 2 4 8 16 32
285  690  708 0  33 1 6 1 2 4 8 16 32
286  586  914 0  61 1 6 1 2 4 8 16 32
287  505  143 0   3 1 6 1 2 4 8 16 32
288  527  613 0  98 1 6 1 2 4 8 16 32
289  289   88 0   4 1 6 1 2 4 8 16 32
290  529   43 0  18 1 6 1 2 4 8 16 32
291  844  984 0  95 1 6 1 2 4 8 16 32
292  847  933 0  94 1 6 1 2 4 8 16 32
293  942  710 0  96 1 6 1 2 4 8 16 32
294  590  833 0  70 1 6 1 2 4 8 16 32
295  108  311 0  75 1 6 1 2 4 8 16 32
296    3  381 0  95 1 6 1 2 4 8 16 32
297  211  853 0  57 1 6 1 2 4 8 16 32
298  170  478 0  70 1 6 1 2 4 8 16 32
299  594  530 0   4 1 6 1 2 4 8 16 32
300  847  384 0  29 1 6 1 2 4 8 16 32
301   34  705 0  19 1 6 1 2 4 8 16 32
302  911  893 0  37 1 6 1 2 4 8 16 32
303  343  149 0 100 1 6 1 2 4 8 16 32
304  105  182 0  58 1 6 1 2 4 8 16 32
305  499  397 0  94 1 6 1 2 4 8 16 32
306  506   18 0  49 1 6 1 2 4 8 16 32
307  246   24 0  36 1 6 1 2 4 8 16 32
308    0  990 0  14 1 6 1 2 4 8 16 32
309   62  522 0  84 1 6 1 2 4 8 16 32
310  389  694 0  15 1 6 1 2 4 8 16 32
311  827  898 0  85 1 6 1 2 4 8 16 32
312  837    3 0  31 1 6 1 2 4 8 16 32
313  320  928 0  65 1 6 1 2 4 8 16 32
314  391    6 0  26 1 6 1 2 4 8 16 32
315  860  799 0   0 0 0
316  170  798 0   0 0 0
317  689  415 0   0 0 0
318  190   51 0   0 0 0
319  183   69 0   0 0 0
320  572  251 0   0 0 0
