2 50 355 6
0 243
0 243
0 243
0 243
0 243
0 243
  1 436 102 0  10 1 6 1 2 4 8 16 32
  2 279 237 0  34 1 6 1 2 4 8 16 32
  3  13 842 0  23 1 6 1 2 4 8 16 32
  4 259 871 0  33 1 6 1 2 4 8 16 32
  5 428 926 0  86 1 6 1 2 4 8 16 32
  6 525 767 0  96 1 6 1 2 4 8 16 32
  7  44 521 0  97 1 6 1 2 4 8 16 32
  8 430 165 0  52 1 6 1 2 4 8 16 32
  9 467 925 0  81 1 6 1 2 4 8 16 32
 10 998 649 0  15 1 6 1 2 4 8 16 32
 11 372 663 0  44 1 6 1 2 4 8 16 32
 12 876 691 0  53 1 6 1 2 4 8 16 32
 13 422 992 0  66 1 6 1 2 4 8 16 32
 14 791 693 0  45 1 6 1 2 4 8 16 32
 15 362 491 0  82 1 6 1 2 4 8 16 32
 16 352 336 0  85 1 6 1 2 4 8 16 32
 17 937 327 0  59 1 6 1 2 4 8 16 32
 18 719 256 0  72 1 6 1 2 4 8 16 32
 19  92 957 0  65 1 6 1 2 4 8 16 32
 20 542 406 0  16 1 6 1 2 4 8 16 32
 21 553 846 0   3 1 6 1 2 4 8 16 32
 22 314 639 0  71 1 6 1 2 4 8 16 32
 23 971 731 0  83 1 6 1 2 4 8 16 32
 24 868 142 0  31 1 6 1 2 4 8 16 32
 25 191 964 0  92 1 6 1 2 4 8 16 32
 26 865 612 0  15 1 6 1 2 4 8 16 32
 27 527 673 0  54 1 6 1 2 4 8 16 32
 28 987 233 0  59 1 6 1 2 4 8 16 32
 29 742 705 0  78 1 6 1 2 4 8 16 32
 30 714 917 0  22 1 6 1 2 4 8 16 32
 31 329 708 0  41 1 6 1 2 4 8 16 32
 32 340 617 0  35 1 6 1 2 4 8 16 32
 33 354 952 0  45 1 6 1 2 4 8 16 32
 34 140 778 0 100 1 6 1 2 4 8 16 32
 35 897 682 0  82 1 6 1 2 4 8 16 32
 36 483 502 0  78 1 6 1 2 4 8 16 32
 37  67 352 0  44 1 6 1 2 4 8 16 32
 38 634 856 0  60 1 6 1 2 4 8 16 32
 39 900 440 0   8 1 6 1 2 4 8 16 32
 40 884 969 0  59 1 6 1 2 4 8 16 32
 41 699 587 0  91 1 6 1 2 4 8 16 32
 42 805 875 0  17 1 6 1 2 4 8 16 32
 43 461   4 0  94 1 6 1 2 4 8 16 32
 44 542 395 0  68 1 6 1 2 4 8 16 32
 45  78 204 0  48 1 6 1 2 4 8 16 32
 46 834 372 0  90 1 6 1 2 4 8 16 32
 47 592 194 0  52 1 6 1 2 4 8 16 32
 48 189 668 0  15 1 6 1 2 4 8 16 32
 49 571 528 0  68 1 6 1 2 4 8 16 32
 50 318 410 0  29 1 6 1 2 4 8 16 32
 51  75 513 0  52 1 6 1 2 4 8 16 32
 52 228 152 0  57 1 6 1 2 4 8 16 32
 53 290 681 0  98 1 6 1 2 4 8 16 32
 54 180   4 0  88 1 6 1 2 4 8 16 32
 55 198 818 0  40 1 6 1 2 4 8 16 32
 56 955  77 0  67 1 6 1 2 4 8 16 32
 57 260 869 0  35 1 6 1 2 4 8 16 32
 58 624 564 0  53 1 6 1 2 4 8 16 32
 59 330 649 0  30 1 6 1 2 4 8 16 32
 60 360 356 0  52 1 6 1 2 4 8 16 32
 61 387  69 0  40 1 6 1 2 4 8 16 32
 62 767 687 0   1 1 6 1 2 4 8 16 32
 63 695  26 0  14 1 6 1 2 4 8 16 32
 64 237 700 0  14 1 6 1 2 4 8 16 32
 65 629  94 0  49 1 6 1 2 4 8 16 32
 66 979 659 0  29 1 6 1 2 4 8 16 32
 67 184 655 0  59 1 6 1 2 4 8 16 32
 68 514 768 0  66 1 6 1 2 4 8 16 32
 69 338 396 0  70 1 6 1 2 4 8 16 32
 70 555 133 0  88 1 6 1 2 4 8 16 32
 71 113 906 0  46 1 6 1 2 4 8 16 32
 72  92 928 0  17 1 6 1 2 4 8 16 32
 73 648 251 0  64 1 6 1 2 4 8 16 32
 74 850 261 0  19 1 6 1 2 4 8 16 32
 75 163 328 0  19 1 6 1 2 4 8 16 32
 76 418 582 0  63 1 6 1 2 4 8 16 32
 77 297 474 0  81 1 6 1 2 4 8 16 32
 78 485 970 0  70 1 6 1 2 4 8 16 32
 79 641 666 0  80 1 6 1 2 4 8 16 32
 80 255 723 0  13 1 6 1 2 4 8 16 32
 81 493 381 0  59 1 6 1 2 4 8 16 32
 82 332 325 0  61 1 6 1 2 4 8 16 32
 83 396 157 0  83 1 6 1 2 4 8 16 32
 84 501 789 0  63 1 6 1 2 4 8 16 32
 85 729 904 0  53 1 6 1 2 4 8 16 32
 86 710 320 0   8 1 6 1 2 4 8 16 32
 87 668 858 0  52 1 6 1 2 4 8 16 32
 88 915 754 0  96 1 6 1 2 4 8 16 32
 89 529 524 0  66 1 6 1 2 4 8 16 32
 90 614 442 0  60 1 6 1 2 4 8 16 32
 91  41 631 0  91 1 6 1 2 4 8 16 32
 92 994 443 0 100 1 6 1 2 4 8 16 32
 93 772 282 0  88 1 6 1 2 4 8 16 32
 94 464 169 0  63 1 6 1 2 4 8 16 32
 95 761 298 0  73 1 6 1 2 4 8 16 32
 96  72 138 0  43 1 6 1 2 4 8 16 32
 97 413  59 0  90 1 6 1 2 4 8 16 32
 98 729 590 0  27 1 6 1 2 4 8 16 32
 99 975 660 0  53 1 6 1 2 4 8 16 32
100 948 805 0  13 1 6 1 2 4 8 16 32
101 771 847 0  43 1 6 1 2 4 8 16 32
102 958 193 0  10 1 6 1 2 4 8 16 32
103 408 578 0  10 1 6 1 2 4 8 16 32
104 358 108 0  12 1 6 1 2 4 8 16 32
105 982 535 0  40 1 6 1 2 4 8 16 32
106 846 475 0  46 1 6 1 2 4 8 16 32
107 776 316 0  26 1 6 1 2 4 8 16 32
108 860 285 0  43 1 6 1 2 4 8 16 32
109 679 165 0  33 1 6 1 2 4 8 16 32
110 895 120 0  62 1 6 1 2 4 8 16 32
111 243 914 0  96 1 6 1 2 4 8 16 32
112 698 856 0   9 1 6 1 2 4 8 16 32
113 356 647 0   7 1 6 1 2 4 8 16 32
114 747 724 0  25 1 6 1 2 4 8 16 32
115 568 674 0   4 1 6 1 2 4 8 16 32
116 300 849 0 100 1 6 1 2 4 8 16 32
117  31 797 0  15 1 6 1 2 4 8 16 32
118 226 845 0  15 1 6 1 2 4 8 16 32
119 858 374 0  71 1 6 1 2 4 8 16 32
120 208 735 0  48 1 6 1 2 4 8 16 32
121 450 545 0  62 1 6 1 2 4 8 16 32
122 425 343 0  81 1 6 1 2 4 8 16 32
123  58  75 0  80 1 6 1 2 4 8 16 32
124 732 442 0   3 1 6 1 2 4 8 16 32
125 102 861 0  43 1 6 1 2 4 8 16 32
126 302 761 0  63 1 6 1 2 4 8 16 32
127 770 958 0   4 1 6 1 2 4 8 16 32
128 392 559 0  65 1 6 1 2 4 8 16 32
129 384 919 0  13 1 6 1 2 4 8 16 32
130  74 713 0  25 1 6 1 2 4 8 16 32
131 875 338 0  20 1 6 1 2 4 8 16 32
132 482 215 0  93 1 6 1 2 4 8 16 32
133 698 499 0  71 1 6 1 2 4 8 16 32
134 939 442 0  48 1 6 1 2 4 8 16 32
135 686 241 0  28 1 6 1 2 4 8 16 32
136 956 836 0  32 1 6 1 2 4 8 16 32
137 705 117 0  59 1 6 1 2 4 8 16 32
138  83 851 0  96 1 6 1 2 4 8 16 32
139 310 623 0  78 1 6 1 2 4 8 16 32
140 848 486 0  98 1 6 1 2 4 8 16 32
141 773 168 0  11 1 6 1 2 4 8 16 32
142 867 523 0  98 1 6 1 2 4 8 16 32
143 110 931 0  12 1 6 1 2 4 8 16 32
144 276 939 0  19 1 6 1 2 4 8 16 32
145 288 407 0  99 1 6 1 2 4 8 16 32
146  97 632 0   6 1 6 1 2 4 8 16 32
147 461 785 0  45 1 6 1 2 4 8 16 32
148 951 694 0  40 1 6 1 2 4 8 16 32
149 564 290 0  76 1 6 1 2 4 8 16 32
150 515 604 0  86 1 6 1 2 4 8 16 32
151 207 987 0  67 1 6 1 2 4 8 16 32
152 802 876 0  41 1 6 1 2 4 8 16 32
153 346 679 0  30 1 6 1 2 4 8 16 32
154 535  38 0  69 1 6 1 2 4 8 16 32
155 302 450 0  82 1 6 1 2 4 8 16 32
156 531 349 0  51 1 6 1 2 4 8 16 32
157 321 167 0  36 1 6 1 2 4 8 16 32
158 179 143 0  64 1 6 1 2 4 8 16 32
159 471 615 0   6 1 6 1 2 4 8 16 32
160  78  23 0   2 1 6 1 2 4 8 16 32
161 393 163 0  26 1 6 1 2 4 8 16 32
162  11 142 0  66 1 6 1 2 4 8 16 32
163 585 715 0  13 1 6 1 2 4 8 16 32
164 473 683 0  24 1 6 1 2 4 8 16 32
165 161 730 0  54 1 6 1 2 4 8 16 32
166 823 303 0  87 1 6 1 2 4 8 16 32
167 704 513 0  33 1 6 1 2 4 8 16 32
168 612 428 0   3 1 6 1 2 4 8 16 32
169 183 324 0  22 1 6 1 2 4 8 16 32
170  82 322 0  68 1 6 1 2 4 8 16 32
171 279 772 0  78 1 6 1 2 4 8 16 32
172 950 447 0  79 1 6 1 2 4 8 16 32
173 882 268 0  93 1 6 1 2 4 8 16 32
174 813 208 0  38 1 6 1 2 4 8 16 32
175 966 674 0  84 1 6 1 2 4 8 16 32
176 321 626 0  95 1 6 1 2 4 8 16 32
177 415 915 0  40 1 6 1 2 4 8 16 32
178 202 865 0  54 1 6 1 2 4 8 16 32
179 128 187 0  72 1 6 1 2 4 8 16 32
180 732 876 0  40 1 6 1 2 4 8 16 32
181 244 981 0  17 1 6 1 2 4 8 16 32
182 325 452 0  18 1 6 1 2 4 8 16 32
183 780 942 0  38 1 6 1 2 4 8 16 32
184  61 943 0   3 1 6 1 2 4 8 16 32
185 825 258 0  31 1 6 1 2 4 8 16 32
186 975  55 0  31 1 6 1 2 4 8 16 32
187 880 121 0  47 1 6 1 2 4 8 16 32
188 509 652 0  50 1 6 1 2 4 8 16 32
189  25 667 0  64 1 6 1 2 4 8 16 32
190 489 411 0  12 1 6 1 2 4 8 16 32
191 564 982 0  61 1 6 1 2 4 8 16 32
192 346 139 0  73 1 6 1 2 4 8 16 32
193 906 551 0  89 1 6 1 2 4 8 16 32
194  21 197 0  83 1 6 1 2 4 8 16 32
195 636 391 0  89 1 6 1 2 4 8 16 32
196 392 718 0  80 1 6 1 2 4 8 16 32
197 296 716 0  53 1 6 1 2 4 8 16 32
198 358 414 0  98 1 6 1 2 4 8 16 32
199 779 284 0  77 1 6 1 2 4 8 16 32
200 685  12 0   4 1 6 1 2 4 8 16 32
201 285 257 0 100 1 6 1 2 4 8 16 32
202 817 862 0  29 1 6 1 2 4 8 16 32
203  29 659 0  68 1 6 1 2 4 8 16 32
204 471 973 0   1 1 6 1 2 4 8 16 32
205 343 283 0  65 1 6 1 2 4 8 16 32
206 353 164 0   1 1 6 1 2 4 8 16 32
207 797 362 0  34 1 6 1 2 4 8 16 32
208 137 609 0  70 1 6 1 2 4 8 16 32
209 935 416 0   2 1 6 1 2 4 8 16 32
210 137 729 0  52 1 6 1 2 4 8 16 32
211 750 841 0  93 1 6 1 2 4 8 16 32
212  76  87 0  79 1 6 1 2 4 8 16 32
213 104 380 0   3 1 6 1 2 4 8 16 32
214 642 889 0  33 1 6 1 2 4 8 16 32
215  44 937 0  24 1 6 1 2 4 8 16 32
216 229 791 0  71 1 6 1 2 4 8 16 32
217 817 845 0  55 1 6 1 2 4 8 16 32
218 591 699 0   6 1 6 1 2 4 8 16 32
219 932 192 0   4 1 6 1 2 4 8 16 32
220 349 910 0  90 1 6 1 2 4 8 16 32
221 908 497 0  59 1 6 1 2 4 8 16 32
222 732 158 0  30 1 6 1 2 4 8 16 32
223 479  56 0  25 1 6 1 2 4 8 16 32
224 826 446 0  10 1 6 1 2 4 8 16 32
225 491 268 0  29 1 6 1 2 4 8 16 32
226 573  33 0  82 1 6 1 2 4 8 16 32
227  25 992 0  58 1 6 1 2 4 8 16 32
228 363 969 0  29 1 6 1 2 4 8 16 32
229 457 284 0  25 1 6 1 2 4 8 16 32
230 882 866 0   3 1 6 1 2 4 8 16 32
231 213 571 0  59 1 6 1 2 4 8 16 32
232 752 996 0   2 1 6 1 2 4 8 16 32
233 714 790 0  75 1 6 1 2 4 8 16 32
234 808 399 0  30 1 6 1 2 4 8 16 32
235 598 620 0  95 1 6 1 2 4 8 16 32
236 156 305 0  73 1 6 1 2 4 8 16 32
237 325 337 0  55 1 6 1 2 4 8 16 32
238 729 451 0  35 1 6 1 2 4 8 16 32
239 509 590 0  68 1 6 1 2 4 8 16 32
240 482 789 0  12 1 6 1 2 4 8 16 32
241 204 246 0  61 1 6 1 2 4 8 16 32
242 873 359 0  68 1 6 1 2 4 8 16 32
243  22 373 0  96 1 6 1 2 4 8 16 32
244 792 475 0  28 1 6 1 2 4 8 16 32
245 986 628 0  13 1 6 1 2 4 8 16 32
246 402 271 0  19 1 6 1 2 4 8 16 32
247 336 420 0  70 1 6 1 2 4 8 16 32
248  91 274 0  57 1 6 1 2 4 8 16 32
249 823  66 0   9 1 6 1 2 4 8 16 32
250 732 845 0  85 1 6 1 2 4 8 16 32
251 480 284 0  34 1 6 1 2 4 8 16 32
252 931 253 0  13 1 6 1 2 4 8 16 32
253 785 322 0  39 1 6 1 2 4 8 16 32
254 819 860 0  21 1 6 1 2 4 8 16 32
255 342 152 0  13 1 6 1 2 4 8 16 32
256 895 420 0  91 1 6 1 2 4 8 16 32
257 446 984 0  12 1 6 1 2 4 8 16 32
258  10 206 0  48 1 6 1 2 4 8 16 32
259 612  59 0  76 1 6 1 2 4 8 16 32
260 334 674 0  34 1 6 1 2 4 8 16 32
261 822 215 0  97 1 6 1 2 4 8 16 32
262 460 857 0  42 1 6 1 2 4 8 16 32
263 334 942 0  64 1 6 1 2 4 8 16 32
264 876 403 0  99 1 6 1 2 4 8 16 32
265 175 306 0  47 1 6 1 2 4 8 16 32
266 785 470 0   7 1 6 1 2 4 8 16 32
267 352 749 0  94 1 6 1 2 4 8 16 32
268  50 627 0  42 1 6 1 2 4 8 16 32
269 340  52 0  98 1 6 1 2 4 8 16 32
270 991 639 0  86 1 6 1 2 4 8 16 32
271 993  12 0   2 1 6 1 2 4 8 16 32
272 224 412 0  66 1 6 1 2 4 8 16 32
273 718 872 0  76 1 6 1 2 4 8 16 32
274 579 211 0  38 1 6 1 2 4 8 16 32
275 584 713 0  61 1 6 1 2 4 8 16 32
276 513 599 0  18 1 6 1 2 4 8 16 32
277 995 729 0  40 1 6 1 2 4 8 16 32
278 612 210 0  64 1 6 1 2 4 8 16 32
279  30 774 0  50 1 6 1 2 4 8 16 32
280 314 948 0  60 1 6 1 2 4 8 16 32
281 500 625 0  44 1 6 1 2 4 8 16 32
282 899 666 0  60 1 6 1 2 4 8 16 32
283 411 501 0   9 1 6 1 2 4 8 16 32
284  13 170 0  44 1 6 1 2 4 8 16 32
285 745 887 0  95 1 6 1 2 4 8 16 32
286  98 303 0   5 1 6 1 2 4 8 16 32
287 376 208 0  98 1 6 1 2 4 8 16 32
288 739  45 0   3 1 6 1 2 4 8 16 32
289 416 433 0  96 1 6 1 2 4 8 16 32
290 510  61 0  24 1 6 1 2 4 8 16 32
291 270 871 0  61 1 6 1 2 4 8 16 32
292 971 137 0  98 1 6 1 2 4 8 16 32
293 589 403 0  35 1 6 1 2 4 8 16 32
294 685 540 0  25 1 6 1 2 4 8 16 32
295 574 618 0  25 1 6 1 2 4 8 16 32
296  49 108 0  12 1 6 1 2 4 8 16 32
297 747 836 0   3 1 6 1 2 4 8 16 32
298 960 161 0 100 1 6 1 2 4 8 16 32
299 134 103 0  75 1 6 1 2 4 8 16 32
300 448 260 0  19 1 6 1 2 4 8 16 32
301 188 574 0  66 1 6 1 2 4 8 16 32
302 814 225 0  51 1 6 1 2 4 8 16 32
303 787 340 0  28 1 6 1 2 4 8 16 32
304 472 946 0  59 1 6 1 2 4 8 16 32
305 805 865 0  80 1 6 1 2 4 8 16 32
306 817 637 0  49 1 6 1 2 4 8 16 32
307 496  29 0   7 1 6 1 2 4 8 16 32
308 803 650 0  95 1 6 1 2 4 8 16 32
309 863 645 0  99 1 6 1 2 4 8 16 32
310 376 139 0   2 1 6 1 2 4 8 16 32
311  84   4 0  10 1 6 1 2 4 8 16 32
312 359 322 0  35 1 6 1 2 4 8 16 32
313 378 293 0  87 1 6 1 2 4 8 16 32
314 280 448 0  86 1 6 1 2 4 8 16 32
315 973 278 0  30 1 6 1 2 4 8 16 32
316 576 504 0  43 1 6 1 2 4 8 16 32
317 141 799 0  90 1 6 1 2 4 8 16 32
318 424 968 0  77 1 6 1 2 4 8 16 32
319 100 357 0   8 1 6 1 2 4 8 16 32
320 181 215 0  12 1 6 1 2 4 8 16 32
321 873 105 0  76 1 6 1 2 4 8 16 32
322 432 845 0   3 1 6 1 2 4 8 16 32
323 283 299 0  51 1 6 1 2 4 8 16 32
324 806 553 0  90 1 6 1 2 4 8 16 32
325 726 255 0  75 1 6 1 2 4 8 16 32
326 695  52 0  38 1 6 1 2 4 8 16 32
327 999  75 0  26 1 6 1 2 4 8 16 32
328 959 666 0  60 1 6 1 2 4 8 16 32
329 259 854 0  50 1 6 1 2 4 8 16 32
330 755 321 0  75 1 6 1 2 4 8 16 32
331 155 503 0  23 1 6 1 2 4 8 16 32
332 580 733 0  15 1 6 1 2 4 8 16 32
333 710 757 0  12 1 6 1 2 4 8 16 32
334 492 373 0  50 1 6 1 2 4 8 16 32
335 127 285 0  88 1 6 1 2 4 8 16 32
336 350 386 0  21 1 6 1 2 4 8 16 32
337 217 397 0   1 1 6 1 2 4 8 16 32
338 996 525 0  40 1 6 1 2 4 8 16 32
339 753 396 0  31 1 6 1 2 4 8 16 32
340 894 214 0  90 1 6 1 2 4 8 16 32
341 787 158 0  19 1 6 1 2 4 8 16 32
342 764 679 0   9 1 6 1 2 4 8 16 32
343 583 909 0  42 1 6 1 2 4 8 16 32
344 629 372 0  93 1 6 1 2 4 8 16 32
345 532 294 0  69 1 6 1 2 4 8 16 32
346 493 254 0  60 1 6 1 2 4 8 16 32
347 169 102 0  63 1 6 1 2 4 8 16 32
348 689 981 0  40 1 6 1 2 4 8 16 32
349 368 875 0  52 1 6 1 2 4 8 16 32
350 752 425 0  91 1 6 1 2 4 8 16 32
351 885 201 0  19 1 6 1 2 4 8 16 32
352 423 728 0  98 1 6 1 2 4 8 16 32
353 602 949 0  16 1 6 1 2 4 8 16 32
354  33  46 0  12 1 6 1 2 4 8 16 32
355 210 693 0   1 1 6 1 2 4 8 16 32
356 429 304 0   0 0 0
357 185 103 0   0 0 0
358 281  97 0   0 0 0
359 145 414 0   0 0 0
360 418 453 0   0 0 0
361 315 608 0   0 0 0
