2 68 367 5
0 248
0 248
0 248
0 248
0 248
  1  524 205 0  78 1 5 1 2 4 8 16
  2  147 199 0  99 1 5 1 2 4 8 16
  3   76 115 0  12 1 5 1 2 4 8 16
  4  863 957 0  62 1 5 1 2 4 8 16
  5   80 254 0  67 1 5 1 2 4 8 16
  6  168 229 0  91 1 5 1 2 4 8 16
  7  421 180 0  39 1 5 1 2 4 8 16
  8  894 845 0  25 1 5 1 2 4 8 16
  9  258 270 0  77 1 5 1 2 4 8 16
 10  774 788 0  61 1 5 1 2 4 8 16
 11  955 801 0  14 1 5 1 2 4 8 16
 12   40 196 0  48 1 5 1 2 4 8 16
 13  634 285 0  28 1 5 1 2 4 8 16
 14  980 857 0   4 1 5 1 2 4 8 16
 15  795 937 0  74 1 5 1 2 4 8 16
 16  206 390 0  82 1 5 1 2 4 8 16
 17  764 401 0  18 1 5 1 2 4 8 16
 18  754 344 0  11 1 5 1 2 4 8 16
 19   56 356 0  85 1 5 1 2 4 8 16
 20  460 414 0  79 1 5 1 2 4 8 16
 21  482 619 0  44 1 5 1 2 4 8 16
 22  897 723 0  70 1 5 1 2 4 8 16
 23  355 423 0  35 1 5 1 2 4 8 16
 24  156 743 0  74 1 5 1 2 4 8 16
 25  861 516 0  30 1 5 1 2 4 8 16
 26  367 803 0  69 1 5 1 2 4 8 16
 27  913 859 0  81 1 5 1 2 4 8 16
 28  378 362 0  97 1 5 1 2 4 8 16
 29  111  51 0  21 1 5 1 2 4 8 16
 30  249  69 0  85 1 5 1 2 4 8 16
 31  529 639 0  36 1 5 1 2 4 8 16
 32  227 202 0   5 1 5 1 2 4 8 16
 33  188 118 0  34 1 5 1 2 4 8 16
 34  752 551 0  23 1 5 1 2 4 8 16
 35  801 365 0  97 1 5 1 2 4 8 16
 36  666 423 0  51 1 5 1 2 4 8 16
 37  222 766 0  53 1 5 1 2 4 8 16
 38  493 696 0   7 1 5 1 2 4 8 16
 39  788 219 0  10 1 5 1 2 4 8 16
 40  415 955 0   4 1 5 1 2 4 8 16
 41   69 201 0  23 1 5 1 2 4 8 16
 42  966 794 0   9 1 5 1 2 4 8 16
 43  302  85 0  82 1 5 1 2 4 8 16
 44  332 401 0  15 1 5 1 2 4 8 16
 45  746 400 0  89 1 5 1 2 4 8 16
 46  527 319 0  56 1 5 1 2 4 8 16
 47    3 349 0  95 1 5 1 2 4 8 16
 48  772 875 0  33 1 5 1 2 4 8 16
 49  291 709 0  29 1 5 1 2 4 8 16
 50  540 565 0  52 1 5 1 2 4 8 16
 51  194 369 0  66 1 5 1 2 4 8 16
 52  671  87 0  51 1 5 1 2 4 8 16
 53  529 568 0  73 1 5 1 2 4 8 16
 54  449 847 0  99 1 5 1 2 4 8 16
 55  591 798 0  32 1 5 1 2 4 8 16
 56  652 210 0  98 1 5 1 2 4 8 16
 57  458 714 0  10 1 5 1 2 4 8 16
 58  547 482 0  54 1 5 1 2 4 8 16
 59  250 655 0  63 1 5 1 2 4 8 16
 60  425 797 0  79 1 5 1 2 4 8 16
 61  916 377 0 100 1 5 1 2 4 8 16
 62  605 420 0  48 1 5 1 2 4 8 16
 63  349 714 0  46 1 5 1 2 4 8 16
 64  926 553 0  46 1 5 1 2 4 8 16
 65  677 382 0  23 1 5 1 2 4 8 16
 66  597 983 0  38 1 5 1 2 4 8 16
 67  782 154 0  55 1 5 1 2 4 8 16
 68  684 925 0   3 1 5 1 2 4 8 16
 69  483 303 0  22 1 5 1 2 4 8 16
 70  478 353 0  32 1 5 1 2 4 8 16
 71  140 762 0  77 1 5 1 2 4 8 16
 72  256 750 0   6 1 5 1 2 4 8 16
 73  455  36 0  30 1 5 1 2 4 8 16
 74  146 924 0  10 1 5 1 2 4 8 16
 75  278 970 0  46 1 5 1 2 4 8 16
 76  272 286 0  28 1 5 1 2 4 8 16
 77  425 964 0  19 1 5 1 2 4 8 16
 78  893 308 0   6 1 5 1 2 4 8 16
 79  153 454 0   5 1 5 1 2 4 8 16
 80  567 213 0  44 1 5 1 2 4 8 16
 81  407 931 0  15 1 5 1 2 4 8 16
 82  777 847 0  58 1 5 1 2 4 8 16
 83  374 890 0   5 1 5 1 2 4 8 16
 84  111 474 0  84 1 5 1 2 4 8 16
 85  716 666 0  70 1 5 1 2 4 8 16
 86  951 659 0  57 1 5 1 2 4 8 16
 87  170  63 0  42 1 5 1 2 4 8 16
 88   54 714 0  24 1 5 1 2 4 8 16
 89  973 974 0  54 1 5 1 2 4 8 16
 90  117 302 0  84 1 5 1 2 4 8 16
 91  761 179 0  81 1 5 1 2 4 8 16
 92  796 819 0  81 1 5 1 2 4 8 16
 93   78 203 0  47 1 5 1 2 4 8 16
 94  534 848 0  78 1 5 1 2 4 8 16
 95  563  38 0  97 1 5 1 2 4 8 16
 96  583  73 0  80 1 5 1 2 4 8 16
 97  111 697 0  28 1 5 1 2 4 8 16
 98  298 678 0  58 1 5 1 2 4 8 16
 99  898 325 0  48 1 5 1 2 4 8 16
100  728 289 0  73 1 5 1 2 4 8 16
101 1000 568 0  22 1 5 1 2 4 8 16
102  621 823 0  21 1 5 1 2 4 8 16
103  891  83 0  25 1 5 1 2 4 8 16
104  464  90 0  43 1 5 1 2 4 8 16
105  717 246 0  16 1 5 1 2 4 8 16
106  539 385 0  26 1 5 1 2 4 8 16
107  710 657 0  88 1 5 1 2 4 8 16
108  468 632 0  19 1 5 1 2 4 8 16
109  840 116 0  72 1 5 1 2 4 8 16
110  230 216 0  10 1 5 1 2 4 8 16
111  467 345 0  91 1 5 1 2 4 8 16
112  891 787 0   7 1 5 1 2 4 8 16
113  607 706 0  64 1 5 1 2 4 8 16
114  785 732 0  86 1 5 1 2 4 8 16
115  756 901 0  90 1 5 1 2 4 8 16
116  760 429 0  54 1 5 1 2 4 8 16
117  673 683 0  30 1 5 1 2 4 8 16
118  150 109 0  22 1 5 1 2 4 8 16
119  929 489 0   5 1 5 1 2 4 8 16
120  179 611 0  35 1 5 1 2 4 8 16
121  867 314 0  69 1 5 1 2 4 8 16
122  973 338 0  68 1 5 1 2 4 8 16
123  557 940 0  48 1 5 1 2 4 8 16
124  941 767 0  18 1 5 1 2 4 8 16
125  511 819 0  14 1 5 1 2 4 8 16
126  622 950 0  25 1 5 1 2 4 8 16
127  941 132 0  86 1 5 1 2 4 8 16
128  564 845 0 100 1 5 1 2 4 8 16
129  259 897 0  19 1 5 1 2 4 8 16
130  866  42 0  17 1 5 1 2 4 8 16
131  355 826 0  82 1 5 1 2 4 8 16
132  740 444 0  74 1 5 1 2 4 8 16
133  752 471 0  10 1 5 1 2 4 8 16
134  404   5 0  81 1 5 1 2 4 8 16
135  147 191 0  82 1 5 1 2 4 8 16
136  658 279 0  42 1 5 1 2 4 8 16
137  871  99 0  21 1 5 1 2 4 8 16
138  267 464 0  69 1 5 1 2 4 8 16
139  262 371 0  18 1 5 1 2 4 8 16
140  887 112 0  82 1 5 1 2 4 8 16
141  643 739 0  96 1 5 1 2 4 8 16
142  506 612 0  48 1 5 1 2 4 8 16
143  790 280 0  49 1 5 1 2 4 8 16
144  284 339 0  48 1 5 1 2 4 8 16
145  332 936 0  40 1 5 1 2 4 8 16
146  447 852 0  84 1 5 1 2 4 8 16
147  767 503 0  11 1 5 1 2 4 8 16
148    8 269 0  70 1 5 1 2 4 8 16
149  667 119 0  37 1 5 1 2 4 8 16
150  688 804 0  53 1 5 1 2 4 8 16
151  406 854 0   6 1 5 1 2 4 8 16
152  437 528 0   2 1 5 1 2 4 8 16
153  769 370 0  59 1 5 1 2 4 8 16
154  869 715 0   6 1 5 1 2 4 8 16
155  256 644 0  69 1 5 1 2 4 8 16
156  938 127 0  51 1 5 1 2 4 8 16
157  656 148 0  62 1 5 1 2 4 8 16
158  917  73 0  79 1 5 1 2 4 8 16
159  384  75 0   2 1 5 1 2 4 8 16
160  785 555 0  67 1 5 1 2 4 8 16
161  249 930 0  87 1 5 1 2 4 8 16
162  722 502 0  52 1 5 1 2 4 8 16
163  602 364 0  38 1 5 1 2 4 8 16
164  425 477 0  99 1 5 1 2 4 8 16
165  494  16 0  43 1 5 1 2 4 8 16
166  855 442 0  45 1 5 1 2 4 8 16
167  251 870 0   4 1 5 1 2 4 8 16
168  999 639 0  88 1 5 1 2 4 8 16
169  572 103 0   8 1 5 1 2 4 8 16
170    7 664 0  73 1 5 1 2 4 8 16
171  749 544 0  51 1 5 1 2 4 8 16
172  373 454 0  22 1 5 1 2 4 8 16
173   66 114 0  19 1 5 1 2 4 8 16
174   59 558 0  48 1 5 1 2 4 8 16
175  608 434 0   1 1 5 1 2 4 8 16
176  459 970 0  74 1 5 1 2 4 8 16
177  742 541 0  32 1 5 1 2 4 8 16
178  430 594 0  48 1 5 1 2 4 8 16
179  236  99 0  90 1 5 1 2 4 8 16
180  518 808 0  64 1 5 1 2 4 8 16
181   22 308 0   7 1 5 1 2 4 8 16
182  675 473 0  53 1 5 1 2 4 8 16
183  203 226 0  84 1 5 1 2 4 8 16
184  652 197 0  86 1 5 1 2 4 8 16
185  677 325 0  26 1 5 1 2 4 8 16
186  257 885 0  58 1 5 1 2 4 8 16
187  624 743 0  11 1 5 1 2 4 8 16
188  439 107 0  85 1 5 1 2 4 8 16
189   43 629 0  88 1 5 1 2 4 8 16
190  206 510 0  38 1 5 1 2 4 8 16
191  771 170 0  40 1 5 1 2 4 8 16
192  699 827 0  34 1 5 1 2 4 8 16
193  905 536 0  92 1 5 1 2 4 8 16
194  201 576 0  71 1 5 1 2 4 8 16
195  116  50 0  47 1 5 1 2 4 8 16
196  157 792 0  50 1 5 1 2 4 8 16
197  372 740 0  53 1 5 1 2 4 8 16
198  123  79 0  74 1 5 1 2 4 8 16
199  633 304 0  12 1 5 1 2 4 8 16
200  419  57 0  41 1 5 1 2 4 8 16
201  586 823 0   3 1 5 1 2 4 8 16
202  781 174 0  50 1 5 1 2 4 8 16
203   46 942 0  82 1 5 1 2 4 8 16
204  404 502 0  27 1 5 1 2 4 8 16
205   15 597 0  58 1 5 1 2 4 8 16
206  873 625 0   4 1 5 1 2 4 8 16
207  932 238 0  94 1 5 1 2 4 8 16
208  791 730 0  17 1 5 1 2 4 8 16
209  650 367 0   5 1 5 1 2 4 8 16
210  917 185 0  92 1 5 1 2 4 8 16
211  392 346 0  33 1 5 1 2 4 8 16
212  265 936 0  58 1 5 1 2 4 8 16
213  465 944 0  21 1 5 1 2 4 8 16
214  745 704 0  53 1 5 1 2 4 8 16
215  188 451 0  32 1 5 1 2 4 8 16
216  650 910 0  80 1 5 1 2 4 8 16
217  227 406 0  75 1 5 1 2 4 8 16
218  804 207 0  70 1 5 1 2 4 8 16
219  221 753 0  80 1 5 1 2 4 8 16
220  540 125 0  89 1 5 1 2 4 8 16
221  305 441 0  31 1 5 1 2 4 8 16
222   88 918 0  39 1 5 1 2 4 8 16
223  539 192 0  84 1 5 1 2 4 8 16
224   99 224 0  74 1 5 1 2 4 8 16
225  517 318 0  74 1 5 1 2 4 8 16
226  706 721 0  99 1 5 1 2 4 8 16
227  640  13 0  61 1 5 1 2 4 8 16
228  499 247 0  12 1 5 1 2 4 8 16
229  827 724 0   6 1 5 1 2 4 8 16
230  274 757 0  39 1 5 1 2 4 8 16
231   72 368 0  92 1 5 1 2 4 8 16
232  382 799 0  28 1 5 1 2 4 8 16
233  129 701 0  65 1 5 1 2 4 8 16
234  962 662 0  76 1 5 1 2 4 8 16
235  683 741 0  45 1 5 1 2 4 8 16
236  100 944 0   1 1 5 1 2 4 8 16
237  460 923 0  40 1 5 1 2 4 8 16
238  804 216 0  30 1 5 1 2 4 8 16
239  125  34 0  21 1 5 1 2 4 8 16
240  914 312 0  37 1 5 1 2 4 8 16
241  372 499 0  81 1 5 1 2 4 8 16
242  240 293 0 100 1 5 1 2 4 8 16
243  940 478 0  56 1 5 1 2 4 8 16
244   38 677 0  80 1 5 1 2 4 8 16
245  456 798 0  33 1 5 1 2 4 8 16
246  757 290 0  19 1 5 1 2 4 8 16
247  478 798 0  75 1 5 1 2 4 8 16
248  991 700 0 100 1 5 1 2 4 8 16
249   80 351 0  34 1 5 1 2 4 8 16
250  678  39 0  78 1 5 1 2 4 8 16
251  312 481 0  48 1 5 1 2 4 8 16
252   15 272 0   7 1 5 1 2 4 8 16
253  406 678 0  97 1 5 1 2 4 8 16
254   62 739 0  24 1 5 1 2 4 8 16
255  959 835 0  34 1 5 1 2 4 8 16
256  620 882 0  95 1 5 1 2 4 8 16
257  462 677 0  72 1 5 1 2 4 8 16
258  900  75 0  14 1 5 1 2 4 8 16
259  521 944 0  46 1 5 1 2 4 8 16
260  116   7 0  40 1 5 1 2 4 8 16
261  644 106 0  60 1 5 1 2 4 8 16
262  586 447 0  53 1 5 1 2 4 8 16
263  799 546 0  76 1 5 1 2 4 8 16
264  504 251 0  92 1 5 1 2 4 8 16
265  300 982 0  87 1 5 1 2 4 8 16
266  428 772 0  77 1 5 1 2 4 8 16
267  839  84 0  19 1 5 1 2 4 8 16
268  568  17 0  54 1 5 1 2 4 8 16
269    5 314 0   6 1 5 1 2 4 8 16
270  233 270 0  23 1 5 1 2 4 8 16
271  293  48 0  37 1 5 1 2 4 8 16
272  589 843 0  74 1 5 1 2 4 8 16
273  245 559 0  93 1 5 1 2 4 8 16
274  428 482 0 100 1 5 1 2 4 8 16
275  531 578 0   7 1 5 1 2 4 8 16
276  795 689 0  49 1 5 1 2 4 8 16
277  744 329 0  64 1 5 1 2 4 8 16
278  448 438 0  86 1 5 1 2 4 8 16
279  437 559 0  60 1 5 1 2 4 8 16
280  809 954 0  61 1 5 1 2 4 8 16
281  577 733 0  39 1 5 1 2 4 8 16
282  301 511 0  28 1 5 1 2 4 8 16
283  324 602 0  84 1 5 1 2 4 8 16
284  432 559 0  29 1 5 1 2 4 8 16
285  446 128 0  33 1 5 1 2 4 8 16
286  527 649 0   2 1 5 1 2 4 8 16
287  858 310 0   5 1 5 1 2 4 8 16
288   79 645 0  40 1 5 1 2 4 8 16
289  463 115 0  62 1 5 1 2 4 8 16
290  150 822 0  41 1 5 1 2 4 8 16
291   30 466 0  29 1 5 1 2 4 8 16
292  181 670 0  15 1 5 1 2 4 8 16
293  335 568 0  86 1 5 1 2 4 8 16
294  579 367 0  26 1 5 1 2 4 8 16
295   79 550 0  69 1 5 1 2 4 8 16
296  540 930 0  46 1 5 1 2 4 8 16
297  931  15 0  73 1 5 1 2 4 8 16
298  489  90 0   5 1 5 1 2 4 8 16
299   96 648 0  55 1 5 1 2 4 8 16
300  568 848 0  24 1 5 1 2 4 8 16
301  817 652 0  20 1 5 1 2 4 8 16
302  381 803 0  42 1 5 1 2 4 8 16
303   10 370 0  39 1 5 1 2 4 8 16
304  167 232 0  20 1 5 1 2 4 8 16
305  484 425 0  78 1 5 1 2 4 8 16
306  681 834 0  84 1 5 1 2 4 8 16
307  691  83 0  34 1 5 1 2 4 8 16
308  499  90 0  15 1 5 1 2 4 8 16
309  528  94 0  38 1 5 1 2 4 8 16
310  146 731 0  62 1 5 1 2 4 8 16
311  785  47 0  60 1 5 1 2 4 8 16
312  392 711 0  90 1 5 1 2 4 8 16
313   90 612 0  57 1 5 1 2 4 8 16
314  490 703 0  16 1 5 1 2 4 8 16
315  488 929 0  80 1 5 1 2 4 8 16
316  849 223 0  76 1 5 1 2 4 8 16
317  392 392 0  48 1 5 1 2 4 8 16
318  156 905 0  47 1 5 1 2 4 8 16
319  690 290 0  43 1 5 1 2 4 8 16
320  460 773 0 100 1 5 1 2 4 8 16
321  448 568 0  48 1 5 1 2 4 8 16
322  183  55 0  62 1 5 1 2 4 8 16
323  602 787 0 100 1 5 1 2 4 8 16
324  655 290 0  49 1 5 1 2 4 8 16
325  276 342 0  80 1 5 1 2 4 8 16
326  881  37 0  56 1 5 1 2 4 8 16
327  950 151 0  68 1 5 1 2 4 8 16
328  826 928 0  28 1 5 1 2 4 8 16
329  632 535 0  34 1 5 1 2 4 8 16
330  401 886 0  20 1 5 1 2 4 8 16
331  921  57 0  87 1 5 1 2 4 8 16
332  652  51 0  69 1 5 1 2 4 8 16
333  389 490 0  98 1 5 1 2 4 8 16
334  485 401 0  20 1 5 1 2 4 8 16
335  466 239 0  84 1 5 1 2 4 8 16
336  961 824 0  93 1 5 1 2 4 8 16
337  158 813 0  86 1 5 1 2 4 8 16
338  210 117 0  69 1 5 1 2 4 8 16
339  647   7 0  46 1 5 1 2 4 8 16
340  259 825 0  60 1 5 1 2 4 8 16
341  416 390 0  17 1 5 1 2 4 8 16
342  645 116 0   6 1 5 1 2 4 8 16
343  978 859 0  97 1 5 1 2 4 8 16
344   67 562 0  41 1 5 1 2 4 8 16
345  949 146 0  90 1 5 1 2 4 8 16
346  902 487 0  74 1 5 1 2 4 8 16
347  924 647 0  34 1 5 1 2 4 8 16
348  843 832 0  14 1 5 1 2 4 8 16
349  407 574 0  16 1 5 1 2 4 8 16
350  906 269 0  38 1 5 1 2 4 8 16
351  917 896 0   4 1 5 1 2 4 8 16
352  805  28 0  36 1 5 1 2 4 8 16
353   40 910 0  36 1 5 1 2 4 8 16
354  194 870 0  41 1 5 1 2 4 8 16
355  911 581 0  96 1 5 1 2 4 8 16
356  736 696 0  92 1 5 1 2 4 8 16
357  101 241 0  86 1 5 1 2 4 8 16
358  831 975 0  23 1 5 1 2 4 8 16
359  443 784 0  93 1 5 1 2 4 8 16
360  434 183 0  64 1 5 1 2 4 8 16
361  918  66 0  52 1 5 1 2 4 8 16
362  109 672 0  11 1 5 1 2 4 8 16
363  622 409 0  40 1 5 1 2 4 8 16
364  339 551 0  77 1 5 1 2 4 8 16
365  490 853 0  52 1 5 1 2 4 8 16
366   65 556 0  66 1 5 1 2 4 8 16
367  326 600 0  93 1 5 1 2 4 8 16
368  100 746 0   0 0 0
369   45 126 0   0 0 0
370  878 707 0   0 0 0
371  536 582 0   0 0 0
372  534 334 0   0 0 0
