2 74 409 5
0 248
0 248
0 248
0 248
0 248
  1 544 762 0  69 1 5 1 2 4 8 16
  2 392 326 0  74 1 5 1 2 4 8 16
  3 106 629 0  87 1 5 1 2 4 8 16
  4 804 716 0  42 1 5 1 2 4 8 16
  5 329   2 0  60 1 5 1 2 4 8 16
  6 927 437 0  33 1 5 1 2 4 8 16
  7 167  34 0  41 1 5 1 2 4 8 16
  8 670 142 0  44 1 5 1 2 4 8 16
  9 910 427 0  48 1 5 1 2 4 8 16
 10 470 335 0  23 1 5 1 2 4 8 16
 11 174 176 0  43 1 5 1 2 4 8 16
 12 383 316 0  45 1 5 1 2 4 8 16
 13 367  92 0  47 1 5 1 2 4 8 16
 14 318 918 0  21 1 5 1 2 4 8 16
 15 526 170 0  30 1 5 1 2 4 8 16
 16 331 246 0  81 1 5 1 2 4 8 16
 17 324  31 0  53 1 5 1 2 4 8 16
 18 724 437 0  99 1 5 1 2 4 8 16
 19 464  92 0  53 1 5 1 2 4 8 16
 20 480  95 0  91 1 5 1 2 4 8 16
 21 937 373 0  77 1 5 1 2 4 8 16
 22 895 861 0  54 1 5 1 2 4 8 16
 23 305 440 0  21 1 5 1 2 4 8 16
 24 195 218 0  14 1 5 1 2 4 8 16
 25 356 709 0   2 1 5 1 2 4 8 16
 26 224 294 0  21 1 5 1 2 4 8 16
 27 435   4 0   4 1 5 1 2 4 8 16
 28 150 747 0  44 1 5 1 2 4 8 16
 29 773 258 0  21 1 5 1 2 4 8 16
 30 978 601 0  84 1 5 1 2 4 8 16
 31 716 295 0  33 1 5 1 2 4 8 16
 32 523 179 0  66 1 5 1 2 4 8 16
 33 308  86 0  42 1 5 1 2 4 8 16
 34 355 349 0  51 1 5 1 2 4 8 16
 35 621 574 0  83 1 5 1 2 4 8 16
 36  94 385 0  30 1 5 1 2 4 8 16
 37 177 186 0  25 1 5 1 2 4 8 16
 38 892 301 0  44 1 5 1 2 4 8 16
 39 532 677 0  82 1 5 1 2 4 8 16
 40 228 776 0  50 1 5 1 2 4 8 16
 41  86   6 0  67 1 5 1 2 4 8 16
 42 818 124 0  34 1 5 1 2 4 8 16
 43 881 801 0  67 1 5 1 2 4 8 16
 44 633 745 0  89 1 5 1 2 4 8 16
 45 830  61 0  85 1 5 1 2 4 8 16
 46 384 259 0  73 1 5 1 2 4 8 16
 47 769 421 0  22 1 5 1 2 4 8 16
 48 989 758 0  59 1 5 1 2 4 8 16
 49 173 972 0  84 1 5 1 2 4 8 16
 50 429 912 0  67 1 5 1 2 4 8 16
 51 237 217 0  72 1 5 1 2 4 8 16
 52 706 900 0  53 1 5 1 2 4 8 16
 53 695 493 0  38 1 5 1 2 4 8 16
 54 571 345 0   3 1 5 1 2 4 8 16
 55 591 827 0  50 1 5 1 2 4 8 16
 56 926 880 0  21 1 5 1 2 4 8 16
 57 411 174 0  70 1 5 1 2 4 8 16
 58  76 833 0  77 1 5 1 2 4 8 16
 59 874 893 0  67 1 5 1 2 4 8 16
 60 571 359 0  85 1 5 1 2 4 8 16
 61 821 404 0   1 1 5 1 2 4 8 16
 62 329 710 0  98 1 5 1 2 4 8 16
 63 739 182 0  98 1 5 1 2 4 8 16
 64 913 203 0  61 1 5 1 2 4 8 16
 65 752 171 0  15 1 5 1 2 4 8 16
 66 366 502 0  66 1 5 1 2 4 8 16
 67 845 337 0  78 1 5 1 2 4 8 16
 68 378 911 0   7 1 5 1 2 4 8 16
 69 813 429 0  22 1 5 1 2 4 8 16
 70 923 549 0  33 1 5 1 2 4 8 16
 71 500 635 0  83 1 5 1 2 4 8 16
 72 116  57 0  72 1 5 1 2 4 8 16
 73 338  35 0  23 1 5 1 2 4 8 16
 74 331 697 0  53 1 5 1 2 4 8 16
 75 485 425 0  25 1 5 1 2 4 8 16
 76 779  12 0  28 1 5 1 2 4 8 16
 77  12 758 0  38 1 5 1 2 4 8 16
 78 270   5 0  62 1 5 1 2 4 8 16
 79 250 616 0  86 1 5 1 2 4 8 16
 80 886 416 0  60 1 5 1 2 4 8 16
 81 950 879 0  62 1 5 1 2 4 8 16
 82 474  93 0  18 1 5 1 2 4 8 16
 83 556 897 0  95 1 5 1 2 4 8 16
 84 990 117 0  34 1 5 1 2 4 8 16
 85 450 264 0  11 1 5 1 2 4 8 16
 86 933 925 0  40 1 5 1 2 4 8 16
 87 214 815 0  18 1 5 1 2 4 8 16
 88 894 855 0  56 1 5 1 2 4 8 16
 89 786 703 0  28 1 5 1 2 4 8 16
 90 555 844 0  70 1 5 1 2 4 8 16
 91 767 846 0  49 1 5 1 2 4 8 16
 92 125 525 0  23 1 5 1 2 4 8 16
 93 506 774 0  93 1 5 1 2 4 8 16
 94 511 381 0  44 1 5 1 2 4 8 16
 95 913 135 0   4 1 5 1 2 4 8 16
 96 765 686 0  17 1 5 1 2 4 8 16
 97 939 324 0 100 1 5 1 2 4 8 16
 98 556 997 0  59 1 5 1 2 4 8 16
 99 947 624 0  35 1 5 1 2 4 8 16
100 207 357 0  66 1 5 1 2 4 8 16
101 467 122 0  84 1 5 1 2 4 8 16
102 236 745 0  21 1 5 1 2 4 8 16
103 363 129 0  55 1 5 1 2 4 8 16
104 720  51 0  29 1 5 1 2 4 8 16
105 919 444 0  18 1 5 1 2 4 8 16
106 997 452 0   6 1 5 1 2 4 8 16
107  98 337 0  51 1 5 1 2 4 8 16
108 698 435 0  85 1 5 1 2 4 8 16
109 418 326 0   2 1 5 1 2 4 8 16
110 863  10 0  54 1 5 1 2 4 8 16
111 443 898 0  72 1 5 1 2 4 8 16
112 682 370 0  84 1 5 1 2 4 8 16
113 609 748 0  50 1 5 1 2 4 8 16
114 887 934 0  99 1 5 1 2 4 8 16
115 661 106 0   8 1 5 1 2 4 8 16
116  11 211 0  59 1 5 1 2 4 8 16
117 446 321 0  17 1 5 1 2 4 8 16
118 854 372 0  10 1 5 1 2 4 8 16
119 182 922 0  74 1 5 1 2 4 8 16
120 495 838 0  60 1 5 1 2 4 8 16
121 855 641 0  86 1 5 1 2 4 8 16
122 810 128 0  79 1 5 1 2 4 8 16
123 494 575 0  14 1 5 1 2 4 8 16
124 503 950 0  12 1 5 1 2 4 8 16
125 857 988 0   8 1 5 1 2 4 8 16
126 548 148 0  86 1 5 1 2 4 8 16
127 783 461 0  92 1 5 1 2 4 8 16
128 706 552 0  89 1 5 1 2 4 8 16
129 264 619 0  75 1 5 1 2 4 8 16
130 603 984 0  99 1 5 1 2 4 8 16
131 114 472 0  47 1 5 1 2 4 8 16
132 145 674 0  91 1 5 1 2 4 8 16
133 411 987 0  29 1 5 1 2 4 8 16
134 350 145 0   4 1 5 1 2 4 8 16
135 868 876 0  75 1 5 1 2 4 8 16
136 135  64 0  20 1 5 1 2 4 8 16
137 925 857 0   9 1 5 1 2 4 8 16
138 522 687 0  48 1 5 1 2 4 8 16
139 119 532 0  30 1 5 1 2 4 8 16
140 967 955 0  53 1 5 1 2 4 8 16
141 949 793 0  71 1 5 1 2 4 8 16
142   6 280 0  13 1 5 1 2 4 8 16
143 861 169 0  10 1 5 1 2 4 8 16
144 289 120 0   6 1 5 1 2 4 8 16
145 500 107 0  52 1 5 1 2 4 8 16
146  77 174 0  64 1 5 1 2 4 8 16
147 925 837 0  40 1 5 1 2 4 8 16
148 294 807 0  27 1 5 1 2 4 8 16
149 874 155 0  27 1 5 1 2 4 8 16
150 989 743 0  59 1 5 1 2 4 8 16
151 572 192 0  18 1 5 1 2 4 8 16
152 889 971 0  19 1 5 1 2 4 8 16
153 730 969 0  51 1 5 1 2 4 8 16
154 165 249 0  34 1 5 1 2 4 8 16
155 965 672 0  59 1 5 1 2 4 8 16
156 831 965 0  22 1 5 1 2 4 8 16
157 370 672 0  19 1 5 1 2 4 8 16
158 363 533 0  98 1 5 1 2 4 8 16
159 420 729 0  78 1 5 1 2 4 8 16
160 603 303 0  42 1 5 1 2 4 8 16
161 540 660 0  41 1 5 1 2 4 8 16
162 529 653 0  17 1 5 1 2 4 8 16
163 154 678 0   8 1 5 1 2 4 8 16
164 488 927 0  25 1 5 1 2 4 8 16
165  44 168 0  44 1 5 1 2 4 8 16
166 348 111 0  89 1 5 1 2 4 8 16
167 462 520 0  28 1 5 1 2 4 8 16
168 926 536 0  80 1 5 1 2 4 8 16
169 707 491 0  12 1 5 1 2 4 8 16
170 535 163 0  22 1 5 1 2 4 8 16
171 753 742 0  95 1 5 1 2 4 8 16
172 388 530 0  32 1 5 1 2 4 8 16
173 257 949 0  35 1 5 1 2 4 8 16
174 435 375 0  82 1 5 1 2 4 8 16
175 924 259 0  92 1 5 1 2 4 8 16
176 461 123 0  96 1 5 1 2 4 8 16
177 872  84 0  47 1 5 1 2 4 8 16
178 901 770 0  14 1 5 1 2 4 8 16
179 944 115 0  61 1 5 1 2 4 8 16
180 450 177 0   5 1 5 1 2 4 8 16
181   0 854 0  77 1 5 1 2 4 8 16
182 602 319 0  94 1 5 1 2 4 8 16
183  35 375 0  21 1 5 1 2 4 8 16
184 566 121 0  29 1 5 1 2 4 8 16
185 891  27 0   1 1 5 1 2 4 8 16
186 860 549 0  87 1 5 1 2 4 8 16
187  23 338 0  20 1 5 1 2 4 8 16
188 938 787 0  97 1 5 1 2 4 8 16
189 958 834 0  48 1 5 1 2 4 8 16
190  67 814 0  43 1 5 1 2 4 8 16
191 336 711 0  74 1 5 1 2 4 8 16
192 724 917 0  55 1 5 1 2 4 8 16
193 449 977 0  91 1 5 1 2 4 8 16
194 830 941 0  30 1 5 1 2 4 8 16
195 239 673 0  14 1 5 1 2 4 8 16
196 828 845 0  82 1 5 1 2 4 8 16
197 628 816 0  42 1 5 1 2 4 8 16
198 196 485 0  44 1 5 1 2 4 8 16
199 780 740 0  69 1 5 1 2 4 8 16
200 591 855 0  70 1 5 1 2 4 8 16
201 626 998 0  21 1 5 1 2 4 8 16
202 963 108 0  84 1 5 1 2 4 8 16
203 922 838 0 100 1 5 1 2 4 8 16
204 229 339 0  95 1 5 1 2 4 8 16
205  56 259 0  48 1 5 1 2 4 8 16
206 577 951 0   8 1 5 1 2 4 8 16
207 947 388 0  62 1 5 1 2 4 8 16
208 626 845 0  13 1 5 1 2 4 8 16
209 241 993 0  18 1 5 1 2 4 8 16
210  19 122 0  63 1 5 1 2 4 8 16
211 542 837 0  93 1 5 1 2 4 8 16
212  56 644 0  95 1 5 1 2 4 8 16
213 238 603 0  98 1 5 1 2 4 8 16
214 468  91 0  36 1 5 1 2 4 8 16
215 752 760 0   2 1 5 1 2 4 8 16
216 815 520 0  17 1 5 1 2 4 8 16
217 902 486 0  71 1 5 1 2 4 8 16
218 957 811 0  47 1 5 1 2 4 8 16
219 694 124 0  59 1 5 1 2 4 8 16
220 365 869 0  51 1 5 1 2 4 8 16
221 982  35 0  14 1 5 1 2 4 8 16
222 856  58 0  18 1 5 1 2 4 8 16
223 725 582 0  91 1 5 1 2 4 8 16
224 179 486 0  38 1 5 1 2 4 8 16
225 707 832 0  77 1 5 1 2 4 8 16
226  32  78 0  95 1 5 1 2 4 8 16
227 524 782 0  64 1 5 1 2 4 8 16
228 661 659 0  35 1 5 1 2 4 8 16
229 390 663 0  70 1 5 1 2 4 8 16
230 143 711 0  50 1 5 1 2 4 8 16
231 345 330 0  53 1 5 1 2 4 8 16
232 280 691 0  27 1 5 1 2 4 8 16
233  37 698 0  19 1 5 1 2 4 8 16
234 323 935 0  62 1 5 1 2 4 8 16
235 130 446 0  26 1 5 1 2 4 8 16
236 687 147 0  32 1 5 1 2 4 8 16
237 369 549 0  82 1 5 1 2 4 8 16
238 736 263 0  52 1 5 1 2 4 8 16
239 723 668 0  56 1 5 1 2 4 8 16
240 762 577 0  25 1 5 1 2 4 8 16
241 431 616 0  60 1 5 1 2 4 8 16
242 353 465 0   9 1 5 1 2 4 8 16
243 479 812 0  22 1 5 1 2 4 8 16
244 780 511 0  20 1 5 1 2 4 8 16
245 500 967 0  45 1 5 1 2 4 8 16
246 497 337 0  88 1 5 1 2 4 8 16
247 610 104 0  67 1 5 1 2 4 8 16
248 604 661 0   8 1 5 1 2 4 8 16
249 955 804 0  63 1 5 1 2 4 8 16
250 220 333 0  75 1 5 1 2 4 8 16
251 845 959 0  36 1 5 1 2 4 8 16
252  21 207 0  38 1 5 1 2 4 8 16
253 335 933 0  49 1 5 1 2 4 8 16
254 821 331 0  64 1 5 1 2 4 8 16
255 844 772 0  35 1 5 1 2 4 8 16
256 440 680 0  94 1 5 1 2 4 8 16
257 612 659 0  19 1 5 1 2 4 8 16
258 936 299 0  66 1 5 1 2 4 8 16
259  28 169 0  91 1 5 1 2 4 8 16
260 186 494 0  70 1 5 1 2 4 8 16
261 822  39 0  98 1 5 1 2 4 8 16
262 199 931 0  86 1 5 1 2 4 8 16
263 628 340 0  51 1 5 1 2 4 8 16
264  52  65 0  91 1 5 1 2 4 8 16
265 524 576 0  69 1 5 1 2 4 8 16
266 254 358 0  44 1 5 1 2 4 8 16
267 848 359 0  16 1 5 1 2 4 8 16
268 645 290 0  44 1 5 1 2 4 8 16
269 570 732 0  82 1 5 1 2 4 8 16
270  57 803 0  96 1 5 1 2 4 8 16
271  48  38 0  68 1 5 1 2 4 8 16
272 636 822 0  31 1 5 1 2 4 8 16
273 568 692 0  71 1 5 1 2 4 8 16
274 482 276 0  92 1 5 1 2 4 8 16
275 347 242 0  80 1 5 1 2 4 8 16
276 738 885 0  31 1 5 1 2 4 8 16
277 243  26 0  20 1 5 1 2 4 8 16
278 547  76 0  69 1 5 1 2 4 8 16
279  98 622 0  60 1 5 1 2 4 8 16
280 946  29 0  90 1 5 1 2 4 8 16
281 165 279 0  29 1 5 1 2 4 8 16
282 457 558 0   6 1 5 1 2 4 8 16
283  29 302 0  30 1 5 1 2 4 8 16
284 880 247 0  97 1 5 1 2 4 8 16
285 987 188 0  55 1 5 1 2 4 8 16
286 270 607 0  22 1 5 1 2 4 8 16
287 371 452 0  92 1 5 1 2 4 8 16
288 532 976 0  43 1 5 1 2 4 8 16
289 120 489 0  15 1 5 1 2 4 8 16
290 149 403 0  52 1 5 1 2 4 8 16
291 386 108 0  90 1 5 1 2 4 8 16
292 479 855 0   7 1 5 1 2 4 8 16
293 601 530 0  52 1 5 1 2 4 8 16
294 505  75 0   8 1 5 1 2 4 8 16
295 137 503 0  57 1 5 1 2 4 8 16
296 962 433 0  12 1 5 1 2 4 8 16
297  91 138 0  97 1 5 1 2 4 8 16
298 218 653 0  66 1 5 1 2 4 8 16
299 519 146 0  57 1 5 1 2 4 8 16
300 469 411 0  16 1 5 1 2 4 8 16
301 708 352 0  45 1 5 1 2 4 8 16
302  41 629 0  56 1 5 1 2 4 8 16
303 375 867 0  98 1 5 1 2 4 8 16
304 547  32 0  41 1 5 1 2 4 8 16
305 344 438 0  88 1 5 1 2 4 8 16
306 541 253 0  89 1 5 1 2 4 8 16
307 691 457 0   9 1 5 1 2 4 8 16
308 927 707 0  66 1 5 1 2 4 8 16
309 744 717 0  77 1 5 1 2 4 8 16
310 931 638 0  36 1 5 1 2 4 8 16
311 659 651 0  98 1 5 1 2 4 8 16
312 995 813 0  23 1 5 1 2 4 8 16
313 978 886 0  12 1 5 1 2 4 8 16
314 803 183 0  37 1 5 1 2 4 8 16
315 624 776 0  38 1 5 1 2 4 8 16
316 749  98 0  10 1 5 1 2 4 8 16
317 745 211 0  75 1 5 1 2 4 8 16
318 786 132 0 100 1 5 1 2 4 8 16
319 949  41 0  42 1 5 1 2 4 8 16
320 405 965 0  27 1 5 1 2 4 8 16
321 755 721 0  70 1 5 1 2 4 8 16
322  64  31 0  39 1 5 1 2 4 8 16
323 549 139 0  56 1 5 1 2 4 8 16
324 250 612 0  25 1 5 1 2 4 8 16
325 649 461 0  97 1 5 1 2 4 8 16
326  89 749 0  12 1 5 1 2 4 8 16
327  74 990 0  89 1 5 1 2 4 8 16
328 649 890 0  54 1 5 1 2 4 8 16
329 416 574 0  23 1 5 1 2 4 8 16
330  40 947 0  81 1 5 1 2 4 8 16
331 641 115 0  24 1 5 1 2 4 8 16
332 533 964 0  63 1 5 1 2 4 8 16
333 837 472 0  87 1 5 1 2 4 8 16
334  34 598 0  82 1 5 1 2 4 8 16
335 935 136 0  82 1 5 1 2 4 8 16
336 394 379 0   3 1 5 1 2 4 8 16
337 322  61 0  72 1 5 1 2 4 8 16
338 714 843 0   9 1 5 1 2 4 8 16
339 856 481 0  50 1 5 1 2 4 8 16
340 770 334 0  40 1 5 1 2 4 8 16
341 970 878 0  66 1 5 1 2 4 8 16
342 874 734 0   4 1 5 1 2 4 8 16
343 900 109 0  90 1 5 1 2 4 8 16
344 293 837 0  16 1 5 1 2 4 8 16
345 107 219 0  75 1 5 1 2 4 8 16
346 771 720 0  56 1 5 1 2 4 8 16
347  90 654 0   3 1 5 1 2 4 8 16
348  73 364 0  40 1 5 1 2 4 8 16
349 600 336 0  98 1 5 1 2 4 8 16
350 998 612 0  95 1 5 1 2 4 8 16
351 551 409 0   1 1 5 1 2 4 8 16
352 924 528 0  53 1 5 1 2 4 8 16
353 779 511 0  67 1 5 1 2 4 8 16
354 991 673 0  14 1 5 1 2 4 8 16
355 311 772 0  70 1 5 1 2 4 8 16
356 922 657 0   8 1 5 1 2 4 8 16
357 721 642 0  57 1 5 1 2 4 8 16
358 642 628 0  66 1 5 1 2 4 8 16
359 424 911 0  21 1 5 1 2 4 8 16
360 391  53 0  57 1 5 1 2 4 8 16
361 324  29 0  93 1 5 1 2 4 8 16
362 603 484 0  56 1 5 1 2 4 8 16
363 799 123 0  11 1 5 1 2 4 8 16
364 375 374 0  73 1 5 1 2 4 8 16
365 556 719 0  92 1 5 1 2 4 8 16
366 945 528 0  75 1 5 1 2 4 8 16
367 636 881 0  60 1 5 1 2 4 8 16
368 262 108 0  73 1 5 1 2 4 8 16
369  84 350 0  10 1 5 1 2 4 8 16
370 610 841 0  22 1 5 1 2 4 8 16
371 975 847 0   2 1 5 1 2 4 8 16
372 692 556 0  95 1 5 1 2 4 8 16
373 744 516 0  45 1 5 1 2 4 8 16
374 911 810 0  64 1 5 1 2 4 8 16
375 684  10 0  49 1 5 1 2 4 8 16
376 393 530 0  73 1 5 1 2 4 8 16
377 693 185 0  26 1 5 1 2 4 8 16
378 859  97 0  65 1 5 1 2 4 8 16
379 569 735 0  69 1 5 1 2 4 8 16
380 661 761 0  61 1 5 1 2 4 8 16
381 449 459 0  54 1 5 1 2 4 8 16
382 776 350 0  26 1 5 1 2 4 8 16
383   7  74 0  61 1 5 1 2 4 8 16
384 350 307 0  91 1 5 1 2 4 8 16
385 854 636 0  82 1 5 1 2 4 8 16
386 323 344 0   2 1 5 1 2 4 8 16
387 271 458 0  88 1 5 1 2 4 8 16
388 430 194 0  77 1 5 1 2 4 8 16
389 503 742 0  70 1 5 1 2 4 8 16
390 882 368 0  62 1 5 1 2 4 8 16
391 752 283 0  14 1 5 1 2 4 8 16
392 122 831 0  67 1 5 1 2 4 8 16
393 914 854 0  37 1 5 1 2 4 8 16
394 864 656 0  80 1 5 1 2 4 8 16
395 564 284 0  59 1 5 1 2 4 8 16
396 263 937 0  20 1 5 1 2 4 8 16
397 655 236 0  34 1 5 1 2 4 8 16
398  19 698 0   8 1 5 1 2 4 8 16
399 780 506 0  30 1 5 1 2 4 8 16
400 230 876 0  37 1 5 1 2 4 8 16
401 805 319 0   3 1 5 1 2 4 8 16
402 410 217 0  42 1 5 1 2 4 8 16
403 298 793 0  65 1 5 1 2 4 8 16
404 593 130 0  44 1 5 1 2 4 8 16
405 356 902 0  54 1 5 1 2 4 8 16
406 154 606 0  63 1 5 1 2 4 8 16
407 148 638 0  37 1 5 1 2 4 8 16
408 142 614 0   7 1 5 1 2 4 8 16
409 483 574 0  61 1 5 1 2 4 8 16
410 796 775 0   0 0 0
411 823 425 0   0 0 0
412 894 315 0   0 0 0
413 884 209 0   0 0 0
414 775 226 0   0 0 0
