2 155 426 3
0 242
0 242
0 242
  1 558 815 0  94 1 3 1 2 4
  2 812 170 0  72 1 3 1 2 4
  3 344 952 0  67 1 3 1 2 4
  4 240 923 0  74 1 3 1 2 4
  5 204 591 0  53 1 3 1 2 4
  6 136 251 0  49 1 3 1 2 4
  7 710 274 0  51 1 3 1 2 4
  8 538 171 0   5 1 3 1 2 4
  9 762 193 0  56 1 3 1 2 4
 10 811 997 0  40 1 3 1 2 4
 11 949 427 0  43 1 3 1 2 4
 12  88 938 0  47 1 3 1 2 4
 13 464 342 0  95 1 3 1 2 4
 14 207 317 0  18 1 3 1 2 4
 15  81 146 0   5 1 3 1 2 4
 16 529  70 0  76 1 3 1 2 4
 17  10 557 0  80 1 3 1 2 4
 18 848 854 0  20 1 3 1 2 4
 19 690 660 0  91 1 3 1 2 4
 20 187   5 0  45 1 3 1 2 4
 21 686  69 0  69 1 3 1 2 4
 22 677 542 0  58 1 3 1 2 4
 23 422 110 0  44 1 3 1 2 4
 24 690 690 0  52 1 3 1 2 4
 25 841 925 0  73 1 3 1 2 4
 26 720 227 0  58 1 3 1 2 4
 27  70 650 0  26 1 3 1 2 4
 28 516 464 0  39 1 3 1 2 4
 29 598 311 0  10 1 3 1 2 4
 30 223 458 0   9 1 3 1 2 4
 31 928  19 0  29 1 3 1 2 4
 32 967  13 0  86 1 3 1 2 4
 33 432  25 0  22 1 3 1 2 4
 34 293 374 0  41 1 3 1 2 4
 35 390 777 0  98 1 3 1 2 4
 36 326 606 0  66 1 3 1 2 4
 37  69 776 0  24 1 3 1 2 4
 38 507 166 0  20 1 3 1 2 4
 39 593 896 0  14 1 3 1 2 4
 40 354 751 0  27 1 3 1 2 4
 41 453 704 0  79 1 3 1 2 4
 42 960 612 0  86 1 3 1 2 4
 43 401 106 0  76 1 3 1 2 4
 44 620 358 0  18 1 3 1 2 4
 45 391 928 0  42 1 3 1 2 4
 46 413 364 0   6 1 3 1 2 4
 47 423  21 0  19 1 3 1 2 4
 48 993 918 0  31 1 3 1 2 4
 49 226 671 0  98 1 3 1 2 4
 50 576  74 0  53 1 3 1 2 4
 51 491 124 0  47 1 3 1 2 4
 52 253 276 0  28 1 3 1 2 4
 53 910  13 0  26 1 3 1 2 4
 54 280 602 0  19 1 3 1 2 4
 55 193 899 0  10 1 3 1 2 4
 56 180   3 0  54 1 3 1 2 4
 57  95 250 0  93 1 3 1 2 4
 58 906 727 0  52 1 3 1 2 4
 59   8 509 0  97 1 3 1 2 4
 60 732 697 0  16 1 3 1 2 4
 61 509 451 0  92 1 3 1 2 4
 62 443 114 0  22 1 3 1 2 4
 63 934 642 0  32 1 3 1 2 4
 64 356 510 0  75 1 3 1 2 4
 65 803 314 0  60 1 3 1 2 4
 66 917  56 0  47 1 3 1 2 4
 67 918 958 0  12 1 3 1 2 4
 68 214 765 0  11 1 3 1 2 4
 69 599 129 0  95 1 3 1 2 4
 70 697 856 0  32 1 3 1 2 4
 71 983 777 0  44 1 3 1 2 4
 72 729 243 0  39 1 3 1 2 4
 73 244 382 0  78 1 3 1 2 4
 74 529 455 0  95 1 3 1 2 4
 75 844 533 0  24 1 3 1 2 4
 76 261 872 0  25 1 3 1 2 4
 77 836 699 0  14 1 3 1 2 4
 78 244 241 0  64 1 3 1 2 4
 79 525 968 0  16 1 3 1 2 4
 80 398  84 0   9 1 3 1 2 4
 81 927 488 0  24 1 3 1 2 4
 82 839 965 0  90 1 3 1 2 4
 83 460 602 0   1 1 3 1 2 4
 84 411 489 0  78 1 3 1 2 4
 85 951 153 0   9 1 3 1 2 4
 86 455  28 0  73 1 3 1 2 4
 87 179 127 0  90 1 3 1 2 4
 88 728 459 0  86 1 3 1 2 4
 89 410  58 0 100 1 3 1 2 4
 90 854 228 0  89 1 3 1 2 4
 91  14  29 0   9 1 3 1 2 4
 92 259 658 0  35 1 3 1 2 4
 93 656 267 0  73 1 3 1 2 4
 94 641 785 0  74 1 3 1 2 4
 95 396 692 0  71 1 3 1 2 4
 96 857 261 0  98 1 3 1 2 4
 97 276 217 0  83 1 3 1 2 4
 98 159 185 0  10 1 3 1 2 4
 99 293 222 0  99 1 3 1 2 4
100 287 756 0  13 1 3 1 2 4
101 294 287 0  65 1 3 1 2 4
102 881 672 0  42 1 3 1 2 4
103 517 626 0  95 1 3 1 2 4
104 535 290 0  31 1 3 1 2 4
105  75 907 0  16 1 3 1 2 4
106 487 756 0  13 1 3 1 2 4
107 462 118 0  37 1 3 1 2 4
108 692 506 0 100 1 3 1 2 4
109 112 694 0  57 1 3 1 2 4
110  20 377 0  93 1 3 1 2 4
111 940 195 0  49 1 3 1 2 4
112 701 501 0   9 1 3 1 2 4
113 952 251 0  26 1 3 1 2 4
114 963 675 0   3 1 3 1 2 4
115 239 233 0   5 1 3 1 2 4
116  62 946 0  18 1 3 1 2 4
117 803  27 0  60 1 3 1 2 4
118 485 832 0  31 1 3 1 2 4
119 111 568 0  64 1 3 1 2 4
120  16 118 0  97 1 3 1 2 4
121 429 494 0  30 1 3 1 2 4
122 821   2 0  65 1 3 1 2 4
123 961 812 0  62 1 3 1 2 4
124 558 730 0  15 1 3 1 2 4
125 660 584 0  14 1 3 1 2 4
126 763 374 0  97 1 3 1 2 4
127 645 254 0  23 1 3 1 2 4
128 630 274 0  30 1 3 1 2 4
129 886 362 0  95 1 3 1 2 4
130 253 358 0  91 1 3 1 2 4
131 623   6 0  25 1 3 1 2 4
132 504 392 0   2 1 3 1 2 4
133 520 707 0  97 1 3 1 2 4
134 449 231 0  57 1 3 1 2 4
135 221 526 0  68 1 3 1 2 4
136 302 892 0  37 1 3 1 2 4
137 736 594 0  59 1 3 1 2 4
138 939  20 0  60 1 3 1 2 4
139 615 962 0  43 1 3 1 2 4
140 370 957 0  54 1 3 1 2 4
141 970 635 0  27 1 3 1 2 4
142  22 336 0  46 1 3 1 2 4
143 399 276 0  61 1 3 1 2 4
144 287 677 0  36 1 3 1 2 4
145 509  48 0  45 1 3 1 2 4
146 445 418 0  85 1 3 1 2 4
147 114 716 0  15 1 3 1 2 4
148 586 111 0  84 1 3 1 2 4
149 618 940 0  28 1 3 1 2 4
150 971 879 0   9 1 3 1 2 4
151 378  86 0  37 1 3 1 2 4
152 793 798 0  23 1 3 1 2 4
153 656 635 0  33 1 3 1 2 4
154 541 270 0  72 1 3 1 2 4
155 784  66 0  68 1 3 1 2 4
156 361 949 0  52 1 3 1 2 4
157 168 523 0  30 1 3 1 2 4
158 544 338 0  72 1 3 1 2 4
159  71 983 0  30 1 3 1 2 4
160 571 297 0  17 1 3 1 2 4
161 620 234 0  96 1 3 1 2 4
162 407  74 0   7 1 3 1 2 4
163 612 145 0  57 1 3 1 2 4
164 128 834 0  80 1 3 1 2 4
165  79 521 0  63 1 3 1 2 4
166 317 185 0  77 1 3 1 2 4
167   1 744 0  44 1 3 1 2 4
168 261 381 0  54 1 3 1 2 4
169  47 595 0  87 1 3 1 2 4
170 131 654 0  40 1 3 1 2 4
171 792 496 0  26 1 3 1 2 4
172 118 679 0  74 1 3 1 2 4
173 344 281 0  64 1 3 1 2 4
174 631 869 0  61 1 3 1 2 4
175 376  68 0  96 1 3 1 2 4
176 827 896 0  60 1 3 1 2 4
177 270 199 0  59 1 3 1 2 4
178 881  18 0  50 1 3 1 2 4
179 587 494 0  79 1 3 1 2 4
180 223 132 0  37 1 3 1 2 4
181 302 459 0  47 1 3 1 2 4
182 369 536 0  64 1 3 1 2 4
183 413 142 0  88 1 3 1 2 4
184 241 114 0  45 1 3 1 2 4
185 490 477 0  50 1 3 1 2 4
186 288 130 0  11 1 3 1 2 4
187 160 360 0  91 1 3 1 2 4
188 286 773 0  86 1 3 1 2 4
189  51 245 0   2 1 3 1 2 4
190 619 484 0  20 1 3 1 2 4
191 665 788 0  53 1 3 1 2 4
192 914 194 0  20 1 3 1 2 4
193  26 689 0  81 1 3 1 2 4
194 829 497 0  61 1 3 1 2 4
195 901 857 0  28 1 3 1 2 4
196 649 540 0  30 1 3 1 2 4
197 274 835 0  40 1 3 1 2 4
198 486 191 0  38 1 3 1 2 4
199 636 307 0  56 1 3 1 2 4
200 452 915 0  97 1 3 1 2 4
201 669 997 0  80 1 3 1 2 4
202 356 686 0  72 1 3 1 2 4
203 705 230 0  68 1 3 1 2 4
204 560 268 0  81 1 3 1 2 4
205 614 408 0  13 1 3 1 2 4
206 215 779 0  59 1 3 1 2 4
207 973 110 0  56 1 3 1 2 4
208 638 140 0  13 1 3 1 2 4
209 734 836 0  71 1 3 1 2 4
210 967 616 0  87 1 3 1 2 4
211 275 802 0  27 1 3 1 2 4
212 550 182 0  64 1 3 1 2 4
213 814 625 0  79 1 3 1 2 4
214 236 390 0   6 1 3 1 2 4
215 970 124 0  52 1 3 1 2 4
216 412 548 0  11 1 3 1 2 4
217 297 484 0  97 1 3 1 2 4
218 770 530 0  64 1 3 1 2 4
219 930 561 0  78 1 3 1 2 4
220 837 469 0  57 1 3 1 2 4
221 808 259 0  84 1 3 1 2 4
222 651 226 0  17 1 3 1 2 4
223 288 580 0   2 1 3 1 2 4
224 222 709 0  81 1 3 1 2 4
225 423  53 0  16 1 3 1 2 4
226 692 795 0  76 1 3 1 2 4
227 296 533 0  46 1 3 1 2 4
228 118 595 0  80 1 3 1 2 4
229 805 429 0  60 1 3 1 2 4
230 802 234 0  31 1 3 1 2 4
231 361 245 0  11 1 3 1 2 4
232 784 628 0  89 1 3 1 2 4
233 826 284 0  92 1 3 1 2 4
234 751 116 0  65 1 3 1 2 4
235 873 283 0  72 1 3 1 2 4
236 387 574 0  85 1 3 1 2 4
237 132 918 0  93 1 3 1 2 4
238 973 462 0   5 1 3 1 2 4
239 784 200 0  66 1 3 1 2 4
240  45 105 0  27 1 3 1 2 4
241 993 363 0  82 1 3 1 2 4
242 730 412 0  56 1 3 1 2 4
243   6 747 0  22 1 3 1 2 4
244 206 686 0  30 1 3 1 2 4
245 605 775 0  19 1 3 1 2 4
246 802 744 0  24 1 3 1 2 4
247 619 709 0   2 1 3 1 2 4
248 395 479 0  40 1 3 1 2 4
249  33 727 0  96 1 3 1 2 4
250 499 550 0  48 1 3 1 2 4
251  71 197 0   2 1 3 1 2 4
252 308  25 0  22 1 3 1 2 4
253 336 236 0  38 1 3 1 2 4
254 247 273 0  10 1 3 1 2 4
255 795 937 0  80 1 3 1 2 4
256 221 265 0  39 1 3 1 2 4
257 309 351 0  79 1 3 1 2 4
258 192  83 0  43 1 3 1 2 4
259 473 381 0  79 1 3 1 2 4
260  54 414 0  50 1 3 1 2 4
261 307 697 0  15 1 3 1 2 4
262 254 628 0  50 1 3 1 2 4
263 725 693 0  17 1 3 1 2 4
264 624 299 0  15 1 3 1 2 4
265  28 734 0  24 1 3 1 2 4
266 282 497 0  56 1 3 1 2 4
267 160 693 0  59 1 3 1 2 4
268 283 290 0  35 1 3 1 2 4
269 183  34 0  62 1 3 1 2 4
270 103 205 0  86 1 3 1 2 4
271 561 753 0  31 1 3 1 2 4
272 428 179 0  15 1 3 1 2 4
273  59  32 0  73 1 3 1 2 4
274  70 839 0  20 1 3 1 2 4
275 997 205 0  72 1 3 1 2 4
276 438 343 0  11 1 3 1 2 4
277  17 392 0  47 1 3 1 2 4
278 574  36 0  17 1 3 1 2 4
279 550 488 0  48 1 3 1 2 4
280 485 982 0  69 1 3 1 2 4
281  98  76 0  79 1 3 1 2 4
282 198 318 0  96 1 3 1 2 4
283 751 733 0   3 1 3 1 2 4
284 632 382 0  42 1 3 1 2 4
285 298  36 0  83 1 3 1 2 4
286  72 980 0  70 1 3 1 2 4
287 491 726 0  36 1 3 1 2 4
288 373 837 0   4 1 3 1 2 4
289 696 988 0  79 1 3 1 2 4
290 740 936 0  80 1 3 1 2 4
291  52 122 0  91 1 3 1 2 4
292 863 474 0  37 1 3 1 2 4
293 165 960 0  17 1 3 1 2 4
294 535 875 0  63 1 3 1 2 4
295 968 597 0  93 1 3 1 2 4
296  65 519 0  58 1 3 1 2 4
297 184 173 0  80 1 3 1 2 4
298  45 160 0  78 1 3 1 2 4
299 485 675 0  43 1 3 1 2 4
300  83 457 0  76 1 3 1 2 4
301 991 998 0  69 1 3 1 2 4
302 172 998 0  79 1 3 1 2 4
303 444 787 0  16 1 3 1 2 4
304 710 775 0  30 1 3 1 2 4
305 100 862 0  54 1 3 1 2 4
306 908 493 0  77 1 3 1 2 4
307 859 539 0  64 1 3 1 2 4
308 289 176 0  39 1 3 1 2 4
309 436 391 0  55 1 3 1 2 4
310 959 567 0  52 1 3 1 2 4
311 532 270 0  79 1 3 1 2 4
312 662 660 0  11 1 3 1 2 4
313 339 652 0  70 1 3 1 2 4
314 511 622 0  94 1 3 1 2 4
315 370  54 0  64 1 3 1 2 4
316 497 643 0   2 1 3 1 2 4
317 416 299 0  35 1 3 1 2 4
318 622 687 0   1 1 3 1 2 4
319 384 515 0  22 1 3 1 2 4
320 199 799 0  81 1 3 1 2 4
321  67 930 0  15 1 3 1 2 4
322 196 972 0   2 1 3 1 2 4
323 294 788 0  97 1 3 1 2 4
324 377  13 0  88 1 3 1 2 4
325 197 178 0  61 1 3 1 2 4
326 743 370 0  50 1 3 1 2 4
327 417 289 0  91 1 3 1 2 4
328 271 652 0  94 1 3 1 2 4
329 127 326 0  75 1 3 1 2 4
330 991 191 0  80 1 3 1 2 4
331  79 171 0  29 1 3 1 2 4
332 669  21 0  75 1 3 1 2 4
333 180 361 0  44 1 3 1 2 4
334 562 466 0  42 1 3 1 2 4
335 872 446 0 100 1 3 1 2 4
336 639 476 0   5 1 3 1 2 4
337 802 947 0  57 1 3 1 2 4
338 323 748 0   5 1 3 1 2 4
339 959 920 0  44 1 3 1 2 4
340 525  88 0  42 1 3 1 2 4
341 115 919 0  49 1 3 1 2 4
342 316 693 0  15 1 3 1 2 4
343  39 812 0   1 1 3 1 2 4
344 108 677 0  58 1 3 1 2 4
345 714 482 0  13 1 3 1 2 4
346 562 217 0  44 1 3 1 2 4
347 586 138 0  36 1 3 1 2 4
348  77 519 0  96 1 3 1 2 4
349 513 600 0 100 1 3 1 2 4
350 912 983 0  73 1 3 1 2 4
351 957  91 0  19 1 3 1 2 4
352 444 761 0  14 1 3 1 2 4
353 147 908 0   7 1 3 1 2 4
354 736 402 0  76 1 3 1 2 4
355 206 650 0   3 1 3 1 2 4
356 537 151 0  88 1 3 1 2 4
357 433 537 0  90 1 3 1 2 4
358  96 554 0   6 1 3 1 2 4
359 878 599 0  82 1 3 1 2 4
360 902 279 0  48 1 3 1 2 4
361 131  82 0  32 1 3 1 2 4
362 455 200 0  78 1 3 1 2 4
363 889 771 0  75 1 3 1 2 4
364 302 363 0  37 1 3 1 2 4
365 622 819 0  18 1 3 1 2 4
366 941 750 0  75 1 3 1 2 4
367 228 163 0  17 1 3 1 2 4
368 460  43 0  56 1 3 1 2 4
369 870 832 0  60 1 3 1 2 4
370 165 468 0  81 1 3 1 2 4
371 185 260 0  75 1 3 1 2 4
372 788 689 0  19 1 3 1 2 4
373 811 782 0  20 1 3 1 2 4
374 440 954 0  56 1 3 1 2 4
375 675 446 0  22 1 3 1 2 4
376   8 457 0  80 1 3 1 2 4
377 331  94 0  66 1 3 1 2 4
378 830 771 0  51 1 3 1 2 4
379 539 465 0  39 1 3 1 2 4
380 782 163 0  30 1 3 1 2 4
381 255 301 0  28 1 3 1 2 4
382 815 518 0  90 1 3 1 2 4
383 290 815 0  38 1 3 1 2 4
384 418 274 0   8 1 3 1 2 4
385 745 328 0  76 1 3 1 2 4
386 301 160 0   5 1 3 1 2 4
387 682 892 0  11 1 3 1 2 4
388 451   4 0  27 1 3 1 2 4
389 918 714 0   7 1 3 1 2 4
390 380 795 0  30 1 3 1 2 4
391 352 924 0  56 1 3 1 2 4
392 197 503 0  43 1 3 1 2 4
393 680 806 0  28 1 3 1 2 4
394 226 284 0  66 1 3 1 2 4
395 794 737 0  62 1 3 1 2 4
396 336 863 0  11 1 3 1 2 4
397 378 241 0   5 1 3 1 2 4
398 932 707 0  39 1 3 1 2 4
399 810 867 0  46 1 3 1 2 4
400 807 567 0  97 1 3 1 2 4
401 497 402 0   5 1 3 1 2 4
402 632 696 0  27 1 3 1 2 4
403 369 360 0  94 1 3 1 2 4
404 702  25 0   2 1 3 1 2 4
405 205 883 0  20 1 3 1 2 4
406 510 660 0  37 1 3 1 2 4
407 752 111 0  17 1 3 1 2 4
408 867 766 0  25 1 3 1 2 4
409 501 466 0  18 1 3 1 2 4
410 576 172 0  25 1 3 1 2 4
411  14 686 0  30 1 3 1 2 4
412 602 788 0  99 1 3 1 2 4
413 980 538 0  36 1 3 1 2 4
414 932 973 0  61 1 3 1 2 4
415 442 368 0  64 1 3 1 2 4
416 885 524 0  64 1 3 1 2 4
417 691 395 0   4 1 3 1 2 4
418 428 657 0  26 1 3 1 2 4
419 532 603 0  78 1 3 1 2 4
420 816 441 0  91 1 3 1 2 4
421 359 124 0  89 1 3 1 2 4
422 702 587 0  27 1 3 1 2 4
423 497 615 0  35 1 3 1 2 4
424 886 376 0  26 1 3 1 2 4
425 240 771 0  77 1 3 1 2 4
426 903 362 0  97 1 3 1 2 4
427 600 311 0   0 0 0
428 259  64 0   0 0 0
429 554 862 0   0 0 0
