2 78 505 6
0 252
0 252
0 252
0 252
0 252
0 252
  1 163 918 0  56 1 6 1 2 4 8 16 32
  2 289 482 0  43 1 6 1 2 4 8 16 32
  3 915 874 0  40 1 6 1 2 4 8 16 32
  4 310 229 0  84 1 6 1 2 4 8 16 32
  5 205 145 0  62 1 6 1 2 4 8 16 32
  6 493 859 0  35 1 6 1 2 4 8 16 32
  7 574 444 0  45 1 6 1 2 4 8 16 32
  8 342  95 0  63 1 6 1 2 4 8 16 32
  9 695 853 0  51 1 6 1 2 4 8 16 32
 10 701 327 0  97 1 6 1 2 4 8 16 32
 11 218 989 0  47 1 6 1 2 4 8 16 32
 12 332  30 0  25 1 6 1 2 4 8 16 32
 13 855 387 0  63 1 6 1 2 4 8 16 32
 14 562 475 0  11 1 6 1 2 4 8 16 32
 15  91 828 0  94 1 6 1 2 4 8 16 32
 16  32 850 0  46 1 6 1 2 4 8 16 32
 17 653 695 0  16 1 6 1 2 4 8 16 32
 18 508 221 0  39 1 6 1 2 4 8 16 32
 19 624 380 0  52 1 6 1 2 4 8 16 32
 20 587  57 0  45 1 6 1 2 4 8 16 32
 21 360 584 0  56 1 6 1 2 4 8 16 32
 22 515  60 0  66 1 6 1 2 4 8 16 32
 23 337 164 0  86 1 6 1 2 4 8 16 32
 24 941 151 0  93 1 6 1 2 4 8 16 32
 25 589  33 0  80 1 6 1 2 4 8 16 32
 26 745 292 0  84 1 6 1 2 4 8 16 32
 27 960 667 0   8 1 6 1 2 4 8 16 32
 28 651 618 0  88 1 6 1 2 4 8 16 32
 29 659 913 0  12 1 6 1 2 4 8 16 32
 30 880 670 0  56 1 6 1 2 4 8 16 32
 31 370 976 0  46 1 6 1 2 4 8 16 32
 32 413 620 0   1 1 6 1 2 4 8 16 32
 33 285 873 0  55 1 6 1 2 4 8 16 32
 34 503 946 0  73 1 6 1 2 4 8 16 32
 35 102 235 0  61 1 6 1 2 4 8 16 32
 36 766 639 0   9 1 6 1 2 4 8 16 32
 37 538 259 0  94 1 6 1 2 4 8 16 32
 38 336 589 0  36 1 6 1 2 4 8 16 32
 39 549 556 0  19 1 6 1 2 4 8 16 32
 40 224 818 0  14 1 6 1 2 4 8 16 32
 41 523  58 0  93 1 6 1 2 4 8 16 32
 42 659  75 0  91 1 6 1 2 4 8 16 32
 43   9 185 0  12 1 6 1 2 4 8 16 32
 44 496 926 0  20 1 6 1 2 4 8 16 32
 45 363 294 0  85 1 6 1 2 4 8 16 32
 46 566 997 0  95 1 6 1 2 4 8 16 32
 47 196 354 0  65 1 6 1 2 4 8 16 32
 48 275 580 0  78 1 6 1 2 4 8 16 32
 49 801 582 0  72 1 6 1 2 4 8 16 32
 50 808 419 0  61 1 6 1 2 4 8 16 32
 51 319 129 0  18 1 6 1 2 4 8 16 32
 52 271 128 0  14 1 6 1 2 4 8 16 32
 53 969 726 0  55 1 6 1 2 4 8 16 32
 54 668 309 0  37 1 6 1 2 4 8 16 32
 55 616 906 0  59 1 6 1 2 4 8 16 32
 56 298 561 0  33 1 6 1 2 4 8 16 32
 57 830 413 0  63 1 6 1 2 4 8 16 32
 58 259  33 0  34 1 6 1 2 4 8 16 32
 59  51 815 0  92 1 6 1 2 4 8 16 32
 60 675 490 0  25 1 6 1 2 4 8 16 32
 61  14 489 0  46 1 6 1 2 4 8 16 32
 62 595 191 0  96 1 6 1 2 4 8 16 32
 63   2 928 0  31 1 6 1 2 4 8 16 32
 64  62 236 0  97 1 6 1 2 4 8 16 32
 65 665 898 0  12 1 6 1 2 4 8 16 32
 66 837 420 0  56 1 6 1 2 4 8 16 32
 67 810 355 0  84 1 6 1 2 4 8 16 32
 68 329 450 0  25 1 6 1 2 4 8 16 32
 69 437 948 0  49 1 6 1 2 4 8 16 32
 70  28 492 0  50 1 6 1 2 4 8 16 32
 71 493 311 0  88 1 6 1 2 4 8 16 32
 72 848 734 0  98 1 6 1 2 4 8 16 32
 73 247 724 0  23 1 6 1 2 4 8 16 32
 74 849 356 0  10 1 6 1 2 4 8 16 32
 75 568 476 0   6 1 6 1 2 4 8 16 32
 76 457 350 0  66 1 6 1 2 4 8 16 32
 77 599 615 0  62 1 6 1 2 4 8 16 32
 78 826 368 0  90 1 6 1 2 4 8 16 32
 79 697  71 0   6 1 6 1 2 4 8 16 32
 80 705 800 0  12 1 6 1 2 4 8 16 32
 81 182 979 0  12 1 6 1 2 4 8 16 32
 82 325 855 0  95 1 6 1 2 4 8 16 32
 83 516  13 0  41 1 6 1 2 4 8 16 32
 84 471 384 0  76 1 6 1 2 4 8 16 32
 85  96 220 0  24 1 6 1 2 4 8 16 32
 86 393 243 0  59 1 6 1 2 4 8 16 32
 87 745  99 0  86 1 6 1 2 4 8 16 32
 88 859 465 0  25 1 6 1 2 4 8 16 32
 89 740 934 0  16 1 6 1 2 4 8 16 32
 90  39 229 0   6 1 6 1 2 4 8 16 32
 91  19 122 0  48 1 6 1 2 4 8 16 32
 92 456 504 0  38 1 6 1 2 4 8 16 32
 93 374 165 0   2 1 6 1 2 4 8 16 32
 94  97 896 0  93 1 6 1 2 4 8 16 32
 95 322 295 0  71 1 6 1 2 4 8 16 32
 96 668 987 0  84 1 6 1 2 4 8 16 32
 97 923 316 0  52 1 6 1 2 4 8 16 32
 98 736 208 0  98 1 6 1 2 4 8 16 32
 99 572 216 0  23 1 6 1 2 4 8 16 32
100 864 857 0  84 1 6 1 2 4 8 16 32
101 475 545 0   4 1 6 1 2 4 8 16 32
102 698 752 0  22 1 6 1 2 4 8 16 32
103 753 326 0  42 1 6 1 2 4 8 16 32
104 648 506 0  58 1 6 1 2 4 8 16 32
105 666 482 0  69 1 6 1 2 4 8 16 32
106  98 928 0  64 1 6 1 2 4 8 16 32
107 190 516 0  74 1 6 1 2 4 8 16 32
108  90  10 0  73 1 6 1 2 4 8 16 32
109 339 808 0  51 1 6 1 2 4 8 16 32
110 149 777 0  32 1 6 1 2 4 8 16 32
111 174 241 0  21 1 6 1 2 4 8 16 32
112 620 207 0  48 1 6 1 2 4 8 16 32
113 180 803 0  78 1 6 1 2 4 8 16 32
114 681  75 0   7 1 6 1 2 4 8 16 32
115 832 552 0   9 1 6 1 2 4 8 16 32
116 123 153 0  71 1 6 1 2 4 8 16 32
117   6 326 0  17 1 6 1 2 4 8 16 32
118 606 641 0  70 1 6 1 2 4 8 16 32
119 879 336 0   1 1 6 1 2 4 8 16 32
120 236 794 0  92 1 6 1 2 4 8 16 32
121 415 838 0  48 1 6 1 2 4 8 16 32
122 516 238 0  65 1 6 1 2 4 8 16 32
123 273 564 0  93 1 6 1 2 4 8 16 32
124 388 924 0  17 1 6 1 2 4 8 16 32
125 493 895 0  73 1 6 1 2 4 8 16 32
126 102 161 0  15 1 6 1 2 4 8 16 32
127 109 896 0  96 1 6 1 2 4 8 16 32
128 489 144 0  79 1 6 1 2 4 8 16 32
129 136 912 0  23 1 6 1 2 4 8 16 32
130 646 506 0  45 1 6 1 2 4 8 16 32
131 559  48 0  94 1 6 1 2 4 8 16 32
132 601 735 0   2 1 6 1 2 4 8 16 32
133 823 395 0  88 1 6 1 2 4 8 16 32
134 433 241 0  28 1 6 1 2 4 8 16 32
135 828 676 0  48 1 6 1 2 4 8 16 32
136 875 597 0  17 1 6 1 2 4 8 16 32
137 991 880 0  48 1 6 1 2 4 8 16 32
138 821 819 0  56 1 6 1 2 4 8 16 32
139 472 804 0  46 1 6 1 2 4 8 16 32
140 755  84 0  38 1 6 1 2 4 8 16 32
141 649 788 0   5 1 6 1 2 4 8 16 32
142 216 953 0  33 1 6 1 2 4 8 16 32
143 667 293 0  78 1 6 1 2 4 8 16 32
144 102 264 0  23 1 6 1 2 4 8 16 32
145 443  98 0  42 1 6 1 2 4 8 16 32
146 615 718 0  21 1 6 1 2 4 8 16 32
147 168 213 0  55 1 6 1 2 4 8 16 32
148 899  46 0   6 1 6 1 2 4 8 16 32
149 918 876 0  67 1 6 1 2 4 8 16 32
150 396 293 0  89 1 6 1 2 4 8 16 32
151 983 985 0  66 1 6 1 2 4 8 16 32
152  19 887 0  41 1 6 1 2 4 8 16 32
153 744 625 0  20 1 6 1 2 4 8 16 32
154 224 439 0  75 1 6 1 2 4 8 16 32
155 177 989 0  63 1 6 1 2 4 8 16 32
156 317 412 0  74 1 6 1 2 4 8 16 32
157 938 438 0  87 1 6 1 2 4 8 16 32
158 362 134 0  17 1 6 1 2 4 8 16 32
159 956  23 0  33 1 6 1 2 4 8 16 32
160  77 391 0  58 1 6 1 2 4 8 16 32
161 957 143 0  86 1 6 1 2 4 8 16 32
162 347  67 0  36 1 6 1 2 4 8 16 32
163 149 943 0  56 1 6 1 2 4 8 16 32
164 465 344 0 100 1 6 1 2 4 8 16 32
165 619 810 0  11 1 6 1 2 4 8 16 32
166 395 141 0  67 1 6 1 2 4 8 16 32
167 360 142 0  66 1 6 1 2 4 8 16 32
168  33 732 0  16 1 6 1 2 4 8 16 32
169 885 213 0  62 1 6 1 2 4 8 16 32
170   4 619 0  32 1 6 1 2 4 8 16 32
171 140 101 0  84 1 6 1 2 4 8 16 32
172 135 235 0  40 1 6 1 2 4 8 16 32
173 835 580 0  30 1 6 1 2 4 8 16 32
174 800 334 0  73 1 6 1 2 4 8 16 32
175 898 266 0  60 1 6 1 2 4 8 16 32
176 325 573 0  41 1 6 1 2 4 8 16 32
177 521 324 0  71 1 6 1 2 4 8 16 32
178 165 538 0  17 1 6 1 2 4 8 16 32
179 827 429 0  27 1 6 1 2 4 8 16 32
180 214 672 0  78 1 6 1 2 4 8 16 32
181 303 458 0   4 1 6 1 2 4 8 16 32
182 107 799 0  62 1 6 1 2 4 8 16 32
183 604 820 0  23 1 6 1 2 4 8 16 32
184 190 830 0  47 1 6 1 2 4 8 16 32
185 389 887 0 100 1 6 1 2 4 8 16 32
186 397  90 0  57 1 6 1 2 4 8 16 32
187  71 138 0  16 1 6 1 2 4 8 16 32
188 243 523 0  42 1 6 1 2 4 8 16 32
189   3 470 0  57 1 6 1 2 4 8 16 32
190  86 481 0   4 1 6 1 2 4 8 16 32
191 445 525 0  98 1 6 1 2 4 8 16 32
192 943 104 0  18 1 6 1 2 4 8 16 32
193 116 711 0  43 1 6 1 2 4 8 16 32
194 673 994 0  96 1 6 1 2 4 8 16 32
195 743 119 0  40 1 6 1 2 4 8 16 32
196 508 994 0  49 1 6 1 2 4 8 16 32
197 620 772 0  47 1 6 1 2 4 8 16 32
198 940 155 0  81 1 6 1 2 4 8 16 32
199 770 423 0  83 1 6 1 2 4 8 16 32
200 806 415 0  21 1 6 1 2 4 8 16 32
201 435 260 0  94 1 6 1 2 4 8 16 32
202 758 217 0  36 1 6 1 2 4 8 16 32
203 228 968 0  66 1 6 1 2 4 8 16 32
204 476 753 0  36 1 6 1 2 4 8 16 32
205 119 158 0  34 1 6 1 2 4 8 16 32
206 134 585 0  42 1 6 1 2 4 8 16 32
207 538  41 0  93 1 6 1 2 4 8 16 32
208  92 789 0  40 1 6 1 2 4 8 16 32
209 987 969 0  98 1 6 1 2 4 8 16 32
210 819 349 0  22 1 6 1 2 4 8 16 32
211 847 835 0  72 1 6 1 2 4 8 16 32
212 853 105 0  69 1 6 1 2 4 8 16 32
213 326 788 0  95 1 6 1 2 4 8 16 32
214 771 934 0  17 1 6 1 2 4 8 16 32
215 210 587 0  28 1 6 1 2 4 8 16 32
216 732 520 0  11 1 6 1 2 4 8 16 32
217 426 339 0  34 1 6 1 2 4 8 16 32
218 923 151 0  80 1 6 1 2 4 8 16 32
219 307 853 0  14 1 6 1 2 4 8 16 32
220 846 282 0  97 1 6 1 2 4 8 16 32
221 876  92 0  58 1 6 1 2 4 8 16 32
222 999 321 0  41 1 6 1 2 4 8 16 32
223 340 953 0  46 1 6 1 2 4 8 16 32
224 875 490 0  42 1 6 1 2 4 8 16 32
225 566 333 0   8 1 6 1 2 4 8 16 32
226 220 370 0  91 1 6 1 2 4 8 16 32
227 753  76 0  69 1 6 1 2 4 8 16 32
228 790 652 0  54 1 6 1 2 4 8 16 32
229 956 343 0  99 1 6 1 2 4 8 16 32
230 722 908 0  34 1 6 1 2 4 8 16 32
231 800 190 0  59 1 6 1 2 4 8 16 32
232 608 876 0  43 1 6 1 2 4 8 16 32
233 474 339 0  93 1 6 1 2 4 8 16 32
234  58 138 0  92 1 6 1 2 4 8 16 32
235 155 420 0  33 1 6 1 2 4 8 16 32
236 372 316 0  97 1 6 1 2 4 8 16 32
237 755 855 0  62 1 6 1 2 4 8 16 32
238 284 828 0  85 1 6 1 2 4 8 16 32
239 345 591 0  33 1 6 1 2 4 8 16 32
240 311 535 0  66 1 6 1 2 4 8 16 32
241 538 235 0  84 1 6 1 2 4 8 16 32
242 981 662 0  71 1 6 1 2 4 8 16 32
243 935  13 0   1 1 6 1 2 4 8 16 32
244 106 384 0  94 1 6 1 2 4 8 16 32
245 901 507 0  83 1 6 1 2 4 8 16 32
246 441 549 0  94 1 6 1 2 4 8 16 32
247 540 235 0  76 1 6 1 2 4 8 16 32
248 396 350 0  87 1 6 1 2 4 8 16 32
249 844 274 0  67 1 6 1 2 4 8 16 32
250  63 325 0  47 1 6 1 2 4 8 16 32
251 333 767 0  56 1 6 1 2 4 8 16 32
252 708 651 0  33 1 6 1 2 4 8 16 32
253 624 322 0  64 1 6 1 2 4 8 16 32
254 591 765 0  37 1 6 1 2 4 8 16 32
255 991 419 0  51 1 6 1 2 4 8 16 32
256 125 822 0  48 1 6 1 2 4 8 16 32
257 553 600 0   6 1 6 1 2 4 8 16 32
258 592 591 0  49 1 6 1 2 4 8 16 32
259 425 436 0  19 1 6 1 2 4 8 16 32
260 160 480 0  51 1 6 1 2 4 8 16 32
261 286 540 0  22 1 6 1 2 4 8 16 32
262 649 298 0 100 1 6 1 2 4 8 16 32
263 681 830 0  49 1 6 1 2 4 8 16 32
264 982 795 0  14 1 6 1 2 4 8 16 32
265 189 826 0  41 1 6 1 2 4 8 16 32
266 123 835 0  85 1 6 1 2 4 8 16 32
267 340 507 0  40 1 6 1 2 4 8 16 32
268  56 211 0  41 1 6 1 2 4 8 16 32
269 454 778 0  53 1 6 1 2 4 8 16 32
270 354 676 0  81 1 6 1 2 4 8 16 32
271 450 951 0  51 1 6 1 2 4 8 16 32
272 653 556 0  44 1 6 1 2 4 8 16 32
273  17 990 0  14 1 6 1 2 4 8 16 32
274 236 649 0  39 1 6 1 2 4 8 16 32
275 218 522 0  90 1 6 1 2 4 8 16 32
276 794 650 0  73 1 6 1 2 4 8 16 32
277 129 733 0  35 1 6 1 2 4 8 16 32
278 321 183 0  48 1 6 1 2 4 8 16 32
279 932  53 0  32 1 6 1 2 4 8 16 32
280 127 708 0  58 1 6 1 2 4 8 16 32
281 598 771 0  60 1 6 1 2 4 8 16 32
282 178 835 0  27 1 6 1 2 4 8 16 32
283 103 915 0  58 1 6 1 2 4 8 16 32
284 290 704 0  24 1 6 1 2 4 8 16 32
285 698  28 0  87 1 6 1 2 4 8 16 32
286 787 924 0  20 1 6 1 2 4 8 16 32
287 784 308 0  61 1 6 1 2 4 8 16 32
288 452 725 0  92 1 6 1 2 4 8 16 32
289 179 940 0  66 1 6 1 2 4 8 16 32
290 588 560 0  63 1 6 1 2 4 8 16 32
291 762 821 0  10 1 6 1 2 4 8 16 32
292 221 597 0  50 1 6 1 2 4 8 16 32
293 850  45 0  44 1 6 1 2 4 8 16 32
294  80  89 0  27 1 6 1 2 4 8 16 32
295 230 296 0  38 1 6 1 2 4 8 16 32
296 214 633 0  58 1 6 1 2 4 8 16 32
297 194 259 0  16 1 6 1 2 4 8 16 32
298 997 587 0  49 1 6 1 2 4 8 16 32
299 196 947 0  37 1 6 1 2 4 8 16 32
300 897 689 0  60 1 6 1 2 4 8 16 32
301 543 645 0  27 1 6 1 2 4 8 16 32
302 948 340 0  95 1 6 1 2 4 8 16 32
303 653 248 0   8 1 6 1 2 4 8 16 32
304 374 498 0  44 1 6 1 2 4 8 16 32
305 810 620 0   1 1 6 1 2 4 8 16 32
306  70 282 0  63 1 6 1 2 4 8 16 32
307 714 384 0  20 1 6 1 2 4 8 16 32
308 158 938 0  91 1 6 1 2 4 8 16 32
309 277 279 0  58 1 6 1 2 4 8 16 32
310 447 261 0  31 1 6 1 2 4 8 16 32
311   8 805 0  84 1 6 1 2 4 8 16 32
312 773 330 0  28 1 6 1 2 4 8 16 32
313 490 270 0  59 1 6 1 2 4 8 16 32
314 601 551 0  33 1 6 1 2 4 8 16 32
315 901 979 0  88 1 6 1 2 4 8 16 32
316 296 121 0  17 1 6 1 2 4 8 16 32
317  24 545 0  92 1 6 1 2 4 8 16 32
318   5 106 0  20 1 6 1 2 4 8 16 32
319 510 440 0  52 1 6 1 2 4 8 16 32
320 899 468 0   6 1 6 1 2 4 8 16 32
321 473  66 0  98 1 6 1 2 4 8 16 32
322 108 467 0  97 1 6 1 2 4 8 16 32
323 911 776 0  15 1 6 1 2 4 8 16 32
324 314 712 0   8 1 6 1 2 4 8 16 32
325 422 411 0  15 1 6 1 2 4 8 16 32
326 600 176 0  15 1 6 1 2 4 8 16 32
327 973  87 0  17 1 6 1 2 4 8 16 32
328 907 111 0   2 1 6 1 2 4 8 16 32
329  61 636 0  52 1 6 1 2 4 8 16 32
330  76 689 0  16 1 6 1 2 4 8 16 32
331 472 351 0  62 1 6 1 2 4 8 16 32
332 905  11 0  94 1 6 1 2 4 8 16 32
333 443 161 0  39 1 6 1 2 4 8 16 32
334 335 760 0  50 1 6 1 2 4 8 16 32
335 185  72 0  37 1 6 1 2 4 8 16 32
336 503 120 0  72 1 6 1 2 4 8 16 32
337 741 557 0  37 1 6 1 2 4 8 16 32
338 295  64 0   1 1 6 1 2 4 8 16 32
339 222 340 0  68 1 6 1 2 4 8 16 32
340 742 773 0  60 1 6 1 2 4 8 16 32
341 775 482 0   3 1 6 1 2 4 8 16 32
342 685 476 0  39 1 6 1 2 4 8 16 32
343 320 620 0  74 1 6 1 2 4 8 16 32
344 972 203 0  92 1 6 1 2 4 8 16 32
345 614 103 0  82 1 6 1 2 4 8 16 32
346 111 337 0 100 1 6 1 2 4 8 16 32
347 225 829 0  63 1 6 1 2 4 8 16 32
348 769 917 0  79 1 6 1 2 4 8 16 32
349 494 579 0  97 1 6 1 2 4 8 16 32
350 871 628 0  48 1 6 1 2 4 8 16 32
351 374 459 0 100 1 6 1 2 4 8 16 32
352 938 700 0  45 1 6 1 2 4 8 16 32
353 915 235 0  65 1 6 1 2 4 8 16 32
354  17 121 0  65 1 6 1 2 4 8 16 32
355 469 739 0  93 1 6 1 2 4 8 16 32
356   4 167 0  21 1 6 1 2 4 8 16 32
357 887 377 0  58 1 6 1 2 4 8 16 32
358 799 609 0  55 1 6 1 2 4 8 16 32
359 707 376 0   4 1 6 1 2 4 8 16 32
360 984 976 0  91 1 6 1 2 4 8 16 32
361 989 526 0  98 1 6 1 2 4 8 16 32
362 339 142 0   3 1 6 1 2 4 8 16 32
363 352 191 0  37 1 6 1 2 4 8 16 32
364 220 880 0  54 1 6 1 2 4 8 16 32
365 261 657 0  13 1 6 1 2 4 8 16 32
366 124  83 0  46 1 6 1 2 4 8 16 32
367 700 599 0  26 1 6 1 2 4 8 16 32
368 309 978 0  58 1 6 1 2 4 8 16 32
369 846 626 0  99 1 6 1 2 4 8 16 32
370 365 825 0  40 1 6 1 2 4 8 16 32
371 214 989 0  27 1 6 1 2 4 8 16 32
372 236 240 0  86 1 6 1 2 4 8 16 32
373 119 368 0   8 1 6 1 2 4 8 16 32
374 618 696 0   1 1 6 1 2 4 8 16 32
375 665 245 0  57 1 6 1 2 4 8 16 32
376  77 531 0  34 1 6 1 2 4 8 16 32
377 770 343 0  41 1 6 1 2 4 8 16 32
378 197 496 0  29 1 6 1 2 4 8 16 32
379 185 251 0  57 1 6 1 2 4 8 16 32
380 987  64 0  83 1 6 1 2 4 8 16 32
381 175 960 0  86 1 6 1 2 4 8 16 32
382 916 374 0  86 1 6 1 2 4 8 16 32
383 381 894 0  67 1 6 1 2 4 8 16 32
384 553 583 0  87 1 6 1 2 4 8 16 32
385  39 838 0  43 1 6 1 2 4 8 16 32
386 853 654 0  99 1 6 1 2 4 8 16 32
387  67 941 0  77 1 6 1 2 4 8 16 32
388 354 349 0  28 1 6 1 2 4 8 16 32
389 283  94 0   9 1 6 1 2 4 8 16 32
390 355 975 0  98 1 6 1 2 4 8 16 32
391 177 791 0   7 1 6 1 2 4 8 16 32
392 873 318 0  77 1 6 1 2 4 8 16 32
393  90 488 0  85 1 6 1 2 4 8 16 32
394 366 862 0   3 1 6 1 2 4 8 16 32
395 124 340 0  74 1 6 1 2 4 8 16 32
396 468 711 0  64 1 6 1 2 4 8 16 32
397 431 946 0   5 1 6 1 2 4 8 16 32
398 395 774 0  26 1 6 1 2 4 8 16 32
399 926 353 0  63 1 6 1 2 4 8 16 32
400 887 527 0   5 1 6 1 2 4 8 16 32
401 426 680 0  38 1 6 1 2 4 8 16 32
402 954 294 0  18 1 6 1 2 4 8 16 32
403 285  69 0  89 1 6 1 2 4 8 16 32
404 387 845 0  97 1 6 1 2 4 8 16 32
405 590 716 0  43 1 6 1 2 4 8 16 32
406 496 793 0  18 1 6 1 2 4 8 16 32
407 807 516 0  72 1 6 1 2 4 8 16 32
408 220 609 0  57 1 6 1 2 4 8 16 32
409 474 293 0  76 1 6 1 2 4 8 16 32
410 287 355 0 100 1 6 1 2 4 8 16 32
411  40 512 0  57 1 6 1 2 4 8 16 32
412 395 717 0  70 1 6 1 2 4 8 16 32
413 569 266 0  99 1 6 1 2 4 8 16 32
414 397 701 0  44 1 6 1 2 4 8 16 32
415 107 849 0  56 1 6 1 2 4 8 16 32
416 432 187 0  44 1 6 1 2 4 8 16 32
417 601 617 0  12 1 6 1 2 4 8 16 32
418 554  18 0  73 1 6 1 2 4 8 16 32
419 985 585 0  81 1 6 1 2 4 8 16 32
420 643 706 0  19 1 6 1 2 4 8 16 32
421 971  14 0  98 1 6 1 2 4 8 16 32
422 321 339 0  26 1 6 1 2 4 8 16 32
423 634 637 0  84 1 6 1 2 4 8 16 32
424 578 716 0  41 1 6 1 2 4 8 16 32
425 786 613 0  42 1 6 1 2 4 8 16 32
426 414 571 0  48 1 6 1 2 4 8 16 32
427 413  50 0  53 1 6 1 2 4 8 16 32
428 339 665 0   1 1 6 1 2 4 8 16 32
429 938 153 0  39 1 6 1 2 4 8 16 32
430 386 108 0  28 1 6 1 2 4 8 16 32
431  34 934 0   6 1 6 1 2 4 8 16 32
432  99 376 0  80 1 6 1 2 4 8 16 32
433 677 872 0  68 1 6 1 2 4 8 16 32
434 788 223 0  58 1 6 1 2 4 8 16 32
435 875 523 0  75 1 6 1 2 4 8 16 32
436 288 132 0  40 1 6 1 2 4 8 16 32
437  68 679 0  21 1 6 1 2 4 8 16 32
438 257 158 0  26 1 6 1 2 4 8 16 32
439  84 463 0  52 1 6 1 2 4 8 16 32
440 204 662 0   7 1 6 1 2 4 8 16 32
441 138 829 0  49 1 6 1 2 4 8 16 32
442 259 586 0  64 1 6 1 2 4 8 16 32
443 731 829 0   4 1 6 1 2 4 8 16 32
444 118 216 0   1 1 6 1 2 4 8 16 32
445 169  24 0  23 1 6 1 2 4 8 16 32
446 377 599 0  91 1 6 1 2 4 8 16 32
447 440  38 0  57 1 6 1 2 4 8 16 32
448 857 443 0   3 1 6 1 2 4 8 16 32
449 514 444 0   1 1 6 1 2 4 8 16 32
450  90 907 0  70 1 6 1 2 4 8 16 32
451 836 117 0  86 1 6 1 2 4 8 16 32
452  50 394 0  48 1 6 1 2 4 8 16 32
453 753 138 0  39 1 6 1 2 4 8 16 32
454 390 806 0  44 1 6 1 2 4 8 16 32
455 907 812 0  34 1 6 1 2 4 8 16 32
456 107 111 0   3 1 6 1 2 4 8 16 32
457 877 562 0  10 1 6 1 2 4 8 16 32
458 154  59 0  23 1 6 1 2 4 8 16 32
459 648 920 0  47 1 6 1 2 4 8 16 32
460 780 581 0  41 1 6 1 2 4 8 16 32
461 896 288 0  87 1 6 1 2 4 8 16 32
462 629 975 0   5 1 6 1 2 4 8 16 32
463 552 831 0  13 1 6 1 2 4 8 16 32
464 920 413 0  18 1 6 1 2 4 8 16 32
465 878 188 0  70 1 6 1 2 4 8 16 32
466 807 419 0  94 1 6 1 2 4 8 16 32
467 623 360 0  48 1 6 1 2 4 8 16 32
468 682 674 0  76 1 6 1 2 4 8 16 32
469 877 711 0  79 1 6 1 2 4 8 16 32
470 517 696 0  92 1 6 1 2 4 8 16 32
471 246 545 0  55 1 6 1 2 4 8 16 32
472 360 524 0  99 1 6 1 2 4 8 16 32
473 739 458 0  53 1 6 1 2 4 8 16 32
474  48 136 0  16 1 6 1 2 4 8 16 32
475  72  27 0  49 1 6 1 2 4 8 16 32
476 393 835 0  92 1 6 1 2 4 8 16 32
477  64 842 0  55 1 6 1 2 4 8 16 32
478  36 247 0  79 1 6 1 2 4 8 16 32
479 659 648 0  65 1 6 1 2 4 8 16 32
480  18 109 0  95 1 6 1 2 4 8 16 32
481 805 793 0  78 1 6 1 2 4 8 16 32
482 533 324 0   5 1 6 1 2 4 8 16 32
483 574 326 0  99 1 6 1 2 4 8 16 32
484 371  48 0  13 1 6 1 2 4 8 16 32
485 582 881 0  90 1 6 1 2 4 8 16 32
486 157 991 0  53 1 6 1 2 4 8 16 32
487 749 740 0  22 1 6 1 2 4 8 16 32
488 480 681 0  99 1 6 1 2 4 8 16 32
489 298 967 0  23 1 6 1 2 4 8 16 32
490 440 975 0  80 1 6 1 2 4 8 16 32
491 563 787 0  90 1 6 1 2 4 8 16 32
492 335 214 0  40 1 6 1 2 4 8 16 32
493  48 551 0  88 1 6 1 2 4 8 16 32
494 283 370 0  99 1 6 1 2 4 8 16 32
495 230 424 0  25 1 6 1 2 4 8 16 32
496 411 237 0  98 1 6 1 2 4 8 16 32
497 537 793 0  25 1 6 1 2 4 8 16 32
498 935 721 0  67 1 6 1 2 4 8 16 32
499 117 565 0  21 1 6 1 2 4 8 16 32
500 328 368 0  10 1 6 1 2 4 8 16 32
501 608 624 0  83 1 6 1 2 4 8 16 32
502 146 327 0  28 1 6 1 2 4 8 16 32
503 615 740 0  88 1 6 1 2 4 8 16 32
504 458 947 0  83 1 6 1 2 4 8 16 32
505 114  34 0  37 1 6 1 2 4 8 16 32
506 562 788 0   0 0 0
507 656 341 0   0 0 0
508 549 519 0   0 0 0
509 845 689 0   0 0 0
510 431 359 0   0 0 0
511 913 933 0   0 0 0
