2 212 527 2
0 247
0 247
  1 778  991 0  43 1 2 1 2
  2 517  742 0  34 1 2 1 2
  3 458  971 0 100 1 2 1 2
  4   3  826 0  67 1 2 1 2
  5 566  949 0  24 1 2 1 2
  6 504   61 0  26 1 2 1 2
  7 610  772 0  68 1 2 1 2
  8 135  263 0  21 1 2 1 2
  9 768  712 0  70 1 2 1 2
 10 391  887 0  78 1 2 1 2
 11 853  978 0  47 1 2 1 2
 12 442  371 0  68 1 2 1 2
 13 814  209 0  93 1 2 1 2
 14 282  282 0  79 1 2 1 2
 15 738  942 0   7 1 2 1 2
 16 118  136 0  22 1 2 1 2
 17 724  699 0  42 1 2 1 2
 18 610  322 0  19 1 2 1 2
 19 792  778 0  47 1 2 1 2
 20 619  937 0   2 1 2 1 2
 21 237  117 0  78 1 2 1 2
 22 497  656 0  90 1 2 1 2
 23 675  579 0  23 1 2 1 2
 24 120  353 0  32 1 2 1 2
 25 431  380 0  68 1 2 1 2
 26 801   12 0  16 1 2 1 2
 27 790  238 0  97 1 2 1 2
 28 472  912 0  65 1 2 1 2
 29 595  128 0  16 1 2 1 2
 30 353  634 0  69 1 2 1 2
 31 585  611 0  36 1 2 1 2
 32 496  175 0  25 1 2 1 2
 33 874  289 0  86 1 2 1 2
 34 272  270 0  21 1 2 1 2
 35 977  440 0  20 1 2 1 2
 36 237  180 0  39 1 2 1 2
 37 542   98 0  46 1 2 1 2
 38 734  102 0   3 1 2 1 2
 39 917  838 0  69 1 2 1 2
 40 836  134 0  87 1 2 1 2
 41 791  878 0   8 1 2 1 2
 42 309  203 0  10 1 2 1 2
 43 238  469 0  37 1 2 1 2
 44 953  208 0  39 1 2 1 2
 45 135  255 0  41 1 2 1 2
 46 589  760 0  22 1 2 1 2
 47 503   80 0  73 1 2 1 2
 48 770  948 0  65 1 2 1 2
 49 378  765 0  13 1 2 1 2
 50 130  159 0  79 1 2 1 2
 51 965  239 0  37 1 2 1 2
 52 823  596 0  26 1 2 1 2
 53 770  233 0  58 1 2 1 2
 54 200  591 0  29 1 2 1 2
 55 539  583 0  93 1 2 1 2
 56 819  960 0  83 1 2 1 2
 57 786  936 0  22 1 2 1 2
 58 100  649 0  45 1 2 1 2
 59 904  853 0  30 1 2 1 2
 60 941  927 0  96 1 2 1 2
 61  88  229 0  74 1 2 1 2
 62 183  224 0  77 1 2 1 2
 63 786  616 0  28 1 2 1 2
 64 250  324 0  96 1 2 1 2
 65 435  612 0  88 1 2 1 2
 66 801  602 0  11 1 2 1 2
 67 189  435 0  12 1 2 1 2
 68 595  610 0  54 1 2 1 2
 69 280    3 0  58 1 2 1 2
 70 869  623 0  90 1 2 1 2
 71 541  521 0  88 1 2 1 2
 72 918  868 0  95 1 2 1 2
 73 216  912 0  20 1 2 1 2
 74 726  872 0  17 1 2 1 2
 75 438  964 0  58 1 2 1 2
 76 880  245 0  55 1 2 1 2
 77 952  321 0  27 1 2 1 2
 78 593  680 0   8 1 2 1 2
 79 271  831 0  72 1 2 1 2
 80  61  407 0  85 1 2 1 2
 81 245  514 0  54 1 2 1 2
 82  43  708 0  67 1 2 1 2
 83 927   20 0  44 1 2 1 2
 84 680  333 0  93 1 2 1 2
 85 913  962 0   4 1 2 1 2
 86 713  717 0   8 1 2 1 2
 87 901  501 0  23 1 2 1 2
 88  36  970 0  21 1 2 1 2
 89 790  460 0  23 1 2 1 2
 90 401   34 0  66 1 2 1 2
 91  45  971 0  42 1 2 1 2
 92 117  138 0  24 1 2 1 2
 93 764  319 0  24 1 2 1 2
 94 861  236 0  27 1 2 1 2
 95 139  883 0  11 1 2 1 2
 96 103  322 0  66 1 2 1 2
 97 234  288 0  80 1 2 1 2
 98 463  133 0  60 1 2 1 2
 99 113   19 0  58 1 2 1 2
100 285  631 0  87 1 2 1 2
101 917  362 0  21 1 2 1 2
102 720  880 0  97 1 2 1 2
103 936  404 0  62 1 2 1 2
104 762  430 0  48 1 2 1 2
105 760  627 0  15 1 2 1 2
106 149  570 0  79 1 2 1 2
107 279  795 0  21 1 2 1 2
108 618  863 0  27 1 2 1 2
109 481  558 0  19 1 2 1 2
110 140  499 0  48 1 2 1 2
111 321  612 0  93 1 2 1 2
112 322  870 0   8 1 2 1 2
113 202   85 0  86 1 2 1 2
114 168  217 0  69 1 2 1 2
115 381  257 0  59 1 2 1 2
116 767  104 0  18 1 2 1 2
117  13  711 0  75 1 2 1 2
118 263  536 0  88 1 2 1 2
119 733  449 0 100 1 2 1 2
120 432  130 0  48 1 2 1 2
121  14  678 0  97 1 2 1 2
122  97  653 0  37 1 2 1 2
123 852  714 0  16 1 2 1 2
124  41   39 0  10 1 2 1 2
125 802  214 0  37 1 2 1 2
126 159  975 0  14 1 2 1 2
127 151  423 0  92 1 2 1 2
128 664  555 0  43 1 2 1 2
129 227  519 0   7 1 2 1 2
130 546  326 0  81 1 2 1 2
131 464  341 0  46 1 2 1 2
132 970  473 0  22 1 2 1 2
133 713  695 0  72 1 2 1 2
134  28  594 0  99 1 2 1 2
135 100  563 0  77 1 2 1 2
136 172  190 0  77 1 2 1 2
137 667  597 0  64 1 2 1 2
138 862   68 0  13 1 2 1 2
139 116  829 0  35 1 2 1 2
140 865  892 0  43 1 2 1 2
141 198  693 0  84 1 2 1 2
142 256  493 0  17 1 2 1 2
143 326  257 0  32 1 2 1 2
144 558  263 0  26 1 2 1 2
145 208  410 0  63 1 2 1 2
146 637  520 0  55 1 2 1 2
147 141  329 0  41 1 2 1 2
148 634  851 0  79 1 2 1 2
149 692  590 0  76 1 2 1 2
150  71  824 0  20 1 2 1 2
151 334  278 0  91 1 2 1 2
152 389  656 0   7 1 2 1 2
153 645  322 0  78 1 2 1 2
154 833  893 0  22 1 2 1 2
155 241  236 0  41 1 2 1 2
156 657  463 0  32 1 2 1 2
157 767  686 0  92 1 2 1 2
158 781  630 0  54 1 2 1 2
159 681  400 0  38 1 2 1 2
160 983  427 0  59 1 2 1 2
161 698  346 0  82 1 2 1 2
162 380  670 0  61 1 2 1 2
163 426  182 0  58 1 2 1 2
164 406  972 0  76 1 2 1 2
165 570  646 0 100 1 2 1 2
166 928  205 0  30 1 2 1 2
167 564  680 0  78 1 2 1 2
168 806  142 0  88 1 2 1 2
169 447  240 0  26 1 2 1 2
170 409  942 0 100 1 2 1 2
171  59  276 0  97 1 2 1 2
172 697  228 0  63 1 2 1 2
173 177  819 0  48 1 2 1 2
174 878  233 0  12 1 2 1 2
175 176  681 0  86 1 2 1 2
176 749  790 0  99 1 2 1 2
177 337  155 0  77 1 2 1 2
178 656  387 0  65 1 2 1 2
179 871  208 0  52 1 2 1 2
180   7  463 0  98 1 2 1 2
181 872   83 0  73 1 2 1 2
182 979  495 0   6 1 2 1 2
183 723  840 0  60 1 2 1 2
184 436  602 0  20 1 2 1 2
185 627  235 0  90 1 2 1 2
186 287   31 0  14 1 2 1 2
187 110  305 0  32 1 2 1 2
188 258  335 0  92 1 2 1 2
189 557  954 0  28 1 2 1 2
190 352  319 0 100 1 2 1 2
191 950  801 0  47 1 2 1 2
192 810  244 0  79 1 2 1 2
193 949  650 0  29 1 2 1 2
194 431  672 0  75 1 2 1 2
195  37  401 0  83 1 2 1 2
196  85  243 0  84 1 2 1 2
197 925  483 0  72 1 2 1 2
198 500  979 0  10 1 2 1 2
199  95  744 0  63 1 2 1 2
200 867  174 0  40 1 2 1 2
201 540  958 0  98 1 2 1 2
202 216  852 0  97 1 2 1 2
203 762  356 0  84 1 2 1 2
204 636  695 0  60 1 2 1 2
205 925  470 0  97 1 2 1 2
206 999  360 0  64 1 2 1 2
207 378  561 0  97 1 2 1 2
208 690  504 0   5 1 2 1 2
209 124  508 0   8 1 2 1 2
210  70  570 0  73 1 2 1 2
211 306  946 0  73 1 2 1 2
212 165  370 0  99 1 2 1 2
213 799  399 0  70 1 2 1 2
214 955  245 0  42 1 2 1 2
215 371  429 0  30 1 2 1 2
216 522  985 0  73 1 2 1 2
217 600   91 0  31 1 2 1 2
218  78  143 0  45 1 2 1 2
219 182  773 0   6 1 2 1 2
220 933  319 0  12 1 2 1 2
221  35  735 0  88 1 2 1 2
222 190  689 0  78 1 2 1 2
223 401  801 0  64 1 2 1 2
224 229  693 0   7 1 2 1 2
225 196  724 0  76 1 2 1 2
226 134  112 0  40 1 2 1 2
227 940  517 0   2 1 2 1 2
228 798  252 0   4 1 2 1 2
229 134  394 0  77 1 2 1 2
230 936   55 0  57 1 2 1 2
231 355  373 0  50 1 2 1 2
232 532  409 0   3 1 2 1 2
233 976  502 0  92 1 2 1 2
234 642  411 0  29 1 2 1 2
235 677  207 0  60 1 2 1 2
236 265  203 0  12 1 2 1 2
237 896  351 0  30 1 2 1 2
238 806  982 0  98 1 2 1 2
239 817  799 0   2 1 2 1 2
240 760  223 0  11 1 2 1 2
241 762  846 0  75 1 2 1 2
242 379  723 0  16 1 2 1 2
243 493   33 0  58 1 2 1 2
244 448   46 0  98 1 2 1 2
245 243  505 0  30 1 2 1 2
246 983  239 0  37 1 2 1 2
247 795  909 0  47 1 2 1 2
248 269  941 0  77 1 2 1 2
249 152  174 0  40 1 2 1 2
250 352  233 0  85 1 2 1 2
251  62  561 0  85 1 2 1 2
252 908  456 0  98 1 2 1 2
253 872  190 0  49 1 2 1 2
254 131  516 0  86 1 2 1 2
255 206  957 0   6 1 2 1 2
256 617  695 0  35 1 2 1 2
257 108  305 0  47 1 2 1 2
258 902  919 0  85 1 2 1 2
259 462  772 0  97 1 2 1 2
260 510  713 0  32 1 2 1 2
261 270  587 0  15 1 2 1 2
262 596   26 0  21 1 2 1 2
263   1  550 0  76 1 2 1 2
264 134   81 0  44 1 2 1 2
265 590   93 0  57 1 2 1 2
266 852  545 0  44 1 2 1 2
267 299  169 0  79 1 2 1 2
268 700  613 0  16 1 2 1 2
269 808  345 0  68 1 2 1 2
270 111  602 0  57 1 2 1 2
271 938  184 0  69 1 2 1 2
272 870  976 0  18 1 2 1 2
273 160  308 0  63 1 2 1 2
274 652   35 0  50 1 2 1 2
275 179  561 0  78 1 2 1 2
276 508  854 0  29 1 2 1 2
277 549  306 0  71 1 2 1 2
278 507  879 0   9 1 2 1 2
279 971  503 0  37 1 2 1 2
280 290  734 0  18 1 2 1 2
281 437   15 0   6 1 2 1 2
282 103  905 0  39 1 2 1 2
283  45  615 0  71 1 2 1 2
284 539  314 0  42 1 2 1 2
285 105  437 0  88 1 2 1 2
286 942  610 0  15 1 2 1 2
287 141   98 0   1 1 2 1 2
288 441  114 0  16 1 2 1 2
289 580   39 0  73 1 2 1 2
290 871  439 0  64 1 2 1 2
291 506 1000 0  23 1 2 1 2
292 385  652 0  51 1 2 1 2
293 857  671 0  10 1 2 1 2
294 758  660 0   7 1 2 1 2
295 109  938 0  83 1 2 1 2
296 705  811 0  40 1 2 1 2
297  35  443 0  82 1 2 1 2
298  14  500 0  43 1 2 1 2
299 615  582 0  12 1 2 1 2
300 527  720 0  51 1 2 1 2
301 686  911 0  32 1 2 1 2
302 727   38 0  33 1 2 1 2
303 229  133 0  87 1 2 1 2
304 597  418 0  31 1 2 1 2
305 184  734 0  10 1 2 1 2
306 499  161 0  15 1 2 1 2
307 793   31 0   1 1 2 1 2
308 381  219 0  88 1 2 1 2
309 939    0 0  13 1 2 1 2
310 720  629 0  41 1 2 1 2
311 571  443 0  91 1 2 1 2
312 710  956 0  33 1 2 1 2
313 238  154 0  78 1 2 1 2
314 539  900 0  96 1 2 1 2
315 261  360 0   4 1 2 1 2
316 880  780 0  12 1 2 1 2
317 204   66 0  12 1 2 1 2
318 608  707 0   3 1 2 1 2
319 217  430 0  11 1 2 1 2
320 983  492 0  10 1 2 1 2
321  79  723 0  95 1 2 1 2
322 736  575 0  63 1 2 1 2
323 432  121 0  48 1 2 1 2
324 958  651 0  17 1 2 1 2
325 785  370 0  46 1 2 1 2
326 112  516 0  16 1 2 1 2
327  66  551 0  84 1 2 1 2
328  49  603 0  82 1 2 1 2
329 884  938 0  69 1 2 1 2
330 318  701 0  96 1 2 1 2
331 491  283 0  71 1 2 1 2
332  10   12 0  45 1 2 1 2
333 273  992 0  51 1 2 1 2
334 410  644 0  98 1 2 1 2
335 895  113 0  41 1 2 1 2
336 384  400 0  86 1 2 1 2
337 935  504 0  88 1 2 1 2
338 568  331 0  56 1 2 1 2
339 741  983 0   7 1 2 1 2
340 634   34 0  31 1 2 1 2
341 720   74 0  15 1 2 1 2
342 150  305 0  59 1 2 1 2
343 473  238 0  91 1 2 1 2
344 743  321 0  97 1 2 1 2
345 392   85 0  73 1 2 1 2
346 416  691 0  73 1 2 1 2
347 386  544 0   7 1 2 1 2
348 369  256 0  65 1 2 1 2
349 632   18 0  66 1 2 1 2
350 947  160 0  72 1 2 1 2
351 368  121 0  68 1 2 1 2
352  14  169 0  17 1 2 1 2
353 732  282 0  65 1 2 1 2
354  92   45 0  17 1 2 1 2
355 321  848 0  25 1 2 1 2
356 589  562 0  69 1 2 1 2
357 519  281 0  37 1 2 1 2
358 843    5 0  62 1 2 1 2
359 250  801 0  26 1 2 1 2
360 306   34 0  58 1 2 1 2
361 495  924 0  59 1 2 1 2
362 786  432 0  31 1 2 1 2
363 577  963 0  21 1 2 1 2
364 101  316 0  24 1 2 1 2
365 422  173 0  35 1 2 1 2
366  66  260 0  66 1 2 1 2
367 412  496 0  34 1 2 1 2
368 347  687 0  91 1 2 1 2
369 329  978 0  52 1 2 1 2
370 406  913 0  34 1 2 1 2
371  87  536 0  28 1 2 1 2
372 527   95 0  29 1 2 1 2
373 547  903 0   4 1 2 1 2
374 423  907 0  55 1 2 1 2
375  54  860 0  83 1 2 1 2
376 235  783 0  98 1 2 1 2
377 925   71 0  50 1 2 1 2
378  18  981 0   1 1 2 1 2
379 660  275 0  83 1 2 1 2
380 978  116 0   3 1 2 1 2
381 269   45 0  38 1 2 1 2
382 400  273 0  63 1 2 1 2
383 241  592 0  37 1 2 1 2
384  74  376 0  10 1 2 1 2
385 929   70 0  12 1 2 1 2
386 931  595 0  34 1 2 1 2
387  26  341 0   8 1 2 1 2
388 426  427 0  19 1 2 1 2
389 914  168 0  56 1 2 1 2
390  14  745 0  62 1 2 1 2
391 968  452 0  52 1 2 1 2
392 692  611 0  61 1 2 1 2
393 874  822 0  53 1 2 1 2
394 297  677 0  76 1 2 1 2
395 855  410 0  29 1 2 1 2
396 415  253 0  71 1 2 1 2
397 631  774 0  81 1 2 1 2
398 790  190 0  68 1 2 1 2
399 995  475 0  94 1 2 1 2
400 325  409 0  53 1 2 1 2
401 360  545 0  71 1 2 1 2
402 151  212 0  36 1 2 1 2
403 921  471 0  81 1 2 1 2
404 982  976 0  62 1 2 1 2
405 702  280 0  93 1 2 1 2
406 220  403 0  66 1 2 1 2
407 835  600 0  54 1 2 1 2
408 818  262 0  55 1 2 1 2
409 879  437 0  59 1 2 1 2
410 148  705 0  61 1 2 1 2
411 492  995 0  26 1 2 1 2
412 973  473 0  45 1 2 1 2
413 880  584 0  71 1 2 1 2
414 557  943 0  40 1 2 1 2
415 472  746 0  95 1 2 1 2
416 135  853 0  51 1 2 1 2
417 434  785 0   4 1 2 1 2
418 302  362 0  73 1 2 1 2
419  23  300 0  31 1 2 1 2
420 464  565 0 100 1 2 1 2
421 198  594 0  46 1 2 1 2
422 783  658 0  76 1 2 1 2
423 398  398 0  29 1 2 1 2
424 735  462 0  83 1 2 1 2
425 771  102 0  58 1 2 1 2
426 722  405 0  52 1 2 1 2
427  42   52 0  82 1 2 1 2
428 136  396 0  54 1 2 1 2
429 911  559 0   6 1 2 1 2
430 374  971 0  54 1 2 1 2
431 371  773 0  56 1 2 1 2
432 281  853 0  63 1 2 1 2
433 927  106 0  76 1 2 1 2
434 236    5 0   2 1 2 1 2
435 107  221 0  25 1 2 1 2
436 836  467 0  16 1 2 1 2
437 649  276 0  22 1 2 1 2
438 729   29 0   6 1 2 1 2
439 888  289 0   5 1 2 1 2
440 639  939 0  52 1 2 1 2
441 669   30 0   5 1 2 1 2
442 494  848 0  71 1 2 1 2
443 774  475 0  66 1 2 1 2
444 637  462 0  18 1 2 1 2
445 474  536 0  73 1 2 1 2
446 744  530 0  29 1 2 1 2
447  47   34 0   5 1 2 1 2
448 695  260 0  39 1 2 1 2
449 535  914 0  71 1 2 1 2
450 727  329 0  46 1 2 1 2
451 125  186 0  38 1 2 1 2
452  62  161 0  98 1 2 1 2
453 697   31 0   5 1 2 1 2
454 618  680 0  97 1 2 1 2
455 760  952 0  46 1 2 1 2
456 443   62 0  81 1 2 1 2
457 200  708 0   7 1 2 1 2
458  69  612 0  13 1 2 1 2
459  76  792 0  35 1 2 1 2
460 274  209 0  68 1 2 1 2
461 868  947 0  11 1 2 1 2
462 912  739 0   5 1 2 1 2
463 690  489 0  43 1 2 1 2
464 421  185 0  99 1 2 1 2
465 751  871 0  20 1 2 1 2
466 614  277 0  45 1 2 1 2
467 422  133 0  34 1 2 1 2
468 881  533 0  35 1 2 1 2
469 811  752 0  69 1 2 1 2
470 742  724 0  81 1 2 1 2
471 531  614 0  76 1 2 1 2
472 356  819 0  59 1 2 1 2
473  36  751 0  71 1 2 1 2
474 602  607 0  25 1 2 1 2
475 891  858 0  46 1 2 1 2
476 857  392 0  95 1 2 1 2
477 890  124 0  39 1 2 1 2
478 841   89 0  26 1 2 1 2
479 353  771 0  99 1 2 1 2
480 494  271 0  37 1 2 1 2
481 715  706 0  59 1 2 1 2
482 792  286 0  63 1 2 1 2
483  55  314 0  62 1 2 1 2
484 115  639 0  53 1 2 1 2
485  74  393 0  36 1 2 1 2
486 862   96 0  83 1 2 1 2
487 333  301 0  54 1 2 1 2
488 663  661 0  82 1 2 1 2
489 322  174 0  23 1 2 1 2
490 417  127 0   4 1 2 1 2
491 283  596 0  90 1 2 1 2
492 800  595 0  43 1 2 1 2
493 215  867 0  17 1 2 1 2
494 294  523 0  25 1 2 1 2
495  90  498 0  42 1 2 1 2
496 602  958 0  13 1 2 1 2
497 811   93 0  56 1 2 1 2
498 674  752 0  46 1 2 1 2
499 943  178 0  54 1 2 1 2
500 715  157 0   2 1 2 1 2
501 565  502 0  29 1 2 1 2
502 618  262 0  81 1 2 1 2
503 244  657 0 100 1 2 1 2
504 173   97 0  29 1 2 1 2
505 606  604 0  82 1 2 1 2
506 888  269 0  52 1 2 1 2
507 890  769 0  57 1 2 1 2
508 371  807 0  10 1 2 1 2
509 544  874 0  27 1 2 1 2
510 131  889 0  22 1 2 1 2
511 724  760 0  57 1 2 1 2
512 867  740 0  98 1 2 1 2
513 145  673 0  94 1 2 1 2
514 235  209 0   4 1 2 1 2
515 312  825 0  57 1 2 1 2
516 647  141 0  33 1 2 1 2
517 235  257 0  29 1 2 1 2
518 941  333 0  32 1 2 1 2
519 196  332 0  57 1 2 1 2
520 963  667 0  26 1 2 1 2
521 612  837 0  41 1 2 1 2
522 369  401 0  69 1 2 1 2
523 113  952 0  15 1 2 1 2
524 137  854 0  89 1 2 1 2
525 200  827 0  71 1 2 1 2
526 721  124 0  93 1 2 1 2
527 766  362 0  99 1 2 1 2
528 442  777 0   0 0 0
529 775  890 0   0 0 0
