2 79 581 7
0 238
0 238
0 238
0 238
0 238
0 238
0 238
  1  409 499 0  85 1 7 1 2 4 8 16 32 64
  2   60 246 0  13 1 7 1 2 4 8 16 32 64
  3  411 747 0  45 1 7 1 2 4 8 16 32 64
  4  617 432 0  17 1 7 1 2 4 8 16 32 64
  5  509 617 0  76 1 7 1 2 4 8 16 32 64
  6  272 269 0  79 1 7 1 2 4 8 16 32 64
  7  236 863 0  89 1 7 1 2 4 8 16 32 64
  8   28 444 0  41 1 7 1 2 4 8 16 32 64
  9  872 342 0  35 1 7 1 2 4 8 16 32 64
 10  605 794 0  34 1 7 1 2 4 8 16 32 64
 11  434 664 0  91 1 7 1 2 4 8 16 32 64
 12  812   9 0  45 1 7 1 2 4 8 16 32 64
 13  219 492 0  89 1 7 1 2 4 8 16 32 64
 14  809 637 0  40 1 7 1 2 4 8 16 32 64
 15  873 219 0  13 1 7 1 2 4 8 16 32 64
 16  599 347 0  95 1 7 1 2 4 8 16 32 64
 17  872 446 0  26 1 7 1 2 4 8 16 32 64
 18  168 703 0  67 1 7 1 2 4 8 16 32 64
 19  212 192 0  76 1 7 1 2 4 8 16 32 64
 20  565 221 0  19 1 7 1 2 4 8 16 32 64
 21  616 767 0  73 1 7 1 2 4 8 16 32 64
 22   70  40 0  31 1 7 1 2 4 8 16 32 64
 23  563 344 0  71 1 7 1 2 4 8 16 32 64
 24  811 645 0  46 1 7 1 2 4 8 16 32 64
 25  859 717 0  91 1 7 1 2 4 8 16 32 64
 26  548 755 0  17 1 7 1 2 4 8 16 32 64
 27  811 229 0  70 1 7 1 2 4 8 16 32 64
 28  652 912 0  13 1 7 1 2 4 8 16 32 64
 29  866  61 0  17 1 7 1 2 4 8 16 32 64
 30  615 700 0  86 1 7 1 2 4 8 16 32 64
 31  501 659 0  62 1 7 1 2 4 8 16 32 64
 32  415 233 0  92 1 7 1 2 4 8 16 32 64
 33  896 381 0  76 1 7 1 2 4 8 16 32 64
 34   13 419 0  49 1 7 1 2 4 8 16 32 64
 35  107 171 0  84 1 7 1 2 4 8 16 32 64
 36   40 393 0  63 1 7 1 2 4 8 16 32 64
 37  772 453 0  39 1 7 1 2 4 8 16 32 64
 38  151 768 0   6 1 7 1 2 4 8 16 32 64
 39  145 612 0  81 1 7 1 2 4 8 16 32 64
 40  701 454 0  12 1 7 1 2 4 8 16 32 64
 41  669 112 0  84 1 7 1 2 4 8 16 32 64
 42   86 900 0  15 1 7 1 2 4 8 16 32 64
 43   33 926 0   2 1 7 1 2 4 8 16 32 64
 44  808 953 0  31 1 7 1 2 4 8 16 32 64
 45    7 405 0  45 1 7 1 2 4 8 16 32 64
 46  279  77 0  15 1 7 1 2 4 8 16 32 64
 47   66 573 0  98 1 7 1 2 4 8 16 32 64
 48  957 131 0 100 1 7 1 2 4 8 16 32 64
 49  485 631 0  18 1 7 1 2 4 8 16 32 64
 50  787 341 0  13 1 7 1 2 4 8 16 32 64
 51  164 764 0  19 1 7 1 2 4 8 16 32 64
 52  997 397 0  20 1 7 1 2 4 8 16 32 64
 53  323  25 0  51 1 7 1 2 4 8 16 32 64
 54  689  77 0  36 1 7 1 2 4 8 16 32 64
 55  611 976 0  22 1 7 1 2 4 8 16 32 64
 56  165  87 0  73 1 7 1 2 4 8 16 32 64
 57  952 232 0  73 1 7 1 2 4 8 16 32 64
 58  173 773 0  40 1 7 1 2 4 8 16 32 64
 59  854 301 0  97 1 7 1 2 4 8 16 32 64
 60  719 698 0  99 1 7 1 2 4 8 16 32 64
 61   30 707 0  38 1 7 1 2 4 8 16 32 64
 62  435 704 0   1 1 7 1 2 4 8 16 32 64
 63  604 276 0  73 1 7 1 2 4 8 16 32 64
 64  755 361 0 100 1 7 1 2 4 8 16 32 64
 65  480 299 0   5 1 7 1 2 4 8 16 32 64
 66  857 560 0 100 1 7 1 2 4 8 16 32 64
 67  333 658 0  50 1 7 1 2 4 8 16 32 64
 68  273 234 0  93 1 7 1 2 4 8 16 32 64
 69  658 393 0   6 1 7 1 2 4 8 16 32 64
 70  722 620 0  13 1 7 1 2 4 8 16 32 64
 71  190 966 0  53 1 7 1 2 4 8 16 32 64
 72  752 151 0  81 1 7 1 2 4 8 16 32 64
 73  523 916 0  45 1 7 1 2 4 8 16 32 64
 74  352 547 0  71 1 7 1 2 4 8 16 32 64
 75  822 433 0  52 1 7 1 2 4 8 16 32 64
 76  291 613 0  80 1 7 1 2 4 8 16 32 64
 77  740 673 0  20 1 7 1 2 4 8 16 32 64
 78  843 946 0   4 1 7 1 2 4 8 16 32 64
 79  981 664 0  63 1 7 1 2 4 8 16 32 64
 80  612 463 0  42 1 7 1 2 4 8 16 32 64
 81  651 532 0  86 1 7 1 2 4 8 16 32 64
 82  563 371 0  93 1 7 1 2 4 8 16 32 64
 83  558 138 0  62 1 7 1 2 4 8 16 32 64
 84  268 354 0  18 1 7 1 2 4 8 16 32 64
 85  300 651 0  76 1 7 1 2 4 8 16 32 64
 86   36 700 0  27 1 7 1 2 4 8 16 32 64
 87  545 938 0  36 1 7 1 2 4 8 16 32 64
 88  342 760 0  84 1 7 1 2 4 8 16 32 64
 89  428 247 0  88 1 7 1 2 4 8 16 32 64
 90  865 643 0  46 1 7 1 2 4 8 16 32 64
 91  440 299 0  78 1 7 1 2 4 8 16 32 64
 92   19 961 0  25 1 7 1 2 4 8 16 32 64
 93  443  54 0  41 1 7 1 2 4 8 16 32 64
 94  208 677 0  40 1 7 1 2 4 8 16 32 64
 95  876 204 0  28 1 7 1 2 4 8 16 32 64
 96  749  48 0  60 1 7 1 2 4 8 16 32 64
 97  611 956 0  16 1 7 1 2 4 8 16 32 64
 98  562 505 0  57 1 7 1 2 4 8 16 32 64
 99  850 832 0  51 1 7 1 2 4 8 16 32 64
100  241 262 0  40 1 7 1 2 4 8 16 32 64
101  101 596 0  27 1 7 1 2 4 8 16 32 64
102  208 513 0  19 1 7 1 2 4 8 16 32 64
103  676 267 0  24 1 7 1 2 4 8 16 32 64
104  221 651 0  98 1 7 1 2 4 8 16 32 64
105  916 320 0  36 1 7 1 2 4 8 16 32 64
106  108 361 0  93 1 7 1 2 4 8 16 32 64
107  933 518 0  94 1 7 1 2 4 8 16 32 64
108   98 139 0  99 1 7 1 2 4 8 16 32 64
109  336 335 0  35 1 7 1 2 4 8 16 32 64
110  709 580 0  74 1 7 1 2 4 8 16 32 64
111  831 325 0  34 1 7 1 2 4 8 16 32 64
112  476 959 0  81 1 7 1 2 4 8 16 32 64
113  130 121 0  63 1 7 1 2 4 8 16 32 64
114  490 942 0  51 1 7 1 2 4 8 16 32 64
115  953 319 0  76 1 7 1 2 4 8 16 32 64
116  728 516 0   1 1 7 1 2 4 8 16 32 64
117  291 121 0  88 1 7 1 2 4 8 16 32 64
118  313 601 0  67 1 7 1 2 4 8 16 32 64
119  368 526 0  16 1 7 1 2 4 8 16 32 64
120  737 935 0  65 1 7 1 2 4 8 16 32 64
121  223  57 0  71 1 7 1 2 4 8 16 32 64
122  606  21 0  74 1 7 1 2 4 8 16 32 64
123  910 168 0  67 1 7 1 2 4 8 16 32 64
124  718 655 0  24 1 7 1 2 4 8 16 32 64
125  250 829 0  31 1 7 1 2 4 8 16 32 64
126  811 451 0  24 1 7 1 2 4 8 16 32 64
127  461 316 0  40 1 7 1 2 4 8 16 32 64
128  913 391 0  44 1 7 1 2 4 8 16 32 64
129  635 962 0  88 1 7 1 2 4 8 16 32 64
130  244 327 0  46 1 7 1 2 4 8 16 32 64
131  890 576 0  41 1 7 1 2 4 8 16 32 64
132  661 220 0  58 1 7 1 2 4 8 16 32 64
133  191 430 0  30 1 7 1 2 4 8 16 32 64
134  920 479 0  68 1 7 1 2 4 8 16 32 64
135  936 472 0  40 1 7 1 2 4 8 16 32 64
136  556 670 0  34 1 7 1 2 4 8 16 32 64
137  681  98 0  86 1 7 1 2 4 8 16 32 64
138  704 322 0  28 1 7 1 2 4 8 16 32 64
139  893 130 0  32 1 7 1 2 4 8 16 32 64
140  316 100 0  41 1 7 1 2 4 8 16 32 64
141  269 951 0   3 1 7 1 2 4 8 16 32 64
142  496 663 0   9 1 7 1 2 4 8 16 32 64
143  990 386 0  37 1 7 1 2 4 8 16 32 64
144  976 769 0  10 1 7 1 2 4 8 16 32 64
145  183 530 0  19 1 7 1 2 4 8 16 32 64
146  172 604 0  91 1 7 1 2 4 8 16 32 64
147  309  54 0  59 1 7 1 2 4 8 16 32 64
148    5  14 0  56 1 7 1 2 4 8 16 32 64
149  427 458 0  26 1 7 1 2 4 8 16 32 64
150   48 899 0  33 1 7 1 2 4 8 16 32 64
151  952 707 0  58 1 7 1 2 4 8 16 32 64
152  816 873 0  52 1 7 1 2 4 8 16 32 64
153  857  91 0   6 1 7 1 2 4 8 16 32 64
154  800 611 0  17 1 7 1 2 4 8 16 32 64
155  216 915 0  72 1 7 1 2 4 8 16 32 64
156  701 128 0  19 1 7 1 2 4 8 16 32 64
157  373 933 0  64 1 7 1 2 4 8 16 32 64
158  423 725 0  86 1 7 1 2 4 8 16 32 64
159  168 366 0  84 1 7 1 2 4 8 16 32 64
160   38 122 0  40 1 7 1 2 4 8 16 32 64
161  940  91 0  62 1 7 1 2 4 8 16 32 64
162  766 976 0  76 1 7 1 2 4 8 16 32 64
163  729  42 0 100 1 7 1 2 4 8 16 32 64
164  886 453 0  82 1 7 1 2 4 8 16 32 64
165  444 739 0  54 1 7 1 2 4 8 16 32 64
166  517 491 0  46 1 7 1 2 4 8 16 32 64
167  181  38 0  69 1 7 1 2 4 8 16 32 64
168   25 540 0  16 1 7 1 2 4 8 16 32 64
169  800 662 0  30 1 7 1 2 4 8 16 32 64
170  783 640 0  39 1 7 1 2 4 8 16 32 64
171  736 414 0  74 1 7 1 2 4 8 16 32 64
172  199 339 0  56 1 7 1 2 4 8 16 32 64
173  395 767 0  16 1 7 1 2 4 8 16 32 64
174   48   7 0  94 1 7 1 2 4 8 16 32 64
175  898 664 0   7 1 7 1 2 4 8 16 32 64
176  466 291 0  31 1 7 1 2 4 8 16 32 64
177  717 583 0  50 1 7 1 2 4 8 16 32 64
178  944 900 0  10 1 7 1 2 4 8 16 32 64
179  307 252 0  74 1 7 1 2 4 8 16 32 64
180   58 317 0  23 1 7 1 2 4 8 16 32 64
181  168 717 0  80 1 7 1 2 4 8 16 32 64
182  907 552 0  87 1 7 1 2 4 8 16 32 64
183  495 923 0   6 1 7 1 2 4 8 16 32 64
184  496 733 0  15 1 7 1 2 4 8 16 32 64
185    3 728 0  93 1 7 1 2 4 8 16 32 64
186  907  64 0  49 1 7 1 2 4 8 16 32 64
187   93  43 0  79 1 7 1 2 4 8 16 32 64
188  535  48 0  87 1 7 1 2 4 8 16 32 64
189  528 627 0  62 1 7 1 2 4 8 16 32 64
190  448 654 0  88 1 7 1 2 4 8 16 32 64
191  522  67 0  52 1 7 1 2 4 8 16 32 64
192  758 441 0  54 1 7 1 2 4 8 16 32 64
193  111 179 0  68 1 7 1 2 4 8 16 32 64
194  725 948 0  30 1 7 1 2 4 8 16 32 64
195  452 233 0  87 1 7 1 2 4 8 16 32 64
196  587 461 0  23 1 7 1 2 4 8 16 32 64
197  645  62 0  53 1 7 1 2 4 8 16 32 64
198  131 839 0  33 1 7 1 2 4 8 16 32 64
199  986 448 0  30 1 7 1 2 4 8 16 32 64
200  874 746 0  91 1 7 1 2 4 8 16 32 64
201  136 189 0  11 1 7 1 2 4 8 16 32 64
202  255 256 0  12 1 7 1 2 4 8 16 32 64
203  918 707 0  92 1 7 1 2 4 8 16 32 64
204  306 339 0   8 1 7 1 2 4 8 16 32 64
205  849 692 0  82 1 7 1 2 4 8 16 32 64
206   38 963 0  94 1 7 1 2 4 8 16 32 64
207  665 787 0  18 1 7 1 2 4 8 16 32 64
208  309 563 0  20 1 7 1 2 4 8 16 32 64
209  815 287 0   1 1 7 1 2 4 8 16 32 64
210  326   7 0  21 1 7 1 2 4 8 16 32 64
211  800 756 0  18 1 7 1 2 4 8 16 32 64
212   59 156 0  93 1 7 1 2 4 8 16 32 64
213  493 977 0  44 1 7 1 2 4 8 16 32 64
214  261 668 0  35 1 7 1 2 4 8 16 32 64
215  885 670 0  30 1 7 1 2 4 8 16 32 64
216  600 338 0   9 1 7 1 2 4 8 16 32 64
217  808 640 0  43 1 7 1 2 4 8 16 32 64
218  449 591 0  42 1 7 1 2 4 8 16 32 64
219  279 366 0   9 1 7 1 2 4 8 16 32 64
220  339 441 0  94 1 7 1 2 4 8 16 32 64
221    9 491 0  90 1 7 1 2 4 8 16 32 64
222   59 398 0  94 1 7 1 2 4 8 16 32 64
223   93 652 0   6 1 7 1 2 4 8 16 32 64
224  852 205 0   9 1 7 1 2 4 8 16 32 64
225  870 395 0  33 1 7 1 2 4 8 16 32 64
226  179  52 0  79 1 7 1 2 4 8 16 32 64
227  786 316 0  72 1 7 1 2 4 8 16 32 64
228  951 523 0  28 1 7 1 2 4 8 16 32 64
229  161 841 0  19 1 7 1 2 4 8 16 32 64
230  842 260 0  73 1 7 1 2 4 8 16 32 64
231  213 625 0  34 1 7 1 2 4 8 16 32 64
232   50 887 0  35 1 7 1 2 4 8 16 32 64
233  909 283 0  34 1 7 1 2 4 8 16 32 64
234  380 866 0  68 1 7 1 2 4 8 16 32 64
235  934 470 0  18 1 7 1 2 4 8 16 32 64
236   27 974 0   2 1 7 1 2 4 8 16 32 64
237  932 870 0  66 1 7 1 2 4 8 16 32 64
238  836  49 0  19 1 7 1 2 4 8 16 32 64
239  795 225 0  92 1 7 1 2 4 8 16 32 64
240   27 521 0  39 1 7 1 2 4 8 16 32 64
241  828 922 0  79 1 7 1 2 4 8 16 32 64
242   61 349 0  93 1 7 1 2 4 8 16 32 64
243  878 960 0  37 1 7 1 2 4 8 16 32 64
244  408 257 0  83 1 7 1 2 4 8 16 32 64
245  694 580 0  14 1 7 1 2 4 8 16 32 64
246  199 361 0  19 1 7 1 2 4 8 16 32 64
247    7 145 0  30 1 7 1 2 4 8 16 32 64
248  301 961 0  45 1 7 1 2 4 8 16 32 64
249  919 980 0  52 1 7 1 2 4 8 16 32 64
250  803  23 0  68 1 7 1 2 4 8 16 32 64
251  645 776 0  51 1 7 1 2 4 8 16 32 64
252  601 154 0  67 1 7 1 2 4 8 16 32 64
253  116 201 0  67 1 7 1 2 4 8 16 32 64
254  368 640 0  30 1 7 1 2 4 8 16 32 64
255  164 462 0  62 1 7 1 2 4 8 16 32 64
256  707 257 0  48 1 7 1 2 4 8 16 32 64
257   33 194 0  75 1 7 1 2 4 8 16 32 64
258  107 382 0  77 1 7 1 2 4 8 16 32 64
259   18 500 0  54 1 7 1 2 4 8 16 32 64
260  316 630 0  89 1 7 1 2 4 8 16 32 64
261   15 927 0  89 1 7 1 2 4 8 16 32 64
262  945 858 0  12 1 7 1 2 4 8 16 32 64
263   98 955 0  13 1 7 1 2 4 8 16 32 64
264  483 440 0  12 1 7 1 2 4 8 16 32 64
265   54 639 0  77 1 7 1 2 4 8 16 32 64
266  851 734 0  96 1 7 1 2 4 8 16 32 64
267   30 818 0   8 1 7 1 2 4 8 16 32 64
268   65 884 0  94 1 7 1 2 4 8 16 32 64
269   44 553 0  10 1 7 1 2 4 8 16 32 64
270  362 385 0  76 1 7 1 2 4 8 16 32 64
271   31 713 0  91 1 7 1 2 4 8 16 32 64
272  167 860 0   5 1 7 1 2 4 8 16 32 64
273  530 287 0  89 1 7 1 2 4 8 16 32 64
274  569 681 0   5 1 7 1 2 4 8 16 32 64
275  720 894 0  20 1 7 1 2 4 8 16 32 64
276  896 701 0  33 1 7 1 2 4 8 16 32 64
277  618 386 0  20 1 7 1 2 4 8 16 32 64
278  717 293 0  79 1 7 1 2 4 8 16 32 64
279  442 451 0  21 1 7 1 2 4 8 16 32 64
280    0 846 0  82 1 7 1 2 4 8 16 32 64
281  593 807 0  26 1 7 1 2 4 8 16 32 64
282  547 873 0  15 1 7 1 2 4 8 16 32 64
283  348 725 0  34 1 7 1 2 4 8 16 32 64
284  923 630 0  60 1 7 1 2 4 8 16 32 64
285  536  81 0   7 1 7 1 2 4 8 16 32 64
286  470 740 0  20 1 7 1 2 4 8 16 32 64
287  279 865 0  19 1 7 1 2 4 8 16 32 64
288  395 613 0  58 1 7 1 2 4 8 16 32 64
289  457 806 0  29 1 7 1 2 4 8 16 32 64
290  467 244 0  60 1 7 1 2 4 8 16 32 64
291  239 607 0  37 1 7 1 2 4 8 16 32 64
292  283 476 0  74 1 7 1 2 4 8 16 32 64
293  335 902 0  66 1 7 1 2 4 8 16 32 64
294  948 362 0  92 1 7 1 2 4 8 16 32 64
295  318 925 0  18 1 7 1 2 4 8 16 32 64
296  449 593 0  84 1 7 1 2 4 8 16 32 64
297  706 738 0  38 1 7 1 2 4 8 16 32 64
298  166 564 0  26 1 7 1 2 4 8 16 32 64
299  495 342 0   1 1 7 1 2 4 8 16 32 64
300  395 588 0  14 1 7 1 2 4 8 16 32 64
301  104 787 0   3 1 7 1 2 4 8 16 32 64
302  172  90 0  22 1 7 1 2 4 8 16 32 64
303  378 986 0  41 1 7 1 2 4 8 16 32 64
304  344 120 0  80 1 7 1 2 4 8 16 32 64
305  142 394 0  19 1 7 1 2 4 8 16 32 64
306  956 931 0  69 1 7 1 2 4 8 16 32 64
307  916  11 0  75 1 7 1 2 4 8 16 32 64
308  569 802 0  35 1 7 1 2 4 8 16 32 64
309  659  26 0  93 1 7 1 2 4 8 16 32 64
310   45 379 0  77 1 7 1 2 4 8 16 32 64
311  152 156 0  40 1 7 1 2 4 8 16 32 64
312  425 281 0  47 1 7 1 2 4 8 16 32 64
313  242 177 0   7 1 7 1 2 4 8 16 32 64
314  302 334 0   1 1 7 1 2 4 8 16 32 64
315  561 705 0  54 1 7 1 2 4 8 16 32 64
316  479 970 0  48 1 7 1 2 4 8 16 32 64
317  223 603 0  14 1 7 1 2 4 8 16 32 64
318  779 909 0  10 1 7 1 2 4 8 16 32 64
319  162 858 0  88 1 7 1 2 4 8 16 32 64
320  197 326 0  64 1 7 1 2 4 8 16 32 64
321  802 263 0  21 1 7 1 2 4 8 16 32 64
322   94 305 0  63 1 7 1 2 4 8 16 32 64
323  812 132 0  97 1 7 1 2 4 8 16 32 64
324  136 536 0  57 1 7 1 2 4 8 16 32 64
325  427 363 0  38 1 7 1 2 4 8 16 32 64
326  477 709 0  83 1 7 1 2 4 8 16 32 64
327    0 176 0  81 1 7 1 2 4 8 16 32 64
328  209   7 0  30 1 7 1 2 4 8 16 32 64
329  682 830 0  28 1 7 1 2 4 8 16 32 64
330  414 341 0  45 1 7 1 2 4 8 16 32 64
331  400 263 0  65 1 7 1 2 4 8 16 32 64
332  112 987 0  63 1 7 1 2 4 8 16 32 64
333  593 685 0   6 1 7 1 2 4 8 16 32 64
334   24 413 0  36 1 7 1 2 4 8 16 32 64
335  587 457 0  49 1 7 1 2 4 8 16 32 64
336  808 265 0  96 1 7 1 2 4 8 16 32 64
337  474 547 0  26 1 7 1 2 4 8 16 32 64
338  612 575 0  57 1 7 1 2 4 8 16 32 64
339  789 776 0  51 1 7 1 2 4 8 16 32 64
340  423 450 0  13 1 7 1 2 4 8 16 32 64
341  352 163 0  74 1 7 1 2 4 8 16 32 64
342  426  55 0  34 1 7 1 2 4 8 16 32 64
343  353 953 0  30 1 7 1 2 4 8 16 32 64
344  585 724 0  27 1 7 1 2 4 8 16 32 64
345  570 227 0  93 1 7 1 2 4 8 16 32 64
346  935 744 0  54 1 7 1 2 4 8 16 32 64
347  498 341 0  82 1 7 1 2 4 8 16 32 64
348  883 774 0  54 1 7 1 2 4 8 16 32 64
349  441 680 0  31 1 7 1 2 4 8 16 32 64
350  847 895 0  31 1 7 1 2 4 8 16 32 64
351  626 383 0  51 1 7 1 2 4 8 16 32 64
352   60 409 0  62 1 7 1 2 4 8 16 32 64
353  795 568 0  79 1 7 1 2 4 8 16 32 64
354  445 600 0  86 1 7 1 2 4 8 16 32 64
355  321 336 0  88 1 7 1 2 4 8 16 32 64
356  852 370 0  27 1 7 1 2 4 8 16 32 64
357  162 579 0  32 1 7 1 2 4 8 16 32 64
358   65 378 0  73 1 7 1 2 4 8 16 32 64
359  271 726 0  81 1 7 1 2 4 8 16 32 64
360  783 160 0  14 1 7 1 2 4 8 16 32 64
361  662 437 0  70 1 7 1 2 4 8 16 32 64
362  493 388 0  44 1 7 1 2 4 8 16 32 64
363    4 141 0   3 1 7 1 2 4 8 16 32 64
364  872 273 0  58 1 7 1 2 4 8 16 32 64
365  262 680 0   1 1 7 1 2 4 8 16 32 64
366  307 700 0  71 1 7 1 2 4 8 16 32 64
367  980 280 0   1 1 7 1 2 4 8 16 32 64
368  211 152 0  47 1 7 1 2 4 8 16 32 64
369  982 409 0   2 1 7 1 2 4 8 16 32 64
370  613 650 0  15 1 7 1 2 4 8 16 32 64
371  259 914 0  81 1 7 1 2 4 8 16 32 64
372  547 256 0  13 1 7 1 2 4 8 16 32 64
373  416 715 0   9 1 7 1 2 4 8 16 32 64
374  453 123 0  38 1 7 1 2 4 8 16 32 64
375  890 842 0  46 1 7 1 2 4 8 16 32 64
376  261 381 0  66 1 7 1 2 4 8 16 32 64
377  950 102 0   9 1 7 1 2 4 8 16 32 64
378  658 905 0  93 1 7 1 2 4 8 16 32 64
379  823 942 0  14 1 7 1 2 4 8 16 32 64
380  215 999 0  97 1 7 1 2 4 8 16 32 64
381  313 266 0  73 1 7 1 2 4 8 16 32 64
382  735 408 0  46 1 7 1 2 4 8 16 32 64
383  110  89 0  38 1 7 1 2 4 8 16 32 64
384  141 767 0  68 1 7 1 2 4 8 16 32 64
385  773 308 0  16 1 7 1 2 4 8 16 32 64
386  993   9 0  41 1 7 1 2 4 8 16 32 64
387  305 876 0  56 1 7 1 2 4 8 16 32 64
388  747 514 0  25 1 7 1 2 4 8 16 32 64
389  500 996 0  85 1 7 1 2 4 8 16 32 64
390   13 763 0  74 1 7 1 2 4 8 16 32 64
391  637 371 0  93 1 7 1 2 4 8 16 32 64
392  297 125 0  29 1 7 1 2 4 8 16 32 64
393  380 548 0  78 1 7 1 2 4 8 16 32 64
394  820 839 0  19 1 7 1 2 4 8 16 32 64
395  488 837 0  77 1 7 1 2 4 8 16 32 64
396  773 997 0  36 1 7 1 2 4 8 16 32 64
397  151 464 0  36 1 7 1 2 4 8 16 32 64
398  795 682 0  18 1 7 1 2 4 8 16 32 64
399  622 823 0  88 1 7 1 2 4 8 16 32 64
400  491 403 0  40 1 7 1 2 4 8 16 32 64
401  205 303 0  51 1 7 1 2 4 8 16 32 64
402   37 592 0  21 1 7 1 2 4 8 16 32 64
403  527 267 0  50 1 7 1 2 4 8 16 32 64
404  404 958 0  45 1 7 1 2 4 8 16 32 64
405  427 924 0  79 1 7 1 2 4 8 16 32 64
406  170 310 0  94 1 7 1 2 4 8 16 32 64
407  141 602 0  74 1 7 1 2 4 8 16 32 64
408  920  32 0  23 1 7 1 2 4 8 16 32 64
409  553  73 0  18 1 7 1 2 4 8 16 32 64
410  419 630 0  32 1 7 1 2 4 8 16 32 64
411  649  69 0  61 1 7 1 2 4 8 16 32 64
412  853 990 0  76 1 7 1 2 4 8 16 32 64
413  677  89 0  34 1 7 1 2 4 8 16 32 64
414  936 399 0  22 1 7 1 2 4 8 16 32 64
415  965 536 0   4 1 7 1 2 4 8 16 32 64
416   82 178 0  44 1 7 1 2 4 8 16 32 64
417   11 983 0  40 1 7 1 2 4 8 16 32 64
418  623 862 0  73 1 7 1 2 4 8 16 32 64
419  760 205 0  68 1 7 1 2 4 8 16 32 64
420  144 454 0  23 1 7 1 2 4 8 16 32 64
421  159 697 0  97 1 7 1 2 4 8 16 32 64
422 1000 522 0   6 1 7 1 2 4 8 16 32 64
423  767 245 0  45 1 7 1 2 4 8 16 32 64
424  881 108 0  85 1 7 1 2 4 8 16 32 64
425  378  57 0  11 1 7 1 2 4 8 16 32 64
426  670 503 0  88 1 7 1 2 4 8 16 32 64
427  642 243 0   1 1 7 1 2 4 8 16 32 64
428  232 819 0  68 1 7 1 2 4 8 16 32 64
429  382 166 0  16 1 7 1 2 4 8 16 32 64
430  699 889 0  25 1 7 1 2 4 8 16 32 64
431  319 504 0  57 1 7 1 2 4 8 16 32 64
432  138 389 0  19 1 7 1 2 4 8 16 32 64
433  207 520 0  34 1 7 1 2 4 8 16 32 64
434  914 747 0  58 1 7 1 2 4 8 16 32 64
435  686   3 0  50 1 7 1 2 4 8 16 32 64
436  263 983 0  45 1 7 1 2 4 8 16 32 64
437  156 967 0  69 1 7 1 2 4 8 16 32 64
438    6 956 0  15 1 7 1 2 4 8 16 32 64
439  861 146 0  26 1 7 1 2 4 8 16 32 64
440  533 999 0  24 1 7 1 2 4 8 16 32 64
441  296 535 0  57 1 7 1 2 4 8 16 32 64
442  211 890 0  35 1 7 1 2 4 8 16 32 64
443  870  38 0  96 1 7 1 2 4 8 16 32 64
444  839 936 0   3 1 7 1 2 4 8 16 32 64
445  508 890 0  19 1 7 1 2 4 8 16 32 64
446  415 227 0   8 1 7 1 2 4 8 16 32 64
447  169 299 0  51 1 7 1 2 4 8 16 32 64
448  379 199 0  41 1 7 1 2 4 8 16 32 64
449  478 320 0  54 1 7 1 2 4 8 16 32 64
450  866 409 0  46 1 7 1 2 4 8 16 32 64
451  174 290 0  67 1 7 1 2 4 8 16 32 64
452   62 723 0  37 1 7 1 2 4 8 16 32 64
453    3 659 0  53 1 7 1 2 4 8 16 32 64
454  887 639 0  58 1 7 1 2 4 8 16 32 64
455  257 238 0  66 1 7 1 2 4 8 16 32 64
456  261 238 0  10 1 7 1 2 4 8 16 32 64
457  295 293 0  41 1 7 1 2 4 8 16 32 64
458  128 144 0  60 1 7 1 2 4 8 16 32 64
459  387 774 0  92 1 7 1 2 4 8 16 32 64
460  778 442 0  31 1 7 1 2 4 8 16 32 64
461  254 250 0   7 1 7 1 2 4 8 16 32 64
462  106 791 0  59 1 7 1 2 4 8 16 32 64
463  829 520 0  81 1 7 1 2 4 8 16 32 64
464  796 296 0   1 1 7 1 2 4 8 16 32 64
465  863 968 0  63 1 7 1 2 4 8 16 32 64
466  934 735 0  86 1 7 1 2 4 8 16 32 64
467  874 661 0  88 1 7 1 2 4 8 16 32 64
468  306 413 0  37 1 7 1 2 4 8 16 32 64
469  326 157 0   7 1 7 1 2 4 8 16 32 64
470  322 970 0  18 1 7 1 2 4 8 16 32 64
471   61 260 0  30 1 7 1 2 4 8 16 32 64
472  333 739 0  15 1 7 1 2 4 8 16 32 64
473   10 408 0  21 1 7 1 2 4 8 16 32 64
474  743 258 0  50 1 7 1 2 4 8 16 32 64
475  263 889 0  25 1 7 1 2 4 8 16 32 64
476  637 700 0  28 1 7 1 2 4 8 16 32 64
477   50   7 0  21 1 7 1 2 4 8 16 32 64
478  711 314 0  74 1 7 1 2 4 8 16 32 64
479  921 940 0  48 1 7 1 2 4 8 16 32 64
480  130 653 0  57 1 7 1 2 4 8 16 32 64
481  486 705 0  85 1 7 1 2 4 8 16 32 64
482  843 176 0  20 1 7 1 2 4 8 16 32 64
483  871 380 0  85 1 7 1 2 4 8 16 32 64
484  835 156 0  42 1 7 1 2 4 8 16 32 64
485  535 918 0  14 1 7 1 2 4 8 16 32 64
486  761 736 0  84 1 7 1 2 4 8 16 32 64
487  687 376 0  70 1 7 1 2 4 8 16 32 64
488  174 309 0  15 1 7 1 2 4 8 16 32 64
489  490 902 0  70 1 7 1 2 4 8 16 32 64
490  167 866 0  96 1 7 1 2 4 8 16 32 64
491  297  34 0  21 1 7 1 2 4 8 16 32 64
492  701 862 0  10 1 7 1 2 4 8 16 32 64
493   15 605 0  17 1 7 1 2 4 8 16 32 64
494  457 104 0  80 1 7 1 2 4 8 16 32 64
495  515  82 0  29 1 7 1 2 4 8 16 32 64
496  158  73 0  53 1 7 1 2 4 8 16 32 64
497    8   5 0  19 1 7 1 2 4 8 16 32 64
498  480 716 0  92 1 7 1 2 4 8 16 32 64
499  394 895 0  41 1 7 1 2 4 8 16 32 64
500  563 313 0  80 1 7 1 2 4 8 16 32 64
501   16 546 0  92 1 7 1 2 4 8 16 32 64
502  598 189 0  37 1 7 1 2 4 8 16 32 64
503  430 316 0  68 1 7 1 2 4 8 16 32 64
504  119 332 0  28 1 7 1 2 4 8 16 32 64
505  871 573 0  42 1 7 1 2 4 8 16 32 64
506  797 960 0  32 1 7 1 2 4 8 16 32 64
507  817 485 0  97 1 7 1 2 4 8 16 32 64
508   65 876 0  47 1 7 1 2 4 8 16 32 64
509  861 790 0  95 1 7 1 2 4 8 16 32 64
510  743 183 0  78 1 7 1 2 4 8 16 32 64
511  956 959 0  97 1 7 1 2 4 8 16 32 64
512  682 745 0  37 1 7 1 2 4 8 16 32 64
513  297 804 0  43 1 7 1 2 4 8 16 32 64
514  737 775 0  19 1 7 1 2 4 8 16 32 64
515  233 407 0  81 1 7 1 2 4 8 16 32 64
516  512 568 0  12 1 7 1 2 4 8 16 32 64
517  275 382 0  41 1 7 1 2 4 8 16 32 64
518  548 727 0  89 1 7 1 2 4 8 16 32 64
519  105 557 0  23 1 7 1 2 4 8 16 32 64
520  914 224 0  62 1 7 1 2 4 8 16 32 64
521  794 948 0  12 1 7 1 2 4 8 16 32 64
522  687 994 0  10 1 7 1 2 4 8 16 32 64
523  431 597 0  26 1 7 1 2 4 8 16 32 64
524  561 644 0  87 1 7 1 2 4 8 16 32 64
525  645 412 0  80 1 7 1 2 4 8 16 32 64
526  989 726 0  30 1 7 1 2 4 8 16 32 64
527  964 230 0  37 1 7 1 2 4 8 16 32 64
528  813 248 0  36 1 7 1 2 4 8 16 32 64
529  822 356 0  33 1 7 1 2 4 8 16 32 64
530  765 413 0  33 1 7 1 2 4 8 16 32 64
531  868 542 0   3 1 7 1 2 4 8 16 32 64
532  990 387 0  52 1 7 1 2 4 8 16 32 64
533  607  99 0  71 1 7 1 2 4 8 16 32 64
534  664 124 0  10 1 7 1 2 4 8 16 32 64
535  905 692 0  39 1 7 1 2 4 8 16 32 64
536  308 328 0  63 1 7 1 2 4 8 16 32 64
537  155 822 0  41 1 7 1 2 4 8 16 32 64
538  946 723 0  40 1 7 1 2 4 8 16 32 64
539  446 775 0  15 1 7 1 2 4 8 16 32 64
540  994 831 0  65 1 7 1 2 4 8 16 32 64
541  865 154 0  27 1 7 1 2 4 8 16 32 64
542  437 268 0  43 1 7 1 2 4 8 16 32 64
543  951 686 0  19 1 7 1 2 4 8 16 32 64
544  475 987 0  48 1 7 1 2 4 8 16 32 64
545  833 634 0  52 1 7 1 2 4 8 16 32 64
546  794 242 0  61 1 7 1 2 4 8 16 32 64
547  931 993 0  84 1 7 1 2 4 8 16 32 64
548   47 313 0  98 1 7 1 2 4 8 16 32 64
549  344 499 0  42 1 7 1 2 4 8 16 32 64
550  825 984 0  20 1 7 1 2 4 8 16 32 64
551  718 548 0  31 1 7 1 2 4 8 16 32 64
552  914 947 0  16 1 7 1 2 4 8 16 32 64
553  436  17 0  99 1 7 1 2 4 8 16 32 64
554  241 301 0  28 1 7 1 2 4 8 16 32 64
555  937 261 0  53 1 7 1 2 4 8 16 32 64
556  938 216 0  84 1 7 1 2 4 8 16 32 64
557  101  64 0  67 1 7 1 2 4 8 16 32 64
558  344 839 0  66 1 7 1 2 4 8 16 32 64
559  962 693 0  52 1 7 1 2 4 8 16 32 64
560  214  97 0   1 1 7 1 2 4 8 16 32 64
561  954  31 0  18 1 7 1 2 4 8 16 32 64
562  415 803 0  14 1 7 1 2 4 8 16 32 64
563  374 551 0  22 1 7 1 2 4 8 16 32 64
564  773 233 0  61 1 7 1 2 4 8 16 32 64
565  308   4 0  31 1 7 1 2 4 8 16 32 64
566  814 592 0  71 1 7 1 2 4 8 16 32 64
567  462 666 0  81 1 7 1 2 4 8 16 32 64
568  891 340 0  36 1 7 1 2 4 8 16 32 64
569  884 914 0  43 1 7 1 2 4 8 16 32 64
570  747 679 0  86 1 7 1 2 4 8 16 32 64
571  967 799 0  16 1 7 1 2 4 8 16 32 64
572  895 670 0  16 1 7 1 2 4 8 16 32 64
573  311   1 0  88 1 7 1 2 4 8 16 32 64
574   59 443 0  80 1 7 1 2 4 8 16 32 64
575  978 809 0  94 1 7 1 2 4 8 16 32 64
576  451 424 0  68 1 7 1 2 4 8 16 32 64
577  653 739 0  44 1 7 1 2 4 8 16 32 64
578  199 116 0  67 1 7 1 2 4 8 16 32 64
579  447 833 0  72 1 7 1 2 4 8 16 32 64
580   70 384 0  55 1 7 1 2 4 8 16 32 64
581  709 886 0  71 1 7 1 2 4 8 16 32 64
582   45 394 0   0 0 0
583  845 354 0   0 0 0
584  721 354 0   0 0 0
585   48 761 0   0 0 0
586  202 294 0   0 0 0
587  449 710 0   0 0 0
588   99 886 0   0 0 0
