2 283 623 2
0 256
0 256
  1   91  352 0  83 1 2 1 2
  2  609  219 0  40 1 2 1 2
  3  930  420 0  76 1 2 1 2
  4  241  335 0  93 1 2 1 2
  5  872  343 0  76 1 2 1 2
  6  811  845 0  72 1 2 1 2
  7  241  167 0  70 1 2 1 2
  8  495  512 0  65 1 2 1 2
  9  276  351 0  60 1 2 1 2
 10  307  670 0  11 1 2 1 2
 11  281  181 0 100 1 2 1 2
 12  667  554 0  65 1 2 1 2
 13  466  237 0  49 1 2 1 2
 14  641   72 0  76 1 2 1 2
 15  386  536 0  48 1 2 1 2
 16  734  776 0  93 1 2 1 2
 17  236  729 0  49 1 2 1 2
 18  575  561 0  24 1 2 1 2
 19  501  713 0  68 1 2 1 2
 20  317  138 0  17 1 2 1 2
 21   34  635 0 100 1 2 1 2
 22  144   84 0  64 1 2 1 2
 23   90  157 0  84 1 2 1 2
 24  650   18 0  37 1 2 1 2
 25  163  574 0  24 1 2 1 2
 26  905  589 0  88 1 2 1 2
 27  459  700 0  51 1 2 1 2
 28  950  309 0  92 1 2 1 2
 29  302  210 0  35 1 2 1 2
 30  186  856 0  99 1 2 1 2
 31  894  161 0  34 1 2 1 2
 32  841  910 0   8 1 2 1 2
 33  800  933 0  74 1 2 1 2
 34 1000  201 0  25 1 2 1 2
 35  634   63 0  93 1 2 1 2
 36  285  824 0  17 1 2 1 2
 37  354  799 0  75 1 2 1 2
 38  639  116 0   3 1 2 1 2
 39  472  564 0  37 1 2 1 2
 40  715  938 0  10 1 2 1 2
 41   96  522 0  20 1 2 1 2
 42  906  591 0  99 1 2 1 2
 43  144  524 0  79 1 2 1 2
 44  125  105 0  74 1 2 1 2
 45  350  849 0  20 1 2 1 2
 46   39  592 0  46 1 2 1 2
 47  203  541 0  66 1 2 1 2
 48  147  239 0  68 1 2 1 2
 49  226  864 0  65 1 2 1 2
 50  127  970 0  63 1 2 1 2
 51  682  407 0   8 1 2 1 2
 52  824  383 0  29 1 2 1 2
 53  173  994 0  93 1 2 1 2
 54  964  209 0  10 1 2 1 2
 55  575   52 0  25 1 2 1 2
 56  348   82 0  82 1 2 1 2
 57  557   22 0  45 1 2 1 2
 58  309  716 0  50 1 2 1 2
 59   75  301 0  11 1 2 1 2
 60  298  993 0  59 1 2 1 2
 61  161  252 0   9 1 2 1 2
 62  848  440 0  94 1 2 1 2
 63  146  666 0  99 1 2 1 2
 64   18   18 0  84 1 2 1 2
 65  379  790 0  87 1 2 1 2
 66  477  166 0  76 1 2 1 2
 67  114  637 0  74 1 2 1 2
 68  642  818 0  76 1 2 1 2
 69   95  665 0  14 1 2 1 2
 70  435  517 0  64 1 2 1 2
 71  758  152 0  17 1 2 1 2
 72  472  728 0  28 1 2 1 2
 73   14  230 0  94 1 2 1 2
 74  221  674 0  63 1 2 1 2
 75  253   22 0  89 1 2 1 2
 76  883  560 0  54 1 2 1 2
 77  953  736 0  13 1 2 1 2
 78   65   88 0  55 1 2 1 2
 79  372  201 0  39 1 2 1 2
 80  570  738 0   1 1 2 1 2
 81  782  701 0  27 1 2 1 2
 82  940  959 0  55 1 2 1 2
 83  278  302 0  53 1 2 1 2
 84  969  666 0  30 1 2 1 2
 85  998  805 0  67 1 2 1 2
 86  544  496 0  15 1 2 1 2
 87  509  750 0  75 1 2 1 2
 88  521  330 0   2 1 2 1 2
 89   99  567 0  64 1 2 1 2
 90  488  695 0  74 1 2 1 2
 91  847  694 0  95 1 2 1 2
 92  853  990 0  48 1 2 1 2
 93  743  951 0  51 1 2 1 2
 94  640  941 0  18 1 2 1 2
 95  300  385 0  78 1 2 1 2
 96  333  547 0  41 1 2 1 2
 97  141  268 0  94 1 2 1 2
 98  858  775 0  57 1 2 1 2
 99  355  183 0  66 1 2 1 2
100  807  296 0  62 1 2 1 2
101  265  482 0  40 1 2 1 2
102  175    8 0  57 1 2 1 2
103  854   38 0  28 1 2 1 2
104  323  617 0  34 1 2 1 2
105  107  596 0  51 1 2 1 2
106  796  878 0  35 1 2 1 2
107  596  348 0  66 1 2 1 2
108  157  132 0  68 1 2 1 2
109  822  171 0  12 1 2 1 2
110  946  252 0  84 1 2 1 2
111  366  807 0   4 1 2 1 2
112  133  249 0  52 1 2 1 2
113  459  146 0  52 1 2 1 2
114  409  935 0  90 1 2 1 2
115  181  591 0  80 1 2 1 2
116  703   64 0  77 1 2 1 2
117  972  544 0  81 1 2 1 2
118  516  177 0  29 1 2 1 2
119  776  739 0  28 1 2 1 2
120  561  411 0  11 1 2 1 2
121  638  662 0  33 1 2 1 2
122  546   48 0  38 1 2 1 2
123  126  221 0   3 1 2 1 2
124  202  616 0  69 1 2 1 2
125  309  829 0   4 1 2 1 2
126  171  392 0  90 1 2 1 2
127  854  275 0  94 1 2 1 2
128  355  981 0  81 1 2 1 2
129  247  141 0  31 1 2 1 2
130  204  803 0  43 1 2 1 2
131   25  532 0  61 1 2 1 2
132  293  351 0   5 1 2 1 2
133  702  570 0  86 1 2 1 2
134  320  682 0  67 1 2 1 2
135  368  971 0  40 1 2 1 2
136  471  936 0  67 1 2 1 2
137   92  643 0  12 1 2 1 2
138  940  270 0  34 1 2 1 2
139  595  799 0  94 1 2 1 2
140  970  832 0  80 1 2 1 2
141  396  425 0  20 1 2 1 2
142  400  160 0  29 1 2 1 2
143  555  977 0  63 1 2 1 2
144  931  725 0  72 1 2 1 2
145  196  305 0  25 1 2 1 2
146  675  299 0  84 1 2 1 2
147  847   17 0  72 1 2 1 2
148  735  150 0  29 1 2 1 2
149   64  895 0  83 1 2 1 2
150  628  392 0  26 1 2 1 2
151  672   50 0  95 1 2 1 2
152  778  861 0  81 1 2 1 2
153  882  550 0  83 1 2 1 2
154  490  187 0  61 1 2 1 2
155  485  400 0  73 1 2 1 2
156  718  933 0  84 1 2 1 2
157  359  302 0  73 1 2 1 2
158  123  328 0  61 1 2 1 2
159  853  367 0  23 1 2 1 2
160  569  549 0  26 1 2 1 2
161  459  644 0  57 1 2 1 2
162  545  145 0  52 1 2 1 2
163    1   90 0   8 1 2 1 2
164  940  998 0  34 1 2 1 2
165  469  443 0  42 1 2 1 2
166  529  639 0  14 1 2 1 2
167  767  741 0  79 1 2 1 2
168  656  390 0  26 1 2 1 2
169  185  823 0  14 1 2 1 2
170  903  925 0  11 1 2 1 2
171  132  109 0  92 1 2 1 2
172  954  250 0  20 1 2 1 2
173  444   20 0  63 1 2 1 2
174  308   44 0  84 1 2 1 2
175  228  895 0   2 1 2 1 2
176  918  410 0  71 1 2 1 2
177   77   75 0  90 1 2 1 2
178  929   98 0  51 1 2 1 2
179  881  304 0   4 1 2 1 2
180  589  655 0  92 1 2 1 2
181  398  215 0  63 1 2 1 2
182  958  681 0   2 1 2 1 2
183  899    4 0  40 1 2 1 2
184  706  833 0  56 1 2 1 2
185  120  271 0  40 1 2 1 2
186  850  496 0  99 1 2 1 2
187  449  872 0  78 1 2 1 2
188   26  205 0  97 1 2 1 2
189  395  289 0  72 1 2 1 2
190  554  570 0  94 1 2 1 2
191  659  141 0  85 1 2 1 2
192  730  379 0  34 1 2 1 2
193  263  711 0   9 1 2 1 2
194  123  147 0  86 1 2 1 2
195  848  104 0  26 1 2 1 2
196  237  654 0  12 1 2 1 2
197  556    6 0  77 1 2 1 2
198  841  644 0  92 1 2 1 2
199  784  116 0  23 1 2 1 2
200  325  231 0  82 1 2 1 2
201  342  230 0  16 1 2 1 2
202  162  215 0   4 1 2 1 2
203  495  167 0   8 1 2 1 2
204  113  862 0  27 1 2 1 2
205  884  392 0  99 1 2 1 2
206  929  669 0  71 1 2 1 2
207  310  998 0  51 1 2 1 2
208  356   99 0  38 1 2 1 2
209  642  311 0  50 1 2 1 2
210  880  347 0  98 1 2 1 2
211  291  323 0  78 1 2 1 2
212  345  893 0  13 1 2 1 2
213  723  996 0  31 1 2 1 2
214  129  653 0   3 1 2 1 2
215  759  890 0  81 1 2 1 2
216  638   56 0  56 1 2 1 2
217  942  374 0  62 1 2 1 2
218  793  908 0  14 1 2 1 2
219  971   46 0  32 1 2 1 2
220  204  923 0  33 1 2 1 2
221  500  530 0  97 1 2 1 2
222   50  366 0  74 1 2 1 2
223  870  134 0  16 1 2 1 2
224  790  195 0  27 1 2 1 2
225  793  539 0  26 1 2 1 2
226  776  898 0  71 1 2 1 2
227  668  722 0  14 1 2 1 2
228  191  625 0  70 1 2 1 2
229   62  211 0  99 1 2 1 2
230  722  469 0   5 1 2 1 2
231  300  641 0  52 1 2 1 2
232   77  433 0  50 1 2 1 2
233  173  810 0  64 1 2 1 2
234   36  724 0  29 1 2 1 2
235  534  381 0  73 1 2 1 2
236  738  628 0  96 1 2 1 2
237  300  580 0   3 1 2 1 2
238  116  746 0  62 1 2 1 2
239  430  848 0  57 1 2 1 2
240   31  307 0  65 1 2 1 2
241   12  811 0  73 1 2 1 2
242  215  135 0   5 1 2 1 2
243  541  603 0  32 1 2 1 2
244  942   66 0  49 1 2 1 2
245  411  854 0   1 1 2 1 2
246  816  647 0   9 1 2 1 2
247  990  981 0  26 1 2 1 2
248  959  837 0  15 1 2 1 2
249  983  225 0  23 1 2 1 2
250  241  710 0  99 1 2 1 2
251  962  128 0  55 1 2 1 2
252  797   68 0  56 1 2 1 2
253  234  393 0  14 1 2 1 2
254  399  184 0  53 1 2 1 2
255   51  932 0  39 1 2 1 2
256  875  191 0  96 1 2 1 2
257  306  204 0  57 1 2 1 2
258   74  846 0  11 1 2 1 2
259  776  795 0  94 1 2 1 2
260  686  733 0  78 1 2 1 2
261  689  721 0  41 1 2 1 2
262  695   81 0  53 1 2 1 2
263  110  795 0  11 1 2 1 2
264  820  893 0  98 1 2 1 2
265   61  286 0  54 1 2 1 2
266  639  457 0  99 1 2 1 2
267  173  960 0  39 1 2 1 2
268  846  662 0  85 1 2 1 2
269  316   80 0  14 1 2 1 2
270  444  539 0  58 1 2 1 2
271  967  730 0   9 1 2 1 2
272  250   59 0   6 1 2 1 2
273  945  725 0  67 1 2 1 2
274  643  735 0  64 1 2 1 2
275  804   44 0  68 1 2 1 2
276  881  429 0  61 1 2 1 2
277  257  656 0  89 1 2 1 2
278   95  127 0  25 1 2 1 2
279  589    2 0   5 1 2 1 2
280   57  643 0  95 1 2 1 2
281  703  168 0  91 1 2 1 2
282  188   38 0  12 1 2 1 2
283  835  175 0  84 1 2 1 2
284  812  509 0  33 1 2 1 2
285  443  130 0  52 1 2 1 2
286  729  442 0  66 1 2 1 2
287  489  511 0  73 1 2 1 2
288  859  858 0  41 1 2 1 2
289  187  608 0   8 1 2 1 2
290  870   63 0   6 1 2 1 2
291  854  784 0  51 1 2 1 2
292  255  436 0  76 1 2 1 2
293  146  118 0  84 1 2 1 2
294  675  762 0  29 1 2 1 2
295  529  607 0  95 1 2 1 2
296  166  384 0  56 1 2 1 2
297  987  500 0  16 1 2 1 2
298  978  880 0  92 1 2 1 2
299  991  637 0  96 1 2 1 2
300  566  221 0  11 1 2 1 2
301    6  298 0  53 1 2 1 2
302  615  412 0 100 1 2 1 2
303  968   11 0  47 1 2 1 2
304   56  401 0  13 1 2 1 2
305  525  866 0  15 1 2 1 2
306  134  722 0  24 1 2 1 2
307  540  954 0  46 1 2 1 2
308  737  803 0  83 1 2 1 2
309  530  368 0  88 1 2 1 2
310  709  373 0  16 1 2 1 2
311    9   49 0  88 1 2 1 2
312  754  105 0  57 1 2 1 2
313  524  996 0  43 1 2 1 2
314  648  878 0  51 1 2 1 2
315  982  165 0  81 1 2 1 2
316  253  628 0  40 1 2 1 2
317  123  741 0  95 1 2 1 2
318  812  859 0  97 1 2 1 2
319  122  981 0  76 1 2 1 2
320   38  920 0  41 1 2 1 2
321  435    2 0  91 1 2 1 2
322  609  506 0  44 1 2 1 2
323  278    3 0  27 1 2 1 2
324  122  191 0  65 1 2 1 2
325  901  458 0  98 1 2 1 2
326   91   89 0  98 1 2 1 2
327  609  351 0  54 1 2 1 2
328  882  572 0  63 1 2 1 2
329  505  432 0  87 1 2 1 2
330  459  468 0  39 1 2 1 2
331  717  381 0   3 1 2 1 2
332   43  677 0  79 1 2 1 2
333  358  658 0  43 1 2 1 2
334  543  234 0  18 1 2 1 2
335  728  643 0   4 1 2 1 2
336  741  667 0  77 1 2 1 2
337  765  697 0  54 1 2 1 2
338  115  838 0  45 1 2 1 2
339  516  928 0  80 1 2 1 2
340  657    9 0  75 1 2 1 2
341  736  686 0  38 1 2 1 2
342  513  164 0  93 1 2 1 2
343   70   66 0  19 1 2 1 2
344  807 1000 0  52 1 2 1 2
345  691  429 0  92 1 2 1 2
346  575  478 0  42 1 2 1 2
347  970  796 0  18 1 2 1 2
348  379  235 0  81 1 2 1 2
349  598  437 0   7 1 2 1 2
350  706  437 0  96 1 2 1 2
351  498  635 0  42 1 2 1 2
352  592  699 0  27 1 2 1 2
353   64  174 0  34 1 2 1 2
354  133  233 0  14 1 2 1 2
355  327  502 0  40 1 2 1 2
356  674  412 0  99 1 2 1 2
357  212  482 0  81 1 2 1 2
358  833  383 0  62 1 2 1 2
359  489  486 0  76 1 2 1 2
360  778  367 0  89 1 2 1 2
361  563  937 0  73 1 2 1 2
362  675  995 0  76 1 2 1 2
363  130   54 0  85 1 2 1 2
364  504  462 0  44 1 2 1 2
365  895  439 0  22 1 2 1 2
366  870  875 0   3 1 2 1 2
367  967  549 0  77 1 2 1 2
368  570  150 0   2 1 2 1 2
369   58    3 0  93 1 2 1 2
370  377  129 0  76 1 2 1 2
371    1  303 0   5 1 2 1 2
372  140  933 0  95 1 2 1 2
373  366  917 0  89 1 2 1 2
374  606  822 0   1 1 2 1 2
375   13  663 0  24 1 2 1 2
376  518  668 0   7 1 2 1 2
377  577  203 0  99 1 2 1 2
378  843  368 0  16 1 2 1 2
379  778  288 0  70 1 2 1 2
380  743  866 0  41 1 2 1 2
381  368  629 0  74 1 2 1 2
382  271  141 0  39 1 2 1 2
383  487  657 0  71 1 2 1 2
384  731  495 0  15 1 2 1 2
385   45  338 0  48 1 2 1 2
386  633  757 0  26 1 2 1 2
387  319  139 0  40 1 2 1 2
388  373  737 0  60 1 2 1 2
389  261  730 0  53 1 2 1 2
390  736  146 0  47 1 2 1 2
391  723  437 0  42 1 2 1 2
392    9  940 0  56 1 2 1 2
393  949  769 0  45 1 2 1 2
394  964   80 0  43 1 2 1 2
395   67  947 0  88 1 2 1 2
396  567  663 0  90 1 2 1 2
397   42  869 0  91 1 2 1 2
398  371  780 0  14 1 2 1 2
399  323  741 0  15 1 2 1 2
400  563  755 0  44 1 2 1 2
401  835  413 0  12 1 2 1 2
402  743  759 0  27 1 2 1 2
403  567  290 0  31 1 2 1 2
404   91  994 0  55 1 2 1 2
405  187  328 0  52 1 2 1 2
406  986  108 0  84 1 2 1 2
407  799  158 0  42 1 2 1 2
408  667  545 0  16 1 2 1 2
409  673  522 0  25 1 2 1 2
410  906   53 0  36 1 2 1 2
411  215   11 0  99 1 2 1 2
412  186  396 0   1 1 2 1 2
413  266  942 0  10 1 2 1 2
414  225  264 0  65 1 2 1 2
415  827  441 0  28 1 2 1 2
416  137   16 0  24 1 2 1 2
417   68  469 0  75 1 2 1 2
418   65  225 0  21 1 2 1 2
419  414  560 0  14 1 2 1 2
420  706  136 0  91 1 2 1 2
421  213  454 0   5 1 2 1 2
422  767  112 0  89 1 2 1 2
423  408    6 0  76 1 2 1 2
424  817  655 0  85 1 2 1 2
425  655  753 0  87 1 2 1 2
426  317  589 0  35 1 2 1 2
427  266  499 0  71 1 2 1 2
428  597  671 0  39 1 2 1 2
429  825  454 0  81 1 2 1 2
430  133  768 0  14 1 2 1 2
431  222  145 0  80 1 2 1 2
432  213  907 0  42 1 2 1 2
433  274  463 0  28 1 2 1 2
434  569  890 0  50 1 2 1 2
435   64  396 0   2 1 2 1 2
436  450  404 0  77 1 2 1 2
437  881   42 0  33 1 2 1 2
438  994  334 0   2 1 2 1 2
439  799   62 0  93 1 2 1 2
440  747   16 0   1 1 2 1 2
441  433  184 0  26 1 2 1 2
442  539  339 0  89 1 2 1 2
443  638  276 0  60 1 2 1 2
444  798  394 0  19 1 2 1 2
445  513  150 0   4 1 2 1 2
446  904  702 0  99 1 2 1 2
447  878  660 0  67 1 2 1 2
448   99  345 0   3 1 2 1 2
449  147  812 0  85 1 2 1 2
450  197  786 0  52 1 2 1 2
451   46  728 0  92 1 2 1 2
452  520  981 0  43 1 2 1 2
453  278  983 0  92 1 2 1 2
454  135  420 0  88 1 2 1 2
455  568  743 0  31 1 2 1 2
456  142  260 0  96 1 2 1 2
457  788  981 0  16 1 2 1 2
458  269  713 0  57 1 2 1 2
459  940  800 0  78 1 2 1 2
460  963  588 0  35 1 2 1 2
461  128  829 0  22 1 2 1 2
462  691  773 0  14 1 2 1 2
463   22  970 0   7 1 2 1 2
464  261  170 0  62 1 2 1 2
465  613  393 0  67 1 2 1 2
466   45  503 0  54 1 2 1 2
467  585  268 0  91 1 2 1 2
468  488   40 0  58 1 2 1 2
469  218   33 0  56 1 2 1 2
470  933  331 0  48 1 2 1 2
471  305  327 0  34 1 2 1 2
472   58  964 0  98 1 2 1 2
473  263  441 0  74 1 2 1 2
474  677  474 0   7 1 2 1 2
475  555  159 0  67 1 2 1 2
476  902  354 0  42 1 2 1 2
477   59   41 0  76 1 2 1 2
478   74  773 0  11 1 2 1 2
479  298  337 0  69 1 2 1 2
480   28  723 0  61 1 2 1 2
481  115  326 0  94 1 2 1 2
482  331  267 0  26 1 2 1 2
483  257  447 0  56 1 2 1 2
484  731  374 0  57 1 2 1 2
485  127  907 0  70 1 2 1 2
486  399  276 0  12 1 2 1 2
487  709  491 0  22 1 2 1 2
488   91   69 0  27 1 2 1 2
489   99  156 0  76 1 2 1 2
490   43  498 0  72 1 2 1 2
491  991   39 0  75 1 2 1 2
492  956  731 0  53 1 2 1 2
493  812  811 0  93 1 2 1 2
494  754  100 0  77 1 2 1 2
495  942  467 0  31 1 2 1 2
496    5   27 0  33 1 2 1 2
497  892  883 0  39 1 2 1 2
498  940  854 0  34 1 2 1 2
499  187  386 0  88 1 2 1 2
500  161  209 0   3 1 2 1 2
501  344  451 0  99 1 2 1 2
502  973   75 0  48 1 2 1 2
503  380  392 0  10 1 2 1 2
504  921  651 0  24 1 2 1 2
505  527  198 0  20 1 2 1 2
506  557  118 0  53 1 2 1 2
507  364  758 0  46 1 2 1 2
508  838  946 0  82 1 2 1 2
509  802  627 0  63 1 2 1 2
510   62   10 0  46 1 2 1 2
511  194  102 0  46 1 2 1 2
512  303  840 0  46 1 2 1 2
513  894  268 0  40 1 2 1 2
514  613  368 0  96 1 2 1 2
515  713  998 0  82 1 2 1 2
516  204  484 0  17 1 2 1 2
517  123  910 0  61 1 2 1 2
518  520  563 0  29 1 2 1 2
519  366   13 0  29 1 2 1 2
520  220  584 0  48 1 2 1 2
521  546  785 0  20 1 2 1 2
522  134  242 0  62 1 2 1 2
523  992  277 0  80 1 2 1 2
524  649   25 0   1 1 2 1 2
525  559  911 0  98 1 2 1 2
526  609  222 0  96 1 2 1 2
527  173  274 0   1 1 2 1 2
528  801   42 0  22 1 2 1 2
529  941  766 0  49 1 2 1 2
530  234  756 0  31 1 2 1 2
531  205  164 0  38 1 2 1 2
532  337    4 0   7 1 2 1 2
533  768  751 0  95 1 2 1 2
534   65   87 0  18 1 2 1 2
535  514  282 0  10 1 2 1 2
536  305  733 0  19 1 2 1 2
537  622  321 0  42 1 2 1 2
538  325  380 0  36 1 2 1 2
539  893  602 0   3 1 2 1 2
540  317  758 0  49 1 2 1 2
541  552  747 0  83 1 2 1 2
542  916  235 0  99 1 2 1 2
543  971  412 0  95 1 2 1 2
544  469  376 0   6 1 2 1 2
545  554  931 0  72 1 2 1 2
546  319  235 0  38 1 2 1 2
547  487  117 0  26 1 2 1 2
548  884  109 0  34 1 2 1 2
549  952  127 0  84 1 2 1 2
550  307  394 0  51 1 2 1 2
551  849  682 0   1 1 2 1 2
552  327  375 0  85 1 2 1 2
553  594  972 0  91 1 2 1 2
554  666  356 0  65 1 2 1 2
555  756  657 0  25 1 2 1 2
556  171  123 0  14 1 2 1 2
557  469  968 0  77 1 2 1 2
558  655  850 0 100 1 2 1 2
559  103  470 0  80 1 2 1 2
560  839  579 0  89 1 2 1 2
561  415  641 0  95 1 2 1 2
562  687  739 0  43 1 2 1 2
563   83  327 0  49 1 2 1 2
564  634  437 0   5 1 2 1 2
565  176  527 0  28 1 2 1 2
566  295  252 0  86 1 2 1 2
567  506  217 0  56 1 2 1 2
568  389  578 0  46 1 2 1 2
569  591  688 0  58 1 2 1 2
570  573  994 0  77 1 2 1 2
571  277  845 0  89 1 2 1 2
572  650  585 0  55 1 2 1 2
573  847  744 0   5 1 2 1 2
574  606  124 0  72 1 2 1 2
575  292  529 0  21 1 2 1 2
576  564  926 0  20 1 2 1 2
577  822   80 0  30 1 2 1 2
578  571  846 0  94 1 2 1 2
579  669  780 0  86 1 2 1 2
580  446  738 0  85 1 2 1 2
581  957  531 0 100 1 2 1 2
582  277  938 0  27 1 2 1 2
583  150  661 0  36 1 2 1 2
584  436  891 0  60 1 2 1 2
585  694   10 0  31 1 2 1 2
586  162  545 0  33 1 2 1 2
587  240  616 0  29 1 2 1 2
588  852  927 0   3 1 2 1 2
589  577  542 0  80 1 2 1 2
590  515  541 0  48 1 2 1 2
591  305  273 0  86 1 2 1 2
592  614  277 0  27 1 2 1 2
593   95  606 0  62 1 2 1 2
594  907  539 0  45 1 2 1 2
595  404  312 0  18 1 2 1 2
596  621  857 0 100 1 2 1 2
597  438  379 0  31 1 2 1 2
598  874   76 0  93 1 2 1 2
599    1   25 0  48 1 2 1 2
600  668  372 0  96 1 2 1 2
601  723  195 0   6 1 2 1 2
602  842  890 0  88 1 2 1 2
603  200   60 0   4 1 2 1 2
604  182  976 0  11 1 2 1 2
605  835  935 0  87 1 2 1 2
606  948  893 0  68 1 2 1 2
607  688  930 0  59 1 2 1 2
608  364  479 0  42 1 2 1 2
609  648  622 0  82 1 2 1 2
610  642  799 0  19 1 2 1 2
611  481  960 0  91 1 2 1 2
612  850  772 0  75 1 2 1 2
613  324  560 0  93 1 2 1 2
614  195  887 0  17 1 2 1 2
615  405  178 0  56 1 2 1 2
616  145  211 0  37 1 2 1 2
617  597  969 0  84 1 2 1 2
618  355  614 0  16 1 2 1 2
619  336  201 0  33 1 2 1 2
620  159  890 0  62 1 2 1 2
621  826  580 0  82 1 2 1 2
622  189   83 0  32 1 2 1 2
623   97  583 0  87 1 2 1 2
624  411  597 0   0 0 0
625    8  185 0   0 0 0
