2 71 647 9
0 256
0 256
0 256
0 256
0 256
0 256
0 256
0 256
0 256
  1 580 241 0  53 1 9 1 2 4 8 16 32 64 128 256
  2  19 698 0  19 1 9 1 2 4 8 16 32 64 128 256
  3 333 611 0  96 1 9 1 2 4 8 16 32 64 128 256
  4 717 766 0  40 1 9 1 2 4 8 16 32 64 128 256
  5 912 627 0  43 1 9 1 2 4 8 16 32 64 128 256
  6 519 169 0  20 1 9 1 2 4 8 16 32 64 128 256
  7 366 797 0  11 1 9 1 2 4 8 16 32 64 128 256
  8 936 197 0  92 1 9 1 2 4 8 16 32 64 128 256
  9 420 764 0  42 1 9 1 2 4 8 16 32 64 128 256
 10   3 518 0  76 1 9 1 2 4 8 16 32 64 128 256
 11 829 445 0  20 1 9 1 2 4 8 16 32 64 128 256
 12 364 284 0  92 1 9 1 2 4 8 16 32 64 128 256
 13 673  53 0  80 1 9 1 2 4 8 16 32 64 128 256
 14 410 102 0   6 1 9 1 2 4 8 16 32 64 128 256
 15 917 110 0  26 1 9 1 2 4 8 16 32 64 128 256
 16 982 331 0  37 1 9 1 2 4 8 16 32 64 128 256
 17 348 944 0  46 1 9 1 2 4 8 16 32 64 128 256
 18 902 711 0  80 1 9 1 2 4 8 16 32 64 128 256
 19 375 809 0   6 1 9 1 2 4 8 16 32 64 128 256
 20 787 230 0  33 1 9 1 2 4 8 16 32 64 128 256
 21 706 291 0  70 1 9 1 2 4 8 16 32 64 128 256
 22 450 968 0  10 1 9 1 2 4 8 16 32 64 128 256
 23 557 362 0  42 1 9 1 2 4 8 16 32 64 128 256
 24  47 508 0  44 1 9 1 2 4 8 16 32 64 128 256
 25 583 743 0  63 1 9 1 2 4 8 16 32 64 128 256
 26 994 732 0  55 1 9 1 2 4 8 16 32 64 128 256
 27 464 977 0  20 1 9 1 2 4 8 16 32 64 128 256
 28 762 438 0  82 1 9 1 2 4 8 16 32 64 128 256
 29 299 952 0  97 1 9 1 2 4 8 16 32 64 128 256
 30 898 456 0  46 1 9 1 2 4 8 16 32 64 128 256
 31 999 668 0  90 1 9 1 2 4 8 16 32 64 128 256
 32  65 964 0  41 1 9 1 2 4 8 16 32 64 128 256
 33 396 959 0  53 1 9 1 2 4 8 16 32 64 128 256
 34 332 848 0  42 1 9 1 2 4 8 16 32 64 128 256
 35 223  25 0  68 1 9 1 2 4 8 16 32 64 128 256
 36  99 223 0  53 1 9 1 2 4 8 16 32 64 128 256
 37 257 671 0  12 1 9 1 2 4 8 16 32 64 128 256
 38 592 622 0  79 1 9 1 2 4 8 16 32 64 128 256
 39 986 431 0  76 1 9 1 2 4 8 16 32 64 128 256
 40  48 151 0  42 1 9 1 2 4 8 16 32 64 128 256
 41 153 225 0   6 1 9 1 2 4 8 16 32 64 128 256
 42 745 743 0  36 1 9 1 2 4 8 16 32 64 128 256
 43 868 201 0  41 1 9 1 2 4 8 16 32 64 128 256
 44 679 980 0 100 1 9 1 2 4 8 16 32 64 128 256
 45 715  13 0  46 1 9 1 2 4 8 16 32 64 128 256
 46 290 436 0  81 1 9 1 2 4 8 16 32 64 128 256
 47 107 535 0  29 1 9 1 2 4 8 16 32 64 128 256
 48 736 563 0  73 1 9 1 2 4 8 16 32 64 128 256
 49  69 931 0  92 1 9 1 2 4 8 16 32 64 128 256
 50 102 820 0  80 1 9 1 2 4 8 16 32 64 128 256
 51 386 557 0  37 1 9 1 2 4 8 16 32 64 128 256
 52 661 362 0  90 1 9 1 2 4 8 16 32 64 128 256
 53 221 910 0  72 1 9 1 2 4 8 16 32 64 128 256
 54 702 102 0  41 1 9 1 2 4 8 16 32 64 128 256
 55   5 122 0  74 1 9 1 2 4 8 16 32 64 128 256
 56 211  43 0  26 1 9 1 2 4 8 16 32 64 128 256
 57 649 129 0  59 1 9 1 2 4 8 16 32 64 128 256
 58 149 923 0  75 1 9 1 2 4 8 16 32 64 128 256
 59 177 469 0  93 1 9 1 2 4 8 16 32 64 128 256
 60  24 296 0  14 1 9 1 2 4 8 16 32 64 128 256
 61 603 789 0  51 1 9 1 2 4 8 16 32 64 128 256
 62 678 322 0  39 1 9 1 2 4 8 16 32 64 128 256
 63 544  49 0  61 1 9 1 2 4 8 16 32 64 128 256
 64 176 249 0  54 1 9 1 2 4 8 16 32 64 128 256
 65 425 737 0  64 1 9 1 2 4 8 16 32 64 128 256
 66 348 793 0  77 1 9 1 2 4 8 16 32 64 128 256
 67  76 611 0  17 1 9 1 2 4 8 16 32 64 128 256
 68 236 347 0  33 1 9 1 2 4 8 16 32 64 128 256
 69 669 524 0  91 1 9 1 2 4 8 16 32 64 128 256
 70 930 696 0   4 1 9 1 2 4 8 16 32 64 128 256
 71 240 180 0  29 1 9 1 2 4 8 16 32 64 128 256
 72 765 748 0  97 1 9 1 2 4 8 16 32 64 128 256
 73 599 935 0  85 1 9 1 2 4 8 16 32 64 128 256
 74 177 313 0  69 1 9 1 2 4 8 16 32 64 128 256
 75  35 390 0  44 1 9 1 2 4 8 16 32 64 128 256
 76 847 260 0  35 1 9 1 2 4 8 16 32 64 128 256
 77 591 989 0  69 1 9 1 2 4 8 16 32 64 128 256
 78 446 931 0  90 1 9 1 2 4 8 16 32 64 128 256
 79 422  80 0  60 1 9 1 2 4 8 16 32 64 128 256
 80 968 750 0  38 1 9 1 2 4 8 16 32 64 128 256
 81  16 382 0   7 1 9 1 2 4 8 16 32 64 128 256
 82 220 931 0  69 1 9 1 2 4 8 16 32 64 128 256
 83 204 379 0  45 1 9 1 2 4 8 16 32 64 128 256
 84 421  20 0  70 1 9 1 2 4 8 16 32 64 128 256
 85 336 835 0  94 1 9 1 2 4 8 16 32 64 128 256
 86  91 226 0  32 1 9 1 2 4 8 16 32 64 128 256
 87 795 204 0  44 1 9 1 2 4 8 16 32 64 128 256
 88 441 270 0  18 1 9 1 2 4 8 16 32 64 128 256
 89 492 976 0  58 1 9 1 2 4 8 16 32 64 128 256
 90 202 727 0  42 1 9 1 2 4 8 16 32 64 128 256
 91 698 586 0  73 1 9 1 2 4 8 16 32 64 128 256
 92  52  11 0  31 1 9 1 2 4 8 16 32 64 128 256
 93 793 949 0  76 1 9 1 2 4 8 16 32 64 128 256
 94 857 177 0   2 1 9 1 2 4 8 16 32 64 128 256
 95 322 593 0  65 1 9 1 2 4 8 16 32 64 128 256
 96 790 708 0  51 1 9 1 2 4 8 16 32 64 128 256
 97 166 978 0  13 1 9 1 2 4 8 16 32 64 128 256
 98 144 789 0  49 1 9 1 2 4 8 16 32 64 128 256
 99 979 416 0  71 1 9 1 2 4 8 16 32 64 128 256
100  55 646 0  78 1 9 1 2 4 8 16 32 64 128 256
101 796 158 0  15 1 9 1 2 4 8 16 32 64 128 256
102 340 280 0  42 1 9 1 2 4 8 16 32 64 128 256
103 235 905 0  78 1 9 1 2 4 8 16 32 64 128 256
104 811 256 0  46 1 9 1 2 4 8 16 32 64 128 256
105 856 738 0  23 1 9 1 2 4 8 16 32 64 128 256
106 656 487 0  89 1 9 1 2 4 8 16 32 64 128 256
107 974 569 0   3 1 9 1 2 4 8 16 32 64 128 256
108 801 233 0  36 1 9 1 2 4 8 16 32 64 128 256
109 902 210 0  52 1 9 1 2 4 8 16 32 64 128 256
110  88  70 0  83 1 9 1 2 4 8 16 32 64 128 256
111 983 725 0  42 1 9 1 2 4 8 16 32 64 128 256
112 714 148 0  56 1 9 1 2 4 8 16 32 64 128 256
113 556 848 0  21 1 9 1 2 4 8 16 32 64 128 256
114 342 938 0  96 1 9 1 2 4 8 16 32 64 128 256
115 493 557 0  79 1 9 1 2 4 8 16 32 64 128 256
116 523  66 0  86 1 9 1 2 4 8 16 32 64 128 256
117 857 450 0  53 1 9 1 2 4 8 16 32 64 128 256
118 202  81 0  47 1 9 1 2 4 8 16 32 64 128 256
119 113 276 0  74 1 9 1 2 4 8 16 32 64 128 256
120  87  58 0  90 1 9 1 2 4 8 16 32 64 128 256
121 884 709 0  85 1 9 1 2 4 8 16 32 64 128 256
122 131 275 0  66 1 9 1 2 4 8 16 32 64 128 256
123 164 411 0  53 1 9 1 2 4 8 16 32 64 128 256
124 634 530 0  51 1 9 1 2 4 8 16 32 64 128 256
125 725 207 0  99 1 9 1 2 4 8 16 32 64 128 256
126 325 113 0  88 1 9 1 2 4 8 16 32 64 128 256
127 576 544 0  76 1 9 1 2 4 8 16 32 64 128 256
128 633 139 0   7 1 9 1 2 4 8 16 32 64 128 256
129 993 122 0  36 1 9 1 2 4 8 16 32 64 128 256
130  99 700 0  75 1 9 1 2 4 8 16 32 64 128 256
131 524 776 0  78 1 9 1 2 4 8 16 32 64 128 256
132 170 167 0  54 1 9 1 2 4 8 16 32 64 128 256
133 738  44 0  13 1 9 1 2 4 8 16 32 64 128 256
134 724 282 0  67 1 9 1 2 4 8 16 32 64 128 256
135 712 665 0  35 1 9 1 2 4 8 16 32 64 128 256
136 135 244 0  98 1 9 1 2 4 8 16 32 64 128 256
137 685 667 0  72 1 9 1 2 4 8 16 32 64 128 256
138 230 623 0  26 1 9 1 2 4 8 16 32 64 128 256
139 331 422 0  34 1 9 1 2 4 8 16 32 64 128 256
140 576 918 0  90 1 9 1 2 4 8 16 32 64 128 256
141 662  35 0  94 1 9 1 2 4 8 16 32 64 128 256
142 730 399 0  87 1 9 1 2 4 8 16 32 64 128 256
143 512 493 0 100 1 9 1 2 4 8 16 32 64 128 256
144   3 422 0  68 1 9 1 2 4 8 16 32 64 128 256
145 105 263 0  88 1 9 1 2 4 8 16 32 64 128 256
146 909 210 0  95 1 9 1 2 4 8 16 32 64 128 256
147 299 854 0  81 1 9 1 2 4 8 16 32 64 128 256
148 903 805 0  98 1 9 1 2 4 8 16 32 64 128 256
149 650  64 0   3 1 9 1 2 4 8 16 32 64 128 256
150 511 489 0  70 1 9 1 2 4 8 16 32 64 128 256
151 649 194 0  22 1 9 1 2 4 8 16 32 64 128 256
152 956 812 0  79 1 9 1 2 4 8 16 32 64 128 256
153 185 601 0  30 1 9 1 2 4 8 16 32 64 128 256
154 547 266 0  53 1 9 1 2 4 8 16 32 64 128 256
155 816 949 0  13 1 9 1 2 4 8 16 32 64 128 256
156 518 728 0  43 1 9 1 2 4 8 16 32 64 128 256
157 468  10 0  61 1 9 1 2 4 8 16 32 64 128 256
158 723 985 0  29 1 9 1 2 4 8 16 32 64 128 256
159 759 113 0  13 1 9 1 2 4 8 16 32 64 128 256
160 152 907 0  76 1 9 1 2 4 8 16 32 64 128 256
161 963 216 0  24 1 9 1 2 4 8 16 32 64 128 256
162 581 373 0  94 1 9 1 2 4 8 16 32 64 128 256
163 425 759 0  81 1 9 1 2 4 8 16 32 64 128 256
164 810 937 0  23 1 9 1 2 4 8 16 32 64 128 256
165 362 700 0  38 1 9 1 2 4 8 16 32 64 128 256
166 888  99 0  87 1 9 1 2 4 8 16 32 64 128 256
167 227 225 0  96 1 9 1 2 4 8 16 32 64 128 256
168 765 677 0   9 1 9 1 2 4 8 16 32 64 128 256
169 978 718 0  71 1 9 1 2 4 8 16 32 64 128 256
170 804 558 0  66 1 9 1 2 4 8 16 32 64 128 256
171  61  28 0   3 1 9 1 2 4 8 16 32 64 128 256
172 950  84 0  69 1 9 1 2 4 8 16 32 64 128 256
173 400 308 0  50 1 9 1 2 4 8 16 32 64 128 256
174 503 659 0  68 1 9 1 2 4 8 16 32 64 128 256
175 486 259 0  29 1 9 1 2 4 8 16 32 64 128 256
176 684 761 0  20 1 9 1 2 4 8 16 32 64 128 256
177 510 972 0  46 1 9 1 2 4 8 16 32 64 128 256
178 232 890 0  28 1 9 1 2 4 8 16 32 64 128 256
179 167 412 0  37 1 9 1 2 4 8 16 32 64 128 256
180 226 626 0  94 1 9 1 2 4 8 16 32 64 128 256
181 803 730 0  90 1 9 1 2 4 8 16 32 64 128 256
182 700 173 0   5 1 9 1 2 4 8 16 32 64 128 256
183 449 712 0  71 1 9 1 2 4 8 16 32 64 128 256
184 299 497 0  40 1 9 1 2 4 8 16 32 64 128 256
185 525 364 0   9 1 9 1 2 4 8 16 32 64 128 256
186 904 316 0  62 1 9 1 2 4 8 16 32 64 128 256
187 354 180 0  16 1 9 1 2 4 8 16 32 64 128 256
188 422 749 0  12 1 9 1 2 4 8 16 32 64 128 256
189 859 423 0  42 1 9 1 2 4 8 16 32 64 128 256
190 529 657 0  84 1 9 1 2 4 8 16 32 64 128 256
191 932 286 0  35 1 9 1 2 4 8 16 32 64 128 256
192 398  40 0  81 1 9 1 2 4 8 16 32 64 128 256
193  50 374 0  50 1 9 1 2 4 8 16 32 64 128 256
194 187 361 0  96 1 9 1 2 4 8 16 32 64 128 256
195 671  49 0  73 1 9 1 2 4 8 16 32 64 128 256
196 679 127 0  73 1 9 1 2 4 8 16 32 64 128 256
197 192 412 0  30 1 9 1 2 4 8 16 32 64 128 256
198 908 844 0  72 1 9 1 2 4 8 16 32 64 128 256
199 292 560 0  88 1 9 1 2 4 8 16 32 64 128 256
200 531 156 0  38 1 9 1 2 4 8 16 32 64 128 256
201 729 682 0  76 1 9 1 2 4 8 16 32 64 128 256
202 289 267 0  26 1 9 1 2 4 8 16 32 64 128 256
203 104 813 0  88 1 9 1 2 4 8 16 32 64 128 256
204 458 782 0  26 1 9 1 2 4 8 16 32 64 128 256
205 499 622 0  23 1 9 1 2 4 8 16 32 64 128 256
206 836 701 0  92 1 9 1 2 4 8 16 32 64 128 256
207 352 201 0  86 1 9 1 2 4 8 16 32 64 128 256
208 561 384 0  46 1 9 1 2 4 8 16 32 64 128 256
209  91 973 0  95 1 9 1 2 4 8 16 32 64 128 256
210 409 981 0  43 1 9 1 2 4 8 16 32 64 128 256
211 142 364 0  81 1 9 1 2 4 8 16 32 64 128 256
212 796 350 0  16 1 9 1 2 4 8 16 32 64 128 256
213 330 777 0   7 1 9 1 2 4 8 16 32 64 128 256
214 962 952 0  49 1 9 1 2 4 8 16 32 64 128 256
215 589 818 0  36 1 9 1 2 4 8 16 32 64 128 256
216 521 388 0  56 1 9 1 2 4 8 16 32 64 128 256
217 407 954 0  24 1 9 1 2 4 8 16 32 64 128 256
218 209  14 0  28 1 9 1 2 4 8 16 32 64 128 256
219 357  93 0  19 1 9 1 2 4 8 16 32 64 128 256
220 813 803 0   9 1 9 1 2 4 8 16 32 64 128 256
221 104 311 0  88 1 9 1 2 4 8 16 32 64 128 256
222 394 443 0   4 1 9 1 2 4 8 16 32 64 128 256
223 843 186 0  86 1 9 1 2 4 8 16 32 64 128 256
224 145 929 0  93 1 9 1 2 4 8 16 32 64 128 256
225 273 793 0  88 1 9 1 2 4 8 16 32 64 128 256
226 280 447 0   2 1 9 1 2 4 8 16 32 64 128 256
227 698 295 0  66 1 9 1 2 4 8 16 32 64 128 256
228 467 695 0  76 1 9 1 2 4 8 16 32 64 128 256
229 529 148 0  25 1 9 1 2 4 8 16 32 64 128 256
230  55 861 0  98 1 9 1 2 4 8 16 32 64 128 256
231 547 970 0  52 1 9 1 2 4 8 16 32 64 128 256
232 774 808 0  97 1 9 1 2 4 8 16 32 64 128 256
233 591 356 0  31 1 9 1 2 4 8 16 32 64 128 256
234 945  26 0  36 1 9 1 2 4 8 16 32 64 128 256
235 794 358 0  51 1 9 1 2 4 8 16 32 64 128 256
236 226 763 0   3 1 9 1 2 4 8 16 32 64 128 256
237 482 144 0  15 1 9 1 2 4 8 16 32 64 128 256
238 693 243 0  73 1 9 1 2 4 8 16 32 64 128 256
239 628  26 0  99 1 9 1 2 4 8 16 32 64 128 256
240 184 681 0  30 1 9 1 2 4 8 16 32 64 128 256
241 747 513 0  44 1 9 1 2 4 8 16 32 64 128 256
242 689 533 0  33 1 9 1 2 4 8 16 32 64 128 256
243 446 359 0  35 1 9 1 2 4 8 16 32 64 128 256
244  37 979 0  72 1 9 1 2 4 8 16 32 64 128 256
245 316 932 0  54 1 9 1 2 4 8 16 32 64 128 256
246 204 390 0  43 1 9 1 2 4 8 16 32 64 128 256
247 555 581 0  26 1 9 1 2 4 8 16 32 64 128 256
248  57 301 0  52 1 9 1 2 4 8 16 32 64 128 256
249 213 806 0  76 1 9 1 2 4 8 16 32 64 128 256
250 645 918 0  20 1 9 1 2 4 8 16 32 64 128 256
251 271 163 0  89 1 9 1 2 4 8 16 32 64 128 256
252  50 436 0  37 1 9 1 2 4 8 16 32 64 128 256
253  99 620 0  95 1 9 1 2 4 8 16 32 64 128 256
254 773 789 0  85 1 9 1 2 4 8 16 32 64 128 256
255 623 379 0  90 1 9 1 2 4 8 16 32 64 128 256
256 778 504 0  27 1 9 1 2 4 8 16 32 64 128 256
257 181 324 0  72 1 9 1 2 4 8 16 32 64 128 256
258 344 571 0  78 1 9 1 2 4 8 16 32 64 128 256
259 711  41 0   7 1 9 1 2 4 8 16 32 64 128 256
260 508 726 0  53 1 9 1 2 4 8 16 32 64 128 256
261 134 572 0  30 1 9 1 2 4 8 16 32 64 128 256
262 351 976 0  55 1 9 1 2 4 8 16 32 64 128 256
263 350 554 0  79 1 9 1 2 4 8 16 32 64 128 256
264 970  49 0  28 1 9 1 2 4 8 16 32 64 128 256
265 133 428 0  72 1 9 1 2 4 8 16 32 64 128 256
266 217 229 0  72 1 9 1 2 4 8 16 32 64 128 256
267 961 253 0  32 1 9 1 2 4 8 16 32 64 128 256
268 925 862 0  84 1 9 1 2 4 8 16 32 64 128 256
269 118 244 0  38 1 9 1 2 4 8 16 32 64 128 256
270 366 459 0  22 1 9 1 2 4 8 16 32 64 128 256
271 389 545 0  56 1 9 1 2 4 8 16 32 64 128 256
272 368 937 0  74 1 9 1 2 4 8 16 32 64 128 256
273 668 265 0  46 1 9 1 2 4 8 16 32 64 128 256
274 757 459 0  19 1 9 1 2 4 8 16 32 64 128 256
275 783 244 0   4 1 9 1 2 4 8 16 32 64 128 256
276 847 834 0  85 1 9 1 2 4 8 16 32 64 128 256
277  86 363 0  10 1 9 1 2 4 8 16 32 64 128 256
278 739 511 0  65 1 9 1 2 4 8 16 32 64 128 256
279 317 756 0   8 1 9 1 2 4 8 16 32 64 128 256
280 930 485 0  51 1 9 1 2 4 8 16 32 64 128 256
281 590 334 0  65 1 9 1 2 4 8 16 32 64 128 256
282 867 882 0  55 1 9 1 2 4 8 16 32 64 128 256
283 254 307 0  84 1 9 1 2 4 8 16 32 64 128 256
284 755 602 0  48 1 9 1 2 4 8 16 32 64 128 256
285 186  33 0  90 1 9 1 2 4 8 16 32 64 128 256
286 738 922 0  75 1 9 1 2 4 8 16 32 64 128 256
287 817 992 0  85 1 9 1 2 4 8 16 32 64 128 256
288 248 361 0  73 1 9 1 2 4 8 16 32 64 128 256
289 271 851 0   5 1 9 1 2 4 8 16 32 64 128 256
290 953 108 0  94 1 9 1 2 4 8 16 32 64 128 256
291 996 833 0  32 1 9 1 2 4 8 16 32 64 128 256
292 419 726 0  86 1 9 1 2 4 8 16 32 64 128 256
293 317 947 0  19 1 9 1 2 4 8 16 32 64 128 256
294   9 168 0  60 1 9 1 2 4 8 16 32 64 128 256
295 104 856 0  84 1 9 1 2 4 8 16 32 64 128 256
296 868 323 0   5 1 9 1 2 4 8 16 32 64 128 256
297 593 185 0  36 1 9 1 2 4 8 16 32 64 128 256
298 688 184 0  37 1 9 1 2 4 8 16 32 64 128 256
299 626 430 0  41 1 9 1 2 4 8 16 32 64 128 256
300 964  85 0  21 1 9 1 2 4 8 16 32 64 128 256
301  32 892 0  69 1 9 1 2 4 8 16 32 64 128 256
302 262 934 0  27 1 9 1 2 4 8 16 32 64 128 256
303 217 774 0  86 1 9 1 2 4 8 16 32 64 128 256
304 378 338 0  71 1 9 1 2 4 8 16 32 64 128 256
305 881 599 0  12 1 9 1 2 4 8 16 32 64 128 256
306 503 599 0  77 1 9 1 2 4 8 16 32 64 128 256
307 457 122 0  17 1 9 1 2 4 8 16 32 64 128 256
308 273 373 0  82 1 9 1 2 4 8 16 32 64 128 256
309 349 848 0  15 1 9 1 2 4 8 16 32 64 128 256
310 768  25 0   8 1 9 1 2 4 8 16 32 64 128 256
311 313 695 0  39 1 9 1 2 4 8 16 32 64 128 256
312 563 343 0  97 1 9 1 2 4 8 16 32 64 128 256
313 201 867 0  17 1 9 1 2 4 8 16 32 64 128 256
314 482 314 0  70 1 9 1 2 4 8 16 32 64 128 256
315 695 709 0  16 1 9 1 2 4 8 16 32 64 128 256
316 151 591 0  73 1 9 1 2 4 8 16 32 64 128 256
317 800 476 0  90 1 9 1 2 4 8 16 32 64 128 256
318 389 339 0  58 1 9 1 2 4 8 16 32 64 128 256
319 199 280 0  99 1 9 1 2 4 8 16 32 64 128 256
320 455 646 0  11 1 9 1 2 4 8 16 32 64 128 256
321 329 313 0  82 1 9 1 2 4 8 16 32 64 128 256
322 440 116 0  61 1 9 1 2 4 8 16 32 64 128 256
323 205 179 0  92 1 9 1 2 4 8 16 32 64 128 256
324 165 846 0  15 1 9 1 2 4 8 16 32 64 128 256
325 970 166 0  45 1 9 1 2 4 8 16 32 64 128 256
326   8  50 0  25 1 9 1 2 4 8 16 32 64 128 256
327 910 333 0  95 1 9 1 2 4 8 16 32 64 128 256
328 163 688 0  99 1 9 1 2 4 8 16 32 64 128 256
329 155 198 0  90 1 9 1 2 4 8 16 32 64 128 256
330 683 136 0  87 1 9 1 2 4 8 16 32 64 128 256
331 168 798 0  59 1 9 1 2 4 8 16 32 64 128 256
332 703 202 0  26 1 9 1 2 4 8 16 32 64 128 256
333 368 734 0  71 1 9 1 2 4 8 16 32 64 128 256
334 708 650 0  97 1 9 1 2 4 8 16 32 64 128 256
335 740 827 0  55 1 9 1 2 4 8 16 32 64 128 256
336 803 945 0  68 1 9 1 2 4 8 16 32 64 128 256
337 976 242 0  41 1 9 1 2 4 8 16 32 64 128 256
338 153 609 0 100 1 9 1 2 4 8 16 32 64 128 256
339 457 425 0  62 1 9 1 2 4 8 16 32 64 128 256
340 164  83 0   7 1 9 1 2 4 8 16 32 64 128 256
341 902  41 0  18 1 9 1 2 4 8 16 32 64 128 256
342 773 890 0  70 1 9 1 2 4 8 16 32 64 128 256
343 492  12 0  74 1 9 1 2 4 8 16 32 64 128 256
344 202 884 0  72 1 9 1 2 4 8 16 32 64 128 256
345 623 810 0  60 1 9 1 2 4 8 16 32 64 128 256
346 713 842 0  67 1 9 1 2 4 8 16 32 64 128 256
347 754 264 0  35 1 9 1 2 4 8 16 32 64 128 256
348  32 159 0   6 1 9 1 2 4 8 16 32 64 128 256
349 647 192 0  96 1 9 1 2 4 8 16 32 64 128 256
350  38 558 0  55 1 9 1 2 4 8 16 32 64 128 256
351 761 427 0   6 1 9 1 2 4 8 16 32 64 128 256
352 287 105 0  17 1 9 1 2 4 8 16 32 64 128 256
353 508 625 0  37 1 9 1 2 4 8 16 32 64 128 256
354 580 900 0  60 1 9 1 2 4 8 16 32 64 128 256
355 645 421 0  49 1 9 1 2 4 8 16 32 64 128 256
356 764 685 0  68 1 9 1 2 4 8 16 32 64 128 256
357 301 282 0  40 1 9 1 2 4 8 16 32 64 128 256
358 617 577 0  69 1 9 1 2 4 8 16 32 64 128 256
359 152 857 0  74 1 9 1 2 4 8 16 32 64 128 256
360 669 711 0  18 1 9 1 2 4 8 16 32 64 128 256
361 535 517 0   5 1 9 1 2 4 8 16 32 64 128 256
362  74 370 0  83 1 9 1 2 4 8 16 32 64 128 256
363 323 170 0  15 1 9 1 2 4 8 16 32 64 128 256
364 288 595 0  69 1 9 1 2 4 8 16 32 64 128 256
365 628 481 0   5 1 9 1 2 4 8 16 32 64 128 256
366 379 238 0  75 1 9 1 2 4 8 16 32 64 128 256
367 116 687 0  82 1 9 1 2 4 8 16 32 64 128 256
368 531 202 0  26 1 9 1 2 4 8 16 32 64 128 256
369 821 811 0  20 1 9 1 2 4 8 16 32 64 128 256
370 833 775 0  31 1 9 1 2 4 8 16 32 64 128 256
371 895 982 0  46 1 9 1 2 4 8 16 32 64 128 256
372 602 740 0  82 1 9 1 2 4 8 16 32 64 128 256
373 762 607 0  95 1 9 1 2 4 8 16 32 64 128 256
374 699  41 0  55 1 9 1 2 4 8 16 32 64 128 256
375 406 448 0  92 1 9 1 2 4 8 16 32 64 128 256
376  97 793 0  13 1 9 1 2 4 8 16 32 64 128 256
377 655  80 0  97 1 9 1 2 4 8 16 32 64 128 256
378   5 173 0  30 1 9 1 2 4 8 16 32 64 128 256
379 850 276 0  24 1 9 1 2 4 8 16 32 64 128 256
380 225 257 0  35 1 9 1 2 4 8 16 32 64 128 256
381 489 902 0  71 1 9 1 2 4 8 16 32 64 128 256
382 813 589 0   1 1 9 1 2 4 8 16 32 64 128 256
383 609 484 0  50 1 9 1 2 4 8 16 32 64 128 256
384 124 691 0  39 1 9 1 2 4 8 16 32 64 128 256
385 395 511 0   7 1 9 1 2 4 8 16 32 64 128 256
386 154 235 0  66 1 9 1 2 4 8 16 32 64 128 256
387 436 120 0  43 1 9 1 2 4 8 16 32 64 128 256
388 854 692 0  40 1 9 1 2 4 8 16 32 64 128 256
389 297 279 0  78 1 9 1 2 4 8 16 32 64 128 256
390 313 623 0  34 1 9 1 2 4 8 16 32 64 128 256
391 734 499 0  18 1 9 1 2 4 8 16 32 64 128 256
392 902  47 0   1 1 9 1 2 4 8 16 32 64 128 256
393 572 112 0  11 1 9 1 2 4 8 16 32 64 128 256
394 945 826 0  98 1 9 1 2 4 8 16 32 64 128 256
395 555 171 0  67 1 9 1 2 4 8 16 32 64 128 256
396 361 995 0 100 1 9 1 2 4 8 16 32 64 128 256
397  42 626 0  15 1 9 1 2 4 8 16 32 64 128 256
398 866  80 0  58 1 9 1 2 4 8 16 32 64 128 256
399 650 928 0  69 1 9 1 2 4 8 16 32 64 128 256
400 680  20 0  69 1 9 1 2 4 8 16 32 64 128 256
401 849 721 0  50 1 9 1 2 4 8 16 32 64 128 256
402 598 133 0   8 1 9 1 2 4 8 16 32 64 128 256
403 433 594 0  89 1 9 1 2 4 8 16 32 64 128 256
404 435 463 0   9 1 9 1 2 4 8 16 32 64 128 256
405 523 136 0  46 1 9 1 2 4 8 16 32 64 128 256
406 807 465 0   9 1 9 1 2 4 8 16 32 64 128 256
407 170 527 0  76 1 9 1 2 4 8 16 32 64 128 256
408 121 859 0   2 1 9 1 2 4 8 16 32 64 128 256
409 582 184 0  62 1 9 1 2 4 8 16 32 64 128 256
410 388 942 0  73 1 9 1 2 4 8 16 32 64 128 256
411 604 819 0  25 1 9 1 2 4 8 16 32 64 128 256
412 771   7 0  19 1 9 1 2 4 8 16 32 64 128 256
413  28 782 0  10 1 9 1 2 4 8 16 32 64 128 256
414 914 277 0  56 1 9 1 2 4 8 16 32 64 128 256
415 385 931 0  32 1 9 1 2 4 8 16 32 64 128 256
416  48 490 0  32 1 9 1 2 4 8 16 32 64 128 256
417 636 837 0  11 1 9 1 2 4 8 16 32 64 128 256
418 807 637 0  92 1 9 1 2 4 8 16 32 64 128 256
419 851 973 0  26 1 9 1 2 4 8 16 32 64 128 256
420 878 535 0  78 1 9 1 2 4 8 16 32 64 128 256
421 550 477 0  90 1 9 1 2 4 8 16 32 64 128 256
422 346 235 0  67 1 9 1 2 4 8 16 32 64 128 256
423 518 734 0  51 1 9 1 2 4 8 16 32 64 128 256
424 283 122 0  82 1 9 1 2 4 8 16 32 64 128 256
425 980 915 0  64 1 9 1 2 4 8 16 32 64 128 256
426 294 386 0  23 1 9 1 2 4 8 16 32 64 128 256
427 785 595 0  97 1 9 1 2 4 8 16 32 64 128 256
428 828 160 0  28 1 9 1 2 4 8 16 32 64 128 256
429 453 943 0   4 1 9 1 2 4 8 16 32 64 128 256
430  26 360 0  93 1 9 1 2 4 8 16 32 64 128 256
431 599 264 0  79 1 9 1 2 4 8 16 32 64 128 256
432 921 888 0  74 1 9 1 2 4 8 16 32 64 128 256
433 291 248 0  25 1 9 1 2 4 8 16 32 64 128 256
434  45 774 0  63 1 9 1 2 4 8 16 32 64 128 256
435 817 604 0  45 1 9 1 2 4 8 16 32 64 128 256
436 348 260 0  92 1 9 1 2 4 8 16 32 64 128 256
437 302 529 0  94 1 9 1 2 4 8 16 32 64 128 256
438 571 809 0  70 1 9 1 2 4 8 16 32 64 128 256
439 446 605 0  14 1 9 1 2 4 8 16 32 64 128 256
440 876 403 0  47 1 9 1 2 4 8 16 32 64 128 256
441 265 817 0  22 1 9 1 2 4 8 16 32 64 128 256
442 750 319 0  21 1 9 1 2 4 8 16 32 64 128 256
443 966 128 0  28 1 9 1 2 4 8 16 32 64 128 256
444 897 953 0  33 1 9 1 2 4 8 16 32 64 128 256
445 120 616 0   2 1 9 1 2 4 8 16 32 64 128 256
446 680 286 0  91 1 9 1 2 4 8 16 32 64 128 256
447 552 455 0  57 1 9 1 2 4 8 16 32 64 128 256
448 831 721 0  83 1 9 1 2 4 8 16 32 64 128 256
449 553 531 0  78 1 9 1 2 4 8 16 32 64 128 256
450 719 853 0  60 1 9 1 2 4 8 16 32 64 128 256
451 314 620 0  12 1 9 1 2 4 8 16 32 64 128 256
452 268  73 0  74 1 9 1 2 4 8 16 32 64 128 256
453 580 821 0  57 1 9 1 2 4 8 16 32 64 128 256
454 356 800 0  39 1 9 1 2 4 8 16 32 64 128 256
455 279 233 0  72 1 9 1 2 4 8 16 32 64 128 256
456 426 994 0  27 1 9 1 2 4 8 16 32 64 128 256
457 929 250 0  58 1 9 1 2 4 8 16 32 64 128 256
458 305 181 0  37 1 9 1 2 4 8 16 32 64 128 256
459 860 184 0  89 1 9 1 2 4 8 16 32 64 128 256
460 293 866 0  57 1 9 1 2 4 8 16 32 64 128 256
461 992 888 0  44 1 9 1 2 4 8 16 32 64 128 256
462 916 679 0  83 1 9 1 2 4 8 16 32 64 128 256
463 410 826 0  85 1 9 1 2 4 8 16 32 64 128 256
464 596  13 0   8 1 9 1 2 4 8 16 32 64 128 256
465 681 917 0  36 1 9 1 2 4 8 16 32 64 128 256
466 178 449 0  79 1 9 1 2 4 8 16 32 64 128 256
467 499 258 0  36 1 9 1 2 4 8 16 32 64 128 256
468  50 944 0  93 1 9 1 2 4 8 16 32 64 128 256
469 225 683 0  92 1 9 1 2 4 8 16 32 64 128 256
470  81 244 0   8 1 9 1 2 4 8 16 32 64 128 256
471 288 686 0   2 1 9 1 2 4 8 16 32 64 128 256
472 102 939 0  33 1 9 1 2 4 8 16 32 64 128 256
473 481 444 0  33 1 9 1 2 4 8 16 32 64 128 256
474 779 369 0  15 1 9 1 2 4 8 16 32 64 128 256
475 214 804 0  53 1 9 1 2 4 8 16 32 64 128 256
476 518 942 0  89 1 9 1 2 4 8 16 32 64 128 256
477 928 896 0  91 1 9 1 2 4 8 16 32 64 128 256
478  74   4 0  28 1 9 1 2 4 8 16 32 64 128 256
479 359 261 0  60 1 9 1 2 4 8 16 32 64 128 256
480 945 469 0  72 1 9 1 2 4 8 16 32 64 128 256
481 236 947 0  57 1 9 1 2 4 8 16 32 64 128 256
482  32 263 0  19 1 9 1 2 4 8 16 32 64 128 256
483 447 443 0  88 1 9 1 2 4 8 16 32 64 128 256
484 580 799 0  91 1 9 1 2 4 8 16 32 64 128 256
485 568 351 0  81 1 9 1 2 4 8 16 32 64 128 256
486 847 250 0   4 1 9 1 2 4 8 16 32 64 128 256
487 492   2 0  43 1 9 1 2 4 8 16 32 64 128 256
488   6 757 0  19 1 9 1 2 4 8 16 32 64 128 256
489 734 809 0  21 1 9 1 2 4 8 16 32 64 128 256
490 562 462 0  64 1 9 1 2 4 8 16 32 64 128 256
491 491 726 0  31 1 9 1 2 4 8 16 32 64 128 256
492 498 992 0  10 1 9 1 2 4 8 16 32 64 128 256
493 336 521 0   2 1 9 1 2 4 8 16 32 64 128 256
494 987 339 0  78 1 9 1 2 4 8 16 32 64 128 256
495 419 596 0  31 1 9 1 2 4 8 16 32 64 128 256
496 493 144 0  39 1 9 1 2 4 8 16 32 64 128 256
497 740 557 0  41 1 9 1 2 4 8 16 32 64 128 256
498 715  20 0   6 1 9 1 2 4 8 16 32 64 128 256
499 226 727 0  75 1 9 1 2 4 8 16 32 64 128 256
500 769 774 0  12 1 9 1 2 4 8 16 32 64 128 256
501 859 862 0  44 1 9 1 2 4 8 16 32 64 128 256
502 920  40 0  97 1 9 1 2 4 8 16 32 64 128 256
503 602 766 0   2 1 9 1 2 4 8 16 32 64 128 256
504 251 849 0  20 1 9 1 2 4 8 16 32 64 128 256
505  13 543 0  14 1 9 1 2 4 8 16 32 64 128 256
506 638  67 0  35 1 9 1 2 4 8 16 32 64 128 256
507 221 275 0  29 1 9 1 2 4 8 16 32 64 128 256
508 540 684 0  94 1 9 1 2 4 8 16 32 64 128 256
509 994 617 0  24 1 9 1 2 4 8 16 32 64 128 256
510 537 682 0  86 1 9 1 2 4 8 16 32 64 128 256
511 808 640 0  99 1 9 1 2 4 8 16 32 64 128 256
512 776 437 0  51 1 9 1 2 4 8 16 32 64 128 256
513 988   8 0  80 1 9 1 2 4 8 16 32 64 128 256
514 954 586 0  70 1 9 1 2 4 8 16 32 64 128 256
515  25 482 0  41 1 9 1 2 4 8 16 32 64 128 256
516 228 539 0  63 1 9 1 2 4 8 16 32 64 128 256
517  72 219 0  10 1 9 1 2 4 8 16 32 64 128 256
518 746 560 0   5 1 9 1 2 4 8 16 32 64 128 256
519 285 322 0  54 1 9 1 2 4 8 16 32 64 128 256
520 373 468 0  26 1 9 1 2 4 8 16 32 64 128 256
521 476 332 0  50 1 9 1 2 4 8 16 32 64 128 256
522 556 910 0  91 1 9 1 2 4 8 16 32 64 128 256
523 861 182 0  71 1 9 1 2 4 8 16 32 64 128 256
524 754 484 0  19 1 9 1 2 4 8 16 32 64 128 256
525 270 193 0  31 1 9 1 2 4 8 16 32 64 128 256
526 350 617 0  26 1 9 1 2 4 8 16 32 64 128 256
527 359 767 0  56 1 9 1 2 4 8 16 32 64 128 256
528  57 232 0  12 1 9 1 2 4 8 16 32 64 128 256
529 131 405 0  68 1 9 1 2 4 8 16 32 64 128 256
530 534 440 0  57 1 9 1 2 4 8 16 32 64 128 256
531 943 672 0  61 1 9 1 2 4 8 16 32 64 128 256
532 257 380 0  20 1 9 1 2 4 8 16 32 64 128 256
533 934 220 0 100 1 9 1 2 4 8 16 32 64 128 256
534 672 650 0  28 1 9 1 2 4 8 16 32 64 128 256
535 771 541 0  10 1 9 1 2 4 8 16 32 64 128 256
536 422 612 0  72 1 9 1 2 4 8 16 32 64 128 256
537  47 955 0   3 1 9 1 2 4 8 16 32 64 128 256
538 523 786 0  25 1 9 1 2 4 8 16 32 64 128 256
539  57 661 0  42 1 9 1 2 4 8 16 32 64 128 256
540 291 431 0  21 1 9 1 2 4 8 16 32 64 128 256
541 291 179 0  19 1 9 1 2 4 8 16 32 64 128 256
542 451 737 0  50 1 9 1 2 4 8 16 32 64 128 256
543  90 278 0  98 1 9 1 2 4 8 16 32 64 128 256
544 737 635 0  89 1 9 1 2 4 8 16 32 64 128 256
545 270 223 0  56 1 9 1 2 4 8 16 32 64 128 256
546 169 165 0  70 1 9 1 2 4 8 16 32 64 128 256
547 750   9 0  54 1 9 1 2 4 8 16 32 64 128 256
548 151  50 0  91 1 9 1 2 4 8 16 32 64 128 256
549 983 857 0  44 1 9 1 2 4 8 16 32 64 128 256
550 105 332 0  50 1 9 1 2 4 8 16 32 64 128 256
551 596 882 0  28 1 9 1 2 4 8 16 32 64 128 256
552 255 109 0  55 1 9 1 2 4 8 16 32 64 128 256
553 347 496 0  95 1 9 1 2 4 8 16 32 64 128 256
554 660 787 0  39 1 9 1 2 4 8 16 32 64 128 256
555 721 141 0  46 1 9 1 2 4 8 16 32 64 128 256
556 554 996 0  53 1 9 1 2 4 8 16 32 64 128 256
557 838 439 0  47 1 9 1 2 4 8 16 32 64 128 256
558 940 595 0  26 1 9 1 2 4 8 16 32 64 128 256
559 379 452 0  37 1 9 1 2 4 8 16 32 64 128 256
560 432 448 0  24 1 9 1 2 4 8 16 32 64 128 256
561 782 942 0  61 1 9 1 2 4 8 16 32 64 128 256
562 514 279 0  56 1 9 1 2 4 8 16 32 64 128 256
563 182 799 0  31 1 9 1 2 4 8 16 32 64 128 256
564 947 828 0  67 1 9 1 2 4 8 16 32 64 128 256
565 254 572 0  31 1 9 1 2 4 8 16 32 64 128 256
566  35 960 0  25 1 9 1 2 4 8 16 32 64 128 256
567 271 714 0  68 1 9 1 2 4 8 16 32 64 128 256
568 281 946 0  81 1 9 1 2 4 8 16 32 64 128 256
569 364 711 0  91 1 9 1 2 4 8 16 32 64 128 256
570 859 976 0  35 1 9 1 2 4 8 16 32 64 128 256
571 188 657 0  60 1 9 1 2 4 8 16 32 64 128 256
572 787 820 0  29 1 9 1 2 4 8 16 32 64 128 256
573 505 430 0  86 1 9 1 2 4 8 16 32 64 128 256
574 754 137 0  74 1 9 1 2 4 8 16 32 64 128 256
575 326  99 0  51 1 9 1 2 4 8 16 32 64 128 256
576 942 273 0  82 1 9 1 2 4 8 16 32 64 128 256
577 871 642 0  72 1 9 1 2 4 8 16 32 64 128 256
578  30 746 0  20 1 9 1 2 4 8 16 32 64 128 256
579 163 929 0  93 1 9 1 2 4 8 16 32 64 128 256
580 572 164 0  42 1 9 1 2 4 8 16 32 64 128 256
581 386 357 0  92 1 9 1 2 4 8 16 32 64 128 256
582 792 764 0  25 1 9 1 2 4 8 16 32 64 128 256
583 574 210 0  23 1 9 1 2 4 8 16 32 64 128 256
584 445 953 0  40 1 9 1 2 4 8 16 32 64 128 256
585 616 527 0  67 1 9 1 2 4 8 16 32 64 128 256
586 667  79 0   9 1 9 1 2 4 8 16 32 64 128 256
587 826 571 0  47 1 9 1 2 4 8 16 32 64 128 256
588 414 584 0  36 1 9 1 2 4 8 16 32 64 128 256
589 171 560 0  78 1 9 1 2 4 8 16 32 64 128 256
590 429 860 0  74 1 9 1 2 4 8 16 32 64 128 256
591 337 593 0  66 1 9 1 2 4 8 16 32 64 128 256
592 218 728 0  41 1 9 1 2 4 8 16 32 64 128 256
593 321 395 0  61 1 9 1 2 4 8 16 32 64 128 256
594 110 830 0  52 1 9 1 2 4 8 16 32 64 128 256
595 752 145 0  81 1 9 1 2 4 8 16 32 64 128 256
596 455 453 0  90 1 9 1 2 4 8 16 32 64 128 256
597 113 506 0  13 1 9 1 2 4 8 16 32 64 128 256
598 185 806 0 100 1 9 1 2 4 8 16 32 64 128 256
599 982 153 0  62 1 9 1 2 4 8 16 32 64 128 256
600 781  97 0   9 1 9 1 2 4 8 16 32 64 128 256
601 667 383 0  15 1 9 1 2 4 8 16 32 64 128 256
602 179 334 0  58 1 9 1 2 4 8 16 32 64 128 256
603 462 504 0  88 1 9 1 2 4 8 16 32 64 128 256
604 448 798 0  40 1 9 1 2 4 8 16 32 64 128 256
605 887 717 0  44 1 9 1 2 4 8 16 32 64 128 256
606 560 803 0  87 1 9 1 2 4 8 16 32 64 128 256
607 614 644 0  86 1 9 1 2 4 8 16 32 64 128 256
608 244   5 0  57 1 9 1 2 4 8 16 32 64 128 256
609 739 807 0  55 1 9 1 2 4 8 16 32 64 128 256
610  18 526 0  46 1 9 1 2 4 8 16 32 64 128 256
611 644 900 0  39 1 9 1 2 4 8 16 32 64 128 256
612 127 598 0  17 1 9 1 2 4 8 16 32 64 128 256
613 311 556 0   4 1 9 1 2 4 8 16 32 64 128 256
614 845 271 0  77 1 9 1 2 4 8 16 32 64 128 256
615 450 681 0  34 1 9 1 2 4 8 16 32 64 128 256
616 751 806 0  70 1 9 1 2 4 8 16 32 64 128 256
617 332 478 0  98 1 9 1 2 4 8 16 32 64 128 256
618 686 427 0  72 1 9 1 2 4 8 16 32 64 128 256
619 103 174 0  39 1 9 1 2 4 8 16 32 64 128 256
620 272 591 0  29 1 9 1 2 4 8 16 32 64 128 256
621 233 744 0  60 1 9 1 2 4 8 16 32 64 128 256
622  56 882 0  23 1 9 1 2 4 8 16 32 64 128 256
623 296 689 0  98 1 9 1 2 4 8 16 32 64 128 256
624 753 872 0  24 1 9 1 2 4 8 16 32 64 128 256
625 790 116 0  61 1 9 1 2 4 8 16 32 64 128 256
626 756 178 0  31 1 9 1 2 4 8 16 32 64 128 256
627 132 773 0  78 1 9 1 2 4 8 16 32 64 128 256
628  16 658 0  45 1 9 1 2 4 8 16 32 64 128 256
629 223 609 0  70 1 9 1 2 4 8 16 32 64 128 256
630 782 840 0  86 1 9 1 2 4 8 16 32 64 128 256
631  56  66 0  73 1 9 1 2 4 8 16 32 64 128 256
632 883 665 0  66 1 9 1 2 4 8 16 32 64 128 256
633 611 701 0  45 1 9 1 2 4 8 16 32 64 128 256
634 499 248 0  50 1 9 1 2 4 8 16 32 64 128 256
635 799 151 0  68 1 9 1 2 4 8 16 32 64 128 256
636 196 193 0  83 1 9 1 2 4 8 16 32 64 128 256
637 808 533 0  59 1 9 1 2 4 8 16 32 64 128 256
638 591 722 0  17 1 9 1 2 4 8 16 32 64 128 256
639 191 333 0  48 1 9 1 2 4 8 16 32 64 128 256
640 939 845 0   2 1 9 1 2 4 8 16 32 64 128 256
641 834 888 0  63 1 9 1 2 4 8 16 32 64 128 256
642 877 691 0  65 1 9 1 2 4 8 16 32 64 128 256
643 355 467 0  60 1 9 1 2 4 8 16 32 64 128 256
644 395 712 0  48 1 9 1 2 4 8 16 32 64 128 256
645 828 804 0  84 1 9 1 2 4 8 16 32 64 128 256
646 844 111 0  53 1 9 1 2 4 8 16 32 64 128 256
647 580 135 0  25 1 9 1 2 4 8 16 32 64 128 256
648 904 613 0   0 0 0
649 493 466 0   0 0 0
650 339 993 0   0 0 0
651 800 228 0   0 0 0
652 686 606 0   0 0 0
653   5 209 0   0 0 0
654 952 181 0   0 0 0
655 542 592 0   0 0 0
656 677 865 0   0 0 0
