2 127 723 6
0 238
0 238
0 238
0 238
0 238
0 238
  1 960  602 0  34 1 6 1 2 4 8 16 32
  2 207  938 0  28 1 6 1 2 4 8 16 32
  3 756  571 0  17 1 6 1 2 4 8 16 32
  4 407  511 0  42 1 6 1 2 4 8 16 32
  5 883  212 0  84 1 6 1 2 4 8 16 32
  6 698  556 0   1 1 6 1 2 4 8 16 32
  7 417   68 0  49 1 6 1 2 4 8 16 32
  8 290  844 0  63 1 6 1 2 4 8 16 32
  9 453  799 0  62 1 6 1 2 4 8 16 32
 10 612  412 0  44 1 6 1 2 4 8 16 32
 11 466  464 0  43 1 6 1 2 4 8 16 32
 12 594  234 0  70 1 6 1 2 4 8 16 32
 13 725  893 0  74 1 6 1 2 4 8 16 32
 14 489  864 0  14 1 6 1 2 4 8 16 32
 15 390  666 0  87 1 6 1 2 4 8 16 32
 16 272  980 0  77 1 6 1 2 4 8 16 32
 17 186  669 0   8 1 6 1 2 4 8 16 32
 18 467  785 0  83 1 6 1 2 4 8 16 32
 19 695  126 0  84 1 6 1 2 4 8 16 32
 20 584  433 0  59 1 6 1 2 4 8 16 32
 21 341  131 0  69 1 6 1 2 4 8 16 32
 22 491  772 0  98 1 6 1 2 4 8 16 32
 23  25  864 0  78 1 6 1 2 4 8 16 32
 24 803  421 0 100 1 6 1 2 4 8 16 32
 25 918   76 0  42 1 6 1 2 4 8 16 32
 26 766  692 0  58 1 6 1 2 4 8 16 32
 27 342   34 0  17 1 6 1 2 4 8 16 32
 28 475  748 0  38 1 6 1 2 4 8 16 32
 29 554  422 0  24 1 6 1 2 4 8 16 32
 30 402  313 0  78 1 6 1 2 4 8 16 32
 31 310  914 0  36 1 6 1 2 4 8 16 32
 32 679  741 0  53 1 6 1 2 4 8 16 32
 33 594  485 0   2 1 6 1 2 4 8 16 32
 34 888  404 0  62 1 6 1 2 4 8 16 32
 35 882  541 0  18 1 6 1 2 4 8 16 32
 36 805   13 0   5 1 6 1 2 4 8 16 32
 37  69  917 0  23 1 6 1 2 4 8 16 32
 38 927  906 0   3 1 6 1 2 4 8 16 32
 39 605  413 0  36 1 6 1 2 4 8 16 32
 40 898  741 0  10 1 6 1 2 4 8 16 32
 41 740  112 0   8 1 6 1 2 4 8 16 32
 42 427    4 0  86 1 6 1 2 4 8 16 32
 43 107  745 0  70 1 6 1 2 4 8 16 32
 44 564  978 0  36 1 6 1 2 4 8 16 32
 45 870  391 0  96 1 6 1 2 4 8 16 32
 46   4  103 0  38 1 6 1 2 4 8 16 32
 47 539  347 0  84 1 6 1 2 4 8 16 32
 48 903   15 0  75 1 6 1 2 4 8 16 32
 49 747  694 0  40 1 6 1 2 4 8 16 32
 50 176  328 0  52 1 6 1 2 4 8 16 32
 51 613  824 0  88 1 6 1 2 4 8 16 32
 52 711  305 0  70 1 6 1 2 4 8 16 32
 53 758  889 0 100 1 6 1 2 4 8 16 32
 54 418  287 0 100 1 6 1 2 4 8 16 32
 55 378   66 0  32 1 6 1 2 4 8 16 32
 56  37  847 0  75 1 6 1 2 4 8 16 32
 57 885  200 0  30 1 6 1 2 4 8 16 32
 58 995   93 0  23 1 6 1 2 4 8 16 32
 59 534  577 0  22 1 6 1 2 4 8 16 32
 60 990  511 0  24 1 6 1 2 4 8 16 32
 61 453  115 0  51 1 6 1 2 4 8 16 32
 62 533  351 0  98 1 6 1 2 4 8 16 32
 63 766  127 0  82 1 6 1 2 4 8 16 32
 64 166  421 0  91 1 6 1 2 4 8 16 32
 65 400  766 0   1 1 6 1 2 4 8 16 32
 66 916   39 0  19 1 6 1 2 4 8 16 32
 67 987  418 0  22 1 6 1 2 4 8 16 32
 68 659  295 0  22 1 6 1 2 4 8 16 32
 69 534  751 0  70 1 6 1 2 4 8 16 32
 70 857  857 0  73 1 6 1 2 4 8 16 32
 71 669  767 0  90 1 6 1 2 4 8 16 32
 72 609  107 0  22 1 6 1 2 4 8 16 32
 73 127  432 0  34 1 6 1 2 4 8 16 32
 74 829  777 0  27 1 6 1 2 4 8 16 32
 75 157  900 0   4 1 6 1 2 4 8 16 32
 76 280  591 0  58 1 6 1 2 4 8 16 32
 77 501  448 0  57 1 6 1 2 4 8 16 32
 78 268  951 0  12 1 6 1 2 4 8 16 32
 79 695  566 0  71 1 6 1 2 4 8 16 32
 80  39  153 0  92 1 6 1 2 4 8 16 32
 81 873   27 0  89 1 6 1 2 4 8 16 32
 82 514  412 0  77 1 6 1 2 4 8 16 32
 83 329  952 0  22 1 6 1 2 4 8 16 32
 84 644  231 0  19 1 6 1 2 4 8 16 32
 85 318  894 0  65 1 6 1 2 4 8 16 32
 86 653  539 0   3 1 6 1 2 4 8 16 32
 87 900  641 0  25 1 6 1 2 4 8 16 32
 88 668  200 0  68 1 6 1 2 4 8 16 32
 89 871  441 0  18 1 6 1 2 4 8 16 32
 90 293  282 0  37 1 6 1 2 4 8 16 32
 91 383  761 0  25 1 6 1 2 4 8 16 32
 92 891  623 0  85 1 6 1 2 4 8 16 32
 93  70  420 0  99 1 6 1 2 4 8 16 32
 94 899  701 0  55 1 6 1 2 4 8 16 32
 95 601  274 0  82 1 6 1 2 4 8 16 32
 96 789  675 0  68 1 6 1 2 4 8 16 32
 97 686  520 0  23 1 6 1 2 4 8 16 32
 98  81  364 0  79 1 6 1 2 4 8 16 32
 99 805  264 0  34 1 6 1 2 4 8 16 32
100 519  415 0  54 1 6 1 2 4 8 16 32
101 999   57 0  20 1 6 1 2 4 8 16 32
102 774  154 0  97 1 6 1 2 4 8 16 32
103 142  653 0  98 1 6 1 2 4 8 16 32
104 266  376 0  62 1 6 1 2 4 8 16 32
105 940  508 0   1 1 6 1 2 4 8 16 32
106 565  943 0   9 1 6 1 2 4 8 16 32
107 501  905 0  10 1 6 1 2 4 8 16 32
108 795  245 0  62 1 6 1 2 4 8 16 32
109 397  941 0   4 1 6 1 2 4 8 16 32
110 502   94 0  30 1 6 1 2 4 8 16 32
111 723  215 0  55 1 6 1 2 4 8 16 32
112 288  219 0   6 1 6 1 2 4 8 16 32
113 626  856 0  52 1 6 1 2 4 8 16 32
114 762  802 0  56 1 6 1 2 4 8 16 32
115 733  587 0  30 1 6 1 2 4 8 16 32
116 248  290 0  14 1 6 1 2 4 8 16 32
117 691  475 0  45 1 6 1 2 4 8 16 32
118 467  572 0  75 1 6 1 2 4 8 16 32
119  84   90 0  89 1 6 1 2 4 8 16 32
120  89   82 0  23 1 6 1 2 4 8 16 32
121 807  898 0   6 1 6 1 2 4 8 16 32
122 770  370 0  72 1 6 1 2 4 8 16 32
123 631  675 0   5 1 6 1 2 4 8 16 32
124 986  952 0  95 1 6 1 2 4 8 16 32
125 994  323 0  25 1 6 1 2 4 8 16 32
126  69  629 0  56 1 6 1 2 4 8 16 32
127 386  142 0  89 1 6 1 2 4 8 16 32
128 639  765 0  20 1 6 1 2 4 8 16 32
129  78  812 0  87 1 6 1 2 4 8 16 32
130 773  592 0  44 1 6 1 2 4 8 16 32
131 218  488 0   2 1 6 1 2 4 8 16 32
132 106  856 0  94 1 6 1 2 4 8 16 32
133 530  799 0   5 1 6 1 2 4 8 16 32
134 385  102 0  21 1 6 1 2 4 8 16 32
135 656  349 0  69 1 6 1 2 4 8 16 32
136 200   83 0  63 1 6 1 2 4 8 16 32
137  52  970 0  35 1 6 1 2 4 8 16 32
138 551  400 0   6 1 6 1 2 4 8 16 32
139 299  724 0  89 1 6 1 2 4 8 16 32
140 985  582 0  86 1 6 1 2 4 8 16 32
141 293 1000 0  79 1 6 1 2 4 8 16 32
142 614  477 0  37 1 6 1 2 4 8 16 32
143 442  813 0   8 1 6 1 2 4 8 16 32
144 305  567 0  81 1 6 1 2 4 8 16 32
145 962  776 0  87 1 6 1 2 4 8 16 32
146 660  932 0   9 1 6 1 2 4 8 16 32
147 379  752 0  81 1 6 1 2 4 8 16 32
148 338  589 0  14 1 6 1 2 4 8 16 32
149 863  485 0   2 1 6 1 2 4 8 16 32
150 711   25 0  63 1 6 1 2 4 8 16 32
151 626  601 0  32 1 6 1 2 4 8 16 32
152 668  980 0  87 1 6 1 2 4 8 16 32
153 719  128 0  42 1 6 1 2 4 8 16 32
154 290  291 0  16 1 6 1 2 4 8 16 32
155 714  306 0  77 1 6 1 2 4 8 16 32
156 642  438 0  91 1 6 1 2 4 8 16 32
157 686  907 0  73 1 6 1 2 4 8 16 32
158 638  831 0  17 1 6 1 2 4 8 16 32
159 198  293 0  19 1 6 1 2 4 8 16 32
160 334  990 0  18 1 6 1 2 4 8 16 32
161 993  858 0  63 1 6 1 2 4 8 16 32
162 715  495 0  17 1 6 1 2 4 8 16 32
163 929   60 0  10 1 6 1 2 4 8 16 32
164 400  890 0   8 1 6 1 2 4 8 16 32
165   6  428 0  41 1 6 1 2 4 8 16 32
166 139  613 0  82 1 6 1 2 4 8 16 32
167 183  947 0  67 1 6 1 2 4 8 16 32
168 952  733 0  32 1 6 1 2 4 8 16 32
169 439  636 0  42 1 6 1 2 4 8 16 32
170 275   98 0   7 1 6 1 2 4 8 16 32
171 131  507 0  43 1 6 1 2 4 8 16 32
172 741  594 0  39 1 6 1 2 4 8 16 32
173 372  700 0   8 1 6 1 2 4 8 16 32
174 394  800 0  11 1 6 1 2 4 8 16 32
175 587  272 0  73 1 6 1 2 4 8 16 32
176 471  299 0  55 1 6 1 2 4 8 16 32
177 873   36 0  11 1 6 1 2 4 8 16 32
178 699  304 0  45 1 6 1 2 4 8 16 32
179 536  332 0   9 1 6 1 2 4 8 16 32
180 747   40 0  29 1 6 1 2 4 8 16 32
181 398  949 0  37 1 6 1 2 4 8 16 32
182 424  956 0  23 1 6 1 2 4 8 16 32
183 382  849 0  57 1 6 1 2 4 8 16 32
184 557  419 0  63 1 6 1 2 4 8 16 32
185 473  114 0  51 1 6 1 2 4 8 16 32
186 906  235 0   4 1 6 1 2 4 8 16 32
187 679  523 0  79 1 6 1 2 4 8 16 32
188 140  543 0  85 1 6 1 2 4 8 16 32
189 627   21 0  53 1 6 1 2 4 8 16 32
190 664  499 0  69 1 6 1 2 4 8 16 32
191 908  598 0  61 1 6 1 2 4 8 16 32
192 593  193 0  16 1 6 1 2 4 8 16 32
193 416  887 0  97 1 6 1 2 4 8 16 32
194 281  787 0  91 1 6 1 2 4 8 16 32
195 766  311 0  81 1 6 1 2 4 8 16 32
196 125  502 0  77 1 6 1 2 4 8 16 32
197 227  384 0  66 1 6 1 2 4 8 16 32
198 706  496 0  71 1 6 1 2 4 8 16 32
199 289  453 0  30 1 6 1 2 4 8 16 32
200 101    8 0  81 1 6 1 2 4 8 16 32
201 308  704 0  50 1 6 1 2 4 8 16 32
202 174  122 0  64 1 6 1 2 4 8 16 32
203 105  147 0  10 1 6 1 2 4 8 16 32
204 265  410 0  78 1 6 1 2 4 8 16 32
205 565  317 0  78 1 6 1 2 4 8 16 32
206 799  770 0   7 1 6 1 2 4 8 16 32
207 581  635 0  75 1 6 1 2 4 8 16 32
208 323  168 0  51 1 6 1 2 4 8 16 32
209 981   30 0  30 1 6 1 2 4 8 16 32
210  18  535 0  83 1 6 1 2 4 8 16 32
211 617  865 0   1 1 6 1 2 4 8 16 32
212 412  563 0   5 1 6 1 2 4 8 16 32
213 969 1000 0  47 1 6 1 2 4 8 16 32
214   8   78 0  34 1 6 1 2 4 8 16 32
215 515   81 0  52 1 6 1 2 4 8 16 32
216 966  104 0  77 1 6 1 2 4 8 16 32
217 669  307 0  57 1 6 1 2 4 8 16 32
218 953   90 0  27 1 6 1 2 4 8 16 32
219 849  403 0   1 1 6 1 2 4 8 16 32
220 991  502 0  44 1 6 1 2 4 8 16 32
221  91  336 0  91 1 6 1 2 4 8 16 32
222 570  347 0  92 1 6 1 2 4 8 16 32
223  26  948 0  56 1 6 1 2 4 8 16 32
224 584  797 0  42 1 6 1 2 4 8 16 32
225 794  794 0  55 1 6 1 2 4 8 16 32
226  22  521 0   8 1 6 1 2 4 8 16 32
227 757  333 0  52 1 6 1 2 4 8 16 32
228 679  902 0  75 1 6 1 2 4 8 16 32
229 295  177 0  61 1 6 1 2 4 8 16 32
230 908  379 0  89 1 6 1 2 4 8 16 32
231 349  333 0  79 1 6 1 2 4 8 16 32
232 240  257 0  22 1 6 1 2 4 8 16 32
233  30   48 0  40 1 6 1 2 4 8 16 32
234 161  206 0  68 1 6 1 2 4 8 16 32
235 915  156 0  70 1 6 1 2 4 8 16 32
236 954  638 0  17 1 6 1 2 4 8 16 32
237  50  925 0  79 1 6 1 2 4 8 16 32
238  57  647 0  17 1 6 1 2 4 8 16 32
239 114  719 0  18 1 6 1 2 4 8 16 32
240 162  940 0  98 1 6 1 2 4 8 16 32
241 752  181 0  20 1 6 1 2 4 8 16 32
242  64  828 0  49 1 6 1 2 4 8 16 32
243 576  261 0  44 1 6 1 2 4 8 16 32
244  49  813 0  40 1 6 1 2 4 8 16 32
245 980  809 0   2 1 6 1 2 4 8 16 32
246 800  348 0  22 1 6 1 2 4 8 16 32
247  84  523 0  94 1 6 1 2 4 8 16 32
248 718  738 0  94 1 6 1 2 4 8 16 32
249 489  622 0   7 1 6 1 2 4 8 16 32
250 465  373 0  24 1 6 1 2 4 8 16 32
251 742  700 0  10 1 6 1 2 4 8 16 32
252 189  770 0  79 1 6 1 2 4 8 16 32
253 828  749 0  43 1 6 1 2 4 8 16 32
254 312  534 0  33 1 6 1 2 4 8 16 32
255  38  501 0  99 1 6 1 2 4 8 16 32
256 749   61 0  72 1 6 1 2 4 8 16 32
257 563  594 0  55 1 6 1 2 4 8 16 32
258 539  513 0 100 1 6 1 2 4 8 16 32
259 747  863 0  10 1 6 1 2 4 8 16 32
260 840  175 0  88 1 6 1 2 4 8 16 32
261  52  912 0  44 1 6 1 2 4 8 16 32
262 713  867 0  26 1 6 1 2 4 8 16 32
263  22  687 0  35 1 6 1 2 4 8 16 32
264 982  982 0  14 1 6 1 2 4 8 16 32
265 422  244 0   8 1 6 1 2 4 8 16 32
266 194  938 0   2 1 6 1 2 4 8 16 32
267 107  292 0  48 1 6 1 2 4 8 16 32
268 751  705 0  36 1 6 1 2 4 8 16 32
269 121  333 0   1 1 6 1 2 4 8 16 32
270 292  507 0  32 1 6 1 2 4 8 16 32
271 601  840 0  77 1 6 1 2 4 8 16 32
272 283  917 0  17 1 6 1 2 4 8 16 32
273  30  788 0  82 1 6 1 2 4 8 16 32
274 731    2 0  75 1 6 1 2 4 8 16 32
275 426   63 0  42 1 6 1 2 4 8 16 32
276 584  641 0  34 1 6 1 2 4 8 16 32
277 121  283 0  20 1 6 1 2 4 8 16 32
278 916  335 0  25 1 6 1 2 4 8 16 32
279 817  757 0  40 1 6 1 2 4 8 16 32
280 648  450 0   2 1 6 1 2 4 8 16 32
281 729  278 0  26 1 6 1 2 4 8 16 32
282 606  614 0  76 1 6 1 2 4 8 16 32
283 755  907 0  41 1 6 1 2 4 8 16 32
284 548  234 0  20 1 6 1 2 4 8 16 32
285 664  390 0  11 1 6 1 2 4 8 16 32
286 448    3 0  47 1 6 1 2 4 8 16 32
287 295   27 0  62 1 6 1 2 4 8 16 32
288 131  232 0  47 1 6 1 2 4 8 16 32
289 621  403 0  30 1 6 1 2 4 8 16 32
290  44  330 0 100 1 6 1 2 4 8 16 32
291  65  396 0  10 1 6 1 2 4 8 16 32
292 682    6 0  22 1 6 1 2 4 8 16 32
293 610  306 0  80 1 6 1 2 4 8 16 32
294 872  252 0  18 1 6 1 2 4 8 16 32
295 817  750 0  57 1 6 1 2 4 8 16 32
296 614  748 0  86 1 6 1 2 4 8 16 32
297 142  375 0  76 1 6 1 2 4 8 16 32
298 501  379 0  92 1 6 1 2 4 8 16 32
299 793   84 0  59 1 6 1 2 4 8 16 32
300 302   95 0  71 1 6 1 2 4 8 16 32
301 167  206 0  82 1 6 1 2 4 8 16 32
302  44  557 0   6 1 6 1 2 4 8 16 32
303 680  103 0  51 1 6 1 2 4 8 16 32
304 828  411 0  76 1 6 1 2 4 8 16 32
305 965  966 0  74 1 6 1 2 4 8 16 32
306 921  241 0  24 1 6 1 2 4 8 16 32
307 303  842 0  47 1 6 1 2 4 8 16 32
308  60  867 0  45 1 6 1 2 4 8 16 32
309 700  704 0  43 1 6 1 2 4 8 16 32
310 480  376 0  95 1 6 1 2 4 8 16 32
311 840  269 0  27 1 6 1 2 4 8 16 32
312 916  571 0  71 1 6 1 2 4 8 16 32
313 340  495 0  95 1 6 1 2 4 8 16 32
314 306  306 0  84 1 6 1 2 4 8 16 32
315 749  858 0   3 1 6 1 2 4 8 16 32
316 579  710 0   9 1 6 1 2 4 8 16 32
317 539   68 0  36 1 6 1 2 4 8 16 32
318 923  716 0  28 1 6 1 2 4 8 16 32
319 797  909 0  94 1 6 1 2 4 8 16 32
320 332   27 0   8 1 6 1 2 4 8 16 32
321 940  241 0  95 1 6 1 2 4 8 16 32
322 175  151 0  33 1 6 1 2 4 8 16 32
323 879  135 0  24 1 6 1 2 4 8 16 32
324 978  315 0  47 1 6 1 2 4 8 16 32
325 974  132 0  17 1 6 1 2 4 8 16 32
326 133  370 0  78 1 6 1 2 4 8 16 32
327 880  877 0  58 1 6 1 2 4 8 16 32
328 951  564 0  23 1 6 1 2 4 8 16 32
329 221  196 0  84 1 6 1 2 4 8 16 32
330  93  878 0  88 1 6 1 2 4 8 16 32
331 813  670 0 100 1 6 1 2 4 8 16 32
332 332  926 0  43 1 6 1 2 4 8 16 32
333 938  436 0  77 1 6 1 2 4 8 16 32
334 273  382 0  20 1 6 1 2 4 8 16 32
335 969  128 0  50 1 6 1 2 4 8 16 32
336 582  905 0  86 1 6 1 2 4 8 16 32
337 480  768 0  29 1 6 1 2 4 8 16 32
338  20  952 0  50 1 6 1 2 4 8 16 32
339 247  384 0  43 1 6 1 2 4 8 16 32
340 384  222 0  34 1 6 1 2 4 8 16 32
341 202  569 0  50 1 6 1 2 4 8 16 32
342 619   78 0  36 1 6 1 2 4 8 16 32
343 101  677 0  80 1 6 1 2 4 8 16 32
344 928  252 0  83 1 6 1 2 4 8 16 32
345 576  430 0  21 1 6 1 2 4 8 16 32
346 257  628 0  34 1 6 1 2 4 8 16 32
347 884  885 0  95 1 6 1 2 4 8 16 32
348 175  362 0  83 1 6 1 2 4 8 16 32
349  92  545 0  11 1 6 1 2 4 8 16 32
350 614 1000 0  74 1 6 1 2 4 8 16 32
351 649  738 0  74 1 6 1 2 4 8 16 32
352 141   24 0  13 1 6 1 2 4 8 16 32
353 834  442 0  34 1 6 1 2 4 8 16 32
354 146  300 0   6 1 6 1 2 4 8 16 32
355 769  780 0  40 1 6 1 2 4 8 16 32
356 317  330 0  51 1 6 1 2 4 8 16 32
357 821  891 0  95 1 6 1 2 4 8 16 32
358 500  181 0  12 1 6 1 2 4 8 16 32
359 210   47 0  57 1 6 1 2 4 8 16 32
360 651  970 0  25 1 6 1 2 4 8 16 32
361 830  436 0  83 1 6 1 2 4 8 16 32
362 352  176 0  85 1 6 1 2 4 8 16 32
363 858  547 0   5 1 6 1 2 4 8 16 32
364  10  831 0  52 1 6 1 2 4 8 16 32
365 321   98 0  51 1 6 1 2 4 8 16 32
366 510   51 0   9 1 6 1 2 4 8 16 32
367 109  702 0  39 1 6 1 2 4 8 16 32
368  43   64 0  93 1 6 1 2 4 8 16 32
369 854  973 0  16 1 6 1 2 4 8 16 32
370 862   63 0  39 1 6 1 2 4 8 16 32
371 280  733 0  97 1 6 1 2 4 8 16 32
372  70  779 0  19 1 6 1 2 4 8 16 32
373 783  691 0  50 1 6 1 2 4 8 16 32
374 905  210 0  58 1 6 1 2 4 8 16 32
375 584  691 0  26 1 6 1 2 4 8 16 32
376 466  309 0  50 1 6 1 2 4 8 16 32
377 774  772 0  32 1 6 1 2 4 8 16 32
378 310  124 0  62 1 6 1 2 4 8 16 32
379 514  289 0  19 1 6 1 2 4 8 16 32
380 468  619 0  15 1 6 1 2 4 8 16 32
381 223  823 0  70 1 6 1 2 4 8 16 32
382  39  613 0  22 1 6 1 2 4 8 16 32
383 951  698 0  85 1 6 1 2 4 8 16 32
384 276  116 0  29 1 6 1 2 4 8 16 32
385 884  695 0  62 1 6 1 2 4 8 16 32
386  70  540 0  25 1 6 1 2 4 8 16 32
387 778  684 0  29 1 6 1 2 4 8 16 32
388 976  509 0  83 1 6 1 2 4 8 16 32
389 934  433 0  16 1 6 1 2 4 8 16 32
390 986   77 0  91 1 6 1 2 4 8 16 32
391 876  766 0  20 1 6 1 2 4 8 16 32
392  56  879 0  76 1 6 1 2 4 8 16 32
393 916  904 0   6 1 6 1 2 4 8 16 32
394 969  524 0   9 1 6 1 2 4 8 16 32
395 120  550 0  15 1 6 1 2 4 8 16 32
396 237  291 0  75 1 6 1 2 4 8 16 32
397 804  714 0  98 1 6 1 2 4 8 16 32
398 598  226 0  73 1 6 1 2 4 8 16 32
399 834  255 0  41 1 6 1 2 4 8 16 32
400 106  844 0   3 1 6 1 2 4 8 16 32
401 507  203 0  96 1 6 1 2 4 8 16 32
402 442  594 0   1 1 6 1 2 4 8 16 32
403 547  411 0  30 1 6 1 2 4 8 16 32
404 519  376 0   3 1 6 1 2 4 8 16 32
405 254  257 0  10 1 6 1 2 4 8 16 32
406 278  416 0   6 1 6 1 2 4 8 16 32
407 938  656 0  36 1 6 1 2 4 8 16 32
408 619  833 0  88 1 6 1 2 4 8 16 32
409 882  265 0  48 1 6 1 2 4 8 16 32
410 840  489 0  52 1 6 1 2 4 8 16 32
411 276  516 0  35 1 6 1 2 4 8 16 32
412 462   84 0  40 1 6 1 2 4 8 16 32
413 891  280 0  45 1 6 1 2 4 8 16 32
414  76  967 0  35 1 6 1 2 4 8 16 32
415 838  726 0  71 1 6 1 2 4 8 16 32
416 729  330 0  78 1 6 1 2 4 8 16 32
417 866  575 0  13 1 6 1 2 4 8 16 32
418 364  819 0  67 1 6 1 2 4 8 16 32
419 167  198 0  69 1 6 1 2 4 8 16 32
420 575  951 0  12 1 6 1 2 4 8 16 32
421 641  646 0  95 1 6 1 2 4 8 16 32
422 192  299 0  74 1 6 1 2 4 8 16 32
423 877  509 0  29 1 6 1 2 4 8 16 32
424 250  979 0  57 1 6 1 2 4 8 16 32
425 245  504 0  95 1 6 1 2 4 8 16 32
426 822  325 0  28 1 6 1 2 4 8 16 32
427 846  229 0  11 1 6 1 2 4 8 16 32
428 250  825 0   4 1 6 1 2 4 8 16 32
429 602  714 0  37 1 6 1 2 4 8 16 32
430 815  423 0  20 1 6 1 2 4 8 16 32
431 167    5 0  44 1 6 1 2 4 8 16 32
432 764  592 0  27 1 6 1 2 4 8 16 32
433 234  792 0   4 1 6 1 2 4 8 16 32
434 667  276 0  50 1 6 1 2 4 8 16 32
435 640  476 0  81 1 6 1 2 4 8 16 32
436 998  347 0  64 1 6 1 2 4 8 16 32
437 326  750 0  56 1 6 1 2 4 8 16 32
438 825  998 0  45 1 6 1 2 4 8 16 32
439 525  109 0  90 1 6 1 2 4 8 16 32
440 717  485 0   3 1 6 1 2 4 8 16 32
441 986  621 0  63 1 6 1 2 4 8 16 32
442  11  757 0  84 1 6 1 2 4 8 16 32
443  78  454 0  63 1 6 1 2 4 8 16 32
444 800  122 0  67 1 6 1 2 4 8 16 32
445 194  865 0  46 1 6 1 2 4 8 16 32
446 935  275 0  19 1 6 1 2 4 8 16 32
447 724   55 0  25 1 6 1 2 4 8 16 32
448 216  183 0  62 1 6 1 2 4 8 16 32
449 943  114 0  62 1 6 1 2 4 8 16 32
450 307  647 0  85 1 6 1 2 4 8 16 32
451 235  926 0  10 1 6 1 2 4 8 16 32
452 736  915 0  21 1 6 1 2 4 8 16 32
453 505  934 0  68 1 6 1 2 4 8 16 32
454 785  198 0  70 1 6 1 2 4 8 16 32
455 795  585 0  58 1 6 1 2 4 8 16 32
456 415  513 0  75 1 6 1 2 4 8 16 32
457 997  943 0  27 1 6 1 2 4 8 16 32
458 754  404 0  87 1 6 1 2 4 8 16 32
459 831  131 0  89 1 6 1 2 4 8 16 32
460 849  658 0   7 1 6 1 2 4 8 16 32
461 307  307 0  70 1 6 1 2 4 8 16 32
462 538  684 0  29 1 6 1 2 4 8 16 32
463  99   38 0  98 1 6 1 2 4 8 16 32
464 973  240 0   1 1 6 1 2 4 8 16 32
465 413  305 0  85 1 6 1 2 4 8 16 32
466 979  696 0  15 1 6 1 2 4 8 16 32
467 335  540 0  12 1 6 1 2 4 8 16 32
468 699  316 0  13 1 6 1 2 4 8 16 32
469 587  102 0  33 1 6 1 2 4 8 16 32
470 301  832 0  15 1 6 1 2 4 8 16 32
471 593  305 0  31 1 6 1 2 4 8 16 32
472 303   64 0  80 1 6 1 2 4 8 16 32
473 270  956 0  79 1 6 1 2 4 8 16 32
474 645  646 0  93 1 6 1 2 4 8 16 32
475 676  849 0  52 1 6 1 2 4 8 16 32
476 259   63 0  14 1 6 1 2 4 8 16 32
477 280  180 0  68 1 6 1 2 4 8 16 32
478 528  524 0  66 1 6 1 2 4 8 16 32
479  83   12 0  14 1 6 1 2 4 8 16 32
480 694  747 0  52 1 6 1 2 4 8 16 32
481  79  632 0  32 1 6 1 2 4 8 16 32
482 932  613 0  15 1 6 1 2 4 8 16 32
483 737  955 0  99 1 6 1 2 4 8 16 32
484 136  863 0  23 1 6 1 2 4 8 16 32
485 140  207 0  43 1 6 1 2 4 8 16 32
486 779  298 0  55 1 6 1 2 4 8 16 32
487 999  320 0  45 1 6 1 2 4 8 16 32
488 731  659 0  85 1 6 1 2 4 8 16 32
489 287  472 0  42 1 6 1 2 4 8 16 32
490 398  458 0  34 1 6 1 2 4 8 16 32
491 455  616 0  39 1 6 1 2 4 8 16 32
492  37  151 0  58 1 6 1 2 4 8 16 32
493 907  386 0  37 1 6 1 2 4 8 16 32
494 489  362 0  41 1 6 1 2 4 8 16 32
495 989  771 0  79 1 6 1 2 4 8 16 32
496 281  892 0  53 1 6 1 2 4 8 16 32
497 498  493 0  63 1 6 1 2 4 8 16 32
498 985  480 0  46 1 6 1 2 4 8 16 32
499 828  289 0  11 1 6 1 2 4 8 16 32
500 762  264 0  21 1 6 1 2 4 8 16 32
501 249  527 0  93 1 6 1 2 4 8 16 32
502 871  939 0  66 1 6 1 2 4 8 16 32
503 245  451 0  16 1 6 1 2 4 8 16 32
504 682  371 0  29 1 6 1 2 4 8 16 32
505 967  158 0  35 1 6 1 2 4 8 16 32
506 749  789 0   6 1 6 1 2 4 8 16 32
507 362  121 0   2 1 6 1 2 4 8 16 32
508 512  383 0  42 1 6 1 2 4 8 16 32
509 168  612 0  19 1 6 1 2 4 8 16 32
510 911   61 0  25 1 6 1 2 4 8 16 32
511 620  819 0  34 1 6 1 2 4 8 16 32
512  63  958 0  36 1 6 1 2 4 8 16 32
513 446  903 0  47 1 6 1 2 4 8 16 32
514 186  595 0   1 1 6 1 2 4 8 16 32
515 727  292 0  15 1 6 1 2 4 8 16 32
516 725  245 0  36 1 6 1 2 4 8 16 32
517 959   50 0  99 1 6 1 2 4 8 16 32
518 383   36 0  90 1 6 1 2 4 8 16 32
519 550  975 0  48 1 6 1 2 4 8 16 32
520 864  535 0   8 1 6 1 2 4 8 16 32
521 821  948 0  87 1 6 1 2 4 8 16 32
522  98   86 0  69 1 6 1 2 4 8 16 32
523 957  835 0  73 1 6 1 2 4 8 16 32
524 420  865 0  70 1 6 1 2 4 8 16 32
525  70  339 0  88 1 6 1 2 4 8 16 32
526 964  306 0  45 1 6 1 2 4 8 16 32
527  54  844 0   4 1 6 1 2 4 8 16 32
528 386  449 0  33 1 6 1 2 4 8 16 32
529 442  777 0  88 1 6 1 2 4 8 16 32
530 720  735 0  14 1 6 1 2 4 8 16 32
531 460  839 0  17 1 6 1 2 4 8 16 32
532 173  386 0  77 1 6 1 2 4 8 16 32
533 282  675 0  88 1 6 1 2 4 8 16 32
534 399  347 0  36 1 6 1 2 4 8 16 32
535 103  499 0   5 1 6 1 2 4 8 16 32
536  55  714 0  81 1 6 1 2 4 8 16 32
537 701  507 0  26 1 6 1 2 4 8 16 32
538 863  908 0  63 1 6 1 2 4 8 16 32
539 225  591 0  39 1 6 1 2 4 8 16 32
540 467  291 0  37 1 6 1 2 4 8 16 32
541 265  442 0  56 1 6 1 2 4 8 16 32
542  47  456 0  71 1 6 1 2 4 8 16 32
543 860   34 0   4 1 6 1 2 4 8 16 32
544 633  546 0  65 1 6 1 2 4 8 16 32
545 497  460 0  92 1 6 1 2 4 8 16 32
546 583  454 0  30 1 6 1 2 4 8 16 32
547 341  201 0  26 1 6 1 2 4 8 16 32
548 954  476 0   4 1 6 1 2 4 8 16 32
549 370  207 0  67 1 6 1 2 4 8 16 32
550 508  759 0  15 1 6 1 2 4 8 16 32
551 780  784 0  83 1 6 1 2 4 8 16 32
552  74  403 0   3 1 6 1 2 4 8 16 32
553 174  236 0  22 1 6 1 2 4 8 16 32
554 994  957 0  65 1 6 1 2 4 8 16 32
555 448  948 0  96 1 6 1 2 4 8 16 32
556 569  842 0   7 1 6 1 2 4 8 16 32
557 360  688 0   9 1 6 1 2 4 8 16 32
558 929  737 0   3 1 6 1 2 4 8 16 32
559 724   23 0  76 1 6 1 2 4 8 16 32
560 307  355 0  43 1 6 1 2 4 8 16 32
561 857  718 0  93 1 6 1 2 4 8 16 32
562 431   57 0  56 1 6 1 2 4 8 16 32
563 735   42 0  66 1 6 1 2 4 8 16 32
564  42  442 0  93 1 6 1 2 4 8 16 32
565 579   95 0  94 1 6 1 2 4 8 16 32
566 523  514 0  87 1 6 1 2 4 8 16 32
567 917  219 0  91 1 6 1 2 4 8 16 32
568 544  990 0  41 1 6 1 2 4 8 16 32
569 561  735 0  85 1 6 1 2 4 8 16 32
570 747   25 0   9 1 6 1 2 4 8 16 32
571 799  984 0  35 1 6 1 2 4 8 16 32
572 534  387 0  20 1 6 1 2 4 8 16 32
573 490  635 0  42 1 6 1 2 4 8 16 32
574 402  827 0  55 1 6 1 2 4 8 16 32
575 799   37 0  97 1 6 1 2 4 8 16 32
576 786    4 0  96 1 6 1 2 4 8 16 32
577 975  337 0  56 1 6 1 2 4 8 16 32
578 476  316 0   8 1 6 1 2 4 8 16 32
579 408  937 0  29 1 6 1 2 4 8 16 32
580 217    6 0  41 1 6 1 2 4 8 16 32
581 622  861 0  45 1 6 1 2 4 8 16 32
582 407  492 0  53 1 6 1 2 4 8 16 32
583 742  141 0  40 1 6 1 2 4 8 16 32
584 450  432 0   9 1 6 1 2 4 8 16 32
585 734  797 0  41 1 6 1 2 4 8 16 32
586  34  395 0  65 1 6 1 2 4 8 16 32
587 644  268 0  48 1 6 1 2 4 8 16 32
588 530  789 0   1 1 6 1 2 4 8 16 32
589 563  154 0  43 1 6 1 2 4 8 16 32
590 289  934 0  11 1 6 1 2 4 8 16 32
591 690  922 0  73 1 6 1 2 4 8 16 32
592 430  248 0  34 1 6 1 2 4 8 16 32
593 724  393 0   8 1 6 1 2 4 8 16 32
594   8  183 0  87 1 6 1 2 4 8 16 32
595 844  184 0  22 1 6 1 2 4 8 16 32
596 793   33 0  55 1 6 1 2 4 8 16 32
597 116  131 0  85 1 6 1 2 4 8 16 32
598 150   43 0  84 1 6 1 2 4 8 16 32
599 581  675 0  89 1 6 1 2 4 8 16 32
600  48  609 0  64 1 6 1 2 4 8 16 32
601 705  898 0  51 1 6 1 2 4 8 16 32
602 647  736 0  28 1 6 1 2 4 8 16 32
603 128   76 0  66 1 6 1 2 4 8 16 32
604  58  944 0  68 1 6 1 2 4 8 16 32
605  41  461 0  47 1 6 1 2 4 8 16 32
606 843  440 0  53 1 6 1 2 4 8 16 32
607 261  172 0  14 1 6 1 2 4 8 16 32
608 205  405 0  38 1 6 1 2 4 8 16 32
609 638  773 0  52 1 6 1 2 4 8 16 32
610 721  849 0  14 1 6 1 2 4 8 16 32
611 909  922 0  31 1 6 1 2 4 8 16 32
612 299   27 0  18 1 6 1 2 4 8 16 32
613 444   12 0   1 1 6 1 2 4 8 16 32
614 435  718 0  94 1 6 1 2 4 8 16 32
615 262  203 0  12 1 6 1 2 4 8 16 32
616 303  380 0  78 1 6 1 2 4 8 16 32
617 589  376 0  96 1 6 1 2 4 8 16 32
618 282  149 0  11 1 6 1 2 4 8 16 32
619  15  391 0  78 1 6 1 2 4 8 16 32
620 590  370 0  70 1 6 1 2 4 8 16 32
621  14  160 0  30 1 6 1 2 4 8 16 32
622 590  289 0  34 1 6 1 2 4 8 16 32
623 745  364 0  51 1 6 1 2 4 8 16 32
624 293  487 0  19 1 6 1 2 4 8 16 32
625 762  372 0  30 1 6 1 2 4 8 16 32
626 599  900 0  33 1 6 1 2 4 8 16 32
627 888  545 0  70 1 6 1 2 4 8 16 32
628  57  517 0  28 1 6 1 2 4 8 16 32
629 836  482 0  10 1 6 1 2 4 8 16 32
630 723  135 0  56 1 6 1 2 4 8 16 32
631 587  130 0  73 1 6 1 2 4 8 16 32
632 892  202 0  74 1 6 1 2 4 8 16 32
633 638  606 0  76 1 6 1 2 4 8 16 32
634 978  174 0  96 1 6 1 2 4 8 16 32
635 847  945 0  32 1 6 1 2 4 8 16 32
636 396  477 0  90 1 6 1 2 4 8 16 32
637 496  248 0  39 1 6 1 2 4 8 16 32
638 164  185 0  84 1 6 1 2 4 8 16 32
639  14  119 0  21 1 6 1 2 4 8 16 32
640 980  807 0  87 1 6 1 2 4 8 16 32
641 181  970 0  37 1 6 1 2 4 8 16 32
642 320  814 0  92 1 6 1 2 4 8 16 32
643 939  264 0  53 1 6 1 2 4 8 16 32
644 541  337 0  60 1 6 1 2 4 8 16 32
645 119   13 0  75 1 6 1 2 4 8 16 32
646 754  624 0  37 1 6 1 2 4 8 16 32
647 364  273 0  27 1 6 1 2 4 8 16 32
648 901  383 0  99 1 6 1 2 4 8 16 32
649 389   22 0  94 1 6 1 2 4 8 16 32
650 488  299 0  46 1 6 1 2 4 8 16 32
651  34  305 0   3 1 6 1 2 4 8 16 32
652 827  100 0  64 1 6 1 2 4 8 16 32
653 572  276 0  59 1 6 1 2 4 8 16 32
654 350  425 0  14 1 6 1 2 4 8 16 32
655 598  754 0  59 1 6 1 2 4 8 16 32
656  42  372 0  13 1 6 1 2 4 8 16 32
657 479  192 0  62 1 6 1 2 4 8 16 32
658  38  723 0  87 1 6 1 2 4 8 16 32
659 820  921 0  20 1 6 1 2 4 8 16 32
660  73  996 0  72 1 6 1 2 4 8 16 32
661 283  435 0  29 1 6 1 2 4 8 16 32
662 269  471 0  29 1 6 1 2 4 8 16 32
663 375  949 0  55 1 6 1 2 4 8 16 32
664 346   65 0   1 1 6 1 2 4 8 16 32
665 195 1000 0  23 1 6 1 2 4 8 16 32
666 604  270 0   8 1 6 1 2 4 8 16 32
667 743  702 0  88 1 6 1 2 4 8 16 32
668 371  970 0  48 1 6 1 2 4 8 16 32
669 486  963 0  33 1 6 1 2 4 8 16 32
670 607  417 0  47 1 6 1 2 4 8 16 32
671 344  359 0  42 1 6 1 2 4 8 16 32
672 698  843 0  55 1 6 1 2 4 8 16 32
673 930  803 0  76 1 6 1 2 4 8 16 32
674 121  877 0  43 1 6 1 2 4 8 16 32
675 519  977 0  12 1 6 1 2 4 8 16 32
676 622  507 0  54 1 6 1 2 4 8 16 32
677  17  945 0  57 1 6 1 2 4 8 16 32
678 581  101 0  27 1 6 1 2 4 8 16 32
679 450  404 0  83 1 6 1 2 4 8 16 32
680 961  636 0  47 1 6 1 2 4 8 16 32
681 460  521 0  84 1 6 1 2 4 8 16 32
682 969  479 0  90 1 6 1 2 4 8 16 32
683 912  671 0  39 1 6 1 2 4 8 16 32
684 673  649 0  41 1 6 1 2 4 8 16 32
685 167  750 0  93 1 6 1 2 4 8 16 32
686 686  823 0  87 1 6 1 2 4 8 16 32
687  72  235 0  64 1 6 1 2 4 8 16 32
688 105  175 0  87 1 6 1 2 4 8 16 32
689 629  445 0  60 1 6 1 2 4 8 16 32
690 953  859 0  42 1 6 1 2 4 8 16 32
691 137   87 0  12 1 6 1 2 4 8 16 32
692 481  100 0  69 1 6 1 2 4 8 16 32
693 996  478 0   8 1 6 1 2 4 8 16 32
694  82  232 0  66 1 6 1 2 4 8 16 32
695 316  679 0  31 1 6 1 2 4 8 16 32
696 454  987 0  97 1 6 1 2 4 8 16 32
697 348  607 0  35 1 6 1 2 4 8 16 32
698 742  869 0  45 1 6 1 2 4 8 16 32
699 237   10 0  77 1 6 1 2 4 8 16 32
700 553  410 0  66 1 6 1 2 4 8 16 32
701 679  703 0  97 1 6 1 2 4 8 16 32
702  91  163 0  11 1 6 1 2 4 8 16 32
703 788  499 0   1 1 6 1 2 4 8 16 32
704 690  251 0  52 1 6 1 2 4 8 16 32
705 397   70 0  71 1 6 1 2 4 8 16 32
706   2  814 0  17 1 6 1 2 4 8 16 32
707 552  650 0  52 1 6 1 2 4 8 16 32
708 776  293 0  74 1 6 1 2 4 8 16 32
709 587  162 0  62 1 6 1 2 4 8 16 32
710 111  873 0  67 1 6 1 2 4 8 16 32
711   3  817 0   3 1 6 1 2 4 8 16 32
712  45   55 0  35 1 6 1 2 4 8 16 32
713 136  756 0  54 1 6 1 2 4 8 16 32
714 151  753 0 100 1 6 1 2 4 8 16 32
715 920  595 0  72 1 6 1 2 4 8 16 32
716 790  273 0  80 1 6 1 2 4 8 16 32
717 842  426 0  42 1 6 1 2 4 8 16 32
718 699  318 0  52 1 6 1 2 4 8 16 32
719 807  748 0  96 1 6 1 2 4 8 16 32
720  80  963 0  92 1 6 1 2 4 8 16 32
721 912  948 0  51 1 6 1 2 4 8 16 32
722 759  734 0  14 1 6 1 2 4 8 16 32
723 834  913 0  98 1 6 1 2 4 8 16 32
724 730   39 0   0 0 0
725 304  739 0   0 0 0
726 851  646 0   0 0 0
727 691  446 0   0 0 0
728 549  837 0   0 0 0
729 991  697 0   0 0 0
