2 298 745 3
0 246
0 246
0 246
  1  354 883 0  96 1 3 1 2 4
  2  463 577 0  67 1 3 1 2 4
  3  254 155 0  40 1 3 1 2 4
  4   38 621 0  89 1 3 1 2 4
  5  861 514 0  23 1 3 1 2 4
  6  679 134 0  29 1 3 1 2 4
  7  482 397 0  53 1 3 1 2 4
  8  759  55 0  37 1 3 1 2 4
  9  311 619 0  15 1 3 1 2 4
 10  192 960 0  71 1 3 1 2 4
 11  582 376 0  93 1 3 1 2 4
 12  342 598 0  38 1 3 1 2 4
 13  877 705 0  29 1 3 1 2 4
 14   47 440 0   2 1 3 1 2 4
 15  850 478 0  21 1 3 1 2 4
 16  853 621 0  21 1 3 1 2 4
 17  919 893 0  37 1 3 1 2 4
 18  966  49 0  23 1 3 1 2 4
 19  572 517 0  74 1 3 1 2 4
 20  645 315 0  30 1 3 1 2 4
 21  991 220 0  31 1 3 1 2 4
 22  420 629 0  14 1 3 1 2 4
 23  394 268 0  82 1 3 1 2 4
 24  563 272 0  79 1 3 1 2 4
 25  801 802 0  67 1 3 1 2 4
 26  410 325 0   6 1 3 1 2 4
 27  215 516 0  54 1 3 1 2 4
 28   43 233 0  65 1 3 1 2 4
 29  473 327 0  35 1 3 1 2 4
 30 1000  28 0  53 1 3 1 2 4
 31  370 406 0  75 1 3 1 2 4
 32  491 819 0  33 1 3 1 2 4
 33  830   8 0  45 1 3 1 2 4
 34   82 601 0  30 1 3 1 2 4
 35  440 565 0  64 1 3 1 2 4
 36  250 990 0  71 1 3 1 2 4
 37  312 851 0  15 1 3 1 2 4
 38  296  10 0  44 1 3 1 2 4
 39  234 142 0  24 1 3 1 2 4
 40  745 148 0  71 1 3 1 2 4
 41  195  29 0  60 1 3 1 2 4
 42   35 817 0  33 1 3 1 2 4
 43  668 413 0  78 1 3 1 2 4
 44  209 647 0  56 1 3 1 2 4
 45  659 160 0  95 1 3 1 2 4
 46   96 407 0  88 1 3 1 2 4
 47  326 369 0   3 1 3 1 2 4
 48  559 725 0  87 1 3 1 2 4
 49  107 878 0  81 1 3 1 2 4
 50  731 488 0  19 1 3 1 2 4
 51  260 169 0  61 1 3 1 2 4
 52  837 692 0  85 1 3 1 2 4
 53  651 190 0  63 1 3 1 2 4
 54  611 493 0  63 1 3 1 2 4
 55  984 343 0  34 1 3 1 2 4
 56  488   4 0  18 1 3 1 2 4
 57  448 100 0   8 1 3 1 2 4
 58  458 312 0  43 1 3 1 2 4
 59  946 782 0  47 1 3 1 2 4
 60  588 744 0  60 1 3 1 2 4
 61  908 704 0  22 1 3 1 2 4
 62  952 809 0  22 1 3 1 2 4
 63  600 212 0  94 1 3 1 2 4
 64  904   9 0  67 1 3 1 2 4
 65   92 605 0  94 1 3 1 2 4
 66  454 528 0  29 1 3 1 2 4
 67  895  74 0  72 1 3 1 2 4
 68  448 134 0  91 1 3 1 2 4
 69  981 390 0  90 1 3 1 2 4
 70  454  75 0  69 1 3 1 2 4
 71  712 669 0  47 1 3 1 2 4
 72  865 337 0  49 1 3 1 2 4
 73  473 733 0  69 1 3 1 2 4
 74  397 589 0  69 1 3 1 2 4
 75  405 337 0  24 1 3 1 2 4
 76  114 904 0  90 1 3 1 2 4
 77  343 917 0  77 1 3 1 2 4
 78  285 268 0  39 1 3 1 2 4
 79  998 682 0  13 1 3 1 2 4
 80  876 443 0  59 1 3 1 2 4
 81  194 934 0  86 1 3 1 2 4
 82   32 235 0  60 1 3 1 2 4
 83    6 485 0  95 1 3 1 2 4
 84  764 674 0  60 1 3 1 2 4
 85  528 636 0  92 1 3 1 2 4
 86  300 512 0  50 1 3 1 2 4
 87  686 741 0  19 1 3 1 2 4
 88  756 260 0  88 1 3 1 2 4
 89  121  64 0  81 1 3 1 2 4
 90  326 117 0  37 1 3 1 2 4
 91  973 278 0  38 1 3 1 2 4
 92  153 510 0  42 1 3 1 2 4
 93  641 741 0  82 1 3 1 2 4
 94  267 612 0  37 1 3 1 2 4
 95  454 834 0  24 1 3 1 2 4
 96  483 622 0  83 1 3 1 2 4
 97  683 471 0  50 1 3 1 2 4
 98  332 219 0  15 1 3 1 2 4
 99   10 455 0  59 1 3 1 2 4
100  630  87 0  83 1 3 1 2 4
101  265  66 0  79 1 3 1 2 4
102  279 300 0  21 1 3 1 2 4
103  733 702 0   8 1 3 1 2 4
104  891 431 0  35 1 3 1 2 4
105  209 160 0  31 1 3 1 2 4
106  570 108 0  18 1 3 1 2 4
107  672 628 0  18 1 3 1 2 4
108  571 609 0  66 1 3 1 2 4
109  400 707 0  30 1 3 1 2 4
110  256 227 0  49 1 3 1 2 4
111  723 953 0   2 1 3 1 2 4
112  181 630 0  55 1 3 1 2 4
113  250 976 0  10 1 3 1 2 4
114  125 554 0  15 1 3 1 2 4
115  724 363 0  82 1 3 1 2 4
116  933 890 0  35 1 3 1 2 4
117  815 424 0   4 1 3 1 2 4
118  943 769 0  16 1 3 1 2 4
119  409 204 0  84 1 3 1 2 4
120  434 315 0  96 1 3 1 2 4
121  200 419 0   1 1 3 1 2 4
122  305 603 0  30 1 3 1 2 4
123  568 325 0  96 1 3 1 2 4
124  588 523 0  25 1 3 1 2 4
125  425 727 0  35 1 3 1 2 4
126  486 153 0  39 1 3 1 2 4
127   30 562 0  60 1 3 1 2 4
128  873 973 0  25 1 3 1 2 4
129  662 629 0   1 1 3 1 2 4
130   20 392 0  19 1 3 1 2 4
131  684 848 0  44 1 3 1 2 4
132  591 392 0  96 1 3 1 2 4
133  809 741 0   5 1 3 1 2 4
134  851   9 0  61 1 3 1 2 4
135  814  84 0  83 1 3 1 2 4
136  729 678 0  18 1 3 1 2 4
137  717 947 0  17 1 3 1 2 4
138  820 544 0  26 1 3 1 2 4
139  514 104 0  13 1 3 1 2 4
140  430 292 0  13 1 3 1 2 4
141  340 186 0  81 1 3 1 2 4
142  299 388 0  55 1 3 1 2 4
143  455 740 0  22 1 3 1 2 4
144  863 428 0  44 1 3 1 2 4
145  329 872 0   5 1 3 1 2 4
146  103 865 0  39 1 3 1 2 4
147   82 486 0  32 1 3 1 2 4
148  716 810 0  84 1 3 1 2 4
149  937 241 0  88 1 3 1 2 4
150  580 690 0  81 1 3 1 2 4
151  105 935 0  92 1 3 1 2 4
152  624 733 0  16 1 3 1 2 4
153  224 370 0  50 1 3 1 2 4
154  106 300 0  29 1 3 1 2 4
155  265 763 0  61 1 3 1 2 4
156   47 834 0  28 1 3 1 2 4
157  823   0 0  64 1 3 1 2 4
158  438 796 0  69 1 3 1 2 4
159  935 891 0  88 1 3 1 2 4
160  964 111 0  11 1 3 1 2 4
161  185 136 0  98 1 3 1 2 4
162  600 501 0  30 1 3 1 2 4
163   55 243 0  82 1 3 1 2 4
164  832 154 0  63 1 3 1 2 4
165  811 963 0  65 1 3 1 2 4
166  609 346 0   8 1 3 1 2 4
167  650 989 0  86 1 3 1 2 4
168  542 735 0  62 1 3 1 2 4
169  838 198 0  19 1 3 1 2 4
170  251 106 0  55 1 3 1 2 4
171  490  41 0  67 1 3 1 2 4
172  641 221 0  52 1 3 1 2 4
173  156 841 0  69 1 3 1 2 4
174  240 640 0  15 1 3 1 2 4
175  625 904 0  30 1 3 1 2 4
176  648 270 0   7 1 3 1 2 4
177 1000 675 0  14 1 3 1 2 4
178  361  12 0  24 1 3 1 2 4
179  115 667 0  39 1 3 1 2 4
180  134 405 0  13 1 3 1 2 4
181  526 604 0  12 1 3 1 2 4
182  344 833 0  18 1 3 1 2 4
183  738 280 0   3 1 3 1 2 4
184  747 973 0  61 1 3 1 2 4
185  223 688 0  82 1 3 1 2 4
186  788 555 0  33 1 3 1 2 4
187   76 946 0  43 1 3 1 2 4
188  755 673 0  87 1 3 1 2 4
189  750  30 0  16 1 3 1 2 4
190   91 654 0  49 1 3 1 2 4
191  561 248 0  42 1 3 1 2 4
192  965 832 0  82 1 3 1 2 4
193  907 481 0  56 1 3 1 2 4
194  986 655 0   1 1 3 1 2 4
195  265 670 0  23 1 3 1 2 4
196   48 805 0  81 1 3 1 2 4
197  688 406 0  80 1 3 1 2 4
198  911 171 0  91 1 3 1 2 4
199  828 302 0  65 1 3 1 2 4
200  104 790 0   6 1 3 1 2 4
201   13 973 0  66 1 3 1 2 4
202  574 467 0  50 1 3 1 2 4
203  722 668 0  97 1 3 1 2 4
204  718 648 0  61 1 3 1 2 4
205  166 793 0  30 1 3 1 2 4
206   82 663 0  89 1 3 1 2 4
207  810 528 0  69 1 3 1 2 4
208  483  88 0  47 1 3 1 2 4
209  398 191 0  84 1 3 1 2 4
210  741 788 0  83 1 3 1 2 4
211    9 717 0  27 1 3 1 2 4
212  239 654 0  91 1 3 1 2 4
213  723 687 0  22 1 3 1 2 4
214  616 301 0  98 1 3 1 2 4
215  679 717 0  14 1 3 1 2 4
216  907 818 0  92 1 3 1 2 4
217  286 315 0  70 1 3 1 2 4
218  674 522 0  38 1 3 1 2 4
219  892 473 0  54 1 3 1 2 4
220  197 256 0  53 1 3 1 2 4
221  115 801 0   4 1 3 1 2 4
222  709 718 0  20 1 3 1 2 4
223  282 233 0  95 1 3 1 2 4
224  478 323 0  89 1 3 1 2 4
225  321 936 0  89 1 3 1 2 4
226  186 627 0  24 1 3 1 2 4
227  282 824 0  85 1 3 1 2 4
228   52 935 0  49 1 3 1 2 4
229  977 407 0  67 1 3 1 2 4
230  322 731 0  94 1 3 1 2 4
231  637 147 0  18 1 3 1 2 4
232  789  35 0  79 1 3 1 2 4
233  146 689 0  21 1 3 1 2 4
234  912 276 0  20 1 3 1 2 4
235  264 239 0  30 1 3 1 2 4
236  151 526 0  29 1 3 1 2 4
237  928 786 0  76 1 3 1 2 4
238  379 113 0  32 1 3 1 2 4
239  224 308 0  52 1 3 1 2 4
240  670 501 0  80 1 3 1 2 4
241  371 114 0  58 1 3 1 2 4
242  374 487 0  35 1 3 1 2 4
243    2 572 0  17 1 3 1 2 4
244  963  53 0  22 1 3 1 2 4
245  340 466 0  20 1 3 1 2 4
246  857 368 0  22 1 3 1 2 4
247  163 974 0  34 1 3 1 2 4
248  390 223 0  29 1 3 1 2 4
249  345 615 0  42 1 3 1 2 4
250  839 528 0  47 1 3 1 2 4
251  438 877 0  27 1 3 1 2 4
252  367 355 0  57 1 3 1 2 4
253  424 659 0  67 1 3 1 2 4
254  336 958 0  91 1 3 1 2 4
255  716 186 0   3 1 3 1 2 4
256  524  19 0  56 1 3 1 2 4
257  300 625 0  77 1 3 1 2 4
258  373 279 0  64 1 3 1 2 4
259  338  98 0  73 1 3 1 2 4
260  132 943 0  78 1 3 1 2 4
261  410 419 0  82 1 3 1 2 4
262  656 359 0  49 1 3 1 2 4
263  692  10 0  99 1 3 1 2 4
264  328 511 0  58 1 3 1 2 4
265  721 605 0  90 1 3 1 2 4
266  838 196 0  44 1 3 1 2 4
267  799 553 0  81 1 3 1 2 4
268  674 271 0  82 1 3 1 2 4
269  817 309 0   6 1 3 1 2 4
270    9  48 0   7 1 3 1 2 4
271  691  33 0  99 1 3 1 2 4
272  852 426 0  58 1 3 1 2 4
273  606 104 0   1 1 3 1 2 4
274  845 503 0  92 1 3 1 2 4
275  618 133 0  78 1 3 1 2 4
276  250 771 0  24 1 3 1 2 4
277  700 359 0  17 1 3 1 2 4
278  991 305 0  68 1 3 1 2 4
279  825 440 0  73 1 3 1 2 4
280    1  13 0   6 1 3 1 2 4
281  699 462 0  82 1 3 1 2 4
282  805 969 0  24 1 3 1 2 4
283  659 676 0  54 1 3 1 2 4
284  543 515 0  25 1 3 1 2 4
285  941  85 0  68 1 3 1 2 4
286  998 540 0  78 1 3 1 2 4
287  389 283 0  11 1 3 1 2 4
288  824 870 0  61 1 3 1 2 4
289   51 815 0  68 1 3 1 2 4
290  379 372 0   1 1 3 1 2 4
291  872 878 0  26 1 3 1 2 4
292  826 457 0  95 1 3 1 2 4
293  762 864 0  22 1 3 1 2 4
294  401 520 0  20 1 3 1 2 4
295  151 605 0  39 1 3 1 2 4
296  793 208 0  30 1 3 1 2 4
297  908 844 0   7 1 3 1 2 4
298  952 979 0  78 1 3 1 2 4
299   86 540 0   9 1 3 1 2 4
300  434 371 0  49 1 3 1 2 4
301  424 861 0  15 1 3 1 2 4
302  319 770 0  27 1 3 1 2 4
303   67 355 0  98 1 3 1 2 4
304  919 302 0   2 1 3 1 2 4
305  789 264 0  73 1 3 1 2 4
306  946 760 0  64 1 3 1 2 4
307  462  55 0  23 1 3 1 2 4
308  492 790 0  14 1 3 1 2 4
309  884  31 0  79 1 3 1 2 4
310  583 338 0  35 1 3 1 2 4
311  988 531 0  99 1 3 1 2 4
312  886 502 0  31 1 3 1 2 4
313  853 385 0  86 1 3 1 2 4
314   87 577 0  81 1 3 1 2 4
315  675 462 0  85 1 3 1 2 4
316  778 956 0   6 1 3 1 2 4
317  517  27 0  58 1 3 1 2 4
318  276 443 0  82 1 3 1 2 4
319  480 443 0  78 1 3 1 2 4
320  801 835 0  17 1 3 1 2 4
321  994 624 0  89 1 3 1 2 4
322 1000 800 0  55 1 3 1 2 4
323  512 640 0  99 1 3 1 2 4
324  225 993 0  46 1 3 1 2 4
325  785 933 0  80 1 3 1 2 4
326   35 330 0  84 1 3 1 2 4
327  635 915 0  64 1 3 1 2 4
328  694 442 0  95 1 3 1 2 4
329   62 485 0  64 1 3 1 2 4
330  965 652 0  54 1 3 1 2 4
331  415 659 0  12 1 3 1 2 4
332  735 135 0  75 1 3 1 2 4
333   52 664 0  71 1 3 1 2 4
334  629  72 0  32 1 3 1 2 4
335    4 501 0  16 1 3 1 2 4
336  910 950 0  95 1 3 1 2 4
337    2  53 0  86 1 3 1 2 4
338  501 692 0  59 1 3 1 2 4
339  999 552 0  75 1 3 1 2 4
340  213 134 0  32 1 3 1 2 4
341  877 343 0  53 1 3 1 2 4
342  290 758 0   6 1 3 1 2 4
343  746  87 0  76 1 3 1 2 4
344  377 367 0  80 1 3 1 2 4
345  932 817 0  20 1 3 1 2 4
346  267 486 0  10 1 3 1 2 4
347  901 774 0  59 1 3 1 2 4
348  303 695 0  28 1 3 1 2 4
349  425 771 0  40 1 3 1 2 4
350  840 564 0  21 1 3 1 2 4
351  942 207 0  57 1 3 1 2 4
352  588 679 0  96 1 3 1 2 4
353  715 498 0  61 1 3 1 2 4
354   57 751 0  98 1 3 1 2 4
355  991 556 0  71 1 3 1 2 4
356  505 729 0  98 1 3 1 2 4
357  938 504 0  49 1 3 1 2 4
358  987 740 0  45 1 3 1 2 4
359  363 829 0  17 1 3 1 2 4
360  583  95 0  51 1 3 1 2 4
361  944 648 0  29 1 3 1 2 4
362  121 203 0  71 1 3 1 2 4
363  827 466 0  33 1 3 1 2 4
364  346 732 0  77 1 3 1 2 4
365  528  18 0  97 1 3 1 2 4
366  368 390 0  65 1 3 1 2 4
367  254 211 0  37 1 3 1 2 4
368  324 797 0  93 1 3 1 2 4
369  858 143 0  76 1 3 1 2 4
370  504 287 0  73 1 3 1 2 4
371  932 673 0  86 1 3 1 2 4
372  912 697 0  96 1 3 1 2 4
373  456 367 0  43 1 3 1 2 4
374  453 488 0  49 1 3 1 2 4
375  121 201 0  81 1 3 1 2 4
376  715 237 0  49 1 3 1 2 4
377  177 818 0  24 1 3 1 2 4
378  171 827 0  61 1 3 1 2 4
379  925 136 0  96 1 3 1 2 4
380   49   0 0  33 1 3 1 2 4
381  632 933 0  40 1 3 1 2 4
382  920 943 0  53 1 3 1 2 4
383  309 782 0  44 1 3 1 2 4
384  255 843 0  79 1 3 1 2 4
385  798 456 0  84 1 3 1 2 4
386  165 518 0  86 1 3 1 2 4
387  630 386 0  32 1 3 1 2 4
388  816   6 0  83 1 3 1 2 4
389  303 300 0   3 1 3 1 2 4
390  391 742 0  90 1 3 1 2 4
391  355 313 0  25 1 3 1 2 4
392  753 507 0  98 1 3 1 2 4
393  300 197 0  44 1 3 1 2 4
394  468 369 0  60 1 3 1 2 4
395  606 686 0  85 1 3 1 2 4
396  610 913 0  76 1 3 1 2 4
397  835 704 0   2 1 3 1 2 4
398  743  49 0  29 1 3 1 2 4
399   61 548 0  57 1 3 1 2 4
400  843 185 0  94 1 3 1 2 4
401  141 756 0   1 1 3 1 2 4
402  434 972 0  74 1 3 1 2 4
403  688 442 0  46 1 3 1 2 4
404  601 855 0  65 1 3 1 2 4
405  783 848 0  22 1 3 1 2 4
406  718 228 0  50 1 3 1 2 4
407  321 278 0  17 1 3 1 2 4
408  653  40 0  52 1 3 1 2 4
409   43 404 0  47 1 3 1 2 4
410  935 520 0  25 1 3 1 2 4
411  920  28 0  23 1 3 1 2 4
412   21 286 0  67 1 3 1 2 4
413  118 173 0  65 1 3 1 2 4
414  913 417 0  63 1 3 1 2 4
415   73 320 0  27 1 3 1 2 4
416   49 318 0  89 1 3 1 2 4
417  506 897 0  47 1 3 1 2 4
418  882 646 0  39 1 3 1 2 4
419  518 585 0  75 1 3 1 2 4
420  345 838 0  74 1 3 1 2 4
421  996 387 0  30 1 3 1 2 4
422  862 629 0  32 1 3 1 2 4
423  803 201 0  78 1 3 1 2 4
424  373 642 0  32 1 3 1 2 4
425  988 744 0  38 1 3 1 2 4
426  910 192 0  52 1 3 1 2 4
427   82 133 0  67 1 3 1 2 4
428  181 817 0  87 1 3 1 2 4
429  471 885 0  11 1 3 1 2 4
430  872 344 0  49 1 3 1 2 4
431   12 432 0  93 1 3 1 2 4
432  683 990 0  12 1 3 1 2 4
433  923 367 0  27 1 3 1 2 4
434  902 195 0  48 1 3 1 2 4
435  668 236 0  84 1 3 1 2 4
436  520 925 0  19 1 3 1 2 4
437  681 651 0  42 1 3 1 2 4
438  121 609 0  66 1 3 1 2 4
439  288  18 0   2 1 3 1 2 4
440  470 959 0  17 1 3 1 2 4
441  273 523 0  64 1 3 1 2 4
442  570 478 0  18 1 3 1 2 4
443  312 337 0  82 1 3 1 2 4
444  532 402 0  87 1 3 1 2 4
445  973 865 0  93 1 3 1 2 4
446  159 722 0   2 1 3 1 2 4
447  560 422 0  11 1 3 1 2 4
448  387 698 0  27 1 3 1 2 4
449   59 949 0  61 1 3 1 2 4
450  737 891 0   2 1 3 1 2 4
451  926 495 0   7 1 3 1 2 4
452  270 992 0  61 1 3 1 2 4
453  758 619 0  80 1 3 1 2 4
454  351 822 0  19 1 3 1 2 4
455   46 458 0  23 1 3 1 2 4
456  702 994 0  15 1 3 1 2 4
457  158 910 0   7 1 3 1 2 4
458  705 875 0  82 1 3 1 2 4
459  134 264 0  25 1 3 1 2 4
460  390 399 0  68 1 3 1 2 4
461  698 343 0  73 1 3 1 2 4
462  162 158 0  10 1 3 1 2 4
463  713 299 0  69 1 3 1 2 4
464  308 700 0  41 1 3 1 2 4
465  776 858 0  58 1 3 1 2 4
466  139 611 0  38 1 3 1 2 4
467  967 441 0  10 1 3 1 2 4
468  163 924 0  99 1 3 1 2 4
469  611 933 0  21 1 3 1 2 4
470  522 304 0  35 1 3 1 2 4
471  279 341 0  35 1 3 1 2 4
472  304 852 0  81 1 3 1 2 4
473  301 496 0  98 1 3 1 2 4
474  555 843 0  12 1 3 1 2 4
475  894  21 0  47 1 3 1 2 4
476  374  28 0  61 1 3 1 2 4
477  637   8 0  89 1 3 1 2 4
478  462 787 0  29 1 3 1 2 4
479  192 752 0  34 1 3 1 2 4
480  860 390 0  76 1 3 1 2 4
481  524 140 0  79 1 3 1 2 4
482  323 805 0  26 1 3 1 2 4
483  490 988 0  45 1 3 1 2 4
484  525  74 0  60 1 3 1 2 4
485  216 549 0  76 1 3 1 2 4
486    1 301 0   4 1 3 1 2 4
487  590   1 0  32 1 3 1 2 4
488  568 633 0  23 1 3 1 2 4
489  651  38 0  74 1 3 1 2 4
490  258 589 0  27 1 3 1 2 4
491  158 978 0  40 1 3 1 2 4
492    5 832 0  49 1 3 1 2 4
493  404 240 0  90 1 3 1 2 4
494  667 856 0  17 1 3 1 2 4
495  633 422 0  28 1 3 1 2 4
496  285 377 0  90 1 3 1 2 4
497  833 731 0  71 1 3 1 2 4
498  557 873 0  49 1 3 1 2 4
499  297 743 0  56 1 3 1 2 4
500  153 565 0  96 1 3 1 2 4
501  514 374 0  42 1 3 1 2 4
502  292 969 0   5 1 3 1 2 4
503  696 495 0  80 1 3 1 2 4
504  744 101 0  67 1 3 1 2 4
505  882 327 0  70 1 3 1 2 4
506  847 843 0  75 1 3 1 2 4
507  445 189 0  38 1 3 1 2 4
508  514 483 0  93 1 3 1 2 4
509  955  54 0  50 1 3 1 2 4
510  240 671 0  52 1 3 1 2 4
511  582 501 0  24 1 3 1 2 4
512  670 874 0  86 1 3 1 2 4
513  659 116 0   3 1 3 1 2 4
514  911 104 0  45 1 3 1 2 4
515  189 100 0  40 1 3 1 2 4
516  750  93 0  52 1 3 1 2 4
517  597 942 0  35 1 3 1 2 4
518  216 669 0  53 1 3 1 2 4
519  384  63 0  81 1 3 1 2 4
520   22 344 0  43 1 3 1 2 4
521  826 987 0  64 1 3 1 2 4
522  654 656 0  45 1 3 1 2 4
523  294 896 0   5 1 3 1 2 4
524  968 216 0  71 1 3 1 2 4
525  184 137 0  78 1 3 1 2 4
526  950 110 0  48 1 3 1 2 4
527  416 750 0  97 1 3 1 2 4
528  552 135 0  85 1 3 1 2 4
529  650 240 0   8 1 3 1 2 4
530  569 322 0  79 1 3 1 2 4
531  176 618 0  47 1 3 1 2 4
532  276 447 0  69 1 3 1 2 4
533  246 996 0  44 1 3 1 2 4
534  414  64 0 100 1 3 1 2 4
535  427 481 0  31 1 3 1 2 4
536   16 726 0  33 1 3 1 2 4
537  146 362 0  29 1 3 1 2 4
538  869 626 0  57 1 3 1 2 4
539  750 173 0  56 1 3 1 2 4
540  312 191 0  25 1 3 1 2 4
541  646 760 0  55 1 3 1 2 4
542  196 804 0  98 1 3 1 2 4
543  170 561 0 100 1 3 1 2 4
544  617 179 0   9 1 3 1 2 4
545  104 173 0  86 1 3 1 2 4
546  832 422 0  21 1 3 1 2 4
547  348 821 0  71 1 3 1 2 4
548  530 689 0  80 1 3 1 2 4
549  615 357 0  29 1 3 1 2 4
550  581 420 0  64 1 3 1 2 4
551   48 715 0  87 1 3 1 2 4
552  439 146 0  52 1 3 1 2 4
553  278 419 0  96 1 3 1 2 4
554  887 523 0   2 1 3 1 2 4
555  166 289 0  41 1 3 1 2 4
556  285 479 0  25 1 3 1 2 4
557  745 623 0   1 1 3 1 2 4
558  304 367 0  67 1 3 1 2 4
559  155 864 0  38 1 3 1 2 4
560  543 681 0  55 1 3 1 2 4
561  123 242 0  19 1 3 1 2 4
562  149 489 0  60 1 3 1 2 4
563   28 917 0  11 1 3 1 2 4
564   82 289 0  24 1 3 1 2 4
565  700 523 0  21 1 3 1 2 4
566  102 796 0  10 1 3 1 2 4
567  171 143 0   7 1 3 1 2 4
568  890 236 0  81 1 3 1 2 4
569  178 808 0  69 1 3 1 2 4
570   92  92 0  80 1 3 1 2 4
571    8  11 0  30 1 3 1 2 4
572  417  28 0  41 1 3 1 2 4
573   88 370 0  78 1 3 1 2 4
574  544 368 0  19 1 3 1 2 4
575  823 657 0  64 1 3 1 2 4
576    8 549 0  40 1 3 1 2 4
577  198 468 0  35 1 3 1 2 4
578   17 138 0  51 1 3 1 2 4
579  633 444 0  35 1 3 1 2 4
580  742 383 0  30 1 3 1 2 4
581  519 249 0  43 1 3 1 2 4
582  812 126 0  36 1 3 1 2 4
583  128 715 0   8 1 3 1 2 4
584  940 100 0  97 1 3 1 2 4
585  636 590 0  44 1 3 1 2 4
586  849 319 0  26 1 3 1 2 4
587  401 819 0  61 1 3 1 2 4
588  557 447 0  78 1 3 1 2 4
589  329 732 0   9 1 3 1 2 4
590  524 271 0  39 1 3 1 2 4
591  622 680 0  39 1 3 1 2 4
592  526 599 0  14 1 3 1 2 4
593  896 780 0  14 1 3 1 2 4
594  496 502 0  41 1 3 1 2 4
595  741 840 0   6 1 3 1 2 4
596  173  90 0  10 1 3 1 2 4
597  643 548 0  57 1 3 1 2 4
598  349  69 0  61 1 3 1 2 4
599  871   7 0  89 1 3 1 2 4
600  833 340 0  19 1 3 1 2 4
601  190 824 0  26 1 3 1 2 4
602  744 107 0  63 1 3 1 2 4
603  973 140 0   8 1 3 1 2 4
604  396 719 0  30 1 3 1 2 4
605  693 746 0  35 1 3 1 2 4
606  950 400 0  81 1 3 1 2 4
607  727 529 0  39 1 3 1 2 4
608  872 635 0  57 1 3 1 2 4
609  549 861 0  79 1 3 1 2 4
610   82 727 0  18 1 3 1 2 4
611  837 616 0  95 1 3 1 2 4
612  853 768 0  10 1 3 1 2 4
613  847 830 0  52 1 3 1 2 4
614   30 305 0  58 1 3 1 2 4
615  812 469 0  38 1 3 1 2 4
616  330 275 0  30 1 3 1 2 4
617  759 957 0  17 1 3 1 2 4
618   61 440 0  39 1 3 1 2 4
619  961  39 0  79 1 3 1 2 4
620  859 363 0  48 1 3 1 2 4
621  413 214 0  50 1 3 1 2 4
622  491 555 0  43 1 3 1 2 4
623  982 692 0  28 1 3 1 2 4
624  845 111 0  27 1 3 1 2 4
625  546  58 0  88 1 3 1 2 4
626  831 244 0  23 1 3 1 2 4
627  791  64 0  36 1 3 1 2 4
628  334 570 0  80 1 3 1 2 4
629  176 766 0   6 1 3 1 2 4
630  704 246 0  41 1 3 1 2 4
631  490 280 0  34 1 3 1 2 4
632  501 844 0  10 1 3 1 2 4
633  174 455 0  72 1 3 1 2 4
634  628 583 0   1 1 3 1 2 4
635  524 921 0  54 1 3 1 2 4
636  315 388 0  92 1 3 1 2 4
637  702 297 0  48 1 3 1 2 4
638  848 517 0  87 1 3 1 2 4
639  880 131 0  64 1 3 1 2 4
640  435  27 0  96 1 3 1 2 4
641  394 831 0  99 1 3 1 2 4
642  163 435 0  51 1 3 1 2 4
643  387 302 0  45 1 3 1 2 4
644  568 365 0   2 1 3 1 2 4
645  180 585 0   8 1 3 1 2 4
646  843 819 0  31 1 3 1 2 4
647  383 908 0  46 1 3 1 2 4
648  442 449 0   8 1 3 1 2 4
649  853 591 0  86 1 3 1 2 4
650  672 629 0   3 1 3 1 2 4
651  632 282 0  61 1 3 1 2 4
652  640 949 0  22 1 3 1 2 4
653  472 682 0  10 1 3 1 2 4
654  331 814 0  51 1 3 1 2 4
655  714 420 0  44 1 3 1 2 4
656  665 637 0  57 1 3 1 2 4
657   14 249 0  95 1 3 1 2 4
658  657 804 0  29 1 3 1 2 4
659  588 806 0  19 1 3 1 2 4
660  670 520 0  28 1 3 1 2 4
661  184 631 0   2 1 3 1 2 4
662  241 640 0  64 1 3 1 2 4
663  550 897 0   6 1 3 1 2 4
664  590 363 0  45 1 3 1 2 4
665  244 883 0  99 1 3 1 2 4
666  880 616 0  78 1 3 1 2 4
667  457 569 0  64 1 3 1 2 4
668  651 215 0  52 1 3 1 2 4
669  270 937 0  73 1 3 1 2 4
670  435 788 0  44 1 3 1 2 4
671  421 468 0  27 1 3 1 2 4
672  898 548 0  15 1 3 1 2 4
673  661 308 0  55 1 3 1 2 4
674  457 927 0  26 1 3 1 2 4
675  592 636 0  56 1 3 1 2 4
676  104 167 0  81 1 3 1 2 4
677  344 173 0  56 1 3 1 2 4
678  460 622 0  36 1 3 1 2 4
679  259 254 0  21 1 3 1 2 4
680  300  43 0  57 1 3 1 2 4
681  388 111 0  42 1 3 1 2 4
682  117 478 0  72 1 3 1 2 4
683  568 818 0  30 1 3 1 2 4
684  740 414 0  46 1 3 1 2 4
685  225 377 0  21 1 3 1 2 4
686  678 185 0  43 1 3 1 2 4
687  356 499 0  22 1 3 1 2 4
688  770 343 0  89 1 3 1 2 4
689  842 825 0  87 1 3 1 2 4
690  251 243 0  86 1 3 1 2 4
691  939 902 0  88 1 3 1 2 4
692  244 737 0   8 1 3 1 2 4
693  369  41 0  98 1 3 1 2 4
694  246  35 0  85 1 3 1 2 4
695  915 393 0  54 1 3 1 2 4
696  410  59 0  66 1 3 1 2 4
697  109   7 0  33 1 3 1 2 4
698  227 592 0   5 1 3 1 2 4
699  871 648 0  48 1 3 1 2 4
700  351 427 0  91 1 3 1 2 4
701  110 630 0  77 1 3 1 2 4
702  540 285 0  78 1 3 1 2 4
703  291 707 0  80 1 3 1 2 4
704  672  42 0  89 1 3 1 2 4
705    8 452 0  33 1 3 1 2 4
706   37  87 0  45 1 3 1 2 4
707  517  75 0  27 1 3 1 2 4
708  830 797 0  76 1 3 1 2 4
709  595 677 0  45 1 3 1 2 4
710   42 621 0  24 1 3 1 2 4
711  434 704 0  64 1 3 1 2 4
712  891 330 0  80 1 3 1 2 4
713  209 384 0  28 1 3 1 2 4
714  254 600 0  90 1 3 1 2 4
715  761 904 0  17 1 3 1 2 4
716   48 724 0  37 1 3 1 2 4
717  222 798 0  41 1 3 1 2 4
718  492  75 0  72 1 3 1 2 4
719  767 321 0  63 1 3 1 2 4
720  234 606 0  68 1 3 1 2 4
721  505 427 0  76 1 3 1 2 4
722  868 731 0  39 1 3 1 2 4
723  542 574 0  19 1 3 1 2 4
724   97 941 0  55 1 3 1 2 4
725   33 371 0  17 1 3 1 2 4
726  266 774 0  18 1 3 1 2 4
727  218 644 0  53 1 3 1 2 4
728  134 698 0  43 1 3 1 2 4
729  626  94 0  72 1 3 1 2 4
730  879  23 0  39 1 3 1 2 4
731  896 175 0  70 1 3 1 2 4
732  401 487 0  27 1 3 1 2 4
733  249 300 0  88 1 3 1 2 4
734  591 143 0  26 1 3 1 2 4
735  739  85 0  79 1 3 1 2 4
736  202 369 0  85 1 3 1 2 4
737  892  59 0  20 1 3 1 2 4
738  180 104 0  41 1 3 1 2 4
739  295  52 0  33 1 3 1 2 4
740  277 867 0  20 1 3 1 2 4
741  472 950 0  71 1 3 1 2 4
742  971 557 0  83 1 3 1 2 4
743  691 949 0  78 1 3 1 2 4
744   23  88 0  56 1 3 1 2 4
745  188 509 0  89 1 3 1 2 4
746   36  95 0   0 0 0
747  584 487 0   0 0 0
748  770  10 0   0 0 0
