2 123 756 5
0 245
0 245
0 245
0 245
0 245
  1 631 112 0  99 1 5 1 2 4 8 16
  2 612 859 0  71 1 5 1 2 4 8 16
  3 192 553 0  68 1 5 1 2 4 8 16
  4 621 408 0  60 1 5 1 2 4 8 16
  5 915 813 0  25 1 5 1 2 4 8 16
  6 227  78 0  15 1 5 1 2 4 8 16
  7  99 326 0   5 1 5 1 2 4 8 16
  8 271 448 0  13 1 5 1 2 4 8 16
  9 978 432 0  96 1 5 1 2 4 8 16
 10 250 466 0  45 1 5 1 2 4 8 16
 11 777 351 0 100 1 5 1 2 4 8 16
 12 188 401 0  41 1 5 1 2 4 8 16
 13 248 196 0  85 1 5 1 2 4 8 16
 14 957  93 0  28 1 5 1 2 4 8 16
 15 562 432 0   2 1 5 1 2 4 8 16
 16 329 578 0  72 1 5 1 2 4 8 16
 17 232  16 0  75 1 5 1 2 4 8 16
 18 858 824 0 100 1 5 1 2 4 8 16
 19 229 810 0  92 1 5 1 2 4 8 16
 20 237 448 0  33 1 5 1 2 4 8 16
 21 990 893 0  51 1 5 1 2 4 8 16
 22 651 218 0  48 1 5 1 2 4 8 16
 23 534 266 0   7 1 5 1 2 4 8 16
 24 122 318 0  86 1 5 1 2 4 8 16
 25 891 378 0  50 1 5 1 2 4 8 16
 26 453 163 0  97 1 5 1 2 4 8 16
 27 914 897 0  15 1 5 1 2 4 8 16
 28 621 389 0  27 1 5 1 2 4 8 16
 29 827 579 0  62 1 5 1 2 4 8 16
 30 128 397 0  38 1 5 1 2 4 8 16
 31 805 950 0  80 1 5 1 2 4 8 16
 32  34 485 0  11 1 5 1 2 4 8 16
 33 518 420 0  71 1 5 1 2 4 8 16
 34 277 114 0  50 1 5 1 2 4 8 16
 35 238 535 0  10 1 5 1 2 4 8 16
 36  34 214 0  45 1 5 1 2 4 8 16
 37 957   3 0  77 1 5 1 2 4 8 16
 38 258 681 0  60 1 5 1 2 4 8 16
 39 393 213 0  11 1 5 1 2 4 8 16
 40 193 552 0  29 1 5 1 2 4 8 16
 41  58 234 0  29 1 5 1 2 4 8 16
 42 570 863 0  91 1 5 1 2 4 8 16
 43 397 308 0  69 1 5 1 2 4 8 16
 44 341 960 0  39 1 5 1 2 4 8 16
 45   2 646 0  63 1 5 1 2 4 8 16
 46 326 930 0  71 1 5 1 2 4 8 16
 47 207 751 0  38 1 5 1 2 4 8 16
 48 793 265 0   8 1 5 1 2 4 8 16
 49 489 607 0   6 1 5 1 2 4 8 16
 50 728 867 0  64 1 5 1 2 4 8 16
 51  44 505 0   4 1 5 1 2 4 8 16
 52 813 794 0  83 1 5 1 2 4 8 16
 53 929 919 0  23 1 5 1 2 4 8 16
 54 573 312 0  75 1 5 1 2 4 8 16
 55 169 472 0  88 1 5 1 2 4 8 16
 56 236 958 0  33 1 5 1 2 4 8 16
 57   8 135 0  87 1 5 1 2 4 8 16
 58  60 784 0   6 1 5 1 2 4 8 16
 59 228 327 0  32 1 5 1 2 4 8 16
 60 439 603 0  44 1 5 1 2 4 8 16
 61 727 681 0  23 1 5 1 2 4 8 16
 62 430 240 0   1 1 5 1 2 4 8 16
 63 773  28 0  36 1 5 1 2 4 8 16
 64  63 639 0  54 1 5 1 2 4 8 16
 65  11 242 0  54 1 5 1 2 4 8 16
 66 920 931 0  88 1 5 1 2 4 8 16
 67 494 677 0   9 1 5 1 2 4 8 16
 68 661 907 0  43 1 5 1 2 4 8 16
 69 457  86 0  33 1 5 1 2 4 8 16
 70 304 313 0  51 1 5 1 2 4 8 16
 71 370 597 0  50 1 5 1 2 4 8 16
 72 339 999 0  81 1 5 1 2 4 8 16
 73 147 248 0  16 1 5 1 2 4 8 16
 74 997 600 0  63 1 5 1 2 4 8 16
 75 504 565 0  65 1 5 1 2 4 8 16
 76 194 136 0  41 1 5 1 2 4 8 16
 77 493 834 0  76 1 5 1 2 4 8 16
 78 593 552 0   6 1 5 1 2 4 8 16
 79 391 166 0  54 1 5 1 2 4 8 16
 80 644 280 0  87 1 5 1 2 4 8 16
 81 708 302 0  46 1 5 1 2 4 8 16
 82 222 195 0  32 1 5 1 2 4 8 16
 83  96 296 0  81 1 5 1 2 4 8 16
 84 731 166 0  44 1 5 1 2 4 8 16
 85 725 935 0  22 1 5 1 2 4 8 16
 86 905 110 0  99 1 5 1 2 4 8 16
 87  32 361 0  21 1 5 1 2 4 8 16
 88 472 544 0 100 1 5 1 2 4 8 16
 89 468 346 0  33 1 5 1 2 4 8 16
 90 847 829 0  73 1 5 1 2 4 8 16
 91  86 913 0  12 1 5 1 2 4 8 16
 92 425 722 0  25 1 5 1 2 4 8 16
 93 103 880 0  15 1 5 1 2 4 8 16
 94 843 339 0  98 1 5 1 2 4 8 16
 95  54  45 0  16 1 5 1 2 4 8 16
 96 839 912 0  52 1 5 1 2 4 8 16
 97 808  65 0  44 1 5 1 2 4 8 16
 98 188 914 0  38 1 5 1 2 4 8 16
 99 703 150 0  93 1 5 1 2 4 8 16
100 768 579 0   6 1 5 1 2 4 8 16
101 840 403 0  64 1 5 1 2 4 8 16
102 968 727 0  30 1 5 1 2 4 8 16
103 118 957 0  93 1 5 1 2 4 8 16
104 304 636 0  37 1 5 1 2 4 8 16
105  66 147 0  55 1 5 1 2 4 8 16
106 176 993 0  97 1 5 1 2 4 8 16
107 603 747 0  47 1 5 1 2 4 8 16
108 940 433 0  82 1 5 1 2 4 8 16
109 148  28 0  32 1 5 1 2 4 8 16
110 360 296 0  32 1 5 1 2 4 8 16
111 207 295 0  58 1 5 1 2 4 8 16
112  60 871 0  56 1 5 1 2 4 8 16
113 768 406 0  31 1 5 1 2 4 8 16
114 764 815 0  73 1 5 1 2 4 8 16
115 363 227 0  25 1 5 1 2 4 8 16
116 700 451 0  58 1 5 1 2 4 8 16
117 670 259 0   1 1 5 1 2 4 8 16
118 660 237 0  72 1 5 1 2 4 8 16
119 850 634 0  25 1 5 1 2 4 8 16
120 788 593 0  34 1 5 1 2 4 8 16
121 877 816 0  65 1 5 1 2 4 8 16
122 696 307 0  69 1 5 1 2 4 8 16
123 190 459 0  41 1 5 1 2 4 8 16
124 369 615 0  30 1 5 1 2 4 8 16
125 318 786 0  59 1 5 1 2 4 8 16
126 489  47 0  17 1 5 1 2 4 8 16
127 993 919 0  22 1 5 1 2 4 8 16
128  25 306 0  95 1 5 1 2 4 8 16
129 706  76 0  37 1 5 1 2 4 8 16
130 979 714 0  69 1 5 1 2 4 8 16
131 748 558 0  89 1 5 1 2 4 8 16
132 139 518 0  70 1 5 1 2 4 8 16
133 359 209 0  69 1 5 1 2 4 8 16
134 208 994 0  71 1 5 1 2 4 8 16
135 682 524 0  11 1 5 1 2 4 8 16
136 110 959 0  62 1 5 1 2 4 8 16
137 921 598 0  54 1 5 1 2 4 8 16
138 687 759 0  41 1 5 1 2 4 8 16
139 613 758 0  10 1 5 1 2 4 8 16
140 706 983 0  66 1 5 1 2 4 8 16
141 419 789 0  50 1 5 1 2 4 8 16
142 526 841 0   3 1 5 1 2 4 8 16
143 965  83 0  54 1 5 1 2 4 8 16
144 937  78 0  10 1 5 1 2 4 8 16
145 329  83 0  43 1 5 1 2 4 8 16
146 910  38 0  35 1 5 1 2 4 8 16
147 148 343 0  64 1 5 1 2 4 8 16
148 973 951 0  17 1 5 1 2 4 8 16
149 121 371 0  52 1 5 1 2 4 8 16
150 131 703 0  84 1 5 1 2 4 8 16
151 788  21 0  83 1 5 1 2 4 8 16
152 132 298 0   2 1 5 1 2 4 8 16
153 943 936 0  55 1 5 1 2 4 8 16
154 387 186 0  28 1 5 1 2 4 8 16
155 137 455 0  74 1 5 1 2 4 8 16
156 174 287 0  61 1 5 1 2 4 8 16
157 105 761 0  82 1 5 1 2 4 8 16
158 133 777 0   6 1 5 1 2 4 8 16
159 358  25 0  38 1 5 1 2 4 8 16
160 485 644 0  28 1 5 1 2 4 8 16
161   4 751 0  61 1 5 1 2 4 8 16
162 339 718 0  28 1 5 1 2 4 8 16
163  46 852 0 100 1 5 1 2 4 8 16
164 467 162 0  59 1 5 1 2 4 8 16
165  16 806 0  54 1 5 1 2 4 8 16
166 831 275 0  70 1 5 1 2 4 8 16
167 430 785 0  28 1 5 1 2 4 8 16
168  22 865 0  68 1 5 1 2 4 8 16
169 486 501 0  78 1 5 1 2 4 8 16
170 878  68 0  49 1 5 1 2 4 8 16
171 835 298 0  58 1 5 1 2 4 8 16
172 308 618 0  48 1 5 1 2 4 8 16
173 877 869 0  22 1 5 1 2 4 8 16
174 280 342 0  93 1 5 1 2 4 8 16
175  86 102 0  48 1 5 1 2 4 8 16
176 719 460 0  82 1 5 1 2 4 8 16
177 159  48 0  92 1 5 1 2 4 8 16
178 966 425 0  46 1 5 1 2 4 8 16
179 548 394 0   6 1 5 1 2 4 8 16
180 610 567 0  23 1 5 1 2 4 8 16
181 946 160 0  45 1 5 1 2 4 8 16
182 501 110 0  34 1 5 1 2 4 8 16
183 958 561 0  58 1 5 1 2 4 8 16
184 685 787 0  66 1 5 1 2 4 8 16
185 936 521 0  25 1 5 1 2 4 8 16
186  96 541 0  87 1 5 1 2 4 8 16
187 332 389 0  24 1 5 1 2 4 8 16
188 537 626 0  36 1 5 1 2 4 8 16
189  11  59 0  64 1 5 1 2 4 8 16
190 150  88 0  24 1 5 1 2 4 8 16
191 548 682 0  46 1 5 1 2 4 8 16
192 544  89 0  51 1 5 1 2 4 8 16
193 403 490 0  38 1 5 1 2 4 8 16
194 549 159 0  85 1 5 1 2 4 8 16
195 506  37 0  42 1 5 1 2 4 8 16
196 712 592 0  77 1 5 1 2 4 8 16
197 270 870 0  20 1 5 1 2 4 8 16
198 242 928 0  46 1 5 1 2 4 8 16
199  98 460 0  13 1 5 1 2 4 8 16
200 842 699 0  50 1 5 1 2 4 8 16
201 740  18 0  37 1 5 1 2 4 8 16
202 730 909 0  37 1 5 1 2 4 8 16
203 347 466 0  51 1 5 1 2 4 8 16
204 660 894 0  39 1 5 1 2 4 8 16
205  23 103 0  38 1 5 1 2 4 8 16
206 548 970 0   7 1 5 1 2 4 8 16
207 913 956 0  12 1 5 1 2 4 8 16
208 919 723 0  12 1 5 1 2 4 8 16
209 764 559 0  75 1 5 1 2 4 8 16
210  68 953 0  15 1 5 1 2 4 8 16
211 651 240 0  20 1 5 1 2 4 8 16
212 755 761 0  61 1 5 1 2 4 8 16
213 756 364 0   1 1 5 1 2 4 8 16
214 479 678 0   1 1 5 1 2 4 8 16
215 967 196 0  58 1 5 1 2 4 8 16
216 224 879 0  89 1 5 1 2 4 8 16
217  28 932 0  39 1 5 1 2 4 8 16
218 502 820 0  44 1 5 1 2 4 8 16
219 199  55 0  42 1 5 1 2 4 8 16
220 367 589 0  61 1 5 1 2 4 8 16
221  72  79 0  93 1 5 1 2 4 8 16
222 918 949 0  40 1 5 1 2 4 8 16
223 689 624 0   5 1 5 1 2 4 8 16
224 728 405 0  27 1 5 1 2 4 8 16
225 418 710 0  19 1 5 1 2 4 8 16
226 242 733 0  99 1 5 1 2 4 8 16
227 650 847 0  53 1 5 1 2 4 8 16
228 220 968 0  86 1 5 1 2 4 8 16
229 652 354 0  76 1 5 1 2 4 8 16
230 826 391 0  37 1 5 1 2 4 8 16
231 841 932 0  62 1 5 1 2 4 8 16
232 899 181 0  67 1 5 1 2 4 8 16
233 130 847 0  82 1 5 1 2 4 8 16
234 394 677 0  79 1 5 1 2 4 8 16
235 424 237 0  36 1 5 1 2 4 8 16
236 843 329 0  11 1 5 1 2 4 8 16
237 259 700 0  45 1 5 1 2 4 8 16
238 471 884 0   7 1 5 1 2 4 8 16
239 722 824 0  47 1 5 1 2 4 8 16
240 680 713 0  42 1 5 1 2 4 8 16
241 459 444 0  98 1 5 1 2 4 8 16
242 271 849 0  31 1 5 1 2 4 8 16
243 967 810 0  61 1 5 1 2 4 8 16
244 972 609 0  15 1 5 1 2 4 8 16
245 826 224 0  70 1 5 1 2 4 8 16
246 911 709 0  78 1 5 1 2 4 8 16
247 176 323 0  18 1 5 1 2 4 8 16
248 590 397 0  17 1 5 1 2 4 8 16
249 452 791 0   8 1 5 1 2 4 8 16
250 266 610 0  30 1 5 1 2 4 8 16
251 257 451 0  41 1 5 1 2 4 8 16
252 323   0 0  30 1 5 1 2 4 8 16
253 738 235 0  61 1 5 1 2 4 8 16
254 390 358 0  28 1 5 1 2 4 8 16
255 788 296 0  49 1 5 1 2 4 8 16
256 914 511 0  39 1 5 1 2 4 8 16
257 403 338 0  99 1 5 1 2 4 8 16
258 966 995 0  75 1 5 1 2 4 8 16
259 242 394 0  47 1 5 1 2 4 8 16
260 945 560 0  21 1 5 1 2 4 8 16
261 691 859 0  87 1 5 1 2 4 8 16
262   3 810 0  72 1 5 1 2 4 8 16
263 847 376 0  76 1 5 1 2 4 8 16
264 674 704 0  72 1 5 1 2 4 8 16
265 464 898 0  15 1 5 1 2 4 8 16
266 511 884 0   5 1 5 1 2 4 8 16
267 482 351 0  55 1 5 1 2 4 8 16
268   8 424 0  10 1 5 1 2 4 8 16
269 795 199 0  16 1 5 1 2 4 8 16
270 909 129 0  18 1 5 1 2 4 8 16
271 679 758 0  27 1 5 1 2 4 8 16
272 217 615 0  67 1 5 1 2 4 8 16
273 257 361 0  45 1 5 1 2 4 8 16
274 938 531 0  49 1 5 1 2 4 8 16
275 845 105 0  73 1 5 1 2 4 8 16
276  95 714 0   7 1 5 1 2 4 8 16
277 342 211 0   7 1 5 1 2 4 8 16
278 304 582 0  55 1 5 1 2 4 8 16
279 495 635 0  40 1 5 1 2 4 8 16
280 404 586 0  76 1 5 1 2 4 8 16
281 519 237 0  52 1 5 1 2 4 8 16
282 381 262 0  39 1 5 1 2 4 8 16
283 184 804 0  19 1 5 1 2 4 8 16
284 603  87 0  72 1 5 1 2 4 8 16
285 820 427 0  83 1 5 1 2 4 8 16
286 536 733 0  67 1 5 1 2 4 8 16
287 255 367 0  15 1 5 1 2 4 8 16
288 368 301 0  29 1 5 1 2 4 8 16
289 348  45 0  66 1 5 1 2 4 8 16
290  30 602 0  92 1 5 1 2 4 8 16
291 568 225 0  79 1 5 1 2 4 8 16
292 732 423 0   1 1 5 1 2 4 8 16
293 774 364 0  51 1 5 1 2 4 8 16
294 201   0 0  68 1 5 1 2 4 8 16
295 813 750 0  22 1 5 1 2 4 8 16
296 477 568 0  31 1 5 1 2 4 8 16
297  91 676 0  81 1 5 1 2 4 8 16
298  28 112 0  89 1 5 1 2 4 8 16
299 885  62 0  97 1 5 1 2 4 8 16
300 807 492 0  78 1 5 1 2 4 8 16
301 408  14 0 100 1 5 1 2 4 8 16
302 727 113 0  61 1 5 1 2 4 8 16
303 498 610 0  48 1 5 1 2 4 8 16
304 448 587 0  14 1 5 1 2 4 8 16
305 640 352 0  40 1 5 1 2 4 8 16
306 130 917 0  18 1 5 1 2 4 8 16
307 651 619 0  49 1 5 1 2 4 8 16
308 366 610 0  49 1 5 1 2 4 8 16
309 428  56 0  66 1 5 1 2 4 8 16
310 794 363 0  80 1 5 1 2 4 8 16
311 439 757 0  58 1 5 1 2 4 8 16
312 854 631 0  91 1 5 1 2 4 8 16
313 974 263 0  95 1 5 1 2 4 8 16
314 237 867 0  64 1 5 1 2 4 8 16
315 701 961 0  48 1 5 1 2 4 8 16
316 171 603 0  87 1 5 1 2 4 8 16
317 865 441 0  18 1 5 1 2 4 8 16
318 565 908 0   6 1 5 1 2 4 8 16
319 576 182 0   4 1 5 1 2 4 8 16
320 460  51 0  18 1 5 1 2 4 8 16
321 747 812 0  20 1 5 1 2 4 8 16
322 313 947 0  63 1 5 1 2 4 8 16
323 641 722 0  82 1 5 1 2 4 8 16
324 168 586 0  76 1 5 1 2 4 8 16
325 827  49 0  31 1 5 1 2 4 8 16
326 861 874 0  41 1 5 1 2 4 8 16
327 642 334 0  28 1 5 1 2 4 8 16
328  85 386 0  30 1 5 1 2 4 8 16
329  44 889 0  69 1 5 1 2 4 8 16
330 627 445 0  81 1 5 1 2 4 8 16
331 714  95 0  91 1 5 1 2 4 8 16
332 223 741 0  35 1 5 1 2 4 8 16
333 275 220 0  52 1 5 1 2 4 8 16
334 962 738 0  83 1 5 1 2 4 8 16
335 332 154 0  93 1 5 1 2 4 8 16
336 709 783 0   1 1 5 1 2 4 8 16
337 289 185 0  74 1 5 1 2 4 8 16
338 984 252 0  82 1 5 1 2 4 8 16
339 641 331 0  54 1 5 1 2 4 8 16
340 902 222 0  28 1 5 1 2 4 8 16
341 843 105 0  71 1 5 1 2 4 8 16
342 493  75 0  72 1 5 1 2 4 8 16
343 437  96 0  44 1 5 1 2 4 8 16
344 898 207 0  15 1 5 1 2 4 8 16
345 290 432 0  46 1 5 1 2 4 8 16
346 627 347 0  76 1 5 1 2 4 8 16
347 855 451 0   1 1 5 1 2 4 8 16
348 552 397 0  84 1 5 1 2 4 8 16
349 775 463 0  57 1 5 1 2 4 8 16
350 682 904 0  55 1 5 1 2 4 8 16
351 359 609 0  35 1 5 1 2 4 8 16
352 744 336 0  55 1 5 1 2 4 8 16
353 860 982 0  44 1 5 1 2 4 8 16
354  87 248 0   8 1 5 1 2 4 8 16
355 376 362 0  44 1 5 1 2 4 8 16
356   9 522 0   1 1 5 1 2 4 8 16
357 602 508 0  60 1 5 1 2 4 8 16
358 603 587 0  57 1 5 1 2 4 8 16
359 719 903 0   1 1 5 1 2 4 8 16
360 263 872 0  60 1 5 1 2 4 8 16
361  11 421 0  13 1 5 1 2 4 8 16
362 868 423 0  96 1 5 1 2 4 8 16
363  11 762 0   5 1 5 1 2 4 8 16
364 121  98 0  84 1 5 1 2 4 8 16
365 719 863 0  30 1 5 1 2 4 8 16
366 897  84 0  75 1 5 1 2 4 8 16
367 519 896 0   3 1 5 1 2 4 8 16
368 572 795 0  66 1 5 1 2 4 8 16
369 465 311 0  45 1 5 1 2 4 8 16
370 730 583 0   8 1 5 1 2 4 8 16
371 634 470 0  27 1 5 1 2 4 8 16
372 848 508 0  77 1 5 1 2 4 8 16
373 616 371 0  24 1 5 1 2 4 8 16
374 232 484 0  24 1 5 1 2 4 8 16
375 793 175 0  98 1 5 1 2 4 8 16
376 358 167 0  72 1 5 1 2 4 8 16
377 981 528 0  71 1 5 1 2 4 8 16
378  54 829 0   5 1 5 1 2 4 8 16
379 463 713 0  91 1 5 1 2 4 8 16
380 605 908 0  33 1 5 1 2 4 8 16
381 379 911 0  81 1 5 1 2 4 8 16
382 508 933 0  65 1 5 1 2 4 8 16
383 908 381 0  27 1 5 1 2 4 8 16
384  29 837 0  32 1 5 1 2 4 8 16
385 554  32 0  42 1 5 1 2 4 8 16
386  43 448 0  70 1 5 1 2 4 8 16
387 539 972 0  91 1 5 1 2 4 8 16
388 579 711 0  58 1 5 1 2 4 8 16
389 300   8 0  24 1 5 1 2 4 8 16
390 521 826 0  44 1 5 1 2 4 8 16
391 946  83 0  19 1 5 1 2 4 8 16
392 860 172 0  59 1 5 1 2 4 8 16
393  88 974 0  71 1 5 1 2 4 8 16
394 335 998 0  76 1 5 1 2 4 8 16
395 394 860 0  74 1 5 1 2 4 8 16
396 727 275 0  77 1 5 1 2 4 8 16
397 608 455 0  10 1 5 1 2 4 8 16
398 708 268 0  85 1 5 1 2 4 8 16
399 550 858 0  98 1 5 1 2 4 8 16
400 571 661 0  58 1 5 1 2 4 8 16
401 354 863 0  29 1 5 1 2 4 8 16
402 612 386 0  29 1 5 1 2 4 8 16
403 285 540 0  84 1 5 1 2 4 8 16
404 583 429 0  26 1 5 1 2 4 8 16
405 341 257 0  57 1 5 1 2 4 8 16
406 254 771 0  35 1 5 1 2 4 8 16
407 393 262 0   7 1 5 1 2 4 8 16
408 515 942 0   5 1 5 1 2 4 8 16
409 694  59 0   2 1 5 1 2 4 8 16
410 345 805 0  67 1 5 1 2 4 8 16
411 291 257 0  91 1 5 1 2 4 8 16
412 961 194 0  18 1 5 1 2 4 8 16
413 796 265 0  70 1 5 1 2 4 8 16
414 732   8 0  55 1 5 1 2 4 8 16
415 164  77 0  29 1 5 1 2 4 8 16
416 474 902 0  20 1 5 1 2 4 8 16
417 220 474 0  97 1 5 1 2 4 8 16
418 408 321 0  13 1 5 1 2 4 8 16
419 378 979 0  83 1 5 1 2 4 8 16
420 744 744 0  89 1 5 1 2 4 8 16
421 659 367 0  69 1 5 1 2 4 8 16
422 312 927 0  49 1 5 1 2 4 8 16
423 852 802 0  36 1 5 1 2 4 8 16
424 271 631 0  54 1 5 1 2 4 8 16
425 354 777 0  23 1 5 1 2 4 8 16
426 871 217 0  76 1 5 1 2 4 8 16
427 771 975 0  52 1 5 1 2 4 8 16
428 251 449 0  94 1 5 1 2 4 8 16
429 855  57 0  29 1 5 1 2 4 8 16
430 231 823 0  30 1 5 1 2 4 8 16
431 946 378 0   6 1 5 1 2 4 8 16
432 633 214 0   5 1 5 1 2 4 8 16
433 786 651 0  69 1 5 1 2 4 8 16
434  56 800 0  62 1 5 1 2 4 8 16
435 373 184 0  37 1 5 1 2 4 8 16
436 499 711 0  32 1 5 1 2 4 8 16
437 171 711 0  49 1 5 1 2 4 8 16
438 590 179 0   5 1 5 1 2 4 8 16
439 414 995 0  58 1 5 1 2 4 8 16
440 539 658 0  45 1 5 1 2 4 8 16
441 629 982 0  97 1 5 1 2 4 8 16
442 777 688 0  72 1 5 1 2 4 8 16
443 465 841 0  73 1 5 1 2 4 8 16
444 701 501 0  44 1 5 1 2 4 8 16
445 160 830 0  70 1 5 1 2 4 8 16
446 700 287 0  74 1 5 1 2 4 8 16
447 718 628 0  68 1 5 1 2 4 8 16
448 136 799 0  29 1 5 1 2 4 8 16
449  67 959 0   3 1 5 1 2 4 8 16
450 279 549 0  25 1 5 1 2 4 8 16
451 715 376 0  88 1 5 1 2 4 8 16
452 601 174 0  41 1 5 1 2 4 8 16
453 646 355 0  41 1 5 1 2 4 8 16
454 498 847 0  34 1 5 1 2 4 8 16
455 357  54 0  41 1 5 1 2 4 8 16
456 737 216 0  84 1 5 1 2 4 8 16
457 711 194 0  64 1 5 1 2 4 8 16
458 989 461 0  33 1 5 1 2 4 8 16
459 154 904 0   2 1 5 1 2 4 8 16
460 160  31 0  61 1 5 1 2 4 8 16
461 598 631 0  63 1 5 1 2 4 8 16
462 880 884 0  41 1 5 1 2 4 8 16
463 549  76 0  93 1 5 1 2 4 8 16
464 479 741 0  79 1 5 1 2 4 8 16
465 429  65 0  50 1 5 1 2 4 8 16
466   6 492 0  59 1 5 1 2 4 8 16
467 833 900 0  46 1 5 1 2 4 8 16
468 709 800 0  53 1 5 1 2 4 8 16
469 378 761 0  96 1 5 1 2 4 8 16
470 624 967 0   2 1 5 1 2 4 8 16
471  15 338 0  56 1 5 1 2 4 8 16
472 202 204 0  33 1 5 1 2 4 8 16
473 897 936 0  53 1 5 1 2 4 8 16
474 104 313 0  12 1 5 1 2 4 8 16
475 509  61 0  26 1 5 1 2 4 8 16
476 157  50 0  92 1 5 1 2 4 8 16
477 520 817 0   9 1 5 1 2 4 8 16
478 302 997 0  80 1 5 1 2 4 8 16
479 895 760 0  61 1 5 1 2 4 8 16
480 596 412 0  84 1 5 1 2 4 8 16
481 319 270 0  83 1 5 1 2 4 8 16
482   3 812 0  36 1 5 1 2 4 8 16
483 325 559 0  19 1 5 1 2 4 8 16
484 471 590 0  40 1 5 1 2 4 8 16
485 176 363 0  73 1 5 1 2 4 8 16
486 907 302 0  60 1 5 1 2 4 8 16
487  26 560 0  89 1 5 1 2 4 8 16
488 491 828 0  51 1 5 1 2 4 8 16
489 921 597 0  23 1 5 1 2 4 8 16
490 307 512 0  39 1 5 1 2 4 8 16
491 836 791 0  72 1 5 1 2 4 8 16
492 906 967 0  60 1 5 1 2 4 8 16
493  83 740 0   1 1 5 1 2 4 8 16
494 589 326 0  16 1 5 1 2 4 8 16
495  54 557 0  10 1 5 1 2 4 8 16
496 137 351 0  37 1 5 1 2 4 8 16
497 421 591 0  69 1 5 1 2 4 8 16
498 712 832 0  57 1 5 1 2 4 8 16
499 684 478 0  14 1 5 1 2 4 8 16
500 804 730 0  71 1 5 1 2 4 8 16
501 344 413 0  89 1 5 1 2 4 8 16
502 782 612 0  19 1 5 1 2 4 8 16
503 436 922 0  34 1 5 1 2 4 8 16
504 150 943 0  45 1 5 1 2 4 8 16
505  63 640 0  21 1 5 1 2 4 8 16
506 964 807 0  46 1 5 1 2 4 8 16
507 987 715 0  87 1 5 1 2 4 8 16
508 555 807 0  73 1 5 1 2 4 8 16
509 418 386 0  60 1 5 1 2 4 8 16
510 761 670 0  13 1 5 1 2 4 8 16
511 307 332 0  88 1 5 1 2 4 8 16
512 950 288 0  82 1 5 1 2 4 8 16
513 749 580 0  80 1 5 1 2 4 8 16
514 500 754 0   3 1 5 1 2 4 8 16
515 409 866 0  36 1 5 1 2 4 8 16
516 277 635 0  22 1 5 1 2 4 8 16
517 770 268 0  98 1 5 1 2 4 8 16
518 179 333 0  91 1 5 1 2 4 8 16
519 135 978 0  99 1 5 1 2 4 8 16
520 547 353 0  43 1 5 1 2 4 8 16
521 247 812 0  37 1 5 1 2 4 8 16
522 951 957 0  26 1 5 1 2 4 8 16
523 100 684 0  77 1 5 1 2 4 8 16
524 804 441 0  45 1 5 1 2 4 8 16
525 654 987 0  78 1 5 1 2 4 8 16
526 758 395 0  34 1 5 1 2 4 8 16
527  39 529 0  30 1 5 1 2 4 8 16
528 373 448 0  39 1 5 1 2 4 8 16
529 455 794 0  20 1 5 1 2 4 8 16
530 887 181 0   3 1 5 1 2 4 8 16
531 852 224 0  59 1 5 1 2 4 8 16
532 558 284 0  14 1 5 1 2 4 8 16
533 441 639 0  86 1 5 1 2 4 8 16
534 927 736 0  30 1 5 1 2 4 8 16
535 103 275 0  41 1 5 1 2 4 8 16
536 433 246 0  55 1 5 1 2 4 8 16
537 800  55 0  75 1 5 1 2 4 8 16
538 820 862 0  52 1 5 1 2 4 8 16
539 684 483 0  19 1 5 1 2 4 8 16
540 211 740 0  27 1 5 1 2 4 8 16
541 550  56 0  56 1 5 1 2 4 8 16
542 956 979 0  72 1 5 1 2 4 8 16
543 610 502 0  84 1 5 1 2 4 8 16
544 882  71 0  91 1 5 1 2 4 8 16
545 612  63 0  12 1 5 1 2 4 8 16
546 948 966 0  27 1 5 1 2 4 8 16
547 580 677 0  46 1 5 1 2 4 8 16
548 493  45 0  68 1 5 1 2 4 8 16
549 151 393 0  25 1 5 1 2 4 8 16
550 282 285 0  23 1 5 1 2 4 8 16
551 835 628 0  78 1 5 1 2 4 8 16
552 531 459 0  67 1 5 1 2 4 8 16
553 384 494 0  43 1 5 1 2 4 8 16
554 355 609 0  83 1 5 1 2 4 8 16
555 727 442 0  60 1 5 1 2 4 8 16
556 229 104 0  69 1 5 1 2 4 8 16
557 346  89 0  83 1 5 1 2 4 8 16
558 464 459 0  95 1 5 1 2 4 8 16
559 615 538 0  93 1 5 1 2 4 8 16
560 789 612 0  79 1 5 1 2 4 8 16
561 575 370 0  67 1 5 1 2 4 8 16
562 257 112 0  26 1 5 1 2 4 8 16
563 551 634 0  49 1 5 1 2 4 8 16
564 614 724 0  27 1 5 1 2 4 8 16
565 899 569 0  88 1 5 1 2 4 8 16
566 309 156 0   1 1 5 1 2 4 8 16
567 973 251 0  97 1 5 1 2 4 8 16
568 391 678 0   3 1 5 1 2 4 8 16
569 936 467 0  22 1 5 1 2 4 8 16
570  48 661 0  96 1 5 1 2 4 8 16
571 463 985 0  42 1 5 1 2 4 8 16
572 522 739 0  11 1 5 1 2 4 8 16
573 943 259 0  68 1 5 1 2 4 8 16
574 108 412 0  90 1 5 1 2 4 8 16
575 733  84 0  63 1 5 1 2 4 8 16
576 841 461 0  21 1 5 1 2 4 8 16
577 167 339 0  15 1 5 1 2 4 8 16
578 422 838 0 100 1 5 1 2 4 8 16
579 216 770 0   5 1 5 1 2 4 8 16
580  48 775 0   5 1 5 1 2 4 8 16
581 418 470 0  64 1 5 1 2 4 8 16
582 950 610 0  23 1 5 1 2 4 8 16
583 476 296 0  51 1 5 1 2 4 8 16
584 785 402 0  84 1 5 1 2 4 8 16
585  40  60 0  42 1 5 1 2 4 8 16
586 702 412 0  20 1 5 1 2 4 8 16
587 316  27 0  82 1 5 1 2 4 8 16
588 453 531 0  75 1 5 1 2 4 8 16
589 614 661 0  56 1 5 1 2 4 8 16
590  61  47 0   4 1 5 1 2 4 8 16
591 637 942 0  55 1 5 1 2 4 8 16
592 272 592 0  76 1 5 1 2 4 8 16
593  99 511 0  46 1 5 1 2 4 8 16
594 419 583 0  92 1 5 1 2 4 8 16
595 129 888 0  43 1 5 1 2 4 8 16
596 539 818 0   9 1 5 1 2 4 8 16
597 143 577 0  42 1 5 1 2 4 8 16
598 251 789 0  48 1 5 1 2 4 8 16
599 660 737 0  92 1 5 1 2 4 8 16
600 939 308 0  35 1 5 1 2 4 8 16
601 736 521 0  48 1 5 1 2 4 8 16
602 944  96 0   5 1 5 1 2 4 8 16
603 159 476 0  68 1 5 1 2 4 8 16
604  12  26 0  57 1 5 1 2 4 8 16
605 692 866 0  32 1 5 1 2 4 8 16
606 837 337 0  89 1 5 1 2 4 8 16
607 397 682 0  22 1 5 1 2 4 8 16
608 535 848 0  38 1 5 1 2 4 8 16
609 733 279 0  29 1 5 1 2 4 8 16
610 690 421 0  68 1 5 1 2 4 8 16
611  80 197 0  13 1 5 1 2 4 8 16
612 967 778 0  61 1 5 1 2 4 8 16
613 212 822 0  86 1 5 1 2 4 8 16
614 235 184 0  47 1 5 1 2 4 8 16
615 637 531 0  76 1 5 1 2 4 8 16
616 797 752 0  19 1 5 1 2 4 8 16
617  93 229 0  24 1 5 1 2 4 8 16
618 182 844 0  42 1 5 1 2 4 8 16
619 879 845 0  27 1 5 1 2 4 8 16
620 378 237 0  92 1 5 1 2 4 8 16
621 532 333 0  10 1 5 1 2 4 8 16
622 242 823 0  54 1 5 1 2 4 8 16
623 808 142 0  65 1 5 1 2 4 8 16
624  72 249 0  35 1 5 1 2 4 8 16
625  79 495 0  25 1 5 1 2 4 8 16
626 817  80 0 100 1 5 1 2 4 8 16
627 878 846 0  16 1 5 1 2 4 8 16
628 875  80 0  46 1 5 1 2 4 8 16
629  61  91 0  94 1 5 1 2 4 8 16
630  79 698 0  98 1 5 1 2 4 8 16
631 796 621 0  68 1 5 1 2 4 8 16
632 137  95 0  74 1 5 1 2 4 8 16
633 245   8 0  14 1 5 1 2 4 8 16
634 180 542 0  83 1 5 1 2 4 8 16
635 174  20 0  28 1 5 1 2 4 8 16
636 884 578 0  58 1 5 1 2 4 8 16
637 141 744 0  82 1 5 1 2 4 8 16
638 545 871 0  95 1 5 1 2 4 8 16
639 706 970 0   2 1 5 1 2 4 8 16
640 280 452 0  20 1 5 1 2 4 8 16
641 873 865 0  92 1 5 1 2 4 8 16
642 448 716 0  55 1 5 1 2 4 8 16
643 188 618 0  51 1 5 1 2 4 8 16
644 725 291 0  31 1 5 1 2 4 8 16
645 903 432 0  82 1 5 1 2 4 8 16
646 362 795 0  79 1 5 1 2 4 8 16
647 111 584 0  33 1 5 1 2 4 8 16
648 344 956 0  25 1 5 1 2 4 8 16
649 859 174 0  30 1 5 1 2 4 8 16
650 919 836 0  53 1 5 1 2 4 8 16
651 955 153 0  28 1 5 1 2 4 8 16
652 863 796 0  51 1 5 1 2 4 8 16
653  13  64 0  43 1 5 1 2 4 8 16
654 448 150 0  67 1 5 1 2 4 8 16
655 415  73 0   4 1 5 1 2 4 8 16
656 516 920 0  94 1 5 1 2 4 8 16
657 572 644 0  56 1 5 1 2 4 8 16
658 288  27 0  59 1 5 1 2 4 8 16
659 496 405 0  99 1 5 1 2 4 8 16
660 455 431 0  96 1 5 1 2 4 8 16
661 950 143 0  15 1 5 1 2 4 8 16
662 835 768 0  67 1 5 1 2 4 8 16
663 398 272 0  58 1 5 1 2 4 8 16
664 659 980 0  68 1 5 1 2 4 8 16
665  27   5 0  70 1 5 1 2 4 8 16
666 380 465 0  68 1 5 1 2 4 8 16
667 683 284 0  82 1 5 1 2 4 8 16
668 406 756 0  38 1 5 1 2 4 8 16
669 172  79 0  92 1 5 1 2 4 8 16
670 606 143 0  53 1 5 1 2 4 8 16
671 196 346 0  18 1 5 1 2 4 8 16
672 686 747 0  59 1 5 1 2 4 8 16
673 824  31 0  81 1 5 1 2 4 8 16
674 204 676 0  55 1 5 1 2 4 8 16
675 412 403 0  34 1 5 1 2 4 8 16
676 324 468 0  54 1 5 1 2 4 8 16
677 944 614 0  99 1 5 1 2 4 8 16
678 675 558 0  45 1 5 1 2 4 8 16
679 200 729 0  16 1 5 1 2 4 8 16
680   1  70 0  12 1 5 1 2 4 8 16
681  47 921 0   4 1 5 1 2 4 8 16
682 904 483 0  54 1 5 1 2 4 8 16
683 878  24 0  16 1 5 1 2 4 8 16
684  78 667 0  87 1 5 1 2 4 8 16
685 536 258 0  19 1 5 1 2 4 8 16
686 588 475 0  70 1 5 1 2 4 8 16
687 737 789 0  71 1 5 1 2 4 8 16
688 667 891 0  45 1 5 1 2 4 8 16
689 263  16 0  58 1 5 1 2 4 8 16
690 254 134 0  47 1 5 1 2 4 8 16
691 298 669 0  15 1 5 1 2 4 8 16
692 683 528 0  12 1 5 1 2 4 8 16
693 700 376 0  73 1 5 1 2 4 8 16
694  69 287 0  32 1 5 1 2 4 8 16
695 490 876 0  71 1 5 1 2 4 8 16
696 824 995 0   2 1 5 1 2 4 8 16
697 275 690 0  94 1 5 1 2 4 8 16
698 449  36 0  78 1 5 1 2 4 8 16
699 391 924 0  32 1 5 1 2 4 8 16
700 641 520 0  67 1 5 1 2 4 8 16
701 941 598 0  63 1 5 1 2 4 8 16
702 295 357 0  60 1 5 1 2 4 8 16
703 363 759 0  86 1 5 1 2 4 8 16
704 260 927 0  14 1 5 1 2 4 8 16
705 221  76 0  39 1 5 1 2 4 8 16
706  19 444 0  51 1 5 1 2 4 8 16
707 304 967 0  25 1 5 1 2 4 8 16
708 206 248 0   1 1 5 1 2 4 8 16
709 313  79 0  85 1 5 1 2 4 8 16
710 634 130 0   9 1 5 1 2 4 8 16
711 456  57 0  63 1 5 1 2 4 8 16
712  88 824 0  66 1 5 1 2 4 8 16
713 388 158 0  29 1 5 1 2 4 8 16
714  95 429 0  84 1 5 1 2 4 8 16
715 730 143 0  57 1 5 1 2 4 8 16
716 874 269 0  56 1 5 1 2 4 8 16
717 623  63 0  74 1 5 1 2 4 8 16
718 822 421 0  90 1 5 1 2 4 8 16
719 198 253 0   1 1 5 1 2 4 8 16
720 709 154 0   9 1 5 1 2 4 8 16
721 352 979 0  87 1 5 1 2 4 8 16
722 674 126 0  58 1 5 1 2 4 8 16
723 209 840 0   8 1 5 1 2 4 8 16
724 497 604 0  82 1 5 1 2 4 8 16
725 280 520 0  11 1 5 1 2 4 8 16
726 823 203 0  26 1 5 1 2 4 8 16
727 773 635 0  80 1 5 1 2 4 8 16
728 939 916 0  92 1 5 1 2 4 8 16
729 217 953 0  49 1 5 1 2 4 8 16
730 928 828 0   4 1 5 1 2 4 8 16
731 421 741 0   1 1 5 1 2 4 8 16
732 703 623 0  86 1 5 1 2 4 8 16
733 260   4 0  12 1 5 1 2 4 8 16
734 823 997 0  97 1 5 1 2 4 8 16
735  17 107 0   9 1 5 1 2 4 8 16
736 146  39 0  48 1 5 1 2 4 8 16
737 215 909 0  22 1 5 1 2 4 8 16
738 299  40 0  11 1 5 1 2 4 8 16
739 577 488 0  94 1 5 1 2 4 8 16
740 593   4 0  93 1 5 1 2 4 8 16
741 839 740 0  30 1 5 1 2 4 8 16
742 223 244 0  49 1 5 1 2 4 8 16
743 311 606 0   2 1 5 1 2 4 8 16
744  22 190 0  81 1 5 1 2 4 8 16
745 101 542 0  44 1 5 1 2 4 8 16
746 188 703 0  57 1 5 1 2 4 8 16
747 200 127 0  73 1 5 1 2 4 8 16
748 561 249 0  48 1 5 1 2 4 8 16
749 103 488 0  68 1 5 1 2 4 8 16
750 712 395 0  22 1 5 1 2 4 8 16
751 533 905 0  98 1 5 1 2 4 8 16
752 449 682 0  45 1 5 1 2 4 8 16
753 155  16 0  64 1 5 1 2 4 8 16
754 217 659 0  43 1 5 1 2 4 8 16
755 193 169 0  94 1 5 1 2 4 8 16
756 142 775 0  60 1 5 1 2 4 8 16
757 312 574 0   0 0 0
758 219 596 0   0 0 0
759 817 287 0   0 0 0
760 802  93 0   0 0 0
761 480 916 0   0 0 0
