2 227 816 3
0 244
0 244
0 244
  1  955  773 0  65 1 3 1 2 4
  2  493  280 0  93 1 3 1 2 4
  3   96  273 0   1 1 3 1 2 4
  4  457  636 0  67 1 3 1 2 4
  5   34  948 0  76 1 3 1 2 4
  6  105  323 0  29 1 3 1 2 4
  7  567  641 0  73 1 3 1 2 4
  8  461  685 0  26 1 3 1 2 4
  9  329  984 0  45 1 3 1 2 4
 10  293  112 0  39 1 3 1 2 4
 11  260  724 0  47 1 3 1 2 4
 12  499  863 0  11 1 3 1 2 4
 13  324   80 0  66 1 3 1 2 4
 14  455  945 0  13 1 3 1 2 4
 15  224  339 0 100 1 3 1 2 4
 16  520  115 0   8 1 3 1 2 4
 17  238  960 0  35 1 3 1 2 4
 18  235  373 0  39 1 3 1 2 4
 19  837  188 0  51 1 3 1 2 4
 20  894  951 0  90 1 3 1 2 4
 21  613  791 0  10 1 3 1 2 4
 22   23  366 0  70 1 3 1 2 4
 23  222  447 0  29 1 3 1 2 4
 24  233  499 0  76 1 3 1 2 4
 25  494  902 0  19 1 3 1 2 4
 26  127  365 0 100 1 3 1 2 4
 27   36  383 0  76 1 3 1 2 4
 28  272  893 0  49 1 3 1 2 4
 29  267   86 0  69 1 3 1 2 4
 30  124  839 0  44 1 3 1 2 4
 31  541  385 0   2 1 3 1 2 4
 32  750   46 0  70 1 3 1 2 4
 33   51  701 0  90 1 3 1 2 4
 34  842  222 0  22 1 3 1 2 4
 35  395  123 0  72 1 3 1 2 4
 36  992  212 0  22 1 3 1 2 4
 37   46  957 0  86 1 3 1 2 4
 38  714  773 0  60 1 3 1 2 4
 39  393  283 0  15 1 3 1 2 4
 40  542  681 0  26 1 3 1 2 4
 41  777  765 0  12 1 3 1 2 4
 42   20  220 0  72 1 3 1 2 4
 43  460  429 0  19 1 3 1 2 4
 44   76  107 0  64 1 3 1 2 4
 45  314  887 0  68 1 3 1 2 4
 46  193  522 0  22 1 3 1 2 4
 47  214   69 0  42 1 3 1 2 4
 48  752  809 0   8 1 3 1 2 4
 49  367  256 0  49 1 3 1 2 4
 50  335  606 0  65 1 3 1 2 4
 51  623   42 0   1 1 3 1 2 4
 52   94  514 0  27 1 3 1 2 4
 53  589  356 0  38 1 3 1 2 4
 54  423  933 0  41 1 3 1 2 4
 55  465  866 0  16 1 3 1 2 4
 56  299  627 0  58 1 3 1 2 4
 57  811  894 0  66 1 3 1 2 4
 58  872  530 0  53 1 3 1 2 4
 59  886  263 0  68 1 3 1 2 4
 60  564  410 0  29 1 3 1 2 4
 61  232   77 0  19 1 3 1 2 4
 62   32  447 0  36 1 3 1 2 4
 63  689  152 0  59 1 3 1 2 4
 64  692   77 0  39 1 3 1 2 4
 65   85  854 0  92 1 3 1 2 4
 66  824  581 0  81 1 3 1 2 4
 67  835  164 0  74 1 3 1 2 4
 68  874  648 0  91 1 3 1 2 4
 69  165    5 0  43 1 3 1 2 4
 70  654   82 0  48 1 3 1 2 4
 71  658  944 0  16 1 3 1 2 4
 72  392  961 0  22 1 3 1 2 4
 73  625  227 0  25 1 3 1 2 4
 74  151  855 0  67 1 3 1 2 4
 75  748   99 0  38 1 3 1 2 4
 76  987   86 0  61 1 3 1 2 4
 77  967  613 0  91 1 3 1 2 4
 78  272  721 0  11 1 3 1 2 4
 79  882  360 0  51 1 3 1 2 4
 80  732   31 0  16 1 3 1 2 4
 81  321   27 0  67 1 3 1 2 4
 82  172  892 0  92 1 3 1 2 4
 83   89   21 0  86 1 3 1 2 4
 84  587  318 0   9 1 3 1 2 4
 85  341  616 0  11 1 3 1 2 4
 86  628  773 0  79 1 3 1 2 4
 87  730  455 0  88 1 3 1 2 4
 88  503  678 0  57 1 3 1 2 4
 89  797  863 0  68 1 3 1 2 4
 90  218  823 0  22 1 3 1 2 4
 91  983  471 0  49 1 3 1 2 4
 92  377   74 0  47 1 3 1 2 4
 93  381  876 0  10 1 3 1 2 4
 94  364   43 0  25 1 3 1 2 4
 95   75  142 0  37 1 3 1 2 4
 96  937   74 0   9 1 3 1 2 4
 97  103  591 0  77 1 3 1 2 4
 98  289  802 0  32 1 3 1 2 4
 99    9  884 0  12 1 3 1 2 4
100    8  943 0  49 1 3 1 2 4
101  516  318 0  41 1 3 1 2 4
102  491  820 0  56 1 3 1 2 4
103  956  170 0  30 1 3 1 2 4
104  903  133 0  62 1 3 1 2 4
105  951  638 0  91 1 3 1 2 4
106  865   97 0  92 1 3 1 2 4
107  813  969 0  22 1 3 1 2 4
108  825  672 0  97 1 3 1 2 4
109  709  352 0  13 1 3 1 2 4
110  745  374 0  57 1 3 1 2 4
111  897  580 0  18 1 3 1 2 4
112  659  169 0  53 1 3 1 2 4
113  802  878 0  68 1 3 1 2 4
114  376  614 0  82 1 3 1 2 4
115  924  504 0  86 1 3 1 2 4
116  131  296 0  89 1 3 1 2 4
117   22  168 0  44 1 3 1 2 4
118  415  790 0  20 1 3 1 2 4
119  569   27 0  10 1 3 1 2 4
120  991  798 0  48 1 3 1 2 4
121   44   52 0  10 1 3 1 2 4
122  907  689 0  66 1 3 1 2 4
123  819   64 0  24 1 3 1 2 4
124  559   48 0  14 1 3 1 2 4
125  893  750 0  48 1 3 1 2 4
126  134   82 0  51 1 3 1 2 4
127  555   57 0   9 1 3 1 2 4
128  536  438 0  35 1 3 1 2 4
129  928  248 0  94 1 3 1 2 4
130  608   51 0  23 1 3 1 2 4
131  490  692 0   4 1 3 1 2 4
132  255  541 0  37 1 3 1 2 4
133  294  957 0  75 1 3 1 2 4
134  632  981 0  10 1 3 1 2 4
135  443  165 0  21 1 3 1 2 4
136  327  247 0  49 1 3 1 2 4
137  176  636 0  68 1 3 1 2 4
138  102  695 0  36 1 3 1 2 4
139  558  657 0  16 1 3 1 2 4
140  179  583 0  90 1 3 1 2 4
141  542  455 0   6 1 3 1 2 4
142  753  886 0  63 1 3 1 2 4
143  595  563 0   5 1 3 1 2 4
144  530  200 0  25 1 3 1 2 4
145  669   57 0  37 1 3 1 2 4
146  715  366 0  54 1 3 1 2 4
147  769  849 0  67 1 3 1 2 4
148  709  721 0  94 1 3 1 2 4
149  369  722 0  32 1 3 1 2 4
150  153  791 0 100 1 3 1 2 4
151  471  626 0  33 1 3 1 2 4
152  235  344 0  91 1 3 1 2 4
153  120  405 0  62 1 3 1 2 4
154  801  348 0  18 1 3 1 2 4
155  799    0 0  28 1 3 1 2 4
156  102  660 0  73 1 3 1 2 4
157   52  806 0  15 1 3 1 2 4
158  513   45 0  61 1 3 1 2 4
159  860  860 0  44 1 3 1 2 4
160  752   30 0  29 1 3 1 2 4
161  851  953 0  69 1 3 1 2 4
162  855  873 0  74 1 3 1 2 4
163  690  878 0  91 1 3 1 2 4
164  391  348 0  86 1 3 1 2 4
165  963  555 0  93 1 3 1 2 4
166  549  209 0  78 1 3 1 2 4
167  555  642 0  65 1 3 1 2 4
168  677  702 0  21 1 3 1 2 4
169  961  699 0  82 1 3 1 2 4
170   64  231 0  48 1 3 1 2 4
171  782   82 0  89 1 3 1 2 4
172  514  752 0  40 1 3 1 2 4
173  591  475 0  84 1 3 1 2 4
174  666  898 0  50 1 3 1 2 4
175  670  255 0   7 1 3 1 2 4
176  618  359 0  26 1 3 1 2 4
177  630  570 0   3 1 3 1 2 4
178  332  297 0  57 1 3 1 2 4
179  557  160 0  12 1 3 1 2 4
180  914  853 0  12 1 3 1 2 4
181  547  948 0  98 1 3 1 2 4
182  583  486 0   9 1 3 1 2 4
183  703  471 0  14 1 3 1 2 4
184  481  111 0  36 1 3 1 2 4
185  765  125 0  52 1 3 1 2 4
186   95   47 0  60 1 3 1 2 4
187  831   20 0  14 1 3 1 2 4
188  279  108 0  26 1 3 1 2 4
189  876  774 0  68 1 3 1 2 4
190  590  807 0  25 1 3 1 2 4
191  298  403 0   1 1 3 1 2 4
192  213  759 0  84 1 3 1 2 4
193  504  996 0  41 1 3 1 2 4
194   21  392 0  35 1 3 1 2 4
195  453  723 0  46 1 3 1 2 4
196  719  166 0   8 1 3 1 2 4
197  487  494 0  89 1 3 1 2 4
198  475  613 0  49 1 3 1 2 4
199  426  516 0  81 1 3 1 2 4
200  279  527 0  34 1 3 1 2 4
201  811  695 0  32 1 3 1 2 4
202  905  653 0   8 1 3 1 2 4
203  379   47 0  14 1 3 1 2 4
204  372  155 0  10 1 3 1 2 4
205  416  130 0   2 1 3 1 2 4
206   74  329 0  17 1 3 1 2 4
207  304  129 0  16 1 3 1 2 4
208   49  499 0  66 1 3 1 2 4
209  290  659 0  93 1 3 1 2 4
210  246  280 0  32 1 3 1 2 4
211  544 1000 0  58 1 3 1 2 4
212  880  673 0  30 1 3 1 2 4
213  571  245 0  46 1 3 1 2 4
214  427  422 0  63 1 3 1 2 4
215  590  659 0  49 1 3 1 2 4
216   92  171 0  41 1 3 1 2 4
217  402  243 0   1 1 3 1 2 4
218  148  852 0  35 1 3 1 2 4
219  600  160 0  10 1 3 1 2 4
220  949  234 0  19 1 3 1 2 4
221  837  206 0  90 1 3 1 2 4
222  811  660 0  87 1 3 1 2 4
223  265  927 0  93 1 3 1 2 4
224  351  623 0  17 1 3 1 2 4
225  678  467 0   2 1 3 1 2 4
226  755  845 0  95 1 3 1 2 4
227  578  212 0  37 1 3 1 2 4
228  142  123 0  63 1 3 1 2 4
229  805  265 0  71 1 3 1 2 4
230  438  760 0  58 1 3 1 2 4
231  889  849 0  79 1 3 1 2 4
232  622   83 0  49 1 3 1 2 4
233  641  960 0   3 1 3 1 2 4
234  964  578 0  73 1 3 1 2 4
235  152  983 0  68 1 3 1 2 4
236  732  151 0  85 1 3 1 2 4
237  460  136 0  21 1 3 1 2 4
238  481  293 0  66 1 3 1 2 4
239  719  583 0  10 1 3 1 2 4
240  425  116 0  91 1 3 1 2 4
241  621  903 0  21 1 3 1 2 4
242  301  824 0  59 1 3 1 2 4
243  971  496 0  33 1 3 1 2 4
244  970  226 0  98 1 3 1 2 4
245   41  783 0  74 1 3 1 2 4
246   71  869 0  59 1 3 1 2 4
247   55  912 0  37 1 3 1 2 4
248  212  222 0  21 1 3 1 2 4
249  205  628 0  77 1 3 1 2 4
250  922  994 0  37 1 3 1 2 4
251  215  741 0  29 1 3 1 2 4
252  557   16 0   6 1 3 1 2 4
253  672  608 0  46 1 3 1 2 4
254  847  901 0   2 1 3 1 2 4
255  489   88 0  11 1 3 1 2 4
256  420  438 0  73 1 3 1 2 4
257  589  413 0  67 1 3 1 2 4
258  514  395 0  52 1 3 1 2 4
259  528  712 0  60 1 3 1 2 4
260  422  771 0  20 1 3 1 2 4
261  457  748 0  32 1 3 1 2 4
262  250  704 0  33 1 3 1 2 4
263  878  612 0  78 1 3 1 2 4
264   85  903 0  65 1 3 1 2 4
265  132  731 0  20 1 3 1 2 4
266  241  734 0  35 1 3 1 2 4
267   11  408 0  43 1 3 1 2 4
268  831   88 0  40 1 3 1 2 4
269  688  785 0  33 1 3 1 2 4
270  676  983 0  49 1 3 1 2 4
271  702  583 0  50 1 3 1 2 4
272  695  453 0  84 1 3 1 2 4
273  708  790 0  61 1 3 1 2 4
274  276  919 0  32 1 3 1 2 4
275   30  104 0  25 1 3 1 2 4
276  526  955 0  33 1 3 1 2 4
277  993  703 0  25 1 3 1 2 4
278  982  323 0  91 1 3 1 2 4
279  972  388 0  32 1 3 1 2 4
280  567  244 0   8 1 3 1 2 4
281  551    6 0  37 1 3 1 2 4
282  240  524 0  21 1 3 1 2 4
283  491  265 0  73 1 3 1 2 4
284  300  645 0   9 1 3 1 2 4
285  559  371 0  46 1 3 1 2 4
286  884  302 0  57 1 3 1 2 4
287  207  534 0  53 1 3 1 2 4
288  730  843 0  54 1 3 1 2 4
289  886  218 0   3 1 3 1 2 4
290   77  550 0  39 1 3 1 2 4
291  904  837 0  56 1 3 1 2 4
292  149  163 0  21 1 3 1 2 4
293  547  150 0  20 1 3 1 2 4
294  219  673 0  53 1 3 1 2 4
295   29  949 0  20 1 3 1 2 4
296  549  258 0  95 1 3 1 2 4
297  638  870 0  72 1 3 1 2 4
298  931  103 0  70 1 3 1 2 4
299   35  138 0   6 1 3 1 2 4
300  801   21 0  55 1 3 1 2 4
301  411  810 0  63 1 3 1 2 4
302  311  689 0  42 1 3 1 2 4
303  160  825 0  85 1 3 1 2 4
304  630  343 0  62 1 3 1 2 4
305  129   24 0  91 1 3 1 2 4
306  425  719 0  60 1 3 1 2 4
307  483  876 0  47 1 3 1 2 4
308  267  783 0   8 1 3 1 2 4
309  824  612 0  83 1 3 1 2 4
310  671  780 0  59 1 3 1 2 4
311  376  172 0  91 1 3 1 2 4
312  832  830 0  57 1 3 1 2 4
313  571  590 0  62 1 3 1 2 4
314  614  750 0  75 1 3 1 2 4
315  498  318 0   1 1 3 1 2 4
316  476   26 0  97 1 3 1 2 4
317  245  409 0  21 1 3 1 2 4
318  992  228 0  64 1 3 1 2 4
319  612  933 0  35 1 3 1 2 4
320  862  342 0  83 1 3 1 2 4
321  850  940 0  85 1 3 1 2 4
322  171  300 0  71 1 3 1 2 4
323  505  716 0  19 1 3 1 2 4
324  794  570 0  26 1 3 1 2 4
325  271  283 0  58 1 3 1 2 4
326  118  493 0  63 1 3 1 2 4
327  961  397 0  51 1 3 1 2 4
328  219  355 0  50 1 3 1 2 4
329  229   25 0  59 1 3 1 2 4
330  580  346 0   8 1 3 1 2 4
331  894  256 0  80 1 3 1 2 4
332  384  461 0  37 1 3 1 2 4
333  545  988 0  71 1 3 1 2 4
334  551   33 0  53 1 3 1 2 4
335  965  654 0  38 1 3 1 2 4
336  585   82 0  99 1 3 1 2 4
337  650  535 0  73 1 3 1 2 4
338  858  920 0  64 1 3 1 2 4
339  877  127 0  12 1 3 1 2 4
340  712  909 0  63 1 3 1 2 4
341  248  114 0  67 1 3 1 2 4
342  279  914 0  85 1 3 1 2 4
343  790  655 0  52 1 3 1 2 4
344  488  760 0  64 1 3 1 2 4
345  842   23 0  75 1 3 1 2 4
346  653  637 0  61 1 3 1 2 4
347  946   58 0  44 1 3 1 2 4
348   49  764 0  35 1 3 1 2 4
349   12  712 0  41 1 3 1 2 4
350  701  567 0  27 1 3 1 2 4
351  961  941 0  77 1 3 1 2 4
352  240  958 0  76 1 3 1 2 4
353  537  682 0  32 1 3 1 2 4
354  707  106 0  96 1 3 1 2 4
355  438  988 0  67 1 3 1 2 4
356  162  693 0   2 1 3 1 2 4
357  182  403 0  82 1 3 1 2 4
358  114  956 0  84 1 3 1 2 4
359  158  207 0  13 1 3 1 2 4
360  612  598 0  60 1 3 1 2 4
361   60  337 0   2 1 3 1 2 4
362  597   13 0  50 1 3 1 2 4
363  236  287 0  83 1 3 1 2 4
364  235  776 0  76 1 3 1 2 4
365  355  356 0  30 1 3 1 2 4
366   43  770 0  31 1 3 1 2 4
367  943  188 0  38 1 3 1 2 4
368  634  847 0  20 1 3 1 2 4
369  704   14 0  32 1 3 1 2 4
370  405  293 0  10 1 3 1 2 4
371   56  830 0  22 1 3 1 2 4
372  306  445 0  98 1 3 1 2 4
373  979  519 0  72 1 3 1 2 4
374  360  461 0  38 1 3 1 2 4
375  710  865 0  12 1 3 1 2 4
376  964  402 0  93 1 3 1 2 4
377  334  103 0  76 1 3 1 2 4
378  286  978 0  57 1 3 1 2 4
379  439  363 0  97 1 3 1 2 4
380  973  435 0  41 1 3 1 2 4
381  969  556 0  44 1 3 1 2 4
382  991   48 0  37 1 3 1 2 4
383  139  131 0  96 1 3 1 2 4
384   28   63 0  54 1 3 1 2 4
385  435  235 0  88 1 3 1 2 4
386   64  271 0  19 1 3 1 2 4
387  542  633 0  90 1 3 1 2 4
388  559  214 0  91 1 3 1 2 4
389  144  825 0  82 1 3 1 2 4
390  502  744 0  12 1 3 1 2 4
391  693  386 0  79 1 3 1 2 4
392   42  199 0  16 1 3 1 2 4
393  155  113 0  21 1 3 1 2 4
394  167  548 0  30 1 3 1 2 4
395  113   88 0  79 1 3 1 2 4
396  778  710 0   3 1 3 1 2 4
397  492  952 0  26 1 3 1 2 4
398  669  858 0  32 1 3 1 2 4
399  849  723 0   8 1 3 1 2 4
400  170  328 0  89 1 3 1 2 4
401  134  247 0  81 1 3 1 2 4
402  128  656 0  74 1 3 1 2 4
403  592  176 0  31 1 3 1 2 4
404  598  918 0  32 1 3 1 2 4
405  870  147 0   1 1 3 1 2 4
406  234  483 0  56 1 3 1 2 4
407  376  764 0  75 1 3 1 2 4
408  332  818 0  33 1 3 1 2 4
409  898  996 0  60 1 3 1 2 4
410  776  784 0  67 1 3 1 2 4
411  411  128 0  27 1 3 1 2 4
412  892  286 0  37 1 3 1 2 4
413  248  514 0  65 1 3 1 2 4
414  869  836 0  63 1 3 1 2 4
415  583  136 0  15 1 3 1 2 4
416  382  868 0  69 1 3 1 2 4
417  850  706 0  47 1 3 1 2 4
418  467  780 0  80 1 3 1 2 4
419   55  421 0   5 1 3 1 2 4
420   72    5 0  72 1 3 1 2 4
421  717  222 0  76 1 3 1 2 4
422  177   85 0  60 1 3 1 2 4
423  714  905 0  15 1 3 1 2 4
424  152  639 0  63 1 3 1 2 4
425  726  230 0  85 1 3 1 2 4
426  472  966 0  80 1 3 1 2 4
427   98  836 0  28 1 3 1 2 4
428  159  275 0  13 1 3 1 2 4
429  965  683 0  35 1 3 1 2 4
430  783  368 0  55 1 3 1 2 4
431  673  654 0  70 1 3 1 2 4
432  813  974 0   8 1 3 1 2 4
433  130  860 0  59 1 3 1 2 4
434  885  191 0  75 1 3 1 2 4
435  857  629 0  52 1 3 1 2 4
436  852  451 0  50 1 3 1 2 4
437  834   42 0  60 1 3 1 2 4
438  567  683 0 100 1 3 1 2 4
439  253  234 0  64 1 3 1 2 4
440  237  397 0  74 1 3 1 2 4
441  808  655 0  90 1 3 1 2 4
442  477  659 0  43 1 3 1 2 4
443  975  222 0  98 1 3 1 2 4
444  817  561 0  41 1 3 1 2 4
445  899  802 0   7 1 3 1 2 4
446  789  480 0  92 1 3 1 2 4
447  896  482 0  42 1 3 1 2 4
448  577  681 0  43 1 3 1 2 4
449  146  976 0  75 1 3 1 2 4
450  308  753 0  27 1 3 1 2 4
451  739  164 0  89 1 3 1 2 4
452   60  237 0  37 1 3 1 2 4
453   49  876 0  68 1 3 1 2 4
454  877  491 0  25 1 3 1 2 4
455  634  876 0   7 1 3 1 2 4
456  811  612 0  12 1 3 1 2 4
457   57  497 0  97 1 3 1 2 4
458  696  727 0  12 1 3 1 2 4
459  259  341 0  80 1 3 1 2 4
460  689  805 0  86 1 3 1 2 4
461  754  808 0  99 1 3 1 2 4
462  167  523 0  76 1 3 1 2 4
463    8  889 0   4 1 3 1 2 4
464  299  723 0  49 1 3 1 2 4
465  675  704 0  69 1 3 1 2 4
466  746  381 0  43 1 3 1 2 4
467  371  825 0  89 1 3 1 2 4
468  924  999 0  79 1 3 1 2 4
469  310  339 0  82 1 3 1 2 4
470  908  175 0  78 1 3 1 2 4
471  714  984 0  86 1 3 1 2 4
472   94  221 0   3 1 3 1 2 4
473   91  509 0  78 1 3 1 2 4
474  886  407 0  61 1 3 1 2 4
475   80  256 0  23 1 3 1 2 4
476  318  788 0  72 1 3 1 2 4
477  965  682 0  72 1 3 1 2 4
478  920  103 0  50 1 3 1 2 4
479  805  178 0  76 1 3 1 2 4
480  492  112 0  86 1 3 1 2 4
481  848  781 0  88 1 3 1 2 4
482  259  187 0  62 1 3 1 2 4
483  108  239 0  72 1 3 1 2 4
484   29  373 0  79 1 3 1 2 4
485  631  439 0  55 1 3 1 2 4
486  376  805 0  32 1 3 1 2 4
487 1000  845 0  77 1 3 1 2 4
488  961  783 0  49 1 3 1 2 4
489  129  995 0  67 1 3 1 2 4
490  874  965 0   8 1 3 1 2 4
491  993  629 0   7 1 3 1 2 4
492  415  820 0  18 1 3 1 2 4
493  290  609 0  10 1 3 1 2 4
494  134  640 0   5 1 3 1 2 4
495  534  176 0  60 1 3 1 2 4
496  587  675 0  99 1 3 1 2 4
497  281   54 0  84 1 3 1 2 4
498  515  227 0  28 1 3 1 2 4
499  187  378 0  78 1 3 1 2 4
500  550  667 0  84 1 3 1 2 4
501  237  596 0   6 1 3 1 2 4
502  801  517 0  91 1 3 1 2 4
503  686   69 0  17 1 3 1 2 4
504  276  135 0  50 1 3 1 2 4
505  965  803 0  12 1 3 1 2 4
506  986  464 0  61 1 3 1 2 4
507  681  914 0  32 1 3 1 2 4
508  362  292 0  14 1 3 1 2 4
509  624  772 0  40 1 3 1 2 4
510  332  219 0  72 1 3 1 2 4
511  642  428 0  96 1 3 1 2 4
512  174  199 0  90 1 3 1 2 4
513  470  592 0  31 1 3 1 2 4
514  693  633 0  21 1 3 1 2 4
515  352  815 0  58 1 3 1 2 4
516  864  118 0  35 1 3 1 2 4
517  454  682 0  51 1 3 1 2 4
518  591  859 0  48 1 3 1 2 4
519  114  908 0  28 1 3 1 2 4
520  904  777 0  56 1 3 1 2 4
521   47    3 0  60 1 3 1 2 4
522  144  908 0  12 1 3 1 2 4
523  291  343 0  65 1 3 1 2 4
524  217  742 0   9 1 3 1 2 4
525  788  373 0  18 1 3 1 2 4
526  775  720 0  37 1 3 1 2 4
527   13  254 0  73 1 3 1 2 4
528  771  520 0   1 1 3 1 2 4
529   46  751 0  38 1 3 1 2 4
530  717  265 0  15 1 3 1 2 4
531  318  272 0  31 1 3 1 2 4
532  722  284 0  42 1 3 1 2 4
533  342  225 0  23 1 3 1 2 4
534  122  511 0  68 1 3 1 2 4
535  482  513 0  94 1 3 1 2 4
536    4  645 0  92 1 3 1 2 4
537  542  564 0  66 1 3 1 2 4
538  691  375 0  73 1 3 1 2 4
539  165  156 0  61 1 3 1 2 4
540  959  487 0   9 1 3 1 2 4
541  844  460 0   1 1 3 1 2 4
542  969  364 0  77 1 3 1 2 4
543  219  571 0  10 1 3 1 2 4
544  720    7 0  57 1 3 1 2 4
545  668  836 0  36 1 3 1 2 4
546  485  898 0  55 1 3 1 2 4
547  640  841 0  74 1 3 1 2 4
548  305  356 0  41 1 3 1 2 4
549  196  682 0  45 1 3 1 2 4
550  949  882 0  33 1 3 1 2 4
551  237  955 0  80 1 3 1 2 4
552  964  616 0  52 1 3 1 2 4
553  210  681 0  66 1 3 1 2 4
554  662  800 0  22 1 3 1 2 4
555  828  128 0  75 1 3 1 2 4
556  967  259 0  87 1 3 1 2 4
557  240  348 0  55 1 3 1 2 4
558  372  571 0  75 1 3 1 2 4
559  163  693 0   7 1 3 1 2 4
560  448  671 0  94 1 3 1 2 4
561  472  942 0  75 1 3 1 2 4
562  718  482 0  84 1 3 1 2 4
563  289  736 0 100 1 3 1 2 4
564  471  600 0  88 1 3 1 2 4
565  444  155 0  43 1 3 1 2 4
566  411  444 0  53 1 3 1 2 4
567  951  158 0  99 1 3 1 2 4
568  302  771 0  92 1 3 1 2 4
569  975  365 0  50 1 3 1 2 4
570  893  762 0  77 1 3 1 2 4
571   84  499 0  28 1 3 1 2 4
572  406   44 0  57 1 3 1 2 4
573  221  514 0  86 1 3 1 2 4
574  265  910 0  81 1 3 1 2 4
575  189   36 0  48 1 3 1 2 4
576  701   11 0  35 1 3 1 2 4
577  848  179 0  15 1 3 1 2 4
578  380   50 0  96 1 3 1 2 4
579  192  911 0  48 1 3 1 2 4
580  623  463 0  99 1 3 1 2 4
581  470  267 0  60 1 3 1 2 4
582  124  138 0  76 1 3 1 2 4
583  330  631 0   5 1 3 1 2 4
584  442  845 0  94 1 3 1 2 4
585   62  862 0  54 1 3 1 2 4
586  951  199 0  60 1 3 1 2 4
587  920  126 0  72 1 3 1 2 4
588  552  624 0   3 1 3 1 2 4
589  335  856 0  63 1 3 1 2 4
590  970   65 0  41 1 3 1 2 4
591  695  977 0  62 1 3 1 2 4
592  692  641 0   3 1 3 1 2 4
593  752  101 0  17 1 3 1 2 4
594  912  286 0  67 1 3 1 2 4
595  690   23 0  47 1 3 1 2 4
596  722  113 0  71 1 3 1 2 4
597  436  297 0  10 1 3 1 2 4
598  207    1 0 100 1 3 1 2 4
599   98  907 0  44 1 3 1 2 4
600  416  295 0  70 1 3 1 2 4
601  762  117 0  80 1 3 1 2 4
602   16  765 0  99 1 3 1 2 4
603  189  248 0  90 1 3 1 2 4
604  144  672 0  70 1 3 1 2 4
605  772  690 0   4 1 3 1 2 4
606  679  680 0  22 1 3 1 2 4
607  233  403 0  60 1 3 1 2 4
608  130  371 0   5 1 3 1 2 4
609   68  139 0  52 1 3 1 2 4
610  961  332 0  69 1 3 1 2 4
611  216  819 0  47 1 3 1 2 4
612  787  470 0  95 1 3 1 2 4
613  151  877 0  32 1 3 1 2 4
614   25  675 0   1 1 3 1 2 4
615  270  136 0  16 1 3 1 2 4
616  535  639 0  55 1 3 1 2 4
617  256  289 0  30 1 3 1 2 4
618  304  763 0  22 1 3 1 2 4
619  393  427 0  77 1 3 1 2 4
620  851   75 0  75 1 3 1 2 4
621  830  953 0   3 1 3 1 2 4
622  973  449 0  90 1 3 1 2 4
623  773  500 0  57 1 3 1 2 4
624  975  457 0  12 1 3 1 2 4
625  170  905 0   2 1 3 1 2 4
626  763  378 0  91 1 3 1 2 4
627  914  325 0   2 1 3 1 2 4
628   41  467 0  39 1 3 1 2 4
629  756  432 0  21 1 3 1 2 4
630  963  289 0   3 1 3 1 2 4
631 1000  140 0  53 1 3 1 2 4
632  951  647 0   6 1 3 1 2 4
633  517   51 0  87 1 3 1 2 4
634  554  763 0  80 1 3 1 2 4
635   56  982 0  34 1 3 1 2 4
636  274  828 0  26 1 3 1 2 4
637  714  817 0  79 1 3 1 2 4
638  776  215 0  52 1 3 1 2 4
639  605  116 0  75 1 3 1 2 4
640  822  938 0  38 1 3 1 2 4
641  738  158 0  27 1 3 1 2 4
642  440  726 0  35 1 3 1 2 4
643  446   13 0  63 1 3 1 2 4
644  929  773 0  71 1 3 1 2 4
645  173  651 0  74 1 3 1 2 4
646  409  567 0  55 1 3 1 2 4
647  991  378 0  83 1 3 1 2 4
648  605  448 0  17 1 3 1 2 4
649  206  718 0  81 1 3 1 2 4
650  892  888 0  50 1 3 1 2 4
651  672  510 0  86 1 3 1 2 4
652  731   69 0  10 1 3 1 2 4
653  119   21 0  35 1 3 1 2 4
654  400  828 0  85 1 3 1 2 4
655  642  752 0  68 1 3 1 2 4
656  856  167 0  99 1 3 1 2 4
657   19  906 0  98 1 3 1 2 4
658  543  131 0   8 1 3 1 2 4
659  483  524 0  92 1 3 1 2 4
660  827  561 0  72 1 3 1 2 4
661   65  397 0  93 1 3 1 2 4
662  441  227 0  63 1 3 1 2 4
663  132  719 0  85 1 3 1 2 4
664  545  216 0  58 1 3 1 2 4
665  543  495 0  38 1 3 1 2 4
666  997  322 0  27 1 3 1 2 4
667   24  996 0  26 1 3 1 2 4
668  909  970 0  67 1 3 1 2 4
669  612  922 0  61 1 3 1 2 4
670  450  734 0  45 1 3 1 2 4
671  645  451 0  29 1 3 1 2 4
672  377  916 0  15 1 3 1 2 4
673  530  144 0  16 1 3 1 2 4
674  903  673 0  61 1 3 1 2 4
675  888  125 0  63 1 3 1 2 4
676  990  317 0  94 1 3 1 2 4
677  930  652 0  22 1 3 1 2 4
678  811  806 0   5 1 3 1 2 4
679  199  477 0  43 1 3 1 2 4
680  255  547 0  87 1 3 1 2 4
681  458   69 0   4 1 3 1 2 4
682  172  828 0   3 1 3 1 2 4
683   86  559 0  51 1 3 1 2 4
684  296  391 0  53 1 3 1 2 4
685  647  560 0  38 1 3 1 2 4
686  460  572 0  89 1 3 1 2 4
687  966  225 0  57 1 3 1 2 4
688  180  803 0  12 1 3 1 2 4
689  386  218 0  15 1 3 1 2 4
690  685  699 0  53 1 3 1 2 4
691  453  901 0  70 1 3 1 2 4
692  922   47 0  48 1 3 1 2 4
693  894  106 0  44 1 3 1 2 4
694  688  771 0  95 1 3 1 2 4
695  886  647 0  80 1 3 1 2 4
696  925  467 0  75 1 3 1 2 4
697  253  100 0  42 1 3 1 2 4
698  738   78 0  64 1 3 1 2 4
699  963   37 0  77 1 3 1 2 4
700  638  219 0  14 1 3 1 2 4
701  476  129 0  36 1 3 1 2 4
702  712  324 0  11 1 3 1 2 4
703  130  199 0  50 1 3 1 2 4
704  279  294 0  29 1 3 1 2 4
705  912  424 0  36 1 3 1 2 4
706  388  684 0  82 1 3 1 2 4
707  591  442 0  67 1 3 1 2 4
708  729  997 0  71 1 3 1 2 4
709  281  149 0  13 1 3 1 2 4
710  844   50 0  24 1 3 1 2 4
711  344    4 0  43 1 3 1 2 4
712  552  884 0  34 1 3 1 2 4
713  846  738 0  42 1 3 1 2 4
714  647  626 0  48 1 3 1 2 4
715  756  650 0  30 1 3 1 2 4
716  789  790 0  11 1 3 1 2 4
717  594  988 0  29 1 3 1 2 4
718  431  993 0   1 1 3 1 2 4
719  252   62 0  92 1 3 1 2 4
720  460  862 0  23 1 3 1 2 4
721  495  442 0  23 1 3 1 2 4
722  304  187 0  79 1 3 1 2 4
723  457  734 0  78 1 3 1 2 4
724  120  358 0  47 1 3 1 2 4
725  816  789 0  66 1 3 1 2 4
726   60  326 0   1 1 3 1 2 4
727   68  923 0  85 1 3 1 2 4
728   78  861 0  62 1 3 1 2 4
729  929  949 0  40 1 3 1 2 4
730  761  802 0  14 1 3 1 2 4
731  355  359 0  85 1 3 1 2 4
732  901   53 0  77 1 3 1 2 4
733  706  512 0  23 1 3 1 2 4
734  705  820 0   1 1 3 1 2 4
735  572  416 0  94 1 3 1 2 4
736  819  926 0  37 1 3 1 2 4
737  131  575 0  52 1 3 1 2 4
738  350  555 0  84 1 3 1 2 4
739  608    0 0   3 1 3 1 2 4
740   20  797 0  17 1 3 1 2 4
741  994  655 0  53 1 3 1 2 4
742  998  287 0  60 1 3 1 2 4
743   47  297 0  43 1 3 1 2 4
744  862  611 0  84 1 3 1 2 4
745   83  684 0  28 1 3 1 2 4
746  849  557 0  29 1 3 1 2 4
747  944  595 0  38 1 3 1 2 4
748  277  927 0  34 1 3 1 2 4
749  378  198 0  40 1 3 1 2 4
750   53  240 0  50 1 3 1 2 4
751   97  943 0  92 1 3 1 2 4
752  319  248 0  64 1 3 1 2 4
753  472  736 0  63 1 3 1 2 4
754  474   68 0  54 1 3 1 2 4
755  326  471 0  58 1 3 1 2 4
756  647  921 0  69 1 3 1 2 4
757  604  876 0  96 1 3 1 2 4
758  513  999 0  42 1 3 1 2 4
759  996  870 0  92 1 3 1 2 4
760  993  137 0   5 1 3 1 2 4
761  434  497 0  40 1 3 1 2 4
762  208  816 0   1 1 3 1 2 4
763  242   28 0  29 1 3 1 2 4
764   94  714 0  29 1 3 1 2 4
765  706  644 0  42 1 3 1 2 4
766  500  626 0  48 1 3 1 2 4
767  207  804 0   6 1 3 1 2 4
768  135  490 0  75 1 3 1 2 4
769  847  677 0  60 1 3 1 2 4
770  671  322 0  69 1 3 1 2 4
771  738  396 0  23 1 3 1 2 4
772  274  492 0   6 1 3 1 2 4
773  241  639 0  81 1 3 1 2 4
774  526  810 0  30 1 3 1 2 4
775  516  773 0  28 1 3 1 2 4
776  180  705 0  49 1 3 1 2 4
777  545  856 0  91 1 3 1 2 4
778  198   95 0  64 1 3 1 2 4
779   86  271 0  11 1 3 1 2 4
780  773  825 0  97 1 3 1 2 4
781  648  301 0  45 1 3 1 2 4
782  884   24 0  14 1 3 1 2 4
783  283  733 0  76 1 3 1 2 4
784  548  665 0  95 1 3 1 2 4
785  931  678 0  70 1 3 1 2 4
786  804  203 0  42 1 3 1 2 4
787  331  290 0  97 1 3 1 2 4
788  542  552 0  16 1 3 1 2 4
789  681  179 0  20 1 3 1 2 4
790  103  748 0  46 1 3 1 2 4
791  284   79 0  38 1 3 1 2 4
792  883  359 0  52 1 3 1 2 4
793  254  311 0 100 1 3 1 2 4
794  800  721 0  99 1 3 1 2 4
795  524  761 0   1 1 3 1 2 4
796  634  435 0  46 1 3 1 2 4
797  308  706 0   8 1 3 1 2 4
798  927  316 0  28 1 3 1 2 4
799  203  540 0  78 1 3 1 2 4
800  141  983 0  96 1 3 1 2 4
801  569  994 0  31 1 3 1 2 4
802  172  640 0  14 1 3 1 2 4
803  675  177 0  35 1 3 1 2 4
804  504  166 0  67 1 3 1 2 4
805  360  866 0  18 1 3 1 2 4
806   11  731 0   4 1 3 1 2 4
807  528  626 0  51 1 3 1 2 4
808  665  980 0  50 1 3 1 2 4
809  943   74 0  40 1 3 1 2 4
810  496  330 0  71 1 3 1 2 4
811  200  357 0  85 1 3 1 2 4
812  394   21 0  42 1 3 1 2 4
813  558  359 0  97 1 3 1 2 4
814  501  643 0  20 1 3 1 2 4
815  953  677 0  93 1 3 1 2 4
816   50  541 0  23 1 3 1 2 4
817   79  448 0   0 0 0
818  171  368 0   0 0 0
819  376  236 0   0 0 0
