2 124 817 6
0 247
0 247
0 247
0 247
0 247
0 247
  1  936  938 0  70 1 6 1 2 4 8 16 32
  2  733  565 0  44 1 6 1 2 4 8 16 32
  3  512  895 0  80 1 6 1 2 4 8 16 32
  4  345  811 0 100 1 6 1 2 4 8 16 32
  5  527  751 0  71 1 6 1 2 4 8 16 32
  6  454  934 0  84 1 6 1 2 4 8 16 32
  7  394  338 0  65 1 6 1 2 4 8 16 32
  8  108  406 0  41 1 6 1 2 4 8 16 32
  9  121  531 0  16 1 6 1 2 4 8 16 32
 10  673  319 0   2 1 6 1 2 4 8 16 32
 11  581  784 0  14 1 6 1 2 4 8 16 32
 12   12  965 0 100 1 6 1 2 4 8 16 32
 13  438  959 0   4 1 6 1 2 4 8 16 32
 14  323  248 0  47 1 6 1 2 4 8 16 32
 15  559  465 0  64 1 6 1 2 4 8 16 32
 16  621  321 0  19 1 6 1 2 4 8 16 32
 17  746  698 0  30 1 6 1 2 4 8 16 32
 18  263  366 0   7 1 6 1 2 4 8 16 32
 19  612  864 0  66 1 6 1 2 4 8 16 32
 20  201  697 0  67 1 6 1 2 4 8 16 32
 21  594  290 0  61 1 6 1 2 4 8 16 32
 22  267  697 0  48 1 6 1 2 4 8 16 32
 23   50  104 0  71 1 6 1 2 4 8 16 32
 24  978  853 0  95 1 6 1 2 4 8 16 32
 25  153  535 0  75 1 6 1 2 4 8 16 32
 26  177  195 0  87 1 6 1 2 4 8 16 32
 27  603  798 0  58 1 6 1 2 4 8 16 32
 28  187  808 0  50 1 6 1 2 4 8 16 32
 29  538   63 0  63 1 6 1 2 4 8 16 32
 30  972  114 0  71 1 6 1 2 4 8 16 32
 31  163  940 0  61 1 6 1 2 4 8 16 32
 32  758  125 0  26 1 6 1 2 4 8 16 32
 33  308  728 0  18 1 6 1 2 4 8 16 32
 34  317  138 0   5 1 6 1 2 4 8 16 32
 35    7  562 0  99 1 6 1 2 4 8 16 32
 36  163   57 0   4 1 6 1 2 4 8 16 32
 37  579  837 0  26 1 6 1 2 4 8 16 32
 38   15  782 0  73 1 6 1 2 4 8 16 32
 39  188  122 0  71 1 6 1 2 4 8 16 32
 40  261    2 0  68 1 6 1 2 4 8 16 32
 41  225   74 0  93 1 6 1 2 4 8 16 32
 42  588  531 0  29 1 6 1 2 4 8 16 32
 43  441  369 0  65 1 6 1 2 4 8 16 32
 44  766  711 0  85 1 6 1 2 4 8 16 32
 45  443  640 0  60 1 6 1 2 4 8 16 32
 46  238   41 0  13 1 6 1 2 4 8 16 32
 47  693  352 0  46 1 6 1 2 4 8 16 32
 48  332  859 0  25 1 6 1 2 4 8 16 32
 49  538  538 0  30 1 6 1 2 4 8 16 32
 50  116  821 0   3 1 6 1 2 4 8 16 32
 51  892   59 0  61 1 6 1 2 4 8 16 32
 52  422  791 0  82 1 6 1 2 4 8 16 32
 53  820  880 0  52 1 6 1 2 4 8 16 32
 54    4  910 0  14 1 6 1 2 4 8 16 32
 55  273  245 0  65 1 6 1 2 4 8 16 32
 56  545   70 0  41 1 6 1 2 4 8 16 32
 57   43  395 0  61 1 6 1 2 4 8 16 32
 58   92  626 0  39 1 6 1 2 4 8 16 32
 59  871  436 0  13 1 6 1 2 4 8 16 32
 60  957  385 0  51 1 6 1 2 4 8 16 32
 61  941  227 0   3 1 6 1 2 4 8 16 32
 62  167  665 0   4 1 6 1 2 4 8 16 32
 63  260  502 0  71 1 6 1 2 4 8 16 32
 64  129   76 0  13 1 6 1 2 4 8 16 32
 65  946  813 0  84 1 6 1 2 4 8 16 32
 66   71  259 0  54 1 6 1 2 4 8 16 32
 67  279    5 0  79 1 6 1 2 4 8 16 32
 68  344   28 0  41 1 6 1 2 4 8 16 32
 69  886   47 0  35 1 6 1 2 4 8 16 32
 70  272  175 0  35 1 6 1 2 4 8 16 32
 71  938  202 0  42 1 6 1 2 4 8 16 32
 72  834  503 0  52 1 6 1 2 4 8 16 32
 73  868  322 0  65 1 6 1 2 4 8 16 32
 74  878  764 0  23 1 6 1 2 4 8 16 32
 75  224  628 0  22 1 6 1 2 4 8 16 32
 76  632  576 0  90 1 6 1 2 4 8 16 32
 77  772  214 0   3 1 6 1 2 4 8 16 32
 78  105  253 0  55 1 6 1 2 4 8 16 32
 79  872   93 0  47 1 6 1 2 4 8 16 32
 80  952  137 0  65 1 6 1 2 4 8 16 32
 81  515  379 0  24 1 6 1 2 4 8 16 32
 82  646  223 0  15 1 6 1 2 4 8 16 32
 83  432  668 0  50 1 6 1 2 4 8 16 32
 84  432  254 0  50 1 6 1 2 4 8 16 32
 85  502  917 0  88 1 6 1 2 4 8 16 32
 86  688  913 0  67 1 6 1 2 4 8 16 32
 87  294  457 0  19 1 6 1 2 4 8 16 32
 88  257  863 0  52 1 6 1 2 4 8 16 32
 89  828  633 0  79 1 6 1 2 4 8 16 32
 90  442  998 0  20 1 6 1 2 4 8 16 32
 91  641   32 0  32 1 6 1 2 4 8 16 32
 92  803    3 0  70 1 6 1 2 4 8 16 32
 93  482  614 0  93 1 6 1 2 4 8 16 32
 94  195  159 0  25 1 6 1 2 4 8 16 32
 95  116  195 0  46 1 6 1 2 4 8 16 32
 96  249  485 0  38 1 6 1 2 4 8 16 32
 97  419  562 0  45 1 6 1 2 4 8 16 32
 98  406  140 0  48 1 6 1 2 4 8 16 32
 99  734  997 0  16 1 6 1 2 4 8 16 32
100  314  230 0  65 1 6 1 2 4 8 16 32
101  227  844 0  50 1 6 1 2 4 8 16 32
102  805  339 0  25 1 6 1 2 4 8 16 32
103  546  409 0  19 1 6 1 2 4 8 16 32
104   64  558 0   3 1 6 1 2 4 8 16 32
105  908  108 0   7 1 6 1 2 4 8 16 32
106  803  225 0  30 1 6 1 2 4 8 16 32
107  860  949 0  30 1 6 1 2 4 8 16 32
108  198  871 0  88 1 6 1 2 4 8 16 32
109  369  282 0  49 1 6 1 2 4 8 16 32
110    4  552 0  56 1 6 1 2 4 8 16 32
111  747  545 0  65 1 6 1 2 4 8 16 32
112  248  834 0  21 1 6 1 2 4 8 16 32
113  446  362 0  89 1 6 1 2 4 8 16 32
114   48  518 0  47 1 6 1 2 4 8 16 32
115  824  940 0  41 1 6 1 2 4 8 16 32
116  630  129 0  92 1 6 1 2 4 8 16 32
117  945  403 0  98 1 6 1 2 4 8 16 32
118   37    8 0  74 1 6 1 2 4 8 16 32
119  941  757 0  50 1 6 1 2 4 8 16 32
120  734  174 0  39 1 6 1 2 4 8 16 32
121  637  666 0  20 1 6 1 2 4 8 16 32
122  280   87 0  95 1 6 1 2 4 8 16 32
123  300  736 0  26 1 6 1 2 4 8 16 32
124  160  686 0   7 1 6 1 2 4 8 16 32
125  673  781 0  24 1 6 1 2 4 8 16 32
126  223  581 0  30 1 6 1 2 4 8 16 32
127  817  824 0  48 1 6 1 2 4 8 16 32
128  800  608 0  63 1 6 1 2 4 8 16 32
129  917  146 0  31 1 6 1 2 4 8 16 32
130  305  668 0  96 1 6 1 2 4 8 16 32
131  522  407 0  67 1 6 1 2 4 8 16 32
132   75  647 0  57 1 6 1 2 4 8 16 32
133   19  656 0  50 1 6 1 2 4 8 16 32
134  700  719 0  26 1 6 1 2 4 8 16 32
135  169   88 0  88 1 6 1 2 4 8 16 32
136  466  760 0  68 1 6 1 2 4 8 16 32
137   35  854 0  75 1 6 1 2 4 8 16 32
138  812  475 0  17 1 6 1 2 4 8 16 32
139  292  298 0  92 1 6 1 2 4 8 16 32
140  581  364 0  35 1 6 1 2 4 8 16 32
141  961  936 0  80 1 6 1 2 4 8 16 32
142  262   19 0  24 1 6 1 2 4 8 16 32
143  176  893 0  70 1 6 1 2 4 8 16 32
144  586  422 0  34 1 6 1 2 4 8 16 32
145  130  368 0  46 1 6 1 2 4 8 16 32
146  475  550 0  96 1 6 1 2 4 8 16 32
147  828  457 0  31 1 6 1 2 4 8 16 32
148  978  398 0  80 1 6 1 2 4 8 16 32
149  884  371 0  88 1 6 1 2 4 8 16 32
150  608  264 0  41 1 6 1 2 4 8 16 32
151  618  713 0  62 1 6 1 2 4 8 16 32
152  833  547 0  23 1 6 1 2 4 8 16 32
153   99   12 0  98 1 6 1 2 4 8 16 32
154  700  213 0  57 1 6 1 2 4 8 16 32
155  343   13 0  23 1 6 1 2 4 8 16 32
156  669  760 0  41 1 6 1 2 4 8 16 32
157  309  978 0   5 1 6 1 2 4 8 16 32
158  322  367 0  63 1 6 1 2 4 8 16 32
159  257  520 0  99 1 6 1 2 4 8 16 32
160   79  470 0  49 1 6 1 2 4 8 16 32
161  928  900 0  97 1 6 1 2 4 8 16 32
162  224   83 0  81 1 6 1 2 4 8 16 32
163  345   70 0  34 1 6 1 2 4 8 16 32
164  236  640 0  87 1 6 1 2 4 8 16 32
165  961  722 0  36 1 6 1 2 4 8 16 32
166  887  260 0  13 1 6 1 2 4 8 16 32
167  724  256 0  82 1 6 1 2 4 8 16 32
168  645  267 0  64 1 6 1 2 4 8 16 32
169  954   55 0  71 1 6 1 2 4 8 16 32
170  722   41 0  45 1 6 1 2 4 8 16 32
171  459  656 0  88 1 6 1 2 4 8 16 32
172  837  461 0  33 1 6 1 2 4 8 16 32
173  340  713 0  42 1 6 1 2 4 8 16 32
174  942  424 0  34 1 6 1 2 4 8 16 32
175  445  393 0  32 1 6 1 2 4 8 16 32
176   78   73 0   8 1 6 1 2 4 8 16 32
177  189  658 0  60 1 6 1 2 4 8 16 32
178   54  948 0  21 1 6 1 2 4 8 16 32
179  663  498 0  78 1 6 1 2 4 8 16 32
180  476  619 0  37 1 6 1 2 4 8 16 32
181  595  844 0  85 1 6 1 2 4 8 16 32
182   46  988 0  64 1 6 1 2 4 8 16 32
183  521  678 0  81 1 6 1 2 4 8 16 32
184  364  377 0  92 1 6 1 2 4 8 16 32
185  769  450 0  62 1 6 1 2 4 8 16 32
186  754  489 0  82 1 6 1 2 4 8 16 32
187  942  693 0  44 1 6 1 2 4 8 16 32
188  715  965 0  51 1 6 1 2 4 8 16 32
189  276   90 0  94 1 6 1 2 4 8 16 32
190  456  413 0  55 1 6 1 2 4 8 16 32
191  615  665 0  64 1 6 1 2 4 8 16 32
192  733  819 0  54 1 6 1 2 4 8 16 32
193  974  494 0  42 1 6 1 2 4 8 16 32
194  300  755 0  22 1 6 1 2 4 8 16 32
195  663  827 0   2 1 6 1 2 4 8 16 32
196  557  571 0  44 1 6 1 2 4 8 16 32
197  411  226 0  14 1 6 1 2 4 8 16 32
198  464  412 0  28 1 6 1 2 4 8 16 32
199  881   25 0  47 1 6 1 2 4 8 16 32
200  215  448 0  75 1 6 1 2 4 8 16 32
201  728   70 0  46 1 6 1 2 4 8 16 32
202  258  716 0  38 1 6 1 2 4 8 16 32
203   79  363 0  11 1 6 1 2 4 8 16 32
204  528  938 0  52 1 6 1 2 4 8 16 32
205  739   89 0  87 1 6 1 2 4 8 16 32
206  586  276 0  24 1 6 1 2 4 8 16 32
207  166  634 0  34 1 6 1 2 4 8 16 32
208  914  891 0  10 1 6 1 2 4 8 16 32
209  898  595 0  64 1 6 1 2 4 8 16 32
210  104  938 0  46 1 6 1 2 4 8 16 32
211  973   90 0  90 1 6 1 2 4 8 16 32
212   70  758 0  35 1 6 1 2 4 8 16 32
213  811  581 0  92 1 6 1 2 4 8 16 32
214  670  133 0  36 1 6 1 2 4 8 16 32
215  172  606 0  62 1 6 1 2 4 8 16 32
216  206  573 0  86 1 6 1 2 4 8 16 32
217  229  610 0  73 1 6 1 2 4 8 16 32
218  338  939 0  48 1 6 1 2 4 8 16 32
219  170  818 0  56 1 6 1 2 4 8 16 32
220  878  985 0  77 1 6 1 2 4 8 16 32
221  188  554 0   6 1 6 1 2 4 8 16 32
222  428  979 0  26 1 6 1 2 4 8 16 32
223  383  523 0  80 1 6 1 2 4 8 16 32
224  606  479 0  41 1 6 1 2 4 8 16 32
225  388  734 0  78 1 6 1 2 4 8 16 32
226  891  352 0  12 1 6 1 2 4 8 16 32
227  694  302 0   8 1 6 1 2 4 8 16 32
228  221  840 0  93 1 6 1 2 4 8 16 32
229  856   83 0  21 1 6 1 2 4 8 16 32
230  345  556 0  94 1 6 1 2 4 8 16 32
231  981   12 0  84 1 6 1 2 4 8 16 32
232  403  618 0  55 1 6 1 2 4 8 16 32
233  402  508 0  80 1 6 1 2 4 8 16 32
234  960  135 0  10 1 6 1 2 4 8 16 32
235  149  210 0  48 1 6 1 2 4 8 16 32
236  145  374 0  28 1 6 1 2 4 8 16 32
237  250  457 0  77 1 6 1 2 4 8 16 32
238  506  426 0  68 1 6 1 2 4 8 16 32
239  484  710 0  15 1 6 1 2 4 8 16 32
240   57  759 0  47 1 6 1 2 4 8 16 32
241  362  854 0  91 1 6 1 2 4 8 16 32
242  520  251 0  70 1 6 1 2 4 8 16 32
243  725  495 0  41 1 6 1 2 4 8 16 32
244  702  265 0  69 1 6 1 2 4 8 16 32
245  687  656 0  45 1 6 1 2 4 8 16 32
246  262  474 0  63 1 6 1 2 4 8 16 32
247  231  907 0  54 1 6 1 2 4 8 16 32
248  722  344 0  19 1 6 1 2 4 8 16 32
249  901  878 0  38 1 6 1 2 4 8 16 32
250  644  467 0  54 1 6 1 2 4 8 16 32
251  623  767 0   9 1 6 1 2 4 8 16 32
252  210  228 0  11 1 6 1 2 4 8 16 32
253  771  929 0  38 1 6 1 2 4 8 16 32
254  460  320 0  24 1 6 1 2 4 8 16 32
255  443  154 0  45 1 6 1 2 4 8 16 32
256  678  311 0  33 1 6 1 2 4 8 16 32
257  674  948 0  35 1 6 1 2 4 8 16 32
258  174  537 0  76 1 6 1 2 4 8 16 32
259   57   89 0  49 1 6 1 2 4 8 16 32
260  773  254 0  83 1 6 1 2 4 8 16 32
261  312  781 0  60 1 6 1 2 4 8 16 32
262  284  571 0  62 1 6 1 2 4 8 16 32
263  143  761 0  32 1 6 1 2 4 8 16 32
264  866  861 0  53 1 6 1 2 4 8 16 32
265  447  873 0  27 1 6 1 2 4 8 16 32
266  159  526 0   1 1 6 1 2 4 8 16 32
267  949  802 0  46 1 6 1 2 4 8 16 32
268  468  284 0  64 1 6 1 2 4 8 16 32
269  278  906 0  83 1 6 1 2 4 8 16 32
270  800  857 0  48 1 6 1 2 4 8 16 32
271  722  483 0  84 1 6 1 2 4 8 16 32
272  904  473 0  36 1 6 1 2 4 8 16 32
273  187  818 0  80 1 6 1 2 4 8 16 32
274  774   84 0  81 1 6 1 2 4 8 16 32
275  523  964 0  31 1 6 1 2 4 8 16 32
276  438  584 0  94 1 6 1 2 4 8 16 32
277   82  309 0  96 1 6 1 2 4 8 16 32
278  585  844 0  14 1 6 1 2 4 8 16 32
279  878  467 0  74 1 6 1 2 4 8 16 32
280  820  923 0  47 1 6 1 2 4 8 16 32
281  238  375 0  53 1 6 1 2 4 8 16 32
282  664  297 0   2 1 6 1 2 4 8 16 32
283  661  450 0  52 1 6 1 2 4 8 16 32
284  671  172 0  16 1 6 1 2 4 8 16 32
285  296  760 0  58 1 6 1 2 4 8 16 32
286  328  507 0  43 1 6 1 2 4 8 16 32
287   95  321 0   8 1 6 1 2 4 8 16 32
288  190  260 0   4 1 6 1 2 4 8 16 32
289  603  616 0  51 1 6 1 2 4 8 16 32
290  890  286 0  88 1 6 1 2 4 8 16 32
291  282  235 0  48 1 6 1 2 4 8 16 32
292  142  666 0   5 1 6 1 2 4 8 16 32
293  817  287 0  29 1 6 1 2 4 8 16 32
294   15  928 0  61 1 6 1 2 4 8 16 32
295  602  579 0  80 1 6 1 2 4 8 16 32
296  488  949 0  95 1 6 1 2 4 8 16 32
297  719  471 0  95 1 6 1 2 4 8 16 32
298  811  510 0  24 1 6 1 2 4 8 16 32
299  738    9 0  90 1 6 1 2 4 8 16 32
300  979  217 0  71 1 6 1 2 4 8 16 32
301  870  743 0  24 1 6 1 2 4 8 16 32
302  670  752 0   4 1 6 1 2 4 8 16 32
303  824   66 0  58 1 6 1 2 4 8 16 32
304  987  957 0   6 1 6 1 2 4 8 16 32
305  789  991 0  73 1 6 1 2 4 8 16 32
306  829  812 0 100 1 6 1 2 4 8 16 32
307  360    3 0  20 1 6 1 2 4 8 16 32
308  768  284 0  78 1 6 1 2 4 8 16 32
309  780  797 0  33 1 6 1 2 4 8 16 32
310  967  908 0  28 1 6 1 2 4 8 16 32
311  947   35 0  93 1 6 1 2 4 8 16 32
312  600  282 0  37 1 6 1 2 4 8 16 32
313  409  140 0  19 1 6 1 2 4 8 16 32
314  549   93 0  98 1 6 1 2 4 8 16 32
315  744  530 0  75 1 6 1 2 4 8 16 32
316  892  972 0  92 1 6 1 2 4 8 16 32
317  247  649 0  43 1 6 1 2 4 8 16 32
318  482  217 0  76 1 6 1 2 4 8 16 32
319  273  827 0   8 1 6 1 2 4 8 16 32
320  894  355 0  16 1 6 1 2 4 8 16 32
321  615  585 0  42 1 6 1 2 4 8 16 32
322  682    1 0  90 1 6 1 2 4 8 16 32
323  796  189 0  85 1 6 1 2 4 8 16 32
324  280  375 0  56 1 6 1 2 4 8 16 32
325  499  528 0  30 1 6 1 2 4 8 16 32
326  475  757 0  55 1 6 1 2 4 8 16 32
327  335  114 0   2 1 6 1 2 4 8 16 32
328   81  856 0  31 1 6 1 2 4 8 16 32
329  145  224 0  74 1 6 1 2 4 8 16 32
330  625  890 0  10 1 6 1 2 4 8 16 32
331  821  552 0  49 1 6 1 2 4 8 16 32
332  485  629 0  74 1 6 1 2 4 8 16 32
333   80    7 0  10 1 6 1 2 4 8 16 32
334  555  118 0  61 1 6 1 2 4 8 16 32
335  613  534 0  40 1 6 1 2 4 8 16 32
336  607  769 0  82 1 6 1 2 4 8 16 32
337  745  688 0  57 1 6 1 2 4 8 16 32
338  756  877 0  67 1 6 1 2 4 8 16 32
339  941  858 0  63 1 6 1 2 4 8 16 32
340   97  145 0  14 1 6 1 2 4 8 16 32
341  871  880 0   7 1 6 1 2 4 8 16 32
342  779  755 0  42 1 6 1 2 4 8 16 32
343  783  319 0  37 1 6 1 2 4 8 16 32
344  181  885 0  88 1 6 1 2 4 8 16 32
345  882   44 0  61 1 6 1 2 4 8 16 32
346  381  651 0  20 1 6 1 2 4 8 16 32
347   78  748 0  53 1 6 1 2 4 8 16 32
348  286  929 0  93 1 6 1 2 4 8 16 32
349  796  842 0  58 1 6 1 2 4 8 16 32
350  580  927 0  10 1 6 1 2 4 8 16 32
351  663  709 0   8 1 6 1 2 4 8 16 32
352  179  730 0  67 1 6 1 2 4 8 16 32
353  906   19 0  22 1 6 1 2 4 8 16 32
354  952  853 0  98 1 6 1 2 4 8 16 32
355  363  838 0  16 1 6 1 2 4 8 16 32
356  978   13 0  93 1 6 1 2 4 8 16 32
357  584  747 0  29 1 6 1 2 4 8 16 32
358   91  721 0  34 1 6 1 2 4 8 16 32
359  236  171 0  17 1 6 1 2 4 8 16 32
360  595  474 0  17 1 6 1 2 4 8 16 32
361  283  898 0  82 1 6 1 2 4 8 16 32
362  623  991 0  47 1 6 1 2 4 8 16 32
363  598  996 0  55 1 6 1 2 4 8 16 32
364  549  707 0  49 1 6 1 2 4 8 16 32
365  160  274 0  32 1 6 1 2 4 8 16 32
366  674  343 0   7 1 6 1 2 4 8 16 32
367  729  907 0  31 1 6 1 2 4 8 16 32
368  159  122 0   1 1 6 1 2 4 8 16 32
369  866  841 0  16 1 6 1 2 4 8 16 32
370  803  503 0  74 1 6 1 2 4 8 16 32
371   95  396 0  43 1 6 1 2 4 8 16 32
372  413  982 0  76 1 6 1 2 4 8 16 32
373  435   81 0  18 1 6 1 2 4 8 16 32
374  545  374 0  19 1 6 1 2 4 8 16 32
375  997  424 0  24 1 6 1 2 4 8 16 32
376  213  698 0  54 1 6 1 2 4 8 16 32
377  521  719 0  14 1 6 1 2 4 8 16 32
378  129  475 0  99 1 6 1 2 4 8 16 32
379  958  404 0  47 1 6 1 2 4 8 16 32
380  550  675 0  58 1 6 1 2 4 8 16 32
381  430  563 0  82 1 6 1 2 4 8 16 32
382  620  692 0  49 1 6 1 2 4 8 16 32
383  141  867 0  77 1 6 1 2 4 8 16 32
384  895  435 0  39 1 6 1 2 4 8 16 32
385  720  244 0  45 1 6 1 2 4 8 16 32
386  604  714 0  17 1 6 1 2 4 8 16 32
387  255  326 0   2 1 6 1 2 4 8 16 32
388  479  820 0   9 1 6 1 2 4 8 16 32
389  506  538 0  40 1 6 1 2 4 8 16 32
390  687   76 0  61 1 6 1 2 4 8 16 32
391  121  395 0  80 1 6 1 2 4 8 16 32
392  115  738 0  31 1 6 1 2 4 8 16 32
393  648   78 0  15 1 6 1 2 4 8 16 32
394  806  525 0  77 1 6 1 2 4 8 16 32
395  900  726 0  98 1 6 1 2 4 8 16 32
396  579  395 0  98 1 6 1 2 4 8 16 32
397   10  693 0  76 1 6 1 2 4 8 16 32
398  561  964 0  78 1 6 1 2 4 8 16 32
399  591  282 0  85 1 6 1 2 4 8 16 32
400  624  804 0  19 1 6 1 2 4 8 16 32
401  808  961 0  49 1 6 1 2 4 8 16 32
402  858  765 0  97 1 6 1 2 4 8 16 32
403   22  716 0  88 1 6 1 2 4 8 16 32
404  544  456 0  55 1 6 1 2 4 8 16 32
405  851  371 0   5 1 6 1 2 4 8 16 32
406  600  402 0  58 1 6 1 2 4 8 16 32
407  486  823 0  35 1 6 1 2 4 8 16 32
408  762  594 0   4 1 6 1 2 4 8 16 32
409  501  728 0  19 1 6 1 2 4 8 16 32
410   33   70 0 100 1 6 1 2 4 8 16 32
411  498  104 0   9 1 6 1 2 4 8 16 32
412  194   76 0  50 1 6 1 2 4 8 16 32
413  172  445 0  39 1 6 1 2 4 8 16 32
414  405  788 0  46 1 6 1 2 4 8 16 32
415  329  580 0  43 1 6 1 2 4 8 16 32
416   63  558 0  39 1 6 1 2 4 8 16 32
417  469  329 0  51 1 6 1 2 4 8 16 32
418  700  593 0   1 1 6 1 2 4 8 16 32
419  248  347 0  28 1 6 1 2 4 8 16 32
420  106  686 0  31 1 6 1 2 4 8 16 32
421  444  960 0  34 1 6 1 2 4 8 16 32
422  427  547 0  23 1 6 1 2 4 8 16 32
423  140   43 0  87 1 6 1 2 4 8 16 32
424  321   29 0  19 1 6 1 2 4 8 16 32
425  761  447 0  22 1 6 1 2 4 8 16 32
426  115  301 0  32 1 6 1 2 4 8 16 32
427  407  826 0  22 1 6 1 2 4 8 16 32
428  749  489 0  23 1 6 1 2 4 8 16 32
429  224  343 0  22 1 6 1 2 4 8 16 32
430  538  992 0  80 1 6 1 2 4 8 16 32
431  896  395 0  88 1 6 1 2 4 8 16 32
432   56  304 0  45 1 6 1 2 4 8 16 32
433  973  836 0  83 1 6 1 2 4 8 16 32
434   19  511 0  87 1 6 1 2 4 8 16 32
435  224  836 0  12 1 6 1 2 4 8 16 32
436   79  922 0  54 1 6 1 2 4 8 16 32
437  305  150 0  91 1 6 1 2 4 8 16 32
438  904  597 0  52 1 6 1 2 4 8 16 32
439   15  443 0  31 1 6 1 2 4 8 16 32
440  312  182 0  57 1 6 1 2 4 8 16 32
441  252  567 0  20 1 6 1 2 4 8 16 32
442  212  729 0   1 1 6 1 2 4 8 16 32
443  491  360 0  80 1 6 1 2 4 8 16 32
444  692  396 0  79 1 6 1 2 4 8 16 32
445  424  507 0   1 1 6 1 2 4 8 16 32
446  170  490 0  96 1 6 1 2 4 8 16 32
447  826   69 0   5 1 6 1 2 4 8 16 32
448   49  790 0  62 1 6 1 2 4 8 16 32
449  892   78 0  85 1 6 1 2 4 8 16 32
450  358    8 0  43 1 6 1 2 4 8 16 32
451  261   53 0  99 1 6 1 2 4 8 16 32
452  934  518 0  23 1 6 1 2 4 8 16 32
453  655  133 0   4 1 6 1 2 4 8 16 32
454  390   93 0  44 1 6 1 2 4 8 16 32
455  344  736 0  15 1 6 1 2 4 8 16 32
456  396  437 0   1 1 6 1 2 4 8 16 32
457  599  321 0  28 1 6 1 2 4 8 16 32
458  878  290 0  48 1 6 1 2 4 8 16 32
459  972  900 0  56 1 6 1 2 4 8 16 32
460  236  718 0  39 1 6 1 2 4 8 16 32
461  469  261 0   5 1 6 1 2 4 8 16 32
462    5  442 0  75 1 6 1 2 4 8 16 32
463  585  281 0  28 1 6 1 2 4 8 16 32
464  320  126 0  91 1 6 1 2 4 8 16 32
465  148  103 0  22 1 6 1 2 4 8 16 32
466  705  121 0  88 1 6 1 2 4 8 16 32
467 1000  100 0  46 1 6 1 2 4 8 16 32
468  621  894 0  12 1 6 1 2 4 8 16 32
469  895  582 0  41 1 6 1 2 4 8 16 32
470   43  655 0  83 1 6 1 2 4 8 16 32
471  410  427 0  35 1 6 1 2 4 8 16 32
472   20  975 0  71 1 6 1 2 4 8 16 32
473  104  845 0  54 1 6 1 2 4 8 16 32
474  383  999 0  47 1 6 1 2 4 8 16 32
475  495  168 0  27 1 6 1 2 4 8 16 32
476   82  803 0   1 1 6 1 2 4 8 16 32
477  894  774 0  48 1 6 1 2 4 8 16 32
478  261  721 0  97 1 6 1 2 4 8 16 32
479  837  765 0  73 1 6 1 2 4 8 16 32
480   57  205 0  33 1 6 1 2 4 8 16 32
481  781  918 0  32 1 6 1 2 4 8 16 32
482  438  969 0  82 1 6 1 2 4 8 16 32
483  205  496 0  62 1 6 1 2 4 8 16 32
484  971   19 0  19 1 6 1 2 4 8 16 32
485  271  699 0  15 1 6 1 2 4 8 16 32
486  956   38 0  53 1 6 1 2 4 8 16 32
487  256  923 0  62 1 6 1 2 4 8 16 32
488   93  259 0  31 1 6 1 2 4 8 16 32
489  590    5 0  12 1 6 1 2 4 8 16 32
490  620  411 0  38 1 6 1 2 4 8 16 32
491  673  877 0  54 1 6 1 2 4 8 16 32
492  214  147 0  29 1 6 1 2 4 8 16 32
493  485  908 0  54 1 6 1 2 4 8 16 32
494  536  537 0  19 1 6 1 2 4 8 16 32
495  623  385 0  47 1 6 1 2 4 8 16 32
496  989  883 0  55 1 6 1 2 4 8 16 32
497  198  896 0 100 1 6 1 2 4 8 16 32
498  816   56 0  58 1 6 1 2 4 8 16 32
499  438  167 0  69 1 6 1 2 4 8 16 32
500  927  351 0  51 1 6 1 2 4 8 16 32
501  649  758 0  58 1 6 1 2 4 8 16 32
502  280  794 0  66 1 6 1 2 4 8 16 32
503  147  721 0  52 1 6 1 2 4 8 16 32
504  139  148 0  89 1 6 1 2 4 8 16 32
505  653  599 0  56 1 6 1 2 4 8 16 32
506   77  534 0  37 1 6 1 2 4 8 16 32
507  205   69 0  38 1 6 1 2 4 8 16 32
508  736  221 0  97 1 6 1 2 4 8 16 32
509  629  923 0  33 1 6 1 2 4 8 16 32
510  160   15 0   3 1 6 1 2 4 8 16 32
511  466  575 0  15 1 6 1 2 4 8 16 32
512  976  188 0  21 1 6 1 2 4 8 16 32
513   19  627 0  95 1 6 1 2 4 8 16 32
514   41  327 0  91 1 6 1 2 4 8 16 32
515    5  908 0  85 1 6 1 2 4 8 16 32
516  898  296 0  94 1 6 1 2 4 8 16 32
517  703  390 0  98 1 6 1 2 4 8 16 32
518  414  901 0   6 1 6 1 2 4 8 16 32
519  257  936 0  70 1 6 1 2 4 8 16 32
520  768  766 0   2 1 6 1 2 4 8 16 32
521  115  659 0  37 1 6 1 2 4 8 16 32
522  420  339 0  43 1 6 1 2 4 8 16 32
523  147  433 0  86 1 6 1 2 4 8 16 32
524  502  636 0  17 1 6 1 2 4 8 16 32
525  589  599 0  46 1 6 1 2 4 8 16 32
526  653  949 0   6 1 6 1 2 4 8 16 32
527  883   70 0  97 1 6 1 2 4 8 16 32
528  692  835 0  49 1 6 1 2 4 8 16 32
529  101   73 0  41 1 6 1 2 4 8 16 32
530  530  156 0  88 1 6 1 2 4 8 16 32
531  869  879 0  55 1 6 1 2 4 8 16 32
532  585   60 0  23 1 6 1 2 4 8 16 32
533  630   72 0  43 1 6 1 2 4 8 16 32
534  155  940 0   8 1 6 1 2 4 8 16 32
535  529  302 0  94 1 6 1 2 4 8 16 32
536  393  961 0  43 1 6 1 2 4 8 16 32
537  275   15 0   3 1 6 1 2 4 8 16 32
538  387  469 0  60 1 6 1 2 4 8 16 32
539  292  665 0  83 1 6 1 2 4 8 16 32
540  224  928 0  41 1 6 1 2 4 8 16 32
541  994   37 0  70 1 6 1 2 4 8 16 32
542  672  887 0  11 1 6 1 2 4 8 16 32
543  195  101 0  87 1 6 1 2 4 8 16 32
544  585  234 0  86 1 6 1 2 4 8 16 32
545  272  546 0  50 1 6 1 2 4 8 16 32
546  977  538 0  54 1 6 1 2 4 8 16 32
547  667  271 0  93 1 6 1 2 4 8 16 32
548  343    6 0  34 1 6 1 2 4 8 16 32
549  225  593 0  76 1 6 1 2 4 8 16 32
550  263  460 0  68 1 6 1 2 4 8 16 32
551  429  251 0  74 1 6 1 2 4 8 16 32
552  434  979 0  54 1 6 1 2 4 8 16 32
553  399  966 0  88 1 6 1 2 4 8 16 32
554  360  932 0  14 1 6 1 2 4 8 16 32
555  565  981 0  80 1 6 1 2 4 8 16 32
556  866  782 0  96 1 6 1 2 4 8 16 32
557  795  660 0  29 1 6 1 2 4 8 16 32
558  122  524 0  29 1 6 1 2 4 8 16 32
559  807  299 0  27 1 6 1 2 4 8 16 32
560  742   38 0  98 1 6 1 2 4 8 16 32
561  292   15 0   7 1 6 1 2 4 8 16 32
562   95  506 0  60 1 6 1 2 4 8 16 32
563  242  826 0  26 1 6 1 2 4 8 16 32
564  353  401 0  10 1 6 1 2 4 8 16 32
565  858  827 0  65 1 6 1 2 4 8 16 32
566  221  430 0  58 1 6 1 2 4 8 16 32
567  199  683 0  18 1 6 1 2 4 8 16 32
568  404  327 0  76 1 6 1 2 4 8 16 32
569  446  963 0  54 1 6 1 2 4 8 16 32
570  204   29 0  71 1 6 1 2 4 8 16 32
571  596  398 0  76 1 6 1 2 4 8 16 32
572  770  487 0  11 1 6 1 2 4 8 16 32
573  440  551 0  83 1 6 1 2 4 8 16 32
574  444  663 0  19 1 6 1 2 4 8 16 32
575  395  554 0  63 1 6 1 2 4 8 16 32
576  374  507 0  32 1 6 1 2 4 8 16 32
577  995  889 0  78 1 6 1 2 4 8 16 32
578  720  741 0  10 1 6 1 2 4 8 16 32
579  698  499 0  91 1 6 1 2 4 8 16 32
580  757  683 0  54 1 6 1 2 4 8 16 32
581  636  875 0  56 1 6 1 2 4 8 16 32
582  218  995 0  91 1 6 1 2 4 8 16 32
583  111  732 0  63 1 6 1 2 4 8 16 32
584  624   66 0  66 1 6 1 2 4 8 16 32
585  248   52 0  24 1 6 1 2 4 8 16 32
586  570  902 0  27 1 6 1 2 4 8 16 32
587  506  307 0  72 1 6 1 2 4 8 16 32
588  119   44 0  14 1 6 1 2 4 8 16 32
589  574  183 0  70 1 6 1 2 4 8 16 32
590  246   67 0  62 1 6 1 2 4 8 16 32
591   40  157 0  85 1 6 1 2 4 8 16 32
592  724  207 0  37 1 6 1 2 4 8 16 32
593  823  696 0   5 1 6 1 2 4 8 16 32
594  464  636 0  28 1 6 1 2 4 8 16 32
595  572   15 0  92 1 6 1 2 4 8 16 32
596  659  196 0  94 1 6 1 2 4 8 16 32
597  380  498 0  67 1 6 1 2 4 8 16 32
598 1000  138 0  22 1 6 1 2 4 8 16 32
599  981  731 0  61 1 6 1 2 4 8 16 32
600  381  767 0  79 1 6 1 2 4 8 16 32
601  885  249 0  82 1 6 1 2 4 8 16 32
602  353  554 0  33 1 6 1 2 4 8 16 32
603  407  463 0  11 1 6 1 2 4 8 16 32
604  525   99 0  97 1 6 1 2 4 8 16 32
605  798  631 0   1 1 6 1 2 4 8 16 32
606  441  294 0  90 1 6 1 2 4 8 16 32
607  887  447 0   4 1 6 1 2 4 8 16 32
608  209  540 0  66 1 6 1 2 4 8 16 32
609  121  863 0  60 1 6 1 2 4 8 16 32
610  454  389 0  25 1 6 1 2 4 8 16 32
611   32  513 0  21 1 6 1 2 4 8 16 32
612  958  166 0  85 1 6 1 2 4 8 16 32
613  669  998 0   5 1 6 1 2 4 8 16 32
614  622  294 0  24 1 6 1 2 4 8 16 32
615  171  879 0  33 1 6 1 2 4 8 16 32
616  643  766 0  90 1 6 1 2 4 8 16 32
617  250  149 0  39 1 6 1 2 4 8 16 32
618  706  902 0  51 1 6 1 2 4 8 16 32
619  777  100 0  56 1 6 1 2 4 8 16 32
620  168  246 0  77 1 6 1 2 4 8 16 32
621  592  588 0  99 1 6 1 2 4 8 16 32
622   87  858 0  43 1 6 1 2 4 8 16 32
623  276  185 0  30 1 6 1 2 4 8 16 32
624  557  412 0  68 1 6 1 2 4 8 16 32
625   44  680 0  92 1 6 1 2 4 8 16 32
626  404  754 0  96 1 6 1 2 4 8 16 32
627  963  406 0  94 1 6 1 2 4 8 16 32
628  996  472 0  24 1 6 1 2 4 8 16 32
629  560  117 0  10 1 6 1 2 4 8 16 32
630  450  945 0  99 1 6 1 2 4 8 16 32
631  781  169 0  46 1 6 1 2 4 8 16 32
632  894   79 0  76 1 6 1 2 4 8 16 32
633   77  211 0  51 1 6 1 2 4 8 16 32
634  618  812 0  25 1 6 1 2 4 8 16 32
635  354  924 0  20 1 6 1 2 4 8 16 32
636  609   98 0  60 1 6 1 2 4 8 16 32
637  327   90 0  29 1 6 1 2 4 8 16 32
638  932  528 0  46 1 6 1 2 4 8 16 32
639  241  229 0  39 1 6 1 2 4 8 16 32
640  580  735 0  97 1 6 1 2 4 8 16 32
641   18  735 0  85 1 6 1 2 4 8 16 32
642  812  863 0  52 1 6 1 2 4 8 16 32
643  363  468 0  16 1 6 1 2 4 8 16 32
644  708  604 0  16 1 6 1 2 4 8 16 32
645   91  659 0  74 1 6 1 2 4 8 16 32
646  370  389 0  11 1 6 1 2 4 8 16 32
647  770  630 0  66 1 6 1 2 4 8 16 32
648  927  688 0  38 1 6 1 2 4 8 16 32
649  658  604 0  96 1 6 1 2 4 8 16 32
650  797  987 0  88 1 6 1 2 4 8 16 32
651  418  844 0  17 1 6 1 2 4 8 16 32
652  785  808 0  47 1 6 1 2 4 8 16 32
653   72  728 0  70 1 6 1 2 4 8 16 32
654  171  482 0  67 1 6 1 2 4 8 16 32
655  430  831 0  23 1 6 1 2 4 8 16 32
656  315   97 0  43 1 6 1 2 4 8 16 32
657  923  870 0  52 1 6 1 2 4 8 16 32
658  876  119 0  10 1 6 1 2 4 8 16 32
659  464  485 0  14 1 6 1 2 4 8 16 32
660  580  949 0  55 1 6 1 2 4 8 16 32
661  101  885 0  28 1 6 1 2 4 8 16 32
662  698  191 0  63 1 6 1 2 4 8 16 32
663  613  696 0  51 1 6 1 2 4 8 16 32
664  759  935 0  94 1 6 1 2 4 8 16 32
665  621   30 0  71 1 6 1 2 4 8 16 32
666  361  173 0  23 1 6 1 2 4 8 16 32
667  386  456 0  79 1 6 1 2 4 8 16 32
668  795  391 0  72 1 6 1 2 4 8 16 32
669  726  377 0  76 1 6 1 2 4 8 16 32
670  946  210 0  26 1 6 1 2 4 8 16 32
671   31  176 0  38 1 6 1 2 4 8 16 32
672   31  587 0  41 1 6 1 2 4 8 16 32
673  231  754 0  62 1 6 1 2 4 8 16 32
674  816  481 0  40 1 6 1 2 4 8 16 32
675  642  615 0  70 1 6 1 2 4 8 16 32
676  480  927 0  41 1 6 1 2 4 8 16 32
677  205  791 0   8 1 6 1 2 4 8 16 32
678  756  491 0  68 1 6 1 2 4 8 16 32
679  598  367 0  13 1 6 1 2 4 8 16 32
680  539  493 0  93 1 6 1 2 4 8 16 32
681  218  402 0  57 1 6 1 2 4 8 16 32
682  256  230 0  27 1 6 1 2 4 8 16 32
683  905  673 0  22 1 6 1 2 4 8 16 32
684  155  458 0  85 1 6 1 2 4 8 16 32
685  682   84 0  84 1 6 1 2 4 8 16 32
686  397  611 0  85 1 6 1 2 4 8 16 32
687  964  492 0  82 1 6 1 2 4 8 16 32
688  229  799 0  65 1 6 1 2 4 8 16 32
689  634  255 0  66 1 6 1 2 4 8 16 32
690  225  481 0  38 1 6 1 2 4 8 16 32
691  894  980 0  95 1 6 1 2 4 8 16 32
692   30  902 0  86 1 6 1 2 4 8 16 32
693  347   48 0  48 1 6 1 2 4 8 16 32
694  459  230 0  28 1 6 1 2 4 8 16 32
695  543   87 0  98 1 6 1 2 4 8 16 32
696  505  742 0   5 1 6 1 2 4 8 16 32
697  295  508 0   6 1 6 1 2 4 8 16 32
698  986   15 0  30 1 6 1 2 4 8 16 32
699  697  255 0  13 1 6 1 2 4 8 16 32
700  412  472 0  34 1 6 1 2 4 8 16 32
701   26   28 0  92 1 6 1 2 4 8 16 32
702  642  974 0  88 1 6 1 2 4 8 16 32
703  859  156 0  12 1 6 1 2 4 8 16 32
704  428  207 0  63 1 6 1 2 4 8 16 32
705    5  383 0  84 1 6 1 2 4 8 16 32
706  817  261 0  44 1 6 1 2 4 8 16 32
707  989  534 0  92 1 6 1 2 4 8 16 32
708  136  619 0  75 1 6 1 2 4 8 16 32
709  297  559 0  28 1 6 1 2 4 8 16 32
710  903  808 0  96 1 6 1 2 4 8 16 32
711  910  943 0  18 1 6 1 2 4 8 16 32
712   30  415 0  92 1 6 1 2 4 8 16 32
713  833  866 0  31 1 6 1 2 4 8 16 32
714  102  295 0  64 1 6 1 2 4 8 16 32
715  214  404 0  17 1 6 1 2 4 8 16 32
716  797  465 0  68 1 6 1 2 4 8 16 32
717  337   31 0  49 1 6 1 2 4 8 16 32
718  252  843 0  23 1 6 1 2 4 8 16 32
719  902  840 0   8 1 6 1 2 4 8 16 32
720  398  483 0  16 1 6 1 2 4 8 16 32
721  784  511 0  10 1 6 1 2 4 8 16 32
722  826  805 0  87 1 6 1 2 4 8 16 32
723    1  692 0  78 1 6 1 2 4 8 16 32
724  942    0 0  96 1 6 1 2 4 8 16 32
725  664  207 0  50 1 6 1 2 4 8 16 32
726  126  313 0  66 1 6 1 2 4 8 16 32
727  828 1000 0  45 1 6 1 2 4 8 16 32
728  949  806 0  17 1 6 1 2 4 8 16 32
729  675  267 0  60 1 6 1 2 4 8 16 32
730  329  188 0  62 1 6 1 2 4 8 16 32
731  778  809 0  16 1 6 1 2 4 8 16 32
732  220  226 0  65 1 6 1 2 4 8 16 32
733  200  658 0  85 1 6 1 2 4 8 16 32
734  808  788 0  78 1 6 1 2 4 8 16 32
735  972  558 0   3 1 6 1 2 4 8 16 32
736  672   59 0  80 1 6 1 2 4 8 16 32
737  664  103 0  40 1 6 1 2 4 8 16 32
738  310  783 0  55 1 6 1 2 4 8 16 32
739  298  287 0  28 1 6 1 2 4 8 16 32
740  337  876 0  44 1 6 1 2 4 8 16 32
741  812  558 0  41 1 6 1 2 4 8 16 32
742  213  960 0  72 1 6 1 2 4 8 16 32
743  772  389 0  70 1 6 1 2 4 8 16 32
744  432  760 0  48 1 6 1 2 4 8 16 32
745  554  548 0  62 1 6 1 2 4 8 16 32
746  132  205 0  23 1 6 1 2 4 8 16 32
747  596   48 0  19 1 6 1 2 4 8 16 32
748  600  951 0  74 1 6 1 2 4 8 16 32
749  723   48 0  11 1 6 1 2 4 8 16 32
750  280  189 0  96 1 6 1 2 4 8 16 32
751   62  628 0  99 1 6 1 2 4 8 16 32
752  254  575 0  70 1 6 1 2 4 8 16 32
753  807  496 0  16 1 6 1 2 4 8 16 32
754  153  602 0  84 1 6 1 2 4 8 16 32
755  408   34 0  38 1 6 1 2 4 8 16 32
756  841  972 0  74 1 6 1 2 4 8 16 32
757  184  651 0  29 1 6 1 2 4 8 16 32
758  535  774 0  47 1 6 1 2 4 8 16 32
759  165  812 0  13 1 6 1 2 4 8 16 32
760  702  519 0   7 1 6 1 2 4 8 16 32
761  443  528 0  40 1 6 1 2 4 8 16 32
762  737  602 0 100 1 6 1 2 4 8 16 32
763  831  339 0  62 1 6 1 2 4 8 16 32
764  658  701 0  82 1 6 1 2 4 8 16 32
765  858  350 0  65 1 6 1 2 4 8 16 32
766  191  689 0  81 1 6 1 2 4 8 16 32
767  105  581 0  99 1 6 1 2 4 8 16 32
768  975  903 0   5 1 6 1 2 4 8 16 32
769   17  149 0  38 1 6 1 2 4 8 16 32
770  111  533 0  34 1 6 1 2 4 8 16 32
771  988  591 0   9 1 6 1 2 4 8 16 32
772  197  182 0  48 1 6 1 2 4 8 16 32
773  229  811 0  52 1 6 1 2 4 8 16 32
774  199  614 0  48 1 6 1 2 4 8 16 32
775  425  374 0  86 1 6 1 2 4 8 16 32
776   22  235 0  84 1 6 1 2 4 8 16 32
777  239  280 0  53 1 6 1 2 4 8 16 32
778  452  929 0  46 1 6 1 2 4 8 16 32
779  941  255 0  37 1 6 1 2 4 8 16 32
780  686  641 0  23 1 6 1 2 4 8 16 32
781   22    7 0  45 1 6 1 2 4 8 16 32
782  612  212 0  52 1 6 1 2 4 8 16 32
783  387  220 0  44 1 6 1 2 4 8 16 32
784  128   24 0  20 1 6 1 2 4 8 16 32
785  131  313 0  23 1 6 1 2 4 8 16 32
786  978  614 0  20 1 6 1 2 4 8 16 32
787  233  848 0  34 1 6 1 2 4 8 16 32
788  494  472 0  67 1 6 1 2 4 8 16 32
789  696  167 0  89 1 6 1 2 4 8 16 32
790  658  185 0  87 1 6 1 2 4 8 16 32
791  667  642 0  11 1 6 1 2 4 8 16 32
792  416  542 0  47 1 6 1 2 4 8 16 32
793  880   24 0  38 1 6 1 2 4 8 16 32
794  578  824 0  59 1 6 1 2 4 8 16 32
795  423  152 0  60 1 6 1 2 4 8 16 32
796   32  189 0  75 1 6 1 2 4 8 16 32
797  684  505 0  34 1 6 1 2 4 8 16 32
798  965  599 0  92 1 6 1 2 4 8 16 32
799  542  408 0  82 1 6 1 2 4 8 16 32
800   77  234 0  57 1 6 1 2 4 8 16 32
801  525  941 0  73 1 6 1 2 4 8 16 32
802  808  140 0  86 1 6 1 2 4 8 16 32
803    5  589 0  64 1 6 1 2 4 8 16 32
804  447  605 0   7 1 6 1 2 4 8 16 32
805  880  848 0  40 1 6 1 2 4 8 16 32
806  526  886 0  92 1 6 1 2 4 8 16 32
807  295    5 0  25 1 6 1 2 4 8 16 32
808  779  480 0  13 1 6 1 2 4 8 16 32
809  495  945 0  36 1 6 1 2 4 8 16 32
810  778   15 0  58 1 6 1 2 4 8 16 32
811  528  199 0   4 1 6 1 2 4 8 16 32
812  559  336 0  56 1 6 1 2 4 8 16 32
813  369  636 0  69 1 6 1 2 4 8 16 32
814  557  282 0  78 1 6 1 2 4 8 16 32
815  485  250 0  42 1 6 1 2 4 8 16 32
816  466  913 0  26 1 6 1 2 4 8 16 32
817  450  931 0  91 1 6 1 2 4 8 16 32
818  257  362 0   0 0 0
819  496  162 0   0 0 0
820  350  604 0   0 0 0
821  153  791 0   0 0 0
822  923  988 0   0 0 0
823  588  427 0   0 0 0
