2 122 858 6
0 263
0 263
0 263
0 263
0 263
0 263
  1  527  594 0  39 1 6 1 2 4 8 16 32
  2  177  684 0  50 1 6 1 2 4 8 16 32
  3  314  696 0  54 1 6 1 2 4 8 16 32
  4  450   37 0  91 1 6 1 2 4 8 16 32
  5  634  432 0  33 1 6 1 2 4 8 16 32
  6  606  651 0  48 1 6 1 2 4 8 16 32
  7  852   34 0  51 1 6 1 2 4 8 16 32
  8  886  527 0  32 1 6 1 2 4 8 16 32
  9  334  281 0  16 1 6 1 2 4 8 16 32
 10  726   49 0  23 1 6 1 2 4 8 16 32
 11  338  630 0  68 1 6 1 2 4 8 16 32
 12   64   34 0   3 1 6 1 2 4 8 16 32
 13  402  678 0  26 1 6 1 2 4 8 16 32
 14  340  445 0  28 1 6 1 2 4 8 16 32
 15  181  214 0  26 1 6 1 2 4 8 16 32
 16  946  407 0  85 1 6 1 2 4 8 16 32
 17  504  752 0  51 1 6 1 2 4 8 16 32
 18  488  308 0  93 1 6 1 2 4 8 16 32
 19  802  711 0   4 1 6 1 2 4 8 16 32
 20  717  268 0  43 1 6 1 2 4 8 16 32
 21  607  111 0  45 1 6 1 2 4 8 16 32
 22  488   65 0  69 1 6 1 2 4 8 16 32
 23  258  392 0  94 1 6 1 2 4 8 16 32
 24   92  576 0  64 1 6 1 2 4 8 16 32
 25  128    4 0  15 1 6 1 2 4 8 16 32
 26  228  539 0   8 1 6 1 2 4 8 16 32
 27  278  854 0  60 1 6 1 2 4 8 16 32
 28  542  449 0   6 1 6 1 2 4 8 16 32
 29  430  853 0  99 1 6 1 2 4 8 16 32
 30  534  367 0   8 1 6 1 2 4 8 16 32
 31  734  674 0  85 1 6 1 2 4 8 16 32
 32  457  200 0  74 1 6 1 2 4 8 16 32
 33  332  172 0  82 1 6 1 2 4 8 16 32
 34  852   24 0  64 1 6 1 2 4 8 16 32
 35  630  766 0   5 1 6 1 2 4 8 16 32
 36 1000  692 0  99 1 6 1 2 4 8 16 32
 37   36  488 0  40 1 6 1 2 4 8 16 32
 38  800  752 0  84 1 6 1 2 4 8 16 32
 39  607  218 0  80 1 6 1 2 4 8 16 32
 40  344  454 0  28 1 6 1 2 4 8 16 32
 41  204  914 0  61 1 6 1 2 4 8 16 32
 42  462  413 0   2 1 6 1 2 4 8 16 32
 43  173  482 0  83 1 6 1 2 4 8 16 32
 44  426  837 0  12 1 6 1 2 4 8 16 32
 45  532  602 0  19 1 6 1 2 4 8 16 32
 46  877  466 0  23 1 6 1 2 4 8 16 32
 47  193  380 0  83 1 6 1 2 4 8 16 32
 48  485  650 0  42 1 6 1 2 4 8 16 32
 49  110  144 0  18 1 6 1 2 4 8 16 32
 50  484  897 0  80 1 6 1 2 4 8 16 32
 51  135  577 0  14 1 6 1 2 4 8 16 32
 52  297  886 0  20 1 6 1 2 4 8 16 32
 53  698  325 0  42 1 6 1 2 4 8 16 32
 54  437  772 0  51 1 6 1 2 4 8 16 32
 55    9  909 0  26 1 6 1 2 4 8 16 32
 56  667  521 0  78 1 6 1 2 4 8 16 32
 57  478  816 0  18 1 6 1 2 4 8 16 32
 58  582  752 0  14 1 6 1 2 4 8 16 32
 59  932  275 0  83 1 6 1 2 4 8 16 32
 60  691  129 0  93 1 6 1 2 4 8 16 32
 61  343  540 0  90 1 6 1 2 4 8 16 32
 62  788  781 0  13 1 6 1 2 4 8 16 32
 63  670  615 0  56 1 6 1 2 4 8 16 32
 64  452  328 0  63 1 6 1 2 4 8 16 32
 65  969 1000 0  67 1 6 1 2 4 8 16 32
 66  755  284 0  89 1 6 1 2 4 8 16 32
 67  686  352 0  92 1 6 1 2 4 8 16 32
 68  856  805 0  23 1 6 1 2 4 8 16 32
 69  628   17 0  48 1 6 1 2 4 8 16 32
 70  933  516 0  81 1 6 1 2 4 8 16 32
 71  248  925 0  24 1 6 1 2 4 8 16 32
 72  367  910 0  78 1 6 1 2 4 8 16 32
 73   20  107 0  29 1 6 1 2 4 8 16 32
 74  958  215 0  65 1 6 1 2 4 8 16 32
 75  881  536 0  30 1 6 1 2 4 8 16 32
 76  908   10 0  38 1 6 1 2 4 8 16 32
 77  329  611 0  80 1 6 1 2 4 8 16 32
 78  437  590 0  31 1 6 1 2 4 8 16 32
 79   93  804 0  47 1 6 1 2 4 8 16 32
 80  480  496 0  71 1 6 1 2 4 8 16 32
 81  433  610 0   8 1 6 1 2 4 8 16 32
 82  875  194 0  73 1 6 1 2 4 8 16 32
 83  145  608 0  64 1 6 1 2 4 8 16 32
 84  789  631 0   3 1 6 1 2 4 8 16 32
 85  928  774 0  89 1 6 1 2 4 8 16 32
 86  228  522 0  70 1 6 1 2 4 8 16 32
 87  235  441 0  75 1 6 1 2 4 8 16 32
 88  260  314 0   5 1 6 1 2 4 8 16 32
 89   74  516 0  87 1 6 1 2 4 8 16 32
 90  791  769 0  38 1 6 1 2 4 8 16 32
 91  895  514 0   6 1 6 1 2 4 8 16 32
 92  139  468 0  86 1 6 1 2 4 8 16 32
 93   84  338 0  47 1 6 1 2 4 8 16 32
 94  136  773 0  73 1 6 1 2 4 8 16 32
 95  366   79 0  92 1 6 1 2 4 8 16 32
 96  304  962 0  79 1 6 1 2 4 8 16 32
 97  830  560 0  31 1 6 1 2 4 8 16 32
 98  340  199 0  68 1 6 1 2 4 8 16 32
 99  465  874 0  68 1 6 1 2 4 8 16 32
100  892  819 0  20 1 6 1 2 4 8 16 32
101  406  686 0   5 1 6 1 2 4 8 16 32
102  588  612 0  66 1 6 1 2 4 8 16 32
103  313  289 0  68 1 6 1 2 4 8 16 32
104  698  985 0  38 1 6 1 2 4 8 16 32
105  402  441 0  33 1 6 1 2 4 8 16 32
106  231  460 0  63 1 6 1 2 4 8 16 32
107  495  656 0  70 1 6 1 2 4 8 16 32
108  325  287 0  49 1 6 1 2 4 8 16 32
109  755  398 0   3 1 6 1 2 4 8 16 32
110  332  422 0  26 1 6 1 2 4 8 16 32
111  985  448 0  34 1 6 1 2 4 8 16 32
112  111   80 0  95 1 6 1 2 4 8 16 32
113  873  191 0  40 1 6 1 2 4 8 16 32
114  549  122 0  49 1 6 1 2 4 8 16 32
115  381  753 0  44 1 6 1 2 4 8 16 32
116  539  205 0  73 1 6 1 2 4 8 16 32
117  724  921 0  27 1 6 1 2 4 8 16 32
118  770  428 0  72 1 6 1 2 4 8 16 32
119  896  506 0  72 1 6 1 2 4 8 16 32
120   90  246 0   1 1 6 1 2 4 8 16 32
121  618  550 0  22 1 6 1 2 4 8 16 32
122  720  418 0  54 1 6 1 2 4 8 16 32
123  557   71 0  89 1 6 1 2 4 8 16 32
124   99  938 0  83 1 6 1 2 4 8 16 32
125  233  950 0  88 1 6 1 2 4 8 16 32
126  807  608 0  91 1 6 1 2 4 8 16 32
127  955  695 0  49 1 6 1 2 4 8 16 32
128  254  137 0  18 1 6 1 2 4 8 16 32
129  989  341 0  28 1 6 1 2 4 8 16 32
130  296  340 0  14 1 6 1 2 4 8 16 32
131  585  581 0  51 1 6 1 2 4 8 16 32
132  326  788 0  40 1 6 1 2 4 8 16 32
133  225  219 0  13 1 6 1 2 4 8 16 32
134  253  298 0   3 1 6 1 2 4 8 16 32
135  919  978 0   8 1 6 1 2 4 8 16 32
136   86  405 0   1 1 6 1 2 4 8 16 32
137  486  233 0  98 1 6 1 2 4 8 16 32
138  937  223 0  76 1 6 1 2 4 8 16 32
139  648  328 0  69 1 6 1 2 4 8 16 32
140  184   59 0  10 1 6 1 2 4 8 16 32
141  205  867 0  36 1 6 1 2 4 8 16 32
142  178  716 0  52 1 6 1 2 4 8 16 32
143  570  808 0  49 1 6 1 2 4 8 16 32
144  409   87 0  99 1 6 1 2 4 8 16 32
145  917  841 0   6 1 6 1 2 4 8 16 32
146  401    3 0  68 1 6 1 2 4 8 16 32
147  458  805 0  73 1 6 1 2 4 8 16 32
148  804  569 0  37 1 6 1 2 4 8 16 32
149  692  432 0  58 1 6 1 2 4 8 16 32
150  660  990 0  67 1 6 1 2 4 8 16 32
151  831  867 0  83 1 6 1 2 4 8 16 32
152  280  690 0  42 1 6 1 2 4 8 16 32
153  927  453 0  58 1 6 1 2 4 8 16 32
154  880  854 0  90 1 6 1 2 4 8 16 32
155  617  986 0  90 1 6 1 2 4 8 16 32
156  401  425 0  79 1 6 1 2 4 8 16 32
157  338  307 0  13 1 6 1 2 4 8 16 32
158  667  332 0  57 1 6 1 2 4 8 16 32
159  826  176 0  22 1 6 1 2 4 8 16 32
160  615  243 0  69 1 6 1 2 4 8 16 32
161  288  481 0   1 1 6 1 2 4 8 16 32
162  374  530 0  99 1 6 1 2 4 8 16 32
163  546  949 0  17 1 6 1 2 4 8 16 32
164  577  224 0  44 1 6 1 2 4 8 16 32
165  822  871 0  77 1 6 1 2 4 8 16 32
166   17  769 0  59 1 6 1 2 4 8 16 32
167  321  313 0  70 1 6 1 2 4 8 16 32
168  145  715 0  64 1 6 1 2 4 8 16 32
169  928  939 0  85 1 6 1 2 4 8 16 32
170  357  778 0  80 1 6 1 2 4 8 16 32
171  940  669 0  52 1 6 1 2 4 8 16 32
172  955  597 0  75 1 6 1 2 4 8 16 32
173  123  254 0  82 1 6 1 2 4 8 16 32
174  222  172 0  36 1 6 1 2 4 8 16 32
175  545  935 0  85 1 6 1 2 4 8 16 32
176  919  868 0  97 1 6 1 2 4 8 16 32
177  839  864 0  33 1 6 1 2 4 8 16 32
178   36  788 0  79 1 6 1 2 4 8 16 32
179  372   70 0  76 1 6 1 2 4 8 16 32
180   65  617 0  88 1 6 1 2 4 8 16 32
181  192  799 0  73 1 6 1 2 4 8 16 32
182  585  155 0  55 1 6 1 2 4 8 16 32
183  410  461 0  22 1 6 1 2 4 8 16 32
184  384  228 0  91 1 6 1 2 4 8 16 32
185  410  387 0  95 1 6 1 2 4 8 16 32
186  861  325 0  95 1 6 1 2 4 8 16 32
187  359   63 0  23 1 6 1 2 4 8 16 32
188  856  943 0  91 1 6 1 2 4 8 16 32
189  713  877 0  60 1 6 1 2 4 8 16 32
190  611  156 0  95 1 6 1 2 4 8 16 32
191  213  509 0  80 1 6 1 2 4 8 16 32
192  376  901 0  48 1 6 1 2 4 8 16 32
193  599  969 0  90 1 6 1 2 4 8 16 32
194  987  739 0  44 1 6 1 2 4 8 16 32
195  942  744 0  98 1 6 1 2 4 8 16 32
196  557  965 0  19 1 6 1 2 4 8 16 32
197  611  317 0  62 1 6 1 2 4 8 16 32
198   58  200 0  30 1 6 1 2 4 8 16 32
199  627  514 0  55 1 6 1 2 4 8 16 32
200  254  123 0  51 1 6 1 2 4 8 16 32
201  612  216 0  39 1 6 1 2 4 8 16 32
202  939  557 0  84 1 6 1 2 4 8 16 32
203  920  554 0  57 1 6 1 2 4 8 16 32
204  933  274 0  49 1 6 1 2 4 8 16 32
205  842  102 0  91 1 6 1 2 4 8 16 32
206  398  934 0  83 1 6 1 2 4 8 16 32
207  289  107 0  73 1 6 1 2 4 8 16 32
208  255  869 0  53 1 6 1 2 4 8 16 32
209  165  468 0  18 1 6 1 2 4 8 16 32
210  159  144 0  44 1 6 1 2 4 8 16 32
211  402  322 0  63 1 6 1 2 4 8 16 32
212  267  890 0  47 1 6 1 2 4 8 16 32
213  497  174 0  78 1 6 1 2 4 8 16 32
214  984  399 0  33 1 6 1 2 4 8 16 32
215  820  120 0  40 1 6 1 2 4 8 16 32
216  968  280 0  82 1 6 1 2 4 8 16 32
217   62  456 0  49 1 6 1 2 4 8 16 32
218  196  125 0  47 1 6 1 2 4 8 16 32
219  624  778 0  65 1 6 1 2 4 8 16 32
220  797  753 0  70 1 6 1 2 4 8 16 32
221   35  317 0  98 1 6 1 2 4 8 16 32
222   51  706 0  39 1 6 1 2 4 8 16 32
223  995  545 0  30 1 6 1 2 4 8 16 32
224  499   72 0  61 1 6 1 2 4 8 16 32
225  364  124 0   8 1 6 1 2 4 8 16 32
226  845  201 0  55 1 6 1 2 4 8 16 32
227  226  857 0  69 1 6 1 2 4 8 16 32
228  260  572 0  28 1 6 1 2 4 8 16 32
229  107  430 0  59 1 6 1 2 4 8 16 32
230  444  103 0  66 1 6 1 2 4 8 16 32
231  479  667 0  78 1 6 1 2 4 8 16 32
232  439  739 0  55 1 6 1 2 4 8 16 32
233   52  880 0  48 1 6 1 2 4 8 16 32
234  249  218 0  15 1 6 1 2 4 8 16 32
235  643  944 0  91 1 6 1 2 4 8 16 32
236  665  229 0  50 1 6 1 2 4 8 16 32
237  162  824 0  12 1 6 1 2 4 8 16 32
238  119  143 0  76 1 6 1 2 4 8 16 32
239  832  513 0  96 1 6 1 2 4 8 16 32
240  501  866 0  69 1 6 1 2 4 8 16 32
241  934  818 0  12 1 6 1 2 4 8 16 32
242  223  993 0  88 1 6 1 2 4 8 16 32
243  421  578 0  80 1 6 1 2 4 8 16 32
244  657  664 0  99 1 6 1 2 4 8 16 32
245  272  640 0  79 1 6 1 2 4 8 16 32
246  607  586 0  87 1 6 1 2 4 8 16 32
247  331  277 0  34 1 6 1 2 4 8 16 32
248   85  561 0  16 1 6 1 2 4 8 16 32
249  179  749 0  71 1 6 1 2 4 8 16 32
250  508  692 0  83 1 6 1 2 4 8 16 32
251   42  319 0  13 1 6 1 2 4 8 16 32
252  593  315 0  81 1 6 1 2 4 8 16 32
253  912  401 0  16 1 6 1 2 4 8 16 32
254  766  394 0  68 1 6 1 2 4 8 16 32
255  245  227 0  28 1 6 1 2 4 8 16 32
256  835  128 0  27 1 6 1 2 4 8 16 32
257   49   78 0  37 1 6 1 2 4 8 16 32
258  510  615 0   3 1 6 1 2 4 8 16 32
259  415  612 0  24 1 6 1 2 4 8 16 32
260  603  624 0  69 1 6 1 2 4 8 16 32
261  612  352 0  58 1 6 1 2 4 8 16 32
262  946  771 0  77 1 6 1 2 4 8 16 32
263  935    3 0  12 1 6 1 2 4 8 16 32
264  763  915 0  76 1 6 1 2 4 8 16 32
265  934  299 0  98 1 6 1 2 4 8 16 32
266  681   88 0  92 1 6 1 2 4 8 16 32
267   93  523 0  71 1 6 1 2 4 8 16 32
268  618  340 0  87 1 6 1 2 4 8 16 32
269  582  764 0  88 1 6 1 2 4 8 16 32
270  924  418 0  19 1 6 1 2 4 8 16 32
271  795  576 0  87 1 6 1 2 4 8 16 32
272  365  866 0  79 1 6 1 2 4 8 16 32
273  970  545 0   2 1 6 1 2 4 8 16 32
274  268  379 0  96 1 6 1 2 4 8 16 32
275  433  164 0  39 1 6 1 2 4 8 16 32
276  645  569 0  73 1 6 1 2 4 8 16 32
277  501  687 0  14 1 6 1 2 4 8 16 32
278  907  621 0  17 1 6 1 2 4 8 16 32
279  867   55 0   3 1 6 1 2 4 8 16 32
280  736  774 0  81 1 6 1 2 4 8 16 32
281  785  249 0  99 1 6 1 2 4 8 16 32
282  285  275 0  40 1 6 1 2 4 8 16 32
283   49   52 0  72 1 6 1 2 4 8 16 32
284  231  919 0  16 1 6 1 2 4 8 16 32
285  782  497 0  99 1 6 1 2 4 8 16 32
286  293  481 0  13 1 6 1 2 4 8 16 32
287   78  542 0  63 1 6 1 2 4 8 16 32
288  587   98 0  95 1 6 1 2 4 8 16 32
289  161  696 0  91 1 6 1 2 4 8 16 32
290  444  891 0  70 1 6 1 2 4 8 16 32
291  348  888 0  35 1 6 1 2 4 8 16 32
292  805  355 0  90 1 6 1 2 4 8 16 32
293  407  966 0 100 1 6 1 2 4 8 16 32
294   99  705 0  49 1 6 1 2 4 8 16 32
295  826  651 0  76 1 6 1 2 4 8 16 32
296   32  274 0  10 1 6 1 2 4 8 16 32
297  792  848 0  21 1 6 1 2 4 8 16 32
298  482  877 0  83 1 6 1 2 4 8 16 32
299  158  407 0  84 1 6 1 2 4 8 16 32
300  307   66 0  82 1 6 1 2 4 8 16 32
301  727  384 0  80 1 6 1 2 4 8 16 32
302  715  629 0  47 1 6 1 2 4 8 16 32
303  446  365 0   8 1 6 1 2 4 8 16 32
304  672  685 0  82 1 6 1 2 4 8 16 32
305  206  307 0  95 1 6 1 2 4 8 16 32
306  427  980 0  80 1 6 1 2 4 8 16 32
307  539  566 0  32 1 6 1 2 4 8 16 32
308   94  557 0  70 1 6 1 2 4 8 16 32
309  225  364 0  82 1 6 1 2 4 8 16 32
310  790  657 0  80 1 6 1 2 4 8 16 32
311  160  576 0  62 1 6 1 2 4 8 16 32
312   13  463 0 100 1 6 1 2 4 8 16 32
313  743  811 0  82 1 6 1 2 4 8 16 32
314  293  518 0  66 1 6 1 2 4 8 16 32
315  859  298 0  60 1 6 1 2 4 8 16 32
316  774  700 0  50 1 6 1 2 4 8 16 32
317  241  805 0  75 1 6 1 2 4 8 16 32
318  570  234 0  11 1 6 1 2 4 8 16 32
319  568  378 0  88 1 6 1 2 4 8 16 32
320  223   69 0  17 1 6 1 2 4 8 16 32
321  364  835 0  59 1 6 1 2 4 8 16 32
322  328  445 0   5 1 6 1 2 4 8 16 32
323  975  670 0  45 1 6 1 2 4 8 16 32
324  851  597 0  44 1 6 1 2 4 8 16 32
325   36  231 0  71 1 6 1 2 4 8 16 32
326  501  372 0  12 1 6 1 2 4 8 16 32
327  105   23 0  46 1 6 1 2 4 8 16 32
328  211  918 0  19 1 6 1 2 4 8 16 32
329  827  616 0  76 1 6 1 2 4 8 16 32
330  851  713 0  71 1 6 1 2 4 8 16 32
331  928  266 0  15 1 6 1 2 4 8 16 32
332  589  941 0  17 1 6 1 2 4 8 16 32
333  794  162 0  25 1 6 1 2 4 8 16 32
334  453    2 0  97 1 6 1 2 4 8 16 32
335  622  199 0  67 1 6 1 2 4 8 16 32
336  786  661 0  44 1 6 1 2 4 8 16 32
337  201   98 0  52 1 6 1 2 4 8 16 32
338   61   59 0  63 1 6 1 2 4 8 16 32
339  640  479 0  75 1 6 1 2 4 8 16 32
340  353  313 0  28 1 6 1 2 4 8 16 32
341  119  490 0  24 1 6 1 2 4 8 16 32
342  684  526 0  87 1 6 1 2 4 8 16 32
343  233  864 0  64 1 6 1 2 4 8 16 32
344  839  137 0  13 1 6 1 2 4 8 16 32
345  295  718 0  53 1 6 1 2 4 8 16 32
346  765  626 0  81 1 6 1 2 4 8 16 32
347  173  237 0  24 1 6 1 2 4 8 16 32
348  815  839 0  95 1 6 1 2 4 8 16 32
349  721  321 0  27 1 6 1 2 4 8 16 32
350   57   45 0  11 1 6 1 2 4 8 16 32
351  311  553 0  30 1 6 1 2 4 8 16 32
352  376  636 0  88 1 6 1 2 4 8 16 32
353   87  362 0  26 1 6 1 2 4 8 16 32
354   32  424 0  33 1 6 1 2 4 8 16 32
355  417  597 0  53 1 6 1 2 4 8 16 32
356  359  189 0  20 1 6 1 2 4 8 16 32
357  244  861 0  79 1 6 1 2 4 8 16 32
358  419  543 0   2 1 6 1 2 4 8 16 32
359  314  944 0  58 1 6 1 2 4 8 16 32
360  863  421 0  87 1 6 1 2 4 8 16 32
361  198  900 0  12 1 6 1 2 4 8 16 32
362  102  979 0  84 1 6 1 2 4 8 16 32
363  126   65 0  69 1 6 1 2 4 8 16 32
364  224  460 0  30 1 6 1 2 4 8 16 32
365   13   54 0  60 1 6 1 2 4 8 16 32
366  570  848 0  50 1 6 1 2 4 8 16 32
367  545  167 0  15 1 6 1 2 4 8 16 32
368  789   39 0  31 1 6 1 2 4 8 16 32
369  518  505 0  17 1 6 1 2 4 8 16 32
370   52  305 0  81 1 6 1 2 4 8 16 32
371  743  563 0  79 1 6 1 2 4 8 16 32
372   36  105 0 100 1 6 1 2 4 8 16 32
373  383  315 0  58 1 6 1 2 4 8 16 32
374   24    3 0  94 1 6 1 2 4 8 16 32
375  261  433 0  17 1 6 1 2 4 8 16 32
376   74  533 0  19 1 6 1 2 4 8 16 32
377  858  488 0  95 1 6 1 2 4 8 16 32
378  414  740 0  83 1 6 1 2 4 8 16 32
379  118  529 0  44 1 6 1 2 4 8 16 32
380  616  466 0  49 1 6 1 2 4 8 16 32
381  306  381 0  51 1 6 1 2 4 8 16 32
382  888  219 0  11 1 6 1 2 4 8 16 32
383  978  497 0  67 1 6 1 2 4 8 16 32
384   63  679 0  63 1 6 1 2 4 8 16 32
385   87   16 0   4 1 6 1 2 4 8 16 32
386  788  951 0  62 1 6 1 2 4 8 16 32
387  956  775 0  22 1 6 1 2 4 8 16 32
388  436  306 0  90 1 6 1 2 4 8 16 32
389  247  131 0  33 1 6 1 2 4 8 16 32
390  759  828 0  94 1 6 1 2 4 8 16 32
391  850  961 0  78 1 6 1 2 4 8 16 32
392  942  758 0  70 1 6 1 2 4 8 16 32
393  457  630 0  21 1 6 1 2 4 8 16 32
394  403  301 0  40 1 6 1 2 4 8 16 32
395  666  612 0  11 1 6 1 2 4 8 16 32
396  292   28 0  92 1 6 1 2 4 8 16 32
397  197  551 0   3 1 6 1 2 4 8 16 32
398  397  610 0  15 1 6 1 2 4 8 16 32
399  440   10 0   3 1 6 1 2 4 8 16 32
400  138   40 0  57 1 6 1 2 4 8 16 32
401    8  736 0  89 1 6 1 2 4 8 16 32
402  697  195 0  48 1 6 1 2 4 8 16 32
403  482  971 0  74 1 6 1 2 4 8 16 32
404  823  179 0  20 1 6 1 2 4 8 16 32
405  764  676 0  71 1 6 1 2 4 8 16 32
406  154  922 0  62 1 6 1 2 4 8 16 32
407  463  761 0  83 1 6 1 2 4 8 16 32
408  179  873 0  77 1 6 1 2 4 8 16 32
409  268  564 0  70 1 6 1 2 4 8 16 32
410  255  570 0  78 1 6 1 2 4 8 16 32
411  123  448 0  87 1 6 1 2 4 8 16 32
412  153   89 0  83 1 6 1 2 4 8 16 32
413  978  746 0  14 1 6 1 2 4 8 16 32
414  971  730 0  64 1 6 1 2 4 8 16 32
415  921  242 0  96 1 6 1 2 4 8 16 32
416    2  402 0  17 1 6 1 2 4 8 16 32
417  602  851 0  88 1 6 1 2 4 8 16 32
418  324  408 0  47 1 6 1 2 4 8 16 32
419  951  770 0  28 1 6 1 2 4 8 16 32
420  896  515 0  49 1 6 1 2 4 8 16 32
421  334  988 0  16 1 6 1 2 4 8 16 32
422  952  577 0  67 1 6 1 2 4 8 16 32
423  964  874 0  64 1 6 1 2 4 8 16 32
424  873  952 0   4 1 6 1 2 4 8 16 32
425  160  717 0  68 1 6 1 2 4 8 16 32
426  349  659 0  89 1 6 1 2 4 8 16 32
427  682  708 0  32 1 6 1 2 4 8 16 32
428  683  827 0  81 1 6 1 2 4 8 16 32
429  916  706 0  73 1 6 1 2 4 8 16 32
430  416  272 0  90 1 6 1 2 4 8 16 32
431  983  727 0  59 1 6 1 2 4 8 16 32
432  940  313 0  57 1 6 1 2 4 8 16 32
433  420  851 0  15 1 6 1 2 4 8 16 32
434  930  498 0  31 1 6 1 2 4 8 16 32
435  215  916 0  38 1 6 1 2 4 8 16 32
436  686  488 0  80 1 6 1 2 4 8 16 32
437  465  902 0  53 1 6 1 2 4 8 16 32
438  844  637 0  83 1 6 1 2 4 8 16 32
439  544  646 0  41 1 6 1 2 4 8 16 32
440  341  489 0  43 1 6 1 2 4 8 16 32
441  451  956 0  47 1 6 1 2 4 8 16 32
442  275  615 0  14 1 6 1 2 4 8 16 32
443  981  504 0  72 1 6 1 2 4 8 16 32
444  256  689 0  77 1 6 1 2 4 8 16 32
445  507  605 0  85 1 6 1 2 4 8 16 32
446  969  676 0  55 1 6 1 2 4 8 16 32
447  990  327 0  96 1 6 1 2 4 8 16 32
448  755  431 0  56 1 6 1 2 4 8 16 32
449  379  661 0  30 1 6 1 2 4 8 16 32
450  570  531 0  11 1 6 1 2 4 8 16 32
451  910  673 0  91 1 6 1 2 4 8 16 32
452  752  372 0  51 1 6 1 2 4 8 16 32
453  710  688 0  49 1 6 1 2 4 8 16 32
454  641   89 0  83 1 6 1 2 4 8 16 32
455  670  173 0  68 1 6 1 2 4 8 16 32
456  930  843 0  17 1 6 1 2 4 8 16 32
457  595  637 0  63 1 6 1 2 4 8 16 32
458  787  207 0  38 1 6 1 2 4 8 16 32
459  904  529 0  49 1 6 1 2 4 8 16 32
460  283  156 0  18 1 6 1 2 4 8 16 32
461  193  585 0  14 1 6 1 2 4 8 16 32
462  509  294 0  84 1 6 1 2 4 8 16 32
463  286  391 0  88 1 6 1 2 4 8 16 32
464  492  170 0  35 1 6 1 2 4 8 16 32
465  270  482 0  22 1 6 1 2 4 8 16 32
466  415  590 0   8 1 6 1 2 4 8 16 32
467  567  766 0  60 1 6 1 2 4 8 16 32
468  780  385 0  31 1 6 1 2 4 8 16 32
469  985  577 0  96 1 6 1 2 4 8 16 32
470  567  565 0  15 1 6 1 2 4 8 16 32
471  503  420 0  72 1 6 1 2 4 8 16 32
472  655  533 0  34 1 6 1 2 4 8 16 32
473  635   74 0  83 1 6 1 2 4 8 16 32
474  140  230 0 100 1 6 1 2 4 8 16 32
475  372  736 0  26 1 6 1 2 4 8 16 32
476  183  266 0  34 1 6 1 2 4 8 16 32
477   14  431 0  90 1 6 1 2 4 8 16 32
478  307  125 0  22 1 6 1 2 4 8 16 32
479  962  441 0  83 1 6 1 2 4 8 16 32
480  140  420 0  21 1 6 1 2 4 8 16 32
481  690  607 0  19 1 6 1 2 4 8 16 32
482  394  227 0  48 1 6 1 2 4 8 16 32
483  776  858 0  53 1 6 1 2 4 8 16 32
484  335  768 0   5 1 6 1 2 4 8 16 32
485  752  403 0  37 1 6 1 2 4 8 16 32
486  907  883 0  35 1 6 1 2 4 8 16 32
487  837  413 0  98 1 6 1 2 4 8 16 32
488  493  251 0  45 1 6 1 2 4 8 16 32
489  879    0 0  55 1 6 1 2 4 8 16 32
490  573  324 0  40 1 6 1 2 4 8 16 32
491  247   58 0  97 1 6 1 2 4 8 16 32
492  694  667 0   4 1 6 1 2 4 8 16 32
493  644  825 0  63 1 6 1 2 4 8 16 32
494  792  868 0  90 1 6 1 2 4 8 16 32
495  185  453 0  75 1 6 1 2 4 8 16 32
496  500  239 0  60 1 6 1 2 4 8 16 32
497  840  701 0  11 1 6 1 2 4 8 16 32
498  218  390 0  45 1 6 1 2 4 8 16 32
499  188   90 0   5 1 6 1 2 4 8 16 32
500  650  957 0  73 1 6 1 2 4 8 16 32
501  538    1 0  87 1 6 1 2 4 8 16 32
502  976  704 0  52 1 6 1 2 4 8 16 32
503  816  519 0  57 1 6 1 2 4 8 16 32
504   28  494 0  54 1 6 1 2 4 8 16 32
505   93  501 0  86 1 6 1 2 4 8 16 32
506  754  371 0   1 1 6 1 2 4 8 16 32
507  399  665 0   8 1 6 1 2 4 8 16 32
508  282  294 0  68 1 6 1 2 4 8 16 32
509  763  866 0  59 1 6 1 2 4 8 16 32
510  687   89 0  44 1 6 1 2 4 8 16 32
511  117  409 0  35 1 6 1 2 4 8 16 32
512  551  168 0  39 1 6 1 2 4 8 16 32
513   29  279 0  98 1 6 1 2 4 8 16 32
514  735   36 0  57 1 6 1 2 4 8 16 32
515  772  802 0  93 1 6 1 2 4 8 16 32
516  865    2 0  56 1 6 1 2 4 8 16 32
517  186  498 0  71 1 6 1 2 4 8 16 32
518   42  211 0  90 1 6 1 2 4 8 16 32
519  582  861 0  12 1 6 1 2 4 8 16 32
520  443   92 0  32 1 6 1 2 4 8 16 32
521  101  969 0  74 1 6 1 2 4 8 16 32
522  340  773 0   1 1 6 1 2 4 8 16 32
523  445   53 0  46 1 6 1 2 4 8 16 32
524  462  794 0  54 1 6 1 2 4 8 16 32
525  276  351 0  50 1 6 1 2 4 8 16 32
526   63  708 0  90 1 6 1 2 4 8 16 32
527  241  454 0  57 1 6 1 2 4 8 16 32
528  748  391 0  20 1 6 1 2 4 8 16 32
529   29  862 0  68 1 6 1 2 4 8 16 32
530  377  168 0  92 1 6 1 2 4 8 16 32
531    1  782 0  88 1 6 1 2 4 8 16 32
532  433   85 0  68 1 6 1 2 4 8 16 32
533  279  208 0  94 1 6 1 2 4 8 16 32
534  792  266 0  50 1 6 1 2 4 8 16 32
535  811  717 0  91 1 6 1 2 4 8 16 32
536  762  958 0   9 1 6 1 2 4 8 16 32
537  593  655 0  69 1 6 1 2 4 8 16 32
538  539  739 0  31 1 6 1 2 4 8 16 32
539  109  343 0  11 1 6 1 2 4 8 16 32
540  401  873 0  78 1 6 1 2 4 8 16 32
541  515  383 0  71 1 6 1 2 4 8 16 32
542   94  222 0  90 1 6 1 2 4 8 16 32
543  724  445 0  27 1 6 1 2 4 8 16 32
544  218  552 0  76 1 6 1 2 4 8 16 32
545  912  289 0  59 1 6 1 2 4 8 16 32
546  130  144 0  84 1 6 1 2 4 8 16 32
547  108  220 0  31 1 6 1 2 4 8 16 32
548  621  204 0  40 1 6 1 2 4 8 16 32
549  857  771 0  40 1 6 1 2 4 8 16 32
550  373  792 0  93 1 6 1 2 4 8 16 32
551  608  674 0   5 1 6 1 2 4 8 16 32
552  578  602 0  46 1 6 1 2 4 8 16 32
553  944  866 0   7 1 6 1 2 4 8 16 32
554  264  713 0  79 1 6 1 2 4 8 16 32
555  310  128 0  56 1 6 1 2 4 8 16 32
556   82  822 0  93 1 6 1 2 4 8 16 32
557  631  946 0  52 1 6 1 2 4 8 16 32
558  499  610 0  56 1 6 1 2 4 8 16 32
559  244  116 0  58 1 6 1 2 4 8 16 32
560  224  626 0  56 1 6 1 2 4 8 16 32
561   61  953 0   4 1 6 1 2 4 8 16 32
562  749  695 0  58 1 6 1 2 4 8 16 32
563  882   46 0  14 1 6 1 2 4 8 16 32
564  596  775 0  99 1 6 1 2 4 8 16 32
565  188  773 0 100 1 6 1 2 4 8 16 32
566   59  182 0  64 1 6 1 2 4 8 16 32
567  450   88 0  43 1 6 1 2 4 8 16 32
568  763  988 0   3 1 6 1 2 4 8 16 32
569  487  144 0  64 1 6 1 2 4 8 16 32
570  830  601 0  49 1 6 1 2 4 8 16 32
571  112  421 0  83 1 6 1 2 4 8 16 32
572  507  431 0  15 1 6 1 2 4 8 16 32
573  623  318 0  34 1 6 1 2 4 8 16 32
574  323  966 0  17 1 6 1 2 4 8 16 32
575    4  629 0  74 1 6 1 2 4 8 16 32
576  460  243 0  83 1 6 1 2 4 8 16 32
577   31  794 0  23 1 6 1 2 4 8 16 32
578  478  676 0  81 1 6 1 2 4 8 16 32
579  619  849 0  91 1 6 1 2 4 8 16 32
580  676  757 0  52 1 6 1 2 4 8 16 32
581  302  872 0  76 1 6 1 2 4 8 16 32
582  134  148 0  74 1 6 1 2 4 8 16 32
583  674  318 0  56 1 6 1 2 4 8 16 32
584  455  674 0  23 1 6 1 2 4 8 16 32
585  320  198 0   2 1 6 1 2 4 8 16 32
586  628  607 0  51 1 6 1 2 4 8 16 32
587  614  300 0  45 1 6 1 2 4 8 16 32
588  890  998 0  12 1 6 1 2 4 8 16 32
589   70  611 0  96 1 6 1 2 4 8 16 32
590   38  691 0  57 1 6 1 2 4 8 16 32
591  958  222 0  78 1 6 1 2 4 8 16 32
592  650  108 0  62 1 6 1 2 4 8 16 32
593  190  449 0  78 1 6 1 2 4 8 16 32
594  646  641 0  36 1 6 1 2 4 8 16 32
595  707  692 0  33 1 6 1 2 4 8 16 32
596  176  342 0  86 1 6 1 2 4 8 16 32
597  353  432 0  61 1 6 1 2 4 8 16 32
598  909  357 0  45 1 6 1 2 4 8 16 32
599  835  330 0  22 1 6 1 2 4 8 16 32
600  550  975 0  98 1 6 1 2 4 8 16 32
601  465  420 0  48 1 6 1 2 4 8 16 32
602   47  781 0  43 1 6 1 2 4 8 16 32
603    9   52 0  38 1 6 1 2 4 8 16 32
604  386  224 0  30 1 6 1 2 4 8 16 32
605  252  612 0   4 1 6 1 2 4 8 16 32
606  745  646 0  34 1 6 1 2 4 8 16 32
607  220  576 0  51 1 6 1 2 4 8 16 32
608   78  238 0  37 1 6 1 2 4 8 16 32
609  368 1000 0  77 1 6 1 2 4 8 16 32
610  685  945 0  45 1 6 1 2 4 8 16 32
611  302   36 0  98 1 6 1 2 4 8 16 32
612  267  938 0  91 1 6 1 2 4 8 16 32
613  219  570 0  28 1 6 1 2 4 8 16 32
614  100  602 0  33 1 6 1 2 4 8 16 32
615  941   91 0  84 1 6 1 2 4 8 16 32
616  516  475 0  72 1 6 1 2 4 8 16 32
617  427  429 0  76 1 6 1 2 4 8 16 32
618  821   57 0  65 1 6 1 2 4 8 16 32
619  833  820 0  41 1 6 1 2 4 8 16 32
620  663  195 0  90 1 6 1 2 4 8 16 32
621  430  204 0   5 1 6 1 2 4 8 16 32
622  799  985 0  74 1 6 1 2 4 8 16 32
623  690  978 0  16 1 6 1 2 4 8 16 32
624  827  435 0  24 1 6 1 2 4 8 16 32
625  667  254 0  15 1 6 1 2 4 8 16 32
626   29  915 0  92 1 6 1 2 4 8 16 32
627  656  533 0  72 1 6 1 2 4 8 16 32
628  961  972 0  82 1 6 1 2 4 8 16 32
629  910  548 0  76 1 6 1 2 4 8 16 32
630  119  514 0  46 1 6 1 2 4 8 16 32
631  354  516 0  27 1 6 1 2 4 8 16 32
632  771  654 0  88 1 6 1 2 4 8 16 32
633  965  514 0  39 1 6 1 2 4 8 16 32
634   77  906 0  13 1 6 1 2 4 8 16 32
635  809  237 0  93 1 6 1 2 4 8 16 32
636  124  992 0  92 1 6 1 2 4 8 16 32
637  648  168 0  96 1 6 1 2 4 8 16 32
638  904  575 0  97 1 6 1 2 4 8 16 32
639  879  685 0  16 1 6 1 2 4 8 16 32
640  789  886 0  78 1 6 1 2 4 8 16 32
641  434  463 0  43 1 6 1 2 4 8 16 32
642  681  914 0  27 1 6 1 2 4 8 16 32
643  569  216 0  40 1 6 1 2 4 8 16 32
644   15  388 0   8 1 6 1 2 4 8 16 32
645  985   22 0  24 1 6 1 2 4 8 16 32
646  370  958 0  72 1 6 1 2 4 8 16 32
647   95  952 0  54 1 6 1 2 4 8 16 32
648  834  432 0   4 1 6 1 2 4 8 16 32
649  416  733 0  21 1 6 1 2 4 8 16 32
650  299  727 0  20 1 6 1 2 4 8 16 32
651  339  476 0   7 1 6 1 2 4 8 16 32
652  424  173 0  30 1 6 1 2 4 8 16 32
653  472  931 0   3 1 6 1 2 4 8 16 32
654   75  116 0  60 1 6 1 2 4 8 16 32
655  404  301 0  30 1 6 1 2 4 8 16 32
656  687   77 0  29 1 6 1 2 4 8 16 32
657  618   30 0  15 1 6 1 2 4 8 16 32
658  607  140 0  13 1 6 1 2 4 8 16 32
659  646  975 0  54 1 6 1 2 4 8 16 32
660  308  792 0  83 1 6 1 2 4 8 16 32
661  531  724 0  74 1 6 1 2 4 8 16 32
662  843  676 0  31 1 6 1 2 4 8 16 32
663  815  364 0  92 1 6 1 2 4 8 16 32
664  966   29 0  59 1 6 1 2 4 8 16 32
665  628  524 0   6 1 6 1 2 4 8 16 32
666   88  887 0  90 1 6 1 2 4 8 16 32
667  717   56 0  13 1 6 1 2 4 8 16 32
668  187  300 0  37 1 6 1 2 4 8 16 32
669  774  217 0  37 1 6 1 2 4 8 16 32
670  693  316 0  11 1 6 1 2 4 8 16 32
671  762  131 0  44 1 6 1 2 4 8 16 32
672  607  250 0  13 1 6 1 2 4 8 16 32
673  133  375 0  89 1 6 1 2 4 8 16 32
674   56  361 0  84 1 6 1 2 4 8 16 32
675  977  326 0  37 1 6 1 2 4 8 16 32
676   92  992 0  68 1 6 1 2 4 8 16 32
677  181  989 0  14 1 6 1 2 4 8 16 32
678  965  995 0  18 1 6 1 2 4 8 16 32
679  608  488 0  99 1 6 1 2 4 8 16 32
680  502  667 0  37 1 6 1 2 4 8 16 32
681  701  574 0  83 1 6 1 2 4 8 16 32
682   57  209 0  81 1 6 1 2 4 8 16 32
683   89  468 0  30 1 6 1 2 4 8 16 32
684  552  902 0  79 1 6 1 2 4 8 16 32
685  288  726 0  82 1 6 1 2 4 8 16 32
686  246  517 0  27 1 6 1 2 4 8 16 32
687  595  388 0  74 1 6 1 2 4 8 16 32
688  743  345 0   9 1 6 1 2 4 8 16 32
689  143  681 0  44 1 6 1 2 4 8 16 32
690  443  613 0  79 1 6 1 2 4 8 16 32
691  619  856 0  76 1 6 1 2 4 8 16 32
692  701   24 0   5 1 6 1 2 4 8 16 32
693  736  779 0  92 1 6 1 2 4 8 16 32
694  244  834 0  95 1 6 1 2 4 8 16 32
695  285  577 0  79 1 6 1 2 4 8 16 32
696  477  214 0  53 1 6 1 2 4 8 16 32
697  415  411 0  36 1 6 1 2 4 8 16 32
698  227  371 0   5 1 6 1 2 4 8 16 32
699  306  255 0  97 1 6 1 2 4 8 16 32
700  649  844 0   6 1 6 1 2 4 8 16 32
701  539  413 0  90 1 6 1 2 4 8 16 32
702    2  741 0  55 1 6 1 2 4 8 16 32
703  994  114 0   9 1 6 1 2 4 8 16 32
704  538  543 0  28 1 6 1 2 4 8 16 32
705   37  440 0  47 1 6 1 2 4 8 16 32
706  857  423 0  68 1 6 1 2 4 8 16 32
707  479  712 0  68 1 6 1 2 4 8 16 32
708   70  880 0  13 1 6 1 2 4 8 16 32
709  465  112 0  93 1 6 1 2 4 8 16 32
710  203  818 0  84 1 6 1 2 4 8 16 32
711  962  317 0  80 1 6 1 2 4 8 16 32
712  757  826 0  66 1 6 1 2 4 8 16 32
713  337  411 0  20 1 6 1 2 4 8 16 32
714  882  845 0  79 1 6 1 2 4 8 16 32
715  157  701 0   4 1 6 1 2 4 8 16 32
716  137  193 0  18 1 6 1 2 4 8 16 32
717   48  687 0   3 1 6 1 2 4 8 16 32
718  182  927 0  46 1 6 1 2 4 8 16 32
719  441  641 0  58 1 6 1 2 4 8 16 32
720  264  238 0  86 1 6 1 2 4 8 16 32
721  116  943 0  87 1 6 1 2 4 8 16 32
722  479  332 0  93 1 6 1 2 4 8 16 32
723   47  421 0  71 1 6 1 2 4 8 16 32
724  178  870 0  12 1 6 1 2 4 8 16 32
725  892  381 0  74 1 6 1 2 4 8 16 32
726  373  715 0  63 1 6 1 2 4 8 16 32
727   73  256 0   1 1 6 1 2 4 8 16 32
728  200  408 0  15 1 6 1 2 4 8 16 32
729  197   47 0  78 1 6 1 2 4 8 16 32
730   29  680 0  48 1 6 1 2 4 8 16 32
731  310  263 0  43 1 6 1 2 4 8 16 32
732  776  321 0  97 1 6 1 2 4 8 16 32
733   60  537 0  70 1 6 1 2 4 8 16 32
734  597  335 0  10 1 6 1 2 4 8 16 32
735  201  168 0   6 1 6 1 2 4 8 16 32
736  842  636 0  60 1 6 1 2 4 8 16 32
737   34  171 0  59 1 6 1 2 4 8 16 32
738    4   32 0  86 1 6 1 2 4 8 16 32
739  677   17 0  79 1 6 1 2 4 8 16 32
740  663  458 0  37 1 6 1 2 4 8 16 32
741  201  420 0   7 1 6 1 2 4 8 16 32
742  628  223 0  63 1 6 1 2 4 8 16 32
743  354  506 0  92 1 6 1 2 4 8 16 32
744  869  789 0  46 1 6 1 2 4 8 16 32
745  539  353 0  43 1 6 1 2 4 8 16 32
746  421  225 0  30 1 6 1 2 4 8 16 32
747  122  759 0  79 1 6 1 2 4 8 16 32
748  611  170 0  65 1 6 1 2 4 8 16 32
749  815  178 0  15 1 6 1 2 4 8 16 32
750  906  822 0  37 1 6 1 2 4 8 16 32
751  679  701 0  29 1 6 1 2 4 8 16 32
752  360  127 0  37 1 6 1 2 4 8 16 32
753  786  912 0  36 1 6 1 2 4 8 16 32
754   63  508 0   5 1 6 1 2 4 8 16 32
755  793  717 0  94 1 6 1 2 4 8 16 32
756  303   87 0  36 1 6 1 2 4 8 16 32
757  994  647 0  91 1 6 1 2 4 8 16 32
758   34  830 0  33 1 6 1 2 4 8 16 32
759  822   39 0  72 1 6 1 2 4 8 16 32
760  156  708 0  14 1 6 1 2 4 8 16 32
761  334  614 0  51 1 6 1 2 4 8 16 32
762  157   32 0  99 1 6 1 2 4 8 16 32
763  193  762 0  66 1 6 1 2 4 8 16 32
764  880  612 0  57 1 6 1 2 4 8 16 32
765  293  997 0  10 1 6 1 2 4 8 16 32
766  880  846 0  66 1 6 1 2 4 8 16 32
767    2  969 0  87 1 6 1 2 4 8 16 32
768  730    3 0  57 1 6 1 2 4 8 16 32
769  712  174 0  28 1 6 1 2 4 8 16 32
770  311    9 0  56 1 6 1 2 4 8 16 32
771   46  181 0  90 1 6 1 2 4 8 16 32
772  994  700 0  28 1 6 1 2 4 8 16 32
773   46  468 0  48 1 6 1 2 4 8 16 32
774  339  762 0  73 1 6 1 2 4 8 16 32
775  305  336 0  57 1 6 1 2 4 8 16 32
776  572  384 0  54 1 6 1 2 4 8 16 32
777  437  607 0   7 1 6 1 2 4 8 16 32
778  514  113 0  87 1 6 1 2 4 8 16 32
779  533  843 0  47 1 6 1 2 4 8 16 32
780  748  179 0  94 1 6 1 2 4 8 16 32
781  600  855 0  99 1 6 1 2 4 8 16 32
782  807  287 0  67 1 6 1 2 4 8 16 32
783  382  851 0  81 1 6 1 2 4 8 16 32
784   96  646 0  99 1 6 1 2 4 8 16 32
785  211  986 0  70 1 6 1 2 4 8 16 32
786  236  603 0  35 1 6 1 2 4 8 16 32
787  667  288 0  18 1 6 1 2 4 8 16 32
788   97  183 0  56 1 6 1 2 4 8 16 32
789  455  307 0  57 1 6 1 2 4 8 16 32
790  266  263 0  96 1 6 1 2 4 8 16 32
791  675  363 0  67 1 6 1 2 4 8 16 32
792  251  227 0  69 1 6 1 2 4 8 16 32
793  921  339 0  92 1 6 1 2 4 8 16 32
794   68  216 0   3 1 6 1 2 4 8 16 32
795  917  407 0  70 1 6 1 2 4 8 16 32
796  402  169 0  68 1 6 1 2 4 8 16 32
797  288  692 0  84 1 6 1 2 4 8 16 32
798  218  102 0  12 1 6 1 2 4 8 16 32
799  680  504 0  59 1 6 1 2 4 8 16 32
800  108  435 0  97 1 6 1 2 4 8 16 32
801  645  936 0   5 1 6 1 2 4 8 16 32
802  715  727 0  60 1 6 1 2 4 8 16 32
803  679  290 0  80 1 6 1 2 4 8 16 32
804  398  470 0  23 1 6 1 2 4 8 16 32
805  461  498 0  88 1 6 1 2 4 8 16 32
806  669   44 0  48 1 6 1 2 4 8 16 32
807  258  681 0  26 1 6 1 2 4 8 16 32
808  877   35 0  13 1 6 1 2 4 8 16 32
809  947  974 0  43 1 6 1 2 4 8 16 32
810  364  394 0  52 1 6 1 2 4 8 16 32
811  798  783 0  77 1 6 1 2 4 8 16 32
812  462  120 0  57 1 6 1 2 4 8 16 32
813  910    7 0  58 1 6 1 2 4 8 16 32
814  799  582 0  85 1 6 1 2 4 8 16 32
815  659  327 0  67 1 6 1 2 4 8 16 32
816  272    5 0  47 1 6 1 2 4 8 16 32
817  369  510 0  24 1 6 1 2 4 8 16 32
818  685  970 0   1 1 6 1 2 4 8 16 32
819   38  196 0  51 1 6 1 2 4 8 16 32
820  747  869 0  86 1 6 1 2 4 8 16 32
821  904  751 0  35 1 6 1 2 4 8 16 32
822  738  419 0  80 1 6 1 2 4 8 16 32
823  604  684 0  28 1 6 1 2 4 8 16 32
824    6   41 0  47 1 6 1 2 4 8 16 32
825  449  910 0  33 1 6 1 2 4 8 16 32
826  436  810 0  35 1 6 1 2 4 8 16 32
827  467  329 0  59 1 6 1 2 4 8 16 32
828  436  959 0  61 1 6 1 2 4 8 16 32
829  926  905 0  20 1 6 1 2 4 8 16 32
830  889  790 0  70 1 6 1 2 4 8 16 32
831  957  599 0  37 1 6 1 2 4 8 16 32
832  733  903 0  13 1 6 1 2 4 8 16 32
833  449  610 0  81 1 6 1 2 4 8 16 32
834   31  175 0  60 1 6 1 2 4 8 16 32
835  415  361 0  74 1 6 1 2 4 8 16 32
836  193   70 0  40 1 6 1 2 4 8 16 32
837  669  526 0  34 1 6 1 2 4 8 16 32
838  565  357 0  72 1 6 1 2 4 8 16 32
839  176   98 0  23 1 6 1 2 4 8 16 32
840  271  111 0  83 1 6 1 2 4 8 16 32
841  959  567 0  33 1 6 1 2 4 8 16 32
842  849   65 0  67 1 6 1 2 4 8 16 32
843  465  835 0  87 1 6 1 2 4 8 16 32
844  343   67 0  95 1 6 1 2 4 8 16 32
845  622    3 0  87 1 6 1 2 4 8 16 32
846   99  678 0  47 1 6 1 2 4 8 16 32
847  336  989 0  68 1 6 1 2 4 8 16 32
848  729  721 0  69 1 6 1 2 4 8 16 32
849  751   87 0  78 1 6 1 2 4 8 16 32
850   62  598 0  80 1 6 1 2 4 8 16 32
851  658  585 0  44 1 6 1 2 4 8 16 32
852  156  256 0  99 1 6 1 2 4 8 16 32
853  285  188 0  89 1 6 1 2 4 8 16 32
854  728  363 0  31 1 6 1 2 4 8 16 32
855  314  581 0  76 1 6 1 2 4 8 16 32
856  370   88 0  41 1 6 1 2 4 8 16 32
857  836  361 0  55 1 6 1 2 4 8 16 32
858  802  642 0   7 1 6 1 2 4 8 16 32
859  356  200 0   0 0 0
860  434  759 0   0 0 0
861  251  142 0   0 0 0
862  134  314 0   0 0 0
863  453  299 0   0 0 0
864  788  327 0   0 0 0
