2 74 859 10
0 252
0 252
0 252
0 252
0 252
0 252
0 252
0 252
0 252
0 252
  1  390  758 0  23 1 10 1 2 4 8 16 32 64 128 256 512
  2  566  129 0  24 1 10 1 2 4 8 16 32 64 128 256 512
  3  235  119 0  17 1 10 1 2 4 8 16 32 64 128 256 512
  4  348  270 0   6 1 10 1 2 4 8 16 32 64 128 256 512
  5  278  323 0  98 1 10 1 2 4 8 16 32 64 128 256 512
  6  211   74 0  69 1 10 1 2 4 8 16 32 64 128 256 512
  7  916  167 0  60 1 10 1 2 4 8 16 32 64 128 256 512
  8  713  546 0   8 1 10 1 2 4 8 16 32 64 128 256 512
  9   96  182 0  11 1 10 1 2 4 8 16 32 64 128 256 512
 10  905  706 0   1 1 10 1 2 4 8 16 32 64 128 256 512
 11   13  312 0  93 1 10 1 2 4 8 16 32 64 128 256 512
 12  109  298 0  66 1 10 1 2 4 8 16 32 64 128 256 512
 13  875  804 0  13 1 10 1 2 4 8 16 32 64 128 256 512
 14  380  868 0  14 1 10 1 2 4 8 16 32 64 128 256 512
 15  969  389 0  92 1 10 1 2 4 8 16 32 64 128 256 512
 16  865  399 0  42 1 10 1 2 4 8 16 32 64 128 256 512
 17  501  693 0  27 1 10 1 2 4 8 16 32 64 128 256 512
 18   14  250 0  70 1 10 1 2 4 8 16 32 64 128 256 512
 19  808  643 0  69 1 10 1 2 4 8 16 32 64 128 256 512
 20  707  664 0  74 1 10 1 2 4 8 16 32 64 128 256 512
 21  557  993 0  62 1 10 1 2 4 8 16 32 64 128 256 512
 22   46  515 0  66 1 10 1 2 4 8 16 32 64 128 256 512
 23  174   44 0  62 1 10 1 2 4 8 16 32 64 128 256 512
 24  673  134 0  50 1 10 1 2 4 8 16 32 64 128 256 512
 25  473  882 0  96 1 10 1 2 4 8 16 32 64 128 256 512
 26  681  964 0  15 1 10 1 2 4 8 16 32 64 128 256 512
 27   49  608 0  80 1 10 1 2 4 8 16 32 64 128 256 512
 28  125  414 0  92 1 10 1 2 4 8 16 32 64 128 256 512
 29  586  391 0 100 1 10 1 2 4 8 16 32 64 128 256 512
 30   70  125 0  34 1 10 1 2 4 8 16 32 64 128 256 512
 31  887   89 0  91 1 10 1 2 4 8 16 32 64 128 256 512
 32  472   21 0  98 1 10 1 2 4 8 16 32 64 128 256 512
 33  239  798 0  63 1 10 1 2 4 8 16 32 64 128 256 512
 34   76  508 0  98 1 10 1 2 4 8 16 32 64 128 256 512
 35  215  708 0  36 1 10 1 2 4 8 16 32 64 128 256 512
 36  860  563 0  32 1 10 1 2 4 8 16 32 64 128 256 512
 37  860  562 0  32 1 10 1 2 4 8 16 32 64 128 256 512
 38  327  186 0  60 1 10 1 2 4 8 16 32 64 128 256 512
 39  970  132 0   9 1 10 1 2 4 8 16 32 64 128 256 512
 40  841  907 0  39 1 10 1 2 4 8 16 32 64 128 256 512
 41  620  156 0  20 1 10 1 2 4 8 16 32 64 128 256 512
 42  938  339 0  28 1 10 1 2 4 8 16 32 64 128 256 512
 43  258   99 0   3 1 10 1 2 4 8 16 32 64 128 256 512
 44  694  795 0  79 1 10 1 2 4 8 16 32 64 128 256 512
 45  404  924 0  80 1 10 1 2 4 8 16 32 64 128 256 512
 46  596  548 0  47 1 10 1 2 4 8 16 32 64 128 256 512
 47  196  726 0  98 1 10 1 2 4 8 16 32 64 128 256 512
 48  515  824 0  99 1 10 1 2 4 8 16 32 64 128 256 512
 49  889   18 0  56 1 10 1 2 4 8 16 32 64 128 256 512
 50  964  772 0  15 1 10 1 2 4 8 16 32 64 128 256 512
 51 1000   84 0  26 1 10 1 2 4 8 16 32 64 128 256 512
 52  373  145 0  75 1 10 1 2 4 8 16 32 64 128 256 512
 53  401  575 0   5 1 10 1 2 4 8 16 32 64 128 256 512
 54  907  937 0  26 1 10 1 2 4 8 16 32 64 128 256 512
 55  726  720 0   6 1 10 1 2 4 8 16 32 64 128 256 512
 56  809  495 0  31 1 10 1 2 4 8 16 32 64 128 256 512
 57  329  953 0  12 1 10 1 2 4 8 16 32 64 128 256 512
 58  821  777 0  18 1 10 1 2 4 8 16 32 64 128 256 512
 59  196  753 0  73 1 10 1 2 4 8 16 32 64 128 256 512
 60  979  599 0  15 1 10 1 2 4 8 16 32 64 128 256 512
 61  779  524 0  87 1 10 1 2 4 8 16 32 64 128 256 512
 62  121  673 0  45 1 10 1 2 4 8 16 32 64 128 256 512
 63  540  925 0  77 1 10 1 2 4 8 16 32 64 128 256 512
 64  840  604 0  16 1 10 1 2 4 8 16 32 64 128 256 512
 65  338  497 0  48 1 10 1 2 4 8 16 32 64 128 256 512
 66   20  137 0  97 1 10 1 2 4 8 16 32 64 128 256 512
 67  922  600 0  90 1 10 1 2 4 8 16 32 64 128 256 512
 68  781  199 0  22 1 10 1 2 4 8 16 32 64 128 256 512
 69  141  283 0  85 1 10 1 2 4 8 16 32 64 128 256 512
 70  730  213 0  70 1 10 1 2 4 8 16 32 64 128 256 512
 71  626  872 0  54 1 10 1 2 4 8 16 32 64 128 256 512
 72  266  701 0  12 1 10 1 2 4 8 16 32 64 128 256 512
 73  855  857 0  23 1 10 1 2 4 8 16 32 64 128 256 512
 74   99  742 0  79 1 10 1 2 4 8 16 32 64 128 256 512
 75  848  616 0  24 1 10 1 2 4 8 16 32 64 128 256 512
 76  698  866 0  93 1 10 1 2 4 8 16 32 64 128 256 512
 77  811  487 0   4 1 10 1 2 4 8 16 32 64 128 256 512
 78  720  945 0  79 1 10 1 2 4 8 16 32 64 128 256 512
 79  395  400 0  41 1 10 1 2 4 8 16 32 64 128 256 512
 80  993  150 0  74 1 10 1 2 4 8 16 32 64 128 256 512
 81  412  347 0  82 1 10 1 2 4 8 16 32 64 128 256 512
 82  439  293 0  36 1 10 1 2 4 8 16 32 64 128 256 512
 83  860  342 0  41 1 10 1 2 4 8 16 32 64 128 256 512
 84  691  489 0  35 1 10 1 2 4 8 16 32 64 128 256 512
 85  745  595 0  10 1 10 1 2 4 8 16 32 64 128 256 512
 86  591  493 0  84 1 10 1 2 4 8 16 32 64 128 256 512
 87  687  186 0  40 1 10 1 2 4 8 16 32 64 128 256 512
 88  276  318 0  84 1 10 1 2 4 8 16 32 64 128 256 512
 89  788   79 0  45 1 10 1 2 4 8 16 32 64 128 256 512
 90  131  910 0  48 1 10 1 2 4 8 16 32 64 128 256 512
 91  875  475 0  90 1 10 1 2 4 8 16 32 64 128 256 512
 92  296  697 0  46 1 10 1 2 4 8 16 32 64 128 256 512
 93  468  482 0   5 1 10 1 2 4 8 16 32 64 128 256 512
 94   79  436 0  41 1 10 1 2 4 8 16 32 64 128 256 512
 95  918  254 0  60 1 10 1 2 4 8 16 32 64 128 256 512
 96  887  883 0  39 1 10 1 2 4 8 16 32 64 128 256 512
 97  888  384 0   8 1 10 1 2 4 8 16 32 64 128 256 512
 98  546  543 0  10 1 10 1 2 4 8 16 32 64 128 256 512
 99  326   62 0  52 1 10 1 2 4 8 16 32 64 128 256 512
100  797  985 0   5 1 10 1 2 4 8 16 32 64 128 256 512
101  196  632 0   5 1 10 1 2 4 8 16 32 64 128 256 512
102  977  729 0  60 1 10 1 2 4 8 16 32 64 128 256 512
103  420   55 0  27 1 10 1 2 4 8 16 32 64 128 256 512
104  167  108 0  64 1 10 1 2 4 8 16 32 64 128 256 512
105    7  809 0  66 1 10 1 2 4 8 16 32 64 128 256 512
106  267  659 0  36 1 10 1 2 4 8 16 32 64 128 256 512
107  781  271 0  64 1 10 1 2 4 8 16 32 64 128 256 512
108  375  456 0  12 1 10 1 2 4 8 16 32 64 128 256 512
109  523   77 0  71 1 10 1 2 4 8 16 32 64 128 256 512
110  215   71 0   2 1 10 1 2 4 8 16 32 64 128 256 512
111  968  509 0  74 1 10 1 2 4 8 16 32 64 128 256 512
112  430  761 0  83 1 10 1 2 4 8 16 32 64 128 256 512
113  753  442 0  31 1 10 1 2 4 8 16 32 64 128 256 512
114  415  487 0  89 1 10 1 2 4 8 16 32 64 128 256 512
115  787  839 0  58 1 10 1 2 4 8 16 32 64 128 256 512
116  921  657 0  84 1 10 1 2 4 8 16 32 64 128 256 512
117  720  126 0  32 1 10 1 2 4 8 16 32 64 128 256 512
118  687  523 0  29 1 10 1 2 4 8 16 32 64 128 256 512
119  919  890 0  73 1 10 1 2 4 8 16 32 64 128 256 512
120  552   23 0  76 1 10 1 2 4 8 16 32 64 128 256 512
121  411  558 0  98 1 10 1 2 4 8 16 32 64 128 256 512
122  767  632 0  77 1 10 1 2 4 8 16 32 64 128 256 512
123  534  973 0  79 1 10 1 2 4 8 16 32 64 128 256 512
124  252  173 0  87 1 10 1 2 4 8 16 32 64 128 256 512
125   62  479 0  42 1 10 1 2 4 8 16 32 64 128 256 512
126  360   58 0  69 1 10 1 2 4 8 16 32 64 128 256 512
127  193  394 0  19 1 10 1 2 4 8 16 32 64 128 256 512
128  492   83 0  51 1 10 1 2 4 8 16 32 64 128 256 512
129  637  571 0   2 1 10 1 2 4 8 16 32 64 128 256 512
130  643  953 0  47 1 10 1 2 4 8 16 32 64 128 256 512
131  348  120 0  46 1 10 1 2 4 8 16 32 64 128 256 512
132   55  707 0  88 1 10 1 2 4 8 16 32 64 128 256 512
133  101  298 0  17 1 10 1 2 4 8 16 32 64 128 256 512
134  853  800 0  60 1 10 1 2 4 8 16 32 64 128 256 512
135  995  790 0  23 1 10 1 2 4 8 16 32 64 128 256 512
136  697  186 0  85 1 10 1 2 4 8 16 32 64 128 256 512
137  954  809 0   3 1 10 1 2 4 8 16 32 64 128 256 512
138  733  788 0  32 1 10 1 2 4 8 16 32 64 128 256 512
139  385  358 0  95 1 10 1 2 4 8 16 32 64 128 256 512
140  461  191 0  51 1 10 1 2 4 8 16 32 64 128 256 512
141  162  841 0  16 1 10 1 2 4 8 16 32 64 128 256 512
142  483   51 0   2 1 10 1 2 4 8 16 32 64 128 256 512
143  307  545 0  19 1 10 1 2 4 8 16 32 64 128 256 512
144  583  720 0  51 1 10 1 2 4 8 16 32 64 128 256 512
145  464  439 0 100 1 10 1 2 4 8 16 32 64 128 256 512
146   92  151 0  45 1 10 1 2 4 8 16 32 64 128 256 512
147  909  187 0  73 1 10 1 2 4 8 16 32 64 128 256 512
148  587  352 0  31 1 10 1 2 4 8 16 32 64 128 256 512
149  638  100 0  56 1 10 1 2 4 8 16 32 64 128 256 512
150  857  344 0  10 1 10 1 2 4 8 16 32 64 128 256 512
151  948  456 0  62 1 10 1 2 4 8 16 32 64 128 256 512
152  914  969 0 100 1 10 1 2 4 8 16 32 64 128 256 512
153  720  578 0  53 1 10 1 2 4 8 16 32 64 128 256 512
154  404  552 0  77 1 10 1 2 4 8 16 32 64 128 256 512
155  660  320 0   5 1 10 1 2 4 8 16 32 64 128 256 512
156  909  445 0  88 1 10 1 2 4 8 16 32 64 128 256 512
157  684  763 0  57 1 10 1 2 4 8 16 32 64 128 256 512
158   38   21 0  59 1 10 1 2 4 8 16 32 64 128 256 512
159  134  329 0  69 1 10 1 2 4 8 16 32 64 128 256 512
160  395  224 0   8 1 10 1 2 4 8 16 32 64 128 256 512
161  870  671 0  61 1 10 1 2 4 8 16 32 64 128 256 512
162  448  771 0  29 1 10 1 2 4 8 16 32 64 128 256 512
163   50  131 0  98 1 10 1 2 4 8 16 32 64 128 256 512
164  574  291 0  96 1 10 1 2 4 8 16 32 64 128 256 512
165  332  465 0   6 1 10 1 2 4 8 16 32 64 128 256 512
166  787  118 0  43 1 10 1 2 4 8 16 32 64 128 256 512
167  521  838 0  58 1 10 1 2 4 8 16 32 64 128 256 512
168  234  505 0  67 1 10 1 2 4 8 16 32 64 128 256 512
169  687  988 0  96 1 10 1 2 4 8 16 32 64 128 256 512
170  865  387 0  68 1 10 1 2 4 8 16 32 64 128 256 512
171  444  152 0  60 1 10 1 2 4 8 16 32 64 128 256 512
172  527   68 0  67 1 10 1 2 4 8 16 32 64 128 256 512
173  144  690 0  46 1 10 1 2 4 8 16 32 64 128 256 512
174  102  232 0  60 1 10 1 2 4 8 16 32 64 128 256 512
175  957  315 0  50 1 10 1 2 4 8 16 32 64 128 256 512
176  314   51 0  83 1 10 1 2 4 8 16 32 64 128 256 512
177  141  209 0  92 1 10 1 2 4 8 16 32 64 128 256 512
178  142  732 0  54 1 10 1 2 4 8 16 32 64 128 256 512
179   98   30 0  83 1 10 1 2 4 8 16 32 64 128 256 512
180  235  582 0  30 1 10 1 2 4 8 16 32 64 128 256 512
181   78  933 0  37 1 10 1 2 4 8 16 32 64 128 256 512
182   79  781 0  73 1 10 1 2 4 8 16 32 64 128 256 512
183  356  311 0  46 1 10 1 2 4 8 16 32 64 128 256 512
184  894  360 0  84 1 10 1 2 4 8 16 32 64 128 256 512
185   97  402 0  49 1 10 1 2 4 8 16 32 64 128 256 512
186  575  819 0  54 1 10 1 2 4 8 16 32 64 128 256 512
187  354  825 0  87 1 10 1 2 4 8 16 32 64 128 256 512
188   52  405 0  42 1 10 1 2 4 8 16 32 64 128 256 512
189  933  337 0  51 1 10 1 2 4 8 16 32 64 128 256 512
190   90  562 0  96 1 10 1 2 4 8 16 32 64 128 256 512
191  406  684 0  83 1 10 1 2 4 8 16 32 64 128 256 512
192  128  692 0  14 1 10 1 2 4 8 16 32 64 128 256 512
193  829  165 0 100 1 10 1 2 4 8 16 32 64 128 256 512
194  600  520 0  69 1 10 1 2 4 8 16 32 64 128 256 512
195  158  943 0  83 1 10 1 2 4 8 16 32 64 128 256 512
196  685   69 0  23 1 10 1 2 4 8 16 32 64 128 256 512
197  835  994 0  59 1 10 1 2 4 8 16 32 64 128 256 512
198  875  553 0  47 1 10 1 2 4 8 16 32 64 128 256 512
199  466  675 0  46 1 10 1 2 4 8 16 32 64 128 256 512
200  936  565 0  95 1 10 1 2 4 8 16 32 64 128 256 512
201  670  945 0  64 1 10 1 2 4 8 16 32 64 128 256 512
202  986  233 0   1 1 10 1 2 4 8 16 32 64 128 256 512
203  988  488 0  87 1 10 1 2 4 8 16 32 64 128 256 512
204  923  817 0  23 1 10 1 2 4 8 16 32 64 128 256 512
205  161  503 0  68 1 10 1 2 4 8 16 32 64 128 256 512
206  167  639 0  85 1 10 1 2 4 8 16 32 64 128 256 512
207  859  362 0  38 1 10 1 2 4 8 16 32 64 128 256 512
208  794  709 0  60 1 10 1 2 4 8 16 32 64 128 256 512
209  457  983 0  68 1 10 1 2 4 8 16 32 64 128 256 512
210  791   21 0  87 1 10 1 2 4 8 16 32 64 128 256 512
211  978  393 0   6 1 10 1 2 4 8 16 32 64 128 256 512
212  813  505 0  79 1 10 1 2 4 8 16 32 64 128 256 512
213  191  800 0  69 1 10 1 2 4 8 16 32 64 128 256 512
214  907  749 0   4 1 10 1 2 4 8 16 32 64 128 256 512
215  425  687 0  54 1 10 1 2 4 8 16 32 64 128 256 512
216  161  145 0  45 1 10 1 2 4 8 16 32 64 128 256 512
217  805   57 0  77 1 10 1 2 4 8 16 32 64 128 256 512
218  619  182 0  56 1 10 1 2 4 8 16 32 64 128 256 512
219  220  676 0  58 1 10 1 2 4 8 16 32 64 128 256 512
220  178  290 0  72 1 10 1 2 4 8 16 32 64 128 256 512
221  895  373 0  83 1 10 1 2 4 8 16 32 64 128 256 512
222   39  821 0  59 1 10 1 2 4 8 16 32 64 128 256 512
223  136  196 0  57 1 10 1 2 4 8 16 32 64 128 256 512
224    6  357 0  59 1 10 1 2 4 8 16 32 64 128 256 512
225  744  728 0  15 1 10 1 2 4 8 16 32 64 128 256 512
226  851  348 0  39 1 10 1 2 4 8 16 32 64 128 256 512
227  590  534 0   9 1 10 1 2 4 8 16 32 64 128 256 512
228  966  673 0 100 1 10 1 2 4 8 16 32 64 128 256 512
229  665  953 0  79 1 10 1 2 4 8 16 32 64 128 256 512
230  440  603 0  60 1 10 1 2 4 8 16 32 64 128 256 512
231  308  362 0  98 1 10 1 2 4 8 16 32 64 128 256 512
232  229  764 0  61 1 10 1 2 4 8 16 32 64 128 256 512
233  136  397 0  21 1 10 1 2 4 8 16 32 64 128 256 512
234  812  738 0  47 1 10 1 2 4 8 16 32 64 128 256 512
235  573  190 0   2 1 10 1 2 4 8 16 32 64 128 256 512
236  884  290 0  20 1 10 1 2 4 8 16 32 64 128 256 512
237  670  318 0   3 1 10 1 2 4 8 16 32 64 128 256 512
238  360  770 0  61 1 10 1 2 4 8 16 32 64 128 256 512
239  422  902 0  46 1 10 1 2 4 8 16 32 64 128 256 512
240   76  131 0  12 1 10 1 2 4 8 16 32 64 128 256 512
241  141  745 0   5 1 10 1 2 4 8 16 32 64 128 256 512
242  478  526 0  68 1 10 1 2 4 8 16 32 64 128 256 512
243  663  902 0  79 1 10 1 2 4 8 16 32 64 128 256 512
244  990  866 0  54 1 10 1 2 4 8 16 32 64 128 256 512
245  374  812 0  68 1 10 1 2 4 8 16 32 64 128 256 512
246  336  229 0  16 1 10 1 2 4 8 16 32 64 128 256 512
247  270  485 0  55 1 10 1 2 4 8 16 32 64 128 256 512
248  391  198 0  61 1 10 1 2 4 8 16 32 64 128 256 512
249   71  830 0  72 1 10 1 2 4 8 16 32 64 128 256 512
250  128  793 0  50 1 10 1 2 4 8 16 32 64 128 256 512
251  967  298 0  93 1 10 1 2 4 8 16 32 64 128 256 512
252  823  933 0  56 1 10 1 2 4 8 16 32 64 128 256 512
253  887  130 0  45 1 10 1 2 4 8 16 32 64 128 256 512
254  742  229 0  89 1 10 1 2 4 8 16 32 64 128 256 512
255  646  947 0  92 1 10 1 2 4 8 16 32 64 128 256 512
256  863  752 0  74 1 10 1 2 4 8 16 32 64 128 256 512
257    6   32 0  38 1 10 1 2 4 8 16 32 64 128 256 512
258  957  925 0  14 1 10 1 2 4 8 16 32 64 128 256 512
259  676  908 0  33 1 10 1 2 4 8 16 32 64 128 256 512
260  561  207 0  36 1 10 1 2 4 8 16 32 64 128 256 512
261  598   45 0  61 1 10 1 2 4 8 16 32 64 128 256 512
262  414  733 0  66 1 10 1 2 4 8 16 32 64 128 256 512
263  208  936 0   8 1 10 1 2 4 8 16 32 64 128 256 512
264  695  994 0  54 1 10 1 2 4 8 16 32 64 128 256 512
265  223  563 0  48 1 10 1 2 4 8 16 32 64 128 256 512
266    2  388 0  47 1 10 1 2 4 8 16 32 64 128 256 512
267  188  705 0  75 1 10 1 2 4 8 16 32 64 128 256 512
268  383  503 0   1 1 10 1 2 4 8 16 32 64 128 256 512
269  968  718 0  85 1 10 1 2 4 8 16 32 64 128 256 512
270  969  421 0  26 1 10 1 2 4 8 16 32 64 128 256 512
271  835  533 0  62 1 10 1 2 4 8 16 32 64 128 256 512
272  513  544 0  89 1 10 1 2 4 8 16 32 64 128 256 512
273  166   53 0  92 1 10 1 2 4 8 16 32 64 128 256 512
274  804  372 0  47 1 10 1 2 4 8 16 32 64 128 256 512
275  769  749 0  33 1 10 1 2 4 8 16 32 64 128 256 512
276  427  179 0  77 1 10 1 2 4 8 16 32 64 128 256 512
277  231  590 0  91 1 10 1 2 4 8 16 32 64 128 256 512
278  527  809 0  79 1 10 1 2 4 8 16 32 64 128 256 512
279  798  989 0  51 1 10 1 2 4 8 16 32 64 128 256 512
280   44   83 0  33 1 10 1 2 4 8 16 32 64 128 256 512
281  290   32 0   7 1 10 1 2 4 8 16 32 64 128 256 512
282  451  623 0  31 1 10 1 2 4 8 16 32 64 128 256 512
283  741  999 0  87 1 10 1 2 4 8 16 32 64 128 256 512
284  167  384 0  10 1 10 1 2 4 8 16 32 64 128 256 512
285  589   37 0  19 1 10 1 2 4 8 16 32 64 128 256 512
286  752  144 0  10 1 10 1 2 4 8 16 32 64 128 256 512
287  745  841 0  34 1 10 1 2 4 8 16 32 64 128 256 512
288  395  238 0  43 1 10 1 2 4 8 16 32 64 128 256 512
289   37   93 0  66 1 10 1 2 4 8 16 32 64 128 256 512
290   96  135 0  63 1 10 1 2 4 8 16 32 64 128 256 512
291  219   46 0  89 1 10 1 2 4 8 16 32 64 128 256 512
292  155  702 0  67 1 10 1 2 4 8 16 32 64 128 256 512
293  110  828 0  25 1 10 1 2 4 8 16 32 64 128 256 512
294  524  196 0  69 1 10 1 2 4 8 16 32 64 128 256 512
295  381  495 0  48 1 10 1 2 4 8 16 32 64 128 256 512
296  931  175 0  68 1 10 1 2 4 8 16 32 64 128 256 512
297  481  478 0  18 1 10 1 2 4 8 16 32 64 128 256 512
298  240  220 0  87 1 10 1 2 4 8 16 32 64 128 256 512
299  802  686 0  58 1 10 1 2 4 8 16 32 64 128 256 512
300  167  694 0  19 1 10 1 2 4 8 16 32 64 128 256 512
301  288   26 0  29 1 10 1 2 4 8 16 32 64 128 256 512
302  883  391 0  96 1 10 1 2 4 8 16 32 64 128 256 512
303   98  262 0  17 1 10 1 2 4 8 16 32 64 128 256 512
304  229  414 0  27 1 10 1 2 4 8 16 32 64 128 256 512
305  196  677 0  59 1 10 1 2 4 8 16 32 64 128 256 512
306  176  262 0  14 1 10 1 2 4 8 16 32 64 128 256 512
307   90  865 0  98 1 10 1 2 4 8 16 32 64 128 256 512
308  476  593 0  78 1 10 1 2 4 8 16 32 64 128 256 512
309  626  401 0  16 1 10 1 2 4 8 16 32 64 128 256 512
310  492  349 0  52 1 10 1 2 4 8 16 32 64 128 256 512
311  754  349 0  98 1 10 1 2 4 8 16 32 64 128 256 512
312  809  888 0  23 1 10 1 2 4 8 16 32 64 128 256 512
313   58  888 0   8 1 10 1 2 4 8 16 32 64 128 256 512
314  482  576 0  39 1 10 1 2 4 8 16 32 64 128 256 512
315  303  194 0  59 1 10 1 2 4 8 16 32 64 128 256 512
316 1000  611 0  85 1 10 1 2 4 8 16 32 64 128 256 512
317  317  278 0 100 1 10 1 2 4 8 16 32 64 128 256 512
318  139  659 0  10 1 10 1 2 4 8 16 32 64 128 256 512
319  412  593 0  41 1 10 1 2 4 8 16 32 64 128 256 512
320  251  120 0  26 1 10 1 2 4 8 16 32 64 128 256 512
321  709   13 0  85 1 10 1 2 4 8 16 32 64 128 256 512
322  616  472 0  21 1 10 1 2 4 8 16 32 64 128 256 512
323   55  701 0  28 1 10 1 2 4 8 16 32 64 128 256 512
324  187  953 0   4 1 10 1 2 4 8 16 32 64 128 256 512
325  312    6 0  41 1 10 1 2 4 8 16 32 64 128 256 512
326  249  957 0  71 1 10 1 2 4 8 16 32 64 128 256 512
327  216  443 0   8 1 10 1 2 4 8 16 32 64 128 256 512
328  935  664 0  28 1 10 1 2 4 8 16 32 64 128 256 512
329  192  350 0  61 1 10 1 2 4 8 16 32 64 128 256 512
330  795  661 0  23 1 10 1 2 4 8 16 32 64 128 256 512
331  337  379 0  81 1 10 1 2 4 8 16 32 64 128 256 512
332   27   99 0  97 1 10 1 2 4 8 16 32 64 128 256 512
333  723    9 0  71 1 10 1 2 4 8 16 32 64 128 256 512
334  158  807 0  80 1 10 1 2 4 8 16 32 64 128 256 512
335  510  358 0  76 1 10 1 2 4 8 16 32 64 128 256 512
336  402  294 0  11 1 10 1 2 4 8 16 32 64 128 256 512
337  586  218 0  19 1 10 1 2 4 8 16 32 64 128 256 512
338  733  524 0  71 1 10 1 2 4 8 16 32 64 128 256 512
339  746  896 0  13 1 10 1 2 4 8 16 32 64 128 256 512
340  498  987 0  45 1 10 1 2 4 8 16 32 64 128 256 512
341  961  527 0  45 1 10 1 2 4 8 16 32 64 128 256 512
342  240  559 0  89 1 10 1 2 4 8 16 32 64 128 256 512
343  263  102 0  13 1 10 1 2 4 8 16 32 64 128 256 512
344  117  450 0   6 1 10 1 2 4 8 16 32 64 128 256 512
345  259  228 0  53 1 10 1 2 4 8 16 32 64 128 256 512
346  123  543 0  24 1 10 1 2 4 8 16 32 64 128 256 512
347  922  464 0  66 1 10 1 2 4 8 16 32 64 128 256 512
348  946  750 0  83 1 10 1 2 4 8 16 32 64 128 256 512
349  629  734 0  77 1 10 1 2 4 8 16 32 64 128 256 512
350  172  674 0  59 1 10 1 2 4 8 16 32 64 128 256 512
351  482  663 0  62 1 10 1 2 4 8 16 32 64 128 256 512
352  783  923 0  80 1 10 1 2 4 8 16 32 64 128 256 512
353  126  682 0  28 1 10 1 2 4 8 16 32 64 128 256 512
354  939  164 0  88 1 10 1 2 4 8 16 32 64 128 256 512
355  426  597 0  74 1 10 1 2 4 8 16 32 64 128 256 512
356   12   32 0  32 1 10 1 2 4 8 16 32 64 128 256 512
357  318   92 0  13 1 10 1 2 4 8 16 32 64 128 256 512
358  441   26 0  84 1 10 1 2 4 8 16 32 64 128 256 512
359  821  213 0  75 1 10 1 2 4 8 16 32 64 128 256 512
360  189  125 0  97 1 10 1 2 4 8 16 32 64 128 256 512
361  358  344 0  44 1 10 1 2 4 8 16 32 64 128 256 512
362  585  755 0  66 1 10 1 2 4 8 16 32 64 128 256 512
363  281  523 0  65 1 10 1 2 4 8 16 32 64 128 256 512
364  752  289 0  80 1 10 1 2 4 8 16 32 64 128 256 512
365  791  697 0  38 1 10 1 2 4 8 16 32 64 128 256 512
366  392  372 0  35 1 10 1 2 4 8 16 32 64 128 256 512
367  780  463 0  70 1 10 1 2 4 8 16 32 64 128 256 512
368  264  507 0   6 1 10 1 2 4 8 16 32 64 128 256 512
369  568  953 0  17 1 10 1 2 4 8 16 32 64 128 256 512
370   20  573 0  69 1 10 1 2 4 8 16 32 64 128 256 512
371  740  569 0  76 1 10 1 2 4 8 16 32 64 128 256 512
372  608  354 0  92 1 10 1 2 4 8 16 32 64 128 256 512
373  941  250 0  65 1 10 1 2 4 8 16 32 64 128 256 512
374  748  963 0  79 1 10 1 2 4 8 16 32 64 128 256 512
375  388  262 0  40 1 10 1 2 4 8 16 32 64 128 256 512
376  326    5 0  34 1 10 1 2 4 8 16 32 64 128 256 512
377  257  953 0  21 1 10 1 2 4 8 16 32 64 128 256 512
378  539  895 0  53 1 10 1 2 4 8 16 32 64 128 256 512
379  418  588 0  54 1 10 1 2 4 8 16 32 64 128 256 512
380  857   50 0  70 1 10 1 2 4 8 16 32 64 128 256 512
381  779  815 0  43 1 10 1 2 4 8 16 32 64 128 256 512
382  970  147 0  35 1 10 1 2 4 8 16 32 64 128 256 512
383  304  292 0  63 1 10 1 2 4 8 16 32 64 128 256 512
384  215  588 0  31 1 10 1 2 4 8 16 32 64 128 256 512
385  477  577 0  69 1 10 1 2 4 8 16 32 64 128 256 512
386  641  879 0  36 1 10 1 2 4 8 16 32 64 128 256 512
387  635  968 0  71 1 10 1 2 4 8 16 32 64 128 256 512
388  813  286 0  91 1 10 1 2 4 8 16 32 64 128 256 512
389  652  184 0  24 1 10 1 2 4 8 16 32 64 128 256 512
390  868  303 0  77 1 10 1 2 4 8 16 32 64 128 256 512
391  748  422 0  45 1 10 1 2 4 8 16 32 64 128 256 512
392  248    6 0  91 1 10 1 2 4 8 16 32 64 128 256 512
393  181  383 0  70 1 10 1 2 4 8 16 32 64 128 256 512
394    3  887 0   9 1 10 1 2 4 8 16 32 64 128 256 512
395  163  125 0  50 1 10 1 2 4 8 16 32 64 128 256 512
396  912  566 0  41 1 10 1 2 4 8 16 32 64 128 256 512
397  410  493 0  61 1 10 1 2 4 8 16 32 64 128 256 512
398  490  187 0  63 1 10 1 2 4 8 16 32 64 128 256 512
399  246  714 0  86 1 10 1 2 4 8 16 32 64 128 256 512
400  898  433 0  69 1 10 1 2 4 8 16 32 64 128 256 512
401  124  658 0 100 1 10 1 2 4 8 16 32 64 128 256 512
402  750  150 0  57 1 10 1 2 4 8 16 32 64 128 256 512
403  331  834 0  43 1 10 1 2 4 8 16 32 64 128 256 512
404  524  306 0  96 1 10 1 2 4 8 16 32 64 128 256 512
405  991  944 0  42 1 10 1 2 4 8 16 32 64 128 256 512
406  826  767 0  60 1 10 1 2 4 8 16 32 64 128 256 512
407  551  537 0  82 1 10 1 2 4 8 16 32 64 128 256 512
408  562  478 0  31 1 10 1 2 4 8 16 32 64 128 256 512
409  924  968 0  42 1 10 1 2 4 8 16 32 64 128 256 512
410  698  693 0  84 1 10 1 2 4 8 16 32 64 128 256 512
411  242  958 0  28 1 10 1 2 4 8 16 32 64 128 256 512
412  123  171 0  38 1 10 1 2 4 8 16 32 64 128 256 512
413  670   59 0  51 1 10 1 2 4 8 16 32 64 128 256 512
414  545  947 0  86 1 10 1 2 4 8 16 32 64 128 256 512
415  231  929 0  19 1 10 1 2 4 8 16 32 64 128 256 512
416   73  237 0  35 1 10 1 2 4 8 16 32 64 128 256 512
417  720  267 0  77 1 10 1 2 4 8 16 32 64 128 256 512
418  199  967 0  56 1 10 1 2 4 8 16 32 64 128 256 512
419   48  511 0  77 1 10 1 2 4 8 16 32 64 128 256 512
420  331  310 0  41 1 10 1 2 4 8 16 32 64 128 256 512
421  682  282 0  71 1 10 1 2 4 8 16 32 64 128 256 512
422  131  395 0   7 1 10 1 2 4 8 16 32 64 128 256 512
423  623  904 0  43 1 10 1 2 4 8 16 32 64 128 256 512
424  101  299 0  54 1 10 1 2 4 8 16 32 64 128 256 512
425  109  898 0  55 1 10 1 2 4 8 16 32 64 128 256 512
426  983  710 0   2 1 10 1 2 4 8 16 32 64 128 256 512
427   55  382 0  53 1 10 1 2 4 8 16 32 64 128 256 512
428  728   97 0  15 1 10 1 2 4 8 16 32 64 128 256 512
429  498  669 0  72 1 10 1 2 4 8 16 32 64 128 256 512
430  493  598 0  93 1 10 1 2 4 8 16 32 64 128 256 512
431  165  986 0  89 1 10 1 2 4 8 16 32 64 128 256 512
432  469  753 0  34 1 10 1 2 4 8 16 32 64 128 256 512
433  236    5 0   2 1 10 1 2 4 8 16 32 64 128 256 512
434  454  908 0  64 1 10 1 2 4 8 16 32 64 128 256 512
435  214  808 0  33 1 10 1 2 4 8 16 32 64 128 256 512
436  712  599 0  67 1 10 1 2 4 8 16 32 64 128 256 512
437  146   25 0  63 1 10 1 2 4 8 16 32 64 128 256 512
438    8  499 0  76 1 10 1 2 4 8 16 32 64 128 256 512
439  637  320 0  52 1 10 1 2 4 8 16 32 64 128 256 512
440  909  561 0  11 1 10 1 2 4 8 16 32 64 128 256 512
441  476   73 0  96 1 10 1 2 4 8 16 32 64 128 256 512
442  114  729 0  75 1 10 1 2 4 8 16 32 64 128 256 512
443  911  292 0   7 1 10 1 2 4 8 16 32 64 128 256 512
444  600  601 0  97 1 10 1 2 4 8 16 32 64 128 256 512
445  562  984 0  67 1 10 1 2 4 8 16 32 64 128 256 512
446  325  707 0  66 1 10 1 2 4 8 16 32 64 128 256 512
447  311  173 0  57 1 10 1 2 4 8 16 32 64 128 256 512
448  434  839 0  23 1 10 1 2 4 8 16 32 64 128 256 512
449  970  936 0  93 1 10 1 2 4 8 16 32 64 128 256 512
450   66  441 0  23 1 10 1 2 4 8 16 32 64 128 256 512
451  490  976 0  94 1 10 1 2 4 8 16 32 64 128 256 512
452  855  941 0  87 1 10 1 2 4 8 16 32 64 128 256 512
453  552  959 0  21 1 10 1 2 4 8 16 32 64 128 256 512
454  756  166 0  49 1 10 1 2 4 8 16 32 64 128 256 512
455  706  638 0   9 1 10 1 2 4 8 16 32 64 128 256 512
456  721  749 0  16 1 10 1 2 4 8 16 32 64 128 256 512
457  520    7 0  90 1 10 1 2 4 8 16 32 64 128 256 512
458  403  688 0   1 1 10 1 2 4 8 16 32 64 128 256 512
459  281  478 0   3 1 10 1 2 4 8 16 32 64 128 256 512
460  111  180 0  86 1 10 1 2 4 8 16 32 64 128 256 512
461   34  387 0  83 1 10 1 2 4 8 16 32 64 128 256 512
462    0  280 0  99 1 10 1 2 4 8 16 32 64 128 256 512
463  155  990 0  75 1 10 1 2 4 8 16 32 64 128 256 512
464  625  914 0  63 1 10 1 2 4 8 16 32 64 128 256 512
465    6  799 0  41 1 10 1 2 4 8 16 32 64 128 256 512
466  440  418 0  67 1 10 1 2 4 8 16 32 64 128 256 512
467  662  716 0  75 1 10 1 2 4 8 16 32 64 128 256 512
468  172  138 0  95 1 10 1 2 4 8 16 32 64 128 256 512
469  117  641 0  84 1 10 1 2 4 8 16 32 64 128 256 512
470  447  711 0  35 1 10 1 2 4 8 16 32 64 128 256 512
471  677  994 0  59 1 10 1 2 4 8 16 32 64 128 256 512
472  871  218 0  79 1 10 1 2 4 8 16 32 64 128 256 512
473  214  276 0  88 1 10 1 2 4 8 16 32 64 128 256 512
474  608  294 0   6 1 10 1 2 4 8 16 32 64 128 256 512
475  831   83 0  51 1 10 1 2 4 8 16 32 64 128 256 512
476  864  357 0  61 1 10 1 2 4 8 16 32 64 128 256 512
477  423  825 0  48 1 10 1 2 4 8 16 32 64 128 256 512
478  792  623 0  83 1 10 1 2 4 8 16 32 64 128 256 512
479  433  258 0  16 1 10 1 2 4 8 16 32 64 128 256 512
480  820  970 0  14 1 10 1 2 4 8 16 32 64 128 256 512
481  365  646 0  35 1 10 1 2 4 8 16 32 64 128 256 512
482  216  464 0  77 1 10 1 2 4 8 16 32 64 128 256 512
483  876  626 0  55 1 10 1 2 4 8 16 32 64 128 256 512
484  586  325 0  31 1 10 1 2 4 8 16 32 64 128 256 512
485  463  188 0   3 1 10 1 2 4 8 16 32 64 128 256 512
486  940  729 0  56 1 10 1 2 4 8 16 32 64 128 256 512
487  588  707 0  22 1 10 1 2 4 8 16 32 64 128 256 512
488  574  797 0   3 1 10 1 2 4 8 16 32 64 128 256 512
489  642  691 0  70 1 10 1 2 4 8 16 32 64 128 256 512
490  855  310 0  26 1 10 1 2 4 8 16 32 64 128 256 512
491  125  402 0  96 1 10 1 2 4 8 16 32 64 128 256 512
492   30  107 0  98 1 10 1 2 4 8 16 32 64 128 256 512
493  150  105 0  50 1 10 1 2 4 8 16 32 64 128 256 512
494  277  250 0  91 1 10 1 2 4 8 16 32 64 128 256 512
495  339   17 0  51 1 10 1 2 4 8 16 32 64 128 256 512
496  510  784 0  74 1 10 1 2 4 8 16 32 64 128 256 512
497  285  275 0   7 1 10 1 2 4 8 16 32 64 128 256 512
498  676  954 0  47 1 10 1 2 4 8 16 32 64 128 256 512
499  806  857 0  42 1 10 1 2 4 8 16 32 64 128 256 512
500  497  619 0  68 1 10 1 2 4 8 16 32 64 128 256 512
501  645  715 0  10 1 10 1 2 4 8 16 32 64 128 256 512
502  821  179 0  97 1 10 1 2 4 8 16 32 64 128 256 512
503  935  206 0  44 1 10 1 2 4 8 16 32 64 128 256 512
504  178   94 0  57 1 10 1 2 4 8 16 32 64 128 256 512
505  771  871 0  46 1 10 1 2 4 8 16 32 64 128 256 512
506  393  134 0  51 1 10 1 2 4 8 16 32 64 128 256 512
507  871 1000 0  52 1 10 1 2 4 8 16 32 64 128 256 512
508  935   64 0  89 1 10 1 2 4 8 16 32 64 128 256 512
509  629  535 0   6 1 10 1 2 4 8 16 32 64 128 256 512
510  826  129 0  18 1 10 1 2 4 8 16 32 64 128 256 512
511  246  904 0  36 1 10 1 2 4 8 16 32 64 128 256 512
512  565  679 0  67 1 10 1 2 4 8 16 32 64 128 256 512
513    1  408 0  80 1 10 1 2 4 8 16 32 64 128 256 512
514  742  136 0  37 1 10 1 2 4 8 16 32 64 128 256 512
515  415  433 0  11 1 10 1 2 4 8 16 32 64 128 256 512
516  105  450 0  69 1 10 1 2 4 8 16 32 64 128 256 512
517  957  604 0  79 1 10 1 2 4 8 16 32 64 128 256 512
518  150  680 0  16 1 10 1 2 4 8 16 32 64 128 256 512
519  621  101 0  67 1 10 1 2 4 8 16 32 64 128 256 512
520  210   60 0  99 1 10 1 2 4 8 16 32 64 128 256 512
521  582  151 0  94 1 10 1 2 4 8 16 32 64 128 256 512
522  246  658 0  25 1 10 1 2 4 8 16 32 64 128 256 512
523   83   75 0  49 1 10 1 2 4 8 16 32 64 128 256 512
524  482  975 0  16 1 10 1 2 4 8 16 32 64 128 256 512
525  203  903 0  93 1 10 1 2 4 8 16 32 64 128 256 512
526  275  727 0  42 1 10 1 2 4 8 16 32 64 128 256 512
527  521   52 0  41 1 10 1 2 4 8 16 32 64 128 256 512
528  520  963 0  84 1 10 1 2 4 8 16 32 64 128 256 512
529  203  380 0   3 1 10 1 2 4 8 16 32 64 128 256 512
530   19  725 0  75 1 10 1 2 4 8 16 32 64 128 256 512
531  308  302 0  12 1 10 1 2 4 8 16 32 64 128 256 512
532  851   35 0  60 1 10 1 2 4 8 16 32 64 128 256 512
533  688  294 0  44 1 10 1 2 4 8 16 32 64 128 256 512
534    7  325 0  15 1 10 1 2 4 8 16 32 64 128 256 512
535  760  961 0  77 1 10 1 2 4 8 16 32 64 128 256 512
536  784  243 0  42 1 10 1 2 4 8 16 32 64 128 256 512
537  976  698 0  96 1 10 1 2 4 8 16 32 64 128 256 512
538  640  214 0  23 1 10 1 2 4 8 16 32 64 128 256 512
539  233  294 0  84 1 10 1 2 4 8 16 32 64 128 256 512
540  262  709 0  33 1 10 1 2 4 8 16 32 64 128 256 512
541  649  921 0  72 1 10 1 2 4 8 16 32 64 128 256 512
542  279  740 0  15 1 10 1 2 4 8 16 32 64 128 256 512
543  313  267 0  48 1 10 1 2 4 8 16 32 64 128 256 512
544   90  490 0  58 1 10 1 2 4 8 16 32 64 128 256 512
545  433  612 0  60 1 10 1 2 4 8 16 32 64 128 256 512
546  307  471 0  27 1 10 1 2 4 8 16 32 64 128 256 512
547  540  906 0  55 1 10 1 2 4 8 16 32 64 128 256 512
548  840  358 0  20 1 10 1 2 4 8 16 32 64 128 256 512
549   28  295 0   1 1 10 1 2 4 8 16 32 64 128 256 512
550  330   29 0  53 1 10 1 2 4 8 16 32 64 128 256 512
551   59  626 0  99 1 10 1 2 4 8 16 32 64 128 256 512
552   80  808 0  11 1 10 1 2 4 8 16 32 64 128 256 512
553  301  343 0  12 1 10 1 2 4 8 16 32 64 128 256 512
554   39   82 0  87 1 10 1 2 4 8 16 32 64 128 256 512
555  960  675 0  54 1 10 1 2 4 8 16 32 64 128 256 512
556  785  493 0   5 1 10 1 2 4 8 16 32 64 128 256 512
557  677  174 0  69 1 10 1 2 4 8 16 32 64 128 256 512
558  475   28 0   8 1 10 1 2 4 8 16 32 64 128 256 512
559  884  550 0  72 1 10 1 2 4 8 16 32 64 128 256 512
560  123  149 0  40 1 10 1 2 4 8 16 32 64 128 256 512
561  625  179 0  47 1 10 1 2 4 8 16 32 64 128 256 512
562  148  492 0  84 1 10 1 2 4 8 16 32 64 128 256 512
563  597  542 0  28 1 10 1 2 4 8 16 32 64 128 256 512
564    8  603 0  90 1 10 1 2 4 8 16 32 64 128 256 512
565  471  150 0  82 1 10 1 2 4 8 16 32 64 128 256 512
566  751  734 0  76 1 10 1 2 4 8 16 32 64 128 256 512
567  363  620 0  35 1 10 1 2 4 8 16 32 64 128 256 512
568  575  171 0  85 1 10 1 2 4 8 16 32 64 128 256 512
569  532  700 0  17 1 10 1 2 4 8 16 32 64 128 256 512
570  400  654 0  53 1 10 1 2 4 8 16 32 64 128 256 512
571  911  172 0  55 1 10 1 2 4 8 16 32 64 128 256 512
572  307  158 0  58 1 10 1 2 4 8 16 32 64 128 256 512
573  493  168 0  62 1 10 1 2 4 8 16 32 64 128 256 512
574   43  439 0   7 1 10 1 2 4 8 16 32 64 128 256 512
575  687  428 0  69 1 10 1 2 4 8 16 32 64 128 256 512
576  848  690 0  50 1 10 1 2 4 8 16 32 64 128 256 512
577  245  488 0  54 1 10 1 2 4 8 16 32 64 128 256 512
578  784  809 0  57 1 10 1 2 4 8 16 32 64 128 256 512
579  768  230 0  80 1 10 1 2 4 8 16 32 64 128 256 512
580  941  906 0  35 1 10 1 2 4 8 16 32 64 128 256 512
581  227  584 0  56 1 10 1 2 4 8 16 32 64 128 256 512
582  683  254 0  94 1 10 1 2 4 8 16 32 64 128 256 512
583  664  538 0  17 1 10 1 2 4 8 16 32 64 128 256 512
584  134  252 0   2 1 10 1 2 4 8 16 32 64 128 256 512
585  954  329 0  29 1 10 1 2 4 8 16 32 64 128 256 512
586  308  232 0  38 1 10 1 2 4 8 16 32 64 128 256 512
587  500   50 0  90 1 10 1 2 4 8 16 32 64 128 256 512
588  610  544 0  35 1 10 1 2 4 8 16 32 64 128 256 512
589  304  741 0  62 1 10 1 2 4 8 16 32 64 128 256 512
590  133   13 0   7 1 10 1 2 4 8 16 32 64 128 256 512
591   69  740 0  45 1 10 1 2 4 8 16 32 64 128 256 512
592  925  965 0  94 1 10 1 2 4 8 16 32 64 128 256 512
593  738  630 0  70 1 10 1 2 4 8 16 32 64 128 256 512
594  277   72 0  37 1 10 1 2 4 8 16 32 64 128 256 512
595  654  477 0  85 1 10 1 2 4 8 16 32 64 128 256 512
596  860  913 0  82 1 10 1 2 4 8 16 32 64 128 256 512
597  748  103 0  10 1 10 1 2 4 8 16 32 64 128 256 512
598  712   68 0  66 1 10 1 2 4 8 16 32 64 128 256 512
599  399  699 0  93 1 10 1 2 4 8 16 32 64 128 256 512
600  695  400 0   6 1 10 1 2 4 8 16 32 64 128 256 512
601  415   87 0  41 1 10 1 2 4 8 16 32 64 128 256 512
602  556  972 0   8 1 10 1 2 4 8 16 32 64 128 256 512
603  611   62 0  85 1 10 1 2 4 8 16 32 64 128 256 512
604  959  450 0  77 1 10 1 2 4 8 16 32 64 128 256 512
605  513  245 0   7 1 10 1 2 4 8 16 32 64 128 256 512
606  412  216 0  62 1 10 1 2 4 8 16 32 64 128 256 512
607  791  609 0  96 1 10 1 2 4 8 16 32 64 128 256 512
608  436  366 0  89 1 10 1 2 4 8 16 32 64 128 256 512
609  674  360 0  48 1 10 1 2 4 8 16 32 64 128 256 512
610  229  318 0  62 1 10 1 2 4 8 16 32 64 128 256 512
611  800   86 0  55 1 10 1 2 4 8 16 32 64 128 256 512
612  819  226 0  89 1 10 1 2 4 8 16 32 64 128 256 512
613  613  367 0  79 1 10 1 2 4 8 16 32 64 128 256 512
614  249  347 0  29 1 10 1 2 4 8 16 32 64 128 256 512
615  125  225 0  41 1 10 1 2 4 8 16 32 64 128 256 512
616  665  862 0  30 1 10 1 2 4 8 16 32 64 128 256 512
617  542  233 0  66 1 10 1 2 4 8 16 32 64 128 256 512
618  979  412 0  70 1 10 1 2 4 8 16 32 64 128 256 512
619  210  254 0  24 1 10 1 2 4 8 16 32 64 128 256 512
620   29  303 0 100 1 10 1 2 4 8 16 32 64 128 256 512
621  831  923 0  21 1 10 1 2 4 8 16 32 64 128 256 512
622  650  763 0  67 1 10 1 2 4 8 16 32 64 128 256 512
623  153  822 0  92 1 10 1 2 4 8 16 32 64 128 256 512
624  221  844 0  59 1 10 1 2 4 8 16 32 64 128 256 512
625  888  933 0  67 1 10 1 2 4 8 16 32 64 128 256 512
626  979  819 0  22 1 10 1 2 4 8 16 32 64 128 256 512
627  876  350 0  95 1 10 1 2 4 8 16 32 64 128 256 512
628  332  965 0   8 1 10 1 2 4 8 16 32 64 128 256 512
629  572  722 0  49 1 10 1 2 4 8 16 32 64 128 256 512
630  446  880 0  89 1 10 1 2 4 8 16 32 64 128 256 512
631  588  644 0  16 1 10 1 2 4 8 16 32 64 128 256 512
632  630  979 0  30 1 10 1 2 4 8 16 32 64 128 256 512
633  637    7 0  23 1 10 1 2 4 8 16 32 64 128 256 512
634  369  627 0  39 1 10 1 2 4 8 16 32 64 128 256 512
635  638  513 0  48 1 10 1 2 4 8 16 32 64 128 256 512
636  491  331 0  73 1 10 1 2 4 8 16 32 64 128 256 512
637  919  915 0  79 1 10 1 2 4 8 16 32 64 128 256 512
638  579  826 0  96 1 10 1 2 4 8 16 32 64 128 256 512
639  874  303 0   2 1 10 1 2 4 8 16 32 64 128 256 512
640  782  197 0  16 1 10 1 2 4 8 16 32 64 128 256 512
641  206  867 0  82 1 10 1 2 4 8 16 32 64 128 256 512
642  539  868 0  50 1 10 1 2 4 8 16 32 64 128 256 512
643  531  135 0  83 1 10 1 2 4 8 16 32 64 128 256 512
644   26  392 0  71 1 10 1 2 4 8 16 32 64 128 256 512
645  783  963 0  13 1 10 1 2 4 8 16 32 64 128 256 512
646   30  186 0  92 1 10 1 2 4 8 16 32 64 128 256 512
647  770  675 0  96 1 10 1 2 4 8 16 32 64 128 256 512
648  561  501 0  40 1 10 1 2 4 8 16 32 64 128 256 512
649  930  604 0  19 1 10 1 2 4 8 16 32 64 128 256 512
650  702  877 0  59 1 10 1 2 4 8 16 32 64 128 256 512
651   41  356 0  11 1 10 1 2 4 8 16 32 64 128 256 512
652  218  597 0  40 1 10 1 2 4 8 16 32 64 128 256 512
653  508  129 0  43 1 10 1 2 4 8 16 32 64 128 256 512
654  529  810 0  45 1 10 1 2 4 8 16 32 64 128 256 512
655  329  263 0  65 1 10 1 2 4 8 16 32 64 128 256 512
656  418   66 0  25 1 10 1 2 4 8 16 32 64 128 256 512
657  226   23 0  16 1 10 1 2 4 8 16 32 64 128 256 512
658  628  441 0  71 1 10 1 2 4 8 16 32 64 128 256 512
659  365  890 0   2 1 10 1 2 4 8 16 32 64 128 256 512
660  882   86 0  57 1 10 1 2 4 8 16 32 64 128 256 512
661  673  538 0  78 1 10 1 2 4 8 16 32 64 128 256 512
662  572  966 0  37 1 10 1 2 4 8 16 32 64 128 256 512
663   25  732 0  70 1 10 1 2 4 8 16 32 64 128 256 512
664  875  707 0  79 1 10 1 2 4 8 16 32 64 128 256 512
665   99  201 0  64 1 10 1 2 4 8 16 32 64 128 256 512
666  861  361 0  15 1 10 1 2 4 8 16 32 64 128 256 512
667  580  551 0  22 1 10 1 2 4 8 16 32 64 128 256 512
668  213  496 0  67 1 10 1 2 4 8 16 32 64 128 256 512
669  568  582 0   6 1 10 1 2 4 8 16 32 64 128 256 512
670   65  464 0  56 1 10 1 2 4 8 16 32 64 128 256 512
671   76  396 0  38 1 10 1 2 4 8 16 32 64 128 256 512
672  543    6 0  54 1 10 1 2 4 8 16 32 64 128 256 512
673   91  504 0  81 1 10 1 2 4 8 16 32 64 128 256 512
674  906   93 0   6 1 10 1 2 4 8 16 32 64 128 256 512
675  628  868 0  89 1 10 1 2 4 8 16 32 64 128 256 512
676  122  530 0 100 1 10 1 2 4 8 16 32 64 128 256 512
677  456  286 0  46 1 10 1 2 4 8 16 32 64 128 256 512
678  753  180 0  90 1 10 1 2 4 8 16 32 64 128 256 512
679  496  972 0  23 1 10 1 2 4 8 16 32 64 128 256 512
680  963  992 0  84 1 10 1 2 4 8 16 32 64 128 256 512
681  900  223 0  34 1 10 1 2 4 8 16 32 64 128 256 512
682  178  559 0  29 1 10 1 2 4 8 16 32 64 128 256 512
683  662  568 0   9 1 10 1 2 4 8 16 32 64 128 256 512
684  261  143 0  51 1 10 1 2 4 8 16 32 64 128 256 512
685  918  715 0  42 1 10 1 2 4 8 16 32 64 128 256 512
686  521  815 0   2 1 10 1 2 4 8 16 32 64 128 256 512
687  886  710 0  60 1 10 1 2 4 8 16 32 64 128 256 512
688  463  347 0  66 1 10 1 2 4 8 16 32 64 128 256 512
689  381  980 0  78 1 10 1 2 4 8 16 32 64 128 256 512
690  172   86 0  31 1 10 1 2 4 8 16 32 64 128 256 512
691  811  944 0  53 1 10 1 2 4 8 16 32 64 128 256 512
692  763  994 0  60 1 10 1 2 4 8 16 32 64 128 256 512
693  242  799 0  50 1 10 1 2 4 8 16 32 64 128 256 512
694  197  223 0 100 1 10 1 2 4 8 16 32 64 128 256 512
695  465  281 0   8 1 10 1 2 4 8 16 32 64 128 256 512
696  374   57 0  25 1 10 1 2 4 8 16 32 64 128 256 512
697  424  524 0  26 1 10 1 2 4 8 16 32 64 128 256 512
698  694  389 0  22 1 10 1 2 4 8 16 32 64 128 256 512
699  841  929 0  60 1 10 1 2 4 8 16 32 64 128 256 512
700  667  886 0  48 1 10 1 2 4 8 16 32 64 128 256 512
701  768  395 0  31 1 10 1 2 4 8 16 32 64 128 256 512
702  395  541 0  44 1 10 1 2 4 8 16 32 64 128 256 512
703  909  435 0  28 1 10 1 2 4 8 16 32 64 128 256 512
704  143  309 0   3 1 10 1 2 4 8 16 32 64 128 256 512
705   45  964 0   1 1 10 1 2 4 8 16 32 64 128 256 512
706   20  523 0  79 1 10 1 2 4 8 16 32 64 128 256 512
707  945  366 0  79 1 10 1 2 4 8 16 32 64 128 256 512
708   98  220 0  92 1 10 1 2 4 8 16 32 64 128 256 512
709  786  430 0  73 1 10 1 2 4 8 16 32 64 128 256 512
710  500  977 0   1 1 10 1 2 4 8 16 32 64 128 256 512
711  268  587 0  30 1 10 1 2 4 8 16 32 64 128 256 512
712  682  235 0  26 1 10 1 2 4 8 16 32 64 128 256 512
713   51  530 0  19 1 10 1 2 4 8 16 32 64 128 256 512
714  541  616 0  63 1 10 1 2 4 8 16 32 64 128 256 512
715  518  688 0  26 1 10 1 2 4 8 16 32 64 128 256 512
716  442  610 0  82 1 10 1 2 4 8 16 32 64 128 256 512
717  627  599 0   6 1 10 1 2 4 8 16 32 64 128 256 512
718  214   64 0  37 1 10 1 2 4 8 16 32 64 128 256 512
719  949  380 0  72 1 10 1 2 4 8 16 32 64 128 256 512
720  584    9 0  93 1 10 1 2 4 8 16 32 64 128 256 512
721  922  772 0  56 1 10 1 2 4 8 16 32 64 128 256 512
722  313  701 0  75 1 10 1 2 4 8 16 32 64 128 256 512
723  124  149 0  90 1 10 1 2 4 8 16 32 64 128 256 512
724  645  922 0   3 1 10 1 2 4 8 16 32 64 128 256 512
725   42  583 0   2 1 10 1 2 4 8 16 32 64 128 256 512
726  963  937 0  71 1 10 1 2 4 8 16 32 64 128 256 512
727  210   34 0  63 1 10 1 2 4 8 16 32 64 128 256 512
728  205  501 0  85 1 10 1 2 4 8 16 32 64 128 256 512
729  118  428 0  84 1 10 1 2 4 8 16 32 64 128 256 512
730  651  935 0   2 1 10 1 2 4 8 16 32 64 128 256 512
731  737  283 0  71 1 10 1 2 4 8 16 32 64 128 256 512
732  308   72 0  87 1 10 1 2 4 8 16 32 64 128 256 512
733  151  878 0   3 1 10 1 2 4 8 16 32 64 128 256 512
734  351  185 0  82 1 10 1 2 4 8 16 32 64 128 256 512
735  281  244 0  74 1 10 1 2 4 8 16 32 64 128 256 512
736  689  785 0  29 1 10 1 2 4 8 16 32 64 128 256 512
737   70  364 0  50 1 10 1 2 4 8 16 32 64 128 256 512
738  424   56 0  60 1 10 1 2 4 8 16 32 64 128 256 512
739  336  618 0  30 1 10 1 2 4 8 16 32 64 128 256 512
740  822  459 0  13 1 10 1 2 4 8 16 32 64 128 256 512
741  903  708 0  87 1 10 1 2 4 8 16 32 64 128 256 512
742  451  909 0  84 1 10 1 2 4 8 16 32 64 128 256 512
743  586  704 0  83 1 10 1 2 4 8 16 32 64 128 256 512
744  447    8 0  33 1 10 1 2 4 8 16 32 64 128 256 512
745   71  626 0   1 1 10 1 2 4 8 16 32 64 128 256 512
746  569  287 0  19 1 10 1 2 4 8 16 32 64 128 256 512
747  818  501 0  67 1 10 1 2 4 8 16 32 64 128 256 512
748   75  949 0  15 1 10 1 2 4 8 16 32 64 128 256 512
749  843  397 0   2 1 10 1 2 4 8 16 32 64 128 256 512
750  229  226 0  33 1 10 1 2 4 8 16 32 64 128 256 512
751  479  919 0  74 1 10 1 2 4 8 16 32 64 128 256 512
752   32  184 0  31 1 10 1 2 4 8 16 32 64 128 256 512
753  656  878 0  68 1 10 1 2 4 8 16 32 64 128 256 512
754  337  177 0  17 1 10 1 2 4 8 16 32 64 128 256 512
755  449  799 0  95 1 10 1 2 4 8 16 32 64 128 256 512
756  124  456 0  61 1 10 1 2 4 8 16 32 64 128 256 512
757  606  240 0  19 1 10 1 2 4 8 16 32 64 128 256 512
758  767  669 0  70 1 10 1 2 4 8 16 32 64 128 256 512
759  596  770 0  48 1 10 1 2 4 8 16 32 64 128 256 512
760  324  486 0  97 1 10 1 2 4 8 16 32 64 128 256 512
761  991  293 0  20 1 10 1 2 4 8 16 32 64 128 256 512
762  724  664 0  75 1 10 1 2 4 8 16 32 64 128 256 512
763  655  984 0  33 1 10 1 2 4 8 16 32 64 128 256 512
764  590  373 0  40 1 10 1 2 4 8 16 32 64 128 256 512
765  688   13 0  94 1 10 1 2 4 8 16 32 64 128 256 512
766  212  547 0  49 1 10 1 2 4 8 16 32 64 128 256 512
767  146   58 0  61 1 10 1 2 4 8 16 32 64 128 256 512
768  347  554 0  20 1 10 1 2 4 8 16 32 64 128 256 512
769  978  416 0  57 1 10 1 2 4 8 16 32 64 128 256 512
770  320  451 0  84 1 10 1 2 4 8 16 32 64 128 256 512
771  199  906 0  26 1 10 1 2 4 8 16 32 64 128 256 512
772  505  185 0  91 1 10 1 2 4 8 16 32 64 128 256 512
773  451  123 0  14 1 10 1 2 4 8 16 32 64 128 256 512
774  709  752 0  47 1 10 1 2 4 8 16 32 64 128 256 512
775  852  468 0  84 1 10 1 2 4 8 16 32 64 128 256 512
776  237   65 0  99 1 10 1 2 4 8 16 32 64 128 256 512
777  894  398 0 100 1 10 1 2 4 8 16 32 64 128 256 512
778  648  489 0  81 1 10 1 2 4 8 16 32 64 128 256 512
779  297  240 0  10 1 10 1 2 4 8 16 32 64 128 256 512
780  118  558 0  82 1 10 1 2 4 8 16 32 64 128 256 512
781  385   65 0  41 1 10 1 2 4 8 16 32 64 128 256 512
782   28  175 0   5 1 10 1 2 4 8 16 32 64 128 256 512
783  621  802 0  40 1 10 1 2 4 8 16 32 64 128 256 512
784  454  413 0  98 1 10 1 2 4 8 16 32 64 128 256 512
785  805  286 0  41 1 10 1 2 4 8 16 32 64 128 256 512
786  447  153 0  26 1 10 1 2 4 8 16 32 64 128 256 512
787  347  330 0  41 1 10 1 2 4 8 16 32 64 128 256 512
788  483  691 0  24 1 10 1 2 4 8 16 32 64 128 256 512
789  434  199 0  11 1 10 1 2 4 8 16 32 64 128 256 512
790  431  862 0  46 1 10 1 2 4 8 16 32 64 128 256 512
791  667  418 0  56 1 10 1 2 4 8 16 32 64 128 256 512
792    7  734 0  78 1 10 1 2 4 8 16 32 64 128 256 512
793  868  568 0  96 1 10 1 2 4 8 16 32 64 128 256 512
794  500  951 0  41 1 10 1 2 4 8 16 32 64 128 256 512
795  838  931 0   5 1 10 1 2 4 8 16 32 64 128 256 512
796  372  467 0  19 1 10 1 2 4 8 16 32 64 128 256 512
797   49  529 0  11 1 10 1 2 4 8 16 32 64 128 256 512
798  191  779 0  11 1 10 1 2 4 8 16 32 64 128 256 512
799  221  820 0  23 1 10 1 2 4 8 16 32 64 128 256 512
800  964  813 0  53 1 10 1 2 4 8 16 32 64 128 256 512
801   44  645 0  32 1 10 1 2 4 8 16 32 64 128 256 512
802  914  836 0  34 1 10 1 2 4 8 16 32 64 128 256 512
803  148  211 0  24 1 10 1 2 4 8 16 32 64 128 256 512
804   44  857 0  53 1 10 1 2 4 8 16 32 64 128 256 512
805  315  359 0  57 1 10 1 2 4 8 16 32 64 128 256 512
806  700  340 0  81 1 10 1 2 4 8 16 32 64 128 256 512
807  667  974 0  27 1 10 1 2 4 8 16 32 64 128 256 512
808  698  274 0   9 1 10 1 2 4 8 16 32 64 128 256 512
809  467  214 0  95 1 10 1 2 4 8 16 32 64 128 256 512
810  753   58 0  19 1 10 1 2 4 8 16 32 64 128 256 512
811  323   85 0  39 1 10 1 2 4 8 16 32 64 128 256 512
812  430  815 0  65 1 10 1 2 4 8 16 32 64 128 256 512
813  339  263 0  86 1 10 1 2 4 8 16 32 64 128 256 512
814  216  664 0  65 1 10 1 2 4 8 16 32 64 128 256 512
815   43  831 0   5 1 10 1 2 4 8 16 32 64 128 256 512
816  211  305 0   7 1 10 1 2 4 8 16 32 64 128 256 512
817  972  670 0   7 1 10 1 2 4 8 16 32 64 128 256 512
818  412  523 0  56 1 10 1 2 4 8 16 32 64 128 256 512
819  786  513 0  22 1 10 1 2 4 8 16 32 64 128 256 512
820  619  363 0  19 1 10 1 2 4 8 16 32 64 128 256 512
821  152  745 0  91 1 10 1 2 4 8 16 32 64 128 256 512
822  619  517 0  27 1 10 1 2 4 8 16 32 64 128 256 512
823  981  477 0  41 1 10 1 2 4 8 16 32 64 128 256 512
824  240  296 0  84 1 10 1 2 4 8 16 32 64 128 256 512
825  613  713 0  48 1 10 1 2 4 8 16 32 64 128 256 512
826  496  442 0   9 1 10 1 2 4 8 16 32 64 128 256 512
827  188  747 0  66 1 10 1 2 4 8 16 32 64 128 256 512
828   33  638 0  94 1 10 1 2 4 8 16 32 64 128 256 512
829  870  912 0  96 1 10 1 2 4 8 16 32 64 128 256 512
830  136  166 0  57 1 10 1 2 4 8 16 32 64 128 256 512
831  363  277 0  63 1 10 1 2 4 8 16 32 64 128 256 512
832  740  321 0  56 1 10 1 2 4 8 16 32 64 128 256 512
833  441  507 0  61 1 10 1 2 4 8 16 32 64 128 256 512
834  782  863 0  35 1 10 1 2 4 8 16 32 64 128 256 512
835  889  401 0  39 1 10 1 2 4 8 16 32 64 128 256 512
836   88  295 0  83 1 10 1 2 4 8 16 32 64 128 256 512
837  709  457 0  92 1 10 1 2 4 8 16 32 64 128 256 512
838  413  718 0   4 1 10 1 2 4 8 16 32 64 128 256 512
839  846  511 0  34 1 10 1 2 4 8 16 32 64 128 256 512
840  662  411 0  49 1 10 1 2 4 8 16 32 64 128 256 512
841  424  488 0  55 1 10 1 2 4 8 16 32 64 128 256 512
842  798  621 0  93 1 10 1 2 4 8 16 32 64 128 256 512
843  148  272 0  82 1 10 1 2 4 8 16 32 64 128 256 512
844  747  663 0  65 1 10 1 2 4 8 16 32 64 128 256 512
845  406  460 0  37 1 10 1 2 4 8 16 32 64 128 256 512
846  613  947 0  56 1 10 1 2 4 8 16 32 64 128 256 512
847  487  692 0  31 1 10 1 2 4 8 16 32 64 128 256 512
848  909  388 0  77 1 10 1 2 4 8 16 32 64 128 256 512
849  171  958 0   3 1 10 1 2 4 8 16 32 64 128 256 512
850  493  766 0  30 1 10 1 2 4 8 16 32 64 128 256 512
851  789  146 0  34 1 10 1 2 4 8 16 32 64 128 256 512
852  384  641 0  49 1 10 1 2 4 8 16 32 64 128 256 512
853  192  960 0  54 1 10 1 2 4 8 16 32 64 128 256 512
854   32  540 0  86 1 10 1 2 4 8 16 32 64 128 256 512
855  910  150 0  18 1 10 1 2 4 8 16 32 64 128 256 512
856  440  597 0  11 1 10 1 2 4 8 16 32 64 128 256 512
857  383  658 0  24 1 10 1 2 4 8 16 32 64 128 256 512
858  759  160 0  51 1 10 1 2 4 8 16 32 64 128 256 512
859  646  396 0  28 1 10 1 2 4 8 16 32 64 128 256 512
860  212  356 0   0 0  0
861  647  293 0   0 0  0
862  670  832 0   0 0  0
863  582  177 0   0 0  0
864  151  545 0   0 0  0
865  205  115 0   0 0  0
866  950  993 0   0 0  0
867  910  735 0   0 0  0
868  168  787 0   0 0  0
869  710  765 0   0 0  0
