2 124 864 7
0 248
0 248
0 248
0 248
0 248
0 248
0 248
  1  520 151 0  80 1 7 1 2 4 8 16 32 64
  2  529  97 0  70 1 7 1 2 4 8 16 32 64
  3  528  44 0  69 1 7 1 2 4 8 16 32 64
  4  437 106 0   8 1 7 1 2 4 8 16 32 64
  5   80 806 0  16 1 7 1 2 4 8 16 32 64
  6  874 518 0  72 1 7 1 2 4 8 16 32 64
  7  341  90 0  90 1 7 1 2 4 8 16 32 64
  8  986 708 0  76 1 7 1 2 4 8 16 32 64
  9  458  13 0  42 1 7 1 2 4 8 16 32 64
 10  747 729 0  95 1 7 1 2 4 8 16 32 64
 11  119 910 0  51 1 7 1 2 4 8 16 32 64
 12   19 776 0  72 1 7 1 2 4 8 16 32 64
 13   38 774 0  56 1 7 1 2 4 8 16 32 64
 14  676 702 0  91 1 7 1 2 4 8 16 32 64
 15  125  37 0  29 1 7 1 2 4 8 16 32 64
 16  724 685 0  25 1 7 1 2 4 8 16 32 64
 17  768 544 0  15 1 7 1 2 4 8 16 32 64
 18  103 503 0  45 1 7 1 2 4 8 16 32 64
 19  990 239 0  14 1 7 1 2 4 8 16 32 64
 20  683 839 0  76 1 7 1 2 4 8 16 32 64
 21  397 533 0  62 1 7 1 2 4 8 16 32 64
 22  986 363 0   6 1 7 1 2 4 8 16 32 64
 23  428 531 0  32 1 7 1 2 4 8 16 32 64
 24  439 902 0   5 1 7 1 2 4 8 16 32 64
 25  658 627 0  79 1 7 1 2 4 8 16 32 64
 26  108 705 0  54 1 7 1 2 4 8 16 32 64
 27  104 643 0  90 1 7 1 2 4 8 16 32 64
 28  446 336 0  23 1 7 1 2 4 8 16 32 64
 29  770 384 0  45 1 7 1 2 4 8 16 32 64
 30  505  92 0  40 1 7 1 2 4 8 16 32 64
 31  602 891 0  81 1 7 1 2 4 8 16 32 64
 32  223 116 0  68 1 7 1 2 4 8 16 32 64
 33  410 567 0  93 1 7 1 2 4 8 16 32 64
 34   51  16 0  61 1 7 1 2 4 8 16 32 64
 35  991 146 0  85 1 7 1 2 4 8 16 32 64
 36  652 980 0 100 1 7 1 2 4 8 16 32 64
 37  756 345 0  59 1 7 1 2 4 8 16 32 64
 38  671 913 0  10 1 7 1 2 4 8 16 32 64
 39  693 689 0  88 1 7 1 2 4 8 16 32 64
 40  883 122 0  37 1 7 1 2 4 8 16 32 64
 41  676 934 0  97 1 7 1 2 4 8 16 32 64
 42  549 558 0  84 1 7 1 2 4 8 16 32 64
 43  164   5 0  46 1 7 1 2 4 8 16 32 64
 44  721 382 0  48 1 7 1 2 4 8 16 32 64
 45  821 955 0  82 1 7 1 2 4 8 16 32 64
 46  446 895 0  84 1 7 1 2 4 8 16 32 64
 47  265 720 0  49 1 7 1 2 4 8 16 32 64
 48   70 386 0  81 1 7 1 2 4 8 16 32 64
 49  961 175 0  77 1 7 1 2 4 8 16 32 64
 50  284 491 0  28 1 7 1 2 4 8 16 32 64
 51   34 539 0   4 1 7 1 2 4 8 16 32 64
 52  774 615 0  28 1 7 1 2 4 8 16 32 64
 53  178 379 0  83 1 7 1 2 4 8 16 32 64
 54  315 457 0  27 1 7 1 2 4 8 16 32 64
 55  994 189 0  81 1 7 1 2 4 8 16 32 64
 56  653 873 0  17 1 7 1 2 4 8 16 32 64
 57  722 715 0  49 1 7 1 2 4 8 16 32 64
 58  146 435 0  40 1 7 1 2 4 8 16 32 64
 59  122 302 0  82 1 7 1 2 4 8 16 32 64
 60  890 601 0  35 1 7 1 2 4 8 16 32 64
 61   63 530 0   6 1 7 1 2 4 8 16 32 64
 62  672 165 0  52 1 7 1 2 4 8 16 32 64
 63  567 960 0  32 1 7 1 2 4 8 16 32 64
 64  410  62 0  90 1 7 1 2 4 8 16 32 64
 65  532 775 0  15 1 7 1 2 4 8 16 32 64
 66  325 475 0  65 1 7 1 2 4 8 16 32 64
 67  403  53 0  14 1 7 1 2 4 8 16 32 64
 68  230 412 0  65 1 7 1 2 4 8 16 32 64
 69  670  60 0  17 1 7 1 2 4 8 16 32 64
 70  949 131 0  38 1 7 1 2 4 8 16 32 64
 71  355 820 0  75 1 7 1 2 4 8 16 32 64
 72  646 746 0  38 1 7 1 2 4 8 16 32 64
 73  525 763 0  37 1 7 1 2 4 8 16 32 64
 74  754 677 0  84 1 7 1 2 4 8 16 32 64
 75  835 931 0  72 1 7 1 2 4 8 16 32 64
 76  358 428 0  32 1 7 1 2 4 8 16 32 64
 77  513 361 0  39 1 7 1 2 4 8 16 32 64
 78  998 701 0   8 1 7 1 2 4 8 16 32 64
 79  662 212 0   1 1 7 1 2 4 8 16 32 64
 80  297 740 0  85 1 7 1 2 4 8 16 32 64
 81  857  50 0  40 1 7 1 2 4 8 16 32 64
 82  548 331 0  56 1 7 1 2 4 8 16 32 64
 83  748 530 0  26 1 7 1 2 4 8 16 32 64
 84  195 153 0  21 1 7 1 2 4 8 16 32 64
 85  434 382 0  70 1 7 1 2 4 8 16 32 64
 86  948 653 0  50 1 7 1 2 4 8 16 32 64
 87  141 792 0  95 1 7 1 2 4 8 16 32 64
 88  105 165 0  50 1 7 1 2 4 8 16 32 64
 89  361 601 0   5 1 7 1 2 4 8 16 32 64
 90  926 799 0   3 1 7 1 2 4 8 16 32 64
 91  173 708 0  22 1 7 1 2 4 8 16 32 64
 92  888 687 0  43 1 7 1 2 4 8 16 32 64
 93  878  58 0  60 1 7 1 2 4 8 16 32 64
 94   15 867 0  27 1 7 1 2 4 8 16 32 64
 95  434 918 0  91 1 7 1 2 4 8 16 32 64
 96  272 644 0  97 1 7 1 2 4 8 16 32 64
 97  948 222 0   9 1 7 1 2 4 8 16 32 64
 98   65 963 0  33 1 7 1 2 4 8 16 32 64
 99    7 384 0  55 1 7 1 2 4 8 16 32 64
100  213 982 0  38 1 7 1 2 4 8 16 32 64
101  130 819 0  50 1 7 1 2 4 8 16 32 64
102  783 869 0  51 1 7 1 2 4 8 16 32 64
103  902 651 0  78 1 7 1 2 4 8 16 32 64
104  672 551 0  87 1 7 1 2 4 8 16 32 64
105  760 173 0  51 1 7 1 2 4 8 16 32 64
106  597 385 0  48 1 7 1 2 4 8 16 32 64
107  867 225 0  43 1 7 1 2 4 8 16 32 64
108  390 638 0  61 1 7 1 2 4 8 16 32 64
109  689 649 0  56 1 7 1 2 4 8 16 32 64
110  570 508 0  62 1 7 1 2 4 8 16 32 64
111   27 180 0  34 1 7 1 2 4 8 16 32 64
112  318  80 0  72 1 7 1 2 4 8 16 32 64
113  851 553 0  37 1 7 1 2 4 8 16 32 64
114  623 416 0  16 1 7 1 2 4 8 16 32 64
115  256 466 0  58 1 7 1 2 4 8 16 32 64
116  718 653 0  89 1 7 1 2 4 8 16 32 64
117  862 803 0  43 1 7 1 2 4 8 16 32 64
118  461 949 0  76 1 7 1 2 4 8 16 32 64
119  381 201 0 100 1 7 1 2 4 8 16 32 64
120  364 501 0  87 1 7 1 2 4 8 16 32 64
121  100 648 0  60 1 7 1 2 4 8 16 32 64
122  824  32 0  32 1 7 1 2 4 8 16 32 64
123  668 526 0  54 1 7 1 2 4 8 16 32 64
124   22  53 0  36 1 7 1 2 4 8 16 32 64
125  813 774 0   3 1 7 1 2 4 8 16 32 64
126  788 399 0  40 1 7 1 2 4 8 16 32 64
127  378 328 0  19 1 7 1 2 4 8 16 32 64
128  757 445 0  17 1 7 1 2 4 8 16 32 64
129  436 958 0  59 1 7 1 2 4 8 16 32 64
130  367 463 0  14 1 7 1 2 4 8 16 32 64
131  526 969 0  82 1 7 1 2 4 8 16 32 64
132  307 806 0  15 1 7 1 2 4 8 16 32 64
133  794 733 0  63 1 7 1 2 4 8 16 32 64
134  545 990 0  12 1 7 1 2 4 8 16 32 64
135  678 555 0   9 1 7 1 2 4 8 16 32 64
136  462 262 0  82 1 7 1 2 4 8 16 32 64
137  123 909 0  51 1 7 1 2 4 8 16 32 64
138  715 756 0  53 1 7 1 2 4 8 16 32 64
139  655 767 0  77 1 7 1 2 4 8 16 32 64
140  790 360 0  40 1 7 1 2 4 8 16 32 64
141  320 796 0  96 1 7 1 2 4 8 16 32 64
142  795 756 0  60 1 7 1 2 4 8 16 32 64
143  401 245 0  17 1 7 1 2 4 8 16 32 64
144  393 665 0  77 1 7 1 2 4 8 16 32 64
145  549 768 0   1 1 7 1 2 4 8 16 32 64
146  435 904 0  91 1 7 1 2 4 8 16 32 64
147  100 471 0  79 1 7 1 2 4 8 16 32 64
148  206 384 0  97 1 7 1 2 4 8 16 32 64
149  326 421 0  89 1 7 1 2 4 8 16 32 64
150  357 307 0  82 1 7 1 2 4 8 16 32 64
151  497 541 0  12 1 7 1 2 4 8 16 32 64
152  262 205 0  75 1 7 1 2 4 8 16 32 64
153  280  64 0  88 1 7 1 2 4 8 16 32 64
154  933 515 0  19 1 7 1 2 4 8 16 32 64
155  403  48 0  25 1 7 1 2 4 8 16 32 64
156  547 988 0  32 1 7 1 2 4 8 16 32 64
157  919 223 0 100 1 7 1 2 4 8 16 32 64
158  989 429 0  59 1 7 1 2 4 8 16 32 64
159  316 965 0  33 1 7 1 2 4 8 16 32 64
160  340 437 0  94 1 7 1 2 4 8 16 32 64
161  850 725 0  23 1 7 1 2 4 8 16 32 64
162  578  22 0  70 1 7 1 2 4 8 16 32 64
163  359 575 0   8 1 7 1 2 4 8 16 32 64
164  762 651 0  55 1 7 1 2 4 8 16 32 64
165  120 731 0  79 1 7 1 2 4 8 16 32 64
166  781 677 0  44 1 7 1 2 4 8 16 32 64
167  182 892 0  49 1 7 1 2 4 8 16 32 64
168  671 427 0  31 1 7 1 2 4 8 16 32 64
169  282 623 0  39 1 7 1 2 4 8 16 32 64
170  151 593 0  69 1 7 1 2 4 8 16 32 64
171   66 841 0  56 1 7 1 2 4 8 16 32 64
172   41 130 0  20 1 7 1 2 4 8 16 32 64
173  278 318 0  91 1 7 1 2 4 8 16 32 64
174  910 493 0  55 1 7 1 2 4 8 16 32 64
175  483 922 0  42 1 7 1 2 4 8 16 32 64
176  563 844 0  91 1 7 1 2 4 8 16 32 64
177  116 950 0  40 1 7 1 2 4 8 16 32 64
178  627 431 0   1 1 7 1 2 4 8 16 32 64
179  367 555 0  18 1 7 1 2 4 8 16 32 64
180  986 570 0  80 1 7 1 2 4 8 16 32 64
181   15  75 0  21 1 7 1 2 4 8 16 32 64
182  907 428 0  36 1 7 1 2 4 8 16 32 64
183  748 971 0  89 1 7 1 2 4 8 16 32 64
184  491 193 0  69 1 7 1 2 4 8 16 32 64
185  383 394 0  48 1 7 1 2 4 8 16 32 64
186  509 523 0  26 1 7 1 2 4 8 16 32 64
187   35 832 0  77 1 7 1 2 4 8 16 32 64
188  659 133 0  74 1 7 1 2 4 8 16 32 64
189  444 458 0  87 1 7 1 2 4 8 16 32 64
190  203 393 0  50 1 7 1 2 4 8 16 32 64
191  196 683 0  73 1 7 1 2 4 8 16 32 64
192  434 558 0   5 1 7 1 2 4 8 16 32 64
193   74 130 0  40 1 7 1 2 4 8 16 32 64
194  919 469 0  84 1 7 1 2 4 8 16 32 64
195  517 835 0  59 1 7 1 2 4 8 16 32 64
196  793 961 0   5 1 7 1 2 4 8 16 32 64
197  939 393 0  54 1 7 1 2 4 8 16 32 64
198  422  81 0  38 1 7 1 2 4 8 16 32 64
199  158 918 0  20 1 7 1 2 4 8 16 32 64
200  320 673 0  91 1 7 1 2 4 8 16 32 64
201  253 651 0  54 1 7 1 2 4 8 16 32 64
202  563 937 0  29 1 7 1 2 4 8 16 32 64
203  512 130 0   9 1 7 1 2 4 8 16 32 64
204  136 976 0   5 1 7 1 2 4 8 16 32 64
205  511 315 0   7 1 7 1 2 4 8 16 32 64
206  779 916 0  72 1 7 1 2 4 8 16 32 64
207  432 770 0  62 1 7 1 2 4 8 16 32 64
208  962  85 0  29 1 7 1 2 4 8 16 32 64
209  763 518 0  63 1 7 1 2 4 8 16 32 64
210  921 230 0  66 1 7 1 2 4 8 16 32 64
211  848 761 0  15 1 7 1 2 4 8 16 32 64
212  829 139 0  87 1 7 1 2 4 8 16 32 64
213  409 362 0  12 1 7 1 2 4 8 16 32 64
214  238 323 0  68 1 7 1 2 4 8 16 32 64
215  279 639 0  72 1 7 1 2 4 8 16 32 64
216  987 940 0   9 1 7 1 2 4 8 16 32 64
217  131 148 0  83 1 7 1 2 4 8 16 32 64
218  658 809 0  97 1 7 1 2 4 8 16 32 64
219  880   0 0  75 1 7 1 2 4 8 16 32 64
220  323 497 0  51 1 7 1 2 4 8 16 32 64
221  578 129 0  34 1 7 1 2 4 8 16 32 64
222  500 102 0  27 1 7 1 2 4 8 16 32 64
223  719 156 0  30 1 7 1 2 4 8 16 32 64
224   91 130 0   7 1 7 1 2 4 8 16 32 64
225  446  11 0  83 1 7 1 2 4 8 16 32 64
226  863 338 0   6 1 7 1 2 4 8 16 32 64
227  157 329 0  30 1 7 1 2 4 8 16 32 64
228  239 850 0  48 1 7 1 2 4 8 16 32 64
229  232 638 0  54 1 7 1 2 4 8 16 32 64
230  425 524 0  35 1 7 1 2 4 8 16 32 64
231  430 387 0  11 1 7 1 2 4 8 16 32 64
232  107 227 0  51 1 7 1 2 4 8 16 32 64
233  744  60 0  22 1 7 1 2 4 8 16 32 64
234  810 190 0   3 1 7 1 2 4 8 16 32 64
235  539 214 0  34 1 7 1 2 4 8 16 32 64
236   18 471 0  73 1 7 1 2 4 8 16 32 64
237  903 133 0  58 1 7 1 2 4 8 16 32 64
238   38 320 0  70 1 7 1 2 4 8 16 32 64
239  766 972 0  70 1 7 1 2 4 8 16 32 64
240  967 485 0  76 1 7 1 2 4 8 16 32 64
241  255 280 0  23 1 7 1 2 4 8 16 32 64
242  525 682 0  50 1 7 1 2 4 8 16 32 64
243  742 705 0  62 1 7 1 2 4 8 16 32 64
244  911 868 0  15 1 7 1 2 4 8 16 32 64
245   43 453 0  97 1 7 1 2 4 8 16 32 64
246  893  95 0  76 1 7 1 2 4 8 16 32 64
247  949  42 0  34 1 7 1 2 4 8 16 32 64
248  440 531 0  75 1 7 1 2 4 8 16 32 64
249  260 393 0  12 1 7 1 2 4 8 16 32 64
250  943 275 0  87 1 7 1 2 4 8 16 32 64
251  945 851 0  73 1 7 1 2 4 8 16 32 64
252  923 479 0  62 1 7 1 2 4 8 16 32 64
253  991 100 0  93 1 7 1 2 4 8 16 32 64
254  615 179 0  72 1 7 1 2 4 8 16 32 64
255  156 348 0  91 1 7 1 2 4 8 16 32 64
256  963 589 0  69 1 7 1 2 4 8 16 32 64
257  336 612 0   1 1 7 1 2 4 8 16 32 64
258  259 129 0  78 1 7 1 2 4 8 16 32 64
259  611 612 0  81 1 7 1 2 4 8 16 32 64
260  883 159 0   1 1 7 1 2 4 8 16 32 64
261    0 768 0  38 1 7 1 2 4 8 16 32 64
262  783 199 0  47 1 7 1 2 4 8 16 32 64
263  907 863 0  38 1 7 1 2 4 8 16 32 64
264  472 771 0  24 1 7 1 2 4 8 16 32 64
265  263 242 0  65 1 7 1 2 4 8 16 32 64
266  836 664 0  81 1 7 1 2 4 8 16 32 64
267  323 319 0  71 1 7 1 2 4 8 16 32 64
268  971 219 0  57 1 7 1 2 4 8 16 32 64
269   69 902 0  94 1 7 1 2 4 8 16 32 64
270  777 603 0  47 1 7 1 2 4 8 16 32 64
271  797 407 0  37 1 7 1 2 4 8 16 32 64
272  904 119 0  38 1 7 1 2 4 8 16 32 64
273  959 897 0  23 1 7 1 2 4 8 16 32 64
274  406 947 0  79 1 7 1 2 4 8 16 32 64
275  640 793 0  89 1 7 1 2 4 8 16 32 64
276  917 301 0  84 1 7 1 2 4 8 16 32 64
277  750 576 0  13 1 7 1 2 4 8 16 32 64
278  485 275 0  55 1 7 1 2 4 8 16 32 64
279  423 305 0  19 1 7 1 2 4 8 16 32 64
280  926 342 0  14 1 7 1 2 4 8 16 32 64
281  983 274 0  37 1 7 1 2 4 8 16 32 64
282   86 731 0  37 1 7 1 2 4 8 16 32 64
283  597 724 0  43 1 7 1 2 4 8 16 32 64
284  611 870 0  46 1 7 1 2 4 8 16 32 64
285  358  53 0  72 1 7 1 2 4 8 16 32 64
286  457 138 0   8 1 7 1 2 4 8 16 32 64
287  453 400 0  35 1 7 1 2 4 8 16 32 64
288  103 918 0   3 1 7 1 2 4 8 16 32 64
289  461 522 0  78 1 7 1 2 4 8 16 32 64
290  602 668 0  40 1 7 1 2 4 8 16 32 64
291  957 859 0  44 1 7 1 2 4 8 16 32 64
292  890  59 0  44 1 7 1 2 4 8 16 32 64
293  221 774 0  53 1 7 1 2 4 8 16 32 64
294  510 859 0  31 1 7 1 2 4 8 16 32 64
295  324 304 0  29 1 7 1 2 4 8 16 32 64
296  287 315 0  37 1 7 1 2 4 8 16 32 64
297  421 455 0  68 1 7 1 2 4 8 16 32 64
298  977 963 0  73 1 7 1 2 4 8 16 32 64
299  866 951 0  64 1 7 1 2 4 8 16 32 64
300  411 368 0  77 1 7 1 2 4 8 16 32 64
301  983 716 0  89 1 7 1 2 4 8 16 32 64
302  638 274 0  67 1 7 1 2 4 8 16 32 64
303  613 369 0  45 1 7 1 2 4 8 16 32 64
304  208 225 0  35 1 7 1 2 4 8 16 32 64
305  842 116 0  24 1 7 1 2 4 8 16 32 64
306  813 484 0   5 1 7 1 2 4 8 16 32 64
307  162 970 0  12 1 7 1 2 4 8 16 32 64
308  706 582 0  38 1 7 1 2 4 8 16 32 64
309  395 649 0  52 1 7 1 2 4 8 16 32 64
310  489 542 0  28 1 7 1 2 4 8 16 32 64
311   94 592 0  74 1 7 1 2 4 8 16 32 64
312  799 484 0  10 1 7 1 2 4 8 16 32 64
313  582 175 0  21 1 7 1 2 4 8 16 32 64
314  310 597 0  73 1 7 1 2 4 8 16 32 64
315  389  40 0   9 1 7 1 2 4 8 16 32 64
316  476 879 0  96 1 7 1 2 4 8 16 32 64
317  278 378 0  56 1 7 1 2 4 8 16 32 64
318  890 967 0  78 1 7 1 2 4 8 16 32 64
319  221 603 0  69 1 7 1 2 4 8 16 32 64
320  955 570 0  66 1 7 1 2 4 8 16 32 64
321  193  64 0  81 1 7 1 2 4 8 16 32 64
322  473 405 0   5 1 7 1 2 4 8 16 32 64
323  849 184 0  97 1 7 1 2 4 8 16 32 64
324  360 448 0  84 1 7 1 2 4 8 16 32 64
325  713 616 0  93 1 7 1 2 4 8 16 32 64
326  751 803 0  64 1 7 1 2 4 8 16 32 64
327  488 351 0  57 1 7 1 2 4 8 16 32 64
328  704 257 0  88 1 7 1 2 4 8 16 32 64
329  465 305 0  27 1 7 1 2 4 8 16 32 64
330  784 276 0  82 1 7 1 2 4 8 16 32 64
331  912 465 0   9 1 7 1 2 4 8 16 32 64
332  508 754 0  67 1 7 1 2 4 8 16 32 64
333  223 430 0  68 1 7 1 2 4 8 16 32 64
334  942 256 0  41 1 7 1 2 4 8 16 32 64
335  917 187 0  43 1 7 1 2 4 8 16 32 64
336  820 493 0  96 1 7 1 2 4 8 16 32 64
337  141 866 0  34 1 7 1 2 4 8 16 32 64
338   70 102 0  71 1 7 1 2 4 8 16 32 64
339  395 738 0  13 1 7 1 2 4 8 16 32 64
340  839 724 0  72 1 7 1 2 4 8 16 32 64
341  180 802 0  61 1 7 1 2 4 8 16 32 64
342   68 273 0  12 1 7 1 2 4 8 16 32 64
343  584 858 0  27 1 7 1 2 4 8 16 32 64
344  576 745 0  96 1 7 1 2 4 8 16 32 64
345  280 378 0  49 1 7 1 2 4 8 16 32 64
346  562 877 0  84 1 7 1 2 4 8 16 32 64
347  251  25 0  36 1 7 1 2 4 8 16 32 64
348  891 479 0  83 1 7 1 2 4 8 16 32 64
349  413 770 0  88 1 7 1 2 4 8 16 32 64
350  619 408 0  52 1 7 1 2 4 8 16 32 64
351  213 815 0  12 1 7 1 2 4 8 16 32 64
352  276 286 0  31 1 7 1 2 4 8 16 32 64
353  491 681 0  67 1 7 1 2 4 8 16 32 64
354  468 919 0  64 1 7 1 2 4 8 16 32 64
355  579 878 0  62 1 7 1 2 4 8 16 32 64
356  289 262 0  18 1 7 1 2 4 8 16 32 64
357  438 989 0  72 1 7 1 2 4 8 16 32 64
358  258 213 0  44 1 7 1 2 4 8 16 32 64
359  831 515 0  14 1 7 1 2 4 8 16 32 64
360  451 166 0  86 1 7 1 2 4 8 16 32 64
361  793 292 0  18 1 7 1 2 4 8 16 32 64
362   39 273 0  84 1 7 1 2 4 8 16 32 64
363  814 335 0  85 1 7 1 2 4 8 16 32 64
364  580 810 0  19 1 7 1 2 4 8 16 32 64
365  450 806 0  68 1 7 1 2 4 8 16 32 64
366  429 600 0  99 1 7 1 2 4 8 16 32 64
367  158 279 0  98 1 7 1 2 4 8 16 32 64
368   13 117 0  28 1 7 1 2 4 8 16 32 64
369  464  17 0  18 1 7 1 2 4 8 16 32 64
370  268 812 0  21 1 7 1 2 4 8 16 32 64
371  830 563 0  61 1 7 1 2 4 8 16 32 64
372  773 977 0  77 1 7 1 2 4 8 16 32 64
373  769 475 0  55 1 7 1 2 4 8 16 32 64
374  670 174 0  29 1 7 1 2 4 8 16 32 64
375  826  29 0   4 1 7 1 2 4 8 16 32 64
376  702 154 0   1 1 7 1 2 4 8 16 32 64
377  336 184 0  56 1 7 1 2 4 8 16 32 64
378  590 466 0  60 1 7 1 2 4 8 16 32 64
379  308 828 0  62 1 7 1 2 4 8 16 32 64
380  577 947 0  14 1 7 1 2 4 8 16 32 64
381  962 538 0   5 1 7 1 2 4 8 16 32 64
382   75  86 0  19 1 7 1 2 4 8 16 32 64
383  827 141 0 100 1 7 1 2 4 8 16 32 64
384  405 569 0  91 1 7 1 2 4 8 16 32 64
385   41 186 0  32 1 7 1 2 4 8 16 32 64
386  260 387 0  67 1 7 1 2 4 8 16 32 64
387  449 417 0  26 1 7 1 2 4 8 16 32 64
388  223 339 0  81 1 7 1 2 4 8 16 32 64
389  406 944 0 100 1 7 1 2 4 8 16 32 64
390  659 435 0  82 1 7 1 2 4 8 16 32 64
391  901 448 0  51 1 7 1 2 4 8 16 32 64
392  364 496 0  53 1 7 1 2 4 8 16 32 64
393  556 335 0  40 1 7 1 2 4 8 16 32 64
394  305 642 0  69 1 7 1 2 4 8 16 32 64
395  758 867 0  25 1 7 1 2 4 8 16 32 64
396  184 472 0  17 1 7 1 2 4 8 16 32 64
397  246 420 0  43 1 7 1 2 4 8 16 32 64
398  524 746 0  46 1 7 1 2 4 8 16 32 64
399  579 795 0  19 1 7 1 2 4 8 16 32 64
400  210 922 0  71 1 7 1 2 4 8 16 32 64
401  719 824 0  98 1 7 1 2 4 8 16 32 64
402  176 289 0  73 1 7 1 2 4 8 16 32 64
403  889  23 0  25 1 7 1 2 4 8 16 32 64
404  348 404 0  72 1 7 1 2 4 8 16 32 64
405  968 838 0  77 1 7 1 2 4 8 16 32 64
406  921 698 0  99 1 7 1 2 4 8 16 32 64
407  108 654 0  68 1 7 1 2 4 8 16 32 64
408  819 423 0  49 1 7 1 2 4 8 16 32 64
409   10  13 0  76 1 7 1 2 4 8 16 32 64
410  542 170 0  68 1 7 1 2 4 8 16 32 64
411  221 343 0  26 1 7 1 2 4 8 16 32 64
412  222 424 0  27 1 7 1 2 4 8 16 32 64
413   35 928 0  61 1 7 1 2 4 8 16 32 64
414  527 515 0  43 1 7 1 2 4 8 16 32 64
415  116 285 0  97 1 7 1 2 4 8 16 32 64
416  118 962 0  87 1 7 1 2 4 8 16 32 64
417  135 729 0  15 1 7 1 2 4 8 16 32 64
418  188 996 0  71 1 7 1 2 4 8 16 32 64
419  421 171 0  99 1 7 1 2 4 8 16 32 64
420  434 807 0  41 1 7 1 2 4 8 16 32 64
421  345 154 0  54 1 7 1 2 4 8 16 32 64
422  932 849 0  42 1 7 1 2 4 8 16 32 64
423  482 288 0  90 1 7 1 2 4 8 16 32 64
424  534 643 0  61 1 7 1 2 4 8 16 32 64
425  137 994 0  46 1 7 1 2 4 8 16 32 64
426  513 417 0  37 1 7 1 2 4 8 16 32 64
427  373 528 0  11 1 7 1 2 4 8 16 32 64
428  657 603 0  21 1 7 1 2 4 8 16 32 64
429  361  60 0  55 1 7 1 2 4 8 16 32 64
430  758 936 0  94 1 7 1 2 4 8 16 32 64
431  373 603 0  42 1 7 1 2 4 8 16 32 64
432  864 922 0  97 1 7 1 2 4 8 16 32 64
433  745 559 0  71 1 7 1 2 4 8 16 32 64
434  557   7 0  97 1 7 1 2 4 8 16 32 64
435  321 929 0  68 1 7 1 2 4 8 16 32 64
436  670 335 0  11 1 7 1 2 4 8 16 32 64
437  975 625 0  84 1 7 1 2 4 8 16 32 64
438  444 553 0  85 1 7 1 2 4 8 16 32 64
439  163 788 0  43 1 7 1 2 4 8 16 32 64
440  369 678 0  12 1 7 1 2 4 8 16 32 64
441  107 545 0  87 1 7 1 2 4 8 16 32 64
442  883 809 0  28 1 7 1 2 4 8 16 32 64
443  286 220 0  38 1 7 1 2 4 8 16 32 64
444  453 264 0  18 1 7 1 2 4 8 16 32 64
445  873 712 0  42 1 7 1 2 4 8 16 32 64
446  625  92 0  22 1 7 1 2 4 8 16 32 64
447  608 686 0  88 1 7 1 2 4 8 16 32 64
448  434 629 0   8 1 7 1 2 4 8 16 32 64
449  376 314 0  80 1 7 1 2 4 8 16 32 64
450  858 359 0  25 1 7 1 2 4 8 16 32 64
451  346 575 0   1 1 7 1 2 4 8 16 32 64
452  501 649 0  11 1 7 1 2 4 8 16 32 64
453  973  67 0  68 1 7 1 2 4 8 16 32 64
454  172 419 0  13 1 7 1 2 4 8 16 32 64
455  259 238 0  94 1 7 1 2 4 8 16 32 64
456  581 146 0  81 1 7 1 2 4 8 16 32 64
457  977 788 0  90 1 7 1 2 4 8 16 32 64
458  568 182 0  56 1 7 1 2 4 8 16 32 64
459   18 590 0  22 1 7 1 2 4 8 16 32 64
460  454 851 0  99 1 7 1 2 4 8 16 32 64
461  370 124 0  57 1 7 1 2 4 8 16 32 64
462  174 585 0  40 1 7 1 2 4 8 16 32 64
463   53 751 0  52 1 7 1 2 4 8 16 32 64
464  323 823 0   5 1 7 1 2 4 8 16 32 64
465  387 758 0  27 1 7 1 2 4 8 16 32 64
466  464 753 0  23 1 7 1 2 4 8 16 32 64
467  855 897 0  69 1 7 1 2 4 8 16 32 64
468   72 694 0   6 1 7 1 2 4 8 16 32 64
469  900 191 0  88 1 7 1 2 4 8 16 32 64
470  261 439 0  45 1 7 1 2 4 8 16 32 64
471  834 883 0  20 1 7 1 2 4 8 16 32 64
472  237 301 0  60 1 7 1 2 4 8 16 32 64
473   23 216 0  36 1 7 1 2 4 8 16 32 64
474  384 524 0  42 1 7 1 2 4 8 16 32 64
475   15 555 0  95 1 7 1 2 4 8 16 32 64
476  295 386 0  39 1 7 1 2 4 8 16 32 64
477  451 818 0  84 1 7 1 2 4 8 16 32 64
478  196 249 0  92 1 7 1 2 4 8 16 32 64
479  191 430 0  70 1 7 1 2 4 8 16 32 64
480  259 442 0  44 1 7 1 2 4 8 16 32 64
481  773 543 0  63 1 7 1 2 4 8 16 32 64
482  155 582 0  77 1 7 1 2 4 8 16 32 64
483  962 154 0  66 1 7 1 2 4 8 16 32 64
484   57 378 0  24 1 7 1 2 4 8 16 32 64
485   57  64 0  47 1 7 1 2 4 8 16 32 64
486   63 432 0  15 1 7 1 2 4 8 16 32 64
487  793 497 0  98 1 7 1 2 4 8 16 32 64
488  646 818 0  89 1 7 1 2 4 8 16 32 64
489  103 950 0  12 1 7 1 2 4 8 16 32 64
490  909 642 0  40 1 7 1 2 4 8 16 32 64
491   16  21 0  17 1 7 1 2 4 8 16 32 64
492  627 988 0  44 1 7 1 2 4 8 16 32 64
493  425 412 0  78 1 7 1 2 4 8 16 32 64
494  454 828 0  41 1 7 1 2 4 8 16 32 64
495  720 533 0  38 1 7 1 2 4 8 16 32 64
496  320 834 0  30 1 7 1 2 4 8 16 32 64
497  694 381 0   1 1 7 1 2 4 8 16 32 64
498  673  39 0  83 1 7 1 2 4 8 16 32 64
499  331 399 0  54 1 7 1 2 4 8 16 32 64
500   36  48 0  63 1 7 1 2 4 8 16 32 64
501  670 749 0  56 1 7 1 2 4 8 16 32 64
502  158 988 0  32 1 7 1 2 4 8 16 32 64
503  837  73 0  44 1 7 1 2 4 8 16 32 64
504  322 515 0  29 1 7 1 2 4 8 16 32 64
505  314 709 0  79 1 7 1 2 4 8 16 32 64
506  445 695 0  96 1 7 1 2 4 8 16 32 64
507   58 325 0  27 1 7 1 2 4 8 16 32 64
508  270 446 0  45 1 7 1 2 4 8 16 32 64
509  955 652 0  96 1 7 1 2 4 8 16 32 64
510  667 635 0  63 1 7 1 2 4 8 16 32 64
511  991 245 0  45 1 7 1 2 4 8 16 32 64
512  810 718 0  24 1 7 1 2 4 8 16 32 64
513  822 431 0  19 1 7 1 2 4 8 16 32 64
514  933 213 0  41 1 7 1 2 4 8 16 32 64
515  897  76 0  39 1 7 1 2 4 8 16 32 64
516  807 117 0  77 1 7 1 2 4 8 16 32 64
517  230 790 0  16 1 7 1 2 4 8 16 32 64
518  987 657 0  14 1 7 1 2 4 8 16 32 64
519   57  91 0  25 1 7 1 2 4 8 16 32 64
520  390 941 0  50 1 7 1 2 4 8 16 32 64
521  719 512 0  20 1 7 1 2 4 8 16 32 64
522  936 818 0  75 1 7 1 2 4 8 16 32 64
523  124 100 0  77 1 7 1 2 4 8 16 32 64
524  163 627 0  88 1 7 1 2 4 8 16 32 64
525  858 737 0  61 1 7 1 2 4 8 16 32 64
526  625 167 0  54 1 7 1 2 4 8 16 32 64
527  509 880 0  36 1 7 1 2 4 8 16 32 64
528  972 799 0  44 1 7 1 2 4 8 16 32 64
529  654 115 0  68 1 7 1 2 4 8 16 32 64
530  362 730 0  79 1 7 1 2 4 8 16 32 64
531  572  69 0  22 1 7 1 2 4 8 16 32 64
532  974 107 0   9 1 7 1 2 4 8 16 32 64
533  713 466 0  70 1 7 1 2 4 8 16 32 64
534  846 175 0  71 1 7 1 2 4 8 16 32 64
535  429 141 0  20 1 7 1 2 4 8 16 32 64
536  517 636 0  37 1 7 1 2 4 8 16 32 64
537  471 203 0  83 1 7 1 2 4 8 16 32 64
538  469 892 0  38 1 7 1 2 4 8 16 32 64
539  398 930 0  29 1 7 1 2 4 8 16 32 64
540  705 173 0  13 1 7 1 2 4 8 16 32 64
541  669 184 0  25 1 7 1 2 4 8 16 32 64
542  569 169 0  30 1 7 1 2 4 8 16 32 64
543  688 313 0  67 1 7 1 2 4 8 16 32 64
544  828 447 0   6 1 7 1 2 4 8 16 32 64
545  740 376 0  42 1 7 1 2 4 8 16 32 64
546  983 326 0  46 1 7 1 2 4 8 16 32 64
547  977 520 0  62 1 7 1 2 4 8 16 32 64
548  720 785 0  79 1 7 1 2 4 8 16 32 64
549  487 817 0  54 1 7 1 2 4 8 16 32 64
550  956  50 0  68 1 7 1 2 4 8 16 32 64
551   25 630 0  28 1 7 1 2 4 8 16 32 64
552  340 399 0   4 1 7 1 2 4 8 16 32 64
553  225 329 0  52 1 7 1 2 4 8 16 32 64
554   93   3 0  54 1 7 1 2 4 8 16 32 64
555  444 168 0  98 1 7 1 2 4 8 16 32 64
556  968 742 0  72 1 7 1 2 4 8 16 32 64
557  895 193 0  15 1 7 1 2 4 8 16 32 64
558 1000 722 0  22 1 7 1 2 4 8 16 32 64
559  952 269 0   8 1 7 1 2 4 8 16 32 64
560  823 926 0  91 1 7 1 2 4 8 16 32 64
561  583 730 0  47 1 7 1 2 4 8 16 32 64
562  394 716 0  34 1 7 1 2 4 8 16 32 64
563  375 494 0  93 1 7 1 2 4 8 16 32 64
564  992 695 0   3 1 7 1 2 4 8 16 32 64
565   60 532 0  85 1 7 1 2 4 8 16 32 64
566   49 230 0  63 1 7 1 2 4 8 16 32 64
567  368 423 0  74 1 7 1 2 4 8 16 32 64
568  455 438 0  47 1 7 1 2 4 8 16 32 64
569  573 597 0  55 1 7 1 2 4 8 16 32 64
570  263 881 0   4 1 7 1 2 4 8 16 32 64
571  766 857 0  19 1 7 1 2 4 8 16 32 64
572  137 926 0  21 1 7 1 2 4 8 16 32 64
573  151 576 0  40 1 7 1 2 4 8 16 32 64
574  700 937 0  46 1 7 1 2 4 8 16 32 64
575   32 825 0  38 1 7 1 2 4 8 16 32 64
576  767 864 0  31 1 7 1 2 4 8 16 32 64
577  804 421 0  23 1 7 1 2 4 8 16 32 64
578  462 485 0  98 1 7 1 2 4 8 16 32 64
579  352 106 0  49 1 7 1 2 4 8 16 32 64
580  468 676 0  82 1 7 1 2 4 8 16 32 64
581  132 407 0  78 1 7 1 2 4 8 16 32 64
582  125 238 0  78 1 7 1 2 4 8 16 32 64
583  722 796 0  86 1 7 1 2 4 8 16 32 64
584   54 898 0  61 1 7 1 2 4 8 16 32 64
585  503 119 0   1 1 7 1 2 4 8 16 32 64
586  542  45 0  96 1 7 1 2 4 8 16 32 64
587  127 312 0  71 1 7 1 2 4 8 16 32 64
588  341 675 0  31 1 7 1 2 4 8 16 32 64
589  841 288 0  26 1 7 1 2 4 8 16 32 64
590  754 817 0  86 1 7 1 2 4 8 16 32 64
591  137 597 0  18 1 7 1 2 4 8 16 32 64
592  611  59 0  89 1 7 1 2 4 8 16 32 64
593   94 482 0  22 1 7 1 2 4 8 16 32 64
594  246 954 0  52 1 7 1 2 4 8 16 32 64
595  785 351 0  96 1 7 1 2 4 8 16 32 64
596  516 455 0  77 1 7 1 2 4 8 16 32 64
597  662 161 0  28 1 7 1 2 4 8 16 32 64
598  397 894 0  44 1 7 1 2 4 8 16 32 64
599  331 771 0  51 1 7 1 2 4 8 16 32 64
600  248 243 0  45 1 7 1 2 4 8 16 32 64
601  345 263 0  47 1 7 1 2 4 8 16 32 64
602  331 729 0  41 1 7 1 2 4 8 16 32 64
603  713 772 0   4 1 7 1 2 4 8 16 32 64
604   64 410 0  76 1 7 1 2 4 8 16 32 64
605  880 217 0  90 1 7 1 2 4 8 16 32 64
606  435 646 0  60 1 7 1 2 4 8 16 32 64
607  235 624 0  97 1 7 1 2 4 8 16 32 64
608   83 938 0  55 1 7 1 2 4 8 16 32 64
609  513 450 0  24 1 7 1 2 4 8 16 32 64
610  955  81 0  87 1 7 1 2 4 8 16 32 64
611  462 570 0  49 1 7 1 2 4 8 16 32 64
612  409 433 0  76 1 7 1 2 4 8 16 32 64
613  133  78 0  96 1 7 1 2 4 8 16 32 64
614  846 217 0  96 1 7 1 2 4 8 16 32 64
615  515 410 0  55 1 7 1 2 4 8 16 32 64
616  864  60 0  93 1 7 1 2 4 8 16 32 64
617  175 672 0  13 1 7 1 2 4 8 16 32 64
618  186 324 0  12 1 7 1 2 4 8 16 32 64
619    2 690 0  40 1 7 1 2 4 8 16 32 64
620  135 478 0  83 1 7 1 2 4 8 16 32 64
621  373 348 0  24 1 7 1 2 4 8 16 32 64
622  769 915 0   9 1 7 1 2 4 8 16 32 64
623  802 319 0  25 1 7 1 2 4 8 16 32 64
624  965 629 0  53 1 7 1 2 4 8 16 32 64
625  918 945 0   5 1 7 1 2 4 8 16 32 64
626  779 665 0   1 1 7 1 2 4 8 16 32 64
627   42 260 0  68 1 7 1 2 4 8 16 32 64
628  877 636 0  82 1 7 1 2 4 8 16 32 64
629  243 465 0  32 1 7 1 2 4 8 16 32 64
630  958 901 0  24 1 7 1 2 4 8 16 32 64
631  694 671 0  98 1 7 1 2 4 8 16 32 64
632  205 886 0  13 1 7 1 2 4 8 16 32 64
633  293 686 0  13 1 7 1 2 4 8 16 32 64
634  765 743 0  29 1 7 1 2 4 8 16 32 64
635  790 533 0  36 1 7 1 2 4 8 16 32 64
636   86 781 0  10 1 7 1 2 4 8 16 32 64
637  385 719 0  50 1 7 1 2 4 8 16 32 64
638  924 627 0  43 1 7 1 2 4 8 16 32 64
639  375 313 0  46 1 7 1 2 4 8 16 32 64
640  501 773 0  95 1 7 1 2 4 8 16 32 64
641  355 695 0  52 1 7 1 2 4 8 16 32 64
642  980 281 0  77 1 7 1 2 4 8 16 32 64
643   99 674 0  80 1 7 1 2 4 8 16 32 64
644  457  80 0  57 1 7 1 2 4 8 16 32 64
645  820  55 0  95 1 7 1 2 4 8 16 32 64
646  702 844 0  76 1 7 1 2 4 8 16 32 64
647  747 353 0  62 1 7 1 2 4 8 16 32 64
648  969 601 0  96 1 7 1 2 4 8 16 32 64
649  101 990 0  55 1 7 1 2 4 8 16 32 64
650  245  39 0  87 1 7 1 2 4 8 16 32 64
651  120 495 0   3 1 7 1 2 4 8 16 32 64
652  158 487 0  38 1 7 1 2 4 8 16 32 64
653  719 385 0  66 1 7 1 2 4 8 16 32 64
654   27 378 0  31 1 7 1 2 4 8 16 32 64
655  821 106 0  91 1 7 1 2 4 8 16 32 64
656  165 203 0  68 1 7 1 2 4 8 16 32 64
657  216 953 0  35 1 7 1 2 4 8 16 32 64
658  862 372 0  64 1 7 1 2 4 8 16 32 64
659  332 702 0  23 1 7 1 2 4 8 16 32 64
660  345 303 0  81 1 7 1 2 4 8 16 32 64
661  373 771 0  74 1 7 1 2 4 8 16 32 64
662   87 520 0  25 1 7 1 2 4 8 16 32 64
663  720 496 0  17 1 7 1 2 4 8 16 32 64
664  464 731 0  91 1 7 1 2 4 8 16 32 64
665  589 303 0  14 1 7 1 2 4 8 16 32 64
666  783 929 0  29 1 7 1 2 4 8 16 32 64
667  202 767 0  93 1 7 1 2 4 8 16 32 64
668  454 472 0  64 1 7 1 2 4 8 16 32 64
669  571 612 0  52 1 7 1 2 4 8 16 32 64
670  198 880 0  99 1 7 1 2 4 8 16 32 64
671  653 499 0  59 1 7 1 2 4 8 16 32 64
672  165 127 0  43 1 7 1 2 4 8 16 32 64
673  815 292 0  37 1 7 1 2 4 8 16 32 64
674  162 643 0  20 1 7 1 2 4 8 16 32 64
675  921 316 0  39 1 7 1 2 4 8 16 32 64
676   41 576 0  51 1 7 1 2 4 8 16 32 64
677  589 935 0  49 1 7 1 2 4 8 16 32 64
678  278 995 0  50 1 7 1 2 4 8 16 32 64
679  239 878 0  20 1 7 1 2 4 8 16 32 64
680  218 714 0  86 1 7 1 2 4 8 16 32 64
681  633 877 0  65 1 7 1 2 4 8 16 32 64
682  630 216 0   3 1 7 1 2 4 8 16 32 64
683  645  73 0  15 1 7 1 2 4 8 16 32 64
684  376 133 0  44 1 7 1 2 4 8 16 32 64
685  182 565 0  40 1 7 1 2 4 8 16 32 64
686  515 475 0  38 1 7 1 2 4 8 16 32 64
687  399 326 0  84 1 7 1 2 4 8 16 32 64
688  989 187 0  95 1 7 1 2 4 8 16 32 64
689  101 968 0  95 1 7 1 2 4 8 16 32 64
690  667 545 0  69 1 7 1 2 4 8 16 32 64
691  720 905 0  41 1 7 1 2 4 8 16 32 64
692  847 151 0  37 1 7 1 2 4 8 16 32 64
693  784 797 0  43 1 7 1 2 4 8 16 32 64
694  828 576 0  76 1 7 1 2 4 8 16 32 64
695  315 341 0  84 1 7 1 2 4 8 16 32 64
696  750 853 0  81 1 7 1 2 4 8 16 32 64
697  562 653 0  85 1 7 1 2 4 8 16 32 64
698  964 683 0  19 1 7 1 2 4 8 16 32 64
699  421 741 0  38 1 7 1 2 4 8 16 32 64
700  738 555 0  93 1 7 1 2 4 8 16 32 64
701  350  22 0  36 1 7 1 2 4 8 16 32 64
702  881 386 0  10 1 7 1 2 4 8 16 32 64
703  699 635 0  14 1 7 1 2 4 8 16 32 64
704  170 440 0  58 1 7 1 2 4 8 16 32 64
705  809 464 0  85 1 7 1 2 4 8 16 32 64
706  979 248 0  23 1 7 1 2 4 8 16 32 64
707  719  19 0  94 1 7 1 2 4 8 16 32 64
708  828 765 0  82 1 7 1 2 4 8 16 32 64
709   65 508 0  21 1 7 1 2 4 8 16 32 64
710  856 214 0  44 1 7 1 2 4 8 16 32 64
711  123  79 0  70 1 7 1 2 4 8 16 32 64
712  381 260 0  27 1 7 1 2 4 8 16 32 64
713   31 408 0  86 1 7 1 2 4 8 16 32 64
714    9 385 0   4 1 7 1 2 4 8 16 32 64
715  901 421 0  73 1 7 1 2 4 8 16 32 64
716  985 518 0  53 1 7 1 2 4 8 16 32 64
717  734 324 0  26 1 7 1 2 4 8 16 32 64
718  160  23 0   8 1 7 1 2 4 8 16 32 64
719  683 999 0  73 1 7 1 2 4 8 16 32 64
720  293 276 0  87 1 7 1 2 4 8 16 32 64
721  802 771 0  97 1 7 1 2 4 8 16 32 64
722  431 765 0  27 1 7 1 2 4 8 16 32 64
723  215  43 0  12 1 7 1 2 4 8 16 32 64
724  245 837 0  20 1 7 1 2 4 8 16 32 64
725  971 255 0  40 1 7 1 2 4 8 16 32 64
726   37 997 0 100 1 7 1 2 4 8 16 32 64
727  699 732 0  30 1 7 1 2 4 8 16 32 64
728  613 346 0  21 1 7 1 2 4 8 16 32 64
729  465 107 0   7 1 7 1 2 4 8 16 32 64
730  340 984 0  22 1 7 1 2 4 8 16 32 64
731  606 307 0   8 1 7 1 2 4 8 16 32 64
732  947 531 0  34 1 7 1 2 4 8 16 32 64
733   54 535 0  36 1 7 1 2 4 8 16 32 64
734  551 713 0  66 1 7 1 2 4 8 16 32 64
735  328 400 0  49 1 7 1 2 4 8 16 32 64
736  118 586 0  22 1 7 1 2 4 8 16 32 64
737  486 574 0  26 1 7 1 2 4 8 16 32 64
738  504 577 0  78 1 7 1 2 4 8 16 32 64
739  120 682 0  33 1 7 1 2 4 8 16 32 64
740  832 916 0   7 1 7 1 2 4 8 16 32 64
741  804 570 0  67 1 7 1 2 4 8 16 32 64
742  566 855 0  91 1 7 1 2 4 8 16 32 64
743  674 278 0  85 1 7 1 2 4 8 16 32 64
744  285 385 0  86 1 7 1 2 4 8 16 32 64
745  976 101 0  79 1 7 1 2 4 8 16 32 64
746   13 228 0  99 1 7 1 2 4 8 16 32 64
747  900 905 0  63 1 7 1 2 4 8 16 32 64
748  813 194 0  41 1 7 1 2 4 8 16 32 64
749  659 674 0  56 1 7 1 2 4 8 16 32 64
750  795 179 0  10 1 7 1 2 4 8 16 32 64
751  175 177 0  94 1 7 1 2 4 8 16 32 64
752  922 973 0  19 1 7 1 2 4 8 16 32 64
753  258   8 0  76 1 7 1 2 4 8 16 32 64
754  512 514 0  48 1 7 1 2 4 8 16 32 64
755   35  88 0  82 1 7 1 2 4 8 16 32 64
756  338 137 0  73 1 7 1 2 4 8 16 32 64
757  584 891 0  44 1 7 1 2 4 8 16 32 64
758  408  86 0  58 1 7 1 2 4 8 16 32 64
759  936 228 0  51 1 7 1 2 4 8 16 32 64
760  132  80 0  29 1 7 1 2 4 8 16 32 64
761  949 442 0   8 1 7 1 2 4 8 16 32 64
762  114 339 0  17 1 7 1 2 4 8 16 32 64
763  218 408 0  72 1 7 1 2 4 8 16 32 64
764  528 379 0  29 1 7 1 2 4 8 16 32 64
765  449 505 0  34 1 7 1 2 4 8 16 32 64
766  557 302 0   2 1 7 1 2 4 8 16 32 64
767  696  62 0  22 1 7 1 2 4 8 16 32 64
768  571 496 0  28 1 7 1 2 4 8 16 32 64
769  612 260 0  13 1 7 1 2 4 8 16 32 64
770  111 880 0  13 1 7 1 2 4 8 16 32 64
771  308 298 0  57 1 7 1 2 4 8 16 32 64
772  102 968 0  77 1 7 1 2 4 8 16 32 64
773  293 676 0  86 1 7 1 2 4 8 16 32 64
774  467 291 0  40 1 7 1 2 4 8 16 32 64
775   74 687 0  44 1 7 1 2 4 8 16 32 64
776  725 499 0  64 1 7 1 2 4 8 16 32 64
777  688 815 0   1 1 7 1 2 4 8 16 32 64
778  890 229 0  83 1 7 1 2 4 8 16 32 64
779  710  54 0  24 1 7 1 2 4 8 16 32 64
780   46 940 0  44 1 7 1 2 4 8 16 32 64
781  862   2 0  23 1 7 1 2 4 8 16 32 64
782  264  91 0  68 1 7 1 2 4 8 16 32 64
783  255 416 0  63 1 7 1 2 4 8 16 32 64
784  346 750 0  68 1 7 1 2 4 8 16 32 64
785   90 335 0  94 1 7 1 2 4 8 16 32 64
786  964 283 0  71 1 7 1 2 4 8 16 32 64
787  987 744 0  44 1 7 1 2 4 8 16 32 64
788  987  64 0  23 1 7 1 2 4 8 16 32 64
789  605 331 0  99 1 7 1 2 4 8 16 32 64
790   23 916 0  21 1 7 1 2 4 8 16 32 64
791  402 506 0  11 1 7 1 2 4 8 16 32 64
792  673 731 0  11 1 7 1 2 4 8 16 32 64
793  809 399 0  22 1 7 1 2 4 8 16 32 64
794  786 640 0  63 1 7 1 2 4 8 16 32 64
795  606 559 0  31 1 7 1 2 4 8 16 32 64
796   35 123 0  58 1 7 1 2 4 8 16 32 64
797  213 153 0  36 1 7 1 2 4 8 16 32 64
798   27 557 0  86 1 7 1 2 4 8 16 32 64
799  429 687 0  26 1 7 1 2 4 8 16 32 64
800  691 902 0  73 1 7 1 2 4 8 16 32 64
801  474 905 0  44 1 7 1 2 4 8 16 32 64
802  647 297 0  32 1 7 1 2 4 8 16 32 64
803  448  31 0  25 1 7 1 2 4 8 16 32 64
804  960 197 0  83 1 7 1 2 4 8 16 32 64
805  902  83 0  20 1 7 1 2 4 8 16 32 64
806   54 636 0  57 1 7 1 2 4 8 16 32 64
807  596 259 0  73 1 7 1 2 4 8 16 32 64
808  562 301 0  67 1 7 1 2 4 8 16 32 64
809  910 716 0  27 1 7 1 2 4 8 16 32 64
810  786 641 0   4 1 7 1 2 4 8 16 32 64
811  134 481 0   7 1 7 1 2 4 8 16 32 64
812  531 296 0  20 1 7 1 2 4 8 16 32 64
813  694  56 0  60 1 7 1 2 4 8 16 32 64
814  143 849 0  15 1 7 1 2 4 8 16 32 64
815  274 987 0  39 1 7 1 2 4 8 16 32 64
816  860 266 0  11 1 7 1 2 4 8 16 32 64
817  232 482 0  90 1 7 1 2 4 8 16 32 64
818  271 250 0  73 1 7 1 2 4 8 16 32 64
819  488 440 0  44 1 7 1 2 4 8 16 32 64
820   43 160 0  88 1 7 1 2 4 8 16 32 64
821  284 257 0  52 1 7 1 2 4 8 16 32 64
822  490 828 0  94 1 7 1 2 4 8 16 32 64
823  770 775 0  15 1 7 1 2 4 8 16 32 64
824   25 690 0  50 1 7 1 2 4 8 16 32 64
825   19 119 0  14 1 7 1 2 4 8 16 32 64
826  224 361 0  26 1 7 1 2 4 8 16 32 64
827  196 228 0  29 1 7 1 2 4 8 16 32 64
828  837 574 0  14 1 7 1 2 4 8 16 32 64
829  230 595 0  25 1 7 1 2 4 8 16 32 64
830  552 314 0  82 1 7 1 2 4 8 16 32 64
831  221 416 0  47 1 7 1 2 4 8 16 32 64
832  743 240 0   3 1 7 1 2 4 8 16 32 64
833  699 869 0   1 1 7 1 2 4 8 16 32 64
834  716 273 0  83 1 7 1 2 4 8 16 32 64
835  876 448 0  62 1 7 1 2 4 8 16 32 64
836  917 866 0   7 1 7 1 2 4 8 16 32 64
837  300 812 0  59 1 7 1 2 4 8 16 32 64
838  528 642 0  85 1 7 1 2 4 8 16 32 64
839  359 509 0  64 1 7 1 2 4 8 16 32 64
840  957 207 0   9 1 7 1 2 4 8 16 32 64
841  136 474 0  95 1 7 1 2 4 8 16 32 64
842  645 730 0  73 1 7 1 2 4 8 16 32 64
843  540 162 0  24 1 7 1 2 4 8 16 32 64
844  642 274 0  74 1 7 1 2 4 8 16 32 64
845  170 569 0  25 1 7 1 2 4 8 16 32 64
846  556 907 0  33 1 7 1 2 4 8 16 32 64
847   72 567 0  89 1 7 1 2 4 8 16 32 64
848  695 756 0  19 1 7 1 2 4 8 16 32 64
849   73 540 0  54 1 7 1 2 4 8 16 32 64
850   38 566 0  50 1 7 1 2 4 8 16 32 64
851  767 534 0  56 1 7 1 2 4 8 16 32 64
852  513 860 0  67 1 7 1 2 4 8 16 32 64
853  402 223 0  31 1 7 1 2 4 8 16 32 64
854  887 411 0  96 1 7 1 2 4 8 16 32 64
855  311   0 0  48 1 7 1 2 4 8 16 32 64
856  325 678 0  61 1 7 1 2 4 8 16 32 64
857  127 646 0  88 1 7 1 2 4 8 16 32 64
858  584 473 0  16 1 7 1 2 4 8 16 32 64
859   56 791 0  72 1 7 1 2 4 8 16 32 64
860  311 475 0  59 1 7 1 2 4 8 16 32 64
861  605 736 0   3 1 7 1 2 4 8 16 32 64
862  680 634 0  38 1 7 1 2 4 8 16 32 64
863  844 653 0  54 1 7 1 2 4 8 16 32 64
864  260 409 0  25 1 7 1 2 4 8 16 32 64
865  135 201 0   0 0 0
866  221 405 0   0 0 0
867  840 520 0   0 0 0
868  991 241 0   0 0 0
869  633 232 0   0 0 0
870  436 634 0   0 0 0
871  786 435 0   0 0 0
