2 90 867 9
0 248
0 248
0 248
0 248
0 248
0 248
0 248
0 248
0 248
  1   55  338 0 100 1 9 1 2 4 8 16 32 64 128 256
  2  675  309 0  47 1 9 1 2 4 8 16 32 64 128 256
  3  162  882 0   3 1 9 1 2 4 8 16 32 64 128 256
  4  439  912 0  90 1 9 1 2 4 8 16 32 64 128 256
  5   73  662 0  20 1 9 1 2 4 8 16 32 64 128 256
  6  548  790 0  62 1 9 1 2 4 8 16 32 64 128 256
  7  445  955 0  21 1 9 1 2 4 8 16 32 64 128 256
  8  480  970 0  68 1 9 1 2 4 8 16 32 64 128 256
  9  829  980 0  21 1 9 1 2 4 8 16 32 64 128 256
 10  129  594 0  80 1 9 1 2 4 8 16 32 64 128 256
 11  421  228 0  85 1 9 1 2 4 8 16 32 64 128 256
 12  571  492 0  74 1 9 1 2 4 8 16 32 64 128 256
 13  295  233 0  59 1 9 1 2 4 8 16 32 64 128 256
 14  463  434 0  67 1 9 1 2 4 8 16 32 64 128 256
 15  533   27 0  17 1 9 1 2 4 8 16 32 64 128 256
 16   61  800 0  24 1 9 1 2 4 8 16 32 64 128 256
 17  335  477 0  74 1 9 1 2 4 8 16 32 64 128 256
 18  807   11 0   2 1 9 1 2 4 8 16 32 64 128 256
 19  210   33 0   9 1 9 1 2 4 8 16 32 64 128 256
 20  211   34 0  25 1 9 1 2 4 8 16 32 64 128 256
 21  492   78 0   4 1 9 1 2 4 8 16 32 64 128 256
 22  162   99 0  96 1 9 1 2 4 8 16 32 64 128 256
 23  615  531 0  61 1 9 1 2 4 8 16 32 64 128 256
 24  377  725 0  78 1 9 1 2 4 8 16 32 64 128 256
 25   99  115 0  50 1 9 1 2 4 8 16 32 64 128 256
 26  586  629 0   5 1 9 1 2 4 8 16 32 64 128 256
 27  393  823 0  90 1 9 1 2 4 8 16 32 64 128 256
 28  683  433 0  19 1 9 1 2 4 8 16 32 64 128 256
 29  635  314 0  95 1 9 1 2 4 8 16 32 64 128 256
 30  990  849 0  74 1 9 1 2 4 8 16 32 64 128 256
 31  973  433 0   6 1 9 1 2 4 8 16 32 64 128 256
 32  616  216 0  41 1 9 1 2 4 8 16 32 64 128 256
 33  373  212 0  23 1 9 1 2 4 8 16 32 64 128 256
 34  335  228 0  56 1 9 1 2 4 8 16 32 64 128 256
 35  638   63 0  15 1 9 1 2 4 8 16 32 64 128 256
 36    0  562 0  87 1 9 1 2 4 8 16 32 64 128 256
 37  732  303 0  93 1 9 1 2 4 8 16 32 64 128 256
 38  425  974 0  37 1 9 1 2 4 8 16 32 64 128 256
 39  912   79 0  54 1 9 1 2 4 8 16 32 64 128 256
 40  581  884 0  65 1 9 1 2 4 8 16 32 64 128 256
 41  618  574 0  15 1 9 1 2 4 8 16 32 64 128 256
 42  532  613 0  63 1 9 1 2 4 8 16 32 64 128 256
 43  225  473 0  55 1 9 1 2 4 8 16 32 64 128 256
 44  893  295 0  24 1 9 1 2 4 8 16 32 64 128 256
 45  864  295 0  60 1 9 1 2 4 8 16 32 64 128 256
 46  622  173 0  61 1 9 1 2 4 8 16 32 64 128 256
 47  404  164 0  24 1 9 1 2 4 8 16 32 64 128 256
 48  633  720 0  89 1 9 1 2 4 8 16 32 64 128 256
 49  827  879 0  19 1 9 1 2 4 8 16 32 64 128 256
 50  847  183 0  39 1 9 1 2 4 8 16 32 64 128 256
 51  926  316 0  44 1 9 1 2 4 8 16 32 64 128 256
 52  611  726 0  74 1 9 1 2 4 8 16 32 64 128 256
 53  714  141 0 100 1 9 1 2 4 8 16 32 64 128 256
 54   89  785 0   9 1 9 1 2 4 8 16 32 64 128 256
 55  550  902 0  24 1 9 1 2 4 8 16 32 64 128 256
 56  985  418 0  14 1 9 1 2 4 8 16 32 64 128 256
 57  467  651 0  46 1 9 1 2 4 8 16 32 64 128 256
 58  127  603 0  84 1 9 1 2 4 8 16 32 64 128 256
 59  995  600 0  55 1 9 1 2 4 8 16 32 64 128 256
 60  308  725 0  71 1 9 1 2 4 8 16 32 64 128 256
 61  159  179 0  77 1 9 1 2 4 8 16 32 64 128 256
 62  570  993 0  87 1 9 1 2 4 8 16 32 64 128 256
 63  952  904 0  67 1 9 1 2 4 8 16 32 64 128 256
 64   13  590 0  62 1 9 1 2 4 8 16 32 64 128 256
 65  661  114 0  49 1 9 1 2 4 8 16 32 64 128 256
 66  632  481 0  95 1 9 1 2 4 8 16 32 64 128 256
 67  900   56 0  19 1 9 1 2 4 8 16 32 64 128 256
 68  562  807 0  35 1 9 1 2 4 8 16 32 64 128 256
 69  891  805 0  83 1 9 1 2 4 8 16 32 64 128 256
 70  703  485 0  24 1 9 1 2 4 8 16 32 64 128 256
 71  445  587 0  98 1 9 1 2 4 8 16 32 64 128 256
 72  435  859 0  58 1 9 1 2 4 8 16 32 64 128 256
 73  473  689 0  30 1 9 1 2 4 8 16 32 64 128 256
 74  545  640 0  55 1 9 1 2 4 8 16 32 64 128 256
 75  722 1000 0  90 1 9 1 2 4 8 16 32 64 128 256
 76  841  547 0  31 1 9 1 2 4 8 16 32 64 128 256
 77  197   80 0  31 1 9 1 2 4 8 16 32 64 128 256
 78  240  311 0  75 1 9 1 2 4 8 16 32 64 128 256
 79  771  788 0   2 1 9 1 2 4 8 16 32 64 128 256
 80  303  860 0  33 1 9 1 2 4 8 16 32 64 128 256
 81  981  617 0  63 1 9 1 2 4 8 16 32 64 128 256
 82  492  621 0  70 1 9 1 2 4 8 16 32 64 128 256
 83   75  885 0  99 1 9 1 2 4 8 16 32 64 128 256
 84  325  208 0  87 1 9 1 2 4 8 16 32 64 128 256
 85  266  430 0  69 1 9 1 2 4 8 16 32 64 128 256
 86  474  331 0   1 1 9 1 2 4 8 16 32 64 128 256
 87  546  256 0  17 1 9 1 2 4 8 16 32 64 128 256
 88  932  935 0  58 1 9 1 2 4 8 16 32 64 128 256
 89  709  912 0  76 1 9 1 2 4 8 16 32 64 128 256
 90  765  504 0  99 1 9 1 2 4 8 16 32 64 128 256
 91  742  872 0   7 1 9 1 2 4 8 16 32 64 128 256
 92  814  471 0  81 1 9 1 2 4 8 16 32 64 128 256
 93  459  477 0  67 1 9 1 2 4 8 16 32 64 128 256
 94  155  310 0   2 1 9 1 2 4 8 16 32 64 128 256
 95  145  280 0  74 1 9 1 2 4 8 16 32 64 128 256
 96  133  355 0  29 1 9 1 2 4 8 16 32 64 128 256
 97  870  941 0  46 1 9 1 2 4 8 16 32 64 128 256
 98  150  507 0  26 1 9 1 2 4 8 16 32 64 128 256
 99  294  738 0  90 1 9 1 2 4 8 16 32 64 128 256
100  884  127 0  33 1 9 1 2 4 8 16 32 64 128 256
101  583  334 0  99 1 9 1 2 4 8 16 32 64 128 256
102  625  464 0  26 1 9 1 2 4 8 16 32 64 128 256
103  697  596 0  70 1 9 1 2 4 8 16 32 64 128 256
104  472  517 0  65 1 9 1 2 4 8 16 32 64 128 256
105  899  272 0  98 1 9 1 2 4 8 16 32 64 128 256
106  593  986 0  11 1 9 1 2 4 8 16 32 64 128 256
107   92  668 0  31 1 9 1 2 4 8 16 32 64 128 256
108  863  115 0  86 1 9 1 2 4 8 16 32 64 128 256
109   41  713 0  16 1 9 1 2 4 8 16 32 64 128 256
110  815  207 0  55 1 9 1 2 4 8 16 32 64 128 256
111  739  402 0  68 1 9 1 2 4 8 16 32 64 128 256
112  897  337 0  21 1 9 1 2 4 8 16 32 64 128 256
113  148  544 0 100 1 9 1 2 4 8 16 32 64 128 256
114  299  697 0   1 1 9 1 2 4 8 16 32 64 128 256
115  267   45 0  71 1 9 1 2 4 8 16 32 64 128 256
116  395  344 0  94 1 9 1 2 4 8 16 32 64 128 256
117  322  366 0  32 1 9 1 2 4 8 16 32 64 128 256
118  699  547 0  96 1 9 1 2 4 8 16 32 64 128 256
119  663  177 0  18 1 9 1 2 4 8 16 32 64 128 256
120  184  215 0  48 1 9 1 2 4 8 16 32 64 128 256
121  933  425 0  90 1 9 1 2 4 8 16 32 64 128 256
122  575  704 0  18 1 9 1 2 4 8 16 32 64 128 256
123  273  259 0  61 1 9 1 2 4 8 16 32 64 128 256
124   76  343 0  57 1 9 1 2 4 8 16 32 64 128 256
125  295  893 0  61 1 9 1 2 4 8 16 32 64 128 256
126   27  478 0  15 1 9 1 2 4 8 16 32 64 128 256
127  353  726 0  62 1 9 1 2 4 8 16 32 64 128 256
128  595   80 0  22 1 9 1 2 4 8 16 32 64 128 256
129  677  704 0  61 1 9 1 2 4 8 16 32 64 128 256
130  679   95 0  62 1 9 1 2 4 8 16 32 64 128 256
131  909  158 0  75 1 9 1 2 4 8 16 32 64 128 256
132  337  902 0  34 1 9 1 2 4 8 16 32 64 128 256
133  488  762 0  62 1 9 1 2 4 8 16 32 64 128 256
134  478  474 0  19 1 9 1 2 4 8 16 32 64 128 256
135  318  836 0  13 1 9 1 2 4 8 16 32 64 128 256
136   99  249 0  14 1 9 1 2 4 8 16 32 64 128 256
137  969    5 0  59 1 9 1 2 4 8 16 32 64 128 256
138  539  485 0  13 1 9 1 2 4 8 16 32 64 128 256
139  413  352 0  21 1 9 1 2 4 8 16 32 64 128 256
140  165  819 0  92 1 9 1 2 4 8 16 32 64 128 256
141  543  725 0  96 1 9 1 2 4 8 16 32 64 128 256
142  431   54 0  92 1 9 1 2 4 8 16 32 64 128 256
143  468  332 0  74 1 9 1 2 4 8 16 32 64 128 256
144  479  249 0  95 1 9 1 2 4 8 16 32 64 128 256
145  846  389 0  45 1 9 1 2 4 8 16 32 64 128 256
146  122  322 0  82 1 9 1 2 4 8 16 32 64 128 256
147  819  275 0  32 1 9 1 2 4 8 16 32 64 128 256
148  883  725 0  10 1 9 1 2 4 8 16 32 64 128 256
149  658  933 0  56 1 9 1 2 4 8 16 32 64 128 256
150  988  189 0   6 1 9 1 2 4 8 16 32 64 128 256
151  112  248 0  98 1 9 1 2 4 8 16 32 64 128 256
152  639  934 0  24 1 9 1 2 4 8 16 32 64 128 256
153  972  677 0  14 1 9 1 2 4 8 16 32 64 128 256
154  128  904 0  12 1 9 1 2 4 8 16 32 64 128 256
155  658  827 0  34 1 9 1 2 4 8 16 32 64 128 256
156  639  931 0  46 1 9 1 2 4 8 16 32 64 128 256
157  169    4 0  68 1 9 1 2 4 8 16 32 64 128 256
158  582  974 0  13 1 9 1 2 4 8 16 32 64 128 256
159  682  555 0  71 1 9 1 2 4 8 16 32 64 128 256
160  413  486 0   3 1 9 1 2 4 8 16 32 64 128 256
161  850  717 0  36 1 9 1 2 4 8 16 32 64 128 256
162  253  668 0  85 1 9 1 2 4 8 16 32 64 128 256
163  245  796 0   1 1 9 1 2 4 8 16 32 64 128 256
164  554  393 0  15 1 9 1 2 4 8 16 32 64 128 256
165  421  970 0  38 1 9 1 2 4 8 16 32 64 128 256
166  124  496 0  29 1 9 1 2 4 8 16 32 64 128 256
167    1  117 0  15 1 9 1 2 4 8 16 32 64 128 256
168  666  505 0  22 1 9 1 2 4 8 16 32 64 128 256
169  427  370 0  99 1 9 1 2 4 8 16 32 64 128 256
170  902  246 0  83 1 9 1 2 4 8 16 32 64 128 256
171  170  435 0  19 1 9 1 2 4 8 16 32 64 128 256
172  170   93 0  96 1 9 1 2 4 8 16 32 64 128 256
173  262  523 0  85 1 9 1 2 4 8 16 32 64 128 256
174  112  601 0  27 1 9 1 2 4 8 16 32 64 128 256
175  916  216 0  56 1 9 1 2 4 8 16 32 64 128 256
176   46  519 0  32 1 9 1 2 4 8 16 32 64 128 256
177  538  608 0 100 1 9 1 2 4 8 16 32 64 128 256
178  849   74 0  73 1 9 1 2 4 8 16 32 64 128 256
179  948  789 0  65 1 9 1 2 4 8 16 32 64 128 256
180  584  569 0  96 1 9 1 2 4 8 16 32 64 128 256
181  557  135 0  46 1 9 1 2 4 8 16 32 64 128 256
182  758  635 0  24 1 9 1 2 4 8 16 32 64 128 256
183  192  635 0  44 1 9 1 2 4 8 16 32 64 128 256
184  256  484 0  87 1 9 1 2 4 8 16 32 64 128 256
185   59  170 0  79 1 9 1 2 4 8 16 32 64 128 256
186  521  335 0  51 1 9 1 2 4 8 16 32 64 128 256
187  219  501 0  78 1 9 1 2 4 8 16 32 64 128 256
188  496  700 0  46 1 9 1 2 4 8 16 32 64 128 256
189  488  459 0  37 1 9 1 2 4 8 16 32 64 128 256
190  699  326 0  94 1 9 1 2 4 8 16 32 64 128 256
191  604  118 0   7 1 9 1 2 4 8 16 32 64 128 256
192  424  817 0  38 1 9 1 2 4 8 16 32 64 128 256
193  822  678 0   5 1 9 1 2 4 8 16 32 64 128 256
194  100  892 0  54 1 9 1 2 4 8 16 32 64 128 256
195  729  841 0 100 1 9 1 2 4 8 16 32 64 128 256
196   46   41 0  99 1 9 1 2 4 8 16 32 64 128 256
197   49  778 0  36 1 9 1 2 4 8 16 32 64 128 256
198  181  227 0  95 1 9 1 2 4 8 16 32 64 128 256
199  983  415 0  83 1 9 1 2 4 8 16 32 64 128 256
200  890  545 0  20 1 9 1 2 4 8 16 32 64 128 256
201   17  360 0  53 1 9 1 2 4 8 16 32 64 128 256
202  944  890 0  18 1 9 1 2 4 8 16 32 64 128 256
203  428  841 0  23 1 9 1 2 4 8 16 32 64 128 256
204  351  404 0  89 1 9 1 2 4 8 16 32 64 128 256
205  823  237 0  60 1 9 1 2 4 8 16 32 64 128 256
206  900  279 0  85 1 9 1 2 4 8 16 32 64 128 256
207  627   52 0  14 1 9 1 2 4 8 16 32 64 128 256
208  738  569 0  25 1 9 1 2 4 8 16 32 64 128 256
209  523  663 0  69 1 9 1 2 4 8 16 32 64 128 256
210  895  727 0  28 1 9 1 2 4 8 16 32 64 128 256
211   13   97 0  74 1 9 1 2 4 8 16 32 64 128 256
212  850  186 0  54 1 9 1 2 4 8 16 32 64 128 256
213   86  465 0  47 1 9 1 2 4 8 16 32 64 128 256
214  846  189 0  75 1 9 1 2 4 8 16 32 64 128 256
215  215  925 0  99 1 9 1 2 4 8 16 32 64 128 256
216  172  321 0  66 1 9 1 2 4 8 16 32 64 128 256
217  461  231 0  39 1 9 1 2 4 8 16 32 64 128 256
218  165  505 0  88 1 9 1 2 4 8 16 32 64 128 256
219  436  870 0  61 1 9 1 2 4 8 16 32 64 128 256
220  159  535 0  89 1 9 1 2 4 8 16 32 64 128 256
221  701  926 0  44 1 9 1 2 4 8 16 32 64 128 256
222  689  329 0  65 1 9 1 2 4 8 16 32 64 128 256
223  137  346 0  63 1 9 1 2 4 8 16 32 64 128 256
224  224  293 0  88 1 9 1 2 4 8 16 32 64 128 256
225  724  498 0  50 1 9 1 2 4 8 16 32 64 128 256
226  334   11 0   3 1 9 1 2 4 8 16 32 64 128 256
227  827  741 0  18 1 9 1 2 4 8 16 32 64 128 256
228   99    7 0  68 1 9 1 2 4 8 16 32 64 128 256
229  421  659 0  95 1 9 1 2 4 8 16 32 64 128 256
230   86  540 0  32 1 9 1 2 4 8 16 32 64 128 256
231  945  548 0  90 1 9 1 2 4 8 16 32 64 128 256
232  643  634 0  43 1 9 1 2 4 8 16 32 64 128 256
233  194  210 0 100 1 9 1 2 4 8 16 32 64 128 256
234  714  883 0  29 1 9 1 2 4 8 16 32 64 128 256
235  330   22 0  38 1 9 1 2 4 8 16 32 64 128 256
236  569  527 0  97 1 9 1 2 4 8 16 32 64 128 256
237  652  249 0  56 1 9 1 2 4 8 16 32 64 128 256
238  167   77 0  67 1 9 1 2 4 8 16 32 64 128 256
239  315  104 0  94 1 9 1 2 4 8 16 32 64 128 256
240   91  368 0   2 1 9 1 2 4 8 16 32 64 128 256
241  379  820 0  11 1 9 1 2 4 8 16 32 64 128 256
242  635   38 0  45 1 9 1 2 4 8 16 32 64 128 256
243    5  819 0  51 1 9 1 2 4 8 16 32 64 128 256
244  257   54 0  58 1 9 1 2 4 8 16 32 64 128 256
245  429  455 0  93 1 9 1 2 4 8 16 32 64 128 256
246  349  550 0  68 1 9 1 2 4 8 16 32 64 128 256
247  207   56 0  97 1 9 1 2 4 8 16 32 64 128 256
248  305  426 0  22 1 9 1 2 4 8 16 32 64 128 256
249  889  686 0  75 1 9 1 2 4 8 16 32 64 128 256
250  762  133 0  72 1 9 1 2 4 8 16 32 64 128 256
251  886  865 0  47 1 9 1 2 4 8 16 32 64 128 256
252  113  264 0  96 1 9 1 2 4 8 16 32 64 128 256
253  508  741 0  58 1 9 1 2 4 8 16 32 64 128 256
254   45  568 0 100 1 9 1 2 4 8 16 32 64 128 256
255  525  694 0  19 1 9 1 2 4 8 16 32 64 128 256
256  331  591 0  57 1 9 1 2 4 8 16 32 64 128 256
257   42   42 0  94 1 9 1 2 4 8 16 32 64 128 256
258  316  666 0  40 1 9 1 2 4 8 16 32 64 128 256
259  969  385 0  33 1 9 1 2 4 8 16 32 64 128 256
260  965  948 0  81 1 9 1 2 4 8 16 32 64 128 256
261  565  704 0  58 1 9 1 2 4 8 16 32 64 128 256
262  714  139 0  10 1 9 1 2 4 8 16 32 64 128 256
263  246  847 0  56 1 9 1 2 4 8 16 32 64 128 256
264  593  174 0  19 1 9 1 2 4 8 16 32 64 128 256
265  108  103 0  22 1 9 1 2 4 8 16 32 64 128 256
266  221  153 0  41 1 9 1 2 4 8 16 32 64 128 256
267   45  210 0  75 1 9 1 2 4 8 16 32 64 128 256
268   13  511 0  83 1 9 1 2 4 8 16 32 64 128 256
269   73  522 0   5 1 9 1 2 4 8 16 32 64 128 256
270   40  701 0  37 1 9 1 2 4 8 16 32 64 128 256
271  654  751 0  12 1 9 1 2 4 8 16 32 64 128 256
272  908   61 0  45 1 9 1 2 4 8 16 32 64 128 256
273  239  412 0  63 1 9 1 2 4 8 16 32 64 128 256
274  973   69 0 100 1 9 1 2 4 8 16 32 64 128 256
275  243   44 0  83 1 9 1 2 4 8 16 32 64 128 256
276  730  622 0  73 1 9 1 2 4 8 16 32 64 128 256
277  487  386 0  19 1 9 1 2 4 8 16 32 64 128 256
278  162  610 0  19 1 9 1 2 4 8 16 32 64 128 256
279  118  860 0  86 1 9 1 2 4 8 16 32 64 128 256
280  164  677 0  36 1 9 1 2 4 8 16 32 64 128 256
281  578  434 0  22 1 9 1 2 4 8 16 32 64 128 256
282  145  768 0  38 1 9 1 2 4 8 16 32 64 128 256
283  310  187 0  57 1 9 1 2 4 8 16 32 64 128 256
284   44  713 0  13 1 9 1 2 4 8 16 32 64 128 256
285  416  382 0  32 1 9 1 2 4 8 16 32 64 128 256
286  514   71 0  29 1 9 1 2 4 8 16 32 64 128 256
287  252  510 0  28 1 9 1 2 4 8 16 32 64 128 256
288  519  337 0  94 1 9 1 2 4 8 16 32 64 128 256
289  733  660 0  52 1 9 1 2 4 8 16 32 64 128 256
290  777  749 0  62 1 9 1 2 4 8 16 32 64 128 256
291  304  458 0  68 1 9 1 2 4 8 16 32 64 128 256
292  773  662 0  57 1 9 1 2 4 8 16 32 64 128 256
293  488    2 0  44 1 9 1 2 4 8 16 32 64 128 256
294   25  868 0  59 1 9 1 2 4 8 16 32 64 128 256
295  575  164 0  76 1 9 1 2 4 8 16 32 64 128 256
296  316  786 0  71 1 9 1 2 4 8 16 32 64 128 256
297  654  672 0  48 1 9 1 2 4 8 16 32 64 128 256
298  376  491 0  26 1 9 1 2 4 8 16 32 64 128 256
299  869  267 0   8 1 9 1 2 4 8 16 32 64 128 256
300  805  219 0  25 1 9 1 2 4 8 16 32 64 128 256
301  501  351 0  66 1 9 1 2 4 8 16 32 64 128 256
302  952  781 0  64 1 9 1 2 4 8 16 32 64 128 256
303  387  781 0  55 1 9 1 2 4 8 16 32 64 128 256
304  733  743 0  57 1 9 1 2 4 8 16 32 64 128 256
305  622  810 0  58 1 9 1 2 4 8 16 32 64 128 256
306  337  119 0  57 1 9 1 2 4 8 16 32 64 128 256
307  951  825 0  52 1 9 1 2 4 8 16 32 64 128 256
308  446  694 0   6 1 9 1 2 4 8 16 32 64 128 256
309  506  798 0  79 1 9 1 2 4 8 16 32 64 128 256
310  895  393 0  17 1 9 1 2 4 8 16 32 64 128 256
311   73  117 0  13 1 9 1 2 4 8 16 32 64 128 256
312  439  761 0  10 1 9 1 2 4 8 16 32 64 128 256
313  358  101 0  47 1 9 1 2 4 8 16 32 64 128 256
314  975  501 0  73 1 9 1 2 4 8 16 32 64 128 256
315  348  437 0   3 1 9 1 2 4 8 16 32 64 128 256
316  904  572 0  70 1 9 1 2 4 8 16 32 64 128 256
317  446  582 0  67 1 9 1 2 4 8 16 32 64 128 256
318  255  551 0  73 1 9 1 2 4 8 16 32 64 128 256
319   37  267 0  97 1 9 1 2 4 8 16 32 64 128 256
320  172  519 0   1 1 9 1 2 4 8 16 32 64 128 256
321  841  149 0  46 1 9 1 2 4 8 16 32 64 128 256
322  371  222 0  29 1 9 1 2 4 8 16 32 64 128 256
323  595  574 0  42 1 9 1 2 4 8 16 32 64 128 256
324   28  278 0  40 1 9 1 2 4 8 16 32 64 128 256
325  307   20 0   8 1 9 1 2 4 8 16 32 64 128 256
326  548  626 0  60 1 9 1 2 4 8 16 32 64 128 256
327  829  782 0  58 1 9 1 2 4 8 16 32 64 128 256
328  146  231 0  48 1 9 1 2 4 8 16 32 64 128 256
329  554  170 0  62 1 9 1 2 4 8 16 32 64 128 256
330  766  403 0  11 1 9 1 2 4 8 16 32 64 128 256
331  562  973 0  21 1 9 1 2 4 8 16 32 64 128 256
332  346   21 0  17 1 9 1 2 4 8 16 32 64 128 256
333  666   28 0  26 1 9 1 2 4 8 16 32 64 128 256
334  179  562 0  32 1 9 1 2 4 8 16 32 64 128 256
335  764  702 0  40 1 9 1 2 4 8 16 32 64 128 256
336   47  343 0  17 1 9 1 2 4 8 16 32 64 128 256
337  978  688 0  98 1 9 1 2 4 8 16 32 64 128 256
338  940  600 0  11 1 9 1 2 4 8 16 32 64 128 256
339   90  735 0  34 1 9 1 2 4 8 16 32 64 128 256
340  921  940 0  49 1 9 1 2 4 8 16 32 64 128 256
341  751  385 0  14 1 9 1 2 4 8 16 32 64 128 256
342  437   65 0  64 1 9 1 2 4 8 16 32 64 128 256
343  875  444 0  77 1 9 1 2 4 8 16 32 64 128 256
344  158  390 0  48 1 9 1 2 4 8 16 32 64 128 256
345  850  136 0  97 1 9 1 2 4 8 16 32 64 128 256
346  160  786 0  99 1 9 1 2 4 8 16 32 64 128 256
347  890  842 0  59 1 9 1 2 4 8 16 32 64 128 256
348  755  764 0  48 1 9 1 2 4 8 16 32 64 128 256
349  214  596 0  52 1 9 1 2 4 8 16 32 64 128 256
350  151  155 0  18 1 9 1 2 4 8 16 32 64 128 256
351  827  594 0  12 1 9 1 2 4 8 16 32 64 128 256
352  654  937 0  23 1 9 1 2 4 8 16 32 64 128 256
353   14  675 0  67 1 9 1 2 4 8 16 32 64 128 256
354  330  944 0  43 1 9 1 2 4 8 16 32 64 128 256
355  334  986 0  98 1 9 1 2 4 8 16 32 64 128 256
356  908  435 0  76 1 9 1 2 4 8 16 32 64 128 256
357  239   64 0  76 1 9 1 2 4 8 16 32 64 128 256
358  859  517 0  11 1 9 1 2 4 8 16 32 64 128 256
359  882  713 0  52 1 9 1 2 4 8 16 32 64 128 256
360  658  261 0  80 1 9 1 2 4 8 16 32 64 128 256
361  318  180 0  98 1 9 1 2 4 8 16 32 64 128 256
362   18  843 0  27 1 9 1 2 4 8 16 32 64 128 256
363  940  799 0  13 1 9 1 2 4 8 16 32 64 128 256
364  469  377 0  32 1 9 1 2 4 8 16 32 64 128 256
365  444  371 0 100 1 9 1 2 4 8 16 32 64 128 256
366  573  992 0  78 1 9 1 2 4 8 16 32 64 128 256
367  750  564 0  10 1 9 1 2 4 8 16 32 64 128 256
368  402  828 0  78 1 9 1 2 4 8 16 32 64 128 256
369  186  702 0  78 1 9 1 2 4 8 16 32 64 128 256
370  902  842 0  37 1 9 1 2 4 8 16 32 64 128 256
371   29  351 0  13 1 9 1 2 4 8 16 32 64 128 256
372  277  238 0  48 1 9 1 2 4 8 16 32 64 128 256
373   61  809 0  10 1 9 1 2 4 8 16 32 64 128 256
374  947  917 0  98 1 9 1 2 4 8 16 32 64 128 256
375  213  318 0   3 1 9 1 2 4 8 16 32 64 128 256
376    2  835 0  71 1 9 1 2 4 8 16 32 64 128 256
377  380  803 0  99 1 9 1 2 4 8 16 32 64 128 256
378  605  893 0  66 1 9 1 2 4 8 16 32 64 128 256
379  520  862 0  19 1 9 1 2 4 8 16 32 64 128 256
380   83  923 0  62 1 9 1 2 4 8 16 32 64 128 256
381  925  718 0  19 1 9 1 2 4 8 16 32 64 128 256
382   74  821 0  91 1 9 1 2 4 8 16 32 64 128 256
383  555  446 0  27 1 9 1 2 4 8 16 32 64 128 256
384  944   29 0  82 1 9 1 2 4 8 16 32 64 128 256
385  447  517 0   9 1 9 1 2 4 8 16 32 64 128 256
386  860  214 0  78 1 9 1 2 4 8 16 32 64 128 256
387  555  755 0  40 1 9 1 2 4 8 16 32 64 128 256
388  875  585 0  94 1 9 1 2 4 8 16 32 64 128 256
389  273  559 0  21 1 9 1 2 4 8 16 32 64 128 256
390  648  554 0  99 1 9 1 2 4 8 16 32 64 128 256
391   51  711 0  57 1 9 1 2 4 8 16 32 64 128 256
392  284  644 0  35 1 9 1 2 4 8 16 32 64 128 256
393  867  957 0  59 1 9 1 2 4 8 16 32 64 128 256
394  870   32 0   4 1 9 1 2 4 8 16 32 64 128 256
395  175  145 0   5 1 9 1 2 4 8 16 32 64 128 256
396  808  387 0  48 1 9 1 2 4 8 16 32 64 128 256
397  217   44 0  45 1 9 1 2 4 8 16 32 64 128 256
398  191  803 0  40 1 9 1 2 4 8 16 32 64 128 256
399  162  386 0  56 1 9 1 2 4 8 16 32 64 128 256
400  241  237 0  87 1 9 1 2 4 8 16 32 64 128 256
401  770  147 0  21 1 9 1 2 4 8 16 32 64 128 256
402  440  548 0  75 1 9 1 2 4 8 16 32 64 128 256
403  791  472 0  72 1 9 1 2 4 8 16 32 64 128 256
404  884  357 0  67 1 9 1 2 4 8 16 32 64 128 256
405  675  232 0   4 1 9 1 2 4 8 16 32 64 128 256
406  334  431 0   9 1 9 1 2 4 8 16 32 64 128 256
407  500   62 0  28 1 9 1 2 4 8 16 32 64 128 256
408  104  744 0  16 1 9 1 2 4 8 16 32 64 128 256
409  705  534 0  86 1 9 1 2 4 8 16 32 64 128 256
410  624  480 0  95 1 9 1 2 4 8 16 32 64 128 256
411  360  989 0  19 1 9 1 2 4 8 16 32 64 128 256
412   62  147 0  54 1 9 1 2 4 8 16 32 64 128 256
413   79  109 0  13 1 9 1 2 4 8 16 32 64 128 256
414  196  455 0  68 1 9 1 2 4 8 16 32 64 128 256
415  844  743 0  76 1 9 1 2 4 8 16 32 64 128 256
416  571   41 0   3 1 9 1 2 4 8 16 32 64 128 256
417  891  495 0  65 1 9 1 2 4 8 16 32 64 128 256
418  895  419 0  70 1 9 1 2 4 8 16 32 64 128 256
419  598  947 0  36 1 9 1 2 4 8 16 32 64 128 256
420  375  639 0  14 1 9 1 2 4 8 16 32 64 128 256
421   46  660 0  64 1 9 1 2 4 8 16 32 64 128 256
422   49  851 0  21 1 9 1 2 4 8 16 32 64 128 256
423  458   79 0  29 1 9 1 2 4 8 16 32 64 128 256
424  997  265 0  49 1 9 1 2 4 8 16 32 64 128 256
425  338  328 0  54 1 9 1 2 4 8 16 32 64 128 256
426  620  292 0  70 1 9 1 2 4 8 16 32 64 128 256
427  504   97 0  13 1 9 1 2 4 8 16 32 64 128 256
428  134   86 0  35 1 9 1 2 4 8 16 32 64 128 256
429  616  280 0  51 1 9 1 2 4 8 16 32 64 128 256
430  130  943 0  37 1 9 1 2 4 8 16 32 64 128 256
431   89  440 0  98 1 9 1 2 4 8 16 32 64 128 256
432  607  693 0  32 1 9 1 2 4 8 16 32 64 128 256
433  455  631 0  12 1 9 1 2 4 8 16 32 64 128 256
434  619  457 0  99 1 9 1 2 4 8 16 32 64 128 256
435  599  730 0  13 1 9 1 2 4 8 16 32 64 128 256
436  351  429 0  43 1 9 1 2 4 8 16 32 64 128 256
437  357   32 0  38 1 9 1 2 4 8 16 32 64 128 256
438  440  110 0  73 1 9 1 2 4 8 16 32 64 128 256
439  325  819 0  90 1 9 1 2 4 8 16 32 64 128 256
440  568   53 0  93 1 9 1 2 4 8 16 32 64 128 256
441  531  419 0   5 1 9 1 2 4 8 16 32 64 128 256
442  811  989 0  64 1 9 1 2 4 8 16 32 64 128 256
443  285  169 0  45 1 9 1 2 4 8 16 32 64 128 256
444  121  764 0  97 1 9 1 2 4 8 16 32 64 128 256
445  980  531 0   4 1 9 1 2 4 8 16 32 64 128 256
446  837  784 0  12 1 9 1 2 4 8 16 32 64 128 256
447  869    0 0  14 1 9 1 2 4 8 16 32 64 128 256
448  344  141 0  36 1 9 1 2 4 8 16 32 64 128 256
449  994   36 0  63 1 9 1 2 4 8 16 32 64 128 256
450   33  619 0  65 1 9 1 2 4 8 16 32 64 128 256
451   67  635 0  80 1 9 1 2 4 8 16 32 64 128 256
452  855    5 0  68 1 9 1 2 4 8 16 32 64 128 256
453  144  335 0  99 1 9 1 2 4 8 16 32 64 128 256
454  109  819 0  90 1 9 1 2 4 8 16 32 64 128 256
455  741  537 0  45 1 9 1 2 4 8 16 32 64 128 256
456  475  861 0  69 1 9 1 2 4 8 16 32 64 128 256
457   42  328 0  29 1 9 1 2 4 8 16 32 64 128 256
458  147  590 0  64 1 9 1 2 4 8 16 32 64 128 256
459  905  869 0  16 1 9 1 2 4 8 16 32 64 128 256
460  979  958 0   1 1 9 1 2 4 8 16 32 64 128 256
461  942   81 0  88 1 9 1 2 4 8 16 32 64 128 256
462  535  251 0  42 1 9 1 2 4 8 16 32 64 128 256
463  529  567 0  43 1 9 1 2 4 8 16 32 64 128 256
464  846  771 0  65 1 9 1 2 4 8 16 32 64 128 256
465  307   63 0  44 1 9 1 2 4 8 16 32 64 128 256
466  296  144 0  53 1 9 1 2 4 8 16 32 64 128 256
467  998   11 0  11 1 9 1 2 4 8 16 32 64 128 256
468    7  694 0  28 1 9 1 2 4 8 16 32 64 128 256
469  550  838 0  55 1 9 1 2 4 8 16 32 64 128 256
470  143  757 0  25 1 9 1 2 4 8 16 32 64 128 256
471  113   27 0  59 1 9 1 2 4 8 16 32 64 128 256
472  791  219 0  10 1 9 1 2 4 8 16 32 64 128 256
473  712  463 0  80 1 9 1 2 4 8 16 32 64 128 256
474  256  273 0  62 1 9 1 2 4 8 16 32 64 128 256
475  270  221 0  37 1 9 1 2 4 8 16 32 64 128 256
476  833   31 0  20 1 9 1 2 4 8 16 32 64 128 256
477  921  599 0  34 1 9 1 2 4 8 16 32 64 128 256
478  331  214 0  40 1 9 1 2 4 8 16 32 64 128 256
479  512  745 0  47 1 9 1 2 4 8 16 32 64 128 256
480  254  855 0  17 1 9 1 2 4 8 16 32 64 128 256
481  989  259 0  84 1 9 1 2 4 8 16 32 64 128 256
482  484  584 0  25 1 9 1 2 4 8 16 32 64 128 256
483  213  690 0  36 1 9 1 2 4 8 16 32 64 128 256
484  183  412 0  39 1 9 1 2 4 8 16 32 64 128 256
485  890  475 0  73 1 9 1 2 4 8 16 32 64 128 256
486   55  722 0  14 1 9 1 2 4 8 16 32 64 128 256
487  728   68 0  89 1 9 1 2 4 8 16 32 64 128 256
488  636  813 0  88 1 9 1 2 4 8 16 32 64 128 256
489  169  453 0  54 1 9 1 2 4 8 16 32 64 128 256
490  291  412 0  76 1 9 1 2 4 8 16 32 64 128 256
491  462  983 0  73 1 9 1 2 4 8 16 32 64 128 256
492   23  979 0  13 1 9 1 2 4 8 16 32 64 128 256
493  532  713 0  39 1 9 1 2 4 8 16 32 64 128 256
494  560  604 0  62 1 9 1 2 4 8 16 32 64 128 256
495  316  921 0  41 1 9 1 2 4 8 16 32 64 128 256
496   80   94 0  63 1 9 1 2 4 8 16 32 64 128 256
497  747  675 0   5 1 9 1 2 4 8 16 32 64 128 256
498  727  438 0 100 1 9 1 2 4 8 16 32 64 128 256
499  869  569 0   5 1 9 1 2 4 8 16 32 64 128 256
500  782  399 0  65 1 9 1 2 4 8 16 32 64 128 256
501  187  831 0  60 1 9 1 2 4 8 16 32 64 128 256
502  282  818 0  42 1 9 1 2 4 8 16 32 64 128 256
503  530  696 0  79 1 9 1 2 4 8 16 32 64 128 256
504  494  126 0  53 1 9 1 2 4 8 16 32 64 128 256
505  172  400 0  50 1 9 1 2 4 8 16 32 64 128 256
506  582  617 0  85 1 9 1 2 4 8 16 32 64 128 256
507  672  856 0   6 1 9 1 2 4 8 16 32 64 128 256
508  889  582 0  26 1 9 1 2 4 8 16 32 64 128 256
509  217   12 0  38 1 9 1 2 4 8 16 32 64 128 256
510  639  274 0  77 1 9 1 2 4 8 16 32 64 128 256
511  429  379 0  56 1 9 1 2 4 8 16 32 64 128 256
512  114  496 0   1 1 9 1 2 4 8 16 32 64 128 256
513   39  180 0  81 1 9 1 2 4 8 16 32 64 128 256
514  538  591 0  45 1 9 1 2 4 8 16 32 64 128 256
515  490  860 0  63 1 9 1 2 4 8 16 32 64 128 256
516  409  938 0   1 1 9 1 2 4 8 16 32 64 128 256
517  882  479 0  81 1 9 1 2 4 8 16 32 64 128 256
518  543  695 0  71 1 9 1 2 4 8 16 32 64 128 256
519  590  518 0  67 1 9 1 2 4 8 16 32 64 128 256
520   26   94 0   5 1 9 1 2 4 8 16 32 64 128 256
521  607  805 0   5 1 9 1 2 4 8 16 32 64 128 256
522  654  711 0  52 1 9 1 2 4 8 16 32 64 128 256
523  500   52 0  39 1 9 1 2 4 8 16 32 64 128 256
524  195  926 0  76 1 9 1 2 4 8 16 32 64 128 256
525   20  626 0  85 1 9 1 2 4 8 16 32 64 128 256
526  442  572 0  60 1 9 1 2 4 8 16 32 64 128 256
527  170  953 0  70 1 9 1 2 4 8 16 32 64 128 256
528  283  450 0 100 1 9 1 2 4 8 16 32 64 128 256
529  615  109 0  66 1 9 1 2 4 8 16 32 64 128 256
530  218   10 0  17 1 9 1 2 4 8 16 32 64 128 256
531  773   33 0   9 1 9 1 2 4 8 16 32 64 128 256
532  849  525 0  64 1 9 1 2 4 8 16 32 64 128 256
533  418  801 0  24 1 9 1 2 4 8 16 32 64 128 256
534  385  919 0  17 1 9 1 2 4 8 16 32 64 128 256
535  176  931 0  55 1 9 1 2 4 8 16 32 64 128 256
536  803  197 0  99 1 9 1 2 4 8 16 32 64 128 256
537  978  347 0  54 1 9 1 2 4 8 16 32 64 128 256
538  313  933 0  22 1 9 1 2 4 8 16 32 64 128 256
539  420  721 0  10 1 9 1 2 4 8 16 32 64 128 256
540  621  961 0  37 1 9 1 2 4 8 16 32 64 128 256
541  685  254 0   1 1 9 1 2 4 8 16 32 64 128 256
542  967  455 0  66 1 9 1 2 4 8 16 32 64 128 256
543  942  804 0  28 1 9 1 2 4 8 16 32 64 128 256
544  459  216 0  19 1 9 1 2 4 8 16 32 64 128 256
545  601  967 0  83 1 9 1 2 4 8 16 32 64 128 256
546   58  449 0  54 1 9 1 2 4 8 16 32 64 128 256
547  113  477 0  73 1 9 1 2 4 8 16 32 64 128 256
548  553  119 0   7 1 9 1 2 4 8 16 32 64 128 256
549  677  120 0  78 1 9 1 2 4 8 16 32 64 128 256
550  489  452 0  44 1 9 1 2 4 8 16 32 64 128 256
551  303  124 0  34 1 9 1 2 4 8 16 32 64 128 256
552  300  419 0  12 1 9 1 2 4 8 16 32 64 128 256
553  212  630 0  72 1 9 1 2 4 8 16 32 64 128 256
554  148  806 0  99 1 9 1 2 4 8 16 32 64 128 256
555  652  685 0  85 1 9 1 2 4 8 16 32 64 128 256
556  263  625 0  88 1 9 1 2 4 8 16 32 64 128 256
557  579  696 0  71 1 9 1 2 4 8 16 32 64 128 256
558  630  348 0  23 1 9 1 2 4 8 16 32 64 128 256
559  946  411 0  24 1 9 1 2 4 8 16 32 64 128 256
560  528   90 0  59 1 9 1 2 4 8 16 32 64 128 256
561  948  131 0  62 1 9 1 2 4 8 16 32 64 128 256
562  360  400 0  85 1 9 1 2 4 8 16 32 64 128 256
563    2   78 0  81 1 9 1 2 4 8 16 32 64 128 256
564   92  680 0   2 1 9 1 2 4 8 16 32 64 128 256
565  953  698 0   6 1 9 1 2 4 8 16 32 64 128 256
566  871  518 0  80 1 9 1 2 4 8 16 32 64 128 256
567  317  637 0  27 1 9 1 2 4 8 16 32 64 128 256
568  824  728 0  88 1 9 1 2 4 8 16 32 64 128 256
569  338  263 0   8 1 9 1 2 4 8 16 32 64 128 256
570  498  507 0   2 1 9 1 2 4 8 16 32 64 128 256
571  213  851 0   7 1 9 1 2 4 8 16 32 64 128 256
572  998  529 0  88 1 9 1 2 4 8 16 32 64 128 256
573  860  647 0  59 1 9 1 2 4 8 16 32 64 128 256
574  777  978 0  14 1 9 1 2 4 8 16 32 64 128 256
575  548  485 0  84 1 9 1 2 4 8 16 32 64 128 256
576   10  556 0  34 1 9 1 2 4 8 16 32 64 128 256
577  320   74 0  52 1 9 1 2 4 8 16 32 64 128 256
578  382  937 0  19 1 9 1 2 4 8 16 32 64 128 256
579  725  815 0  55 1 9 1 2 4 8 16 32 64 128 256
580  992  503 0  95 1 9 1 2 4 8 16 32 64 128 256
581  652   17 0  37 1 9 1 2 4 8 16 32 64 128 256
582  779   42 0  72 1 9 1 2 4 8 16 32 64 128 256
583  521  631 0  90 1 9 1 2 4 8 16 32 64 128 256
584  170  212 0  27 1 9 1 2 4 8 16 32 64 128 256
585  169   99 0  13 1 9 1 2 4 8 16 32 64 128 256
586   39  118 0  94 1 9 1 2 4 8 16 32 64 128 256
587   60  351 0  83 1 9 1 2 4 8 16 32 64 128 256
588  793  563 0  53 1 9 1 2 4 8 16 32 64 128 256
589  538  552 0   9 1 9 1 2 4 8 16 32 64 128 256
590  230  525 0  85 1 9 1 2 4 8 16 32 64 128 256
591  291  433 0  60 1 9 1 2 4 8 16 32 64 128 256
592  939  893 0  81 1 9 1 2 4 8 16 32 64 128 256
593  279  368 0  31 1 9 1 2 4 8 16 32 64 128 256
594  792  500 0   3 1 9 1 2 4 8 16 32 64 128 256
595  452  956 0  66 1 9 1 2 4 8 16 32 64 128 256
596  558  793 0  47 1 9 1 2 4 8 16 32 64 128 256
597  743   22 0  49 1 9 1 2 4 8 16 32 64 128 256
598  101  821 0  33 1 9 1 2 4 8 16 32 64 128 256
599  641  214 0  28 1 9 1 2 4 8 16 32 64 128 256
600  129  537 0  72 1 9 1 2 4 8 16 32 64 128 256
601  754  206 0  23 1 9 1 2 4 8 16 32 64 128 256
602  885  275 0  90 1 9 1 2 4 8 16 32 64 128 256
603  138  718 0   3 1 9 1 2 4 8 16 32 64 128 256
604  392   84 0  86 1 9 1 2 4 8 16 32 64 128 256
605  613  945 0   4 1 9 1 2 4 8 16 32 64 128 256
606  886  612 0  82 1 9 1 2 4 8 16 32 64 128 256
607  810  116 0  46 1 9 1 2 4 8 16 32 64 128 256
608  475  339 0  42 1 9 1 2 4 8 16 32 64 128 256
609  756  919 0  82 1 9 1 2 4 8 16 32 64 128 256
610  983  525 0  89 1 9 1 2 4 8 16 32 64 128 256
611  835  782 0  66 1 9 1 2 4 8 16 32 64 128 256
612  219  330 0  94 1 9 1 2 4 8 16 32 64 128 256
613  540  420 0  41 1 9 1 2 4 8 16 32 64 128 256
614  950  134 0  53 1 9 1 2 4 8 16 32 64 128 256
615  845   22 0  26 1 9 1 2 4 8 16 32 64 128 256
616  208  246 0   8 1 9 1 2 4 8 16 32 64 128 256
617  296  677 0  73 1 9 1 2 4 8 16 32 64 128 256
618  433   56 0  14 1 9 1 2 4 8 16 32 64 128 256
619  745   78 0  53 1 9 1 2 4 8 16 32 64 128 256
620  626  233 0  66 1 9 1 2 4 8 16 32 64 128 256
621  586  949 0  43 1 9 1 2 4 8 16 32 64 128 256
622   68   29 0  95 1 9 1 2 4 8 16 32 64 128 256
623  807  549 0  75 1 9 1 2 4 8 16 32 64 128 256
624  716  206 0  88 1 9 1 2 4 8 16 32 64 128 256
625  155  753 0  17 1 9 1 2 4 8 16 32 64 128 256
626  953  108 0  45 1 9 1 2 4 8 16 32 64 128 256
627  371  694 0  94 1 9 1 2 4 8 16 32 64 128 256
628  407  766 0  17 1 9 1 2 4 8 16 32 64 128 256
629  704  183 0  88 1 9 1 2 4 8 16 32 64 128 256
630  544  101 0  20 1 9 1 2 4 8 16 32 64 128 256
631  290  638 0   5 1 9 1 2 4 8 16 32 64 128 256
632  754  505 0   3 1 9 1 2 4 8 16 32 64 128 256
633  561  638 0  19 1 9 1 2 4 8 16 32 64 128 256
634  246  762 0  74 1 9 1 2 4 8 16 32 64 128 256
635  223  768 0  85 1 9 1 2 4 8 16 32 64 128 256
636   86  621 0  56 1 9 1 2 4 8 16 32 64 128 256
637  412  717 0  25 1 9 1 2 4 8 16 32 64 128 256
638  936   94 0  47 1 9 1 2 4 8 16 32 64 128 256
639   23  861 0  89 1 9 1 2 4 8 16 32 64 128 256
640  688  495 0  55 1 9 1 2 4 8 16 32 64 128 256
641  580  553 0  33 1 9 1 2 4 8 16 32 64 128 256
642  293  414 0  43 1 9 1 2 4 8 16 32 64 128 256
643  248  678 0  90 1 9 1 2 4 8 16 32 64 128 256
644  625  827 0  72 1 9 1 2 4 8 16 32 64 128 256
645   99  396 0  94 1 9 1 2 4 8 16 32 64 128 256
646  768  302 0  67 1 9 1 2 4 8 16 32 64 128 256
647  149  176 0  45 1 9 1 2 4 8 16 32 64 128 256
648  846  719 0  46 1 9 1 2 4 8 16 32 64 128 256
649  756  398 0  66 1 9 1 2 4 8 16 32 64 128 256
650  949  937 0  87 1 9 1 2 4 8 16 32 64 128 256
651  942  758 0  56 1 9 1 2 4 8 16 32 64 128 256
652  692  325 0  24 1 9 1 2 4 8 16 32 64 128 256
653  701  737 0   7 1 9 1 2 4 8 16 32 64 128 256
654  177   77 0  58 1 9 1 2 4 8 16 32 64 128 256
655   26  446 0  92 1 9 1 2 4 8 16 32 64 128 256
656  342  756 0  50 1 9 1 2 4 8 16 32 64 128 256
657  660  776 0  81 1 9 1 2 4 8 16 32 64 128 256
658  435   36 0  44 1 9 1 2 4 8 16 32 64 128 256
659  796  920 0  37 1 9 1 2 4 8 16 32 64 128 256
660  761  582 0  82 1 9 1 2 4 8 16 32 64 128 256
661  289  812 0  20 1 9 1 2 4 8 16 32 64 128 256
662  437   31 0  44 1 9 1 2 4 8 16 32 64 128 256
663  624  983 0  71 1 9 1 2 4 8 16 32 64 128 256
664  206  702 0  29 1 9 1 2 4 8 16 32 64 128 256
665  914  973 0  83 1 9 1 2 4 8 16 32 64 128 256
666  939  940 0  61 1 9 1 2 4 8 16 32 64 128 256
667  246  164 0  30 1 9 1 2 4 8 16 32 64 128 256
668  346  267 0  76 1 9 1 2 4 8 16 32 64 128 256
669  990  438 0  75 1 9 1 2 4 8 16 32 64 128 256
670  492  175 0  60 1 9 1 2 4 8 16 32 64 128 256
671  973  315 0  35 1 9 1 2 4 8 16 32 64 128 256
672  892  772 0  28 1 9 1 2 4 8 16 32 64 128 256
673  524  735 0  86 1 9 1 2 4 8 16 32 64 128 256
674  975  563 0  70 1 9 1 2 4 8 16 32 64 128 256
675  483  394 0  54 1 9 1 2 4 8 16 32 64 128 256
676  917  808 0  11 1 9 1 2 4 8 16 32 64 128 256
677  599  889 0  62 1 9 1 2 4 8 16 32 64 128 256
678  883  741 0  25 1 9 1 2 4 8 16 32 64 128 256
679  310  903 0  45 1 9 1 2 4 8 16 32 64 128 256
680  983  517 0   4 1 9 1 2 4 8 16 32 64 128 256
681  364  430 0   1 1 9 1 2 4 8 16 32 64 128 256
682   65  824 0  81 1 9 1 2 4 8 16 32 64 128 256
683  499  860 0  28 1 9 1 2 4 8 16 32 64 128 256
684  878  164 0  26 1 9 1 2 4 8 16 32 64 128 256
685  291  716 0  58 1 9 1 2 4 8 16 32 64 128 256
686   36  145 0  51 1 9 1 2 4 8 16 32 64 128 256
687  205  491 0  55 1 9 1 2 4 8 16 32 64 128 256
688  416  386 0   5 1 9 1 2 4 8 16 32 64 128 256
689  950   60 0  18 1 9 1 2 4 8 16 32 64 128 256
690  661  769 0  38 1 9 1 2 4 8 16 32 64 128 256
691   70   11 0 100 1 9 1 2 4 8 16 32 64 128 256
692  474   69 0   3 1 9 1 2 4 8 16 32 64 128 256
693  291  761 0  35 1 9 1 2 4 8 16 32 64 128 256
694  877  395 0  14 1 9 1 2 4 8 16 32 64 128 256
695  644  571 0  20 1 9 1 2 4 8 16 32 64 128 256
696  292 1000 0  64 1 9 1 2 4 8 16 32 64 128 256
697  539  686 0  31 1 9 1 2 4 8 16 32 64 128 256
698  462  226 0  36 1 9 1 2 4 8 16 32 64 128 256
699  609  845 0  25 1 9 1 2 4 8 16 32 64 128 256
700  648  935 0  71 1 9 1 2 4 8 16 32 64 128 256
701  788  287 0  68 1 9 1 2 4 8 16 32 64 128 256
702  250  672 0  48 1 9 1 2 4 8 16 32 64 128 256
703  194  844 0   5 1 9 1 2 4 8 16 32 64 128 256
704  975  621 0  76 1 9 1 2 4 8 16 32 64 128 256
705  190  873 0   9 1 9 1 2 4 8 16 32 64 128 256
706   76  755 0  25 1 9 1 2 4 8 16 32 64 128 256
707  367  379 0  98 1 9 1 2 4 8 16 32 64 128 256
708  369  211 0  22 1 9 1 2 4 8 16 32 64 128 256
709  806  569 0  78 1 9 1 2 4 8 16 32 64 128 256
710  978  238 0  67 1 9 1 2 4 8 16 32 64 128 256
711  573  659 0  12 1 9 1 2 4 8 16 32 64 128 256
712  418  363 0  12 1 9 1 2 4 8 16 32 64 128 256
713  675  824 0  86 1 9 1 2 4 8 16 32 64 128 256
714  197  842 0  69 1 9 1 2 4 8 16 32 64 128 256
715  641  685 0  14 1 9 1 2 4 8 16 32 64 128 256
716  557  391 0   4 1 9 1 2 4 8 16 32 64 128 256
717  198  484 0  92 1 9 1 2 4 8 16 32 64 128 256
718  546  550 0  13 1 9 1 2 4 8 16 32 64 128 256
719  697  315 0  26 1 9 1 2 4 8 16 32 64 128 256
720  339  885 0  13 1 9 1 2 4 8 16 32 64 128 256
721  956   34 0  60 1 9 1 2 4 8 16 32 64 128 256
722  690  558 0  81 1 9 1 2 4 8 16 32 64 128 256
723  867  389 0  35 1 9 1 2 4 8 16 32 64 128 256
724  243  572 0  40 1 9 1 2 4 8 16 32 64 128 256
725  165  264 0  16 1 9 1 2 4 8 16 32 64 128 256
726  693  697 0  28 1 9 1 2 4 8 16 32 64 128 256
727  144  875 0  72 1 9 1 2 4 8 16 32 64 128 256
728  865  241 0  72 1 9 1 2 4 8 16 32 64 128 256
729  387  997 0  65 1 9 1 2 4 8 16 32 64 128 256
730  400  492 0  61 1 9 1 2 4 8 16 32 64 128 256
731  152   70 0   1 1 9 1 2 4 8 16 32 64 128 256
732  526  399 0  31 1 9 1 2 4 8 16 32 64 128 256
733  728  205 0  52 1 9 1 2 4 8 16 32 64 128 256
734  939  561 0  82 1 9 1 2 4 8 16 32 64 128 256
735  755  597 0 100 1 9 1 2 4 8 16 32 64 128 256
736  779  816 0   4 1 9 1 2 4 8 16 32 64 128 256
737  169  158 0  19 1 9 1 2 4 8 16 32 64 128 256
738  947  891 0  45 1 9 1 2 4 8 16 32 64 128 256
739  354  929 0  27 1 9 1 2 4 8 16 32 64 128 256
740   88  342 0  51 1 9 1 2 4 8 16 32 64 128 256
741  861  158 0  90 1 9 1 2 4 8 16 32 64 128 256
742  522    0 0   7 1 9 1 2 4 8 16 32 64 128 256
743  644  266 0  21 1 9 1 2 4 8 16 32 64 128 256
744  834  431 0  28 1 9 1 2 4 8 16 32 64 128 256
745  151  999 0  17 1 9 1 2 4 8 16 32 64 128 256
746  742  744 0  53 1 9 1 2 4 8 16 32 64 128 256
747  245  748 0  21 1 9 1 2 4 8 16 32 64 128 256
748  488  475 0  77 1 9 1 2 4 8 16 32 64 128 256
749  730  665 0  82 1 9 1 2 4 8 16 32 64 128 256
750   48  497 0  77 1 9 1 2 4 8 16 32 64 128 256
751  493  838 0  83 1 9 1 2 4 8 16 32 64 128 256
752  956  906 0  76 1 9 1 2 4 8 16 32 64 128 256
753  568  433 0  58 1 9 1 2 4 8 16 32 64 128 256
754 1000  432 0  53 1 9 1 2 4 8 16 32 64 128 256
755   44  344 0   7 1 9 1 2 4 8 16 32 64 128 256
756  578  442 0  61 1 9 1 2 4 8 16 32 64 128 256
757  203  613 0  17 1 9 1 2 4 8 16 32 64 128 256
758  465  776 0  67 1 9 1 2 4 8 16 32 64 128 256
759  426  136 0  55 1 9 1 2 4 8 16 32 64 128 256
760  503  784 0  88 1 9 1 2 4 8 16 32 64 128 256
761  711  512 0  58 1 9 1 2 4 8 16 32 64 128 256
762  828  193 0  51 1 9 1 2 4 8 16 32 64 128 256
763  578  329 0  99 1 9 1 2 4 8 16 32 64 128 256
764  682  817 0  16 1 9 1 2 4 8 16 32 64 128 256
765  595  932 0  25 1 9 1 2 4 8 16 32 64 128 256
766  690  806 0  53 1 9 1 2 4 8 16 32 64 128 256
767  855  216 0  56 1 9 1 2 4 8 16 32 64 128 256
768  927  528 0  46 1 9 1 2 4 8 16 32 64 128 256
769  708  246 0  75 1 9 1 2 4 8 16 32 64 128 256
770  555  855 0  60 1 9 1 2 4 8 16 32 64 128 256
771  616  339 0  56 1 9 1 2 4 8 16 32 64 128 256
772  788  749 0  67 1 9 1 2 4 8 16 32 64 128 256
773  491  827 0  35 1 9 1 2 4 8 16 32 64 128 256
774  321  957 0   8 1 9 1 2 4 8 16 32 64 128 256
775  975  665 0  86 1 9 1 2 4 8 16 32 64 128 256
776   73  861 0  86 1 9 1 2 4 8 16 32 64 128 256
777  278    7 0  25 1 9 1 2 4 8 16 32 64 128 256
778  205  977 0  41 1 9 1 2 4 8 16 32 64 128 256
779  757  796 0  18 1 9 1 2 4 8 16 32 64 128 256
780  616  740 0  86 1 9 1 2 4 8 16 32 64 128 256
781  573  288 0  32 1 9 1 2 4 8 16 32 64 128 256
782  752  346 0  63 1 9 1 2 4 8 16 32 64 128 256
783  956  798 0  39 1 9 1 2 4 8 16 32 64 128 256
784   11  371 0  73 1 9 1 2 4 8 16 32 64 128 256
785  115  984 0  64 1 9 1 2 4 8 16 32 64 128 256
786  120  439 0  55 1 9 1 2 4 8 16 32 64 128 256
787  815  690 0  96 1 9 1 2 4 8 16 32 64 128 256
788  863  591 0  45 1 9 1 2 4 8 16 32 64 128 256
789  102  398 0  25 1 9 1 2 4 8 16 32 64 128 256
790  462  194 0  62 1 9 1 2 4 8 16 32 64 128 256
791  484  659 0  27 1 9 1 2 4 8 16 32 64 128 256
792  436  923 0   5 1 9 1 2 4 8 16 32 64 128 256
793  116  283 0  96 1 9 1 2 4 8 16 32 64 128 256
794  981  890 0   9 1 9 1 2 4 8 16 32 64 128 256
795  310  474 0   4 1 9 1 2 4 8 16 32 64 128 256
796  927  536 0  43 1 9 1 2 4 8 16 32 64 128 256
797  311  490 0  43 1 9 1 2 4 8 16 32 64 128 256
798  707  191 0  79 1 9 1 2 4 8 16 32 64 128 256
799  255  279 0  98 1 9 1 2 4 8 16 32 64 128 256
800  165  399 0   2 1 9 1 2 4 8 16 32 64 128 256
801  819  411 0  42 1 9 1 2 4 8 16 32 64 128 256
802  639  823 0  88 1 9 1 2 4 8 16 32 64 128 256
803  441  613 0  31 1 9 1 2 4 8 16 32 64 128 256
804  888   17 0  59 1 9 1 2 4 8 16 32 64 128 256
805  200  815 0  20 1 9 1 2 4 8 16 32 64 128 256
806  674   32 0  40 1 9 1 2 4 8 16 32 64 128 256
807  143  492 0  77 1 9 1 2 4 8 16 32 64 128 256
808  164  408 0  72 1 9 1 2 4 8 16 32 64 128 256
809   36  886 0  40 1 9 1 2 4 8 16 32 64 128 256
810  516  465 0  12 1 9 1 2 4 8 16 32 64 128 256
811  796  214 0   8 1 9 1 2 4 8 16 32 64 128 256
812  592  933 0  85 1 9 1 2 4 8 16 32 64 128 256
813  292  589 0  61 1 9 1 2 4 8 16 32 64 128 256
814  456  683 0  21 1 9 1 2 4 8 16 32 64 128 256
815  432  292 0  37 1 9 1 2 4 8 16 32 64 128 256
816  483  110 0  95 1 9 1 2 4 8 16 32 64 128 256
817  738  150 0  59 1 9 1 2 4 8 16 32 64 128 256
818  344   46 0  63 1 9 1 2 4 8 16 32 64 128 256
819  324  905 0  39 1 9 1 2 4 8 16 32 64 128 256
820  701   67 0  35 1 9 1 2 4 8 16 32 64 128 256
821    1   53 0  98 1 9 1 2 4 8 16 32 64 128 256
822  517  692 0  55 1 9 1 2 4 8 16 32 64 128 256
823  299  507 0  99 1 9 1 2 4 8 16 32 64 128 256
824  902  250 0  43 1 9 1 2 4 8 16 32 64 128 256
825  953  480 0  86 1 9 1 2 4 8 16 32 64 128 256
826  147  800 0  68 1 9 1 2 4 8 16 32 64 128 256
827  600  371 0  46 1 9 1 2 4 8 16 32 64 128 256
828  180  142 0   1 1 9 1 2 4 8 16 32 64 128 256
829  999  453 0  94 1 9 1 2 4 8 16 32 64 128 256
830  452   28 0  24 1 9 1 2 4 8 16 32 64 128 256
831  416  296 0  71 1 9 1 2 4 8 16 32 64 128 256
832  462  163 0  91 1 9 1 2 4 8 16 32 64 128 256
833   93   16 0  52 1 9 1 2 4 8 16 32 64 128 256
834  351  856 0  20 1 9 1 2 4 8 16 32 64 128 256
835  885  406 0  58 1 9 1 2 4 8 16 32 64 128 256
836  330  506 0   9 1 9 1 2 4 8 16 32 64 128 256
837  142  819 0  34 1 9 1 2 4 8 16 32 64 128 256
838  671  734 0  53 1 9 1 2 4 8 16 32 64 128 256
839  241  386 0  71 1 9 1 2 4 8 16 32 64 128 256
840  518  570 0  49 1 9 1 2 4 8 16 32 64 128 256
841  716   59 0  59 1 9 1 2 4 8 16 32 64 128 256
842  926  431 0  18 1 9 1 2 4 8 16 32 64 128 256
843  720  407 0  98 1 9 1 2 4 8 16 32 64 128 256
844  884  390 0  55 1 9 1 2 4 8 16 32 64 128 256
845  185  697 0  64 1 9 1 2 4 8 16 32 64 128 256
846  985  431 0  99 1 9 1 2 4 8 16 32 64 128 256
847   37  949 0  71 1 9 1 2 4 8 16 32 64 128 256
848  487  923 0  49 1 9 1 2 4 8 16 32 64 128 256
849  680  460 0  29 1 9 1 2 4 8 16 32 64 128 256
850  767  654 0  29 1 9 1 2 4 8 16 32 64 128 256
851    4  291 0  66 1 9 1 2 4 8 16 32 64 128 256
852   41   42 0  60 1 9 1 2 4 8 16 32 64 128 256
853  991  934 0  63 1 9 1 2 4 8 16 32 64 128 256
854  584  468 0  79 1 9 1 2 4 8 16 32 64 128 256
855  539  906 0   2 1 9 1 2 4 8 16 32 64 128 256
856  853    0 0  32 1 9 1 2 4 8 16 32 64 128 256
857   78   11 0  49 1 9 1 2 4 8 16 32 64 128 256
858   86  647 0  57 1 9 1 2 4 8 16 32 64 128 256
859  923  715 0  31 1 9 1 2 4 8 16 32 64 128 256
860  863  595 0  97 1 9 1 2 4 8 16 32 64 128 256
861  813  329 0  94 1 9 1 2 4 8 16 32 64 128 256
862  285  819 0  95 1 9 1 2 4 8 16 32 64 128 256
863  127  526 0  22 1 9 1 2 4 8 16 32 64 128 256
864  804  118 0  66 1 9 1 2 4 8 16 32 64 128 256
865  842  514 0  32 1 9 1 2 4 8 16 32 64 128 256
866  460   90 0  57 1 9 1 2 4 8 16 32 64 128 256
867  380  650 0  91 1 9 1 2 4 8 16 32 64 128 256
868    5   54 0   0 0 0
869  518  501 0   0 0 0
870  506  604 0   0 0 0
871  214  849 0   0 0 0
872  556  249 0   0 0 0
873  707  238 0   0 0 0
874    3  478 0   0 0 0
875  656  861 0   0 0 0
876  297  452 0   0 0 0
