2 398 871 2
0 253
0 253
  1  605 443 0  48 1 2 1 2
  2   53 278 0   8 1 2 1 2
  3   76 402 0  20 1 2 1 2
  4  813 364 0  68 1 2 1 2
  5  641 771 0  43 1 2 1 2
  6  489 472 0  11 1 2 1 2
  7  602 110 0  75 1 2 1 2
  8   16 390 0  31 1 2 1 2
  9  430 937 0  11 1 2 1 2
 10  969 870 0  29 1 2 1 2
 11  397 779 0  48 1 2 1 2
 12  276 908 0  86 1 2 1 2
 13  813  70 0  72 1 2 1 2
 14  937 864 0   9 1 2 1 2
 15  378  33 0  33 1 2 1 2
 16  771 916 0  29 1 2 1 2
 17  136 238 0   4 1 2 1 2
 18  325 739 0  33 1 2 1 2
 19  838 442 0  78 1 2 1 2
 20  863 406 0  67 1 2 1 2
 21  686 470 0  14 1 2 1 2
 22  743 123 0  98 1 2 1 2
 23  583 758 0  98 1 2 1 2
 24  972 133 0  77 1 2 1 2
 25  625 293 0  56 1 2 1 2
 26  375  95 0  17 1 2 1 2
 27  157 304 0  20 1 2 1 2
 28  158 645 0  38 1 2 1 2
 29  283 983 0  88 1 2 1 2
 30  477 757 0   5 1 2 1 2
 31  576 527 0  55 1 2 1 2
 32  808 613 0   9 1 2 1 2
 33  690 116 0  34 1 2 1 2
 34  728 202 0  73 1 2 1 2
 35  825 873 0  45 1 2 1 2
 36  647 968 0  38 1 2 1 2
 37  236  37 0   7 1 2 1 2
 38  664 736 0  74 1 2 1 2
 39  888 328 0  74 1 2 1 2
 40   34 731 0   1 1 2 1 2
 41  901 675 0  59 1 2 1 2
 42   96 837 0  90 1 2 1 2
 43  364 973 0   5 1 2 1 2
 44  688 458 0  71 1 2 1 2
 45  924 906 0  45 1 2 1 2
 46  806 692 0  43 1 2 1 2
 47  454 449 0  97 1 2 1 2
 48  391 153 0  99 1 2 1 2
 49   11 615 0  38 1 2 1 2
 50   64 827 0  35 1 2 1 2
 51  254 563 0  89 1 2 1 2
 52  825  74 0   5 1 2 1 2
 53  992 701 0  65 1 2 1 2
 54  111 162 0  37 1 2 1 2
 55  361  55 0  54 1 2 1 2
 56  358 874 0  62 1 2 1 2
 57  848 910 0  73 1 2 1 2
 58  274 214 0  58 1 2 1 2
 59  995 555 0  48 1 2 1 2
 60  776 386 0  47 1 2 1 2
 61  501  54 0   6 1 2 1 2
 62  335 478 0  79 1 2 1 2
 63   88 880 0  73 1 2 1 2
 64  995 807 0  11 1 2 1 2
 65  376 287 0  44 1 2 1 2
 66  258 191 0  72 1 2 1 2
 67  876 287 0  16 1 2 1 2
 68   97 747 0  63 1 2 1 2
 69  224 766 0  67 1 2 1 2
 70  299 184 0  86 1 2 1 2
 71  156 754 0  43 1 2 1 2
 72  483 284 0  47 1 2 1 2
 73  191 762 0  14 1 2 1 2
 74  915 366 0  94 1 2 1 2
 75  624 643 0  39 1 2 1 2
 76  684 760 0  83 1 2 1 2
 77  565 559 0  71 1 2 1 2
 78  142 933 0  33 1 2 1 2
 79  952 280 0 100 1 2 1 2
 80  385 722 0  56 1 2 1 2
 81  335 517 0  87 1 2 1 2
 82  212 569 0  81 1 2 1 2
 83  419 848 0  29 1 2 1 2
 84   11 364 0  95 1 2 1 2
 85  919 938 0  65 1 2 1 2
 86  433 784 0  82 1 2 1 2
 87   97 881 0  80 1 2 1 2
 88  640 352 0  78 1 2 1 2
 89  770 269 0  51 1 2 1 2
 90   74 605 0  66 1 2 1 2
 91  439 705 0  62 1 2 1 2
 92  756 642 0  63 1 2 1 2
 93  656 941 0  22 1 2 1 2
 94  933 659 0  47 1 2 1 2
 95  883  88 0  63 1 2 1 2
 96  877 401 0   3 1 2 1 2
 97  643 742 0  37 1 2 1 2
 98  754 548 0  31 1 2 1 2
 99  932 743 0  67 1 2 1 2
100  659 335 0  14 1 2 1 2
101  172  11 0  63 1 2 1 2
102  791 774 0  88 1 2 1 2
103  795 298 0  86 1 2 1 2
104  934 174 0  32 1 2 1 2
105  833 587 0   9 1 2 1 2
106  759 700 0  55 1 2 1 2
107   37 603 0  41 1 2 1 2
108  624 733 0  91 1 2 1 2
109  676 162 0  88 1 2 1 2
110  522 195 0  39 1 2 1 2
111  930 837 0  92 1 2 1 2
112  273 856 0  26 1 2 1 2
113  568 769 0  55 1 2 1 2
114  750 109 0   9 1 2 1 2
115  720 574 0  60 1 2 1 2
116  787  89 0  59 1 2 1 2
117  913 505 0  72 1 2 1 2
118  356 123 0  80 1 2 1 2
119  506 211 0  41 1 2 1 2
120  975 426 0   4 1 2 1 2
121  700 488 0  40 1 2 1 2
122  889 728 0  85 1 2 1 2
123  507 499 0  69 1 2 1 2
124  223 804 0  87 1 2 1 2
125  413 764 0  13 1 2 1 2
126  683  15 0   5 1 2 1 2
127  899 670 0  83 1 2 1 2
128  808 383 0  95 1 2 1 2
129  518 845 0  77 1 2 1 2
130  586 223 0  81 1 2 1 2
131  339  45 0  88 1 2 1 2
132  264  18 0  43 1 2 1 2
133  688 927 0  82 1 2 1 2
134  378 218 0   6 1 2 1 2
135  140 764 0   1 1 2 1 2
136  470 501 0  89 1 2 1 2
137  422 522 0  22 1 2 1 2
138  694 609 0  74 1 2 1 2
139  179 973 0  17 1 2 1 2
140  997 776 0  32 1 2 1 2
141  849 668 0  47 1 2 1 2
142  290 189 0  71 1 2 1 2
143  859 222 0  91 1 2 1 2
144  469 761 0  74 1 2 1 2
145  966 814 0  69 1 2 1 2
146   91 648 0  67 1 2 1 2
147  770 173 0  91 1 2 1 2
148  456 960 0  91 1 2 1 2
149  634 771 0  55 1 2 1 2
150  510 896 0  19 1 2 1 2
151  776 374 0  72 1 2 1 2
152  520 643 0  87 1 2 1 2
153  660 498 0  73 1 2 1 2
154  313 412 0  40 1 2 1 2
155  438 779 0   1 1 2 1 2
156  164 769 0  42 1 2 1 2
157  492 657 0  89 1 2 1 2
158  105 200 0  97 1 2 1 2
159  802 596 0  85 1 2 1 2
160   13 695 0  84 1 2 1 2
161  558 662 0  84 1 2 1 2
162  814   2 0  46 1 2 1 2
163  281 451 0  13 1 2 1 2
164  796 692 0  60 1 2 1 2
165  548 125 0  99 1 2 1 2
166  236 734 0  94 1 2 1 2
167  142 874 0  88 1 2 1 2
168  318 138 0  66 1 2 1 2
169  199 610 0  64 1 2 1 2
170  826 436 0   5 1 2 1 2
171  872 178 0  80 1 2 1 2
172  607 421 0  24 1 2 1 2
173  455 150 0  60 1 2 1 2
174  477 334 0  26 1 2 1 2
175  718 886 0  54 1 2 1 2
176  952 525 0  18 1 2 1 2
177  610 771 0  47 1 2 1 2
178  245 990 0  93 1 2 1 2
179  841 350 0  80 1 2 1 2
180  881 777 0  26 1 2 1 2
181  475 182 0  68 1 2 1 2
182  190 885 0  81 1 2 1 2
183  641 402 0  81 1 2 1 2
184  123 420 0   2 1 2 1 2
185  247 736 0  78 1 2 1 2
186  241 200 0  42 1 2 1 2
187  128 480 0 100 1 2 1 2
188  393 606 0  37 1 2 1 2
189  202 669 0  28 1 2 1 2
190  844 557 0  46 1 2 1 2
191  544 966 0 100 1 2 1 2
192    5 294 0  85 1 2 1 2
193   97 482 0  57 1 2 1 2
194  329 897 0  73 1 2 1 2
195  451 784 0  74 1 2 1 2
196  655 528 0  12 1 2 1 2
197  937 484 0  83 1 2 1 2
198  197 214 0  16 1 2 1 2
199  185 947 0  80 1 2 1 2
200  327 334 0  27 1 2 1 2
201  907 292 0  80 1 2 1 2
202  227 995 0   5 1 2 1 2
203  700 630 0  24 1 2 1 2
204  875 541 0  85 1 2 1 2
205  559 445 0  73 1 2 1 2
206  157 497 0  93 1 2 1 2
207  533 948 0  82 1 2 1 2
208  484 936 0  90 1 2 1 2
209   95 157 0  44 1 2 1 2
210  186 549 0  59 1 2 1 2
211   16  11 0  53 1 2 1 2
212  637 892 0  30 1 2 1 2
213   11 817 0  96 1 2 1 2
214  277 338 0  46 1 2 1 2
215  986 231 0  29 1 2 1 2
216  648 938 0   2 1 2 1 2
217  799  18 0  82 1 2 1 2
218  498 694 0  28 1 2 1 2
219  560 779 0  71 1 2 1 2
220    4  28 0  61 1 2 1 2
221  938 336 0  32 1 2 1 2
222  613 718 0  15 1 2 1 2
223  648 315 0  46 1 2 1 2
224  296 366 0  90 1 2 1 2
225  210 209 0  91 1 2 1 2
226  645 893 0  55 1 2 1 2
227  528 534 0  56 1 2 1 2
228  594 826 0  80 1 2 1 2
229  886  94 0  41 1 2 1 2
230  959 350 0  23 1 2 1 2
231  162 938 0  63 1 2 1 2
232  356 780 0  43 1 2 1 2
233  887 347 0  98 1 2 1 2
234  813 175 0  10 1 2 1 2
235   22 439 0  42 1 2 1 2
236   93 878 0  47 1 2 1 2
237  118 986 0  63 1 2 1 2
238  972 957 0  52 1 2 1 2
239   62 738 0  23 1 2 1 2
240  759  40 0  27 1 2 1 2
241  941 769 0  31 1 2 1 2
242  958 395 0  48 1 2 1 2
243  572 938 0  61 1 2 1 2
244  675 105 0  99 1 2 1 2
245  364 263 0  30 1 2 1 2
246  936 132 0  85 1 2 1 2
247  443 542 0   9 1 2 1 2
248  722 912 0  40 1 2 1 2
249  185 276 0  54 1 2 1 2
250   79 368 0  27 1 2 1 2
251  542 964 0  33 1 2 1 2
252   50 675 0  12 1 2 1 2
253  854 944 0  93 1 2 1 2
254  855 838 0  69 1 2 1 2
255  407 761 0  34 1 2 1 2
256    0 456 0  45 1 2 1 2
257  383  69 0  81 1 2 1 2
258  309 622 0  75 1 2 1 2
259  693 682 0  65 1 2 1 2
260   89 257 0  25 1 2 1 2
261  441 792 0 100 1 2 1 2
262   91 544 0  28 1 2 1 2
263  158 389 0   5 1 2 1 2
264  350 641 0  61 1 2 1 2
265  897 295 0  69 1 2 1 2
266  547 932 0  22 1 2 1 2
267  278 810 0  42 1 2 1 2
268  780 878 0  50 1 2 1 2
269  876 167 0  80 1 2 1 2
270  436 476 0  52 1 2 1 2
271  592 422 0   3 1 2 1 2
272  891 567 0  26 1 2 1 2
273  322 316 0  11 1 2 1 2
274  925 720 0  23 1 2 1 2
275  915 270 0  95 1 2 1 2
276  801 641 0  90 1 2 1 2
277  456 950 0  53 1 2 1 2
278  579 329 0  67 1 2 1 2
279   24 501 0  28 1 2 1 2
280  995 105 0  93 1 2 1 2
281  735 905 0  49 1 2 1 2
282  702 466 0  55 1 2 1 2
283  601 616 0  13 1 2 1 2
284  949 637 0  90 1 2 1 2
285  583 283 0  38 1 2 1 2
286  438 756 0  13 1 2 1 2
287   35 206 0  15 1 2 1 2
288  113 191 0  57 1 2 1 2
289  207 684 0  13 1 2 1 2
290  646 132 0  69 1 2 1 2
291  421 402 0  36 1 2 1 2
292  571 277 0  94 1 2 1 2
293  234  54 0  25 1 2 1 2
294  321 966 0  41 1 2 1 2
295  249 839 0  95 1 2 1 2
296  779 106 0  98 1 2 1 2
297  978  77 0  33 1 2 1 2
298  549 889 0  47 1 2 1 2
299  555 222 0  62 1 2 1 2
300  603 519 0  54 1 2 1 2
301  558 861 0  94 1 2 1 2
302  744  19 0  31 1 2 1 2
303  454 367 0  37 1 2 1 2
304  893 981 0  55 1 2 1 2
305  264 254 0  36 1 2 1 2
306  105 999 0  17 1 2 1 2
307    2  78 0  27 1 2 1 2
308  868 458 0  66 1 2 1 2
309  637 509 0  26 1 2 1 2
310  745 533 0  76 1 2 1 2
311  550 271 0  27 1 2 1 2
312    0 941 0  97 1 2 1 2
313  714 982 0  51 1 2 1 2
314  235 814 0  34 1 2 1 2
315  367 962 0  69 1 2 1 2
316  181 222 0  88 1 2 1 2
317  434 114 0  40 1 2 1 2
318  657 174 0  28 1 2 1 2
319   56 500 0  28 1 2 1 2
320  941 679 0  15 1 2 1 2
321  707 640 0  34 1 2 1 2
322  914 294 0  47 1 2 1 2
323  265 949 0  15 1 2 1 2
324  904 979 0  21 1 2 1 2
325  808 786 0  17 1 2 1 2
326  486 607 0  70 1 2 1 2
327  247 329 0  51 1 2 1 2
328  318 341 0  47 1 2 1 2
329  766 759 0   1 1 2 1 2
330  565  54 0   4 1 2 1 2
331   15  91 0  74 1 2 1 2
332  470 263 0  37 1 2 1 2
333  118 738 0  34 1 2 1 2
334  281 998 0  23 1 2 1 2
335  488 489 0  40 1 2 1 2
336  899 559 0  94 1 2 1 2
337   76 911 0  22 1 2 1 2
338  489   0 0   4 1 2 1 2
339  536 842 0   9 1 2 1 2
340  873 867 0  14 1 2 1 2
341  223 231 0   3 1 2 1 2
342  204 911 0  51 1 2 1 2
343  555 679 0  83 1 2 1 2
344  968 299 0  44 1 2 1 2
345  190  63 0  66 1 2 1 2
346   21  58 0  51 1 2 1 2
347  515 325 0  60 1 2 1 2
348  850 945 0  40 1 2 1 2
349  891 966 0  46 1 2 1 2
350  809 590 0   2 1 2 1 2
351  187 503 0  33 1 2 1 2
352  317 619 0  21 1 2 1 2
353  259 781 0  92 1 2 1 2
354  850 686 0  90 1 2 1 2
355  996 133 0  56 1 2 1 2
356  789 398 0  88 1 2 1 2
357  207 202 0  17 1 2 1 2
358    9 868 0  29 1 2 1 2
359  630 922 0  76 1 2 1 2
360  456 906 0  88 1 2 1 2
361  980 114 0  56 1 2 1 2
362  817  60 0  81 1 2 1 2
363  362  42 0 100 1 2 1 2
364  988 310 0  43 1 2 1 2
365  785  80 0  36 1 2 1 2
366  492  84 0   3 1 2 1 2
367  720  73 0  15 1 2 1 2
368  745 617 0  61 1 2 1 2
369  661  97 0  94 1 2 1 2
370  123 724 0  49 1 2 1 2
371  375 591 0  46 1 2 1 2
372  174  69 0  77 1 2 1 2
373  547 836 0  10 1 2 1 2
374  763 277 0  34 1 2 1 2
375  932 875 0  24 1 2 1 2
376  657 674 0  98 1 2 1 2
377   15 924 0  59 1 2 1 2
378  852 873 0  19 1 2 1 2
379  639 522 0  94 1 2 1 2
380  203 276 0  97 1 2 1 2
381  137 546 0  76 1 2 1 2
382  218 984 0  59 1 2 1 2
383  580 621 0  96 1 2 1 2
384  501 707 0  83 1 2 1 2
385    3 677 0  36 1 2 1 2
386  869  45 0  57 1 2 1 2
387   42  32 0  10 1 2 1 2
388  531 312 0   2 1 2 1 2
389  454 316 0  72 1 2 1 2
390  938  77 0  35 1 2 1 2
391    7 340 0  96 1 2 1 2
392  973  14 0  61 1 2 1 2
393  482 919 0   6 1 2 1 2
394  496 964 0  45 1 2 1 2
395 1000 700 0   2 1 2 1 2
396  648 551 0  28 1 2 1 2
397  414 281 0  70 1 2 1 2
398  102 300 0  58 1 2 1 2
399  667  57 0  42 1 2 1 2
400  805  39 0  68 1 2 1 2
401  360 873 0  51 1 2 1 2
402  528 519 0  97 1 2 1 2
403  823 338 0  48 1 2 1 2
404   34  93 0  98 1 2 1 2
405  344   7 0  98 1 2 1 2
406  811 342 0  88 1 2 1 2
407  774 957 0  34 1 2 1 2
408   44 944 0  60 1 2 1 2
409  551  21 0  57 1 2 1 2
410  472 624 0  15 1 2 1 2
411  701  88 0  11 1 2 1 2
412  375 544 0  94 1 2 1 2
413  114 225 0  87 1 2 1 2
414  720 506 0  97 1 2 1 2
415  299 544 0  85 1 2 1 2
416  145 926 0  47 1 2 1 2
417  537 309 0  18 1 2 1 2
418  325 728 0  85 1 2 1 2
419  674  28 0  49 1 2 1 2
420  356 876 0  21 1 2 1 2
421   92 854 0  27 1 2 1 2
422  636 113 0  85 1 2 1 2
423  861 541 0  19 1 2 1 2
424  352 625 0  20 1 2 1 2
425  457 581 0  89 1 2 1 2
426  983 344 0  38 1 2 1 2
427  202 165 0  21 1 2 1 2
428  921 336 0  47 1 2 1 2
429  420 928 0  65 1 2 1 2
430  159 474 0  69 1 2 1 2
431  861 212 0  60 1 2 1 2
432  822 470 0  30 1 2 1 2
433  441 156 0  48 1 2 1 2
434  443 151 0  41 1 2 1 2
435  302 324 0   9 1 2 1 2
436  444 330 0  46 1 2 1 2
437  809 426 0  23 1 2 1 2
438  402 360 0  55 1 2 1 2
439  792 921 0  25 1 2 1 2
440  862  26 0   7 1 2 1 2
441  333 965 0  14 1 2 1 2
442  774 401 0  17 1 2 1 2
443  552 173 0  94 1 2 1 2
444  661 156 0  18 1 2 1 2
445  685 717 0  86 1 2 1 2
446  488 904 0  90 1 2 1 2
447  754 361 0  14 1 2 1 2
448  389 919 0  92 1 2 1 2
449  219 112 0  67 1 2 1 2
450  968 882 0  39 1 2 1 2
451  116 343 0  13 1 2 1 2
452  367 577 0   4 1 2 1 2
453  527 176 0  22 1 2 1 2
454  278 705 0  60 1 2 1 2
455  863 195 0   1 1 2 1 2
456   58 501 0  78 1 2 1 2
457  522 544 0  46 1 2 1 2
458  546 101 0  12 1 2 1 2
459  276  59 0  85 1 2 1 2
460  535 360 0  21 1 2 1 2
461  278 646 0  12 1 2 1 2
462  507 880 0  19 1 2 1 2
463  123 377 0  79 1 2 1 2
464  166  17 0  93 1 2 1 2
465    4 472 0  13 1 2 1 2
466  818 695 0  39 1 2 1 2
467  893 477 0  10 1 2 1 2
468  323 207 0  29 1 2 1 2
469  145 662 0  72 1 2 1 2
470  548 715 0  76 1 2 1 2
471  958 107 0  94 1 2 1 2
472  722 603 0  81 1 2 1 2
473  467 669 0  11 1 2 1 2
474  790 477 0  85 1 2 1 2
475  108 645 0  17 1 2 1 2
476  805 184 0  18 1 2 1 2
477  249 681 0  45 1 2 1 2
478  381 557 0  98 1 2 1 2
479  499 167 0  76 1 2 1 2
480  798 337 0  68 1 2 1 2
481   50  25 0  45 1 2 1 2
482  170 387 0  43 1 2 1 2
483  231 430 0  87 1 2 1 2
484  127 639 0  10 1 2 1 2
485  503 261 0  17 1 2 1 2
486  415 837 0  55 1 2 1 2
487  460 453 0  40 1 2 1 2
488  877 707 0  45 1 2 1 2
489  589 709 0  47 1 2 1 2
490  759 881 0  19 1 2 1 2
491  152 355 0  57 1 2 1 2
492  998 294 0  97 1 2 1 2
493  559 796 0   8 1 2 1 2
494  526 811 0  70 1 2 1 2
495  902 965 0   9 1 2 1 2
496  417 509 0  15 1 2 1 2
497  717 748 0  13 1 2 1 2
498  246 527 0  14 1 2 1 2
499  121 278 0  99 1 2 1 2
500   43 573 0   7 1 2 1 2
501  695 124 0  62 1 2 1 2
502  429 827 0  83 1 2 1 2
503  360  36 0  84 1 2 1 2
504  704 409 0  40 1 2 1 2
505  365 951 0  40 1 2 1 2
506  820 564 0  54 1 2 1 2
507  341 237 0  54 1 2 1 2
508  936 498 0  76 1 2 1 2
509  150 508 0  19 1 2 1 2
510  811 315 0  94 1 2 1 2
511  752 390 0  27 1 2 1 2
512  542 176 0  35 1 2 1 2
513  983 727 0  21 1 2 1 2
514  927 398 0  40 1 2 1 2
515  833 339 0  79 1 2 1 2
516  468 952 0  89 1 2 1 2
517  568 418 0  47 1 2 1 2
518  292 216 0  65 1 2 1 2
519  440 510 0  40 1 2 1 2
520  895 611 0  63 1 2 1 2
521  907 916 0  39 1 2 1 2
522   33  80 0   5 1 2 1 2
523  524 291 0  39 1 2 1 2
524  418  14 0  51 1 2 1 2
525  898 662 0  85 1 2 1 2
526  102 636 0   4 1 2 1 2
527   66 202 0   7 1 2 1 2
528  660  22 0  50 1 2 1 2
529  658  98 0  64 1 2 1 2
530  845 628 0  46 1 2 1 2
531    2 712 0  34 1 2 1 2
532   35 962 0   6 1 2 1 2
533  871 938 0  82 1 2 1 2
534  362 635 0  27 1 2 1 2
535  372 552 0  93 1 2 1 2
536  540 706 0  66 1 2 1 2
537  183 953 0  56 1 2 1 2
538   60 838 0  41 1 2 1 2
539  571  47 0   5 1 2 1 2
540  712 602 0  94 1 2 1 2
541  847 581 0  26 1 2 1 2
542  669 385 0  11 1 2 1 2
543  177 876 0  73 1 2 1 2
544   61 126 0  59 1 2 1 2
545  152 141 0  53 1 2 1 2
546  911 974 0  51 1 2 1 2
547   38 629 0  57 1 2 1 2
548  897 410 0  52 1 2 1 2
549  537 430 0  22 1 2 1 2
550  559 745 0  68 1 2 1 2
551   50 201 0  58 1 2 1 2
552  312 289 0  16 1 2 1 2
553  226 272 0  74 1 2 1 2
554  713 336 0  74 1 2 1 2
555  102 854 0  81 1 2 1 2
556  794 382 0  66 1 2 1 2
557   99 541 0  92 1 2 1 2
558  628 807 0  21 1 2 1 2
559   16 451 0  38 1 2 1 2
560  794 161 0  85 1 2 1 2
561  867 895 0  29 1 2 1 2
562  484 967 0  99 1 2 1 2
563  432 513 0  39 1 2 1 2
564  108 884 0  92 1 2 1 2
565  262 229 0  97 1 2 1 2
566  344 749 0 100 1 2 1 2
567  562 512 0   7 1 2 1 2
568  609   4 0  45 1 2 1 2
569  777 591 0  76 1 2 1 2
570   25 147 0   2 1 2 1 2
571  883 374 0  93 1 2 1 2
572  777 768 0  30 1 2 1 2
573  828 392 0  11 1 2 1 2
574  523 197 0  27 1 2 1 2
575  894 117 0  73 1 2 1 2
576   45 801 0  20 1 2 1 2
577  361 969 0  68 1 2 1 2
578  512 965 0  27 1 2 1 2
579  102   3 0  95 1 2 1 2
580  147 263 0  44 1 2 1 2
581  580 441 0  89 1 2 1 2
582  991 597 0  80 1 2 1 2
583  917 696 0  81 1 2 1 2
584  541 460 0  28 1 2 1 2
585  775 100 0   8 1 2 1 2
586  966 768 0  18 1 2 1 2
587   81 404 0  73 1 2 1 2
588  214 791 0   2 1 2 1 2
589  799 196 0  32 1 2 1 2
590  956 755 0  86 1 2 1 2
591  357 296 0  89 1 2 1 2
592  562 603 0  36 1 2 1 2
593  138 130 0  15 1 2 1 2
594  787 561 0  42 1 2 1 2
595  928 213 0  98 1 2 1 2
596  584 801 0  64 1 2 1 2
597  287 378 0  65 1 2 1 2
598  852 977 0  71 1 2 1 2
599  224 545 0   6 1 2 1 2
600  255 980 0  52 1 2 1 2
601  625 699 0  85 1 2 1 2
602  544 252 0  54 1 2 1 2
603   94 581 0  56 1 2 1 2
604   52 883 0  42 1 2 1 2
605  855 224 0  15 1 2 1 2
606  676 974 0  99 1 2 1 2
607  938 250 0  70 1 2 1 2
608  888 494 0  56 1 2 1 2
609  631 847 0  63 1 2 1 2
610  125 950 0  58 1 2 1 2
611   59 950 0   5 1 2 1 2
612  372 868 0  27 1 2 1 2
613  167 592 0  95 1 2 1 2
614  817 438 0  75 1 2 1 2
615  890 645 0  32 1 2 1 2
616   94 209 0   5 1 2 1 2
617   76  97 0  50 1 2 1 2
618  447 744 0  37 1 2 1 2
619  434 891 0  34 1 2 1 2
620  728 575 0  85 1 2 1 2
621  405 900 0  41 1 2 1 2
622   55 396 0  32 1 2 1 2
623  564 380 0  51 1 2 1 2
624  636 514 0  46 1 2 1 2
625   27  78 0  91 1 2 1 2
626  427 535 0 100 1 2 1 2
627  829 425 0  86 1 2 1 2
628  422 497 0  78 1 2 1 2
629  747 547 0  70 1 2 1 2
630  638 978 0  59 1 2 1 2
631  466 708 0  48 1 2 1 2
632  657 699 0  97 1 2 1 2
633  563 101 0  17 1 2 1 2
634  602 150 0  20 1 2 1 2
635  368 929 0  35 1 2 1 2
636  685 142 0  77 1 2 1 2
637  225 239 0  83 1 2 1 2
638  146 880 0  52 1 2 1 2
639   11 884 0  14 1 2 1 2
640  592 403 0   7 1 2 1 2
641  463 518 0  75 1 2 1 2
642 1000 543 0  35 1 2 1 2
643  244 837 0  26 1 2 1 2
644  339 133 0  87 1 2 1 2
645  723 803 0  64 1 2 1 2
646  863 545 0  52 1 2 1 2
647  406 124 0  39 1 2 1 2
648  267 632 0  23 1 2 1 2
649  386 881 0  57 1 2 1 2
650  793 331 0  12 1 2 1 2
651  733 552 0  18 1 2 1 2
652  633 887 0  57 1 2 1 2
653  515 267 0  74 1 2 1 2
654  157 439 0  31 1 2 1 2
655  963 436 0   4 1 2 1 2
656  106 707 0  55 1 2 1 2
657  386 516 0  82 1 2 1 2
658  404 227 0  78 1 2 1 2
659   95 527 0  55 1 2 1 2
660  356 347 0  83 1 2 1 2
661  245 398 0  97 1 2 1 2
662  976 296 0   9 1 2 1 2
663  341 214 0  29 1 2 1 2
664  179 984 0  32 1 2 1 2
665  772  63 0  73 1 2 1 2
666  640 631 0  74 1 2 1 2
667  661 983 0   5 1 2 1 2
668  611 689 0   4 1 2 1 2
669  276 770 0  92 1 2 1 2
670  796 910 0  71 1 2 1 2
671  745 396 0  96 1 2 1 2
672   10 264 0  39 1 2 1 2
673  609 221 0  20 1 2 1 2
674  435 651 0 100 1 2 1 2
675  734 125 0  19 1 2 1 2
676  430 792 0  16 1 2 1 2
677  166 928 0  22 1 2 1 2
678  172 939 0  21 1 2 1 2
679  470 206 0  18 1 2 1 2
680  300 773 0  95 1 2 1 2
681  629  68 0  50 1 2 1 2
682    1 140 0  21 1 2 1 2
683  569 787 0  66 1 2 1 2
684  804 396 0  97 1 2 1 2
685  629 125 0  98 1 2 1 2
686  964 890 0  92 1 2 1 2
687  883  58 0  75 1 2 1 2
688  557  87 0  84 1 2 1 2
689  942 421 0  77 1 2 1 2
690  355 659 0  67 1 2 1 2
691  954  23 0  19 1 2 1 2
692  718 168 0  86 1 2 1 2
693   22 633 0  56 1 2 1 2
694  744 535 0  51 1 2 1 2
695  909 873 0  88 1 2 1 2
696  741 236 0  35 1 2 1 2
697  384 605 0  82 1 2 1 2
698   54 342 0  66 1 2 1 2
699  516 232 0  64 1 2 1 2
700  545 843 0  30 1 2 1 2
701  650 703 0  40 1 2 1 2
702  864 163 0  89 1 2 1 2
703  772 727 0  26 1 2 1 2
704  144 554 0  86 1 2 1 2
705  440 148 0  88 1 2 1 2
706  170  65 0   8 1 2 1 2
707  536 967 0  84 1 2 1 2
708 1000 144 0  86 1 2 1 2
709   55 909 0   3 1 2 1 2
710  440 877 0  51 1 2 1 2
711  609 421 0  11 1 2 1 2
712  225 230 0  42 1 2 1 2
713  212 749 0  85 1 2 1 2
714  941 642 0  77 1 2 1 2
715  762 633 0  96 1 2 1 2
716  823 339 0  93 1 2 1 2
717  238 643 0   4 1 2 1 2
718  367 359 0  76 1 2 1 2
719  583  81 0  48 1 2 1 2
720   17 626 0  62 1 2 1 2
721  513 635 0  91 1 2 1 2
722  721 547 0  22 1 2 1 2
723  890  51 0  53 1 2 1 2
724  181  97 0  96 1 2 1 2
725  207  14 0  55 1 2 1 2
726  675  17 0  43 1 2 1 2
727  379 185 0  15 1 2 1 2
728  194 932 0  45 1 2 1 2
729  479 822 0  73 1 2 1 2
730  334 975 0  13 1 2 1 2
731  997 353 0  81 1 2 1 2
732  130 429 0  78 1 2 1 2
733  697 874 0  79 1 2 1 2
734  534 944 0  11 1 2 1 2
735  606 456 0  63 1 2 1 2
736   52 555 0  54 1 2 1 2
737  821 137 0  78 1 2 1 2
738  653 218 0  68 1 2 1 2
739  469 932 0  46 1 2 1 2
740  312 942 0  38 1 2 1 2
741  130 618 0  37 1 2 1 2
742  945  79 0   7 1 2 1 2
743  946 889 0  22 1 2 1 2
744  727 301 0  29 1 2 1 2
745  862 613 0  80 1 2 1 2
746  994 205 0  43 1 2 1 2
747   59 976 0  14 1 2 1 2
748  713 458 0  22 1 2 1 2
749  324 744 0  47 1 2 1 2
750  849 889 0  84 1 2 1 2
751  277 390 0  93 1 2 1 2
752  643 826 0  62 1 2 1 2
753  381 787 0  42 1 2 1 2
754  352 303 0  77 1 2 1 2
755  752 633 0  23 1 2 1 2
756  212 823 0  84 1 2 1 2
757  203 701 0  79 1 2 1 2
758  644 956 0  43 1 2 1 2
759  761 665 0  55 1 2 1 2
760  612 662 0  50 1 2 1 2
761   13 177 0  58 1 2 1 2
762  313  93 0  68 1 2 1 2
763  617 392 0  88 1 2 1 2
764  396  51 0  78 1 2 1 2
765  837 524 0  34 1 2 1 2
766  367 470 0  52 1 2 1 2
767  112   0 0  74 1 2 1 2
768  654 837 0  90 1 2 1 2
769  651 678 0   1 1 2 1 2
770  435 947 0  95 1 2 1 2
771  379 791 0  81 1 2 1 2
772  177 884 0  25 1 2 1 2
773  907 136 0  96 1 2 1 2
774  348 200 0  31 1 2 1 2
775  358 310 0  84 1 2 1 2
776  870 702 0   1 1 2 1 2
777  723 876 0   6 1 2 1 2
778  887 691 0  99 1 2 1 2
779  457 786 0  94 1 2 1 2
780  225 682 0  33 1 2 1 2
781  120 517 0  30 1 2 1 2
782  664 651 0  92 1 2 1 2
783  400 707 0  49 1 2 1 2
784  567 521 0  58 1 2 1 2
785  158 897 0   2 1 2 1 2
786  756 553 0   7 1 2 1 2
787  494 324 0  41 1 2 1 2
788   57 577 0   6 1 2 1 2
789  843 491 0  26 1 2 1 2
790  833 993 0  67 1 2 1 2
791  616 784 0  85 1 2 1 2
792  213 355 0  27 1 2 1 2
793   72 963 0  30 1 2 1 2
794  772 754 0  41 1 2 1 2
795  623 205 0  47 1 2 1 2
796  581 480 0  85 1 2 1 2
797  589 607 0  22 1 2 1 2
798  441 222 0  52 1 2 1 2
799  887 580 0  33 1 2 1 2
800  100 338 0  38 1 2 1 2
801  284 905 0  11 1 2 1 2
802   19 868 0  44 1 2 1 2
803  913 166 0  77 1 2 1 2
804  378 558 0  35 1 2 1 2
805   52  95 0  22 1 2 1 2
806   27  49 0   3 1 2 1 2
807  492 607 0  35 1 2 1 2
808  786 103 0  99 1 2 1 2
809  528 149 0  34 1 2 1 2
810  266 466 0  40 1 2 1 2
811  754 903 0  58 1 2 1 2
812  401 203 0  33 1 2 1 2
813  395 649 0  23 1 2 1 2
814  942  68 0  55 1 2 1 2
815   48 465 0  19 1 2 1 2
816  376 826 0  47 1 2 1 2
817  956 211 0  32 1 2 1 2
818  288 466 0  32 1 2 1 2
819  593 506 0  52 1 2 1 2
820  877 517 0  11 1 2 1 2
821  422 177 0  86 1 2 1 2
822  266 556 0  56 1 2 1 2
823  348 843 0   1 1 2 1 2
824  654 641 0  96 1 2 1 2
825   72 566 0  47 1 2 1 2
826  575 953 0   4 1 2 1 2
827  162 769 0  97 1 2 1 2
828   40 901 0  92 1 2 1 2
829   59 381 0  92 1 2 1 2
830  503 701 0   6 1 2 1 2
831  133 842 0  62 1 2 1 2
832  724 696 0  63 1 2 1 2
833  745 963 0  75 1 2 1 2
834  839 894 0  10 1 2 1 2
835  360 606 0  70 1 2 1 2
836  628  89 0  16 1 2 1 2
837  953 244 0  30 1 2 1 2
838   76 405 0  79 1 2 1 2
839  226 438 0  66 1 2 1 2
840  553 779 0  39 1 2 1 2
841  170  39 0  34 1 2 1 2
842  346 353 0  44 1 2 1 2
843   24 839 0  29 1 2 1 2
844  748 181 0  29 1 2 1 2
845  857 823 0  46 1 2 1 2
846  207 174 0  63 1 2 1 2
847  467 792 0  41 1 2 1 2
848  389 569 0  81 1 2 1 2
849  242 193 0  40 1 2 1 2
850  394 115 0  84 1 2 1 2
851  933 587 0  82 1 2 1 2
852  672 993 0  45 1 2 1 2
853  868 174 0  27 1 2 1 2
854  777 992 0  98 1 2 1 2
855  543 149 0   1 1 2 1 2
856  941 301 0  33 1 2 1 2
857  187 579 0  28 1 2 1 2
858  531 328 0   7 1 2 1 2
859  387 359 0  84 1 2 1 2
860  266 382 0  90 1 2 1 2
861   73 848 0  75 1 2 1 2
862  222 161 0 100 1 2 1 2
863  362 943 0  35 1 2 1 2
864  616 145 0  34 1 2 1 2
865  776 643 0  27 1 2 1 2
866  586  67 0   8 1 2 1 2
867  524 499 0  48 1 2 1 2
868  681 988 0  41 1 2 1 2
869  516 632 0  96 1 2 1 2
870  595 318 0  40 1 2 1 2
871  809 918 0  82 1 2 1 2
872  894 697 0   0 0 0
873  350 713 0   0 0 0
