2 92 899 9
0 247
0 247
0 247
0 247
0 247
0 247
0 247
0 247
0 247
  1 154  496 0  78 1 9 1 2 4 8 16 32 64 128 256
  2 405  899 0  85 1 9 1 2 4 8 16 32 64 128 256
  3 846  290 0  25 1 9 1 2 4 8 16 32 64 128 256
  4 223  731 0  14 1 9 1 2 4 8 16 32 64 128 256
  5 808  644 0  77 1 9 1 2 4 8 16 32 64 128 256
  6 753  964 0   2 1 9 1 2 4 8 16 32 64 128 256
  7 777  827 0  37 1 9 1 2 4 8 16 32 64 128 256
  8 900  604 0  43 1 9 1 2 4 8 16 32 64 128 256
  9 982  380 0  90 1 9 1 2 4 8 16 32 64 128 256
 10 286  994 0  33 1 9 1 2 4 8 16 32 64 128 256
 11 650  643 0  83 1 9 1 2 4 8 16 32 64 128 256
 12 510  787 0  87 1 9 1 2 4 8 16 32 64 128 256
 13  72  147 0  44 1 9 1 2 4 8 16 32 64 128 256
 14 563  854 0  59 1 9 1 2 4 8 16 32 64 128 256
 15 394  213 0  38 1 9 1 2 4 8 16 32 64 128 256
 16 771  506 0  70 1 9 1 2 4 8 16 32 64 128 256
 17 236  329 0  24 1 9 1 2 4 8 16 32 64 128 256
 18 136  976 0  83 1 9 1 2 4 8 16 32 64 128 256
 19 662  756 0  50 1 9 1 2 4 8 16 32 64 128 256
 20 706  661 0  90 1 9 1 2 4 8 16 32 64 128 256
 21 209   42 0   6 1 9 1 2 4 8 16 32 64 128 256
 22 783  257 0  31 1 9 1 2 4 8 16 32 64 128 256
 23 705  715 0  85 1 9 1 2 4 8 16 32 64 128 256
 24  54  905 0  21 1 9 1 2 4 8 16 32 64 128 256
 25 247  710 0  97 1 9 1 2 4 8 16 32 64 128 256
 26 252  810 0  70 1 9 1 2 4 8 16 32 64 128 256
 27 896  788 0  71 1 9 1 2 4 8 16 32 64 128 256
 28 767  759 0  31 1 9 1 2 4 8 16 32 64 128 256
 29 205  937 0  77 1 9 1 2 4 8 16 32 64 128 256
 30 890  676 0  55 1 9 1 2 4 8 16 32 64 128 256
 31 209  603 0  72 1 9 1 2 4 8 16 32 64 128 256
 32 274  453 0  26 1 9 1 2 4 8 16 32 64 128 256
 33 171  782 0   9 1 9 1 2 4 8 16 32 64 128 256
 34 920  256 0  73 1 9 1 2 4 8 16 32 64 128 256
 35  79  589 0 100 1 9 1 2 4 8 16 32 64 128 256
 36 204  465 0  48 1 9 1 2 4 8 16 32 64 128 256
 37 690  618 0  79 1 9 1 2 4 8 16 32 64 128 256
 38 484   88 0  74 1 9 1 2 4 8 16 32 64 128 256
 39 233  869 0   4 1 9 1 2 4 8 16 32 64 128 256
 40 549  490 0  64 1 9 1 2 4 8 16 32 64 128 256
 41 173  981 0  28 1 9 1 2 4 8 16 32 64 128 256
 42 674   90 0   5 1 9 1 2 4 8 16 32 64 128 256
 43 258  550 0  41 1 9 1 2 4 8 16 32 64 128 256
 44 267  227 0  78 1 9 1 2 4 8 16 32 64 128 256
 45  92   19 0  27 1 9 1 2 4 8 16 32 64 128 256
 46 612  294 0  19 1 9 1 2 4 8 16 32 64 128 256
 47 371  774 0  10 1 9 1 2 4 8 16 32 64 128 256
 48 408  283 0  38 1 9 1 2 4 8 16 32 64 128 256
 49  18  655 0  14 1 9 1 2 4 8 16 32 64 128 256
 50 574  428 0  74 1 9 1 2 4 8 16 32 64 128 256
 51 749  695 0  94 1 9 1 2 4 8 16 32 64 128 256
 52 198  277 0  51 1 9 1 2 4 8 16 32 64 128 256
 53 439  339 0  48 1 9 1 2 4 8 16 32 64 128 256
 54 650  336 0  11 1 9 1 2 4 8 16 32 64 128 256
 55 627  147 0  74 1 9 1 2 4 8 16 32 64 128 256
 56  85  362 0  97 1 9 1 2 4 8 16 32 64 128 256
 57  18  185 0   9 1 9 1 2 4 8 16 32 64 128 256
 58 996  562 0  65 1 9 1 2 4 8 16 32 64 128 256
 59 627  265 0  47 1 9 1 2 4 8 16 32 64 128 256
 60 217  216 0  25 1 9 1 2 4 8 16 32 64 128 256
 61  26   33 0  15 1 9 1 2 4 8 16 32 64 128 256
 62  64  479 0  18 1 9 1 2 4 8 16 32 64 128 256
 63 765  897 0  22 1 9 1 2 4 8 16 32 64 128 256
 64 113  955 0  12 1 9 1 2 4 8 16 32 64 128 256
 65  92  264 0  82 1 9 1 2 4 8 16 32 64 128 256
 66 532  871 0   8 1 9 1 2 4 8 16 32 64 128 256
 67  84  730 0   1 1 9 1 2 4 8 16 32 64 128 256
 68 914  607 0  51 1 9 1 2 4 8 16 32 64 128 256
 69 251  130 0  17 1 9 1 2 4 8 16 32 64 128 256
 70 382  164 0  14 1 9 1 2 4 8 16 32 64 128 256
 71  65  396 0  94 1 9 1 2 4 8 16 32 64 128 256
 72 919  595 0  46 1 9 1 2 4 8 16 32 64 128 256
 73  75  692 0   9 1 9 1 2 4 8 16 32 64 128 256
 74 719  652 0  40 1 9 1 2 4 8 16 32 64 128 256
 75 781   38 0  86 1 9 1 2 4 8 16 32 64 128 256
 76 506  580 0  50 1 9 1 2 4 8 16 32 64 128 256
 77 818   36 0  29 1 9 1 2 4 8 16 32 64 128 256
 78 921  196 0  13 1 9 1 2 4 8 16 32 64 128 256
 79  62  719 0  14 1 9 1 2 4 8 16 32 64 128 256
 80  99   49 0  47 1 9 1 2 4 8 16 32 64 128 256
 81 650  200 0  35 1 9 1 2 4 8 16 32 64 128 256
 82 149  743 0  88 1 9 1 2 4 8 16 32 64 128 256
 83 596  652 0   6 1 9 1 2 4 8 16 32 64 128 256
 84  43  206 0  10 1 9 1 2 4 8 16 32 64 128 256
 85 377  885 0  36 1 9 1 2 4 8 16 32 64 128 256
 86 470  901 0  95 1 9 1 2 4 8 16 32 64 128 256
 87 940   14 0  68 1 9 1 2 4 8 16 32 64 128 256
 88  62  382 0  73 1 9 1 2 4 8 16 32 64 128 256
 89 625  288 0  70 1 9 1 2 4 8 16 32 64 128 256
 90 133  926 0   7 1 9 1 2 4 8 16 32 64 128 256
 91 337  873 0  95 1 9 1 2 4 8 16 32 64 128 256
 92 785  991 0  62 1 9 1 2 4 8 16 32 64 128 256
 93 567  118 0  57 1 9 1 2 4 8 16 32 64 128 256
 94 132  520 0  60 1 9 1 2 4 8 16 32 64 128 256
 95 214  660 0  34 1 9 1 2 4 8 16 32 64 128 256
 96 658  376 0  59 1 9 1 2 4 8 16 32 64 128 256
 97 489  182 0   4 1 9 1 2 4 8 16 32 64 128 256
 98 247  910 0  43 1 9 1 2 4 8 16 32 64 128 256
 99 441  239 0  93 1 9 1 2 4 8 16 32 64 128 256
100 269  348 0  20 1 9 1 2 4 8 16 32 64 128 256
101 517   73 0  10 1 9 1 2 4 8 16 32 64 128 256
102 158  386 0  25 1 9 1 2 4 8 16 32 64 128 256
103 941  926 0  41 1 9 1 2 4 8 16 32 64 128 256
104 678  925 0  74 1 9 1 2 4 8 16 32 64 128 256
105 295   10 0  66 1 9 1 2 4 8 16 32 64 128 256
106  86  716 0   4 1 9 1 2 4 8 16 32 64 128 256
107 501  984 0  41 1 9 1 2 4 8 16 32 64 128 256
108 579  735 0  70 1 9 1 2 4 8 16 32 64 128 256
109 981  912 0  37 1 9 1 2 4 8 16 32 64 128 256
110 913  954 0  34 1 9 1 2 4 8 16 32 64 128 256
111 363  866 0  94 1 9 1 2 4 8 16 32 64 128 256
112  51  926 0  63 1 9 1 2 4 8 16 32 64 128 256
113   3  864 0  73 1 9 1 2 4 8 16 32 64 128 256
114 566  266 0 100 1 9 1 2 4 8 16 32 64 128 256
115 151  246 0  96 1 9 1 2 4 8 16 32 64 128 256
116 556  806 0  86 1 9 1 2 4 8 16 32 64 128 256
117 867  614 0   8 1 9 1 2 4 8 16 32 64 128 256
118 634  130 0  31 1 9 1 2 4 8 16 32 64 128 256
119 163   85 0  59 1 9 1 2 4 8 16 32 64 128 256
120 301  105 0  70 1 9 1 2 4 8 16 32 64 128 256
121 509  967 0  65 1 9 1 2 4 8 16 32 64 128 256
122 409  630 0  78 1 9 1 2 4 8 16 32 64 128 256
123 349  388 0  63 1 9 1 2 4 8 16 32 64 128 256
124 377  506 0  30 1 9 1 2 4 8 16 32 64 128 256
125 418  883 0  58 1 9 1 2 4 8 16 32 64 128 256
126 688  316 0  71 1 9 1 2 4 8 16 32 64 128 256
127  10   58 0  44 1 9 1 2 4 8 16 32 64 128 256
128 479  805 0  85 1 9 1 2 4 8 16 32 64 128 256
129 194  870 0  55 1 9 1 2 4 8 16 32 64 128 256
130 823  703 0  61 1 9 1 2 4 8 16 32 64 128 256
131 819  131 0  62 1 9 1 2 4 8 16 32 64 128 256
132 797  499 0  95 1 9 1 2 4 8 16 32 64 128 256
133 129  654 0  10 1 9 1 2 4 8 16 32 64 128 256
134 829  755 0  58 1 9 1 2 4 8 16 32 64 128 256
135 287  510 0  37 1 9 1 2 4 8 16 32 64 128 256
136 298  514 0  59 1 9 1 2 4 8 16 32 64 128 256
137 511  507 0   9 1 9 1 2 4 8 16 32 64 128 256
138 526  105 0   5 1 9 1 2 4 8 16 32 64 128 256
139 216  892 0  64 1 9 1 2 4 8 16 32 64 128 256
140 174  443 0  82 1 9 1 2 4 8 16 32 64 128 256
141  58  929 0  49 1 9 1 2 4 8 16 32 64 128 256
142  13  487 0  52 1 9 1 2 4 8 16 32 64 128 256
143 198  854 0  49 1 9 1 2 4 8 16 32 64 128 256
144 593  850 0  93 1 9 1 2 4 8 16 32 64 128 256
145 418  128 0  20 1 9 1 2 4 8 16 32 64 128 256
146 224  269 0  56 1 9 1 2 4 8 16 32 64 128 256
147 695  129 0  58 1 9 1 2 4 8 16 32 64 128 256
148 937  454 0 100 1 9 1 2 4 8 16 32 64 128 256
149 527   67 0  91 1 9 1 2 4 8 16 32 64 128 256
150 874  871 0  25 1 9 1 2 4 8 16 32 64 128 256
151 829  546 0  10 1 9 1 2 4 8 16 32 64 128 256
152  11  803 0  33 1 9 1 2 4 8 16 32 64 128 256
153 446  357 0  71 1 9 1 2 4 8 16 32 64 128 256
154 627  273 0  63 1 9 1 2 4 8 16 32 64 128 256
155 959  945 0  80 1 9 1 2 4 8 16 32 64 128 256
156  23  392 0  26 1 9 1 2 4 8 16 32 64 128 256
157 417  968 0  89 1 9 1 2 4 8 16 32 64 128 256
158 839   42 0  42 1 9 1 2 4 8 16 32 64 128 256
159  54  563 0  15 1 9 1 2 4 8 16 32 64 128 256
160 583  524 0  58 1 9 1 2 4 8 16 32 64 128 256
161  69   54 0  89 1 9 1 2 4 8 16 32 64 128 256
162 256  870 0  14 1 9 1 2 4 8 16 32 64 128 256
163 823  252 0   6 1 9 1 2 4 8 16 32 64 128 256
164 557  661 0  60 1 9 1 2 4 8 16 32 64 128 256
165 683  591 0  31 1 9 1 2 4 8 16 32 64 128 256
166 907  803 0  26 1 9 1 2 4 8 16 32 64 128 256
167 900  379 0   1 1 9 1 2 4 8 16 32 64 128 256
168 885  390 0   4 1 9 1 2 4 8 16 32 64 128 256
169 437  261 0  33 1 9 1 2 4 8 16 32 64 128 256
170 231  490 0 100 1 9 1 2 4 8 16 32 64 128 256
171  40  909 0  36 1 9 1 2 4 8 16 32 64 128 256
172 660  876 0  52 1 9 1 2 4 8 16 32 64 128 256
173  79  302 0  28 1 9 1 2 4 8 16 32 64 128 256
174 559  583 0  32 1 9 1 2 4 8 16 32 64 128 256
175 653   81 0  61 1 9 1 2 4 8 16 32 64 128 256
176 361   67 0  38 1 9 1 2 4 8 16 32 64 128 256
177 521  467 0  97 1 9 1 2 4 8 16 32 64 128 256
178 604  358 0  36 1 9 1 2 4 8 16 32 64 128 256
179 281   71 0  17 1 9 1 2 4 8 16 32 64 128 256
180 584   50 0  78 1 9 1 2 4 8 16 32 64 128 256
181  51   47 0  96 1 9 1 2 4 8 16 32 64 128 256
182 884  545 0  47 1 9 1 2 4 8 16 32 64 128 256
183 973  987 0  79 1 9 1 2 4 8 16 32 64 128 256
184 878  735 0  38 1 9 1 2 4 8 16 32 64 128 256
185 487  749 0  15 1 9 1 2 4 8 16 32 64 128 256
186  94  662 0  71 1 9 1 2 4 8 16 32 64 128 256
187 791  556 0  91 1 9 1 2 4 8 16 32 64 128 256
188 375  898 0  52 1 9 1 2 4 8 16 32 64 128 256
189 516  340 0  87 1 9 1 2 4 8 16 32 64 128 256
190 958  901 0   1 1 9 1 2 4 8 16 32 64 128 256
191 751  570 0  73 1 9 1 2 4 8 16 32 64 128 256
192 352  534 0  97 1 9 1 2 4 8 16 32 64 128 256
193 523  637 0  27 1 9 1 2 4 8 16 32 64 128 256
194 560  956 0 100 1 9 1 2 4 8 16 32 64 128 256
195 629  261 0  10 1 9 1 2 4 8 16 32 64 128 256
196 106  680 0  70 1 9 1 2 4 8 16 32 64 128 256
197 782  648 0  23 1 9 1 2 4 8 16 32 64 128 256
198 701  732 0  38 1 9 1 2 4 8 16 32 64 128 256
199 970  407 0   3 1 9 1 2 4 8 16 32 64 128 256
200 958  655 0   7 1 9 1 2 4 8 16 32 64 128 256
201 750  520 0  25 1 9 1 2 4 8 16 32 64 128 256
202 391  518 0  74 1 9 1 2 4 8 16 32 64 128 256
203 108   80 0  85 1 9 1 2 4 8 16 32 64 128 256
204 900  545 0  30 1 9 1 2 4 8 16 32 64 128 256
205 821  698 0  35 1 9 1 2 4 8 16 32 64 128 256
206 413    8 0  53 1 9 1 2 4 8 16 32 64 128 256
207 273  752 0  58 1 9 1 2 4 8 16 32 64 128 256
208 170  979 0  90 1 9 1 2 4 8 16 32 64 128 256
209 586   95 0  64 1 9 1 2 4 8 16 32 64 128 256
210 844  608 0  81 1 9 1 2 4 8 16 32 64 128 256
211 778  110 0  85 1 9 1 2 4 8 16 32 64 128 256
212 209  193 0  88 1 9 1 2 4 8 16 32 64 128 256
213  83  211 0  81 1 9 1 2 4 8 16 32 64 128 256
214 184  429 0   9 1 9 1 2 4 8 16 32 64 128 256
215 555  859 0  38 1 9 1 2 4 8 16 32 64 128 256
216 153   34 0 100 1 9 1 2 4 8 16 32 64 128 256
217 293  745 0  64 1 9 1 2 4 8 16 32 64 128 256
218 368  999 0  95 1 9 1 2 4 8 16 32 64 128 256
219  24  115 0  34 1 9 1 2 4 8 16 32 64 128 256
220 884  104 0  92 1 9 1 2 4 8 16 32 64 128 256
221 812  705 0  79 1 9 1 2 4 8 16 32 64 128 256
222 155   75 0  69 1 9 1 2 4 8 16 32 64 128 256
223 257  997 0  25 1 9 1 2 4 8 16 32 64 128 256
224 404  421 0  23 1 9 1 2 4 8 16 32 64 128 256
225 477  833 0  98 1 9 1 2 4 8 16 32 64 128 256
226 115  351 0  64 1 9 1 2 4 8 16 32 64 128 256
227 132  823 0  58 1 9 1 2 4 8 16 32 64 128 256
228 773  180 0  21 1 9 1 2 4 8 16 32 64 128 256
229 610  174 0  81 1 9 1 2 4 8 16 32 64 128 256
230 681  606 0  50 1 9 1 2 4 8 16 32 64 128 256
231 208  950 0   1 1 9 1 2 4 8 16 32 64 128 256
232 992  748 0  58 1 9 1 2 4 8 16 32 64 128 256
233 596  625 0  12 1 9 1 2 4 8 16 32 64 128 256
234 172  272 0  82 1 9 1 2 4 8 16 32 64 128 256
235 853  226 0  66 1 9 1 2 4 8 16 32 64 128 256
236 997  384 0  30 1 9 1 2 4 8 16 32 64 128 256
237 806   83 0  90 1 9 1 2 4 8 16 32 64 128 256
238 229  953 0  14 1 9 1 2 4 8 16 32 64 128 256
239 270  171 0  31 1 9 1 2 4 8 16 32 64 128 256
240  25  187 0  70 1 9 1 2 4 8 16 32 64 128 256
241 296  520 0  91 1 9 1 2 4 8 16 32 64 128 256
242 415  708 0  70 1 9 1 2 4 8 16 32 64 128 256
243 284  443 0  83 1 9 1 2 4 8 16 32 64 128 256
244 466  595 0  47 1 9 1 2 4 8 16 32 64 128 256
245 585   26 0  61 1 9 1 2 4 8 16 32 64 128 256
246  44  905 0  55 1 9 1 2 4 8 16 32 64 128 256
247  83  986 0  62 1 9 1 2 4 8 16 32 64 128 256
248 212  917 0  49 1 9 1 2 4 8 16 32 64 128 256
249 845  799 0  82 1 9 1 2 4 8 16 32 64 128 256
250 316  697 0  98 1 9 1 2 4 8 16 32 64 128 256
251 871  113 0  55 1 9 1 2 4 8 16 32 64 128 256
252 512  883 0  58 1 9 1 2 4 8 16 32 64 128 256
253 212   25 0  12 1 9 1 2 4 8 16 32 64 128 256
254 699  742 0  89 1 9 1 2 4 8 16 32 64 128 256
255 998  949 0  29 1 9 1 2 4 8 16 32 64 128 256
256 683  427 0  73 1 9 1 2 4 8 16 32 64 128 256
257  16  643 0  26 1 9 1 2 4 8 16 32 64 128 256
258 487   75 0  25 1 9 1 2 4 8 16 32 64 128 256
259 412  227 0  82 1 9 1 2 4 8 16 32 64 128 256
260 551  509 0  47 1 9 1 2 4 8 16 32 64 128 256
261 623   79 0  10 1 9 1 2 4 8 16 32 64 128 256
262 593  254 0  21 1 9 1 2 4 8 16 32 64 128 256
263 876  424 0  34 1 9 1 2 4 8 16 32 64 128 256
264 283  763 0  78 1 9 1 2 4 8 16 32 64 128 256
265 976  147 0  71 1 9 1 2 4 8 16 32 64 128 256
266 222  740 0  96 1 9 1 2 4 8 16 32 64 128 256
267 312  408 0  97 1 9 1 2 4 8 16 32 64 128 256
268 885  854 0  48 1 9 1 2 4 8 16 32 64 128 256
269 137   27 0   5 1 9 1 2 4 8 16 32 64 128 256
270 233  141 0  41 1 9 1 2 4 8 16 32 64 128 256
271 286  862 0  27 1 9 1 2 4 8 16 32 64 128 256
272 141  735 0  84 1 9 1 2 4 8 16 32 64 128 256
273 713  180 0  51 1 9 1 2 4 8 16 32 64 128 256
274 604  137 0  41 1 9 1 2 4 8 16 32 64 128 256
275  63  405 0  39 1 9 1 2 4 8 16 32 64 128 256
276  66  492 0  82 1 9 1 2 4 8 16 32 64 128 256
277 506  164 0  42 1 9 1 2 4 8 16 32 64 128 256
278 823  414 0  15 1 9 1 2 4 8 16 32 64 128 256
279 925   51 0  19 1 9 1 2 4 8 16 32 64 128 256
280 297  741 0  52 1 9 1 2 4 8 16 32 64 128 256
281 758  324 0  58 1 9 1 2 4 8 16 32 64 128 256
282 908  137 0  66 1 9 1 2 4 8 16 32 64 128 256
283 374  640 0  34 1 9 1 2 4 8 16 32 64 128 256
284 388  557 0  52 1 9 1 2 4 8 16 32 64 128 256
285 692  214 0  79 1 9 1 2 4 8 16 32 64 128 256
286  56  835 0  40 1 9 1 2 4 8 16 32 64 128 256
287 302  107 0  87 1 9 1 2 4 8 16 32 64 128 256
288 610  855 0  64 1 9 1 2 4 8 16 32 64 128 256
289 891  414 0  20 1 9 1 2 4 8 16 32 64 128 256
290 542  806 0  29 1 9 1 2 4 8 16 32 64 128 256
291 830  697 0  50 1 9 1 2 4 8 16 32 64 128 256
292 845  267 0  10 1 9 1 2 4 8 16 32 64 128 256
293 786  113 0   6 1 9 1 2 4 8 16 32 64 128 256
294 510  385 0  42 1 9 1 2 4 8 16 32 64 128 256
295 857  821 0  20 1 9 1 2 4 8 16 32 64 128 256
296 145  796 0  32 1 9 1 2 4 8 16 32 64 128 256
297 907  607 0   5 1 9 1 2 4 8 16 32 64 128 256
298  71  710 0  80 1 9 1 2 4 8 16 32 64 128 256
299  79  850 0  78 1 9 1 2 4 8 16 32 64 128 256
300 893  538 0  96 1 9 1 2 4 8 16 32 64 128 256
301 359  980 0   9 1 9 1 2 4 8 16 32 64 128 256
302  72  395 0  58 1 9 1 2 4 8 16 32 64 128 256
303 181  654 0  92 1 9 1 2 4 8 16 32 64 128 256
304 790  839 0  26 1 9 1 2 4 8 16 32 64 128 256
305 731  451 0  63 1 9 1 2 4 8 16 32 64 128 256
306 480  281 0  16 1 9 1 2 4 8 16 32 64 128 256
307 184  382 0  93 1 9 1 2 4 8 16 32 64 128 256
308 584  496 0  34 1 9 1 2 4 8 16 32 64 128 256
309 510   19 0  84 1 9 1 2 4 8 16 32 64 128 256
310 945  137 0  88 1 9 1 2 4 8 16 32 64 128 256
311 697  639 0   6 1 9 1 2 4 8 16 32 64 128 256
312 270  435 0  72 1 9 1 2 4 8 16 32 64 128 256
313 810  776 0  15 1 9 1 2 4 8 16 32 64 128 256
314 187  843 0  71 1 9 1 2 4 8 16 32 64 128 256
315 389  452 0  12 1 9 1 2 4 8 16 32 64 128 256
316 351  640 0  86 1 9 1 2 4 8 16 32 64 128 256
317 302  269 0  38 1 9 1 2 4 8 16 32 64 128 256
318 603  810 0   7 1 9 1 2 4 8 16 32 64 128 256
319 643  160 0  58 1 9 1 2 4 8 16 32 64 128 256
320 749  431 0  47 1 9 1 2 4 8 16 32 64 128 256
321 934  110 0 100 1 9 1 2 4 8 16 32 64 128 256
322 828  113 0  21 1 9 1 2 4 8 16 32 64 128 256
323 250  567 0   2 1 9 1 2 4 8 16 32 64 128 256
324 123  821 0  91 1 9 1 2 4 8 16 32 64 128 256
325 872  621 0  12 1 9 1 2 4 8 16 32 64 128 256
326 236  472 0  81 1 9 1 2 4 8 16 32 64 128 256
327 482  711 0  11 1 9 1 2 4 8 16 32 64 128 256
328   8  727 0  44 1 9 1 2 4 8 16 32 64 128 256
329 380  902 0  30 1 9 1 2 4 8 16 32 64 128 256
330 292  399 0  29 1 9 1 2 4 8 16 32 64 128 256
331 148   44 0  24 1 9 1 2 4 8 16 32 64 128 256
332 395  964 0  43 1 9 1 2 4 8 16 32 64 128 256
333 721  766 0  24 1 9 1 2 4 8 16 32 64 128 256
334 485  374 0  20 1 9 1 2 4 8 16 32 64 128 256
335 122  266 0  44 1 9 1 2 4 8 16 32 64 128 256
336  57    1 0  53 1 9 1 2 4 8 16 32 64 128 256
337 748  694 0  19 1 9 1 2 4 8 16 32 64 128 256
338 169   38 0  26 1 9 1 2 4 8 16 32 64 128 256
339 410  674 0  94 1 9 1 2 4 8 16 32 64 128 256
340 584  811 0  98 1 9 1 2 4 8 16 32 64 128 256
341  41  194 0  20 1 9 1 2 4 8 16 32 64 128 256
342 172  368 0  80 1 9 1 2 4 8 16 32 64 128 256
343 989  217 0   1 1 9 1 2 4 8 16 32 64 128 256
344 648  690 0   2 1 9 1 2 4 8 16 32 64 128 256
345 953  420 0  47 1 9 1 2 4 8 16 32 64 128 256
346 457  277 0   5 1 9 1 2 4 8 16 32 64 128 256
347 746  439 0  31 1 9 1 2 4 8 16 32 64 128 256
348 191  364 0  88 1 9 1 2 4 8 16 32 64 128 256
349 809  910 0  31 1 9 1 2 4 8 16 32 64 128 256
350 599  602 0  84 1 9 1 2 4 8 16 32 64 128 256
351 108  225 0  13 1 9 1 2 4 8 16 32 64 128 256
352 220  578 0  21 1 9 1 2 4 8 16 32 64 128 256
353 608  643 0  36 1 9 1 2 4 8 16 32 64 128 256
354 836  168 0  78 1 9 1 2 4 8 16 32 64 128 256
355 532  883 0  55 1 9 1 2 4 8 16 32 64 128 256
356 788  636 0  79 1 9 1 2 4 8 16 32 64 128 256
357  73  778 0   9 1 9 1 2 4 8 16 32 64 128 256
358 389  924 0  67 1 9 1 2 4 8 16 32 64 128 256
359 960  429 0  95 1 9 1 2 4 8 16 32 64 128 256
360 444  690 0  62 1 9 1 2 4 8 16 32 64 128 256
361 788  422 0  23 1 9 1 2 4 8 16 32 64 128 256
362 721  814 0  18 1 9 1 2 4 8 16 32 64 128 256
363 188  131 0  60 1 9 1 2 4 8 16 32 64 128 256
364 499  899 0  68 1 9 1 2 4 8 16 32 64 128 256
365 665  859 0  12 1 9 1 2 4 8 16 32 64 128 256
366 443  630 0  90 1 9 1 2 4 8 16 32 64 128 256
367 431  308 0  77 1 9 1 2 4 8 16 32 64 128 256
368 875  483 0  49 1 9 1 2 4 8 16 32 64 128 256
369 377  168 0  14 1 9 1 2 4 8 16 32 64 128 256
370 842  373 0  24 1 9 1 2 4 8 16 32 64 128 256
371 815  125 0  68 1 9 1 2 4 8 16 32 64 128 256
372 580  246 0  80 1 9 1 2 4 8 16 32 64 128 256
373 238  360 0  16 1 9 1 2 4 8 16 32 64 128 256
374 654  240 0  29 1 9 1 2 4 8 16 32 64 128 256
375  38  624 0  57 1 9 1 2 4 8 16 32 64 128 256
376 625  821 0  86 1 9 1 2 4 8 16 32 64 128 256
377 112  971 0  75 1 9 1 2 4 8 16 32 64 128 256
378 586  607 0  44 1 9 1 2 4 8 16 32 64 128 256
379 172  687 0  71 1 9 1 2 4 8 16 32 64 128 256
380 865    2 0  97 1 9 1 2 4 8 16 32 64 128 256
381 986  843 0  96 1 9 1 2 4 8 16 32 64 128 256
382 733  201 0  90 1 9 1 2 4 8 16 32 64 128 256
383 701  819 0  98 1 9 1 2 4 8 16 32 64 128 256
384 354  232 0  49 1 9 1 2 4 8 16 32 64 128 256
385 625   36 0  99 1 9 1 2 4 8 16 32 64 128 256
386 597  412 0  62 1 9 1 2 4 8 16 32 64 128 256
387 207  485 0  34 1 9 1 2 4 8 16 32 64 128 256
388 563  160 0  61 1 9 1 2 4 8 16 32 64 128 256
389 976   89 0  94 1 9 1 2 4 8 16 32 64 128 256
390 271  608 0  17 1 9 1 2 4 8 16 32 64 128 256
391 511  256 0  52 1 9 1 2 4 8 16 32 64 128 256
392 698  157 0   1 1 9 1 2 4 8 16 32 64 128 256
393 126  550 0  46 1 9 1 2 4 8 16 32 64 128 256
394 609  760 0  53 1 9 1 2 4 8 16 32 64 128 256
395 441  287 0  91 1 9 1 2 4 8 16 32 64 128 256
396 915   17 0  48 1 9 1 2 4 8 16 32 64 128 256
397 473  104 0  79 1 9 1 2 4 8 16 32 64 128 256
398 978   45 0  35 1 9 1 2 4 8 16 32 64 128 256
399 868  922 0  59 1 9 1 2 4 8 16 32 64 128 256
400 433  643 0  51 1 9 1 2 4 8 16 32 64 128 256
401 658  608 0  27 1 9 1 2 4 8 16 32 64 128 256
402 896  850 0  83 1 9 1 2 4 8 16 32 64 128 256
403 881  999 0  93 1 9 1 2 4 8 16 32 64 128 256
404 236  379 0  17 1 9 1 2 4 8 16 32 64 128 256
405 221   63 0  18 1 9 1 2 4 8 16 32 64 128 256
406 777  651 0  14 1 9 1 2 4 8 16 32 64 128 256
407 157 1000 0  69 1 9 1 2 4 8 16 32 64 128 256
408 253  413 0  75 1 9 1 2 4 8 16 32 64 128 256
409  64  681 0  77 1 9 1 2 4 8 16 32 64 128 256
410 994  797 0  58 1 9 1 2 4 8 16 32 64 128 256
411 455  586 0  97 1 9 1 2 4 8 16 32 64 128 256
412 329  160 0  18 1 9 1 2 4 8 16 32 64 128 256
413  87  639 0  37 1 9 1 2 4 8 16 32 64 128 256
414 141  465 0  54 1 9 1 2 4 8 16 32 64 128 256
415  40   33 0  46 1 9 1 2 4 8 16 32 64 128 256
416 812    9 0  79 1 9 1 2 4 8 16 32 64 128 256
417 386  794 0  72 1 9 1 2 4 8 16 32 64 128 256
418  71  257 0  44 1 9 1 2 4 8 16 32 64 128 256
419 875  250 0  72 1 9 1 2 4 8 16 32 64 128 256
420 749  413 0  39 1 9 1 2 4 8 16 32 64 128 256
421 707   46 0  86 1 9 1 2 4 8 16 32 64 128 256
422 854   90 0   8 1 9 1 2 4 8 16 32 64 128 256
423 258  181 0  81 1 9 1 2 4 8 16 32 64 128 256
424 509  480 0  72 1 9 1 2 4 8 16 32 64 128 256
425 905  946 0  86 1 9 1 2 4 8 16 32 64 128 256
426 561  480 0  60 1 9 1 2 4 8 16 32 64 128 256
427  38  799 0   1 1 9 1 2 4 8 16 32 64 128 256
428 172  835 0  41 1 9 1 2 4 8 16 32 64 128 256
429  29  519 0  52 1 9 1 2 4 8 16 32 64 128 256
430 442  815 0  98 1 9 1 2 4 8 16 32 64 128 256
431 736  249 0  34 1 9 1 2 4 8 16 32 64 128 256
432 249  489 0  72 1 9 1 2 4 8 16 32 64 128 256
433 774  296 0  46 1 9 1 2 4 8 16 32 64 128 256
434 572  334 0   6 1 9 1 2 4 8 16 32 64 128 256
435 622  301 0  13 1 9 1 2 4 8 16 32 64 128 256
436 390  878 0  82 1 9 1 2 4 8 16 32 64 128 256
437 143  908 0  97 1 9 1 2 4 8 16 32 64 128 256
438 651  667 0  56 1 9 1 2 4 8 16 32 64 128 256
439 941  121 0   1 1 9 1 2 4 8 16 32 64 128 256
440 796  101 0  60 1 9 1 2 4 8 16 32 64 128 256
441 424  907 0   7 1 9 1 2 4 8 16 32 64 128 256
442 820   39 0  50 1 9 1 2 4 8 16 32 64 128 256
443 300  498 0   7 1 9 1 2 4 8 16 32 64 128 256
444 576  355 0  55 1 9 1 2 4 8 16 32 64 128 256
445 756  641 0  18 1 9 1 2 4 8 16 32 64 128 256
446 385  719 0  63 1 9 1 2 4 8 16 32 64 128 256
447   3  283 0  43 1 9 1 2 4 8 16 32 64 128 256
448 667  806 0  71 1 9 1 2 4 8 16 32 64 128 256
449 520  278 0  69 1 9 1 2 4 8 16 32 64 128 256
450 477  418 0  75 1 9 1 2 4 8 16 32 64 128 256
451 699  360 0  59 1 9 1 2 4 8 16 32 64 128 256
452 810   82 0  38 1 9 1 2 4 8 16 32 64 128 256
453 790   63 0  76 1 9 1 2 4 8 16 32 64 128 256
454 592  918 0  76 1 9 1 2 4 8 16 32 64 128 256
455 347  156 0  48 1 9 1 2 4 8 16 32 64 128 256
456 217  369 0  11 1 9 1 2 4 8 16 32 64 128 256
457  88  832 0  14 1 9 1 2 4 8 16 32 64 128 256
458 173  705 0  57 1 9 1 2 4 8 16 32 64 128 256
459 924  467 0  90 1 9 1 2 4 8 16 32 64 128 256
460 511  824 0  38 1 9 1 2 4 8 16 32 64 128 256
461 607  328 0  75 1 9 1 2 4 8 16 32 64 128 256
462 670  634 0 100 1 9 1 2 4 8 16 32 64 128 256
463 157  355 0   9 1 9 1 2 4 8 16 32 64 128 256
464 851  413 0  19 1 9 1 2 4 8 16 32 64 128 256
465 272  452 0  18 1 9 1 2 4 8 16 32 64 128 256
466 718  726 0  17 1 9 1 2 4 8 16 32 64 128 256
467 880  744 0  93 1 9 1 2 4 8 16 32 64 128 256
468 201  234 0  12 1 9 1 2 4 8 16 32 64 128 256
469 448  675 0   5 1 9 1 2 4 8 16 32 64 128 256
470 828  223 0 100 1 9 1 2 4 8 16 32 64 128 256
471 527  598 0  36 1 9 1 2 4 8 16 32 64 128 256
472 520  973 0  88 1 9 1 2 4 8 16 32 64 128 256
473 207  649 0  16 1 9 1 2 4 8 16 32 64 128 256
474 983  569 0  30 1 9 1 2 4 8 16 32 64 128 256
475 304  529 0  35 1 9 1 2 4 8 16 32 64 128 256
476 577   50 0  71 1 9 1 2 4 8 16 32 64 128 256
477 228  829 0  19 1 9 1 2 4 8 16 32 64 128 256
478 170  915 0  53 1 9 1 2 4 8 16 32 64 128 256
479 304  522 0  33 1 9 1 2 4 8 16 32 64 128 256
480 903   93 0  67 1 9 1 2 4 8 16 32 64 128 256
481 724  729 0  97 1 9 1 2 4 8 16 32 64 128 256
482 327   38 0  18 1 9 1 2 4 8 16 32 64 128 256
483 835  470 0  47 1 9 1 2 4 8 16 32 64 128 256
484 825   61 0  25 1 9 1 2 4 8 16 32 64 128 256
485 729  382 0  30 1 9 1 2 4 8 16 32 64 128 256
486  62  855 0  83 1 9 1 2 4 8 16 32 64 128 256
487 181  629 0   9 1 9 1 2 4 8 16 32 64 128 256
488 766   17 0  37 1 9 1 2 4 8 16 32 64 128 256
489 871   85 0  15 1 9 1 2 4 8 16 32 64 128 256
490 856    3 0  61 1 9 1 2 4 8 16 32 64 128 256
491 880   95 0  48 1 9 1 2 4 8 16 32 64 128 256
492 515  764 0  99 1 9 1 2 4 8 16 32 64 128 256
493 627  308 0  95 1 9 1 2 4 8 16 32 64 128 256
494  70  263 0  10 1 9 1 2 4 8 16 32 64 128 256
495 259  814 0  73 1 9 1 2 4 8 16 32 64 128 256
496 481  521 0  96 1 9 1 2 4 8 16 32 64 128 256
497 802  444 0  54 1 9 1 2 4 8 16 32 64 128 256
498 251  823 0  72 1 9 1 2 4 8 16 32 64 128 256
499 169  919 0  39 1 9 1 2 4 8 16 32 64 128 256
500  69  850 0  21 1 9 1 2 4 8 16 32 64 128 256
501 710  579 0  70 1 9 1 2 4 8 16 32 64 128 256
502 524  973 0  30 1 9 1 2 4 8 16 32 64 128 256
503 342  545 0  24 1 9 1 2 4 8 16 32 64 128 256
504  84  676 0  30 1 9 1 2 4 8 16 32 64 128 256
505 260  149 0   8 1 9 1 2 4 8 16 32 64 128 256
506   6  523 0  65 1 9 1 2 4 8 16 32 64 128 256
507 372  385 0  83 1 9 1 2 4 8 16 32 64 128 256
508 632  215 0  71 1 9 1 2 4 8 16 32 64 128 256
509 516   14 0  84 1 9 1 2 4 8 16 32 64 128 256
510 815  655 0  72 1 9 1 2 4 8 16 32 64 128 256
511 250  844 0   2 1 9 1 2 4 8 16 32 64 128 256
512 793  646 0  36 1 9 1 2 4 8 16 32 64 128 256
513 194  247 0  90 1 9 1 2 4 8 16 32 64 128 256
514 552  776 0  14 1 9 1 2 4 8 16 32 64 128 256
515   1  757 0  25 1 9 1 2 4 8 16 32 64 128 256
516 605  675 0  90 1 9 1 2 4 8 16 32 64 128 256
517 759  269 0  83 1 9 1 2 4 8 16 32 64 128 256
518 980   30 0   8 1 9 1 2 4 8 16 32 64 128 256
519 111  156 0  25 1 9 1 2 4 8 16 32 64 128 256
520 354  271 0  23 1 9 1 2 4 8 16 32 64 128 256
521 857  552 0   9 1 9 1 2 4 8 16 32 64 128 256
522 894   54 0  53 1 9 1 2 4 8 16 32 64 128 256
523 712   66 0  34 1 9 1 2 4 8 16 32 64 128 256
524 308  522 0  36 1 9 1 2 4 8 16 32 64 128 256
525 681  549 0  92 1 9 1 2 4 8 16 32 64 128 256
526 594   75 0  73 1 9 1 2 4 8 16 32 64 128 256
527 149  543 0  81 1 9 1 2 4 8 16 32 64 128 256
528 112  590 0  18 1 9 1 2 4 8 16 32 64 128 256
529 417  805 0  99 1 9 1 2 4 8 16 32 64 128 256
530 245  295 0  76 1 9 1 2 4 8 16 32 64 128 256
531 359  540 0  68 1 9 1 2 4 8 16 32 64 128 256
532 491  750 0  33 1 9 1 2 4 8 16 32 64 128 256
533 912   70 0   8 1 9 1 2 4 8 16 32 64 128 256
534 292  811 0   4 1 9 1 2 4 8 16 32 64 128 256
535  54  762 0  32 1 9 1 2 4 8 16 32 64 128 256
536 344  240 0  10 1 9 1 2 4 8 16 32 64 128 256
537 641   18 0  15 1 9 1 2 4 8 16 32 64 128 256
538 232  787 0  77 1 9 1 2 4 8 16 32 64 128 256
539 125    2 0  94 1 9 1 2 4 8 16 32 64 128 256
540 999  119 0   6 1 9 1 2 4 8 16 32 64 128 256
541 418  823 0   6 1 9 1 2 4 8 16 32 64 128 256
542  46  388 0  78 1 9 1 2 4 8 16 32 64 128 256
543  72  303 0  75 1 9 1 2 4 8 16 32 64 128 256
544 783  789 0  15 1 9 1 2 4 8 16 32 64 128 256
545 326   64 0   7 1 9 1 2 4 8 16 32 64 128 256
546 436  441 0  55 1 9 1 2 4 8 16 32 64 128 256
547 379  572 0  78 1 9 1 2 4 8 16 32 64 128 256
548 663  420 0  38 1 9 1 2 4 8 16 32 64 128 256
549 552  519 0  26 1 9 1 2 4 8 16 32 64 128 256
550 255  312 0  16 1 9 1 2 4 8 16 32 64 128 256
551 137  426 0  48 1 9 1 2 4 8 16 32 64 128 256
552   6  687 0  74 1 9 1 2 4 8 16 32 64 128 256
553  88  311 0  35 1 9 1 2 4 8 16 32 64 128 256
554  26   66 0  53 1 9 1 2 4 8 16 32 64 128 256
555 666  257 0  25 1 9 1 2 4 8 16 32 64 128 256
556 186  750 0  44 1 9 1 2 4 8 16 32 64 128 256
557 557  169 0  47 1 9 1 2 4 8 16 32 64 128 256
558 710  754 0  37 1 9 1 2 4 8 16 32 64 128 256
559 630   29 0  58 1 9 1 2 4 8 16 32 64 128 256
560 751  729 0  79 1 9 1 2 4 8 16 32 64 128 256
561 120  943 0  33 1 9 1 2 4 8 16 32 64 128 256
562 117  918 0   6 1 9 1 2 4 8 16 32 64 128 256
563 894  962 0  70 1 9 1 2 4 8 16 32 64 128 256
564 176  327 0  63 1 9 1 2 4 8 16 32 64 128 256
565 322   83 0  97 1 9 1 2 4 8 16 32 64 128 256
566 857   15 0  45 1 9 1 2 4 8 16 32 64 128 256
567 654   28 0  88 1 9 1 2 4 8 16 32 64 128 256
568 547  142 0  81 1 9 1 2 4 8 16 32 64 128 256
569 508  368 0  25 1 9 1 2 4 8 16 32 64 128 256
570 157  473 0  20 1 9 1 2 4 8 16 32 64 128 256
571 848  557 0  50 1 9 1 2 4 8 16 32 64 128 256
572 607  132 0   3 1 9 1 2 4 8 16 32 64 128 256
573 291  232 0  89 1 9 1 2 4 8 16 32 64 128 256
574 415  321 0  44 1 9 1 2 4 8 16 32 64 128 256
575 518  987 0   8 1 9 1 2 4 8 16 32 64 128 256
576 417  663 0  60 1 9 1 2 4 8 16 32 64 128 256
577 755  775 0  86 1 9 1 2 4 8 16 32 64 128 256
578 218  677 0  76 1 9 1 2 4 8 16 32 64 128 256
579 403   83 0  75 1 9 1 2 4 8 16 32 64 128 256
580 866  585 0  58 1 9 1 2 4 8 16 32 64 128 256
581 420  925 0  17 1 9 1 2 4 8 16 32 64 128 256
582 278  241 0  35 1 9 1 2 4 8 16 32 64 128 256
583 575  298 0  50 1 9 1 2 4 8 16 32 64 128 256
584 861   79 0  13 1 9 1 2 4 8 16 32 64 128 256
585 258    2 0  50 1 9 1 2 4 8 16 32 64 128 256
586 289  742 0  64 1 9 1 2 4 8 16 32 64 128 256
587 348  929 0  88 1 9 1 2 4 8 16 32 64 128 256
588 934  209 0   6 1 9 1 2 4 8 16 32 64 128 256
589 326  676 0  71 1 9 1 2 4 8 16 32 64 128 256
590 740  487 0  89 1 9 1 2 4 8 16 32 64 128 256
591 940  888 0   2 1 9 1 2 4 8 16 32 64 128 256
592 818  748 0  60 1 9 1 2 4 8 16 32 64 128 256
593  91  812 0  42 1 9 1 2 4 8 16 32 64 128 256
594 613  508 0  88 1 9 1 2 4 8 16 32 64 128 256
595 754   90 0  13 1 9 1 2 4 8 16 32 64 128 256
596 552  550 0  44 1 9 1 2 4 8 16 32 64 128 256
597 501   43 0  17 1 9 1 2 4 8 16 32 64 128 256
598 572  730 0  33 1 9 1 2 4 8 16 32 64 128 256
599 272  744 0  43 1 9 1 2 4 8 16 32 64 128 256
600 114  602 0  73 1 9 1 2 4 8 16 32 64 128 256
601 992  395 0  18 1 9 1 2 4 8 16 32 64 128 256
602   6  268 0  37 1 9 1 2 4 8 16 32 64 128 256
603 167  946 0  21 1 9 1 2 4 8 16 32 64 128 256
604 331  796 0  28 1 9 1 2 4 8 16 32 64 128 256
605 373  732 0  78 1 9 1 2 4 8 16 32 64 128 256
606 142  149 0  40 1 9 1 2 4 8 16 32 64 128 256
607 516  662 0  11 1 9 1 2 4 8 16 32 64 128 256
608 822  409 0  68 1 9 1 2 4 8 16 32 64 128 256
609  75  343 0  73 1 9 1 2 4 8 16 32 64 128 256
610 589   28 0  37 1 9 1 2 4 8 16 32 64 128 256
611 703  268 0  68 1 9 1 2 4 8 16 32 64 128 256
612 989  496 0  28 1 9 1 2 4 8 16 32 64 128 256
613 572  366 0  56 1 9 1 2 4 8 16 32 64 128 256
614 833  538 0  17 1 9 1 2 4 8 16 32 64 128 256
615 378  347 0   6 1 9 1 2 4 8 16 32 64 128 256
616 237  581 0  56 1 9 1 2 4 8 16 32 64 128 256
617 763  515 0  75 1 9 1 2 4 8 16 32 64 128 256
618 968  654 0  45 1 9 1 2 4 8 16 32 64 128 256
619 482  870 0  65 1 9 1 2 4 8 16 32 64 128 256
620 649  451 0  45 1 9 1 2 4 8 16 32 64 128 256
621 239  988 0  71 1 9 1 2 4 8 16 32 64 128 256
622  60  561 0  78 1 9 1 2 4 8 16 32 64 128 256
623 795  331 0  51 1 9 1 2 4 8 16 32 64 128 256
624 667  257 0  73 1 9 1 2 4 8 16 32 64 128 256
625 780  245 0  89 1 9 1 2 4 8 16 32 64 128 256
626 613  214 0  68 1 9 1 2 4 8 16 32 64 128 256
627 866  225 0  62 1 9 1 2 4 8 16 32 64 128 256
628 970  608 0  84 1 9 1 2 4 8 16 32 64 128 256
629  22  779 0   3 1 9 1 2 4 8 16 32 64 128 256
630  57  657 0  45 1 9 1 2 4 8 16 32 64 128 256
631 214  342 0  94 1 9 1 2 4 8 16 32 64 128 256
632  44  556 0  29 1 9 1 2 4 8 16 32 64 128 256
633 794  395 0  24 1 9 1 2 4 8 16 32 64 128 256
634  38   11 0  47 1 9 1 2 4 8 16 32 64 128 256
635 858  503 0  36 1 9 1 2 4 8 16 32 64 128 256
636 966  340 0  57 1 9 1 2 4 8 16 32 64 128 256
637 776  775 0  95 1 9 1 2 4 8 16 32 64 128 256
638 687  621 0  14 1 9 1 2 4 8 16 32 64 128 256
639 343  607 0  25 1 9 1 2 4 8 16 32 64 128 256
640 912  343 0  40 1 9 1 2 4 8 16 32 64 128 256
641 172  222 0  89 1 9 1 2 4 8 16 32 64 128 256
642  95  660 0  72 1 9 1 2 4 8 16 32 64 128 256
643 878  444 0  63 1 9 1 2 4 8 16 32 64 128 256
644 843  153 0  49 1 9 1 2 4 8 16 32 64 128 256
645 945  989 0  98 1 9 1 2 4 8 16 32 64 128 256
646 814  510 0  72 1 9 1 2 4 8 16 32 64 128 256
647 325   36 0   9 1 9 1 2 4 8 16 32 64 128 256
648 879  953 0  14 1 9 1 2 4 8 16 32 64 128 256
649 380   61 0   5 1 9 1 2 4 8 16 32 64 128 256
650 938   71 0  31 1 9 1 2 4 8 16 32 64 128 256
651 891  243 0  81 1 9 1 2 4 8 16 32 64 128 256
652 434   78 0  41 1 9 1 2 4 8 16 32 64 128 256
653 853  798 0  69 1 9 1 2 4 8 16 32 64 128 256
654 434   69 0  85 1 9 1 2 4 8 16 32 64 128 256
655 838  184 0  34 1 9 1 2 4 8 16 32 64 128 256
656 942   65 0  80 1 9 1 2 4 8 16 32 64 128 256
657  42  531 0  49 1 9 1 2 4 8 16 32 64 128 256
658 225  258 0  22 1 9 1 2 4 8 16 32 64 128 256
659 706  241 0  24 1 9 1 2 4 8 16 32 64 128 256
660 709  704 0  43 1 9 1 2 4 8 16 32 64 128 256
661 882  417 0  93 1 9 1 2 4 8 16 32 64 128 256
662 910  448 0  53 1 9 1 2 4 8 16 32 64 128 256
663 269  146 0  98 1 9 1 2 4 8 16 32 64 128 256
664 263  128 0  11 1 9 1 2 4 8 16 32 64 128 256
665 500  859 0  36 1 9 1 2 4 8 16 32 64 128 256
666 381  288 0   3 1 9 1 2 4 8 16 32 64 128 256
667 544  294 0  14 1 9 1 2 4 8 16 32 64 128 256
668 480  645 0  60 1 9 1 2 4 8 16 32 64 128 256
669 541  284 0  55 1 9 1 2 4 8 16 32 64 128 256
670 339  186 0  16 1 9 1 2 4 8 16 32 64 128 256
671 269  566 0  44 1 9 1 2 4 8 16 32 64 128 256
672 617  895 0  75 1 9 1 2 4 8 16 32 64 128 256
673 618  880 0  95 1 9 1 2 4 8 16 32 64 128 256
674 527  377 0  68 1 9 1 2 4 8 16 32 64 128 256
675 858  621 0  47 1 9 1 2 4 8 16 32 64 128 256
676 172  759 0  81 1 9 1 2 4 8 16 32 64 128 256
677 220  836 0  12 1 9 1 2 4 8 16 32 64 128 256
678 771  164 0  12 1 9 1 2 4 8 16 32 64 128 256
679 321  891 0  58 1 9 1 2 4 8 16 32 64 128 256
680 817  763 0  84 1 9 1 2 4 8 16 32 64 128 256
681 192  223 0  13 1 9 1 2 4 8 16 32 64 128 256
682 190   21 0  96 1 9 1 2 4 8 16 32 64 128 256
683 981  252 0  85 1 9 1 2 4 8 16 32 64 128 256
684 633  457 0  95 1 9 1 2 4 8 16 32 64 128 256
685   1   55 0   7 1 9 1 2 4 8 16 32 64 128 256
686  89  607 0  50 1 9 1 2 4 8 16 32 64 128 256
687 339  313 0  44 1 9 1 2 4 8 16 32 64 128 256
688 489  989 0  53 1 9 1 2 4 8 16 32 64 128 256
689  76  254 0 100 1 9 1 2 4 8 16 32 64 128 256
690 365  439 0  54 1 9 1 2 4 8 16 32 64 128 256
691 908  840 0   5 1 9 1 2 4 8 16 32 64 128 256
692 237  225 0  84 1 9 1 2 4 8 16 32 64 128 256
693 691  153 0  37 1 9 1 2 4 8 16 32 64 128 256
694  86  679 0  74 1 9 1 2 4 8 16 32 64 128 256
695 208  967 0  85 1 9 1 2 4 8 16 32 64 128 256
696 864  708 0  39 1 9 1 2 4 8 16 32 64 128 256
697 422  428 0  79 1 9 1 2 4 8 16 32 64 128 256
698 710  146 0  68 1 9 1 2 4 8 16 32 64 128 256
699 399  609 0  13 1 9 1 2 4 8 16 32 64 128 256
700  17  535 0  57 1 9 1 2 4 8 16 32 64 128 256
701 692  821 0  75 1 9 1 2 4 8 16 32 64 128 256
702 799  536 0  39 1 9 1 2 4 8 16 32 64 128 256
703 328  329 0  54 1 9 1 2 4 8 16 32 64 128 256
704 363  596 0  99 1 9 1 2 4 8 16 32 64 128 256
705 761  908 0  29 1 9 1 2 4 8 16 32 64 128 256
706 460  502 0   6 1 9 1 2 4 8 16 32 64 128 256
707  40  330 0  54 1 9 1 2 4 8 16 32 64 128 256
708 590  288 0  12 1 9 1 2 4 8 16 32 64 128 256
709 106  832 0  81 1 9 1 2 4 8 16 32 64 128 256
710 817  908 0  64 1 9 1 2 4 8 16 32 64 128 256
711 402  322 0  46 1 9 1 2 4 8 16 32 64 128 256
712 884  526 0  96 1 9 1 2 4 8 16 32 64 128 256
713 413  122 0  87 1 9 1 2 4 8 16 32 64 128 256
714 750  596 0  38 1 9 1 2 4 8 16 32 64 128 256
715 905  900 0  70 1 9 1 2 4 8 16 32 64 128 256
716 628  181 0  81 1 9 1 2 4 8 16 32 64 128 256
717  60  507 0  79 1 9 1 2 4 8 16 32 64 128 256
718  10  570 0   3 1 9 1 2 4 8 16 32 64 128 256
719 950  583 0  13 1 9 1 2 4 8 16 32 64 128 256
720 270  197 0  72 1 9 1 2 4 8 16 32 64 128 256
721   9  569 0  25 1 9 1 2 4 8 16 32 64 128 256
722 550  426 0  41 1 9 1 2 4 8 16 32 64 128 256
723 663  714 0   8 1 9 1 2 4 8 16 32 64 128 256
724 744  936 0  50 1 9 1 2 4 8 16 32 64 128 256
725 302   54 0  89 1 9 1 2 4 8 16 32 64 128 256
726 593  968 0  37 1 9 1 2 4 8 16 32 64 128 256
727 269  289 0  57 1 9 1 2 4 8 16 32 64 128 256
728 781  104 0  63 1 9 1 2 4 8 16 32 64 128 256
729 659  558 0  72 1 9 1 2 4 8 16 32 64 128 256
730 791  866 0  13 1 9 1 2 4 8 16 32 64 128 256
731  12  548 0  93 1 9 1 2 4 8 16 32 64 128 256
732 414  956 0  81 1 9 1 2 4 8 16 32 64 128 256
733 946  136 0  21 1 9 1 2 4 8 16 32 64 128 256
734 107  531 0  84 1 9 1 2 4 8 16 32 64 128 256
735  47   24 0  83 1 9 1 2 4 8 16 32 64 128 256
736 202  733 0  80 1 9 1 2 4 8 16 32 64 128 256
737 648  605 0  41 1 9 1 2 4 8 16 32 64 128 256
738 591  467 0  30 1 9 1 2 4 8 16 32 64 128 256
739 740  508 0  76 1 9 1 2 4 8 16 32 64 128 256
740 480  124 0  28 1 9 1 2 4 8 16 32 64 128 256
741 859  613 0  76 1 9 1 2 4 8 16 32 64 128 256
742 999  628 0  43 1 9 1 2 4 8 16 32 64 128 256
743 589  165 0  34 1 9 1 2 4 8 16 32 64 128 256
744 592  304 0  56 1 9 1 2 4 8 16 32 64 128 256
745 152  639 0   3 1 9 1 2 4 8 16 32 64 128 256
746 968  886 0  55 1 9 1 2 4 8 16 32 64 128 256
747 356  215 0  23 1 9 1 2 4 8 16 32 64 128 256
748 519  261 0  80 1 9 1 2 4 8 16 32 64 128 256
749 739  379 0  74 1 9 1 2 4 8 16 32 64 128 256
750 757  991 0  27 1 9 1 2 4 8 16 32 64 128 256
751 858  376 0  95 1 9 1 2 4 8 16 32 64 128 256
752 271  690 0  31 1 9 1 2 4 8 16 32 64 128 256
753 795  793 0  68 1 9 1 2 4 8 16 32 64 128 256
754 722  339 0   5 1 9 1 2 4 8 16 32 64 128 256
755 521  628 0   9 1 9 1 2 4 8 16 32 64 128 256
756 133   15 0  72 1 9 1 2 4 8 16 32 64 128 256
757 753    8 0  82 1 9 1 2 4 8 16 32 64 128 256
758 493  287 0  54 1 9 1 2 4 8 16 32 64 128 256
759 191  197 0  14 1 9 1 2 4 8 16 32 64 128 256
760 560  771 0   7 1 9 1 2 4 8 16 32 64 128 256
761 587  729 0  40 1 9 1 2 4 8 16 32 64 128 256
762  31  925 0  64 1 9 1 2 4 8 16 32 64 128 256
763 523  896 0  24 1 9 1 2 4 8 16 32 64 128 256
764 590  787 0  62 1 9 1 2 4 8 16 32 64 128 256
765 979  139 0  14 1 9 1 2 4 8 16 32 64 128 256
766 747  337 0   5 1 9 1 2 4 8 16 32 64 128 256
767  86   15 0  32 1 9 1 2 4 8 16 32 64 128 256
768 555  600 0  80 1 9 1 2 4 8 16 32 64 128 256
769 833  193 0  62 1 9 1 2 4 8 16 32 64 128 256
770 265  346 0  20 1 9 1 2 4 8 16 32 64 128 256
771 598  628 0   4 1 9 1 2 4 8 16 32 64 128 256
772 826  732 0  57 1 9 1 2 4 8 16 32 64 128 256
773 853   85 0  92 1 9 1 2 4 8 16 32 64 128 256
774 567  586 0  10 1 9 1 2 4 8 16 32 64 128 256
775 328  589 0  31 1 9 1 2 4 8 16 32 64 128 256
776 861  478 0  17 1 9 1 2 4 8 16 32 64 128 256
777 645  323 0   3 1 9 1 2 4 8 16 32 64 128 256
778 872  964 0   8 1 9 1 2 4 8 16 32 64 128 256
779 237   86 0   2 1 9 1 2 4 8 16 32 64 128 256
780 809  790 0  12 1 9 1 2 4 8 16 32 64 128 256
781  56  975 0  61 1 9 1 2 4 8 16 32 64 128 256
782 458  510 0  55 1 9 1 2 4 8 16 32 64 128 256
783 916  872 0   3 1 9 1 2 4 8 16 32 64 128 256
784 776  205 0  97 1 9 1 2 4 8 16 32 64 128 256
785 627   27 0  43 1 9 1 2 4 8 16 32 64 128 256
786 431  356 0  38 1 9 1 2 4 8 16 32 64 128 256
787 454  571 0  61 1 9 1 2 4 8 16 32 64 128 256
788 221  774 0  80 1 9 1 2 4 8 16 32 64 128 256
789 524  633 0  16 1 9 1 2 4 8 16 32 64 128 256
790 428  567 0  60 1 9 1 2 4 8 16 32 64 128 256
791  52  441 0  95 1 9 1 2 4 8 16 32 64 128 256
792 857   72 0  60 1 9 1 2 4 8 16 32 64 128 256
793  45  991 0  82 1 9 1 2 4 8 16 32 64 128 256
794 775  233 0   9 1 9 1 2 4 8 16 32 64 128 256
795 901  306 0   4 1 9 1 2 4 8 16 32 64 128 256
796 953  970 0   2 1 9 1 2 4 8 16 32 64 128 256
797 730  359 0  34 1 9 1 2 4 8 16 32 64 128 256
798 177  275 0  23 1 9 1 2 4 8 16 32 64 128 256
799 616  833 0  23 1 9 1 2 4 8 16 32 64 128 256
800 749  339 0  48 1 9 1 2 4 8 16 32 64 128 256
801 315  836 0  66 1 9 1 2 4 8 16 32 64 128 256
802  19  286 0  42 1 9 1 2 4 8 16 32 64 128 256
803 390  845 0  59 1 9 1 2 4 8 16 32 64 128 256
804 685  330 0  95 1 9 1 2 4 8 16 32 64 128 256
805 496  383 0  53 1 9 1 2 4 8 16 32 64 128 256
806 230  584 0  19 1 9 1 2 4 8 16 32 64 128 256
807  57  679 0  50 1 9 1 2 4 8 16 32 64 128 256
808 789  677 0 100 1 9 1 2 4 8 16 32 64 128 256
809 130  603 0  81 1 9 1 2 4 8 16 32 64 128 256
810 426  171 0  19 1 9 1 2 4 8 16 32 64 128 256
811 935  117 0  71 1 9 1 2 4 8 16 32 64 128 256
812 375  709 0  98 1 9 1 2 4 8 16 32 64 128 256
813 676  296 0  72 1 9 1 2 4 8 16 32 64 128 256
814 414  252 0  24 1 9 1 2 4 8 16 32 64 128 256
815 780  587 0  17 1 9 1 2 4 8 16 32 64 128 256
816 688  669 0  58 1 9 1 2 4 8 16 32 64 128 256
817 223  298 0  76 1 9 1 2 4 8 16 32 64 128 256
818 461  637 0  21 1 9 1 2 4 8 16 32 64 128 256
819 812  391 0  20 1 9 1 2 4 8 16 32 64 128 256
820  61  599 0  85 1 9 1 2 4 8 16 32 64 128 256
821 681  412 0  73 1 9 1 2 4 8 16 32 64 128 256
822  60  834 0  58 1 9 1 2 4 8 16 32 64 128 256
823 401  503 0  24 1 9 1 2 4 8 16 32 64 128 256
824 497  315 0  44 1 9 1 2 4 8 16 32 64 128 256
825 344  397 0  29 1 9 1 2 4 8 16 32 64 128 256
826 975  975 0  76 1 9 1 2 4 8 16 32 64 128 256
827 362  898 0  92 1 9 1 2 4 8 16 32 64 128 256
828 588  123 0  70 1 9 1 2 4 8 16 32 64 128 256
829 678  668 0  62 1 9 1 2 4 8 16 32 64 128 256
830 508  445 0  44 1 9 1 2 4 8 16 32 64 128 256
831 815  148 0   1 1 9 1 2 4 8 16 32 64 128 256
832 759  930 0  48 1 9 1 2 4 8 16 32 64 128 256
833 275  203 0   8 1 9 1 2 4 8 16 32 64 128 256
834 813  619 0  27 1 9 1 2 4 8 16 32 64 128 256
835 493  254 0  93 1 9 1 2 4 8 16 32 64 128 256
836  56  516 0  20 1 9 1 2 4 8 16 32 64 128 256
837 569  686 0  19 1 9 1 2 4 8 16 32 64 128 256
838 657  977 0  93 1 9 1 2 4 8 16 32 64 128 256
839 724  829 0  47 1 9 1 2 4 8 16 32 64 128 256
840 293  833 0  67 1 9 1 2 4 8 16 32 64 128 256
841 925   11 0  91 1 9 1 2 4 8 16 32 64 128 256
842 995   68 0  78 1 9 1 2 4 8 16 32 64 128 256
843 208  719 0  55 1 9 1 2 4 8 16 32 64 128 256
844 350  687 0  32 1 9 1 2 4 8 16 32 64 128 256
845 741   81 0  47 1 9 1 2 4 8 16 32 64 128 256
846 799  251 0  72 1 9 1 2 4 8 16 32 64 128 256
847 262  851 0   4 1 9 1 2 4 8 16 32 64 128 256
848 512  600 0  95 1 9 1 2 4 8 16 32 64 128 256
849 890  306 0  65 1 9 1 2 4 8 16 32 64 128 256
850  98   71 0  29 1 9 1 2 4 8 16 32 64 128 256
851 504  524 0  29 1 9 1 2 4 8 16 32 64 128 256
852  89  884 0   1 1 9 1 2 4 8 16 32 64 128 256
853 639  432 0  23 1 9 1 2 4 8 16 32 64 128 256
854 732  509 0  35 1 9 1 2 4 8 16 32 64 128 256
855 399   65 0  13 1 9 1 2 4 8 16 32 64 128 256
856 970   98 0  35 1 9 1 2 4 8 16 32 64 128 256
857 616  732 0 100 1 9 1 2 4 8 16 32 64 128 256
858 387  408 0   4 1 9 1 2 4 8 16 32 64 128 256
859 832  736 0  78 1 9 1 2 4 8 16 32 64 128 256
860 485  215 0  51 1 9 1 2 4 8 16 32 64 128 256
861 247  433 0   2 1 9 1 2 4 8 16 32 64 128 256
862 396  354 0   9 1 9 1 2 4 8 16 32 64 128 256
863 814   52 0  81 1 9 1 2 4 8 16 32 64 128 256
864 721  492 0  59 1 9 1 2 4 8 16 32 64 128 256
865 439  503 0  43 1 9 1 2 4 8 16 32 64 128 256
866 104  573 0  92 1 9 1 2 4 8 16 32 64 128 256
867 606  184 0  76 1 9 1 2 4 8 16 32 64 128 256
868 410  965 0  96 1 9 1 2 4 8 16 32 64 128 256
869 140  124 0   7 1 9 1 2 4 8 16 32 64 128 256
870 907  327 0  84 1 9 1 2 4 8 16 32 64 128 256
871 630  441 0  33 1 9 1 2 4 8 16 32 64 128 256
872 178  790 0  94 1 9 1 2 4 8 16 32 64 128 256
873  13  599 0  87 1 9 1 2 4 8 16 32 64 128 256
874 746  701 0  64 1 9 1 2 4 8 16 32 64 128 256
875 930  808 0  77 1 9 1 2 4 8 16 32 64 128 256
876 985  662 0  92 1 9 1 2 4 8 16 32 64 128 256
877  21   51 0 100 1 9 1 2 4 8 16 32 64 128 256
878 937  261 0  16 1 9 1 2 4 8 16 32 64 128 256
879 727  564 0  55 1 9 1 2 4 8 16 32 64 128 256
880 744  579 0  65 1 9 1 2 4 8 16 32 64 128 256
881 919  215 0  23 1 9 1 2 4 8 16 32 64 128 256
882 837  442 0  57 1 9 1 2 4 8 16 32 64 128 256
883 536  868 0   3 1 9 1 2 4 8 16 32 64 128 256
884 106  988 0  80 1 9 1 2 4 8 16 32 64 128 256
885 181  742 0  35 1 9 1 2 4 8 16 32 64 128 256
886 863  454 0  64 1 9 1 2 4 8 16 32 64 128 256
887 164  717 0  63 1 9 1 2 4 8 16 32 64 128 256
888 191  986 0  87 1 9 1 2 4 8 16 32 64 128 256
889  15  508 0  34 1 9 1 2 4 8 16 32 64 128 256
890   3  391 0  72 1 9 1 2 4 8 16 32 64 128 256
891 513  266 0  99 1 9 1 2 4 8 16 32 64 128 256
892 449  635 0  73 1 9 1 2 4 8 16 32 64 128 256
893 636  935 0   6 1 9 1 2 4 8 16 32 64 128 256
894 478  100 0 100 1 9 1 2 4 8 16 32 64 128 256
895 941  957 0  75 1 9 1 2 4 8 16 32 64 128 256
896 958  533 0   1 1 9 1 2 4 8 16 32 64 128 256
897 573  840 0  77 1 9 1 2 4 8 16 32 64 128 256
898 356    4 0  94 1 9 1 2 4 8 16 32 64 128 256
899 806  567 0  73 1 9 1 2 4 8 16 32 64 128 256
900 583  322 0   0 0 0
901 451  103 0   0 0 0
902  79  817 0   0 0 0
903 885  735 0   0 0 0
904 457  109 0   0 0 0
905 819  866 0   0 0 0
906 544  325 0   0 0 0
907 311   13 0   0 0 0
908 356  941 0   0 0 0
