2 285 923 3
0 248
0 248
0 248
  1 972 740 0  22 1 3 1 2 4
  2 617 287 0  73 1 3 1 2 4
  3 951 736 0  44 1 3 1 2 4
  4 565 542 0  35 1 3 1 2 4
  5 701 889 0  87 1 3 1 2 4
  6 159 491 0   5 1 3 1 2 4
  7 278 522 0   7 1 3 1 2 4
  8 514 649 0  66 1 3 1 2 4
  9 351 705 0   2 1 3 1 2 4
 10 919 212 0   9 1 3 1 2 4
 11 896 293 0  35 1 3 1 2 4
 12  83 679 0  33 1 3 1 2 4
 13 480 780 0  55 1 3 1 2 4
 14  43   7 0  50 1 3 1 2 4
 15  65 417 0  72 1 3 1 2 4
 16 838 520 0  54 1 3 1 2 4
 17 164 724 0  99 1 3 1 2 4
 18  88  94 0  38 1 3 1 2 4
 19 221 855 0  31 1 3 1 2 4
 20 655 471 0  30 1 3 1 2 4
 21 913 996 0  15 1 3 1 2 4
 22  34  13 0  96 1 3 1 2 4
 23 344 209 0   6 1 3 1 2 4
 24 522 424 0  13 1 3 1 2 4
 25 314 450 0  71 1 3 1 2 4
 26 475 941 0  78 1 3 1 2 4
 27 986  25 0  16 1 3 1 2 4
 28 539 202 0  62 1 3 1 2 4
 29 718 469 0  24 1 3 1 2 4
 30 357 453 0  99 1 3 1 2 4
 31  64  86 0  88 1 3 1 2 4
 32 633 668 0  15 1 3 1 2 4
 33 117 161 0  43 1 3 1 2 4
 34 212 557 0  82 1 3 1 2 4
 35 343 601 0  95 1 3 1 2 4
 36  10 183 0  84 1 3 1 2 4
 37 692 133 0  12 1 3 1 2 4
 38 748 879 0  10 1 3 1 2 4
 39 316 944 0  98 1 3 1 2 4
 40 657 543 0  78 1 3 1 2 4
 41 158 736 0  67 1 3 1 2 4
 42 248  83 0  11 1 3 1 2 4
 43 821 914 0  51 1 3 1 2 4
 44 110 200 0  16 1 3 1 2 4
 45 286 805 0  94 1 3 1 2 4
 46 635 710 0  98 1 3 1 2 4
 47  96 346 0  67 1 3 1 2 4
 48   9 603 0   4 1 3 1 2 4
 49 668 312 0  40 1 3 1 2 4
 50 989  84 0  31 1 3 1 2 4
 51 520 968 0  59 1 3 1 2 4
 52 950 932 0   8 1 3 1 2 4
 53 167  13 0  81 1 3 1 2 4
 54 712  79 0  90 1 3 1 2 4
 55  49  70 0   7 1 3 1 2 4
 56 121 868 0  81 1 3 1 2 4
 57 765 430 0   8 1 3 1 2 4
 58 969 229 0  73 1 3 1 2 4
 59 330 599 0  56 1 3 1 2 4
 60 818  15 0  49 1 3 1 2 4
 61 678 496 0  14 1 3 1 2 4
 62 698 552 0  79 1 3 1 2 4
 63 778 921 0  57 1 3 1 2 4
 64 403 214 0  40 1 3 1 2 4
 65 781 964 0  65 1 3 1 2 4
 66 578 305 0  54 1 3 1 2 4
 67 826 513 0   3 1 3 1 2 4
 68 620 294 0  29 1 3 1 2 4
 69 484 818 0  72 1 3 1 2 4
 70 355 845 0  22 1 3 1 2 4
 71 240  71 0  74 1 3 1 2 4
 72 854 875 0  35 1 3 1 2 4
 73 160 707 0  75 1 3 1 2 4
 74 313 257 0  43 1 3 1 2 4
 75 984 251 0  26 1 3 1 2 4
 76  93 804 0   5 1 3 1 2 4
 77 731 582 0  73 1 3 1 2 4
 78 353 287 0  44 1 3 1 2 4
 79 243 932 0  38 1 3 1 2 4
 80 467   5 0  27 1 3 1 2 4
 81 825   6 0  94 1 3 1 2 4
 82 825 358 0  49 1 3 1 2 4
 83  70 977 0  38 1 3 1 2 4
 84   1 536 0  69 1 3 1 2 4
 85 319 147 0  79 1 3 1 2 4
 86 371 469 0  27 1 3 1 2 4
 87  99 676 0   3 1 3 1 2 4
 88 824 759 0  41 1 3 1 2 4
 89 444 761 0  69 1 3 1 2 4
 90 362 883 0   2 1 3 1 2 4
 91 528 667 0  55 1 3 1 2 4
 92 189 235 0  65 1 3 1 2 4
 93 957 611 0  91 1 3 1 2 4
 94 905  41 0  80 1 3 1 2 4
 95 392  10 0  17 1 3 1 2 4
 96 188 322 0  56 1 3 1 2 4
 97 424 350 0  92 1 3 1 2 4
 98 737 353 0  34 1 3 1 2 4
 99 464 967 0  27 1 3 1 2 4
100 571 955 0  78 1 3 1 2 4
101 918 840 0  59 1 3 1 2 4
102 388 969 0  79 1 3 1 2 4
103 651 815 0  42 1 3 1 2 4
104 229 402 0  93 1 3 1 2 4
105 105 915 0  92 1 3 1 2 4
106 653 839 0   4 1 3 1 2 4
107 909 178 0  92 1 3 1 2 4
108 680  11 0  64 1 3 1 2 4
109 905 712 0  84 1 3 1 2 4
110 359 100 0  59 1 3 1 2 4
111  46 795 0  57 1 3 1 2 4
112 831  27 0  18 1 3 1 2 4
113 130 762 0   4 1 3 1 2 4
114  32 968 0  74 1 3 1 2 4
115 134 352 0  79 1 3 1 2 4
116 369 303 0  56 1 3 1 2 4
117  69 505 0  92 1 3 1 2 4
118 458 316 0  79 1 3 1 2 4
119  66 331 0  96 1 3 1 2 4
120 390 748 0  73 1 3 1 2 4
121 786 548 0  30 1 3 1 2 4
122 604 335 0  16 1 3 1 2 4
123 175 538 0  41 1 3 1 2 4
124 882 101 0  23 1 3 1 2 4
125 373 712 0  95 1 3 1 2 4
126 598 375 0  11 1 3 1 2 4
127 609 308 0  14 1 3 1 2 4
128 397 504 0  88 1 3 1 2 4
129 110 196 0  42 1 3 1 2 4
130 407 537 0  75 1 3 1 2 4
131 103 114 0  14 1 3 1 2 4
132 339 909 0  93 1 3 1 2 4
133 902 649 0  57 1 3 1 2 4
134 357  14 0  76 1 3 1 2 4
135 317 665 0  41 1 3 1 2 4
136 290 415 0  53 1 3 1 2 4
137 555 800 0  62 1 3 1 2 4
138 509 781 0  63 1 3 1 2 4
139 374 733 0  76 1 3 1 2 4
140 489 171 0  41 1 3 1 2 4
141 954 830 0   1 1 3 1 2 4
142 735 611 0  33 1 3 1 2 4
143 112 740 0  71 1 3 1 2 4
144 744 451 0  17 1 3 1 2 4
145 654 390 0  11 1 3 1 2 4
146 636 234 0  45 1 3 1 2 4
147  92 208 0  54 1 3 1 2 4
148  40 925 0  39 1 3 1 2 4
149 670 356 0  93 1 3 1 2 4
150  11 664 0  55 1 3 1 2 4
151 881 932 0  56 1 3 1 2 4
152 921 820 0  58 1 3 1 2 4
153  23 283 0  46 1 3 1 2 4
154 921 111 0  29 1 3 1 2 4
155 214 601 0  97 1 3 1 2 4
156 725 468 0  98 1 3 1 2 4
157 984 980 0  20 1 3 1 2 4
158 664 766 0  25 1 3 1 2 4
159 557 216 0  38 1 3 1 2 4
160 894 111 0  49 1 3 1 2 4
161 785 735 0  35 1 3 1 2 4
162 465  36 0  45 1 3 1 2 4
163 450 187 0  70 1 3 1 2 4
164 370 183 0  64 1 3 1 2 4
165 196 606 0  71 1 3 1 2 4
166 740 946 0  37 1 3 1 2 4
167 562 688 0  54 1 3 1 2 4
168 844 585 0   7 1 3 1 2 4
169 295  35 0  33 1 3 1 2 4
170 834 969 0  31 1 3 1 2 4
171  61 771 0   6 1 3 1 2 4
172 516 417 0  95 1 3 1 2 4
173 285 403 0  35 1 3 1 2 4
174 181 825 0  60 1 3 1 2 4
175 266 826 0  67 1 3 1 2 4
176 396 683 0  62 1 3 1 2 4
177 417 186 0  57 1 3 1 2 4
178 176 374 0  53 1 3 1 2 4
179 138 529 0  10 1 3 1 2 4
180 442 749 0  81 1 3 1 2 4
181 887 910 0  58 1 3 1 2 4
182 504 866 0  44 1 3 1 2 4
183 609 533 0  41 1 3 1 2 4
184 686 490 0  98 1 3 1 2 4
185 864 475 0 100 1 3 1 2 4
186 200 114 0  38 1 3 1 2 4
187 555  83 0  89 1 3 1 2 4
188 284 902 0  63 1 3 1 2 4
189 233  63 0  94 1 3 1 2 4
190 138 806 0  91 1 3 1 2 4
191  12 296 0  45 1 3 1 2 4
192 228 280 0  87 1 3 1 2 4
193  54 739 0  86 1 3 1 2 4
194 635 582 0  14 1 3 1 2 4
195  47 282 0  29 1 3 1 2 4
196 117 203 0   4 1 3 1 2 4
197 188 521 0  99 1 3 1 2 4
198 297 296 0  45 1 3 1 2 4
199 181 981 0  79 1 3 1 2 4
200 710 792 0  26 1 3 1 2 4
201 112  11 0  56 1 3 1 2 4
202 481 590 0  12 1 3 1 2 4
203 860 127 0  44 1 3 1 2 4
204 819 647 0  34 1 3 1 2 4
205 591  89 0  56 1 3 1 2 4
206 129 780 0   3 1 3 1 2 4
207 749 262 0  28 1 3 1 2 4
208 585 581 0  17 1 3 1 2 4
209 714 326 0  75 1 3 1 2 4
210 847 988 0  66 1 3 1 2 4
211 731 280 0  32 1 3 1 2 4
212 743 653 0  18 1 3 1 2 4
213 130 607 0   3 1 3 1 2 4
214 157 240 0  72 1 3 1 2 4
215 675 712 0  68 1 3 1 2 4
216 599 211 0  65 1 3 1 2 4
217 781 554 0   5 1 3 1 2 4
218 992 802 0  22 1 3 1 2 4
219 558 763 0   2 1 3 1 2 4
220 665 453 0 100 1 3 1 2 4
221  12 866 0  60 1 3 1 2 4
222 456 942 0  37 1 3 1 2 4
223 823  30 0  40 1 3 1 2 4
224 246 710 0  19 1 3 1 2 4
225 923 688 0   1 1 3 1 2 4
226 102 570 0  11 1 3 1 2 4
227 523 181 0  45 1 3 1 2 4
228  42  92 0  33 1 3 1 2 4
229  43 731 0  73 1 3 1 2 4
230 387  41 0  48 1 3 1 2 4
231 541  20 0  82 1 3 1 2 4
232 921 850 0  55 1 3 1 2 4
233 407 812 0  86 1 3 1 2 4
234 844 487 0  28 1 3 1 2 4
235 452 595 0  62 1 3 1 2 4
236  48 291 0  58 1 3 1 2 4
237 219 759 0  28 1 3 1 2 4
238 902 244 0   6 1 3 1 2 4
239 944 440 0  36 1 3 1 2 4
240 774 862 0  92 1 3 1 2 4
241 916 955 0  68 1 3 1 2 4
242 283 813 0  62 1 3 1 2 4
243  54 935 0  40 1 3 1 2 4
244 949 350 0  18 1 3 1 2 4
245 274 325 0  55 1 3 1 2 4
246 250 506 0  51 1 3 1 2 4
247 768 180 0  16 1 3 1 2 4
248 475 653 0  13 1 3 1 2 4
249 951 531 0  41 1 3 1 2 4
250 519 215 0  59 1 3 1 2 4
251  94 842 0  35 1 3 1 2 4
252 205  51 0  18 1 3 1 2 4
253 660 854 0  72 1 3 1 2 4
254 859 450 0  94 1 3 1 2 4
255 118 960 0  88 1 3 1 2 4
256 334 281 0   6 1 3 1 2 4
257 270  92 0  88 1 3 1 2 4
258 363 998 0  58 1 3 1 2 4
259 263 253 0  48 1 3 1 2 4
260  87 978 0  76 1 3 1 2 4
261  38 184 0  76 1 3 1 2 4
262 651 733 0  99 1 3 1 2 4
263 311 637 0  92 1 3 1 2 4
264 658  97 0  98 1 3 1 2 4
265 217 961 0  11 1 3 1 2 4
266 472 774 0  15 1 3 1 2 4
267 134 827 0  85 1 3 1 2 4
268 287 855 0  29 1 3 1 2 4
269 392 571 0  84 1 3 1 2 4
270 972 365 0  54 1 3 1 2 4
271 405 820 0  57 1 3 1 2 4
272 545 787 0  57 1 3 1 2 4
273 629 906 0  20 1 3 1 2 4
274 605 467 0  56 1 3 1 2 4
275 713 742 0  83 1 3 1 2 4
276 402 662 0 100 1 3 1 2 4
277 360 729 0  30 1 3 1 2 4
278 874 773 0  41 1 3 1 2 4
279 304 569 0  61 1 3 1 2 4
280 261 774 0  95 1 3 1 2 4
281 480 464 0   2 1 3 1 2 4
282 198 668 0  74 1 3 1 2 4
283 331 158 0  68 1 3 1 2 4
284 708 306 0  68 1 3 1 2 4
285 459 531 0  16 1 3 1 2 4
286 193 776 0  19 1 3 1 2 4
287 561 206 0   1 1 3 1 2 4
288 722 463 0  26 1 3 1 2 4
289 587  60 0  31 1 3 1 2 4
290 717 627 0   4 1 3 1 2 4
291 847 612 0  79 1 3 1 2 4
292  64 266 0  52 1 3 1 2 4
293 677 265 0  75 1 3 1 2 4
294 189 717 0  67 1 3 1 2 4
295 423 523 0  43 1 3 1 2 4
296 576 890 0  95 1 3 1 2 4
297 726 123 0   4 1 3 1 2 4
298 323 484 0  32 1 3 1 2 4
299 592 210 0  15 1 3 1 2 4
300 984 935 0  94 1 3 1 2 4
301 431 554 0  44 1 3 1 2 4
302 414 684 0  60 1 3 1 2 4
303  42 430 0   6 1 3 1 2 4
304  99 177 0  10 1 3 1 2 4
305 276 804 0  61 1 3 1 2 4
306 597 934 0  23 1 3 1 2 4
307 113 283 0  67 1 3 1 2 4
308 326 557 0  55 1 3 1 2 4
309 196 633 0  26 1 3 1 2 4
310 406 281 0  97 1 3 1 2 4
311 355 221 0  90 1 3 1 2 4
312 937 880 0  26 1 3 1 2 4
313 807 941 0  24 1 3 1 2 4
314 219  87 0   1 1 3 1 2 4
315 352 256 0  28 1 3 1 2 4
316 377 691 0  85 1 3 1 2 4
317  22 557 0  63 1 3 1 2 4
318 389 886 0  95 1 3 1 2 4
319   4 229 0  17 1 3 1 2 4
320 885 800 0  36 1 3 1 2 4
321 352 953 0   5 1 3 1 2 4
322 634 837 0  65 1 3 1 2 4
323 146 699 0  55 1 3 1 2 4
324  67 432 0  63 1 3 1 2 4
325 842 766 0  47 1 3 1 2 4
326 279 970 0  13 1 3 1 2 4
327   4 958 0  69 1 3 1 2 4
328 436 489 0   9 1 3 1 2 4
329 685 112 0  36 1 3 1 2 4
330  69  72 0  70 1 3 1 2 4
331 135  94 0 100 1 3 1 2 4
332 802 833 0  50 1 3 1 2 4
333  51  37 0  78 1 3 1 2 4
334 155 613 0  20 1 3 1 2 4
335 794 649 0  96 1 3 1 2 4
336 656 965 0  80 1 3 1 2 4
337 199 918 0  26 1 3 1 2 4
338 401   4 0  37 1 3 1 2 4
339 974 136 0  91 1 3 1 2 4
340 455 136 0  56 1 3 1 2 4
341 486 255 0  80 1 3 1 2 4
342 966 130 0  82 1 3 1 2 4
343 710 785 0  65 1 3 1 2 4
344 152 623 0   3 1 3 1 2 4
345 752 445 0  96 1 3 1 2 4
346 386 273 0  29 1 3 1 2 4
347  70 698 0  18 1 3 1 2 4
348 750 374 0  81 1 3 1 2 4
349 606 678 0  26 1 3 1 2 4
350 851  71 0   6 1 3 1 2 4
351 869 838 0  30 1 3 1 2 4
352 888 140 0  22 1 3 1 2 4
353 323 746 0  65 1 3 1 2 4
354 495 496 0  73 1 3 1 2 4
355 968 959 0  83 1 3 1 2 4
356 510 638 0  60 1 3 1 2 4
357 236 198 0  71 1 3 1 2 4
358 525 450 0  97 1 3 1 2 4
359 596 533 0  42 1 3 1 2 4
360 486 989 0  43 1 3 1 2 4
361 748 129 0  46 1 3 1 2 4
362 740 275 0  36 1 3 1 2 4
363 798 245 0  44 1 3 1 2 4
364 152 369 0  65 1 3 1 2 4
365 395 867 0  31 1 3 1 2 4
366 976 902 0  53 1 3 1 2 4
367 763 488 0  64 1 3 1 2 4
368 834 734 0  40 1 3 1 2 4
369 333 811 0  86 1 3 1 2 4
370 862 260 0  57 1 3 1 2 4
371 747 756 0  53 1 3 1 2 4
372 851 828 0  89 1 3 1 2 4
373 793 883 0  94 1 3 1 2 4
374 596  65 0   3 1 3 1 2 4
375   9 907 0  25 1 3 1 2 4
376 924 128 0  85 1 3 1 2 4
377 582 954 0  45 1 3 1 2 4
378 827 449 0  61 1 3 1 2 4
379 103 893 0  28 1 3 1 2 4
380 129 764 0  67 1 3 1 2 4
381 586 847 0  42 1 3 1 2 4
382 124 489 0  13 1 3 1 2 4
383 325 459 0  62 1 3 1 2 4
384 348 110 0  45 1 3 1 2 4
385 983 245 0  60 1 3 1 2 4
386 936 821 0   5 1 3 1 2 4
387 819 791 0  13 1 3 1 2 4
388 777 707 0  25 1 3 1 2 4
389 356 153 0  17 1 3 1 2 4
390 930 726 0  16 1 3 1 2 4
391  31 208 0  16 1 3 1 2 4
392 601 949 0  65 1 3 1 2 4
393 759 684 0  41 1 3 1 2 4
394 927  82 0  77 1 3 1 2 4
395  68 362 0  82 1 3 1 2 4
396 678 339 0   2 1 3 1 2 4
397 875 996 0  49 1 3 1 2 4
398 358 783 0  22 1 3 1 2 4
399 409 511 0  27 1 3 1 2 4
400 626 957 0  63 1 3 1 2 4
401 327 348 0  90 1 3 1 2 4
402 524 918 0  83 1 3 1 2 4
403  36 680 0  46 1 3 1 2 4
404 993 147 0  11 1 3 1 2 4
405 815 952 0  46 1 3 1 2 4
406 518 443 0  23 1 3 1 2 4
407 532 123 0  34 1 3 1 2 4
408 714 824 0  74 1 3 1 2 4
409 502 134 0  86 1 3 1 2 4
410 633 816 0  33 1 3 1 2 4
411 239 271 0  56 1 3 1 2 4
412 511 949 0  75 1 3 1 2 4
413 357 804 0   5 1 3 1 2 4
414 864 352 0  32 1 3 1 2 4
415 113 228 0   3 1 3 1 2 4
416 438 848 0  23 1 3 1 2 4
417 739 813 0  73 1 3 1 2 4
418 294 100 0  83 1 3 1 2 4
419 525 505 0  79 1 3 1 2 4
420  90 436 0  87 1 3 1 2 4
421 256 147 0  72 1 3 1 2 4
422 843 191 0   2 1 3 1 2 4
423  96 264 0   6 1 3 1 2 4
424 375  73 0  11 1 3 1 2 4
425 474  50 0   1 1 3 1 2 4
426 498 705 0  87 1 3 1 2 4
427 469 268 0  47 1 3 1 2 4
428  79 290 0  68 1 3 1 2 4
429 728 131 0  49 1 3 1 2 4
430  38 669 0  33 1 3 1 2 4
431   6 732 0  86 1 3 1 2 4
432 266  29 0  91 1 3 1 2 4
433 297 200 0  25 1 3 1 2 4
434  11  32 0   9 1 3 1 2 4
435 796  22 0  38 1 3 1 2 4
436 600 733 0  73 1 3 1 2 4
437 181 430 0  18 1 3 1 2 4
438 411 104 0  94 1 3 1 2 4
439   6 975 0  20 1 3 1 2 4
440 961 590 0  91 1 3 1 2 4
441 140 527 0  77 1 3 1 2 4
442 657 515 0   7 1 3 1 2 4
443 698  31 0   7 1 3 1 2 4
444 791 514 0  87 1 3 1 2 4
445 273 722 0  80 1 3 1 2 4
446 935 348 0   7 1 3 1 2 4
447 721 567 0  30 1 3 1 2 4
448 998 119 0  36 1 3 1 2 4
449 876 389 0  62 1 3 1 2 4
450 202 731 0   8 1 3 1 2 4
451 907 640 0   3 1 3 1 2 4
452 752 834 0   4 1 3 1 2 4
453  41  18 0   7 1 3 1 2 4
454  55 141 0  52 1 3 1 2 4
455 639 795 0   5 1 3 1 2 4
456 773 518 0  83 1 3 1 2 4
457 765 595 0  86 1 3 1 2 4
458 413 360 0  36 1 3 1 2 4
459 913 799 0  38 1 3 1 2 4
460 690 923 0  16 1 3 1 2 4
461 260 269 0  27 1 3 1 2 4
462 753 310 0  61 1 3 1 2 4
463 979 173 0   4 1 3 1 2 4
464 142 707 0  20 1 3 1 2 4
465 725 639 0  80 1 3 1 2 4
466 552 380 0  27 1 3 1 2 4
467 924 714 0  56 1 3 1 2 4
468 499 643 0   9 1 3 1 2 4
469 185 435 0  25 1 3 1 2 4
470 349  23 0  47 1 3 1 2 4
471 391 148 0  64 1 3 1 2 4
472 328 338 0  49 1 3 1 2 4
473 295 678 0  53 1 3 1 2 4
474 552 760 0  64 1 3 1 2 4
475 252 397 0  61 1 3 1 2 4
476 790 677 0  50 1 3 1 2 4
477 680 737 0  28 1 3 1 2 4
478 514 276 0  93 1 3 1 2 4
479 814 494 0  29 1 3 1 2 4
480 668 252 0  82 1 3 1 2 4
481 730 462 0  77 1 3 1 2 4
482 713 986 0  36 1 3 1 2 4
483 892 396 0  12 1 3 1 2 4
484 308 486 0  15 1 3 1 2 4
485 547 545 0  96 1 3 1 2 4
486 493 277 0  71 1 3 1 2 4
487 804 575 0   5 1 3 1 2 4
488 722 445 0  59 1 3 1 2 4
489 453 477 0  37 1 3 1 2 4
490 803 424 0  60 1 3 1 2 4
491 191 474 0  50 1 3 1 2 4
492 807 343 0  71 1 3 1 2 4
493 654 678 0  90 1 3 1 2 4
494 143 551 0  40 1 3 1 2 4
495 335 766 0  59 1 3 1 2 4
496 618 232 0  80 1 3 1 2 4
497 275 724 0  98 1 3 1 2 4
498 655 310 0  66 1 3 1 2 4
499 473 941 0  10 1 3 1 2 4
500 278 871 0  45 1 3 1 2 4
501 570 295 0  20 1 3 1 2 4
502 346 899 0  96 1 3 1 2 4
503 934 308 0   7 1 3 1 2 4
504 960 780 0  58 1 3 1 2 4
505 773  65 0   9 1 3 1 2 4
506 493 100 0  92 1 3 1 2 4
507 469 500 0  70 1 3 1 2 4
508 375 389 0  38 1 3 1 2 4
509 848 852 0  94 1 3 1 2 4
510   6 899 0  80 1 3 1 2 4
511 742 689 0  54 1 3 1 2 4
512 214  47 0  98 1 3 1 2 4
513 390 127 0  45 1 3 1 2 4
514 946 276 0  31 1 3 1 2 4
515 386 898 0  32 1 3 1 2 4
516 491 568 0  69 1 3 1 2 4
517  87 392 0  10 1 3 1 2 4
518 822 356 0  42 1 3 1 2 4
519 315 203 0  34 1 3 1 2 4
520 390 413 0   6 1 3 1 2 4
521 444 972 0  43 1 3 1 2 4
522 474 245 0  74 1 3 1 2 4
523  76 294 0  50 1 3 1 2 4
524 823  80 0  70 1 3 1 2 4
525 601  97 0  94 1 3 1 2 4
526 749 556 0   9 1 3 1 2 4
527 930 583 0  66 1 3 1 2 4
528 445 443 0  67 1 3 1 2 4
529 252 234 0  67 1 3 1 2 4
530 186 663 0  31 1 3 1 2 4
531 657 943 0  97 1 3 1 2 4
532 924 464 0  57 1 3 1 2 4
533 262 927 0  72 1 3 1 2 4
534 865 942 0  74 1 3 1 2 4
535  71 536 0  60 1 3 1 2 4
536 911 107 0  80 1 3 1 2 4
537 468 472 0  37 1 3 1 2 4
538 958 432 0  43 1 3 1 2 4
539 663 844 0  42 1 3 1 2 4
540 265 407 0  29 1 3 1 2 4
541 372 961 0  78 1 3 1 2 4
542 364 932 0  51 1 3 1 2 4
543 375 281 0  57 1 3 1 2 4
544 402 847 0  18 1 3 1 2 4
545 732 628 0  46 1 3 1 2 4
546 801 733 0  13 1 3 1 2 4
547 464 156 0  83 1 3 1 2 4
548 882 492 0  20 1 3 1 2 4
549 943 588 0  56 1 3 1 2 4
550   6 191 0  68 1 3 1 2 4
551 255 886 0  29 1 3 1 2 4
552 599 805 0  19 1 3 1 2 4
553 209 783 0  98 1 3 1 2 4
554 518 712 0  22 1 3 1 2 4
555 374 669 0  42 1 3 1 2 4
556 504 544 0  60 1 3 1 2 4
557 591 670 0  27 1 3 1 2 4
558 365 554 0  14 1 3 1 2 4
559 926 879 0  56 1 3 1 2 4
560 586 567 0  25 1 3 1 2 4
561 295 567 0  92 1 3 1 2 4
562 805 498 0  88 1 3 1 2 4
563 855 807 0  10 1 3 1 2 4
564 654 441 0  25 1 3 1 2 4
565 418 286 0  23 1 3 1 2 4
566 156 425 0  40 1 3 1 2 4
567 525 249 0  81 1 3 1 2 4
568 887 103 0  41 1 3 1 2 4
569 907 607 0  33 1 3 1 2 4
570  36 392 0  61 1 3 1 2 4
571 332 441 0  69 1 3 1 2 4
572 294 471 0  73 1 3 1 2 4
573 758  93 0  68 1 3 1 2 4
574 291 686 0  11 1 3 1 2 4
575 664 100 0  29 1 3 1 2 4
576 373 980 0  24 1 3 1 2 4
577 827 174 0  53 1 3 1 2 4
578  36 391 0   5 1 3 1 2 4
579 913 414 0  87 1 3 1 2 4
580  52 964 0  15 1 3 1 2 4
581 774  95 0  66 1 3 1 2 4
582 768 147 0  85 1 3 1 2 4
583 676 321 0  11 1 3 1 2 4
584 839 117 0  10 1 3 1 2 4
585 811 879 0  79 1 3 1 2 4
586 604 217 0  93 1 3 1 2 4
587 597  32 0  96 1 3 1 2 4
588 302 472 0  27 1 3 1 2 4
589 708 296 0  33 1 3 1 2 4
590 502 629 0  87 1 3 1 2 4
591 307 178 0  95 1 3 1 2 4
592 372 909 0  42 1 3 1 2 4
593 180 459 0  84 1 3 1 2 4
594 294 550 0  91 1 3 1 2 4
595  72  43 0  57 1 3 1 2 4
596 156 643 0  72 1 3 1 2 4
597 343 963 0  25 1 3 1 2 4
598 113 839 0  79 1 3 1 2 4
599 224 769 0  83 1 3 1 2 4
600  49 377 0  47 1 3 1 2 4
601 526 271 0  98 1 3 1 2 4
602 464 362 0  81 1 3 1 2 4
603 203 974 0  67 1 3 1 2 4
604 615 821 0  52 1 3 1 2 4
605 474  73 0  61 1 3 1 2 4
606 617 187 0  17 1 3 1 2 4
607 421 457 0  62 1 3 1 2 4
608 444 686 0  99 1 3 1 2 4
609 736 442 0  44 1 3 1 2 4
610 946 641 0   6 1 3 1 2 4
611 700 998 0  55 1 3 1 2 4
612 522 861 0  21 1 3 1 2 4
613 456 800 0   1 1 3 1 2 4
614 403  91 0  95 1 3 1 2 4
615 124 826 0   5 1 3 1 2 4
616 147 955 0  69 1 3 1 2 4
617 874 508 0  39 1 3 1 2 4
618 224 442 0  55 1 3 1 2 4
619 272 250 0  10 1 3 1 2 4
620  31 359 0  10 1 3 1 2 4
621 979  10 0  50 1 3 1 2 4
622 246 233 0  79 1 3 1 2 4
623 232 932 0  97 1 3 1 2 4
624 194 674 0  22 1 3 1 2 4
625  95 229 0  81 1 3 1 2 4
626  59 782 0  24 1 3 1 2 4
627 936 467 0  24 1 3 1 2 4
628 894 331 0  27 1 3 1 2 4
629 354  77 0  28 1 3 1 2 4
630  62 103 0   2 1 3 1 2 4
631 624 150 0  19 1 3 1 2 4
632 550 478 0  38 1 3 1 2 4
633  12 387 0  83 1 3 1 2 4
634 101 117 0  90 1 3 1 2 4
635  96 915 0  58 1 3 1 2 4
636 970 519 0  94 1 3 1 2 4
637 727 460 0  55 1 3 1 2 4
638 473 445 0  11 1 3 1 2 4
639 446 963 0  94 1 3 1 2 4
640 307 734 0  75 1 3 1 2 4
641 452 186 0  91 1 3 1 2 4
642 319 946 0  54 1 3 1 2 4
643 423 785 0  80 1 3 1 2 4
644 574 358 0  36 1 3 1 2 4
645   6 651 0  35 1 3 1 2 4
646  57 326 0  78 1 3 1 2 4
647 683   1 0  41 1 3 1 2 4
648 383 278 0  14 1 3 1 2 4
649 245 113 0  10 1 3 1 2 4
650  87 432 0  93 1 3 1 2 4
651 617 603 0  73 1 3 1 2 4
652 522  30 0  58 1 3 1 2 4
653 409 725 0  10 1 3 1 2 4
654 557 258 0  62 1 3 1 2 4
655 226 692 0  43 1 3 1 2 4
656 444 234 0  19 1 3 1 2 4
657 645 248 0  83 1 3 1 2 4
658  74 252 0  46 1 3 1 2 4
659 865 777 0  94 1 3 1 2 4
660 292 551 0  89 1 3 1 2 4
661 532 221 0  66 1 3 1 2 4
662 802 508 0  59 1 3 1 2 4
663 825 123 0 100 1 3 1 2 4
664 215 620 0  71 1 3 1 2 4
665 214 395 0  96 1 3 1 2 4
666 558 834 0  29 1 3 1 2 4
667 725 210 0  18 1 3 1 2 4
668 843 309 0  63 1 3 1 2 4
669 958 532 0  58 1 3 1 2 4
670 226 957 0  55 1 3 1 2 4
671 109 651 0  91 1 3 1 2 4
672 744 884 0  84 1 3 1 2 4
673 624 726 0  92 1 3 1 2 4
674 807 233 0  51 1 3 1 2 4
675 125 843 0   9 1 3 1 2 4
676 234 885 0  47 1 3 1 2 4
677 555 566 0  38 1 3 1 2 4
678 540 158 0  47 1 3 1 2 4
679 543 712 0  12 1 3 1 2 4
680 277 860 0  76 1 3 1 2 4
681 531 501 0  12 1 3 1 2 4
682 860 235 0  93 1 3 1 2 4
683 654 883 0  94 1 3 1 2 4
684 802 963 0  36 1 3 1 2 4
685  53 608 0  30 1 3 1 2 4
686 517 679 0   9 1 3 1 2 4
687 600 519 0  58 1 3 1 2 4
688 970 739 0  27 1 3 1 2 4
689 166 728 0  38 1 3 1 2 4
690 764 563 0  91 1 3 1 2 4
691 448 989 0  85 1 3 1 2 4
692 650 292 0  13 1 3 1 2 4
693 561 759 0  14 1 3 1 2 4
694 559 310 0  26 1 3 1 2 4
695 776 562 0   4 1 3 1 2 4
696 835 754 0  76 1 3 1 2 4
697 949 924 0  20 1 3 1 2 4
698  46 431 0  80 1 3 1 2 4
699 288 581 0  88 1 3 1 2 4
700 232 503 0  34 1 3 1 2 4
701  55  88 0  45 1 3 1 2 4
702 902 919 0  80 1 3 1 2 4
703 958  32 0  41 1 3 1 2 4
704  86 632 0  83 1 3 1 2 4
705 605 973 0  41 1 3 1 2 4
706  60 500 0  46 1 3 1 2 4
707 284 220 0  26 1 3 1 2 4
708 709 744 0 100 1 3 1 2 4
709 804  47 0  37 1 3 1 2 4
710 735 394 0  66 1 3 1 2 4
711 780 245 0  41 1 3 1 2 4
712 998 668 0  61 1 3 1 2 4
713 924 957 0  37 1 3 1 2 4
714 842 592 0  60 1 3 1 2 4
715 482 788 0  67 1 3 1 2 4
716 601  13 0  30 1 3 1 2 4
717 270 972 0  26 1 3 1 2 4
718 345 451 0  94 1 3 1 2 4
719 735 197 0  55 1 3 1 2 4
720 986 202 0  14 1 3 1 2 4
721 621 450 0  98 1 3 1 2 4
722 266 991 0  66 1 3 1 2 4
723 587 344 0  82 1 3 1 2 4
724 850 541 0   3 1 3 1 2 4
725 737  85 0  77 1 3 1 2 4
726 275 629 0  42 1 3 1 2 4
727 483 108 0  71 1 3 1 2 4
728 813 970 0  18 1 3 1 2 4
729 386 144 0  48 1 3 1 2 4
730  27 378 0  36 1 3 1 2 4
731 305 476 0  55 1 3 1 2 4
732 388 321 0  32 1 3 1 2 4
733 269 402 0  11 1 3 1 2 4
734 643 907 0  90 1 3 1 2 4
735 403 525 0  54 1 3 1 2 4
736  87 582 0  74 1 3 1 2 4
737 278 125 0  11 1 3 1 2 4
738 805 416 0  71 1 3 1 2 4
739 910 485 0  29 1 3 1 2 4
740 800 679 0  15 1 3 1 2 4
741 548 198 0  82 1 3 1 2 4
742 851   4 0  11 1 3 1 2 4
743 593 935 0  55 1 3 1 2 4
744 598 458 0  12 1 3 1 2 4
745  21 468 0  97 1 3 1 2 4
746 954 623 0  67 1 3 1 2 4
747  43 424 0  23 1 3 1 2 4
748 428 117 0  93 1 3 1 2 4
749 785  51 0  94 1 3 1 2 4
750 946 522 0  32 1 3 1 2 4
751 715 228 0  12 1 3 1 2 4
752 999 728 0   8 1 3 1 2 4
753  20 644 0  34 1 3 1 2 4
754 222 894 0  17 1 3 1 2 4
755 538 377 0  89 1 3 1 2 4
756 469  34 0  75 1 3 1 2 4
757 513 647 0  24 1 3 1 2 4
758 159  92 0  66 1 3 1 2 4
759 815 211 0  17 1 3 1 2 4
760  95 698 0  86 1 3 1 2 4
761 912  62 0  59 1 3 1 2 4
762 883 119 0  79 1 3 1 2 4
763 284 468 0  78 1 3 1 2 4
764 521 617 0  97 1 3 1 2 4
765 398 780 0  93 1 3 1 2 4
766 193 812 0  48 1 3 1 2 4
767 713 407 0  72 1 3 1 2 4
768 712 653 0  89 1 3 1 2 4
769 434 725 0   2 1 3 1 2 4
770 585 608 0  48 1 3 1 2 4
771 423 719 0  88 1 3 1 2 4
772 786 403 0  35 1 3 1 2 4
773 433 715 0  73 1 3 1 2 4
774 120 156 0  85 1 3 1 2 4
775 566 694 0  22 1 3 1 2 4
776 668 996 0  83 1 3 1 2 4
777 592 627 0  96 1 3 1 2 4
778 147 127 0  62 1 3 1 2 4
779 538 435 0  41 1 3 1 2 4
780  55  23 0  98 1 3 1 2 4
781 516 489 0  35 1 3 1 2 4
782  83 947 0  10 1 3 1 2 4
783 803 181 0  40 1 3 1 2 4
784 376 126 0   6 1 3 1 2 4
785 896  29 0  76 1 3 1 2 4
786 395 902 0  22 1 3 1 2 4
787 708 188 0  83 1 3 1 2 4
788 196 432 0   3 1 3 1 2 4
789 955 775 0  54 1 3 1 2 4
790 355 979 0  16 1 3 1 2 4
791 275 681 0  11 1 3 1 2 4
792 159 552 0  73 1 3 1 2 4
793 139 869 0  55 1 3 1 2 4
794 234 545 0  58 1 3 1 2 4
795 574 889 0   3 1 3 1 2 4
796  76 576 0  21 1 3 1 2 4
797 323 141 0  13 1 3 1 2 4
798 747 209 0  81 1 3 1 2 4
799 656 428 0  31 1 3 1 2 4
800 718 587 0  17 1 3 1 2 4
801  35 731 0  70 1 3 1 2 4
802 318 345 0  93 1 3 1 2 4
803  52 723 0  77 1 3 1 2 4
804 157 937 0  20 1 3 1 2 4
805  97 623 0 100 1 3 1 2 4
806 758 515 0  33 1 3 1 2 4
807 137 944 0  92 1 3 1 2 4
808 328  87 0  66 1 3 1 2 4
809  77 330 0  62 1 3 1 2 4
810  70 164 0   6 1 3 1 2 4
811 675 516 0  21 1 3 1 2 4
812   4  32 0  38 1 3 1 2 4
813 803 209 0  71 1 3 1 2 4
814 601 432 0  84 1 3 1 2 4
815 460 706 0  22 1 3 1 2 4
816 993 838 0  91 1 3 1 2 4
817 324 415 0  54 1 3 1 2 4
818 748 786 0  30 1 3 1 2 4
819 334 139 0   2 1 3 1 2 4
820 927 509 0  36 1 3 1 2 4
821 530 310 0  29 1 3 1 2 4
822 950   0 0  47 1 3 1 2 4
823  67 228 0  14 1 3 1 2 4
824 163 530 0  82 1 3 1 2 4
825 684 329 0  89 1 3 1 2 4
826 796 742 0  96 1 3 1 2 4
827  42 287 0  12 1 3 1 2 4
828  85 354 0  34 1 3 1 2 4
829  71 868 0  73 1 3 1 2 4
830 364 228 0  55 1 3 1 2 4
831 623 813 0   9 1 3 1 2 4
832 990 594 0  25 1 3 1 2 4
833 794 595 0  12 1 3 1 2 4
834 659 171 0  99 1 3 1 2 4
835 899 138 0  87 1 3 1 2 4
836 279 926 0   8 1 3 1 2 4
837 520 571 0  50 1 3 1 2 4
838 676 657 0  34 1 3 1 2 4
839 755 954 0  20 1 3 1 2 4
840 907 222 0  51 1 3 1 2 4
841 401 808 0  19 1 3 1 2 4
842 273 401 0  83 1 3 1 2 4
843  79 463 0  51 1 3 1 2 4
844 709 955 0  91 1 3 1 2 4
845 755 501 0  61 1 3 1 2 4
846 444  37 0   2 1 3 1 2 4
847 194 388 0  68 1 3 1 2 4
848 418 578 0  66 1 3 1 2 4
849 823 812 0  12 1 3 1 2 4
850 948  47 0  21 1 3 1 2 4
851 737 916 0  12 1 3 1 2 4
852 945 724 0  17 1 3 1 2 4
853 847 698 0  52 1 3 1 2 4
854 480 332 0  14 1 3 1 2 4
855 727   1 0   8 1 3 1 2 4
856 407 886 0  83 1 3 1 2 4
857 340 282 0  23 1 3 1 2 4
858 856 842 0  97 1 3 1 2 4
859 850 679 0  99 1 3 1 2 4
860  23 908 0  93 1 3 1 2 4
861 932  57 0  68 1 3 1 2 4
862  54 843 0  53 1 3 1 2 4
863 429 867 0  64 1 3 1 2 4
864 950 182 0  47 1 3 1 2 4
865  50 779 0  73 1 3 1 2 4
866 904 833 0  89 1 3 1 2 4
867  97 924 0  16 1 3 1 2 4
868  25 569 0  58 1 3 1 2 4
869  63 779 0  89 1 3 1 2 4
870 860 143 0  43 1 3 1 2 4
871 850 159 0  47 1 3 1 2 4
872 481 209 0  75 1 3 1 2 4
873 803 310 0  71 1 3 1 2 4
874 381 762 0  12 1 3 1 2 4
875 762 411 0  90 1 3 1 2 4
876 844 447 0  61 1 3 1 2 4
877 495 535 0  92 1 3 1 2 4
878  22 494 0  45 1 3 1 2 4
879 907 907 0  19 1 3 1 2 4
880 766 138 0  62 1 3 1 2 4
881 536 415 0  41 1 3 1 2 4
882 757 105 0  76 1 3 1 2 4
883 371 182 0  66 1 3 1 2 4
884 640 789 0  57 1 3 1 2 4
885 958 866 0  15 1 3 1 2 4
886 123 545 0  37 1 3 1 2 4
887 481 587 0   2 1 3 1 2 4
888 623 180 0  29 1 3 1 2 4
889 494 188 0  65 1 3 1 2 4
890 124 618 0  49 1 3 1 2 4
891 368 754 0  47 1 3 1 2 4
892 357 672 0  52 1 3 1 2 4
893 687 100 0  51 1 3 1 2 4
894 554 681 0  58 1 3 1 2 4
895 918 235 0  26 1 3 1 2 4
896  92 682 0  92 1 3 1 2 4
897 802  47 0  99 1 3 1 2 4
898 604  20 0  64 1 3 1 2 4
899 624 464 0  29 1 3 1 2 4
900 504 105 0  57 1 3 1 2 4
901 393 489 0  88 1 3 1 2 4
902 396   6 0  39 1 3 1 2 4
903 367 431 0  92 1 3 1 2 4
904 510 929 0  58 1 3 1 2 4
905 343 547 0  61 1 3 1 2 4
906 842 505 0 100 1 3 1 2 4
907 242 766 0  42 1 3 1 2 4
908 810  94 0  35 1 3 1 2 4
909  59 894 0  45 1 3 1 2 4
910 240 495 0  99 1 3 1 2 4
911 861 834 0  89 1 3 1 2 4
912 497 572 0   1 1 3 1 2 4
913 799 902 0  32 1 3 1 2 4
914 314 670 0  83 1 3 1 2 4
915 474 904 0  86 1 3 1 2 4
916 565 710 0  23 1 3 1 2 4
917 749 641 0  24 1 3 1 2 4
918 978 685 0  58 1 3 1 2 4
919 350 984 0   8 1 3 1 2 4
920 298 690 0  93 1 3 1 2 4
921 320 957 0  59 1 3 1 2 4
922  44   0 0  81 1 3 1 2 4
923 885 675 0  31 1 3 1 2 4
924 575 790 0   0 0 0
925 127 481 0   0 0 0
926 626 671 0   0 0 0
