2 124 1024 6
0 240
0 240
0 240
0 240
0 240
0 240
   1 511 232 0  70 1 6 1 2 4 8 16 32
   2 344 344 0  52 1 6 1 2 4 8 16 32
   3 219 660 0  60 1 6 1 2 4 8 16 32
   4 818 608 0  69 1 6 1 2 4 8 16 32
   5 133 766 0  47 1 6 1 2 4 8 16 32
   6 642 657 0  99 1 6 1 2 4 8 16 32
   7  80 313 0  12 1 6 1 2 4 8 16 32
   8  75 539 0  23 1 6 1 2 4 8 16 32
   9  87 600 0  75 1 6 1 2 4 8 16 32
  10 450 793 0   3 1 6 1 2 4 8 16 32
  11 736 107 0  41 1 6 1 2 4 8 16 32
  12 346 502 0  44 1 6 1 2 4 8 16 32
  13 124 901 0  94 1 6 1 2 4 8 16 32
  14 155 865 0  34 1 6 1 2 4 8 16 32
  15 662 438 0  37 1 6 1 2 4 8 16 32
  16 976 897 0  36 1 6 1 2 4 8 16 32
  17 129 376 0  24 1 6 1 2 4 8 16 32
  18 642 964 0  40 1 6 1 2 4 8 16 32
  19 490 132 0   5 1 6 1 2 4 8 16 32
  20 295 465 0  41 1 6 1 2 4 8 16 32
  21 977 238 0  43 1 6 1 2 4 8 16 32
  22 832 131 0  40 1 6 1 2 4 8 16 32
  23 916 858 0  54 1 6 1 2 4 8 16 32
  24 347 425 0  54 1 6 1 2 4 8 16 32
  25 321   9 0   1 1 6 1 2 4 8 16 32
  26 423 581 0  14 1 6 1 2 4 8 16 32
  27 924 871 0 100 1 6 1 2 4 8 16 32
  28 764 865 0  49 1 6 1 2 4 8 16 32
  29 250 322 0  26 1 6 1 2 4 8 16 32
  30 929  64 0  61 1 6 1 2 4 8 16 32
  31 888 182 0  33 1 6 1 2 4 8 16 32
  32 599 987 0  56 1 6 1 2 4 8 16 32
  33 439 511 0  86 1 6 1 2 4 8 16 32
  34 652 706 0  79 1 6 1 2 4 8 16 32
  35 630 114 0   4 1 6 1 2 4 8 16 32
  36 761 332 0  58 1 6 1 2 4 8 16 32
  37 463 529 0  76 1 6 1 2 4 8 16 32
  38 578 882 0   7 1 6 1 2 4 8 16 32
  39  85 946 0  90 1 6 1 2 4 8 16 32
  40  97 277 0  65 1 6 1 2 4 8 16 32
  41 726 560 0  61 1 6 1 2 4 8 16 32
  42 235 900 0  11 1 6 1 2 4 8 16 32
  43 321 674 0  54 1 6 1 2 4 8 16 32
  44  62 438 0  55 1 6 1 2 4 8 16 32
  45 873 741 0  47 1 6 1 2 4 8 16 32
  46 462 123 0  21 1 6 1 2 4 8 16 32
  47 420 748 0  76 1 6 1 2 4 8 16 32
  48 129 969 0   1 1 6 1 2 4 8 16 32
  49 301 717 0  63 1 6 1 2 4 8 16 32
  50 346 833 0  83 1 6 1 2 4 8 16 32
  51 944 139 0   7 1 6 1 2 4 8 16 32
  52 392 910 0   2 1 6 1 2 4 8 16 32
  53 605 123 0  73 1 6 1 2 4 8 16 32
  54 898 583 0  56 1 6 1 2 4 8 16 32
  55 560 570 0   2 1 6 1 2 4 8 16 32
  56 856 191 0  31 1 6 1 2 4 8 16 32
  57 922 545 0  37 1 6 1 2 4 8 16 32
  58 703 868 0  18 1 6 1 2 4 8 16 32
  59  90 951 0  63 1 6 1 2 4 8 16 32
  60 604 554 0  44 1 6 1 2 4 8 16 32
  61 264 806 0  94 1 6 1 2 4 8 16 32
  62 649 402 0  13 1 6 1 2 4 8 16 32
  63 264 457 0  44 1 6 1 2 4 8 16 32
  64 286  48 0  48 1 6 1 2 4 8 16 32
  65   0 924 0  19 1 6 1 2 4 8 16 32
  66 229 322 0   9 1 6 1 2 4 8 16 32
  67 460 231 0  63 1 6 1 2 4 8 16 32
  68 749 200 0  47 1 6 1 2 4 8 16 32
  69 293 305 0  84 1 6 1 2 4 8 16 32
  70 895 480 0  90 1 6 1 2 4 8 16 32
  71 986 381 0  37 1 6 1 2 4 8 16 32
  72 214 817 0  76 1 6 1 2 4 8 16 32
  73 413 172 0  14 1 6 1 2 4 8 16 32
  74 979 840 0  83 1 6 1 2 4 8 16 32
  75 673   7 0  10 1 6 1 2 4 8 16 32
  76 387 646 0  33 1 6 1 2 4 8 16 32
  77 241  99 0  14 1 6 1 2 4 8 16 32
  78 613 603 0  94 1 6 1 2 4 8 16 32
  79 253 603 0  28 1 6 1 2 4 8 16 32
  80 312 439 0  23 1 6 1 2 4 8 16 32
  81 725 278 0  64 1 6 1 2 4 8 16 32
  82 994 613 0  19 1 6 1 2 4 8 16 32
  83 564 546 0  28 1 6 1 2 4 8 16 32
  84 262 882 0  63 1 6 1 2 4 8 16 32
  85 350 369 0  19 1 6 1 2 4 8 16 32
  86 362 359 0  64 1 6 1 2 4 8 16 32
  87 767 915 0  77 1 6 1 2 4 8 16 32
  88 348 285 0   2 1 6 1 2 4 8 16 32
  89  82 407 0  45 1 6 1 2 4 8 16 32
  90 653 601 0  95 1 6 1 2 4 8 16 32
  91 687 524 0  79 1 6 1 2 4 8 16 32
  92 489 253 0  26 1 6 1 2 4 8 16 32
  93  59  37 0  47 1 6 1 2 4 8 16 32
  94 449 663 0  24 1 6 1 2 4 8 16 32
  95  24 622 0  92 1 6 1 2 4 8 16 32
  96 851 190 0  67 1 6 1 2 4 8 16 32
  97  57 346 0  34 1 6 1 2 4 8 16 32
  98 272 852 0  61 1 6 1 2 4 8 16 32
  99 526 297 0  73 1 6 1 2 4 8 16 32
 100 378 581 0  16 1 6 1 2 4 8 16 32
 101 186 255 0  45 1 6 1 2 4 8 16 32
 102 209 251 0  48 1 6 1 2 4 8 16 32
 103 835   9 0  41 1 6 1 2 4 8 16 32
 104  69 365 0  41 1 6 1 2 4 8 16 32
 105 725 557 0  69 1 6 1 2 4 8 16 32
 106 387 107 0  43 1 6 1 2 4 8 16 32
 107 943 127 0  27 1 6 1 2 4 8 16 32
 108 899 865 0  10 1 6 1 2 4 8 16 32
 109 704 534 0  39 1 6 1 2 4 8 16 32
 110 105   9 0  41 1 6 1 2 4 8 16 32
 111 745 921 0  25 1 6 1 2 4 8 16 32
 112 351 583 0  89 1 6 1 2 4 8 16 32
 113 709 788 0  64 1 6 1 2 4 8 16 32
 114  45 498 0  92 1 6 1 2 4 8 16 32
 115 372 275 0  47 1 6 1 2 4 8 16 32
 116 636 742 0   8 1 6 1 2 4 8 16 32
 117 843 951 0  98 1 6 1 2 4 8 16 32
 118 268 257 0  70 1 6 1 2 4 8 16 32
 119 800 880 0  79 1 6 1 2 4 8 16 32
 120 884 394 0  63 1 6 1 2 4 8 16 32
 121 391 717 0  96 1 6 1 2 4 8 16 32
 122 273 556 0  56 1 6 1 2 4 8 16 32
 123 565  71 0  59 1 6 1 2 4 8 16 32
 124 564 724 0  39 1 6 1 2 4 8 16 32
 125 298 906 0   1 1 6 1 2 4 8 16 32
 126 742 205 0  80 1 6 1 2 4 8 16 32
 127  78 224 0   1 1 6 1 2 4 8 16 32
 128  20 258 0  64 1 6 1 2 4 8 16 32
 129 530 901 0  75 1 6 1 2 4 8 16 32
 130 624 866 0  53 1 6 1 2 4 8 16 32
 131 195 878 0  13 1 6 1 2 4 8 16 32
 132 338 251 0  86 1 6 1 2 4 8 16 32
 133 419 106 0  71 1 6 1 2 4 8 16 32
 134 741 227 0  46 1 6 1 2 4 8 16 32
 135 291 772 0  35 1 6 1 2 4 8 16 32
 136 931 374 0  15 1 6 1 2 4 8 16 32
 137 463 522 0   1 1 6 1 2 4 8 16 32
 138 121  36 0  68 1 6 1 2 4 8 16 32
 139 194 850 0  82 1 6 1 2 4 8 16 32
 140 711 155 0  93 1 6 1 2 4 8 16 32
 141 350 849 0   6 1 6 1 2 4 8 16 32
 142 694 761 0  73 1 6 1 2 4 8 16 32
 143  21 789 0  83 1 6 1 2 4 8 16 32
 144 126 988 0  75 1 6 1 2 4 8 16 32
 145 435 168 0   8 1 6 1 2 4 8 16 32
 146 138 175 0  90 1 6 1 2 4 8 16 32
 147  10 492 0  11 1 6 1 2 4 8 16 32
 148 949 801 0   2 1 6 1 2 4 8 16 32
 149 176 163 0  98 1 6 1 2 4 8 16 32
 150 281 626 0  94 1 6 1 2 4 8 16 32
 151 328 562 0  40 1 6 1 2 4 8 16 32
 152 364 751 0  94 1 6 1 2 4 8 16 32
 153 556 465 0   4 1 6 1 2 4 8 16 32
 154 801 572 0   4 1 6 1 2 4 8 16 32
 155 743 843 0  23 1 6 1 2 4 8 16 32
 156 825 660 0  78 1 6 1 2 4 8 16 32
 157 467 779 0  17 1 6 1 2 4 8 16 32
 158 165 265 0  17 1 6 1 2 4 8 16 32
 159 708 992 0  45 1 6 1 2 4 8 16 32
 160 681 475 0  54 1 6 1 2 4 8 16 32
 161 469 286 0  70 1 6 1 2 4 8 16 32
 162 500 278 0  92 1 6 1 2 4 8 16 32
 163 378 525 0  31 1 6 1 2 4 8 16 32
 164 188 117 0  62 1 6 1 2 4 8 16 32
 165 160 287 0  50 1 6 1 2 4 8 16 32
 166  38  86 0  51 1 6 1 2 4 8 16 32
 167 607 753 0 100 1 6 1 2 4 8 16 32
 168 245 138 0  38 1 6 1 2 4 8 16 32
 169 212 686 0  84 1 6 1 2 4 8 16 32
 170  97 321 0 100 1 6 1 2 4 8 16 32
 171 665 363 0  32 1 6 1 2 4 8 16 32
 172 938 278 0  28 1 6 1 2 4 8 16 32
 173 240 611 0  85 1 6 1 2 4 8 16 32
 174 873 424 0  16 1 6 1 2 4 8 16 32
 175  79 967 0  23 1 6 1 2 4 8 16 32
 176 986 785 0  70 1 6 1 2 4 8 16 32
 177 262 383 0  33 1 6 1 2 4 8 16 32
 178 629 781 0  99 1 6 1 2 4 8 16 32
 179 731 215 0  91 1 6 1 2 4 8 16 32
 180 646 460 0  55 1 6 1 2 4 8 16 32
 181 766 194 0  18 1 6 1 2 4 8 16 32
 182 321 186 0  21 1 6 1 2 4 8 16 32
 183 204 168 0  40 1 6 1 2 4 8 16 32
 184 142 564 0  14 1 6 1 2 4 8 16 32
 185 413 725 0  74 1 6 1 2 4 8 16 32
 186 565 886 0  19 1 6 1 2 4 8 16 32
 187 993 898 0  79 1 6 1 2 4 8 16 32
 188 490 327 0  72 1 6 1 2 4 8 16 32
 189 804 434 0  49 1 6 1 2 4 8 16 32
 190 155 823 0  75 1 6 1 2 4 8 16 32
 191 729 433 0  28 1 6 1 2 4 8 16 32
 192 717 566 0   4 1 6 1 2 4 8 16 32
 193  78 510 0  78 1 6 1 2 4 8 16 32
 194 182 872 0  49 1 6 1 2 4 8 16 32
 195 920 708 0  92 1 6 1 2 4 8 16 32
 196 913 532 0   6 1 6 1 2 4 8 16 32
 197 594 304 0  56 1 6 1 2 4 8 16 32
 198 844 412 0  24 1 6 1 2 4 8 16 32
 199 477 744 0   4 1 6 1 2 4 8 16 32
 200 714 874 0  58 1 6 1 2 4 8 16 32
 201 442 525 0  15 1 6 1 2 4 8 16 32
 202  36 367 0  66 1 6 1 2 4 8 16 32
 203 500 332 0  71 1 6 1 2 4 8 16 32
 204 419 587 0   7 1 6 1 2 4 8 16 32
 205 805 623 0  81 1 6 1 2 4 8 16 32
 206 186 439 0  59 1 6 1 2 4 8 16 32
 207 182 855 0  42 1 6 1 2 4 8 16 32
 208 899 731 0  14 1 6 1 2 4 8 16 32
 209 986 295 0  95 1 6 1 2 4 8 16 32
 210 176 965 0  24 1 6 1 2 4 8 16 32
 211 226 579 0  32 1 6 1 2 4 8 16 32
 212 634 272 0  11 1 6 1 2 4 8 16 32
 213 145 823 0   6 1 6 1 2 4 8 16 32
 214 521 693 0  37 1 6 1 2 4 8 16 32
 215 231 605 0  55 1 6 1 2 4 8 16 32
 216 229 428 0  78 1 6 1 2 4 8 16 32
 217 531 425 0  35 1 6 1 2 4 8 16 32
 218  91 438 0  78 1 6 1 2 4 8 16 32
 219 691 173 0  94 1 6 1 2 4 8 16 32
 220 823  55 0  11 1 6 1 2 4 8 16 32
 221 932 765 0  80 1 6 1 2 4 8 16 32
 222 144 469 0  86 1 6 1 2 4 8 16 32
 223  53 845 0  88 1 6 1 2 4 8 16 32
 224  99  95 0  11 1 6 1 2 4 8 16 32
 225 845 428 0  61 1 6 1 2 4 8 16 32
 226 144 433 0  85 1 6 1 2 4 8 16 32
 227 661 796 0  61 1 6 1 2 4 8 16 32
 228 737 678 0  44 1 6 1 2 4 8 16 32
 229 728 813 0  35 1 6 1 2 4 8 16 32
 230 819 724 0  26 1 6 1 2 4 8 16 32
 231 938 389 0  33 1 6 1 2 4 8 16 32
 232 751 556 0  92 1 6 1 2 4 8 16 32
 233 115 373 0   4 1 6 1 2 4 8 16 32
 234 370 402 0  70 1 6 1 2 4 8 16 32
 235 425 649 0  37 1 6 1 2 4 8 16 32
 236 459 908 0  17 1 6 1 2 4 8 16 32
 237 261 135 0  42 1 6 1 2 4 8 16 32
 238 758 911 0  25 1 6 1 2 4 8 16 32
 239 308 163 0  96 1 6 1 2 4 8 16 32
 240 883 927 0  19 1 6 1 2 4 8 16 32
 241 222 907 0  26 1 6 1 2 4 8 16 32
 242 641 713 0  63 1 6 1 2 4 8 16 32
 243 419 468 0  22 1 6 1 2 4 8 16 32
 244 840 861 0  52 1 6 1 2 4 8 16 32
 245 748 516 0   4 1 6 1 2 4 8 16 32
 246 840 610 0  52 1 6 1 2 4 8 16 32
 247  48 965 0  67 1 6 1 2 4 8 16 32
 248 488 492 0  32 1 6 1 2 4 8 16 32
 249 329 909 0   1 1 6 1 2 4 8 16 32
 250 197 718 0  71 1 6 1 2 4 8 16 32
 251 252 976 0  15 1 6 1 2 4 8 16 32
 252 818 917 0  80 1 6 1 2 4 8 16 32
 253  44 544 0  85 1 6 1 2 4 8 16 32
 254  90 927 0  12 1 6 1 2 4 8 16 32
 255 467 337 0  41 1 6 1 2 4 8 16 32
 256 939 265 0  75 1 6 1 2 4 8 16 32
 257 220 167 0  93 1 6 1 2 4 8 16 32
 258  18 779 0  83 1 6 1 2 4 8 16 32
 259 494 406 0  27 1 6 1 2 4 8 16 32
 260 756 546 0  50 1 6 1 2 4 8 16 32
 261 994 607 0  23 1 6 1 2 4 8 16 32
 262 345 563 0  12 1 6 1 2 4 8 16 32
 263 510 938 0  19 1 6 1 2 4 8 16 32
 264 396 672 0  66 1 6 1 2 4 8 16 32
 265 988 796 0  46 1 6 1 2 4 8 16 32
 266 262 899 0   5 1 6 1 2 4 8 16 32
 267 209 883 0  11 1 6 1 2 4 8 16 32
 268 378 519 0  65 1 6 1 2 4 8 16 32
 269 800 799 0  72 1 6 1 2 4 8 16 32
 270 441 945 0  92 1 6 1 2 4 8 16 32
 271 166 991 0   2 1 6 1 2 4 8 16 32
 272 142 147 0  59 1 6 1 2 4 8 16 32
 273 409  75 0  79 1 6 1 2 4 8 16 32
 274 834 373 0  78 1 6 1 2 4 8 16 32
 275 628 876 0  46 1 6 1 2 4 8 16 32
 276 598 298 0  69 1 6 1 2 4 8 16 32
 277 493 208 0  82 1 6 1 2 4 8 16 32
 278 543 986 0  26 1 6 1 2 4 8 16 32
 279  50 764 0  35 1 6 1 2 4 8 16 32
 280 686 591 0  47 1 6 1 2 4 8 16 32
 281 926 796 0  32 1 6 1 2 4 8 16 32
 282 496 831 0  20 1 6 1 2 4 8 16 32
 283 242 319 0  84 1 6 1 2 4 8 16 32
 284 616 488 0  23 1 6 1 2 4 8 16 32
 285 218 183 0  36 1 6 1 2 4 8 16 32
 286 828 301 0   1 1 6 1 2 4 8 16 32
 287 510 955 0  57 1 6 1 2 4 8 16 32
 288 538 370 0   7 1 6 1 2 4 8 16 32
 289 925 898 0  10 1 6 1 2 4 8 16 32
 290 546 617 0  34 1 6 1 2 4 8 16 32
 291 216 804 0  72 1 6 1 2 4 8 16 32
 292 506 768 0  41 1 6 1 2 4 8 16 32
 293 160 967 0  88 1 6 1 2 4 8 16 32
 294  94 597 0  58 1 6 1 2 4 8 16 32
 295 900 705 0  49 1 6 1 2 4 8 16 32
 296 512 708 0   1 1 6 1 2 4 8 16 32
 297 520 436 0  32 1 6 1 2 4 8 16 32
 298 585 572 0  79 1 6 1 2 4 8 16 32
 299 153 712 0  67 1 6 1 2 4 8 16 32
 300 712  90 0  30 1 6 1 2 4 8 16 32
 301 250 241 0  51 1 6 1 2 4 8 16 32
 302 316 732 0  24 1 6 1 2 4 8 16 32
 303 782 661 0  59 1 6 1 2 4 8 16 32
 304 235 487 0  86 1 6 1 2 4 8 16 32
 305 993 688 0  70 1 6 1 2 4 8 16 32
 306 445 218 0  54 1 6 1 2 4 8 16 32
 307  68 511 0  80 1 6 1 2 4 8 16 32
 308 240 738 0   8 1 6 1 2 4 8 16 32
 309 496 132 0  75 1 6 1 2 4 8 16 32
 310 625 261 0  27 1 6 1 2 4 8 16 32
 311 545 817 0  71 1 6 1 2 4 8 16 32
 312 933 892 0  66 1 6 1 2 4 8 16 32
 313 772 260 0  56 1 6 1 2 4 8 16 32
 314 116 927 0  25 1 6 1 2 4 8 16 32
 315  32 301 0  27 1 6 1 2 4 8 16 32
 316 754 957 0  83 1 6 1 2 4 8 16 32
 317  15 606 0  26 1 6 1 2 4 8 16 32
 318 846 368 0  60 1 6 1 2 4 8 16 32
 319 642 576 0  20 1 6 1 2 4 8 16 32
 320 573 811 0  66 1 6 1 2 4 8 16 32
 321 554 147 0  25 1 6 1 2 4 8 16 32
 322 944 889 0  52 1 6 1 2 4 8 16 32
 323 416 552 0  61 1 6 1 2 4 8 16 32
 324 268 195 0  54 1 6 1 2 4 8 16 32
 325 728   2 0  41 1 6 1 2 4 8 16 32
 326 510 588 0  51 1 6 1 2 4 8 16 32
 327 140 554 0  51 1 6 1 2 4 8 16 32
 328 825 953 0  26 1 6 1 2 4 8 16 32
 329 880 152 0  10 1 6 1 2 4 8 16 32
 330 915 344 0  13 1 6 1 2 4 8 16 32
 331 751 995 0  42 1 6 1 2 4 8 16 32
 332 698 613 0 100 1 6 1 2 4 8 16 32
 333 787 964 0  15 1 6 1 2 4 8 16 32
 334 412 614 0  55 1 6 1 2 4 8 16 32
 335  75 144 0  40 1 6 1 2 4 8 16 32
 336 787 627 0  77 1 6 1 2 4 8 16 32
 337 419  62 0  39 1 6 1 2 4 8 16 32
 338  36 859 0  40 1 6 1 2 4 8 16 32
 339 537 875 0   4 1 6 1 2 4 8 16 32
 340  63  17 0  61 1 6 1 2 4 8 16 32
 341 532 787 0  27 1 6 1 2 4 8 16 32
 342 364 306 0  29 1 6 1 2 4 8 16 32
 343 854 320 0  73 1 6 1 2 4 8 16 32
 344 426 216 0  88 1 6 1 2 4 8 16 32
 345 977 709 0  75 1 6 1 2 4 8 16 32
 346 876 516 0  49 1 6 1 2 4 8 16 32
 347 819 773 0  98 1 6 1 2 4 8 16 32
 348 866 741 0  49 1 6 1 2 4 8 16 32
 349 451 318 0  60 1 6 1 2 4 8 16 32
 350 871 515 0  64 1 6 1 2 4 8 16 32
 351 209 929 0  21 1 6 1 2 4 8 16 32
 352 346 139 0  74 1 6 1 2 4 8 16 32
 353 209 370 0  86 1 6 1 2 4 8 16 32
 354 519 727 0  10 1 6 1 2 4 8 16 32
 355 376 881 0  43 1 6 1 2 4 8 16 32
 356 164  57 0  59 1 6 1 2 4 8 16 32
 357 704 952 0  87 1 6 1 2 4 8 16 32
 358 670 962 0  86 1 6 1 2 4 8 16 32
 359 779 587 0  97 1 6 1 2 4 8 16 32
 360 696 716 0  44 1 6 1 2 4 8 16 32
 361 395  51 0  61 1 6 1 2 4 8 16 32
 362 657 577 0 100 1 6 1 2 4 8 16 32
 363 318 805 0   9 1 6 1 2 4 8 16 32
 364  24 307 0  33 1 6 1 2 4 8 16 32
 365 621 146 0  49 1 6 1 2 4 8 16 32
 366 347 675 0  98 1 6 1 2 4 8 16 32
 367 298 998 0  15 1 6 1 2 4 8 16 32
 368 580 247 0  80 1 6 1 2 4 8 16 32
 369  20 458 0  26 1 6 1 2 4 8 16 32
 370 805  90 0  49 1 6 1 2 4 8 16 32
 371 631  31 0  91 1 6 1 2 4 8 16 32
 372 174  62 0  39 1 6 1 2 4 8 16 32
 373 841 313 0  84 1 6 1 2 4 8 16 32
 374 367 900 0  53 1 6 1 2 4 8 16 32
 375 546  75 0  69 1 6 1 2 4 8 16 32
 376 861 269 0  65 1 6 1 2 4 8 16 32
 377 652 333 0  94 1 6 1 2 4 8 16 32
 378 194 196 0  48 1 6 1 2 4 8 16 32
 379 789 519 0  91 1 6 1 2 4 8 16 32
 380 339 663 0  51 1 6 1 2 4 8 16 32
 381 144 181 0  29 1 6 1 2 4 8 16 32
 382 978 842 0  48 1 6 1 2 4 8 16 32
 383  53 136 0  37 1 6 1 2 4 8 16 32
 384 215 706 0  17 1 6 1 2 4 8 16 32
 385 142 990 0  58 1 6 1 2 4 8 16 32
 386 915 223 0   4 1 6 1 2 4 8 16 32
 387 655 264 0  22 1 6 1 2 4 8 16 32
 388 792 213 0  12 1 6 1 2 4 8 16 32
 389 384 919 0  68 1 6 1 2 4 8 16 32
 390 347 162 0  70 1 6 1 2 4 8 16 32
 391 393 344 0  84 1 6 1 2 4 8 16 32
 392 982 524 0  36 1 6 1 2 4 8 16 32
 393 863 271 0  92 1 6 1 2 4 8 16 32
 394 138 315 0  71 1 6 1 2 4 8 16 32
 395  29 488 0  43 1 6 1 2 4 8 16 32
 396 720  35 0  26 1 6 1 2 4 8 16 32
 397  76 374 0  11 1 6 1 2 4 8 16 32
 398 895 994 0   5 1 6 1 2 4 8 16 32
 399 599 598 0  13 1 6 1 2 4 8 16 32
 400 117 389 0  21 1 6 1 2 4 8 16 32
 401  27 737 0  77 1 6 1 2 4 8 16 32
 402 400   7 0   2 1 6 1 2 4 8 16 32
 403  77 684 0  46 1 6 1 2 4 8 16 32
 404 163  26 0  81 1 6 1 2 4 8 16 32
 405 971 432 0   5 1 6 1 2 4 8 16 32
 406  54 967 0  35 1 6 1 2 4 8 16 32
 407 514 228 0  57 1 6 1 2 4 8 16 32
 408 563 105 0   1 1 6 1 2 4 8 16 32
 409 239 767 0  28 1 6 1 2 4 8 16 32
 410 856 874 0  77 1 6 1 2 4 8 16 32
 411 285 581 0  66 1 6 1 2 4 8 16 32
 412 416 648 0  94 1 6 1 2 4 8 16 32
 413 681 757 0   5 1 6 1 2 4 8 16 32
 414  35 457 0  30 1 6 1 2 4 8 16 32
 415 390 981 0  31 1 6 1 2 4 8 16 32
 416 571 290 0   5 1 6 1 2 4 8 16 32
 417  89 467 0  36 1 6 1 2 4 8 16 32
 418 791 289 0  10 1 6 1 2 4 8 16 32
 419 395 656 0  11 1 6 1 2 4 8 16 32
 420 743 527 0  77 1 6 1 2 4 8 16 32
 421 371 297 0  81 1 6 1 2 4 8 16 32
 422 434 811 0  12 1 6 1 2 4 8 16 32
 423 129 432 0  19 1 6 1 2 4 8 16 32
 424 255 209 0  84 1 6 1 2 4 8 16 32
 425 818  38 0  98 1 6 1 2 4 8 16 32
 426 736 989 0  69 1 6 1 2 4 8 16 32
 427 527 585 0  82 1 6 1 2 4 8 16 32
 428 490 172 0  89 1 6 1 2 4 8 16 32
 429 268 753 0  57 1 6 1 2 4 8 16 32
 430 262 884 0  75 1 6 1 2 4 8 16 32
 431 789 408 0  66 1 6 1 2 4 8 16 32
 432 155 571 0   9 1 6 1 2 4 8 16 32
 433 688 837 0  88 1 6 1 2 4 8 16 32
 434 925 342 0  81 1 6 1 2 4 8 16 32
 435 549 520 0   4 1 6 1 2 4 8 16 32
 436 727 969 0  66 1 6 1 2 4 8 16 32
 437 943  90 0  57 1 6 1 2 4 8 16 32
 438 591  38 0  85 1 6 1 2 4 8 16 32
 439 362  83 0   9 1 6 1 2 4 8 16 32
 440 958  34 0  64 1 6 1 2 4 8 16 32
 441 914 239 0  98 1 6 1 2 4 8 16 32
 442 136  58 0  24 1 6 1 2 4 8 16 32
 443 168  15 0  88 1 6 1 2 4 8 16 32
 444 841  41 0  81 1 6 1 2 4 8 16 32
 445 966 271 0  22 1 6 1 2 4 8 16 32
 446 552  75 0  70 1 6 1 2 4 8 16 32
 447 305 652 0  82 1 6 1 2 4 8 16 32
 448  73 942 0  42 1 6 1 2 4 8 16 32
 449 975 419 0  40 1 6 1 2 4 8 16 32
 450 999 558 0  56 1 6 1 2 4 8 16 32
 451 685 730 0  44 1 6 1 2 4 8 16 32
 452 758 411 0  28 1 6 1 2 4 8 16 32
 453 369  27 0  15 1 6 1 2 4 8 16 32
 454 398   7 0  91 1 6 1 2 4 8 16 32
 455 914 465 0  53 1 6 1 2 4 8 16 32
 456 882 730 0  16 1 6 1 2 4 8 16 32
 457 151 902 0   6 1 6 1 2 4 8 16 32
 458 472 850 0  98 1 6 1 2 4 8 16 32
 459 934 476 0  72 1 6 1 2 4 8 16 32
 460 677  26 0  22 1 6 1 2 4 8 16 32
 461 856 571 0  72 1 6 1 2 4 8 16 32
 462 914 405 0   6 1 6 1 2 4 8 16 32
 463 778 639 0  77 1 6 1 2 4 8 16 32
 464 993 396 0  65 1 6 1 2 4 8 16 32
 465 860 545 0  16 1 6 1 2 4 8 16 32
 466 443 898 0  49 1 6 1 2 4 8 16 32
 467 599 242 0  34 1 6 1 2 4 8 16 32
 468 171 414 0  66 1 6 1 2 4 8 16 32
 469 242 974 0  74 1 6 1 2 4 8 16 32
 470 157 847 0  90 1 6 1 2 4 8 16 32
 471 899 720 0   6 1 6 1 2 4 8 16 32
 472 435 302 0  51 1 6 1 2 4 8 16 32
 473  82 502 0  58 1 6 1 2 4 8 16 32
 474 524  29 0  29 1 6 1 2 4 8 16 32
 475 305 188 0  57 1 6 1 2 4 8 16 32
 476  70 170 0  38 1 6 1 2 4 8 16 32
 477  91 394 0  59 1 6 1 2 4 8 16 32
 478 289 838 0  35 1 6 1 2 4 8 16 32
 479 665 463 0  42 1 6 1 2 4 8 16 32
 480 963 444 0   8 1 6 1 2 4 8 16 32
 481 423 533 0  94 1 6 1 2 4 8 16 32
 482 940 659 0  15 1 6 1 2 4 8 16 32
 483 439 352 0  90 1 6 1 2 4 8 16 32
 484 133 756 0  42 1 6 1 2 4 8 16 32
 485 528 204 0  52 1 6 1 2 4 8 16 32
 486 653 716 0   1 1 6 1 2 4 8 16 32
 487 860 185 0  55 1 6 1 2 4 8 16 32
 488 107 635 0  16 1 6 1 2 4 8 16 32
 489 349 711 0  12 1 6 1 2 4 8 16 32
 490  59 315 0  21 1 6 1 2 4 8 16 32
 491 738 848 0  58 1 6 1 2 4 8 16 32
 492 321  32 0  85 1 6 1 2 4 8 16 32
 493 228 513 0  76 1 6 1 2 4 8 16 32
 494 860 117 0  23 1 6 1 2 4 8 16 32
 495 735 242 0  52 1 6 1 2 4 8 16 32
 496 192 624 0  66 1 6 1 2 4 8 16 32
 497 665  39 0   5 1 6 1 2 4 8 16 32
 498 959 730 0  14 1 6 1 2 4 8 16 32
 499 341 665 0   7 1 6 1 2 4 8 16 32
 500 724 153 0  15 1 6 1 2 4 8 16 32
 501  54 791 0  41 1 6 1 2 4 8 16 32
 502 420 760 0  36 1 6 1 2 4 8 16 32
 503 315 611 0  46 1 6 1 2 4 8 16 32
 504 275 936 0  77 1 6 1 2 4 8 16 32
 505 247 302 0  84 1 6 1 2 4 8 16 32
 506  78 364 0   1 1 6 1 2 4 8 16 32
 507 658   0 0  73 1 6 1 2 4 8 16 32
 508 954 139 0  48 1 6 1 2 4 8 16 32
 509 495 903 0  40 1 6 1 2 4 8 16 32
 510 670 833 0  89 1 6 1 2 4 8 16 32
 511 526 113 0  36 1 6 1 2 4 8 16 32
 512 420 127 0   4 1 6 1 2 4 8 16 32
 513 547  35 0  65 1 6 1 2 4 8 16 32
 514  52 104 0  30 1 6 1 2 4 8 16 32
 515 725 524 0  80 1 6 1 2 4 8 16 32
 516 637 120 0  65 1 6 1 2 4 8 16 32
 517 300 808 0  89 1 6 1 2 4 8 16 32
 518 497 883 0  14 1 6 1 2 4 8 16 32
 519 903  67 0  60 1 6 1 2 4 8 16 32
 520 367 161 0  16 1 6 1 2 4 8 16 32
 521 206 290 0  46 1 6 1 2 4 8 16 32
 522  56 201 0  58 1 6 1 2 4 8 16 32
 523 342 475 0  58 1 6 1 2 4 8 16 32
 524 481 490 0  68 1 6 1 2 4 8 16 32
 525   4 806 0  56 1 6 1 2 4 8 16 32
 526 310 894 0  92 1 6 1 2 4 8 16 32
 527 288 546 0  55 1 6 1 2 4 8 16 32
 528  12  62 0  55 1 6 1 2 4 8 16 32
 529 324 443 0  19 1 6 1 2 4 8 16 32
 530 695 681 0   7 1 6 1 2 4 8 16 32
 531 525 822 0  88 1 6 1 2 4 8 16 32
 532 639 526 0  91 1 6 1 2 4 8 16 32
 533  29  95 0  26 1 6 1 2 4 8 16 32
 534 690 337 0  84 1 6 1 2 4 8 16 32
 535 300 615 0  67 1 6 1 2 4 8 16 32
 536 134 476 0  34 1 6 1 2 4 8 16 32
 537 979  10 0  18 1 6 1 2 4 8 16 32
 538 402 445 0   1 1 6 1 2 4 8 16 32
 539 125 459 0  26 1 6 1 2 4 8 16 32
 540 629 579 0  58 1 6 1 2 4 8 16 32
 541 270 641 0  49 1 6 1 2 4 8 16 32
 542 434 292 0  62 1 6 1 2 4 8 16 32
 543 189 263 0  25 1 6 1 2 4 8 16 32
 544 211 146 0  65 1 6 1 2 4 8 16 32
 545 145 448 0  87 1 6 1 2 4 8 16 32
 546 270 778 0  62 1 6 1 2 4 8 16 32
 547 120 620 0  16 1 6 1 2 4 8 16 32
 548 714 903 0  43 1 6 1 2 4 8 16 32
 549 898  82 0  58 1 6 1 2 4 8 16 32
 550  92 458 0  89 1 6 1 2 4 8 16 32
 551 513  32 0  13 1 6 1 2 4 8 16 32
 552 246 119 0  14 1 6 1 2 4 8 16 32
 553 960 312 0  50 1 6 1 2 4 8 16 32
 554 754 652 0  70 1 6 1 2 4 8 16 32
 555 521 801 0   6 1 6 1 2 4 8 16 32
 556 789 802 0  34 1 6 1 2 4 8 16 32
 557 743 724 0  17 1 6 1 2 4 8 16 32
 558 789 844 0  78 1 6 1 2 4 8 16 32
 559 894 547 0   1 1 6 1 2 4 8 16 32
 560 716 117 0  44 1 6 1 2 4 8 16 32
 561 875 606 0  71 1 6 1 2 4 8 16 32
 562 191 883 0  72 1 6 1 2 4 8 16 32
 563 170 593 0  83 1 6 1 2 4 8 16 32
 564 903 308 0   6 1 6 1 2 4 8 16 32
 565 223 996 0  78 1 6 1 2 4 8 16 32
 566 771 393 0  52 1 6 1 2 4 8 16 32
 567 271 356 0  92 1 6 1 2 4 8 16 32
 568 566 872 0  85 1 6 1 2 4 8 16 32
 569 808 185 0  91 1 6 1 2 4 8 16 32
 570 632 683 0  16 1 6 1 2 4 8 16 32
 571  27 206 0  16 1 6 1 2 4 8 16 32
 572 288 231 0  68 1 6 1 2 4 8 16 32
 573 596 672 0  57 1 6 1 2 4 8 16 32
 574 564 793 0  32 1 6 1 2 4 8 16 32
 575 864 509 0  10 1 6 1 2 4 8 16 32
 576 427 398 0  22 1 6 1 2 4 8 16 32
 577 186 766 0   2 1 6 1 2 4 8 16 32
 578 427 214 0   3 1 6 1 2 4 8 16 32
 579 846 540 0   6 1 6 1 2 4 8 16 32
 580 482 224 0   7 1 6 1 2 4 8 16 32
 581 486 722 0  66 1 6 1 2 4 8 16 32
 582 735  32 0  47 1 6 1 2 4 8 16 32
 583 269 240 0  24 1 6 1 2 4 8 16 32
 584 855 107 0  70 1 6 1 2 4 8 16 32
 585 398 213 0  25 1 6 1 2 4 8 16 32
 586 173 780 0  22 1 6 1 2 4 8 16 32
 587 496 738 0  32 1 6 1 2 4 8 16 32
 588  98 313 0  39 1 6 1 2 4 8 16 32
 589 468 630 0   2 1 6 1 2 4 8 16 32
 590 377 540 0  57 1 6 1 2 4 8 16 32
 591 260 460 0  57 1 6 1 2 4 8 16 32
 592 447  57 0  95 1 6 1 2 4 8 16 32
 593 897 140 0  74 1 6 1 2 4 8 16 32
 594 865 317 0  63 1 6 1 2 4 8 16 32
 595 623 813 0   7 1 6 1 2 4 8 16 32
 596 920 826 0  86 1 6 1 2 4 8 16 32
 597 942 459 0  70 1 6 1 2 4 8 16 32
 598 935 175 0  32 1 6 1 2 4 8 16 32
 599 397   6 0  70 1 6 1 2 4 8 16 32
 600 474 307 0  76 1 6 1 2 4 8 16 32
 601 638 622 0  19 1 6 1 2 4 8 16 32
 602 431 825 0  92 1 6 1 2 4 8 16 32
 603 249 905 0  55 1 6 1 2 4 8 16 32
 604 420 979 0  35 1 6 1 2 4 8 16 32
 605 825  24 0  50 1 6 1 2 4 8 16 32
 606 415 690 0  73 1 6 1 2 4 8 16 32
 607 798 856 0  73 1 6 1 2 4 8 16 32
 608 348 298 0  83 1 6 1 2 4 8 16 32
 609 267 598 0  74 1 6 1 2 4 8 16 32
 610 366 115 0  27 1 6 1 2 4 8 16 32
 611 459 223 0  54 1 6 1 2 4 8 16 32
 612 693 549 0  81 1 6 1 2 4 8 16 32
 613 355 740 0  29 1 6 1 2 4 8 16 32
 614 504 753 0  89 1 6 1 2 4 8 16 32
 615  45 753 0  60 1 6 1 2 4 8 16 32
 616 895 130 0  77 1 6 1 2 4 8 16 32
 617 593 110 0   8 1 6 1 2 4 8 16 32
 618 476  93 0  36 1 6 1 2 4 8 16 32
 619 342  15 0   4 1 6 1 2 4 8 16 32
 620 159 377 0  88 1 6 1 2 4 8 16 32
 621 266 259 0  30 1 6 1 2 4 8 16 32
 622 615 956 0   4 1 6 1 2 4 8 16 32
 623 218  18 0  93 1 6 1 2 4 8 16 32
 624 362  26 0  39 1 6 1 2 4 8 16 32
 625 906 926 0  74 1 6 1 2 4 8 16 32
 626 438 455 0  38 1 6 1 2 4 8 16 32
 627 283 663 0  15 1 6 1 2 4 8 16 32
 628 277 821 0  66 1 6 1 2 4 8 16 32
 629 279 724 0  27 1 6 1 2 4 8 16 32
 630 616 222 0   2 1 6 1 2 4 8 16 32
 631 852 854 0  88 1 6 1 2 4 8 16 32
 632 125 649 0  46 1 6 1 2 4 8 16 32
 633 177 410 0   6 1 6 1 2 4 8 16 32
 634 925 917 0  88 1 6 1 2 4 8 16 32
 635 523 999 0  31 1 6 1 2 4 8 16 32
 636 682 876 0  86 1 6 1 2 4 8 16 32
 637 786   0 0  34 1 6 1 2 4 8 16 32
 638 326 288 0  34 1 6 1 2 4 8 16 32
 639 808 859 0  67 1 6 1 2 4 8 16 32
 640 297 334 0  94 1 6 1 2 4 8 16 32
 641 599 518 0  44 1 6 1 2 4 8 16 32
 642 566 644 0  96 1 6 1 2 4 8 16 32
 643 334 923 0  46 1 6 1 2 4 8 16 32
 644 513 147 0  45 1 6 1 2 4 8 16 32
 645 138 795 0  42 1 6 1 2 4 8 16 32
 646 851 675 0  56 1 6 1 2 4 8 16 32
 647 409 571 0   3 1 6 1 2 4 8 16 32
 648  95  84 0  20 1 6 1 2 4 8 16 32
 649 468 377 0   7 1 6 1 2 4 8 16 32
 650 109 325 0  42 1 6 1 2 4 8 16 32
 651 940 507 0  23 1 6 1 2 4 8 16 32
 652 679 509 0  52 1 6 1 2 4 8 16 32
 653 711 672 0  97 1 6 1 2 4 8 16 32
 654 216 639 0  41 1 6 1 2 4 8 16 32
 655 777 374 0  21 1 6 1 2 4 8 16 32
 656 694 757 0  16 1 6 1 2 4 8 16 32
 657 383 588 0  48 1 6 1 2 4 8 16 32
 658 432 915 0  46 1 6 1 2 4 8 16 32
 659 186 925 0  95 1 6 1 2 4 8 16 32
 660 324  69 0  87 1 6 1 2 4 8 16 32
 661 865 137 0  63 1 6 1 2 4 8 16 32
 662 713 436 0  53 1 6 1 2 4 8 16 32
 663 427 631 0  73 1 6 1 2 4 8 16 32
 664 682 359 0  64 1 6 1 2 4 8 16 32
 665 271 478 0   7 1 6 1 2 4 8 16 32
 666 176 750 0  39 1 6 1 2 4 8 16 32
 667 155  23 0  85 1 6 1 2 4 8 16 32
 668 601 313 0  74 1 6 1 2 4 8 16 32
 669 588 977 0  91 1 6 1 2 4 8 16 32
 670 907 817 0  76 1 6 1 2 4 8 16 32
 671 722 304 0  19 1 6 1 2 4 8 16 32
 672  40 309 0  51 1 6 1 2 4 8 16 32
 673 913 936 0  77 1 6 1 2 4 8 16 32
 674 466 388 0  54 1 6 1 2 4 8 16 32
 675 494 520 0  52 1 6 1 2 4 8 16 32
 676 715 828 0  55 1 6 1 2 4 8 16 32
 677  37 146 0   1 1 6 1 2 4 8 16 32
 678 303 119 0  84 1 6 1 2 4 8 16 32
 679 380 346 0  31 1 6 1 2 4 8 16 32
 680 371 627 0  21 1 6 1 2 4 8 16 32
 681 956 212 0  48 1 6 1 2 4 8 16 32
 682 876 581 0  47 1 6 1 2 4 8 16 32
 683 883 455 0  32 1 6 1 2 4 8 16 32
 684 523 993 0  78 1 6 1 2 4 8 16 32
 685 503 130 0  64 1 6 1 2 4 8 16 32
 686 601 984 0  82 1 6 1 2 4 8 16 32
 687 427 716 0  60 1 6 1 2 4 8 16 32
 688 498   5 0 100 1 6 1 2 4 8 16 32
 689 891 299 0   4 1 6 1 2 4 8 16 32
 690 596 665 0  73 1 6 1 2 4 8 16 32
 691 282  21 0  72 1 6 1 2 4 8 16 32
 692 805 917 0  66 1 6 1 2 4 8 16 32
 693  45 106 0  91 1 6 1 2 4 8 16 32
 694 933 966 0  12 1 6 1 2 4 8 16 32
 695 208 933 0  87 1 6 1 2 4 8 16 32
 696 466 417 0  74 1 6 1 2 4 8 16 32
 697 395 682 0  79 1 6 1 2 4 8 16 32
 698 289 267 0  96 1 6 1 2 4 8 16 32
 699 546 434 0  71 1 6 1 2 4 8 16 32
 700 778 825 0  11 1 6 1 2 4 8 16 32
 701 955 466 0   8 1 6 1 2 4 8 16 32
 702 903 808 0  33 1 6 1 2 4 8 16 32
 703 398 150 0  37 1 6 1 2 4 8 16 32
 704 140 206 0  86 1 6 1 2 4 8 16 32
 705 122 675 0   7 1 6 1 2 4 8 16 32
 706 126   7 0  21 1 6 1 2 4 8 16 32
 707 222 147 0  19 1 6 1 2 4 8 16 32
 708 518 601 0  55 1 6 1 2 4 8 16 32
 709 637 865 0  99 1 6 1 2 4 8 16 32
 710 268 613 0  55 1 6 1 2 4 8 16 32
 711 691 284 0  51 1 6 1 2 4 8 16 32
 712 470 588 0   8 1 6 1 2 4 8 16 32
 713 685 524 0  53 1 6 1 2 4 8 16 32
 714 721   5 0  70 1 6 1 2 4 8 16 32
 715 615 173 0  39 1 6 1 2 4 8 16 32
 716  85 233 0  74 1 6 1 2 4 8 16 32
 717 910 883 0  13 1 6 1 2 4 8 16 32
 718 753 841 0  34 1 6 1 2 4 8 16 32
 719 383 388 0  60 1 6 1 2 4 8 16 32
 720 509 342 0   2 1 6 1 2 4 8 16 32
 721 101 836 0  41 1 6 1 2 4 8 16 32
 722 921 384 0  37 1 6 1 2 4 8 16 32
 723 821 153 0  86 1 6 1 2 4 8 16 32
 724  28 767 0  13 1 6 1 2 4 8 16 32
 725 866 871 0  14 1 6 1 2 4 8 16 32
 726 566 749 0  91 1 6 1 2 4 8 16 32
 727 498 792 0  15 1 6 1 2 4 8 16 32
 728 523 472 0  38 1 6 1 2 4 8 16 32
 729 864 941 0  36 1 6 1 2 4 8 16 32
 730 262   1 0  78 1 6 1 2 4 8 16 32
 731 756 785 0  12 1 6 1 2 4 8 16 32
 732 212 796 0  91 1 6 1 2 4 8 16 32
 733 538 416 0  95 1 6 1 2 4 8 16 32
 734 632 631 0  88 1 6 1 2 4 8 16 32
 735 177 682 0  58 1 6 1 2 4 8 16 32
 736 519 215 0  24 1 6 1 2 4 8 16 32
 737 216 208 0  82 1 6 1 2 4 8 16 32
 738 395 917 0  57 1 6 1 2 4 8 16 32
 739 769 718 0  75 1 6 1 2 4 8 16 32
 740 722 473 0  35 1 6 1 2 4 8 16 32
 741 784 970 0 100 1 6 1 2 4 8 16 32
 742 732 842 0  23 1 6 1 2 4 8 16 32
 743 649  96 0  25 1 6 1 2 4 8 16 32
 744 834 433 0  74 1 6 1 2 4 8 16 32
 745 744 418 0  89 1 6 1 2 4 8 16 32
 746 963 708 0  46 1 6 1 2 4 8 16 32
 747 912 599 0  88 1 6 1 2 4 8 16 32
 748 154  28 0  76 1 6 1 2 4 8 16 32
 749  13 948 0  34 1 6 1 2 4 8 16 32
 750 556 706 0  29 1 6 1 2 4 8 16 32
 751 997 322 0  77 1 6 1 2 4 8 16 32
 752 769  46 0  38 1 6 1 2 4 8 16 32
 753 296 971 0  26 1 6 1 2 4 8 16 32
 754 593 858 0  71 1 6 1 2 4 8 16 32
 755 954 576 0  74 1 6 1 2 4 8 16 32
 756 629 733 0  42 1 6 1 2 4 8 16 32
 757 461 959 0  75 1 6 1 2 4 8 16 32
 758 846 331 0  64 1 6 1 2 4 8 16 32
 759 512 288 0  27 1 6 1 2 4 8 16 32
 760 657 248 0  47 1 6 1 2 4 8 16 32
 761 479 209 0  69 1 6 1 2 4 8 16 32
 762 454 509 0   9 1 6 1 2 4 8 16 32
 763 860 501 0  93 1 6 1 2 4 8 16 32
 764 915 420 0  47 1 6 1 2 4 8 16 32
 765 150 747 0  63 1 6 1 2 4 8 16 32
 766 163 527 0  70 1 6 1 2 4 8 16 32
 767 934 729 0  72 1 6 1 2 4 8 16 32
 768 401 459 0  60 1 6 1 2 4 8 16 32
 769 995 482 0  96 1 6 1 2 4 8 16 32
 770 421 722 0  36 1 6 1 2 4 8 16 32
 771 810 473 0  53 1 6 1 2 4 8 16 32
 772 762 186 0  81 1 6 1 2 4 8 16 32
 773 347 313 0  59 1 6 1 2 4 8 16 32
 774 636 308 0  73 1 6 1 2 4 8 16 32
 775 494 287 0  64 1 6 1 2 4 8 16 32
 776 147  16 0  71 1 6 1 2 4 8 16 32
 777 585 688 0  17 1 6 1 2 4 8 16 32
 778 899 552 0 100 1 6 1 2 4 8 16 32
 779 998 257 0  51 1 6 1 2 4 8 16 32
 780 833  56 0  83 1 6 1 2 4 8 16 32
 781 429 697 0  58 1 6 1 2 4 8 16 32
 782  60 253 0   3 1 6 1 2 4 8 16 32
 783 778 711 0  74 1 6 1 2 4 8 16 32
 784 491 535 0  99 1 6 1 2 4 8 16 32
 785 465 766 0  18 1 6 1 2 4 8 16 32
 786 904 279 0  76 1 6 1 2 4 8 16 32
 787 903 802 0  93 1 6 1 2 4 8 16 32
 788 619 239 0  87 1 6 1 2 4 8 16 32
 789 938 918 0  29 1 6 1 2 4 8 16 32
 790 162 990 0  21 1 6 1 2 4 8 16 32
 791  88 774 0  81 1 6 1 2 4 8 16 32
 792 959 779 0  77 1 6 1 2 4 8 16 32
 793 747 471 0  69 1 6 1 2 4 8 16 32
 794 609 300 0  48 1 6 1 2 4 8 16 32
 795 939 818 0  71 1 6 1 2 4 8 16 32
 796 428 357 0  63 1 6 1 2 4 8 16 32
 797 835 705 0   9 1 6 1 2 4 8 16 32
 798 965 868 0   6 1 6 1 2 4 8 16 32
 799  62 731 0  81 1 6 1 2 4 8 16 32
 800  13 277 0   2 1 6 1 2 4 8 16 32
 801 856 958 0  63 1 6 1 2 4 8 16 32
 802 650 350 0  34 1 6 1 2 4 8 16 32
 803 717 531 0  62 1 6 1 2 4 8 16 32
 804 163 196 0  18 1 6 1 2 4 8 16 32
 805 919  84 0   7 1 6 1 2 4 8 16 32
 806 931  35 0  62 1 6 1 2 4 8 16 32
 807 531 860 0  20 1 6 1 2 4 8 16 32
 808 987  84 0  78 1 6 1 2 4 8 16 32
 809 407 188 0  89 1 6 1 2 4 8 16 32
 810 498 487 0  88 1 6 1 2 4 8 16 32
 811  52 530 0  68 1 6 1 2 4 8 16 32
 812 513 100 0   5 1 6 1 2 4 8 16 32
 813 478 914 0  14 1 6 1 2 4 8 16 32
 814 530 899 0  98 1 6 1 2 4 8 16 32
 815 390 793 0  95 1 6 1 2 4 8 16 32
 816 594 934 0  94 1 6 1 2 4 8 16 32
 817  79 378 0  80 1 6 1 2 4 8 16 32
 818  57 365 0  85 1 6 1 2 4 8 16 32
 819 496 614 0  44 1 6 1 2 4 8 16 32
 820 409 390 0  64 1 6 1 2 4 8 16 32
 821 876 613 0   4 1 6 1 2 4 8 16 32
 822 630 204 0  32 1 6 1 2 4 8 16 32
 823 916 762 0  16 1 6 1 2 4 8 16 32
 824 413  29 0  72 1 6 1 2 4 8 16 32
 825 409 521 0  20 1 6 1 2 4 8 16 32
 826 370 728 0  37 1 6 1 2 4 8 16 32
 827 139 600 0  45 1 6 1 2 4 8 16 32
 828  79 731 0  93 1 6 1 2 4 8 16 32
 829 641 129 0  28 1 6 1 2 4 8 16 32
 830 561 990 0  64 1 6 1 2 4 8 16 32
 831 846 326 0  27 1 6 1 2 4 8 16 32
 832 724 459 0  31 1 6 1 2 4 8 16 32
 833 203 415 0  43 1 6 1 2 4 8 16 32
 834 320 983 0  59 1 6 1 2 4 8 16 32
 835 516 980 0  30 1 6 1 2 4 8 16 32
 836 603 675 0  61 1 6 1 2 4 8 16 32
 837 649 291 0  87 1 6 1 2 4 8 16 32
 838 263 935 0 100 1 6 1 2 4 8 16 32
 839 144  61 0  14 1 6 1 2 4 8 16 32
 840 476 716 0  46 1 6 1 2 4 8 16 32
 841 374 324 0  58 1 6 1 2 4 8 16 32
 842  57 647 0   2 1 6 1 2 4 8 16 32
 843 307 915 0  72 1 6 1 2 4 8 16 32
 844 314 238 0  17 1 6 1 2 4 8 16 32
 845 942 362 0  21 1 6 1 2 4 8 16 32
 846 414  27 0  60 1 6 1 2 4 8 16 32
 847 407 604 0   6 1 6 1 2 4 8 16 32
 848 369 286 0   8 1 6 1 2 4 8 16 32
 849  54 912 0  29 1 6 1 2 4 8 16 32
 850 603 641 0  54 1 6 1 2 4 8 16 32
 851 744 989 0  54 1 6 1 2 4 8 16 32
 852 873  38 0  22 1 6 1 2 4 8 16 32
 853  28 459 0  80 1 6 1 2 4 8 16 32
 854 427 163 0  82 1 6 1 2 4 8 16 32
 855   1 483 0  12 1 6 1 2 4 8 16 32
 856 129 635 0  77 1 6 1 2 4 8 16 32
 857 291 691 0 100 1 6 1 2 4 8 16 32
 858  66 297 0  99 1 6 1 2 4 8 16 32
 859 951 631 0  76 1 6 1 2 4 8 16 32
 860  29  13 0   1 1 6 1 2 4 8 16 32
 861 417  39 0   7 1 6 1 2 4 8 16 32
 862 277 201 0  42 1 6 1 2 4 8 16 32
 863 113 330 0  88 1 6 1 2 4 8 16 32
 864  25 845 0  24 1 6 1 2 4 8 16 32
 865 894 359 0  15 1 6 1 2 4 8 16 32
 866  26 161 0  22 1 6 1 2 4 8 16 32
 867 885 492 0  58 1 6 1 2 4 8 16 32
 868 911 367 0   3 1 6 1 2 4 8 16 32
 869 886  59 0  79 1 6 1 2 4 8 16 32
 870 395 453 0  21 1 6 1 2 4 8 16 32
 871 758 206 0  34 1 6 1 2 4 8 16 32
 872 557  32 0  67 1 6 1 2 4 8 16 32
 873 245 734 0  82 1 6 1 2 4 8 16 32
 874  57 997 0  48 1 6 1 2 4 8 16 32
 875   8 474 0  45 1 6 1 2 4 8 16 32
 876 216  57 0  59 1 6 1 2 4 8 16 32
 877 101 728 0  99 1 6 1 2 4 8 16 32
 878 331 705 0  21 1 6 1 2 4 8 16 32
 879   9  75 0  90 1 6 1 2 4 8 16 32
 880  46 480 0   6 1 6 1 2 4 8 16 32
 881 655 521 0  19 1 6 1 2 4 8 16 32
 882  83 945 0  76 1 6 1 2 4 8 16 32
 883 646 679 0  23 1 6 1 2 4 8 16 32
 884 730 572 0  84 1 6 1 2 4 8 16 32
 885 862 112 0  35 1 6 1 2 4 8 16 32
 886 906 247 0  69 1 6 1 2 4 8 16 32
 887 402  35 0  67 1 6 1 2 4 8 16 32
 888 111 656 0  14 1 6 1 2 4 8 16 32
 889 275 193 0   7 1 6 1 2 4 8 16 32
 890 292 855 0  87 1 6 1 2 4 8 16 32
 891 927 491 0  66 1 6 1 2 4 8 16 32
 892  90 218 0  63 1 6 1 2 4 8 16 32
 893 294 231 0  78 1 6 1 2 4 8 16 32
 894 707 857 0  30 1 6 1 2 4 8 16 32
 895 202 334 0  36 1 6 1 2 4 8 16 32
 896 399 628 0  24 1 6 1 2 4 8 16 32
 897  17 432 0  10 1 6 1 2 4 8 16 32
 898 372 362 0  55 1 6 1 2 4 8 16 32
 899 500 394 0  80 1 6 1 2 4 8 16 32
 900 288 782 0  26 1 6 1 2 4 8 16 32
 901 624 453 0   2 1 6 1 2 4 8 16 32
 902 163 846 0   4 1 6 1 2 4 8 16 32
 903 832 161 0  67 1 6 1 2 4 8 16 32
 904 408 931 0  57 1 6 1 2 4 8 16 32
 905 247 319 0  66 1 6 1 2 4 8 16 32
 906 152  12 0  71 1 6 1 2 4 8 16 32
 907 111  68 0  69 1 6 1 2 4 8 16 32
 908 287  18 0  80 1 6 1 2 4 8 16 32
 909  43  43 0   9 1 6 1 2 4 8 16 32
 910 648 373 0  50 1 6 1 2 4 8 16 32
 911 477 897 0  94 1 6 1 2 4 8 16 32
 912 167 224 0   8 1 6 1 2 4 8 16 32
 913 438 142 0  96 1 6 1 2 4 8 16 32
 914 863 296 0  33 1 6 1 2 4 8 16 32
 915 693 586 0  99 1 6 1 2 4 8 16 32
 916  89 465 0   1 1 6 1 2 4 8 16 32
 917 637 964 0  82 1 6 1 2 4 8 16 32
 918 787 431 0  18 1 6 1 2 4 8 16 32
 919 575 809 0  99 1 6 1 2 4 8 16 32
 920 984 248 0  49 1 6 1 2 4 8 16 32
 921 174 988 0  66 1 6 1 2 4 8 16 32
 922 117 165 0  99 1 6 1 2 4 8 16 32
 923 452 239 0  21 1 6 1 2 4 8 16 32
 924 571 854 0  48 1 6 1 2 4 8 16 32
 925 149 960 0  20 1 6 1 2 4 8 16 32
 926 959 485 0  26 1 6 1 2 4 8 16 32
 927 669 111 0  29 1 6 1 2 4 8 16 32
 928 438 626 0  55 1 6 1 2 4 8 16 32
 929 656 816 0  44 1 6 1 2 4 8 16 32
 930 699 152 0  24 1 6 1 2 4 8 16 32
 931 275 262 0  57 1 6 1 2 4 8 16 32
 932 668 646 0  17 1 6 1 2 4 8 16 32
 933 695 476 0  35 1 6 1 2 4 8 16 32
 934 631 462 0   5 1 6 1 2 4 8 16 32
 935 172 234 0  79 1 6 1 2 4 8 16 32
 936 692 411 0   9 1 6 1 2 4 8 16 32
 937 412 423 0  84 1 6 1 2 4 8 16 32
 938 202 225 0  18 1 6 1 2 4 8 16 32
 939 291 216 0  79 1 6 1 2 4 8 16 32
 940 381 781 0  47 1 6 1 2 4 8 16 32
 941  56 813 0  12 1 6 1 2 4 8 16 32
 942 569 905 0  52 1 6 1 2 4 8 16 32
 943 902 873 0  79 1 6 1 2 4 8 16 32
 944 876 623 0  49 1 6 1 2 4 8 16 32
 945 789 352 0  77 1 6 1 2 4 8 16 32
 946 662 994 0  94 1 6 1 2 4 8 16 32
 947 888 682 0  38 1 6 1 2 4 8 16 32
 948  32 870 0  41 1 6 1 2 4 8 16 32
 949 687 263 0  35 1 6 1 2 4 8 16 32
 950 668 218 0  11 1 6 1 2 4 8 16 32
 951 927  91 0  64 1 6 1 2 4 8 16 32
 952 461 395 0  92 1 6 1 2 4 8 16 32
 953 907 172 0  67 1 6 1 2 4 8 16 32
 954  60 407 0   4 1 6 1 2 4 8 16 32
 955 952 608 0  52 1 6 1 2 4 8 16 32
 956 738 829 0  59 1 6 1 2 4 8 16 32
 957  35 620 0  60 1 6 1 2 4 8 16 32
 958 934 138 0  33 1 6 1 2 4 8 16 32
 959 224  39 0  26 1 6 1 2 4 8 16 32
 960 906 251 0  80 1 6 1 2 4 8 16 32
 961 594 157 0  72 1 6 1 2 4 8 16 32
 962  59 627 0  33 1 6 1 2 4 8 16 32
 963 324 769 0  22 1 6 1 2 4 8 16 32
 964 815 810 0  99 1 6 1 2 4 8 16 32
 965 724 413 0  28 1 6 1 2 4 8 16 32
 966 846 828 0  60 1 6 1 2 4 8 16 32
 967 844 812 0  39 1 6 1 2 4 8 16 32
 968 930 987 0  25 1 6 1 2 4 8 16 32
 969 507 160 0  79 1 6 1 2 4 8 16 32
 970 367 291 0  54 1 6 1 2 4 8 16 32
 971 243  73 0  73 1 6 1 2 4 8 16 32
 972 129 199 0  72 1 6 1 2 4 8 16 32
 973 867 202 0  14 1 6 1 2 4 8 16 32
 974 372 517 0   1 1 6 1 2 4 8 16 32
 975 843 429 0  12 1 6 1 2 4 8 16 32
 976 565 694 0  79 1 6 1 2 4 8 16 32
 977 905 534 0  83 1 6 1 2 4 8 16 32
 978 928 145 0  54 1 6 1 2 4 8 16 32
 979 591 991 0  16 1 6 1 2 4 8 16 32
 980 180 231 0  74 1 6 1 2 4 8 16 32
 981 710 675 0  45 1 6 1 2 4 8 16 32
 982 405 837 0  22 1 6 1 2 4 8 16 32
 983 815  43 0  16 1 6 1 2 4 8 16 32
 984 927 322 0  27 1 6 1 2 4 8 16 32
 985 970 922 0  55 1 6 1 2 4 8 16 32
 986 996  10 0  18 1 6 1 2 4 8 16 32
 987  36  59 0  14 1 6 1 2 4 8 16 32
 988 356 707 0  72 1 6 1 2 4 8 16 32
 989 395 836 0  30 1 6 1 2 4 8 16 32
 990 929 929 0   3 1 6 1 2 4 8 16 32
 991 832 371 0  12 1 6 1 2 4 8 16 32
 992 939 829 0   9 1 6 1 2 4 8 16 32
 993 930 774 0  18 1 6 1 2 4 8 16 32
 994 540  35 0   5 1 6 1 2 4 8 16 32
 995 249 994 0  21 1 6 1 2 4 8 16 32
 996 283 245 0   7 1 6 1 2 4 8 16 32
 997 367 718 0   8 1 6 1 2 4 8 16 32
 998  68 992 0  71 1 6 1 2 4 8 16 32
 999 286 274 0   6 1 6 1 2 4 8 16 32
1000 250 491 0  44 1 6 1 2 4 8 16 32
1001 789 849 0  92 1 6 1 2 4 8 16 32
1002  62 624 0  42 1 6 1 2 4 8 16 32
1003 661 888 0  78 1 6 1 2 4 8 16 32
1004 782 482 0  79 1 6 1 2 4 8 16 32
1005 315 664 0  82 1 6 1 2 4 8 16 32
1006 142 126 0  64 1 6 1 2 4 8 16 32
1007 976 787 0  19 1 6 1 2 4 8 16 32
1008 788 280 0  26 1 6 1 2 4 8 16 32
1009 632 279 0  60 1 6 1 2 4 8 16 32
1010 100 310 0  35 1 6 1 2 4 8 16 32
1011 301 301 0  33 1 6 1 2 4 8 16 32
1012 965 772 0  28 1 6 1 2 4 8 16 32
1013 366 197 0  94 1 6 1 2 4 8 16 32
1014 469 349 0  46 1 6 1 2 4 8 16 32
1015  35 694 0  95 1 6 1 2 4 8 16 32
1016 977 652 0  52 1 6 1 2 4 8 16 32
1017  64 685 0  97 1 6 1 2 4 8 16 32
1018 360 639 0   7 1 6 1 2 4 8 16 32
1019  14  46 0  49 1 6 1 2 4 8 16 32
1020 916 918 0  41 1 6 1 2 4 8 16 32
1021 340 492 0  40 1 6 1 2 4 8 16 32
1022 402 987 0  78 1 6 1 2 4 8 16 32
1023 393 119 0  15 1 6 1 2 4 8 16 32
1024  20 765 0  16 1 6 1 2 4 8 16 32
1025  51 726 0   0 0 0
1026 529  15 0   0 0 0
1027 930  44 0   0 0 0
1028 845 609 0   0 0 0
1029 469 857 0   0 0 0
1030 832 625 0   0 0 0
