2 176 1036 6
0 253
0 253
0 253
0 253
0 253
0 253
   1  468  187 0  61 1 6 1 2 4 8 16 32
   2  517  961 0   7 1 6 1 2 4 8 16 32
   3  842  258 0  61 1 6 1 2 4 8 16 32
   4  712  974 0  17 1 6 1 2 4 8 16 32
   5  544  559 0  68 1 6 1 2 4 8 16 32
   6  598  890 0  75 1 6 1 2 4 8 16 32
   7  936  658 0  36 1 6 1 2 4 8 16 32
   8  655  291 0  28 1 6 1 2 4 8 16 32
   9  366  929 0  50 1 6 1 2 4 8 16 32
  10  860  215 0  42 1 6 1 2 4 8 16 32
  11  128  250 0  51 1 6 1 2 4 8 16 32
  12  228  858 0  82 1 6 1 2 4 8 16 32
  13  980  679 0  82 1 6 1 2 4 8 16 32
  14  739  869 0  13 1 6 1 2 4 8 16 32
  15  325  988 0  88 1 6 1 2 4 8 16 32
  16  247  518 0  13 1 6 1 2 4 8 16 32
  17   53  749 0  10 1 6 1 2 4 8 16 32
  18  990  471 0  75 1 6 1 2 4 8 16 32
  19  530  157 0   6 1 6 1 2 4 8 16 32
  20  263  958 0  37 1 6 1 2 4 8 16 32
  21  866   33 0  48 1 6 1 2 4 8 16 32
  22  846  146 0  34 1 6 1 2 4 8 16 32
  23  709   57 0  39 1 6 1 2 4 8 16 32
  24  615  234 0  24 1 6 1 2 4 8 16 32
  25  434  979 0  19 1 6 1 2 4 8 16 32
  26  977  549 0  66 1 6 1 2 4 8 16 32
  27  974  507 0  46 1 6 1 2 4 8 16 32
  28  800  244 0  91 1 6 1 2 4 8 16 32
  29  501  267 0  68 1 6 1 2 4 8 16 32
  30  188  369 0  97 1 6 1 2 4 8 16 32
  31  865  136 0  59 1 6 1 2 4 8 16 32
  32  554  988 0  73 1 6 1 2 4 8 16 32
  33  704  804 0  22 1 6 1 2 4 8 16 32
  34  291  442 0  14 1 6 1 2 4 8 16 32
  35  151  559 0  41 1 6 1 2 4 8 16 32
  36  173  705 0  94 1 6 1 2 4 8 16 32
  37  811  367 0  79 1 6 1 2 4 8 16 32
  38  680  345 0  38 1 6 1 2 4 8 16 32
  39   51  317 0  56 1 6 1 2 4 8 16 32
  40  459  380 0 100 1 6 1 2 4 8 16 32
  41  903  715 0  56 1 6 1 2 4 8 16 32
  42  637  172 0  28 1 6 1 2 4 8 16 32
  43  244  359 0   7 1 6 1 2 4 8 16 32
  44  670  374 0  67 1 6 1 2 4 8 16 32
  45   44  168 0  87 1 6 1 2 4 8 16 32
  46  587  880 0  65 1 6 1 2 4 8 16 32
  47  741  900 0  21 1 6 1 2 4 8 16 32
  48  443  878 0  95 1 6 1 2 4 8 16 32
  49  105  218 0  39 1 6 1 2 4 8 16 32
  50  138  215 0  59 1 6 1 2 4 8 16 32
  51   42   39 0  85 1 6 1 2 4 8 16 32
  52  113  435 0  88 1 6 1 2 4 8 16 32
  53  875  294 0  45 1 6 1 2 4 8 16 32
  54  936  550 0  73 1 6 1 2 4 8 16 32
  55  129  129 0  72 1 6 1 2 4 8 16 32
  56  210  251 0  43 1 6 1 2 4 8 16 32
  57  415  718 0  85 1 6 1 2 4 8 16 32
  58  389  389 0  76 1 6 1 2 4 8 16 32
  59  870  569 0  50 1 6 1 2 4 8 16 32
  60  537  266 0  66 1 6 1 2 4 8 16 32
  61  766  336 0   5 1 6 1 2 4 8 16 32
  62  102   69 0  73 1 6 1 2 4 8 16 32
  63  501  187 0  15 1 6 1 2 4 8 16 32
  64  210  731 0  78 1 6 1 2 4 8 16 32
  65  646  467 0  87 1 6 1 2 4 8 16 32
  66  823  993 0  69 1 6 1 2 4 8 16 32
  67  908  217 0   3 1 6 1 2 4 8 16 32
  68  944  855 0  55 1 6 1 2 4 8 16 32
  69  923  832 0  27 1 6 1 2 4 8 16 32
  70  580  288 0  42 1 6 1 2 4 8 16 32
  71  607  537 0  51 1 6 1 2 4 8 16 32
  72  373  751 0  44 1 6 1 2 4 8 16 32
  73  303  596 0  13 1 6 1 2 4 8 16 32
  74  613  322 0  74 1 6 1 2 4 8 16 32
  75  181  248 0  95 1 6 1 2 4 8 16 32
  76    4  888 0  42 1 6 1 2 4 8 16 32
  77   23  608 0  39 1 6 1 2 4 8 16 32
  78   30  399 0  89 1 6 1 2 4 8 16 32
  79  759  578 0  60 1 6 1 2 4 8 16 32
  80  171  104 0   6 1 6 1 2 4 8 16 32
  81  458  863 0  52 1 6 1 2 4 8 16 32
  82  773  616 0  51 1 6 1 2 4 8 16 32
  83  872  477 0  51 1 6 1 2 4 8 16 32
  84   23  627 0  84 1 6 1 2 4 8 16 32
  85  117   34 0  51 1 6 1 2 4 8 16 32
  86  968  278 0  40 1 6 1 2 4 8 16 32
  87  460  737 0  71 1 6 1 2 4 8 16 32
  88  685  612 0  30 1 6 1 2 4 8 16 32
  89  243  640 0  63 1 6 1 2 4 8 16 32
  90   32  453 0  27 1 6 1 2 4 8 16 32
  91  348  615 0  22 1 6 1 2 4 8 16 32
  92   62  971 0  17 1 6 1 2 4 8 16 32
  93  985   82 0  42 1 6 1 2 4 8 16 32
  94  288  511 0  27 1 6 1 2 4 8 16 32
  95  234  369 0  46 1 6 1 2 4 8 16 32
  96  775  226 0  47 1 6 1 2 4 8 16 32
  97  958  481 0  65 1 6 1 2 4 8 16 32
  98  599  938 0  41 1 6 1 2 4 8 16 32
  99  264  667 0  36 1 6 1 2 4 8 16 32
 100   28   95 0  10 1 6 1 2 4 8 16 32
 101  386  200 0  16 1 6 1 2 4 8 16 32
 102  687  792 0  88 1 6 1 2 4 8 16 32
 103  525  705 0   7 1 6 1 2 4 8 16 32
 104  594  369 0  43 1 6 1 2 4 8 16 32
 105   51  743 0  12 1 6 1 2 4 8 16 32
 106  331  480 0  24 1 6 1 2 4 8 16 32
 107  189  797 0  89 1 6 1 2 4 8 16 32
 108  331  605 0  32 1 6 1 2 4 8 16 32
 109  596  386 0  89 1 6 1 2 4 8 16 32
 110  765 1000 0  52 1 6 1 2 4 8 16 32
 111  549  214 0  87 1 6 1 2 4 8 16 32
 112  290  537 0  75 1 6 1 2 4 8 16 32
 113    7  338 0  95 1 6 1 2 4 8 16 32
 114  370  607 0  68 1 6 1 2 4 8 16 32
 115  991  998 0  94 1 6 1 2 4 8 16 32
 116  141  733 0  92 1 6 1 2 4 8 16 32
 117  848  112 0  91 1 6 1 2 4 8 16 32
 118  910  283 0  76 1 6 1 2 4 8 16 32
 119  599  251 0  97 1 6 1 2 4 8 16 32
 120  762  707 0  47 1 6 1 2 4 8 16 32
 121  583  265 0  61 1 6 1 2 4 8 16 32
 122  524   21 0  41 1 6 1 2 4 8 16 32
 123  198  841 0   1 1 6 1 2 4 8 16 32
 124  905  357 0  19 1 6 1 2 4 8 16 32
 125  901  677 0  14 1 6 1 2 4 8 16 32
 126  956  828 0  46 1 6 1 2 4 8 16 32
 127  475  569 0  47 1 6 1 2 4 8 16 32
 128   12  518 0  41 1 6 1 2 4 8 16 32
 129  441  117 0  78 1 6 1 2 4 8 16 32
 130  307  555 0  71 1 6 1 2 4 8 16 32
 131  877  434 0  22 1 6 1 2 4 8 16 32
 132  310  802 0  92 1 6 1 2 4 8 16 32
 133  964  462 0  76 1 6 1 2 4 8 16 32
 134  898  907 0  21 1 6 1 2 4 8 16 32
 135  304  463 0  79 1 6 1 2 4 8 16 32
 136   12  894 0  17 1 6 1 2 4 8 16 32
 137  325  141 0   3 1 6 1 2 4 8 16 32
 138  306  874 0  76 1 6 1 2 4 8 16 32
 139  795  140 0  78 1 6 1 2 4 8 16 32
 140  814  179 0  38 1 6 1 2 4 8 16 32
 141  179  541 0  14 1 6 1 2 4 8 16 32
 142  867  637 0  14 1 6 1 2 4 8 16 32
 143   36  372 0  94 1 6 1 2 4 8 16 32
 144  618  671 0   5 1 6 1 2 4 8 16 32
 145  135  399 0  68 1 6 1 2 4 8 16 32
 146  979  115 0  42 1 6 1 2 4 8 16 32
 147   76  468 0  61 1 6 1 2 4 8 16 32
 148  717  489 0   2 1 6 1 2 4 8 16 32
 149   48  242 0  50 1 6 1 2 4 8 16 32
 150  992  818 0  16 1 6 1 2 4 8 16 32
 151  434  763 0  49 1 6 1 2 4 8 16 32
 152   18  271 0  71 1 6 1 2 4 8 16 32
 153  450  317 0  10 1 6 1 2 4 8 16 32
 154  694  947 0  43 1 6 1 2 4 8 16 32
 155  434  929 0  91 1 6 1 2 4 8 16 32
 156  701  664 0 100 1 6 1 2 4 8 16 32
 157  600  116 0  42 1 6 1 2 4 8 16 32
 158  767  224 0  75 1 6 1 2 4 8 16 32
 159  307  245 0  79 1 6 1 2 4 8 16 32
 160  474  164 0  14 1 6 1 2 4 8 16 32
 161  537  473 0   9 1 6 1 2 4 8 16 32
 162  415  859 0  24 1 6 1 2 4 8 16 32
 163  519  355 0  27 1 6 1 2 4 8 16 32
 164  415  616 0  74 1 6 1 2 4 8 16 32
 165  877  355 0  93 1 6 1 2 4 8 16 32
 166  790  458 0  20 1 6 1 2 4 8 16 32
 167  431  633 0  45 1 6 1 2 4 8 16 32
 168  178  802 0  70 1 6 1 2 4 8 16 32
 169  998  754 0  45 1 6 1 2 4 8 16 32
 170   24   72 0  43 1 6 1 2 4 8 16 32
 171  821   48 0  64 1 6 1 2 4 8 16 32
 172  381  154 0  98 1 6 1 2 4 8 16 32
 173  942   22 0  74 1 6 1 2 4 8 16 32
 174   44  175 0  85 1 6 1 2 4 8 16 32
 175  604  196 0  68 1 6 1 2 4 8 16 32
 176  137    3 0  85 1 6 1 2 4 8 16 32
 177  833  944 0  35 1 6 1 2 4 8 16 32
 178  666  283 0  65 1 6 1 2 4 8 16 32
 179  819  792 0  32 1 6 1 2 4 8 16 32
 180  289  908 0   9 1 6 1 2 4 8 16 32
 181  296  288 0  83 1 6 1 2 4 8 16 32
 182  894  388 0   1 1 6 1 2 4 8 16 32
 183  838  328 0  54 1 6 1 2 4 8 16 32
 184  209    2 0  97 1 6 1 2 4 8 16 32
 185  394   75 0  37 1 6 1 2 4 8 16 32
 186  292  927 0  30 1 6 1 2 4 8 16 32
 187  300  697 0  40 1 6 1 2 4 8 16 32
 188  429  116 0  97 1 6 1 2 4 8 16 32
 189   24  114 0  78 1 6 1 2 4 8 16 32
 190  478  221 0  93 1 6 1 2 4 8 16 32
 191   69  774 0  51 1 6 1 2 4 8 16 32
 192  177  866 0  52 1 6 1 2 4 8 16 32
 193  560  380 0   4 1 6 1 2 4 8 16 32
 194  221  461 0  48 1 6 1 2 4 8 16 32
 195  920  713 0  72 1 6 1 2 4 8 16 32
 196   84  300 0  81 1 6 1 2 4 8 16 32
 197  591  464 0  27 1 6 1 2 4 8 16 32
 198  181  400 0   3 1 6 1 2 4 8 16 32
 199   74   65 0  86 1 6 1 2 4 8 16 32
 200  148  948 0   6 1 6 1 2 4 8 16 32
 201  868  699 0  65 1 6 1 2 4 8 16 32
 202  483  846 0  46 1 6 1 2 4 8 16 32
 203  877   67 0  93 1 6 1 2 4 8 16 32
 204  116  506 0  96 1 6 1 2 4 8 16 32
 205  182  132 0  42 1 6 1 2 4 8 16 32
 206   90  607 0  61 1 6 1 2 4 8 16 32
 207  251  480 0  43 1 6 1 2 4 8 16 32
 208  184  843 0  25 1 6 1 2 4 8 16 32
 209  937  938 0  13 1 6 1 2 4 8 16 32
 210  446  698 0  81 1 6 1 2 4 8 16 32
 211  750  104 0  35 1 6 1 2 4 8 16 32
 212  717  431 0   7 1 6 1 2 4 8 16 32
 213  781  419 0  29 1 6 1 2 4 8 16 32
 214  780  931 0  63 1 6 1 2 4 8 16 32
 215  577  666 0  30 1 6 1 2 4 8 16 32
 216  151  158 0  39 1 6 1 2 4 8 16 32
 217  271  952 0  38 1 6 1 2 4 8 16 32
 218  884  772 0   2 1 6 1 2 4 8 16 32
 219  615  921 0  99 1 6 1 2 4 8 16 32
 220  917  453 0  59 1 6 1 2 4 8 16 32
 221  976  342 0  32 1 6 1 2 4 8 16 32
 222  609  713 0  92 1 6 1 2 4 8 16 32
 223  866  747 0  43 1 6 1 2 4 8 16 32
 224  333  613 0  57 1 6 1 2 4 8 16 32
 225  503  598 0  73 1 6 1 2 4 8 16 32
 226   80  622 0   6 1 6 1 2 4 8 16 32
 227  751  606 0  13 1 6 1 2 4 8 16 32
 228  317  690 0   4 1 6 1 2 4 8 16 32
 229  704  984 0  48 1 6 1 2 4 8 16 32
 230  810  840 0   9 1 6 1 2 4 8 16 32
 231  499  790 0  91 1 6 1 2 4 8 16 32
 232   99  277 0  37 1 6 1 2 4 8 16 32
 233  481  408 0  33 1 6 1 2 4 8 16 32
 234  527  756 0  50 1 6 1 2 4 8 16 32
 235    4  228 0  97 1 6 1 2 4 8 16 32
 236   43  807 0  43 1 6 1 2 4 8 16 32
 237   49    2 0  26 1 6 1 2 4 8 16 32
 238  436  889 0   9 1 6 1 2 4 8 16 32
 239  377  566 0  92 1 6 1 2 4 8 16 32
 240  926  129 0  93 1 6 1 2 4 8 16 32
 241  683  473 0  40 1 6 1 2 4 8 16 32
 242  117  509 0  51 1 6 1 2 4 8 16 32
 243  239  535 0  29 1 6 1 2 4 8 16 32
 244   60  189 0  52 1 6 1 2 4 8 16 32
 245  715  432 0  40 1 6 1 2 4 8 16 32
 246  918   99 0  72 1 6 1 2 4 8 16 32
 247  117  697 0  54 1 6 1 2 4 8 16 32
 248  167  235 0  80 1 6 1 2 4 8 16 32
 249  461  276 0   1 1 6 1 2 4 8 16 32
 250  259  498 0  65 1 6 1 2 4 8 16 32
 251   17  527 0  62 1 6 1 2 4 8 16 32
 252  230  517 0  27 1 6 1 2 4 8 16 32
 253  162  470 0  19 1 6 1 2 4 8 16 32
 254  800  889 0   5 1 6 1 2 4 8 16 32
 255  470  408 0  44 1 6 1 2 4 8 16 32
 256  845  942 0  52 1 6 1 2 4 8 16 32
 257  436  801 0  97 1 6 1 2 4 8 16 32
 258  888   11 0   5 1 6 1 2 4 8 16 32
 259  624  241 0  91 1 6 1 2 4 8 16 32
 260  742  953 0  48 1 6 1 2 4 8 16 32
 261  161  290 0  83 1 6 1 2 4 8 16 32
 262  112  249 0  40 1 6 1 2 4 8 16 32
 263  788  913 0  64 1 6 1 2 4 8 16 32
 264  360  504 0  49 1 6 1 2 4 8 16 32
 265  660  149 0  20 1 6 1 2 4 8 16 32
 266  923  623 0  74 1 6 1 2 4 8 16 32
 267  779  835 0   3 1 6 1 2 4 8 16 32
 268  417  442 0  77 1 6 1 2 4 8 16 32
 269  610  672 0  71 1 6 1 2 4 8 16 32
 270   11  490 0  82 1 6 1 2 4 8 16 32
 271  582  180 0  32 1 6 1 2 4 8 16 32
 272  606   87 0  43 1 6 1 2 4 8 16 32
 273  597  409 0  73 1 6 1 2 4 8 16 32
 274  340  949 0  94 1 6 1 2 4 8 16 32
 275   91  699 0  98 1 6 1 2 4 8 16 32
 276  405  789 0  18 1 6 1 2 4 8 16 32
 277  936  240 0  62 1 6 1 2 4 8 16 32
 278  795  770 0  48 1 6 1 2 4 8 16 32
 279  895  974 0  72 1 6 1 2 4 8 16 32
 280  215  713 0  21 1 6 1 2 4 8 16 32
 281  116  421 0  96 1 6 1 2 4 8 16 32
 282  404   19 0  48 1 6 1 2 4 8 16 32
 283  434  190 0  26 1 6 1 2 4 8 16 32
 284  661  800 0  97 1 6 1 2 4 8 16 32
 285  855  102 0  95 1 6 1 2 4 8 16 32
 286  695  168 0  45 1 6 1 2 4 8 16 32
 287  164  163 0  29 1 6 1 2 4 8 16 32
 288  298  515 0  17 1 6 1 2 4 8 16 32
 289  684  936 0  59 1 6 1 2 4 8 16 32
 290  901  290 0  54 1 6 1 2 4 8 16 32
 291  296  888 0  11 1 6 1 2 4 8 16 32
 292  362  549 0  94 1 6 1 2 4 8 16 32
 293  201  951 0 100 1 6 1 2 4 8 16 32
 294   81  208 0  81 1 6 1 2 4 8 16 32
 295  334  895 0  33 1 6 1 2 4 8 16 32
 296  387  170 0  35 1 6 1 2 4 8 16 32
 297  762  846 0  36 1 6 1 2 4 8 16 32
 298  904  123 0  54 1 6 1 2 4 8 16 32
 299  101  500 0  80 1 6 1 2 4 8 16 32
 300  625  100 0  74 1 6 1 2 4 8 16 32
 301  364  122 0  75 1 6 1 2 4 8 16 32
 302   53   91 0  66 1 6 1 2 4 8 16 32
 303  226  245 0  85 1 6 1 2 4 8 16 32
 304  668  485 0   5 1 6 1 2 4 8 16 32
 305  760  330 0  62 1 6 1 2 4 8 16 32
 306  240  129 0  34 1 6 1 2 4 8 16 32
 307  212  666 0  92 1 6 1 2 4 8 16 32
 308  272  671 0  16 1 6 1 2 4 8 16 32
 309  616  777 0  94 1 6 1 2 4 8 16 32
 310  196  582 0   2 1 6 1 2 4 8 16 32
 311  392  273 0  90 1 6 1 2 4 8 16 32
 312  795  975 0  93 1 6 1 2 4 8 16 32
 313  865  881 0   2 1 6 1 2 4 8 16 32
 314  980  930 0  61 1 6 1 2 4 8 16 32
 315  574  179 0  14 1 6 1 2 4 8 16 32
 316  936  357 0  18 1 6 1 2 4 8 16 32
 317  103  899 0  69 1 6 1 2 4 8 16 32
 318  227  653 0  15 1 6 1 2 4 8 16 32
 319  518  104 0  51 1 6 1 2 4 8 16 32
 320  707  828 0  56 1 6 1 2 4 8 16 32
 321  935  609 0  19 1 6 1 2 4 8 16 32
 322  455  152 0  46 1 6 1 2 4 8 16 32
 323  326  775 0  88 1 6 1 2 4 8 16 32
 324  955  253 0  73 1 6 1 2 4 8 16 32
 325  123  516 0  70 1 6 1 2 4 8 16 32
 326  544  781 0  62 1 6 1 2 4 8 16 32
 327  719  496 0  22 1 6 1 2 4 8 16 32
 328  148  188 0  89 1 6 1 2 4 8 16 32
 329  121  372 0  63 1 6 1 2 4 8 16 32
 330  678  387 0  65 1 6 1 2 4 8 16 32
 331  749  578 0  66 1 6 1 2 4 8 16 32
 332  921  238 0  43 1 6 1 2 4 8 16 32
 333  145  531 0  84 1 6 1 2 4 8 16 32
 334  807  722 0  60 1 6 1 2 4 8 16 32
 335  956  944 0  93 1 6 1 2 4 8 16 32
 336  888  499 0  59 1 6 1 2 4 8 16 32
 337  823  925 0  68 1 6 1 2 4 8 16 32
 338  264  954 0  58 1 6 1 2 4 8 16 32
 339  450  282 0  38 1 6 1 2 4 8 16 32
 340   61  846 0  38 1 6 1 2 4 8 16 32
 341  862  441 0  27 1 6 1 2 4 8 16 32
 342  870  103 0  74 1 6 1 2 4 8 16 32
 343  298   49 0   3 1 6 1 2 4 8 16 32
 344  561  919 0  16 1 6 1 2 4 8 16 32
 345  122   33 0  24 1 6 1 2 4 8 16 32
 346  529  159 0  10 1 6 1 2 4 8 16 32
 347  567  756 0  98 1 6 1 2 4 8 16 32
 348  980  590 0  19 1 6 1 2 4 8 16 32
 349  303  642 0  19 1 6 1 2 4 8 16 32
 350   99  830 0  94 1 6 1 2 4 8 16 32
 351  444  258 0  86 1 6 1 2 4 8 16 32
 352  351  715 0  74 1 6 1 2 4 8 16 32
 353  585  546 0  49 1 6 1 2 4 8 16 32
 354  725  946 0  62 1 6 1 2 4 8 16 32
 355  344  566 0  67 1 6 1 2 4 8 16 32
 356  510   89 0   1 1 6 1 2 4 8 16 32
 357   16  610 0  20 1 6 1 2 4 8 16 32
 358  457  352 0  11 1 6 1 2 4 8 16 32
 359  188  399 0  11 1 6 1 2 4 8 16 32
 360  390  976 0  32 1 6 1 2 4 8 16 32
 361  624  802 0  88 1 6 1 2 4 8 16 32
 362  392   65 0  69 1 6 1 2 4 8 16 32
 363  223  869 0  85 1 6 1 2 4 8 16 32
 364  392  983 0  71 1 6 1 2 4 8 16 32
 365  116  172 0  81 1 6 1 2 4 8 16 32
 366  768  678 0  47 1 6 1 2 4 8 16 32
 367  377  259 0  92 1 6 1 2 4 8 16 32
 368  971  464 0  38 1 6 1 2 4 8 16 32
 369  828  492 0  84 1 6 1 2 4 8 16 32
 370  306  714 0  46 1 6 1 2 4 8 16 32
 371  501  487 0   3 1 6 1 2 4 8 16 32
 372  931  117 0  76 1 6 1 2 4 8 16 32
 373  487  906 0  25 1 6 1 2 4 8 16 32
 374  558  915 0  39 1 6 1 2 4 8 16 32
 375  274  986 0  53 1 6 1 2 4 8 16 32
 376   99  309 0  49 1 6 1 2 4 8 16 32
 377   22  392 0  39 1 6 1 2 4 8 16 32
 378  586  421 0  39 1 6 1 2 4 8 16 32
 379  595  302 0  24 1 6 1 2 4 8 16 32
 380  735  349 0  35 1 6 1 2 4 8 16 32
 381  359   13 0  45 1 6 1 2 4 8 16 32
 382  769   97 0  76 1 6 1 2 4 8 16 32
 383  940  117 0  85 1 6 1 2 4 8 16 32
 384   52  584 0  91 1 6 1 2 4 8 16 32
 385  238  523 0  40 1 6 1 2 4 8 16 32
 386  282  226 0  45 1 6 1 2 4 8 16 32
 387  294  600 0   4 1 6 1 2 4 8 16 32
 388  838  617 0  62 1 6 1 2 4 8 16 32
 389  163  476 0  66 1 6 1 2 4 8 16 32
 390  770  651 0  98 1 6 1 2 4 8 16 32
 391  201   44 0   9 1 6 1 2 4 8 16 32
 392  518  513 0  17 1 6 1 2 4 8 16 32
 393  322  792 0  59 1 6 1 2 4 8 16 32
 394  114  244 0  15 1 6 1 2 4 8 16 32
 395  924  193 0  55 1 6 1 2 4 8 16 32
 396   39   55 0   1 1 6 1 2 4 8 16 32
 397  989  799 0  21 1 6 1 2 4 8 16 32
 398  768  346 0   5 1 6 1 2 4 8 16 32
 399  192  242 0   6 1 6 1 2 4 8 16 32
 400  165  886 0  86 1 6 1 2 4 8 16 32
 401  317  295 0  36 1 6 1 2 4 8 16 32
 402  763  344 0  82 1 6 1 2 4 8 16 32
 403  257  409 0   1 1 6 1 2 4 8 16 32
 404  537  303 0  71 1 6 1 2 4 8 16 32
 405  958  969 0  53 1 6 1 2 4 8 16 32
 406  570  403 0  91 1 6 1 2 4 8 16 32
 407  318  339 0  36 1 6 1 2 4 8 16 32
 408  873  742 0  58 1 6 1 2 4 8 16 32
 409  120  981 0  54 1 6 1 2 4 8 16 32
 410  835  632 0  78 1 6 1 2 4 8 16 32
 411  149  268 0  28 1 6 1 2 4 8 16 32
 412  454  384 0  82 1 6 1 2 4 8 16 32
 413  737  369 0  59 1 6 1 2 4 8 16 32
 414  667  736 0  68 1 6 1 2 4 8 16 32
 415  350  283 0  83 1 6 1 2 4 8 16 32
 416  677  942 0  52 1 6 1 2 4 8 16 32
 417  168   20 0  52 1 6 1 2 4 8 16 32
 418  928  959 0  42 1 6 1 2 4 8 16 32
 419  325   12 0  86 1 6 1 2 4 8 16 32
 420  334   43 0  11 1 6 1 2 4 8 16 32
 421  728  213 0  34 1 6 1 2 4 8 16 32
 422   45  656 0  85 1 6 1 2 4 8 16 32
 423  987  954 0  53 1 6 1 2 4 8 16 32
 424   11   55 0  27 1 6 1 2 4 8 16 32
 425  834  652 0  77 1 6 1 2 4 8 16 32
 426  623   47 0  39 1 6 1 2 4 8 16 32
 427  846   25 0  52 1 6 1 2 4 8 16 32
 428  246  377 0  83 1 6 1 2 4 8 16 32
 429  359  527 0  51 1 6 1 2 4 8 16 32
 430  660  638 0  27 1 6 1 2 4 8 16 32
 431  827   90 0  66 1 6 1 2 4 8 16 32
 432  200  647 0 100 1 6 1 2 4 8 16 32
 433  292  623 0  88 1 6 1 2 4 8 16 32
 434  666  625 0  11 1 6 1 2 4 8 16 32
 435  631  137 0  79 1 6 1 2 4 8 16 32
 436  354  696 0   8 1 6 1 2 4 8 16 32
 437  431  683 0  32 1 6 1 2 4 8 16 32
 438  562  893 0  14 1 6 1 2 4 8 16 32
 439 1000  169 0  63 1 6 1 2 4 8 16 32
 440  712  942 0  91 1 6 1 2 4 8 16 32
 441  373  950 0  13 1 6 1 2 4 8 16 32
 442   94   66 0  38 1 6 1 2 4 8 16 32
 443    0  464 0  33 1 6 1 2 4 8 16 32
 444  878  346 0  24 1 6 1 2 4 8 16 32
 445  861  824 0  49 1 6 1 2 4 8 16 32
 446  347  287 0  68 1 6 1 2 4 8 16 32
 447  788  121 0  94 1 6 1 2 4 8 16 32
 448  400  118 0  37 1 6 1 2 4 8 16 32
 449  579  849 0  69 1 6 1 2 4 8 16 32
 450  878  255 0  41 1 6 1 2 4 8 16 32
 451  941  946 0  42 1 6 1 2 4 8 16 32
 452  120  322 0  16 1 6 1 2 4 8 16 32
 453  403  110 0  36 1 6 1 2 4 8 16 32
 454  724  225 0  60 1 6 1 2 4 8 16 32
 455  746  421 0  45 1 6 1 2 4 8 16 32
 456   74   60 0  31 1 6 1 2 4 8 16 32
 457  906  859 0  19 1 6 1 2 4 8 16 32
 458   64  508 0  21 1 6 1 2 4 8 16 32
 459  796  781 0  94 1 6 1 2 4 8 16 32
 460  102  264 0  85 1 6 1 2 4 8 16 32
 461  796  362 0  54 1 6 1 2 4 8 16 32
 462  833  809 0  68 1 6 1 2 4 8 16 32
 463  812  716 0  64 1 6 1 2 4 8 16 32
 464  353  502 0  20 1 6 1 2 4 8 16 32
 465  897  849 0  19 1 6 1 2 4 8 16 32
 466  387  842 0  14 1 6 1 2 4 8 16 32
 467  675  174 0  87 1 6 1 2 4 8 16 32
 468  987  194 0  26 1 6 1 2 4 8 16 32
 469    3   42 0   7 1 6 1 2 4 8 16 32
 470  647  803 0  61 1 6 1 2 4 8 16 32
 471  166  539 0  51 1 6 1 2 4 8 16 32
 472  106  203 0  51 1 6 1 2 4 8 16 32
 473  446  523 0  76 1 6 1 2 4 8 16 32
 474  848   29 0  99 1 6 1 2 4 8 16 32
 475  826  567 0  33 1 6 1 2 4 8 16 32
 476    5  742 0  90 1 6 1 2 4 8 16 32
 477  567  237 0  20 1 6 1 2 4 8 16 32
 478  708  439 0  65 1 6 1 2 4 8 16 32
 479   86  973 0  10 1 6 1 2 4 8 16 32
 480  131  139 0  73 1 6 1 2 4 8 16 32
 481  880  300 0  37 1 6 1 2 4 8 16 32
 482  419  597 0  53 1 6 1 2 4 8 16 32
 483  739  445 0  87 1 6 1 2 4 8 16 32
 484 1000  369 0  24 1 6 1 2 4 8 16 32
 485  473  100 0  41 1 6 1 2 4 8 16 32
 486   35  386 0  18 1 6 1 2 4 8 16 32
 487  935  464 0  44 1 6 1 2 4 8 16 32
 488   85  760 0  21 1 6 1 2 4 8 16 32
 489  608  472 0  12 1 6 1 2 4 8 16 32
 490  214  481 0  85 1 6 1 2 4 8 16 32
 491  573    7 0  38 1 6 1 2 4 8 16 32
 492  487  537 0  12 1 6 1 2 4 8 16 32
 493  902  419 0  94 1 6 1 2 4 8 16 32
 494  432  802 0  91 1 6 1 2 4 8 16 32
 495  490  279 0  53 1 6 1 2 4 8 16 32
 496  181   86 0  36 1 6 1 2 4 8 16 32
 497  160  939 0  50 1 6 1 2 4 8 16 32
 498  576  320 0  44 1 6 1 2 4 8 16 32
 499  908  945 0  89 1 6 1 2 4 8 16 32
 500  679  959 0  28 1 6 1 2 4 8 16 32
 501  718  378 0   2 1 6 1 2 4 8 16 32
 502  791  377 0 100 1 6 1 2 4 8 16 32
 503  178  469 0  53 1 6 1 2 4 8 16 32
 504  724  731 0  11 1 6 1 2 4 8 16 32
 505  348  803 0  92 1 6 1 2 4 8 16 32
 506  611  293 0  93 1 6 1 2 4 8 16 32
 507  475  302 0  21 1 6 1 2 4 8 16 32
 508  799   22 0  62 1 6 1 2 4 8 16 32
 509  981  993 0  59 1 6 1 2 4 8 16 32
 510  217  182 0  20 1 6 1 2 4 8 16 32
 511   87  725 0  50 1 6 1 2 4 8 16 32
 512  643  630 0  39 1 6 1 2 4 8 16 32
 513   55  763 0  88 1 6 1 2 4 8 16 32
 514  481   75 0  24 1 6 1 2 4 8 16 32
 515  390  194 0  10 1 6 1 2 4 8 16 32
 516  420  882 0  83 1 6 1 2 4 8 16 32
 517  881  763 0  76 1 6 1 2 4 8 16 32
 518  900  895 0  23 1 6 1 2 4 8 16 32
 519  104  609 0  37 1 6 1 2 4 8 16 32
 520  196  612 0  24 1 6 1 2 4 8 16 32
 521  752  889 0  39 1 6 1 2 4 8 16 32
 522  617   14 0  32 1 6 1 2 4 8 16 32
 523  515   48 0   4 1 6 1 2 4 8 16 32
 524  187  129 0  49 1 6 1 2 4 8 16 32
 525  903  942 0  12 1 6 1 2 4 8 16 32
 526  412  229 0  27 1 6 1 2 4 8 16 32
 527  838  556 0 100 1 6 1 2 4 8 16 32
 528  348  770 0  86 1 6 1 2 4 8 16 32
 529  569  518 0  43 1 6 1 2 4 8 16 32
 530  635  240 0  88 1 6 1 2 4 8 16 32
 531  372  240 0  96 1 6 1 2 4 8 16 32
 532  252  799 0  47 1 6 1 2 4 8 16 32
 533  787  630 0  20 1 6 1 2 4 8 16 32
 534  512  994 0  98 1 6 1 2 4 8 16 32
 535  397  158 0  21 1 6 1 2 4 8 16 32
 536  337  774 0  14 1 6 1 2 4 8 16 32
 537  563  987 0  65 1 6 1 2 4 8 16 32
 538   96  565 0  87 1 6 1 2 4 8 16 32
 539  517  514 0  95 1 6 1 2 4 8 16 32
 540  363  549 0  63 1 6 1 2 4 8 16 32
 541  476  967 0  65 1 6 1 2 4 8 16 32
 542  334  381 0  73 1 6 1 2 4 8 16 32
 543  838  442 0  60 1 6 1 2 4 8 16 32
 544  588  286 0  91 1 6 1 2 4 8 16 32
 545  893  457 0  26 1 6 1 2 4 8 16 32
 546  567  313 0  85 1 6 1 2 4 8 16 32
 547  856  122 0  15 1 6 1 2 4 8 16 32
 548  418   77 0  75 1 6 1 2 4 8 16 32
 549  110  502 0  37 1 6 1 2 4 8 16 32
 550  647  723 0  24 1 6 1 2 4 8 16 32
 551  691   87 0  86 1 6 1 2 4 8 16 32
 552  329  556 0   9 1 6 1 2 4 8 16 32
 553  538  395 0  86 1 6 1 2 4 8 16 32
 554  882  884 0  83 1 6 1 2 4 8 16 32
 555  135  655 0  48 1 6 1 2 4 8 16 32
 556  715  761 0  47 1 6 1 2 4 8 16 32
 557  165  111 0  17 1 6 1 2 4 8 16 32
 558  337  189 0  68 1 6 1 2 4 8 16 32
 559  976  397 0  53 1 6 1 2 4 8 16 32
 560  544  307 0  89 1 6 1 2 4 8 16 32
 561  180  477 0  26 1 6 1 2 4 8 16 32
 562  156  246 0  58 1 6 1 2 4 8 16 32
 563  409  492 0  79 1 6 1 2 4 8 16 32
 564  750  387 0  69 1 6 1 2 4 8 16 32
 565  267  581 0  12 1 6 1 2 4 8 16 32
 566  756  162 0  19 1 6 1 2 4 8 16 32
 567  657  753 0  95 1 6 1 2 4 8 16 32
 568  460  625 0  41 1 6 1 2 4 8 16 32
 569  809  889 0  72 1 6 1 2 4 8 16 32
 570   86  676 0  34 1 6 1 2 4 8 16 32
 571  259  967 0  32 1 6 1 2 4 8 16 32
 572    7  418 0  81 1 6 1 2 4 8 16 32
 573  438  303 0  90 1 6 1 2 4 8 16 32
 574  975  700 0  85 1 6 1 2 4 8 16 32
 575  208  817 0  44 1 6 1 2 4 8 16 32
 576  747  638 0  49 1 6 1 2 4 8 16 32
 577  377  960 0  54 1 6 1 2 4 8 16 32
 578  402  386 0  85 1 6 1 2 4 8 16 32
 579   56  473 0  99 1 6 1 2 4 8 16 32
 580  931  324 0  96 1 6 1 2 4 8 16 32
 581  741  995 0  53 1 6 1 2 4 8 16 32
 582  400  666 0   8 1 6 1 2 4 8 16 32
 583  209  201 0  79 1 6 1 2 4 8 16 32
 584  442  959 0  46 1 6 1 2 4 8 16 32
 585   22  625 0   8 1 6 1 2 4 8 16 32
 586  418  984 0  87 1 6 1 2 4 8 16 32
 587  822  258 0  70 1 6 1 2 4 8 16 32
 588  372  545 0  44 1 6 1 2 4 8 16 32
 589  439  865 0  10 1 6 1 2 4 8 16 32
 590  807  836 0  59 1 6 1 2 4 8 16 32
 591   42  632 0  40 1 6 1 2 4 8 16 32
 592  186  654 0  91 1 6 1 2 4 8 16 32
 593  786  948 0  18 1 6 1 2 4 8 16 32
 594  966  800 0  42 1 6 1 2 4 8 16 32
 595  178  165 0  55 1 6 1 2 4 8 16 32
 596  404  383 0  17 1 6 1 2 4 8 16 32
 597  195  886 0  33 1 6 1 2 4 8 16 32
 598  301  102 0  84 1 6 1 2 4 8 16 32
 599  627  440 0  96 1 6 1 2 4 8 16 32
 600  623  183 0  72 1 6 1 2 4 8 16 32
 601  289  652 0  36 1 6 1 2 4 8 16 32
 602  394  406 0  35 1 6 1 2 4 8 16 32
 603   41  212 0  78 1 6 1 2 4 8 16 32
 604  388  127 0  39 1 6 1 2 4 8 16 32
 605  319  194 0  25 1 6 1 2 4 8 16 32
 606  486  958 0  18 1 6 1 2 4 8 16 32
 607  116  758 0  86 1 6 1 2 4 8 16 32
 608  456  141 0  13 1 6 1 2 4 8 16 32
 609  555  128 0  43 1 6 1 2 4 8 16 32
 610  641  100 0  24 1 6 1 2 4 8 16 32
 611  783  823 0   4 1 6 1 2 4 8 16 32
 612  384  607 0   8 1 6 1 2 4 8 16 32
 613  212  674 0  84 1 6 1 2 4 8 16 32
 614  690  659 0  11 1 6 1 2 4 8 16 32
 615  812  383 0  62 1 6 1 2 4 8 16 32
 616   45  942 0   2 1 6 1 2 4 8 16 32
 617  326  913 0  38 1 6 1 2 4 8 16 32
 618  615  109 0  94 1 6 1 2 4 8 16 32
 619  223  806 0  67 1 6 1 2 4 8 16 32
 620   36  302 0  27 1 6 1 2 4 8 16 32
 621  119  410 0  74 1 6 1 2 4 8 16 32
 622  988   66 0  13 1 6 1 2 4 8 16 32
 623  182  928 0  42 1 6 1 2 4 8 16 32
 624  165 1000 0  11 1 6 1 2 4 8 16 32
 625  281  698 0   1 1 6 1 2 4 8 16 32
 626  172  739 0   7 1 6 1 2 4 8 16 32
 627  122  174 0  78 1 6 1 2 4 8 16 32
 628  660  987 0  91 1 6 1 2 4 8 16 32
 629   84   14 0  92 1 6 1 2 4 8 16 32
 630  278  166 0  44 1 6 1 2 4 8 16 32
 631  484  992 0  83 1 6 1 2 4 8 16 32
 632  160  504 0  17 1 6 1 2 4 8 16 32
 633  428  696 0   5 1 6 1 2 4 8 16 32
 634  537  649 0  22 1 6 1 2 4 8 16 32
 635  207  569 0  12 1 6 1 2 4 8 16 32
 636  509  124 0  44 1 6 1 2 4 8 16 32
 637  224  694 0  43 1 6 1 2 4 8 16 32
 638  709  136 0  27 1 6 1 2 4 8 16 32
 639  117  833 0  45 1 6 1 2 4 8 16 32
 640   53  807 0  47 1 6 1 2 4 8 16 32
 641  950  485 0  36 1 6 1 2 4 8 16 32
 642  587  275 0  34 1 6 1 2 4 8 16 32
 643  389  324 0  80 1 6 1 2 4 8 16 32
 644  604  326 0  28 1 6 1 2 4 8 16 32
 645  396  998 0  91 1 6 1 2 4 8 16 32
 646  937  440 0  32 1 6 1 2 4 8 16 32
 647  138  405 0  90 1 6 1 2 4 8 16 32
 648    4  103 0  56 1 6 1 2 4 8 16 32
 649  997  600 0  47 1 6 1 2 4 8 16 32
 650  880  357 0  97 1 6 1 2 4 8 16 32
 651  354  258 0  16 1 6 1 2 4 8 16 32
 652  696  538 0  30 1 6 1 2 4 8 16 32
 653  562  868 0  22 1 6 1 2 4 8 16 32
 654  821  219 0  30 1 6 1 2 4 8 16 32
 655  170  793 0  72 1 6 1 2 4 8 16 32
 656  321  717 0   6 1 6 1 2 4 8 16 32
 657  522  425 0  82 1 6 1 2 4 8 16 32
 658  634  916 0  73 1 6 1 2 4 8 16 32
 659   95  973 0  16 1 6 1 2 4 8 16 32
 660  256  372 0  21 1 6 1 2 4 8 16 32
 661   95  810 0  41 1 6 1 2 4 8 16 32
 662  543  478 0  78 1 6 1 2 4 8 16 32
 663  554  810 0  83 1 6 1 2 4 8 16 32
 664  678  838 0  19 1 6 1 2 4 8 16 32
 665  923  721 0  75 1 6 1 2 4 8 16 32
 666   81  994 0  33 1 6 1 2 4 8 16 32
 667  237  700 0  22 1 6 1 2 4 8 16 32
 668  965  138 0  75 1 6 1 2 4 8 16 32
 669  518   95 0  40 1 6 1 2 4 8 16 32
 670  472  802 0  32 1 6 1 2 4 8 16 32
 671  796  327 0  34 1 6 1 2 4 8 16 32
 672  898  892 0   2 1 6 1 2 4 8 16 32
 673  146    6 0  64 1 6 1 2 4 8 16 32
 674  640  446 0  17 1 6 1 2 4 8 16 32
 675  658  615 0   6 1 6 1 2 4 8 16 32
 676  142  682 0  94 1 6 1 2 4 8 16 32
 677  339  585 0  94 1 6 1 2 4 8 16 32
 678  762  926 0  11 1 6 1 2 4 8 16 32
 679  480  276 0  62 1 6 1 2 4 8 16 32
 680  543  364 0  79 1 6 1 2 4 8 16 32
 681  125  367 0  99 1 6 1 2 4 8 16 32
 682  802  210 0  84 1 6 1 2 4 8 16 32
 683  124  920 0  35 1 6 1 2 4 8 16 32
 684  126   23 0  51 1 6 1 2 4 8 16 32
 685  281  849 0  55 1 6 1 2 4 8 16 32
 686  397  578 0  12 1 6 1 2 4 8 16 32
 687  881  394 0  28 1 6 1 2 4 8 16 32
 688  679  719 0  65 1 6 1 2 4 8 16 32
 689  252  348 0  56 1 6 1 2 4 8 16 32
 690  107  909 0  98 1 6 1 2 4 8 16 32
 691  129  683 0  64 1 6 1 2 4 8 16 32
 692  742  327 0  10 1 6 1 2 4 8 16 32
 693  372  852 0   7 1 6 1 2 4 8 16 32
 694  944  276 0  99 1 6 1 2 4 8 16 32
 695  170  452 0  84 1 6 1 2 4 8 16 32
 696  852  234 0   3 1 6 1 2 4 8 16 32
 697  399  465 0  42 1 6 1 2 4 8 16 32
 698  603  424 0  33 1 6 1 2 4 8 16 32
 699  461  522 0   3 1 6 1 2 4 8 16 32
 700  228  298 0  38 1 6 1 2 4 8 16 32
 701  895 1000 0   1 1 6 1 2 4 8 16 32
 702  594  753 0  35 1 6 1 2 4 8 16 32
 703  635  923 0  49 1 6 1 2 4 8 16 32
 704  221  629 0  71 1 6 1 2 4 8 16 32
 705  146  111 0   7 1 6 1 2 4 8 16 32
 706  366  599 0  72 1 6 1 2 4 8 16 32
 707  730  589 0  95 1 6 1 2 4 8 16 32
 708  441  742 0  77 1 6 1 2 4 8 16 32
 709  907  478 0  10 1 6 1 2 4 8 16 32
 710  240  937 0  59 1 6 1 2 4 8 16 32
 711  519  596 0   5 1 6 1 2 4 8 16 32
 712  621  303 0  13 1 6 1 2 4 8 16 32
 713  943  105 0  18 1 6 1 2 4 8 16 32
 714   62  665 0  90 1 6 1 2 4 8 16 32
 715  626  443 0  21 1 6 1 2 4 8 16 32
 716  517  977 0  30 1 6 1 2 4 8 16 32
 717  616  815 0  14 1 6 1 2 4 8 16 32
 718  764   19 0  26 1 6 1 2 4 8 16 32
 719  913  837 0  99 1 6 1 2 4 8 16 32
 720  845  362 0  21 1 6 1 2 4 8 16 32
 721  655  543 0  80 1 6 1 2 4 8 16 32
 722  799  872 0  29 1 6 1 2 4 8 16 32
 723  413  109 0  10 1 6 1 2 4 8 16 32
 724  616  888 0  27 1 6 1 2 4 8 16 32
 725  842  849 0  39 1 6 1 2 4 8 16 32
 726  952  292 0  95 1 6 1 2 4 8 16 32
 727  328  676 0  43 1 6 1 2 4 8 16 32
 728  197  257 0  73 1 6 1 2 4 8 16 32
 729  608  134 0  16 1 6 1 2 4 8 16 32
 730  676  782 0  34 1 6 1 2 4 8 16 32
 731  945  811 0  32 1 6 1 2 4 8 16 32
 732  376   46 0  50 1 6 1 2 4 8 16 32
 733  234  977 0  61 1 6 1 2 4 8 16 32
 734  250  160 0  90 1 6 1 2 4 8 16 32
 735  410  850 0  27 1 6 1 2 4 8 16 32
 736  853  982 0  91 1 6 1 2 4 8 16 32
 737  351  785 0  63 1 6 1 2 4 8 16 32
 738  179  518 0  42 1 6 1 2 4 8 16 32
 739  884  444 0  74 1 6 1 2 4 8 16 32
 740  468  995 0  61 1 6 1 2 4 8 16 32
 741  370  397 0  80 1 6 1 2 4 8 16 32
 742  843  281 0  84 1 6 1 2 4 8 16 32
 743  432  387 0  79 1 6 1 2 4 8 16 32
 744  249  392 0  45 1 6 1 2 4 8 16 32
 745  190  917 0  99 1 6 1 2 4 8 16 32
 746  139  720 0  88 1 6 1 2 4 8 16 32
 747  114   14 0  47 1 6 1 2 4 8 16 32
 748  338  488 0  34 1 6 1 2 4 8 16 32
 749  896   22 0  27 1 6 1 2 4 8 16 32
 750  468  287 0  98 1 6 1 2 4 8 16 32
 751  817  684 0  16 1 6 1 2 4 8 16 32
 752  181  124 0  64 1 6 1 2 4 8 16 32
 753  461  479 0  55 1 6 1 2 4 8 16 32
 754  372  563 0  26 1 6 1 2 4 8 16 32
 755  821  552 0  53 1 6 1 2 4 8 16 32
 756  580  661 0  94 1 6 1 2 4 8 16 32
 757  865  101 0  68 1 6 1 2 4 8 16 32
 758  447  495 0  39 1 6 1 2 4 8 16 32
 759  207  113 0   9 1 6 1 2 4 8 16 32
 760  688  980 0  58 1 6 1 2 4 8 16 32
 761  570  208 0  48 1 6 1 2 4 8 16 32
 762  458  837 0  93 1 6 1 2 4 8 16 32
 763  683  429 0  84 1 6 1 2 4 8 16 32
 764  920  643 0  50 1 6 1 2 4 8 16 32
 765  769  505 0   6 1 6 1 2 4 8 16 32
 766  815  821 0  31 1 6 1 2 4 8 16 32
 767  842  159 0  46 1 6 1 2 4 8 16 32
 768  987  970 0  61 1 6 1 2 4 8 16 32
 769  899  195 0   1 1 6 1 2 4 8 16 32
 770  960  149 0   7 1 6 1 2 4 8 16 32
 771  838  833 0  44 1 6 1 2 4 8 16 32
 772  445  191 0  78 1 6 1 2 4 8 16 32
 773  219  978 0  89 1 6 1 2 4 8 16 32
 774  405  921 0  84 1 6 1 2 4 8 16 32
 775  907  765 0  71 1 6 1 2 4 8 16 32
 776  858  373 0  63 1 6 1 2 4 8 16 32
 777  603   26 0  89 1 6 1 2 4 8 16 32
 778   83  206 0  96 1 6 1 2 4 8 16 32
 779  226  140 0  24 1 6 1 2 4 8 16 32
 780  278  690 0  78 1 6 1 2 4 8 16 32
 781  402  194 0  59 1 6 1 2 4 8 16 32
 782  456  505 0  15 1 6 1 2 4 8 16 32
 783  240  510 0  64 1 6 1 2 4 8 16 32
 784  658  516 0  54 1 6 1 2 4 8 16 32
 785  114  491 0  95 1 6 1 2 4 8 16 32
 786  350  347 0  76 1 6 1 2 4 8 16 32
 787  392  958 0  30 1 6 1 2 4 8 16 32
 788  669  658 0  79 1 6 1 2 4 8 16 32
 789  982  270 0  48 1 6 1 2 4 8 16 32
 790   93  538 0   6 1 6 1 2 4 8 16 32
 791  851  396 0  14 1 6 1 2 4 8 16 32
 792  753  602 0  88 1 6 1 2 4 8 16 32
 793  160  364 0  51 1 6 1 2 4 8 16 32
 794  421  774 0  16 1 6 1 2 4 8 16 32
 795  806  331 0  71 1 6 1 2 4 8 16 32
 796   54  671 0  43 1 6 1 2 4 8 16 32
 797  547  499 0   8 1 6 1 2 4 8 16 32
 798  634  587 0  42 1 6 1 2 4 8 16 32
 799  630  820 0   3 1 6 1 2 4 8 16 32
 800  326  366 0  16 1 6 1 2 4 8 16 32
 801    5  867 0  35 1 6 1 2 4 8 16 32
 802    1   82 0  30 1 6 1 2 4 8 16 32
 803  205  344 0  97 1 6 1 2 4 8 16 32
 804  868  755 0  88 1 6 1 2 4 8 16 32
 805  510   70 0  50 1 6 1 2 4 8 16 32
 806  658  322 0  23 1 6 1 2 4 8 16 32
 807  914  998 0  31 1 6 1 2 4 8 16 32
 808  349  688 0   9 1 6 1 2 4 8 16 32
 809   20  449 0  84 1 6 1 2 4 8 16 32
 810   98  459 0  86 1 6 1 2 4 8 16 32
 811  682  920 0  14 1 6 1 2 4 8 16 32
 812  181  415 0  55 1 6 1 2 4 8 16 32
 813    2  778 0  30 1 6 1 2 4 8 16 32
 814   17  619 0  95 1 6 1 2 4 8 16 32
 815  416  329 0  42 1 6 1 2 4 8 16 32
 816  834  154 0  10 1 6 1 2 4 8 16 32
 817  540  152 0  66 1 6 1 2 4 8 16 32
 818  531   62 0  39 1 6 1 2 4 8 16 32
 819   13  851 0  38 1 6 1 2 4 8 16 32
 820  270  554 0  66 1 6 1 2 4 8 16 32
 821  261  570 0  22 1 6 1 2 4 8 16 32
 822  303  265 0  78 1 6 1 2 4 8 16 32
 823  756  726 0   7 1 6 1 2 4 8 16 32
 824  446  570 0  80 1 6 1 2 4 8 16 32
 825  665  289 0  70 1 6 1 2 4 8 16 32
 826  692  403 0  91 1 6 1 2 4 8 16 32
 827    7  133 0  96 1 6 1 2 4 8 16 32
 828  548  233 0  29 1 6 1 2 4 8 16 32
 829   33  481 0  75 1 6 1 2 4 8 16 32
 830  856  988 0 100 1 6 1 2 4 8 16 32
 831  740  553 0  94 1 6 1 2 4 8 16 32
 832  999  761 0  64 1 6 1 2 4 8 16 32
 833  312  594 0  91 1 6 1 2 4 8 16 32
 834  333  855 0  96 1 6 1 2 4 8 16 32
 835  119  277 0  80 1 6 1 2 4 8 16 32
 836  125  557 0  50 1 6 1 2 4 8 16 32
 837  613  851 0  30 1 6 1 2 4 8 16 32
 838  257  554 0  88 1 6 1 2 4 8 16 32
 839  634  488 0  89 1 6 1 2 4 8 16 32
 840  524  343 0  93 1 6 1 2 4 8 16 32
 841  281  249 0  89 1 6 1 2 4 8 16 32
 842  101  167 0  50 1 6 1 2 4 8 16 32
 843  664  319 0  87 1 6 1 2 4 8 16 32
 844  791  172 0  35 1 6 1 2 4 8 16 32
 845  781  155 0  62 1 6 1 2 4 8 16 32
 846  476  776 0  77 1 6 1 2 4 8 16 32
 847   70  169 0  88 1 6 1 2 4 8 16 32
 848  470  589 0  60 1 6 1 2 4 8 16 32
 849  295  521 0  95 1 6 1 2 4 8 16 32
 850  584  724 0  85 1 6 1 2 4 8 16 32
 851  341   80 0  53 1 6 1 2 4 8 16 32
 852  272  883 0  18 1 6 1 2 4 8 16 32
 853  925  907 0  25 1 6 1 2 4 8 16 32
 854  325  503 0  52 1 6 1 2 4 8 16 32
 855  765   56 0  24 1 6 1 2 4 8 16 32
 856  406  907 0  47 1 6 1 2 4 8 16 32
 857  409  280 0  55 1 6 1 2 4 8 16 32
 858  547  858 0  29 1 6 1 2 4 8 16 32
 859  496  312 0  16 1 6 1 2 4 8 16 32
 860  766  980 0  74 1 6 1 2 4 8 16 32
 861  639  436 0  82 1 6 1 2 4 8 16 32
 862   13  766 0  14 1 6 1 2 4 8 16 32
 863  514  252 0  88 1 6 1 2 4 8 16 32
 864  751   95 0  17 1 6 1 2 4 8 16 32
 865  273  929 0  54 1 6 1 2 4 8 16 32
 866  679  116 0  91 1 6 1 2 4 8 16 32
 867  947  621 0  57 1 6 1 2 4 8 16 32
 868  636  374 0  20 1 6 1 2 4 8 16 32
 869  375  727 0  37 1 6 1 2 4 8 16 32
 870  991  741 0   9 1 6 1 2 4 8 16 32
 871  928  203 0  44 1 6 1 2 4 8 16 32
 872  934  997 0   3 1 6 1 2 4 8 16 32
 873  585  548 0  48 1 6 1 2 4 8 16 32
 874  538  170 0  12 1 6 1 2 4 8 16 32
 875  980  680 0  93 1 6 1 2 4 8 16 32
 876  705  611 0  14 1 6 1 2 4 8 16 32
 877  521   79 0  47 1 6 1 2 4 8 16 32
 878  211  246 0   8 1 6 1 2 4 8 16 32
 879  166  736 0  67 1 6 1 2 4 8 16 32
 880  915  578 0  73 1 6 1 2 4 8 16 32
 881  263  540 0  88 1 6 1 2 4 8 16 32
 882   22  470 0   6 1 6 1 2 4 8 16 32
 883   27  772 0  31 1 6 1 2 4 8 16 32
 884  500  874 0  40 1 6 1 2 4 8 16 32
 885  839    4 0  92 1 6 1 2 4 8 16 32
 886  188  667 0  11 1 6 1 2 4 8 16 32
 887  250  764 0  41 1 6 1 2 4 8 16 32
 888  425  975 0  21 1 6 1 2 4 8 16 32
 889   49  176 0  78 1 6 1 2 4 8 16 32
 890  555  697 0  94 1 6 1 2 4 8 16 32
 891  884  302 0  85 1 6 1 2 4 8 16 32
 892  337  965 0  43 1 6 1 2 4 8 16 32
 893  638  137 0  66 1 6 1 2 4 8 16 32
 894  456  670 0  85 1 6 1 2 4 8 16 32
 895  614  533 0 100 1 6 1 2 4 8 16 32
 896  310  572 0  89 1 6 1 2 4 8 16 32
 897  187  203 0  46 1 6 1 2 4 8 16 32
 898  308  983 0  39 1 6 1 2 4 8 16 32
 899  402  906 0  73 1 6 1 2 4 8 16 32
 900  827  653 0  62 1 6 1 2 4 8 16 32
 901  993  524 0  68 1 6 1 2 4 8 16 32
 902  933  566 0  42 1 6 1 2 4 8 16 32
 903  509  584 0  87 1 6 1 2 4 8 16 32
 904  424  429 0  59 1 6 1 2 4 8 16 32
 905  516  227 0  16 1 6 1 2 4 8 16 32
 906  112  371 0  18 1 6 1 2 4 8 16 32
 907  381  163 0   4 1 6 1 2 4 8 16 32
 908  543  883 0  10 1 6 1 2 4 8 16 32
 909  471  134 0  13 1 6 1 2 4 8 16 32
 910  814  602 0  95 1 6 1 2 4 8 16 32
 911  200  540 0  31 1 6 1 2 4 8 16 32
 912  634  323 0  70 1 6 1 2 4 8 16 32
 913  455  983 0  81 1 6 1 2 4 8 16 32
 914  622  339 0  49 1 6 1 2 4 8 16 32
 915  372  783 0  25 1 6 1 2 4 8 16 32
 916  598  905 0  83 1 6 1 2 4 8 16 32
 917  248  944 0  88 1 6 1 2 4 8 16 32
 918  227  799 0  80 1 6 1 2 4 8 16 32
 919   68  251 0  54 1 6 1 2 4 8 16 32
 920  802  238 0  62 1 6 1 2 4 8 16 32
 921  280  255 0  85 1 6 1 2 4 8 16 32
 922  420  194 0  68 1 6 1 2 4 8 16 32
 923  309  440 0  68 1 6 1 2 4 8 16 32
 924  149  663 0  84 1 6 1 2 4 8 16 32
 925  666  899 0  56 1 6 1 2 4 8 16 32
 926  889  752 0  98 1 6 1 2 4 8 16 32
 927   51  739 0  71 1 6 1 2 4 8 16 32
 928  985  477 0  50 1 6 1 2 4 8 16 32
 929  312  100 0  64 1 6 1 2 4 8 16 32
 930  850  924 0  93 1 6 1 2 4 8 16 32
 931  945  960 0  16 1 6 1 2 4 8 16 32
 932  264  408 0  91 1 6 1 2 4 8 16 32
 933  533   82 0  95 1 6 1 2 4 8 16 32
 934  920  128 0  97 1 6 1 2 4 8 16 32
 935  228  908 0  74 1 6 1 2 4 8 16 32
 936  656  804 0  86 1 6 1 2 4 8 16 32
 937   77  625 0  81 1 6 1 2 4 8 16 32
 938  701  743 0  36 1 6 1 2 4 8 16 32
 939  585  567 0  76 1 6 1 2 4 8 16 32
 940   64  951 0  11 1 6 1 2 4 8 16 32
 941  434  892 0  61 1 6 1 2 4 8 16 32
 942  309  757 0  33 1 6 1 2 4 8 16 32
 943  906  917 0  71 1 6 1 2 4 8 16 32
 944  922   85 0  88 1 6 1 2 4 8 16 32
 945  142  743 0  75 1 6 1 2 4 8 16 32
 946  311  439 0  30 1 6 1 2 4 8 16 32
 947  854   34 0  45 1 6 1 2 4 8 16 32
 948  358  928 0  57 1 6 1 2 4 8 16 32
 949  221  642 0  38 1 6 1 2 4 8 16 32
 950  554  433 0  20 1 6 1 2 4 8 16 32
 951  237  366 0  73 1 6 1 2 4 8 16 32
 952  738  763 0  33 1 6 1 2 4 8 16 32
 953   99  983 0  16 1 6 1 2 4 8 16 32
 954  462   80 0   2 1 6 1 2 4 8 16 32
 955   19   26 0  44 1 6 1 2 4 8 16 32
 956   51  740 0  25 1 6 1 2 4 8 16 32
 957  750  847 0  29 1 6 1 2 4 8 16 32
 958  581  599 0  78 1 6 1 2 4 8 16 32
 959  709  734 0  75 1 6 1 2 4 8 16 32
 960  711  792 0  68 1 6 1 2 4 8 16 32
 961  607  533 0  55 1 6 1 2 4 8 16 32
 962  846  565 0  69 1 6 1 2 4 8 16 32
 963   88  885 0  89 1 6 1 2 4 8 16 32
 964  142  603 0  65 1 6 1 2 4 8 16 32
 965  127  664 0  69 1 6 1 2 4 8 16 32
 966   57  220 0  88 1 6 1 2 4 8 16 32
 967  821  627 0  20 1 6 1 2 4 8 16 32
 968   26  234 0  21 1 6 1 2 4 8 16 32
 969  730  285 0   6 1 6 1 2 4 8 16 32
 970  381  763 0  79 1 6 1 2 4 8 16 32
 971  840  256 0  74 1 6 1 2 4 8 16 32
 972  440   36 0  60 1 6 1 2 4 8 16 32
 973  731  623 0  52 1 6 1 2 4 8 16 32
 974   78  640 0  59 1 6 1 2 4 8 16 32
 975  874  515 0  38 1 6 1 2 4 8 16 32
 976  594  455 0  30 1 6 1 2 4 8 16 32
 977  760  273 0  54 1 6 1 2 4 8 16 32
 978  593  345 0  73 1 6 1 2 4 8 16 32
 979  225  593 0  90 1 6 1 2 4 8 16 32
 980  631  547 0   6 1 6 1 2 4 8 16 32
 981  135   52 0  21 1 6 1 2 4 8 16 32
 982  155  120 0  74 1 6 1 2 4 8 16 32
 983  521  345 0  59 1 6 1 2 4 8 16 32
 984  180  788 0  18 1 6 1 2 4 8 16 32
 985  631  361 0  36 1 6 1 2 4 8 16 32
 986  864  329 0  18 1 6 1 2 4 8 16 32
 987  345  895 0  83 1 6 1 2 4 8 16 32
 988  379  301 0  18 1 6 1 2 4 8 16 32
 989  259  851 0  28 1 6 1 2 4 8 16 32
 990  624  353 0  77 1 6 1 2 4 8 16 32
 991  595   90 0  62 1 6 1 2 4 8 16 32
 992  548  652 0  17 1 6 1 2 4 8 16 32
 993  767  185 0  80 1 6 1 2 4 8 16 32
 994  315  107 0  38 1 6 1 2 4 8 16 32
 995  433  660 0  74 1 6 1 2 4 8 16 32
 996  484  903 0  28 1 6 1 2 4 8 16 32
 997    9   90 0  40 1 6 1 2 4 8 16 32
 998  668  379 0  52 1 6 1 2 4 8 16 32
 999  141  962 0  22 1 6 1 2 4 8 16 32
1000  273  502 0  44 1 6 1 2 4 8 16 32
1001  915  115 0  17 1 6 1 2 4 8 16 32
1002  119   68 0  79 1 6 1 2 4 8 16 32
1003  149  887 0  51 1 6 1 2 4 8 16 32
1004  629  672 0  63 1 6 1 2 4 8 16 32
1005   57  135 0  89 1 6 1 2 4 8 16 32
1006   61  881 0  89 1 6 1 2 4 8 16 32
1007   46  847 0  77 1 6 1 2 4 8 16 32
1008  265  317 0   9 1 6 1 2 4 8 16 32
1009  190  546 0  84 1 6 1 2 4 8 16 32
1010  770  933 0  54 1 6 1 2 4 8 16 32
1011  134  409 0  92 1 6 1 2 4 8 16 32
1012  835  439 0  49 1 6 1 2 4 8 16 32
1013  802  983 0 100 1 6 1 2 4 8 16 32
1014   55  845 0  38 1 6 1 2 4 8 16 32
1015    8   87 0   8 1 6 1 2 4 8 16 32
1016   38  922 0  21 1 6 1 2 4 8 16 32
1017  156  203 0  68 1 6 1 2 4 8 16 32
1018  602  219 0  36 1 6 1 2 4 8 16 32
1019  625  987 0  94 1 6 1 2 4 8 16 32
1020  923  156 0  70 1 6 1 2 4 8 16 32
1021  205  143 0  53 1 6 1 2 4 8 16 32
1022  174  969 0  16 1 6 1 2 4 8 16 32
1023  178   83 0  74 1 6 1 2 4 8 16 32
1024  903  119 0  11 1 6 1 2 4 8 16 32
1025  651  212 0  17 1 6 1 2 4 8 16 32
1026  124  454 0  85 1 6 1 2 4 8 16 32
1027  640  786 0  10 1 6 1 2 4 8 16 32
1028  292  991 0  79 1 6 1 2 4 8 16 32
1029   79  527 0  58 1 6 1 2 4 8 16 32
1030  635   58 0  38 1 6 1 2 4 8 16 32
1031  995  947 0  64 1 6 1 2 4 8 16 32
1032  924  116 0  95 1 6 1 2 4 8 16 32
1033  637  586 0  12 1 6 1 2 4 8 16 32
1034  380  632 0  81 1 6 1 2 4 8 16 32
1035  812  150 0  13 1 6 1 2 4 8 16 32
1036  286   15 0  47 1 6 1 2 4 8 16 32
1037  162  588 0   0 0 0
1038  129  742 0   0 0 0
1039  129  769 0   0 0 0
1040  585  248 0   0 0 0
1041  343  922 0   0 0 0
1042  554  993 0   0 0 0
