2 102 1085 10
0 248
0 248
0 248
0 248
0 248
0 248
0 248
0 248
0 248
0 248
   1  791  158 0  36 1 10 1 2 4 8 16 32 64 128 256 512
   2  285  541 0  59 1 10 1 2 4 8 16 32 64 128 256 512
   3  902   82 0   5 1 10 1 2 4 8 16 32 64 128 256 512
   4  586  815 0  45 1 10 1 2 4 8 16 32 64 128 256 512
   5  699  906 0  10 1 10 1 2 4 8 16 32 64 128 256 512
   6  905  831 0  98 1 10 1 2 4 8 16 32 64 128 256 512
   7  893  794 0 100 1 10 1 2 4 8 16 32 64 128 256 512
   8  932  215 0  60 1 10 1 2 4 8 16 32 64 128 256 512
   9  259  983 0  25 1 10 1 2 4 8 16 32 64 128 256 512
  10  589  455 0  92 1 10 1 2 4 8 16 32 64 128 256 512
  11  475  718 0  77 1 10 1 2 4 8 16 32 64 128 256 512
  12  210  243 0  47 1 10 1 2 4 8 16 32 64 128 256 512
  13  770  429 0  94 1 10 1 2 4 8 16 32 64 128 256 512
  14   68  530 0  91 1 10 1 2 4 8 16 32 64 128 256 512
  15  246  897 0  99 1 10 1 2 4 8 16 32 64 128 256 512
  16  276  855 0  58 1 10 1 2 4 8 16 32 64 128 256 512
  17   80  312 0  88 1 10 1 2 4 8 16 32 64 128 256 512
  18  593  494 0  61 1 10 1 2 4 8 16 32 64 128 256 512
  19  325  657 0  78 1 10 1 2 4 8 16 32 64 128 256 512
  20  617  438 0  68 1 10 1 2 4 8 16 32 64 128 256 512
  21  192  601 0  51 1 10 1 2 4 8 16 32 64 128 256 512
  22  409  554 0  79 1 10 1 2 4 8 16 32 64 128 256 512
  23  548  190 0  11 1 10 1 2 4 8 16 32 64 128 256 512
  24  342  957 0  88 1 10 1 2 4 8 16 32 64 128 256 512
  25  618  250 0  64 1 10 1 2 4 8 16 32 64 128 256 512
  26  158   51 0  87 1 10 1 2 4 8 16 32 64 128 256 512
  27  678  936 0  70 1 10 1 2 4 8 16 32 64 128 256 512
  28  885  892 0  94 1 10 1 2 4 8 16 32 64 128 256 512
  29  635  829 0  83 1 10 1 2 4 8 16 32 64 128 256 512
  30  933  656 0  34 1 10 1 2 4 8 16 32 64 128 256 512
  31  510  652 0  34 1 10 1 2 4 8 16 32 64 128 256 512
  32  647  350 0   2 1 10 1 2 4 8 16 32 64 128 256 512
  33  536  162 0  48 1 10 1 2 4 8 16 32 64 128 256 512
  34  692  826 0  95 1 10 1 2 4 8 16 32 64 128 256 512
  35  586  470 0  80 1 10 1 2 4 8 16 32 64 128 256 512
  36  131  878 0  26 1 10 1 2 4 8 16 32 64 128 256 512
  37  303  914 0  28 1 10 1 2 4 8 16 32 64 128 256 512
  38  833  775 0  83 1 10 1 2 4 8 16 32 64 128 256 512
  39  614  496 0  91 1 10 1 2 4 8 16 32 64 128 256 512
  40  814  401 0  14 1 10 1 2 4 8 16 32 64 128 256 512
  41  851  226 0  11 1 10 1 2 4 8 16 32 64 128 256 512
  42  800  379 0  52 1 10 1 2 4 8 16 32 64 128 256 512
  43  119  249 0  30 1 10 1 2 4 8 16 32 64 128 256 512
  44  552  504 0  68 1 10 1 2 4 8 16 32 64 128 256 512
  45  947  462 0  36 1 10 1 2 4 8 16 32 64 128 256 512
  46  852  427 0 100 1 10 1 2 4 8 16 32 64 128 256 512
  47  759  106 0  49 1 10 1 2 4 8 16 32 64 128 256 512
  48  515  229 0  19 1 10 1 2 4 8 16 32 64 128 256 512
  49  395  659 0  80 1 10 1 2 4 8 16 32 64 128 256 512
  50   70  249 0  56 1 10 1 2 4 8 16 32 64 128 256 512
  51  859  520 0  95 1 10 1 2 4 8 16 32 64 128 256 512
  52  134  936 0   2 1 10 1 2 4 8 16 32 64 128 256 512
  53  202  493 0  35 1 10 1 2 4 8 16 32 64 128 256 512
  54  750  172 0  10 1 10 1 2 4 8 16 32 64 128 256 512
  55  329  187 0  27 1 10 1 2 4 8 16 32 64 128 256 512
  56  428  683 0  74 1 10 1 2 4 8 16 32 64 128 256 512
  57   61  544 0   7 1 10 1 2 4 8 16 32 64 128 256 512
  58  202  597 0  46 1 10 1 2 4 8 16 32 64 128 256 512
  59  373  150 0  10 1 10 1 2 4 8 16 32 64 128 256 512
  60  269  911 0   6 1 10 1 2 4 8 16 32 64 128 256 512
  61  668  800 0  97 1 10 1 2 4 8 16 32 64 128 256 512
  62   99  613 0  51 1 10 1 2 4 8 16 32 64 128 256 512
  63  509  569 0  26 1 10 1 2 4 8 16 32 64 128 256 512
  64  926  607 0   4 1 10 1 2 4 8 16 32 64 128 256 512
  65   50  434 0  85 1 10 1 2 4 8 16 32 64 128 256 512
  66  366   36 0  17 1 10 1 2 4 8 16 32 64 128 256 512
  67  183   85 0  89 1 10 1 2 4 8 16 32 64 128 256 512
  68  337  482 0  71 1 10 1 2 4 8 16 32 64 128 256 512
  69  872  296 0  98 1 10 1 2 4 8 16 32 64 128 256 512
  70  124  349 0  56 1 10 1 2 4 8 16 32 64 128 256 512
  71  514  309 0  20 1 10 1 2 4 8 16 32 64 128 256 512
  72  771  668 0  99 1 10 1 2 4 8 16 32 64 128 256 512
  73  575  496 0  45 1 10 1 2 4 8 16 32 64 128 256 512
  74  872  195 0  75 1 10 1 2 4 8 16 32 64 128 256 512
  75  299  772 0  61 1 10 1 2 4 8 16 32 64 128 256 512
  76  874  268 0  65 1 10 1 2 4 8 16 32 64 128 256 512
  77  142  768 0   6 1 10 1 2 4 8 16 32 64 128 256 512
  78  595  626 0  16 1 10 1 2 4 8 16 32 64 128 256 512
  79  220  394 0  42 1 10 1 2 4 8 16 32 64 128 256 512
  80  736  467 0  82 1 10 1 2 4 8 16 32 64 128 256 512
  81  273  775 0  24 1 10 1 2 4 8 16 32 64 128 256 512
  82  902  789 0   4 1 10 1 2 4 8 16 32 64 128 256 512
  83  826  313 0  61 1 10 1 2 4 8 16 32 64 128 256 512
  84  366  559 0  29 1 10 1 2 4 8 16 32 64 128 256 512
  85  632  619 0  43 1 10 1 2 4 8 16 32 64 128 256 512
  86  972  830 0  23 1 10 1 2 4 8 16 32 64 128 256 512
  87  917   39 0  65 1 10 1 2 4 8 16 32 64 128 256 512
  88  814  380 0  96 1 10 1 2 4 8 16 32 64 128 256 512
  89  860  210 0  35 1 10 1 2 4 8 16 32 64 128 256 512
  90  914  121 0  33 1 10 1 2 4 8 16 32 64 128 256 512
  91  397  538 0  18 1 10 1 2 4 8 16 32 64 128 256 512
  92  811  705 0  76 1 10 1 2 4 8 16 32 64 128 256 512
  93  829  470 0  65 1 10 1 2 4 8 16 32 64 128 256 512
  94  901  451 0   8 1 10 1 2 4 8 16 32 64 128 256 512
  95  252  725 0  79 1 10 1 2 4 8 16 32 64 128 256 512
  96  996  252 0  60 1 10 1 2 4 8 16 32 64 128 256 512
  97   42  409 0  28 1 10 1 2 4 8 16 32 64 128 256 512
  98  430  712 0   5 1 10 1 2 4 8 16 32 64 128 256 512
  99  375  790 0  94 1 10 1 2 4 8 16 32 64 128 256 512
 100  324  227 0  38 1 10 1 2 4 8 16 32 64 128 256 512
 101  877  878 0  86 1 10 1 2 4 8 16 32 64 128 256 512
 102  554  596 0  67 1 10 1 2 4 8 16 32 64 128 256 512
 103  656  402 0  83 1 10 1 2 4 8 16 32 64 128 256 512
 104  869  714 0  78 1 10 1 2 4 8 16 32 64 128 256 512
 105  186  183 0  72 1 10 1 2 4 8 16 32 64 128 256 512
 106  245  509 0  65 1 10 1 2 4 8 16 32 64 128 256 512
 107   57  829 0  53 1 10 1 2 4 8 16 32 64 128 256 512
 108  559  743 0  87 1 10 1 2 4 8 16 32 64 128 256 512
 109  765   80 0  35 1 10 1 2 4 8 16 32 64 128 256 512
 110  929  981 0  62 1 10 1 2 4 8 16 32 64 128 256 512
 111  714  493 0   3 1 10 1 2 4 8 16 32 64 128 256 512
 112   74   15 0  42 1 10 1 2 4 8 16 32 64 128 256 512
 113  492  414 0  87 1 10 1 2 4 8 16 32 64 128 256 512
 114  296  333 0  63 1 10 1 2 4 8 16 32 64 128 256 512
 115   14  776 0  42 1 10 1 2 4 8 16 32 64 128 256 512
 116  475  509 0  28 1 10 1 2 4 8 16 32 64 128 256 512
 117  929  323 0  20 1 10 1 2 4 8 16 32 64 128 256 512
 118  132  772 0  11 1 10 1 2 4 8 16 32 64 128 256 512
 119  524  500 0 100 1 10 1 2 4 8 16 32 64 128 256 512
 120  761  460 0  69 1 10 1 2 4 8 16 32 64 128 256 512
 121  808  952 0  36 1 10 1 2 4 8 16 32 64 128 256 512
 122  813  552 0  47 1 10 1 2 4 8 16 32 64 128 256 512
 123  999   52 0  10 1 10 1 2 4 8 16 32 64 128 256 512
 124  759  115 0  60 1 10 1 2 4 8 16 32 64 128 256 512
 125  199  610 0  65 1 10 1 2 4 8 16 32 64 128 256 512
 126  979  908 0  79 1 10 1 2 4 8 16 32 64 128 256 512
 127  540  959 0  26 1 10 1 2 4 8 16 32 64 128 256 512
 128  826  533 0  59 1 10 1 2 4 8 16 32 64 128 256 512
 129   89  312 0  42 1 10 1 2 4 8 16 32 64 128 256 512
 130  320  373 0  99 1 10 1 2 4 8 16 32 64 128 256 512
 131  140  553 0  88 1 10 1 2 4 8 16 32 64 128 256 512
 132  464  552 0   9 1 10 1 2 4 8 16 32 64 128 256 512
 133 1000  705 0  89 1 10 1 2 4 8 16 32 64 128 256 512
 134  436  927 0  80 1 10 1 2 4 8 16 32 64 128 256 512
 135  360   48 0  54 1 10 1 2 4 8 16 32 64 128 256 512
 136  722  935 0  43 1 10 1 2 4 8 16 32 64 128 256 512
 137  893  638 0  13 1 10 1 2 4 8 16 32 64 128 256 512
 138  290  703 0  18 1 10 1 2 4 8 16 32 64 128 256 512
 139  395   34 0  67 1 10 1 2 4 8 16 32 64 128 256 512
 140  177  757 0  92 1 10 1 2 4 8 16 32 64 128 256 512
 141  856  737 0  66 1 10 1 2 4 8 16 32 64 128 256 512
 142  625  589 0  41 1 10 1 2 4 8 16 32 64 128 256 512
 143  562  938 0  33 1 10 1 2 4 8 16 32 64 128 256 512
 144  565  723 0  42 1 10 1 2 4 8 16 32 64 128 256 512
 145  492  163 0  12 1 10 1 2 4 8 16 32 64 128 256 512
 146  387  134 0  32 1 10 1 2 4 8 16 32 64 128 256 512
 147  904  455 0  16 1 10 1 2 4 8 16 32 64 128 256 512
 148  162  310 0  63 1 10 1 2 4 8 16 32 64 128 256 512
 149  156  909 0  45 1 10 1 2 4 8 16 32 64 128 256 512
 150  974  227 0  58 1 10 1 2 4 8 16 32 64 128 256 512
 151  381  860 0  77 1 10 1 2 4 8 16 32 64 128 256 512
 152  107  320 0  69 1 10 1 2 4 8 16 32 64 128 256 512
 153  368  572 0  68 1 10 1 2 4 8 16 32 64 128 256 512
 154  812  947 0   4 1 10 1 2 4 8 16 32 64 128 256 512
 155  993  610 0 100 1 10 1 2 4 8 16 32 64 128 256 512
 156  299   79 0  88 1 10 1 2 4 8 16 32 64 128 256 512
 157  805  453 0  73 1 10 1 2 4 8 16 32 64 128 256 512
 158   41  613 0  58 1 10 1 2 4 8 16 32 64 128 256 512
 159  799  651 0  51 1 10 1 2 4 8 16 32 64 128 256 512
 160  368  552 0  58 1 10 1 2 4 8 16 32 64 128 256 512
 161  197  631 0  98 1 10 1 2 4 8 16 32 64 128 256 512
 162  104  267 0  99 1 10 1 2 4 8 16 32 64 128 256 512
 163  268   40 0  92 1 10 1 2 4 8 16 32 64 128 256 512
 164  522  875 0  45 1 10 1 2 4 8 16 32 64 128 256 512
 165  447  198 0  59 1 10 1 2 4 8 16 32 64 128 256 512
 166  909  895 0  80 1 10 1 2 4 8 16 32 64 128 256 512
 167  722  728 0  78 1 10 1 2 4 8 16 32 64 128 256 512
 168  158  931 0  39 1 10 1 2 4 8 16 32 64 128 256 512
 169  702   81 0   7 1 10 1 2 4 8 16 32 64 128 256 512
 170   52  521 0  23 1 10 1 2 4 8 16 32 64 128 256 512
 171  366  933 0   3 1 10 1 2 4 8 16 32 64 128 256 512
 172  266  369 0  91 1 10 1 2 4 8 16 32 64 128 256 512
 173  132  946 0  88 1 10 1 2 4 8 16 32 64 128 256 512
 174   54  908 0  18 1 10 1 2 4 8 16 32 64 128 256 512
 175   12  828 0   7 1 10 1 2 4 8 16 32 64 128 256 512
 176  798  152 0  32 1 10 1 2 4 8 16 32 64 128 256 512
 177   40  420 0  40 1 10 1 2 4 8 16 32 64 128 256 512
 178  557  422 0  12 1 10 1 2 4 8 16 32 64 128 256 512
 179  963   48 0  43 1 10 1 2 4 8 16 32 64 128 256 512
 180  998  336 0  36 1 10 1 2 4 8 16 32 64 128 256 512
 181  351  657 0  57 1 10 1 2 4 8 16 32 64 128 256 512
 182   70  340 0  78 1 10 1 2 4 8 16 32 64 128 256 512
 183  141  995 0  28 1 10 1 2 4 8 16 32 64 128 256 512
 184  637  775 0  68 1 10 1 2 4 8 16 32 64 128 256 512
 185  919  229 0 100 1 10 1 2 4 8 16 32 64 128 256 512
 186  867  471 0  60 1 10 1 2 4 8 16 32 64 128 256 512
 187  398  382 0  25 1 10 1 2 4 8 16 32 64 128 256 512
 188   76  633 0  80 1 10 1 2 4 8 16 32 64 128 256 512
 189  311  904 0  92 1 10 1 2 4 8 16 32 64 128 256 512
 190  389  426 0  63 1 10 1 2 4 8 16 32 64 128 256 512
 191  638  843 0  93 1 10 1 2 4 8 16 32 64 128 256 512
 192   60   61 0  60 1 10 1 2 4 8 16 32 64 128 256 512
 193  664  199 0  66 1 10 1 2 4 8 16 32 64 128 256 512
 194  718  277 0  63 1 10 1 2 4 8 16 32 64 128 256 512
 195  585  933 0  57 1 10 1 2 4 8 16 32 64 128 256 512
 196    3   91 0  11 1 10 1 2 4 8 16 32 64 128 256 512
 197  431   40 0  21 1 10 1 2 4 8 16 32 64 128 256 512
 198  122  240 0  11 1 10 1 2 4 8 16 32 64 128 256 512
 199  566  265 0  98 1 10 1 2 4 8 16 32 64 128 256 512
 200  447  847 0  55 1 10 1 2 4 8 16 32 64 128 256 512
 201  127  233 0  38 1 10 1 2 4 8 16 32 64 128 256 512
 202  721  200 0  27 1 10 1 2 4 8 16 32 64 128 256 512
 203  615  220 0  27 1 10 1 2 4 8 16 32 64 128 256 512
 204  297  970 0  66 1 10 1 2 4 8 16 32 64 128 256 512
 205  705  743 0  60 1 10 1 2 4 8 16 32 64 128 256 512
 206  665   20 0  50 1 10 1 2 4 8 16 32 64 128 256 512
 207  420  443 0  37 1 10 1 2 4 8 16 32 64 128 256 512
 208  535  695 0  72 1 10 1 2 4 8 16 32 64 128 256 512
 209  779  384 0  72 1 10 1 2 4 8 16 32 64 128 256 512
 210  907  105 0  71 1 10 1 2 4 8 16 32 64 128 256 512
 211    8  989 0   5 1 10 1 2 4 8 16 32 64 128 256 512
 212  939   21 0  39 1 10 1 2 4 8 16 32 64 128 256 512
 213  828  898 0  97 1 10 1 2 4 8 16 32 64 128 256 512
 214  459  452 0  78 1 10 1 2 4 8 16 32 64 128 256 512
 215  179  550 0  38 1 10 1 2 4 8 16 32 64 128 256 512
 216  338  988 0  63 1 10 1 2 4 8 16 32 64 128 256 512
 217  394  616 0  57 1 10 1 2 4 8 16 32 64 128 256 512
 218  352  333 0  83 1 10 1 2 4 8 16 32 64 128 256 512
 219  502  165 0  18 1 10 1 2 4 8 16 32 64 128 256 512
 220  536  407 0  25 1 10 1 2 4 8 16 32 64 128 256 512
 221  803  119 0  12 1 10 1 2 4 8 16 32 64 128 256 512
 222  312  543 0  82 1 10 1 2 4 8 16 32 64 128 256 512
 223  390  393 0  10 1 10 1 2 4 8 16 32 64 128 256 512
 224  809  148 0   7 1 10 1 2 4 8 16 32 64 128 256 512
 225  620  557 0  58 1 10 1 2 4 8 16 32 64 128 256 512
 226  600  458 0  38 1 10 1 2 4 8 16 32 64 128 256 512
 227  296  980 0  45 1 10 1 2 4 8 16 32 64 128 256 512
 228  815   41 0  78 1 10 1 2 4 8 16 32 64 128 256 512
 229  949  706 0  38 1 10 1 2 4 8 16 32 64 128 256 512
 230  722  244 0  37 1 10 1 2 4 8 16 32 64 128 256 512
 231  851  461 0   8 1 10 1 2 4 8 16 32 64 128 256 512
 232  978  619 0  35 1 10 1 2 4 8 16 32 64 128 256 512
 233  969  978 0  57 1 10 1 2 4 8 16 32 64 128 256 512
 234  224  207 0  65 1 10 1 2 4 8 16 32 64 128 256 512
 235  160   24 0 100 1 10 1 2 4 8 16 32 64 128 256 512
 236  586  579 0  23 1 10 1 2 4 8 16 32 64 128 256 512
 237    6  875 0  71 1 10 1 2 4 8 16 32 64 128 256 512
 238  731  787 0  82 1 10 1 2 4 8 16 32 64 128 256 512
 239   54  917 0 100 1 10 1 2 4 8 16 32 64 128 256 512
 240  832  757 0  74 1 10 1 2 4 8 16 32 64 128 256 512
 241  244  800 0  80 1 10 1 2 4 8 16 32 64 128 256 512
 242  809  133 0  58 1 10 1 2 4 8 16 32 64 128 256 512
 243  610  510 0  76 1 10 1 2 4 8 16 32 64 128 256 512
 244  760   80 0  42 1 10 1 2 4 8 16 32 64 128 256 512
 245   11  165 0  96 1 10 1 2 4 8 16 32 64 128 256 512
 246  817  147 0  75 1 10 1 2 4 8 16 32 64 128 256 512
 247  274  734 0  69 1 10 1 2 4 8 16 32 64 128 256 512
 248  156  607 0   3 1 10 1 2 4 8 16 32 64 128 256 512
 249  915  692 0  15 1 10 1 2 4 8 16 32 64 128 256 512
 250  758  200 0  19 1 10 1 2 4 8 16 32 64 128 256 512
 251  908  627 0  54 1 10 1 2 4 8 16 32 64 128 256 512
 252  824  964 0  16 1 10 1 2 4 8 16 32 64 128 256 512
 253  354  291 0  21 1 10 1 2 4 8 16 32 64 128 256 512
 254  762  268 0  41 1 10 1 2 4 8 16 32 64 128 256 512
 255  782  350 0  95 1 10 1 2 4 8 16 32 64 128 256 512
 256  186  735 0  35 1 10 1 2 4 8 16 32 64 128 256 512
 257    5  630 0  80 1 10 1 2 4 8 16 32 64 128 256 512
 258  823  724 0  41 1 10 1 2 4 8 16 32 64 128 256 512
 259  585  371 0  27 1 10 1 2 4 8 16 32 64 128 256 512
 260  553  373 0  30 1 10 1 2 4 8 16 32 64 128 256 512
 261  839   27 0  89 1 10 1 2 4 8 16 32 64 128 256 512
 262  631  774 0  60 1 10 1 2 4 8 16 32 64 128 256 512
 263  382  251 0   1 1 10 1 2 4 8 16 32 64 128 256 512
 264  100  573 0  17 1 10 1 2 4 8 16 32 64 128 256 512
 265  421   40 0  21 1 10 1 2 4 8 16 32 64 128 256 512
 266   48  813 0  45 1 10 1 2 4 8 16 32 64 128 256 512
 267  640  550 0  25 1 10 1 2 4 8 16 32 64 128 256 512
 268   14  420 0  85 1 10 1 2 4 8 16 32 64 128 256 512
 269  180  108 0  63 1 10 1 2 4 8 16 32 64 128 256 512
 270   37  231 0  79 1 10 1 2 4 8 16 32 64 128 256 512
 271  391  248 0  70 1 10 1 2 4 8 16 32 64 128 256 512
 272  227  238 0  70 1 10 1 2 4 8 16 32 64 128 256 512
 273  864  693 0  24 1 10 1 2 4 8 16 32 64 128 256 512
 274  157  216 0  30 1 10 1 2 4 8 16 32 64 128 256 512
 275  951  563 0   5 1 10 1 2 4 8 16 32 64 128 256 512
 276  472  874 0  51 1 10 1 2 4 8 16 32 64 128 256 512
 277  500  478 0   8 1 10 1 2 4 8 16 32 64 128 256 512
 278   29  280 0  38 1 10 1 2 4 8 16 32 64 128 256 512
 279  438  390 0  27 1 10 1 2 4 8 16 32 64 128 256 512
 280  460  496 0  68 1 10 1 2 4 8 16 32 64 128 256 512
 281  888  754 0  10 1 10 1 2 4 8 16 32 64 128 256 512
 282  529  329 0  38 1 10 1 2 4 8 16 32 64 128 256 512
 283  802  220 0  38 1 10 1 2 4 8 16 32 64 128 256 512
 284   17  450 0  72 1 10 1 2 4 8 16 32 64 128 256 512
 285  903  717 0  80 1 10 1 2 4 8 16 32 64 128 256 512
 286  380  659 0  49 1 10 1 2 4 8 16 32 64 128 256 512
 287  558  920 0  82 1 10 1 2 4 8 16 32 64 128 256 512
 288  583  765 0  30 1 10 1 2 4 8 16 32 64 128 256 512
 289  983  156 0  91 1 10 1 2 4 8 16 32 64 128 256 512
 290  715  235 0  68 1 10 1 2 4 8 16 32 64 128 256 512
 291  415  754 0  89 1 10 1 2 4 8 16 32 64 128 256 512
 292  802  105 0  44 1 10 1 2 4 8 16 32 64 128 256 512
 293  288  978 0  94 1 10 1 2 4 8 16 32 64 128 256 512
 294  689  795 0  20 1 10 1 2 4 8 16 32 64 128 256 512
 295  750  906 0  56 1 10 1 2 4 8 16 32 64 128 256 512
 296  585  677 0  31 1 10 1 2 4 8 16 32 64 128 256 512
 297  926  255 0  19 1 10 1 2 4 8 16 32 64 128 256 512
 298  561  946 0  99 1 10 1 2 4 8 16 32 64 128 256 512
 299  873  618 0  82 1 10 1 2 4 8 16 32 64 128 256 512
 300  599  857 0  81 1 10 1 2 4 8 16 32 64 128 256 512
 301  470  418 0  94 1 10 1 2 4 8 16 32 64 128 256 512
 302  794  864 0   4 1 10 1 2 4 8 16 32 64 128 256 512
 303   92  570 0  36 1 10 1 2 4 8 16 32 64 128 256 512
 304  286  852 0  49 1 10 1 2 4 8 16 32 64 128 256 512
 305  301  796 0  65 1 10 1 2 4 8 16 32 64 128 256 512
 306  299  803 0  23 1 10 1 2 4 8 16 32 64 128 256 512
 307  715  170 0  32 1 10 1 2 4 8 16 32 64 128 256 512
 308  436  216 0  56 1 10 1 2 4 8 16 32 64 128 256 512
 309   76  833 0  98 1 10 1 2 4 8 16 32 64 128 256 512
 310  360  824 0  81 1 10 1 2 4 8 16 32 64 128 256 512
 311  172  125 0  12 1 10 1 2 4 8 16 32 64 128 256 512
 312  122  335 0  90 1 10 1 2 4 8 16 32 64 128 256 512
 313  944  584 0   4 1 10 1 2 4 8 16 32 64 128 256 512
 314  674  594 0  17 1 10 1 2 4 8 16 32 64 128 256 512
 315  597  255 0  27 1 10 1 2 4 8 16 32 64 128 256 512
 316  927  148 0  47 1 10 1 2 4 8 16 32 64 128 256 512
 317  551  792 0  32 1 10 1 2 4 8 16 32 64 128 256 512
 318  804  615 0  19 1 10 1 2 4 8 16 32 64 128 256 512
 319  266  597 0  65 1 10 1 2 4 8 16 32 64 128 256 512
 320  447  361 0  21 1 10 1 2 4 8 16 32 64 128 256 512
 321  718  394 0  32 1 10 1 2 4 8 16 32 64 128 256 512
 322  847  411 0  26 1 10 1 2 4 8 16 32 64 128 256 512
 323  386  557 0   2 1 10 1 2 4 8 16 32 64 128 256 512
 324  959  211 0   3 1 10 1 2 4 8 16 32 64 128 256 512
 325  389  672 0  68 1 10 1 2 4 8 16 32 64 128 256 512
 326  116  275 0   7 1 10 1 2 4 8 16 32 64 128 256 512
 327  924   85 0  83 1 10 1 2 4 8 16 32 64 128 256 512
 328  336  359 0  31 1 10 1 2 4 8 16 32 64 128 256 512
 329  289   98 0   2 1 10 1 2 4 8 16 32 64 128 256 512
 330  417  141 0   5 1 10 1 2 4 8 16 32 64 128 256 512
 331  571  907 0  29 1 10 1 2 4 8 16 32 64 128 256 512
 332  756  958 0  86 1 10 1 2 4 8 16 32 64 128 256 512
 333  620  702 0   4 1 10 1 2 4 8 16 32 64 128 256 512
 334  278  699 0  96 1 10 1 2 4 8 16 32 64 128 256 512
 335  528  960 0   5 1 10 1 2 4 8 16 32 64 128 256 512
 336  449  133 0  35 1 10 1 2 4 8 16 32 64 128 256 512
 337  417  841 0  29 1 10 1 2 4 8 16 32 64 128 256 512
 338  875  315 0   9 1 10 1 2 4 8 16 32 64 128 256 512
 339  630  919 0  76 1 10 1 2 4 8 16 32 64 128 256 512
 340  548  854 0   9 1 10 1 2 4 8 16 32 64 128 256 512
 341  213  492 0  42 1 10 1 2 4 8 16 32 64 128 256 512
 342  261  324 0  24 1 10 1 2 4 8 16 32 64 128 256 512
 343  998   75 0  45 1 10 1 2 4 8 16 32 64 128 256 512
 344  945  802 0  54 1 10 1 2 4 8 16 32 64 128 256 512
 345  718  790 0  85 1 10 1 2 4 8 16 32 64 128 256 512
 346  514  883 0  69 1 10 1 2 4 8 16 32 64 128 256 512
 347  583  385 0  59 1 10 1 2 4 8 16 32 64 128 256 512
 348  234  150 0  62 1 10 1 2 4 8 16 32 64 128 256 512
 349  439  120 0  75 1 10 1 2 4 8 16 32 64 128 256 512
 350  754  932 0  51 1 10 1 2 4 8 16 32 64 128 256 512
 351  931  852 0  71 1 10 1 2 4 8 16 32 64 128 256 512
 352  453  600 0  34 1 10 1 2 4 8 16 32 64 128 256 512
 353  641  138 0  68 1 10 1 2 4 8 16 32 64 128 256 512
 354  790  274 0  64 1 10 1 2 4 8 16 32 64 128 256 512
 355    1  567 0  40 1 10 1 2 4 8 16 32 64 128 256 512
 356  623  133 0  96 1 10 1 2 4 8 16 32 64 128 256 512
 357   20  291 0  84 1 10 1 2 4 8 16 32 64 128 256 512
 358  958  913 0  11 1 10 1 2 4 8 16 32 64 128 256 512
 359  962  184 0  70 1 10 1 2 4 8 16 32 64 128 256 512
 360  526  259 0  32 1 10 1 2 4 8 16 32 64 128 256 512
 361  200  311 0  85 1 10 1 2 4 8 16 32 64 128 256 512
 362  954  529 0  96 1 10 1 2 4 8 16 32 64 128 256 512
 363   83  531 0  40 1 10 1 2 4 8 16 32 64 128 256 512
 364  516   94 0  26 1 10 1 2 4 8 16 32 64 128 256 512
 365  786   53 0  64 1 10 1 2 4 8 16 32 64 128 256 512
 366  409  920 0  16 1 10 1 2 4 8 16 32 64 128 256 512
 367   16  758 0  26 1 10 1 2 4 8 16 32 64 128 256 512
 368  489  425 0  88 1 10 1 2 4 8 16 32 64 128 256 512
 369  563  904 0  22 1 10 1 2 4 8 16 32 64 128 256 512
 370  587    9 0  72 1 10 1 2 4 8 16 32 64 128 256 512
 371  337   67 0  91 1 10 1 2 4 8 16 32 64 128 256 512
 372  767  158 0   6 1 10 1 2 4 8 16 32 64 128 256 512
 373  575  983 0  41 1 10 1 2 4 8 16 32 64 128 256 512
 374  238  891 0  76 1 10 1 2 4 8 16 32 64 128 256 512
 375  391  618 0  13 1 10 1 2 4 8 16 32 64 128 256 512
 376  646  645 0  62 1 10 1 2 4 8 16 32 64 128 256 512
 377  919  717 0  31 1 10 1 2 4 8 16 32 64 128 256 512
 378  862  256 0  14 1 10 1 2 4 8 16 32 64 128 256 512
 379   71  939 0  81 1 10 1 2 4 8 16 32 64 128 256 512
 380  491  120 0  22 1 10 1 2 4 8 16 32 64 128 256 512
 381  201    0 0  80 1 10 1 2 4 8 16 32 64 128 256 512
 382  358  212 0  77 1 10 1 2 4 8 16 32 64 128 256 512
 383  219  940 0  30 1 10 1 2 4 8 16 32 64 128 256 512
 384  211  396 0   6 1 10 1 2 4 8 16 32 64 128 256 512
 385  801  331 0  97 1 10 1 2 4 8 16 32 64 128 256 512
 386  474  158 0  63 1 10 1 2 4 8 16 32 64 128 256 512
 387  477  621 0  89 1 10 1 2 4 8 16 32 64 128 256 512
 388   50  125 0  41 1 10 1 2 4 8 16 32 64 128 256 512
 389  156  681 0  89 1 10 1 2 4 8 16 32 64 128 256 512
 390  630  181 0  56 1 10 1 2 4 8 16 32 64 128 256 512
 391  687  701 0  64 1 10 1 2 4 8 16 32 64 128 256 512
 392  135   39 0  23 1 10 1 2 4 8 16 32 64 128 256 512
 393   87  626 0  97 1 10 1 2 4 8 16 32 64 128 256 512
 394  987  182 0  13 1 10 1 2 4 8 16 32 64 128 256 512
 395  700  708 0  44 1 10 1 2 4 8 16 32 64 128 256 512
 396  790  342 0  87 1 10 1 2 4 8 16 32 64 128 256 512
 397  141  415 0  23 1 10 1 2 4 8 16 32 64 128 256 512
 398  973  610 0  44 1 10 1 2 4 8 16 32 64 128 256 512
 399  163  271 0  96 1 10 1 2 4 8 16 32 64 128 256 512
 400   98  220 0  92 1 10 1 2 4 8 16 32 64 128 256 512
 401  901   67 0  15 1 10 1 2 4 8 16 32 64 128 256 512
 402  596  100 0  56 1 10 1 2 4 8 16 32 64 128 256 512
 403  478  701 0  19 1 10 1 2 4 8 16 32 64 128 256 512
 404  743  699 0  55 1 10 1 2 4 8 16 32 64 128 256 512
 405  916  108 0  82 1 10 1 2 4 8 16 32 64 128 256 512
 406  113  991 0  88 1 10 1 2 4 8 16 32 64 128 256 512
 407  874  141 0   7 1 10 1 2 4 8 16 32 64 128 256 512
 408  765  554 0  83 1 10 1 2 4 8 16 32 64 128 256 512
 409  251  249 0  14 1 10 1 2 4 8 16 32 64 128 256 512
 410  869  319 0  90 1 10 1 2 4 8 16 32 64 128 256 512
 411  460  808 0  87 1 10 1 2 4 8 16 32 64 128 256 512
 412  407  887 0  61 1 10 1 2 4 8 16 32 64 128 256 512
 413  112  912 0  27 1 10 1 2 4 8 16 32 64 128 256 512
 414  504  262 0  27 1 10 1 2 4 8 16 32 64 128 256 512
 415  684  860 0  34 1 10 1 2 4 8 16 32 64 128 256 512
 416  385  394 0  95 1 10 1 2 4 8 16 32 64 128 256 512
 417  976  188 0  25 1 10 1 2 4 8 16 32 64 128 256 512
 418  177  208 0  65 1 10 1 2 4 8 16 32 64 128 256 512
 419   23  838 0  66 1 10 1 2 4 8 16 32 64 128 256 512
 420    3  854 0  54 1 10 1 2 4 8 16 32 64 128 256 512
 421  217  748 0  50 1 10 1 2 4 8 16 32 64 128 256 512
 422  339  988 0  76 1 10 1 2 4 8 16 32 64 128 256 512
 423  521  878 0  29 1 10 1 2 4 8 16 32 64 128 256 512
 424   39  627 0  75 1 10 1 2 4 8 16 32 64 128 256 512
 425  792  232 0  85 1 10 1 2 4 8 16 32 64 128 256 512
 426  789  560 0  86 1 10 1 2 4 8 16 32 64 128 256 512
 427  256  778 0  64 1 10 1 2 4 8 16 32 64 128 256 512
 428  530   29 0  55 1 10 1 2 4 8 16 32 64 128 256 512
 429  813  883 0 100 1 10 1 2 4 8 16 32 64 128 256 512
 430  811  951 0  21 1 10 1 2 4 8 16 32 64 128 256 512
 431  346  925 0   9 1 10 1 2 4 8 16 32 64 128 256 512
 432  955  720 0  43 1 10 1 2 4 8 16 32 64 128 256 512
 433  160   18 0  47 1 10 1 2 4 8 16 32 64 128 256 512
 434  174  864 0  57 1 10 1 2 4 8 16 32 64 128 256 512
 435  169  535 0  43 1 10 1 2 4 8 16 32 64 128 256 512
 436  797  880 0  63 1 10 1 2 4 8 16 32 64 128 256 512
 437  819  900 0  14 1 10 1 2 4 8 16 32 64 128 256 512
 438   61  769 0  63 1 10 1 2 4 8 16 32 64 128 256 512
 439   79  456 0  27 1 10 1 2 4 8 16 32 64 128 256 512
 440  671  772 0  13 1 10 1 2 4 8 16 32 64 128 256 512
 441  236   63 0  79 1 10 1 2 4 8 16 32 64 128 256 512
 442   64  954 0   8 1 10 1 2 4 8 16 32 64 128 256 512
 443  172   18 0  34 1 10 1 2 4 8 16 32 64 128 256 512
 444  953  743 0  31 1 10 1 2 4 8 16 32 64 128 256 512
 445  384  930 0  76 1 10 1 2 4 8 16 32 64 128 256 512
 446  386   39 0  39 1 10 1 2 4 8 16 32 64 128 256 512
 447  909  468 0  27 1 10 1 2 4 8 16 32 64 128 256 512
 448  983  745 0  98 1 10 1 2 4 8 16 32 64 128 256 512
 449  324  952 0   2 1 10 1 2 4 8 16 32 64 128 256 512
 450  643 1000 0  40 1 10 1 2 4 8 16 32 64 128 256 512
 451  245   42 0  30 1 10 1 2 4 8 16 32 64 128 256 512
 452  891  994 0  17 1 10 1 2 4 8 16 32 64 128 256 512
 453  345  247 0  44 1 10 1 2 4 8 16 32 64 128 256 512
 454  514  253 0  71 1 10 1 2 4 8 16 32 64 128 256 512
 455  611   57 0  45 1 10 1 2 4 8 16 32 64 128 256 512
 456  478  751 0  44 1 10 1 2 4 8 16 32 64 128 256 512
 457  778  869 0   2 1 10 1 2 4 8 16 32 64 128 256 512
 458  467  256 0  32 1 10 1 2 4 8 16 32 64 128 256 512
 459  637  901 0  91 1 10 1 2 4 8 16 32 64 128 256 512
 460  743   18 0  30 1 10 1 2 4 8 16 32 64 128 256 512
 461  780  785 0   7 1 10 1 2 4 8 16 32 64 128 256 512
 462  350  309 0   6 1 10 1 2 4 8 16 32 64 128 256 512
 463  518  260 0  70 1 10 1 2 4 8 16 32 64 128 256 512
 464  469  153 0  20 1 10 1 2 4 8 16 32 64 128 256 512
 465  858  910 0  58 1 10 1 2 4 8 16 32 64 128 256 512
 466  890   51 0  65 1 10 1 2 4 8 16 32 64 128 256 512
 467  775   41 0  86 1 10 1 2 4 8 16 32 64 128 256 512
 468  987  282 0  31 1 10 1 2 4 8 16 32 64 128 256 512
 469  188  869 0  29 1 10 1 2 4 8 16 32 64 128 256 512
 470  119  457 0  66 1 10 1 2 4 8 16 32 64 128 256 512
 471  362  910 0  73 1 10 1 2 4 8 16 32 64 128 256 512
 472  708  999 0  62 1 10 1 2 4 8 16 32 64 128 256 512
 473  460  180 0  62 1 10 1 2 4 8 16 32 64 128 256 512
 474  414  405 0  63 1 10 1 2 4 8 16 32 64 128 256 512
 475  106  171 0   4 1 10 1 2 4 8 16 32 64 128 256 512
 476  880  112 0  80 1 10 1 2 4 8 16 32 64 128 256 512
 477  789  991 0  53 1 10 1 2 4 8 16 32 64 128 256 512
 478  298  973 0  20 1 10 1 2 4 8 16 32 64 128 256 512
 479  161  284 0  72 1 10 1 2 4 8 16 32 64 128 256 512
 480  821  278 0  79 1 10 1 2 4 8 16 32 64 128 256 512
 481  332  781 0  48 1 10 1 2 4 8 16 32 64 128 256 512
 482  125   97 0  20 1 10 1 2 4 8 16 32 64 128 256 512
 483  216  171 0  15 1 10 1 2 4 8 16 32 64 128 256 512
 484  343  307 0  17 1 10 1 2 4 8 16 32 64 128 256 512
 485  226  935 0  86 1 10 1 2 4 8 16 32 64 128 256 512
 486  208  928 0  61 1 10 1 2 4 8 16 32 64 128 256 512
 487  337  679 0  24 1 10 1 2 4 8 16 32 64 128 256 512
 488  357  269 0  12 1 10 1 2 4 8 16 32 64 128 256 512
 489  147  563 0  38 1 10 1 2 4 8 16 32 64 128 256 512
 490  645  341 0   1 1 10 1 2 4 8 16 32 64 128 256 512
 491  333  717 0  26 1 10 1 2 4 8 16 32 64 128 256 512
 492  562  189 0  25 1 10 1 2 4 8 16 32 64 128 256 512
 493  385  520 0  90 1 10 1 2 4 8 16 32 64 128 256 512
 494  454   60 0  96 1 10 1 2 4 8 16 32 64 128 256 512
 495  515  977 0  15 1 10 1 2 4 8 16 32 64 128 256 512
 496  566  971 0  94 1 10 1 2 4 8 16 32 64 128 256 512
 497  999  458 0  46 1 10 1 2 4 8 16 32 64 128 256 512
 498  100   96 0  62 1 10 1 2 4 8 16 32 64 128 256 512
 499  637  785 0  53 1 10 1 2 4 8 16 32 64 128 256 512
 500  812  774 0  83 1 10 1 2 4 8 16 32 64 128 256 512
 501  889  942 0  71 1 10 1 2 4 8 16 32 64 128 256 512
 502  514   29 0  50 1 10 1 2 4 8 16 32 64 128 256 512
 503  377  595 0  40 1 10 1 2 4 8 16 32 64 128 256 512
 504  221  187 0  95 1 10 1 2 4 8 16 32 64 128 256 512
 505  393  484 0  13 1 10 1 2 4 8 16 32 64 128 256 512
 506   40  175 0  41 1 10 1 2 4 8 16 32 64 128 256 512
 507  604  564 0  95 1 10 1 2 4 8 16 32 64 128 256 512
 508  365  446 0  27 1 10 1 2 4 8 16 32 64 128 256 512
 509  413   79 0  79 1 10 1 2 4 8 16 32 64 128 256 512
 510  263   42 0  41 1 10 1 2 4 8 16 32 64 128 256 512
 511  264   69 0  57 1 10 1 2 4 8 16 32 64 128 256 512
 512  133  456 0  33 1 10 1 2 4 8 16 32 64 128 256 512
 513  910  287 0  32 1 10 1 2 4 8 16 32 64 128 256 512
 514  161  480 0   5 1 10 1 2 4 8 16 32 64 128 256 512
 515  615  112 0  61 1 10 1 2 4 8 16 32 64 128 256 512
 516  814  323 0  18 1 10 1 2 4 8 16 32 64 128 256 512
 517  201  224 0  75 1 10 1 2 4 8 16 32 64 128 256 512
 518  918  496 0  12 1 10 1 2 4 8 16 32 64 128 256 512
 519  314  656 0  25 1 10 1 2 4 8 16 32 64 128 256 512
 520  116  144 0  77 1 10 1 2 4 8 16 32 64 128 256 512
 521  269  710 0  79 1 10 1 2 4 8 16 32 64 128 256 512
 522  683  390 0 100 1 10 1 2 4 8 16 32 64 128 256 512
 523  872  370 0  33 1 10 1 2 4 8 16 32 64 128 256 512
 524  860   29 0  58 1 10 1 2 4 8 16 32 64 128 256 512
 525  964  997 0  15 1 10 1 2 4 8 16 32 64 128 256 512
 526  907  926 0  87 1 10 1 2 4 8 16 32 64 128 256 512
 527  899  997 0  48 1 10 1 2 4 8 16 32 64 128 256 512
 528  998  492 0  16 1 10 1 2 4 8 16 32 64 128 256 512
 529  968  663 0  88 1 10 1 2 4 8 16 32 64 128 256 512
 530  423  612 0  32 1 10 1 2 4 8 16 32 64 128 256 512
 531  868  467 0  15 1 10 1 2 4 8 16 32 64 128 256 512
 532  893  412 0  18 1 10 1 2 4 8 16 32 64 128 256 512
 533  444  693 0  91 1 10 1 2 4 8 16 32 64 128 256 512
 534  434  722 0  83 1 10 1 2 4 8 16 32 64 128 256 512
 535  755  485 0  15 1 10 1 2 4 8 16 32 64 128 256 512
 536  663  840 0  17 1 10 1 2 4 8 16 32 64 128 256 512
 537  790   31 0  51 1 10 1 2 4 8 16 32 64 128 256 512
 538   63  508 0  13 1 10 1 2 4 8 16 32 64 128 256 512
 539  942  834 0  47 1 10 1 2 4 8 16 32 64 128 256 512
 540  612  885 0  52 1 10 1 2 4 8 16 32 64 128 256 512
 541  783  826 0  97 1 10 1 2 4 8 16 32 64 128 256 512
 542  588  775 0  93 1 10 1 2 4 8 16 32 64 128 256 512
 543   38  902 0  73 1 10 1 2 4 8 16 32 64 128 256 512
 544  734  786 0  43 1 10 1 2 4 8 16 32 64 128 256 512
 545  271   58 0   1 1 10 1 2 4 8 16 32 64 128 256 512
 546  228  978 0  71 1 10 1 2 4 8 16 32 64 128 256 512
 547  810  824 0  31 1 10 1 2 4 8 16 32 64 128 256 512
 548  200   64 0  49 1 10 1 2 4 8 16 32 64 128 256 512
 549  758  994 0   4 1 10 1 2 4 8 16 32 64 128 256 512
 550  654  155 0  64 1 10 1 2 4 8 16 32 64 128 256 512
 551   67  206 0  62 1 10 1 2 4 8 16 32 64 128 256 512
 552   91  259 0  66 1 10 1 2 4 8 16 32 64 128 256 512
 553  802  386 0  67 1 10 1 2 4 8 16 32 64 128 256 512
 554  307  934 0  99 1 10 1 2 4 8 16 32 64 128 256 512
 555  423  513 0  59 1 10 1 2 4 8 16 32 64 128 256 512
 556  353  284 0  60 1 10 1 2 4 8 16 32 64 128 256 512
 557  146  151 0  74 1 10 1 2 4 8 16 32 64 128 256 512
 558  194  742 0  14 1 10 1 2 4 8 16 32 64 128 256 512
 559  404   35 0  89 1 10 1 2 4 8 16 32 64 128 256 512
 560  903  672 0  88 1 10 1 2 4 8 16 32 64 128 256 512
 561  831  357 0  26 1 10 1 2 4 8 16 32 64 128 256 512
 562  344  857 0  20 1 10 1 2 4 8 16 32 64 128 256 512
 563  606  622 0  62 1 10 1 2 4 8 16 32 64 128 256 512
 564  858  367 0  27 1 10 1 2 4 8 16 32 64 128 256 512
 565  257  293 0  55 1 10 1 2 4 8 16 32 64 128 256 512
 566   59  550 0  31 1 10 1 2 4 8 16 32 64 128 256 512
 567  413  296 0  18 1 10 1 2 4 8 16 32 64 128 256 512
 568  608  977 0  22 1 10 1 2 4 8 16 32 64 128 256 512
 569  124  455 0  31 1 10 1 2 4 8 16 32 64 128 256 512
 570  617  137 0  70 1 10 1 2 4 8 16 32 64 128 256 512
 571  263  217 0   9 1 10 1 2 4 8 16 32 64 128 256 512
 572  340  152 0  54 1 10 1 2 4 8 16 32 64 128 256 512
 573  460   90 0  55 1 10 1 2 4 8 16 32 64 128 256 512
 574  275  541 0  33 1 10 1 2 4 8 16 32 64 128 256 512
 575   46  937 0  17 1 10 1 2 4 8 16 32 64 128 256 512
 576  274  546 0  42 1 10 1 2 4 8 16 32 64 128 256 512
 577  914  230 0  47 1 10 1 2 4 8 16 32 64 128 256 512
 578  602  491 0  83 1 10 1 2 4 8 16 32 64 128 256 512
 579  840  492 0  36 1 10 1 2 4 8 16 32 64 128 256 512
 580  667  170 0  82 1 10 1 2 4 8 16 32 64 128 256 512
 581  907  578 0  17 1 10 1 2 4 8 16 32 64 128 256 512
 582  516  778 0  37 1 10 1 2 4 8 16 32 64 128 256 512
 583  896  872 0  93 1 10 1 2 4 8 16 32 64 128 256 512
 584  673  137 0  31 1 10 1 2 4 8 16 32 64 128 256 512
 585  282  567 0  43 1 10 1 2 4 8 16 32 64 128 256 512
 586  743  750 0  94 1 10 1 2 4 8 16 32 64 128 256 512
 587  210   38 0   9 1 10 1 2 4 8 16 32 64 128 256 512
 588  739  349 0  50 1 10 1 2 4 8 16 32 64 128 256 512
 589  287  550 0  20 1 10 1 2 4 8 16 32 64 128 256 512
 590  186  981 0  34 1 10 1 2 4 8 16 32 64 128 256 512
 591  103  915 0   7 1 10 1 2 4 8 16 32 64 128 256 512
 592  623  591 0  23 1 10 1 2 4 8 16 32 64 128 256 512
 593  526  427 0  82 1 10 1 2 4 8 16 32 64 128 256 512
 594  382  193 0  95 1 10 1 2 4 8 16 32 64 128 256 512
 595  492  408 0  76 1 10 1 2 4 8 16 32 64 128 256 512
 596    9  672 0  96 1 10 1 2 4 8 16 32 64 128 256 512
 597  678  221 0  67 1 10 1 2 4 8 16 32 64 128 256 512
 598  872  657 0  55 1 10 1 2 4 8 16 32 64 128 256 512
 599  250  650 0  35 1 10 1 2 4 8 16 32 64 128 256 512
 600  145  604 0  16 1 10 1 2 4 8 16 32 64 128 256 512
 601  202  169 0  86 1 10 1 2 4 8 16 32 64 128 256 512
 602  819   10 0  21 1 10 1 2 4 8 16 32 64 128 256 512
 603  130  560 0  84 1 10 1 2 4 8 16 32 64 128 256 512
 604  128   70 0  19 1 10 1 2 4 8 16 32 64 128 256 512
 605  332  139 0  93 1 10 1 2 4 8 16 32 64 128 256 512
 606  763  145 0  21 1 10 1 2 4 8 16 32 64 128 256 512
 607  618  298 0  21 1 10 1 2 4 8 16 32 64 128 256 512
 608  398  308 0  98 1 10 1 2 4 8 16 32 64 128 256 512
 609  815  641 0   2 1 10 1 2 4 8 16 32 64 128 256 512
 610  590  884 0  86 1 10 1 2 4 8 16 32 64 128 256 512
 611    9  344 0   6 1 10 1 2 4 8 16 32 64 128 256 512
 612  874  227 0  20 1 10 1 2 4 8 16 32 64 128 256 512
 613 1000  897 0  21 1 10 1 2 4 8 16 32 64 128 256 512
 614  326  114 0  93 1 10 1 2 4 8 16 32 64 128 256 512
 615  197  137 0  94 1 10 1 2 4 8 16 32 64 128 256 512
 616  678  594 0  85 1 10 1 2 4 8 16 32 64 128 256 512
 617  359  161 0   5 1 10 1 2 4 8 16 32 64 128 256 512
 618  265  970 0  57 1 10 1 2 4 8 16 32 64 128 256 512
 619  592  219 0  89 1 10 1 2 4 8 16 32 64 128 256 512
 620   88  205 0  57 1 10 1 2 4 8 16 32 64 128 256 512
 621  776  149 0  82 1 10 1 2 4 8 16 32 64 128 256 512
 622  318  432 0   9 1 10 1 2 4 8 16 32 64 128 256 512
 623   48  903 0  88 1 10 1 2 4 8 16 32 64 128 256 512
 624  707  919 0  33 1 10 1 2 4 8 16 32 64 128 256 512
 625  514  192 0  28 1 10 1 2 4 8 16 32 64 128 256 512
 626  888  278 0  70 1 10 1 2 4 8 16 32 64 128 256 512
 627  843  117 0  15 1 10 1 2 4 8 16 32 64 128 256 512
 628  928  205 0  67 1 10 1 2 4 8 16 32 64 128 256 512
 629  445  236 0  64 1 10 1 2 4 8 16 32 64 128 256 512
 630  505  217 0  41 1 10 1 2 4 8 16 32 64 128 256 512
 631  379  191 0  15 1 10 1 2 4 8 16 32 64 128 256 512
 632  755   26 0  27 1 10 1 2 4 8 16 32 64 128 256 512
 633  870  267 0  81 1 10 1 2 4 8 16 32 64 128 256 512
 634  357  616 0  38 1 10 1 2 4 8 16 32 64 128 256 512
 635  109  188 0  39 1 10 1 2 4 8 16 32 64 128 256 512
 636  188  827 0   8 1 10 1 2 4 8 16 32 64 128 256 512
 637   10  983 0  86 1 10 1 2 4 8 16 32 64 128 256 512
 638  775   73 0  11 1 10 1 2 4 8 16 32 64 128 256 512
 639  567   64 0   1 1 10 1 2 4 8 16 32 64 128 256 512
 640  135  544 0  32 1 10 1 2 4 8 16 32 64 128 256 512
 641  515  297 0  80 1 10 1 2 4 8 16 32 64 128 256 512
 642  239  620 0   1 1 10 1 2 4 8 16 32 64 128 256 512
 643  444  652 0   2 1 10 1 2 4 8 16 32 64 128 256 512
 644  945  851 0  73 1 10 1 2 4 8 16 32 64 128 256 512
 645  437  887 0  99 1 10 1 2 4 8 16 32 64 128 256 512
 646  920  670 0  21 1 10 1 2 4 8 16 32 64 128 256 512
 647  672  856 0  49 1 10 1 2 4 8 16 32 64 128 256 512
 648  914  675 0   9 1 10 1 2 4 8 16 32 64 128 256 512
 649  442  402 0   6 1 10 1 2 4 8 16 32 64 128 256 512
 650   43  574 0  45 1 10 1 2 4 8 16 32 64 128 256 512
 651  315  457 0  54 1 10 1 2 4 8 16 32 64 128 256 512
 652  980  143 0  72 1 10 1 2 4 8 16 32 64 128 256 512
 653  478  855 0  32 1 10 1 2 4 8 16 32 64 128 256 512
 654  669  910 0  35 1 10 1 2 4 8 16 32 64 128 256 512
 655  890  837 0  83 1 10 1 2 4 8 16 32 64 128 256 512
 656  166  484 0  79 1 10 1 2 4 8 16 32 64 128 256 512
 657  540  591 0  49 1 10 1 2 4 8 16 32 64 128 256 512
 658  394  717 0  41 1 10 1 2 4 8 16 32 64 128 256 512
 659  622  550 0  57 1 10 1 2 4 8 16 32 64 128 256 512
 660  244  878 0  79 1 10 1 2 4 8 16 32 64 128 256 512
 661  253  573 0  67 1 10 1 2 4 8 16 32 64 128 256 512
 662  722  509 0  10 1 10 1 2 4 8 16 32 64 128 256 512
 663  350  490 0   4 1 10 1 2 4 8 16 32 64 128 256 512
 664  802  655 0  75 1 10 1 2 4 8 16 32 64 128 256 512
 665  725  135 0  99 1 10 1 2 4 8 16 32 64 128 256 512
 666    9  709 0  37 1 10 1 2 4 8 16 32 64 128 256 512
 667   49  547 0   6 1 10 1 2 4 8 16 32 64 128 256 512
 668  241  738 0  13 1 10 1 2 4 8 16 32 64 128 256 512
 669  748  222 0  23 1 10 1 2 4 8 16 32 64 128 256 512
 670  520  656 0  41 1 10 1 2 4 8 16 32 64 128 256 512
 671  442  241 0  18 1 10 1 2 4 8 16 32 64 128 256 512
 672  373  604 0  97 1 10 1 2 4 8 16 32 64 128 256 512
 673  968  809 0  20 1 10 1 2 4 8 16 32 64 128 256 512
 674  654  842 0  20 1 10 1 2 4 8 16 32 64 128 256 512
 675  620  862 0  81 1 10 1 2 4 8 16 32 64 128 256 512
 676  621  185 0  66 1 10 1 2 4 8 16 32 64 128 256 512
 677  901  328 0  45 1 10 1 2 4 8 16 32 64 128 256 512
 678  232  972 0  47 1 10 1 2 4 8 16 32 64 128 256 512
 679  844  359 0  58 1 10 1 2 4 8 16 32 64 128 256 512
 680  793   80 0  78 1 10 1 2 4 8 16 32 64 128 256 512
 681  240  988 0   8 1 10 1 2 4 8 16 32 64 128 256 512
 682  445  407 0  32 1 10 1 2 4 8 16 32 64 128 256 512
 683  460  806 0  38 1 10 1 2 4 8 16 32 64 128 256 512
 684  199  224 0  85 1 10 1 2 4 8 16 32 64 128 256 512
 685  461  766 0  38 1 10 1 2 4 8 16 32 64 128 256 512
 686  694   58 0  45 1 10 1 2 4 8 16 32 64 128 256 512
 687  620  832 0  66 1 10 1 2 4 8 16 32 64 128 256 512
 688  530  201 0  28 1 10 1 2 4 8 16 32 64 128 256 512
 689  428  695 0  75 1 10 1 2 4 8 16 32 64 128 256 512
 690  813  615 0  13 1 10 1 2 4 8 16 32 64 128 256 512
 691  420  988 0  60 1 10 1 2 4 8 16 32 64 128 256 512
 692  103  622 0  64 1 10 1 2 4 8 16 32 64 128 256 512
 693  798  923 0  50 1 10 1 2 4 8 16 32 64 128 256 512
 694  151  188 0  29 1 10 1 2 4 8 16 32 64 128 256 512
 695  520  196 0  48 1 10 1 2 4 8 16 32 64 128 256 512
 696  715  211 0  34 1 10 1 2 4 8 16 32 64 128 256 512
 697  642  224 0  89 1 10 1 2 4 8 16 32 64 128 256 512
 698  724  139 0  33 1 10 1 2 4 8 16 32 64 128 256 512
 699  535  285 0  28 1 10 1 2 4 8 16 32 64 128 256 512
 700  505  891 0  57 1 10 1 2 4 8 16 32 64 128 256 512
 701  394  806 0  55 1 10 1 2 4 8 16 32 64 128 256 512
 702  974  930 0  10 1 10 1 2 4 8 16 32 64 128 256 512
 703  135  546 0  11 1 10 1 2 4 8 16 32 64 128 256 512
 704  717   41 0  95 1 10 1 2 4 8 16 32 64 128 256 512
 705  928  510 0  74 1 10 1 2 4 8 16 32 64 128 256 512
 706  131  373 0   9 1 10 1 2 4 8 16 32 64 128 256 512
 707  823  607 0  59 1 10 1 2 4 8 16 32 64 128 256 512
 708  740  261 0  42 1 10 1 2 4 8 16 32 64 128 256 512
 709  999  182 0  20 1 10 1 2 4 8 16 32 64 128 256 512
 710  187  900 0   5 1 10 1 2 4 8 16 32 64 128 256 512
 711  513  790 0  89 1 10 1 2 4 8 16 32 64 128 256 512
 712  899   40 0  96 1 10 1 2 4 8 16 32 64 128 256 512
 713  902  267 0  79 1 10 1 2 4 8 16 32 64 128 256 512
 714  322  101 0  42 1 10 1 2 4 8 16 32 64 128 256 512
 715  607  459 0  65 1 10 1 2 4 8 16 32 64 128 256 512
 716    1  127 0  18 1 10 1 2 4 8 16 32 64 128 256 512
 717  122  312 0  90 1 10 1 2 4 8 16 32 64 128 256 512
 718  689  998 0  91 1 10 1 2 4 8 16 32 64 128 256 512
 719  899  876 0  67 1 10 1 2 4 8 16 32 64 128 256 512
 720  615  311 0  38 1 10 1 2 4 8 16 32 64 128 256 512
 721   32  440 0  46 1 10 1 2 4 8 16 32 64 128 256 512
 722   55  510 0  80 1 10 1 2 4 8 16 32 64 128 256 512
 723  749  691 0  25 1 10 1 2 4 8 16 32 64 128 256 512
 724  985  814 0  74 1 10 1 2 4 8 16 32 64 128 256 512
 725  144   74 0  12 1 10 1 2 4 8 16 32 64 128 256 512
 726  422  717 0  14 1 10 1 2 4 8 16 32 64 128 256 512
 727  651  462 0  34 1 10 1 2 4 8 16 32 64 128 256 512
 728  329   38 0   8 1 10 1 2 4 8 16 32 64 128 256 512
 729  271  896 0  22 1 10 1 2 4 8 16 32 64 128 256 512
 730  775  400 0  97 1 10 1 2 4 8 16 32 64 128 256 512
 731  383   78 0  87 1 10 1 2 4 8 16 32 64 128 256 512
 732  302  115 0  82 1 10 1 2 4 8 16 32 64 128 256 512
 733   18   74 0  53 1 10 1 2 4 8 16 32 64 128 256 512
 734  424  555 0  83 1 10 1 2 4 8 16 32 64 128 256 512
 735  533  340 0  69 1 10 1 2 4 8 16 32 64 128 256 512
 736  169  416 0  17 1 10 1 2 4 8 16 32 64 128 256 512
 737   99  954 0  80 1 10 1 2 4 8 16 32 64 128 256 512
 738  800  591 0  81 1 10 1 2 4 8 16 32 64 128 256 512
 739  622  591 0  43 1 10 1 2 4 8 16 32 64 128 256 512
 740  357  948 0  67 1 10 1 2 4 8 16 32 64 128 256 512
 741  578  253 0  92 1 10 1 2 4 8 16 32 64 128 256 512
 742  205  763 0  25 1 10 1 2 4 8 16 32 64 128 256 512
 743  517   25 0  97 1 10 1 2 4 8 16 32 64 128 256 512
 744  354  398 0  90 1 10 1 2 4 8 16 32 64 128 256 512
 745  388  189 0  44 1 10 1 2 4 8 16 32 64 128 256 512
 746  654   23 0   1 1 10 1 2 4 8 16 32 64 128 256 512
 747  440   15 0  40 1 10 1 2 4 8 16 32 64 128 256 512
 748  542  960 0  33 1 10 1 2 4 8 16 32 64 128 256 512
 749  338  101 0  91 1 10 1 2 4 8 16 32 64 128 256 512
 750  559  988 0   4 1 10 1 2 4 8 16 32 64 128 256 512
 751  558  380 0  99 1 10 1 2 4 8 16 32 64 128 256 512
 752  673  162 0  42 1 10 1 2 4 8 16 32 64 128 256 512
 753  444  797 0  66 1 10 1 2 4 8 16 32 64 128 256 512
 754  798  496 0  15 1 10 1 2 4 8 16 32 64 128 256 512
 755  112  785 0  90 1 10 1 2 4 8 16 32 64 128 256 512
 756  480  227 0  22 1 10 1 2 4 8 16 32 64 128 256 512
 757  370  700 0  14 1 10 1 2 4 8 16 32 64 128 256 512
 758  981  718 0  95 1 10 1 2 4 8 16 32 64 128 256 512
 759  176  669 0  10 1 10 1 2 4 8 16 32 64 128 256 512
 760  296  657 0  17 1 10 1 2 4 8 16 32 64 128 256 512
 761  889  408 0  83 1 10 1 2 4 8 16 32 64 128 256 512
 762  717  597 0  97 1 10 1 2 4 8 16 32 64 128 256 512
 763  560  899 0  97 1 10 1 2 4 8 16 32 64 128 256 512
 764  355  835 0  84 1 10 1 2 4 8 16 32 64 128 256 512
 765  995  419 0   7 1 10 1 2 4 8 16 32 64 128 256 512
 766  285  120 0  78 1 10 1 2 4 8 16 32 64 128 256 512
 767  579  161 0  73 1 10 1 2 4 8 16 32 64 128 256 512
 768  630  100 0  62 1 10 1 2 4 8 16 32 64 128 256 512
 769  830  723 0   4 1 10 1 2 4 8 16 32 64 128 256 512
 770  507  339 0  97 1 10 1 2 4 8 16 32 64 128 256 512
 771  611  758 0  29 1 10 1 2 4 8 16 32 64 128 256 512
 772  819  877 0  99 1 10 1 2 4 8 16 32 64 128 256 512
 773  309  844 0  98 1 10 1 2 4 8 16 32 64 128 256 512
 774  893  169 0  87 1 10 1 2 4 8 16 32 64 128 256 512
 775  739  404 0  46 1 10 1 2 4 8 16 32 64 128 256 512
 776  485  369 0   1 1 10 1 2 4 8 16 32 64 128 256 512
 777  826   95 0  70 1 10 1 2 4 8 16 32 64 128 256 512
 778  891  463 0 100 1 10 1 2 4 8 16 32 64 128 256 512
 779  572  155 0  76 1 10 1 2 4 8 16 32 64 128 256 512
 780  476  766 0  51 1 10 1 2 4 8 16 32 64 128 256 512
 781  148  973 0  79 1 10 1 2 4 8 16 32 64 128 256 512
 782  829  909 0  64 1 10 1 2 4 8 16 32 64 128 256 512
 783   15  319 0  20 1 10 1 2 4 8 16 32 64 128 256 512
 784  705  194 0  53 1 10 1 2 4 8 16 32 64 128 256 512
 785  250  249 0  39 1 10 1 2 4 8 16 32 64 128 256 512
 786  522  824 0  81 1 10 1 2 4 8 16 32 64 128 256 512
 787   98  380 0  68 1 10 1 2 4 8 16 32 64 128 256 512
 788  257  204 0  76 1 10 1 2 4 8 16 32 64 128 256 512
 789  449  896 0  96 1 10 1 2 4 8 16 32 64 128 256 512
 790  329  128 0  69 1 10 1 2 4 8 16 32 64 128 256 512
 791  388 1000 0 100 1 10 1 2 4 8 16 32 64 128 256 512
 792  478  897 0  83 1 10 1 2 4 8 16 32 64 128 256 512
 793   36  673 0  58 1 10 1 2 4 8 16 32 64 128 256 512
 794   58   79 0  54 1 10 1 2 4 8 16 32 64 128 256 512
 795  171  152 0  86 1 10 1 2 4 8 16 32 64 128 256 512
 796  954  145 0  85 1 10 1 2 4 8 16 32 64 128 256 512
 797  517  733 0  16 1 10 1 2 4 8 16 32 64 128 256 512
 798  246  145 0  90 1 10 1 2 4 8 16 32 64 128 256 512
 799  369  810 0  16 1 10 1 2 4 8 16 32 64 128 256 512
 800  261    3 0  93 1 10 1 2 4 8 16 32 64 128 256 512
 801  766  412 0  46 1 10 1 2 4 8 16 32 64 128 256 512
 802  691  779 0  89 1 10 1 2 4 8 16 32 64 128 256 512
 803  393  177 0  42 1 10 1 2 4 8 16 32 64 128 256 512
 804  253  360 0  18 1 10 1 2 4 8 16 32 64 128 256 512
 805  968  124 0  34 1 10 1 2 4 8 16 32 64 128 256 512
 806  696  465 0  12 1 10 1 2 4 8 16 32 64 128 256 512
 807  851   61 0  33 1 10 1 2 4 8 16 32 64 128 256 512
 808  295  402 0  77 1 10 1 2 4 8 16 32 64 128 256 512
 809  557  908 0  42 1 10 1 2 4 8 16 32 64 128 256 512
 810   89  685 0  40 1 10 1 2 4 8 16 32 64 128 256 512
 811  615  596 0  89 1 10 1 2 4 8 16 32 64 128 256 512
 812  989  793 0  86 1 10 1 2 4 8 16 32 64 128 256 512
 813   34  347 0  36 1 10 1 2 4 8 16 32 64 128 256 512
 814  566   62 0   3 1 10 1 2 4 8 16 32 64 128 256 512
 815  511  565 0   8 1 10 1 2 4 8 16 32 64 128 256 512
 816  838  915 0  26 1 10 1 2 4 8 16 32 64 128 256 512
 817  629  101 0  10 1 10 1 2 4 8 16 32 64 128 256 512
 818  555   47 0  29 1 10 1 2 4 8 16 32 64 128 256 512
 819   63   61 0  93 1 10 1 2 4 8 16 32 64 128 256 512
 820  795   42 0  88 1 10 1 2 4 8 16 32 64 128 256 512
 821  170  181 0   5 1 10 1 2 4 8 16 32 64 128 256 512
 822  372   38 0  62 1 10 1 2 4 8 16 32 64 128 256 512
 823  649  152 0   5 1 10 1 2 4 8 16 32 64 128 256 512
 824  731  136 0  62 1 10 1 2 4 8 16 32 64 128 256 512
 825  850  412 0  22 1 10 1 2 4 8 16 32 64 128 256 512
 826  556  728 0  56 1 10 1 2 4 8 16 32 64 128 256 512
 827  228  299 0  21 1 10 1 2 4 8 16 32 64 128 256 512
 828  431  788 0  49 1 10 1 2 4 8 16 32 64 128 256 512
 829  318  423 0  89 1 10 1 2 4 8 16 32 64 128 256 512
 830  613  925 0  98 1 10 1 2 4 8 16 32 64 128 256 512
 831  430  852 0  86 1 10 1 2 4 8 16 32 64 128 256 512
 832   53   74 0  63 1 10 1 2 4 8 16 32 64 128 256 512
 833  843  435 0   2 1 10 1 2 4 8 16 32 64 128 256 512
 834  754  130 0  23 1 10 1 2 4 8 16 32 64 128 256 512
 835  762  649 0  22 1 10 1 2 4 8 16 32 64 128 256 512
 836   15  810 0  12 1 10 1 2 4 8 16 32 64 128 256 512
 837  901  505 0  68 1 10 1 2 4 8 16 32 64 128 256 512
 838  184  979 0   3 1 10 1 2 4 8 16 32 64 128 256 512
 839  829  827 0  43 1 10 1 2 4 8 16 32 64 128 256 512
 840  671  252 0  22 1 10 1 2 4 8 16 32 64 128 256 512
 841  790  963 0  95 1 10 1 2 4 8 16 32 64 128 256 512
 842  613  674 0  79 1 10 1 2 4 8 16 32 64 128 256 512
 843  161  249 0  88 1 10 1 2 4 8 16 32 64 128 256 512
 844  406  567 0  96 1 10 1 2 4 8 16 32 64 128 256 512
 845  534  828 0  31 1 10 1 2 4 8 16 32 64 128 256 512
 846  359   46 0  32 1 10 1 2 4 8 16 32 64 128 256 512
 847  667  820 0  64 1 10 1 2 4 8 16 32 64 128 256 512
 848  171   89 0  55 1 10 1 2 4 8 16 32 64 128 256 512
 849  551  411 0  96 1 10 1 2 4 8 16 32 64 128 256 512
 850  412  937 0 100 1 10 1 2 4 8 16 32 64 128 256 512
 851  714  123 0  27 1 10 1 2 4 8 16 32 64 128 256 512
 852  488  409 0  64 1 10 1 2 4 8 16 32 64 128 256 512
 853  682  968 0  40 1 10 1 2 4 8 16 32 64 128 256 512
 854  113  479 0  76 1 10 1 2 4 8 16 32 64 128 256 512
 855  903  315 0  68 1 10 1 2 4 8 16 32 64 128 256 512
 856  252  306 0  97 1 10 1 2 4 8 16 32 64 128 256 512
 857  869  697 0  60 1 10 1 2 4 8 16 32 64 128 256 512
 858  200  830 0  38 1 10 1 2 4 8 16 32 64 128 256 512
 859  609  996 0  69 1 10 1 2 4 8 16 32 64 128 256 512
 860  529  419 0  96 1 10 1 2 4 8 16 32 64 128 256 512
 861  465  730 0  85 1 10 1 2 4 8 16 32 64 128 256 512
 862  662  973 0  81 1 10 1 2 4 8 16 32 64 128 256 512
 863   14  721 0  54 1 10 1 2 4 8 16 32 64 128 256 512
 864  409  989 0  19 1 10 1 2 4 8 16 32 64 128 256 512
 865  880  950 0  63 1 10 1 2 4 8 16 32 64 128 256 512
 866  919  294 0   1 1 10 1 2 4 8 16 32 64 128 256 512
 867  862  787 0  82 1 10 1 2 4 8 16 32 64 128 256 512
 868  786  896 0  42 1 10 1 2 4 8 16 32 64 128 256 512
 869  503  607 0  23 1 10 1 2 4 8 16 32 64 128 256 512
 870  302   21 0  54 1 10 1 2 4 8 16 32 64 128 256 512
 871  179  749 0   4 1 10 1 2 4 8 16 32 64 128 256 512
 872  783  643 0  23 1 10 1 2 4 8 16 32 64 128 256 512
 873  353  512 0  40 1 10 1 2 4 8 16 32 64 128 256 512
 874  867  211 0  91 1 10 1 2 4 8 16 32 64 128 256 512
 875  275  561 0  53 1 10 1 2 4 8 16 32 64 128 256 512
 876  909  561 0  28 1 10 1 2 4 8 16 32 64 128 256 512
 877  135   58 0  59 1 10 1 2 4 8 16 32 64 128 256 512
 878  779  594 0  42 1 10 1 2 4 8 16 32 64 128 256 512
 879  446  842 0  69 1 10 1 2 4 8 16 32 64 128 256 512
 880    4  632 0  13 1 10 1 2 4 8 16 32 64 128 256 512
 881  658  679 0  96 1 10 1 2 4 8 16 32 64 128 256 512
 882  704  654 0  28 1 10 1 2 4 8 16 32 64 128 256 512
 883  121  659 0  47 1 10 1 2 4 8 16 32 64 128 256 512
 884  176  140 0  20 1 10 1 2 4 8 16 32 64 128 256 512
 885  391  992 0  68 1 10 1 2 4 8 16 32 64 128 256 512
 886  209  909 0  68 1 10 1 2 4 8 16 32 64 128 256 512
 887   52  502 0  53 1 10 1 2 4 8 16 32 64 128 256 512
 888   59  366 0  26 1 10 1 2 4 8 16 32 64 128 256 512
 889  853  188 0  16 1 10 1 2 4 8 16 32 64 128 256 512
 890  165  401 0  27 1 10 1 2 4 8 16 32 64 128 256 512
 891  480  163 0  16 1 10 1 2 4 8 16 32 64 128 256 512
 892  213  753 0  17 1 10 1 2 4 8 16 32 64 128 256 512
 893  461  780 0  73 1 10 1 2 4 8 16 32 64 128 256 512
 894  536  325 0  99 1 10 1 2 4 8 16 32 64 128 256 512
 895  912  789 0  22 1 10 1 2 4 8 16 32 64 128 256 512
 896   46  280 0  10 1 10 1 2 4 8 16 32 64 128 256 512
 897  712  464 0  15 1 10 1 2 4 8 16 32 64 128 256 512
 898  479  405 0  85 1 10 1 2 4 8 16 32 64 128 256 512
 899  336  580 0  91 1 10 1 2 4 8 16 32 64 128 256 512
 900  796  473 0  92 1 10 1 2 4 8 16 32 64 128 256 512
 901  923  400 0  39 1 10 1 2 4 8 16 32 64 128 256 512
 902  341  316 0  36 1 10 1 2 4 8 16 32 64 128 256 512
 903   33  187 0  62 1 10 1 2 4 8 16 32 64 128 256 512
 904  297  702 0  24 1 10 1 2 4 8 16 32 64 128 256 512
 905  929   37 0  63 1 10 1 2 4 8 16 32 64 128 256 512
 906  787  205 0  63 1 10 1 2 4 8 16 32 64 128 256 512
 907  147  680 0  12 1 10 1 2 4 8 16 32 64 128 256 512
 908  718  935 0  94 1 10 1 2 4 8 16 32 64 128 256 512
 909  765  577 0  93 1 10 1 2 4 8 16 32 64 128 256 512
 910  518  594 0  76 1 10 1 2 4 8 16 32 64 128 256 512
 911  108  448 0  50 1 10 1 2 4 8 16 32 64 128 256 512
 912  839  449 0  67 1 10 1 2 4 8 16 32 64 128 256 512
 913  626  480 0   8 1 10 1 2 4 8 16 32 64 128 256 512
 914  569   74 0  71 1 10 1 2 4 8 16 32 64 128 256 512
 915  196  124 0  18 1 10 1 2 4 8 16 32 64 128 256 512
 916  603  592 0  16 1 10 1 2 4 8 16 32 64 128 256 512
 917  828   32 0  89 1 10 1 2 4 8 16 32 64 128 256 512
 918  950  335 0  24 1 10 1 2 4 8 16 32 64 128 256 512
 919   42  901 0  98 1 10 1 2 4 8 16 32 64 128 256 512
 920  511  438 0  54 1 10 1 2 4 8 16 32 64 128 256 512
 921  760  327 0  55 1 10 1 2 4 8 16 32 64 128 256 512
 922  770  737 0  93 1 10 1 2 4 8 16 32 64 128 256 512
 923   40  777 0  83 1 10 1 2 4 8 16 32 64 128 256 512
 924  369  869 0  19 1 10 1 2 4 8 16 32 64 128 256 512
 925  215  535 0   7 1 10 1 2 4 8 16 32 64 128 256 512
 926  738  640 0   6 1 10 1 2 4 8 16 32 64 128 256 512
 927   45  912 0  94 1 10 1 2 4 8 16 32 64 128 256 512
 928  101  307 0  99 1 10 1 2 4 8 16 32 64 128 256 512
 929  968  321 0  65 1 10 1 2 4 8 16 32 64 128 256 512
 930  237  991 0  71 1 10 1 2 4 8 16 32 64 128 256 512
 931  109  232 0  16 1 10 1 2 4 8 16 32 64 128 256 512
 932   51  776 0  97 1 10 1 2 4 8 16 32 64 128 256 512
 933  155  555 0  39 1 10 1 2 4 8 16 32 64 128 256 512
 934  788  695 0  25 1 10 1 2 4 8 16 32 64 128 256 512
 935  413  351 0  47 1 10 1 2 4 8 16 32 64 128 256 512
 936  179  905 0   2 1 10 1 2 4 8 16 32 64 128 256 512
 937  392   21 0  14 1 10 1 2 4 8 16 32 64 128 256 512
 938  857   83 0   2 1 10 1 2 4 8 16 32 64 128 256 512
 939   96  283 0  83 1 10 1 2 4 8 16 32 64 128 256 512
 940  934    4 0  92 1 10 1 2 4 8 16 32 64 128 256 512
 941  842  404 0  74 1 10 1 2 4 8 16 32 64 128 256 512
 942  608   78 0  13 1 10 1 2 4 8 16 32 64 128 256 512
 943  267  239 0  41 1 10 1 2 4 8 16 32 64 128 256 512
 944  284  126 0  32 1 10 1 2 4 8 16 32 64 128 256 512
 945  569  293 0  50 1 10 1 2 4 8 16 32 64 128 256 512
 946  476  750 0  58 1 10 1 2 4 8 16 32 64 128 256 512
 947  535  703 0  97 1 10 1 2 4 8 16 32 64 128 256 512
 948  692  918 0  15 1 10 1 2 4 8 16 32 64 128 256 512
 949  997  607 0  66 1 10 1 2 4 8 16 32 64 128 256 512
 950  701  841 0  21 1 10 1 2 4 8 16 32 64 128 256 512
 951  664  703 0  10 1 10 1 2 4 8 16 32 64 128 256 512
 952  342  685 0  91 1 10 1 2 4 8 16 32 64 128 256 512
 953  219  819 0  93 1 10 1 2 4 8 16 32 64 128 256 512
 954  831   65 0  52 1 10 1 2 4 8 16 32 64 128 256 512
 955  817  668 0  61 1 10 1 2 4 8 16 32 64 128 256 512
 956  548  713 0  74 1 10 1 2 4 8 16 32 64 128 256 512
 957  757  417 0  46 1 10 1 2 4 8 16 32 64 128 256 512
 958   98  955 0  76 1 10 1 2 4 8 16 32 64 128 256 512
 959  440  198 0  60 1 10 1 2 4 8 16 32 64 128 256 512
 960  135  901 0  29 1 10 1 2 4 8 16 32 64 128 256 512
 961  625  382 0  91 1 10 1 2 4 8 16 32 64 128 256 512
 962  291  627 0  31 1 10 1 2 4 8 16 32 64 128 256 512
 963  691   97 0  59 1 10 1 2 4 8 16 32 64 128 256 512
 964   41  963 0  48 1 10 1 2 4 8 16 32 64 128 256 512
 965  518  187 0  72 1 10 1 2 4 8 16 32 64 128 256 512
 966  631  388 0  95 1 10 1 2 4 8 16 32 64 128 256 512
 967  637    3 0  78 1 10 1 2 4 8 16 32 64 128 256 512
 968  162   46 0  92 1 10 1 2 4 8 16 32 64 128 256 512
 969  305  808 0  34 1 10 1 2 4 8 16 32 64 128 256 512
 970  864   41 0  14 1 10 1 2 4 8 16 32 64 128 256 512
 971  154  277 0  58 1 10 1 2 4 8 16 32 64 128 256 512
 972  268  572 0  19 1 10 1 2 4 8 16 32 64 128 256 512
 973  990  296 0  78 1 10 1 2 4 8 16 32 64 128 256 512
 974  719  604 0  28 1 10 1 2 4 8 16 32 64 128 256 512
 975  475  705 0  71 1 10 1 2 4 8 16 32 64 128 256 512
 976  742  904 0   9 1 10 1 2 4 8 16 32 64 128 256 512
 977  295  314 0   9 1 10 1 2 4 8 16 32 64 128 256 512
 978  176  298 0  79 1 10 1 2 4 8 16 32 64 128 256 512
 979  713  742 0  39 1 10 1 2 4 8 16 32 64 128 256 512
 980  269   68 0  68 1 10 1 2 4 8 16 32 64 128 256 512
 981  967  726 0  15 1 10 1 2 4 8 16 32 64 128 256 512
 982  961  685 0  52 1 10 1 2 4 8 16 32 64 128 256 512
 983  479  100 0  33 1 10 1 2 4 8 16 32 64 128 256 512
 984  599  859 0  14 1 10 1 2 4 8 16 32 64 128 256 512
 985  752  161 0   3 1 10 1 2 4 8 16 32 64 128 256 512
 986  567  265 0  11 1 10 1 2 4 8 16 32 64 128 256 512
 987  218  719 0  44 1 10 1 2 4 8 16 32 64 128 256 512
 988  635  895 0  74 1 10 1 2 4 8 16 32 64 128 256 512
 989  201  229 0  62 1 10 1 2 4 8 16 32 64 128 256 512
 990  843  757 0  44 1 10 1 2 4 8 16 32 64 128 256 512
 991  514   65 0  38 1 10 1 2 4 8 16 32 64 128 256 512
 992  676  844 0  87 1 10 1 2 4 8 16 32 64 128 256 512
 993  962  937 0  54 1 10 1 2 4 8 16 32 64 128 256 512
 994  541  306 0  66 1 10 1 2 4 8 16 32 64 128 256 512
 995   34  888 0  22 1 10 1 2 4 8 16 32 64 128 256 512
 996  691  501 0  98 1 10 1 2 4 8 16 32 64 128 256 512
 997  673  284 0  61 1 10 1 2 4 8 16 32 64 128 256 512
 998  204   58 0  13 1 10 1 2 4 8 16 32 64 128 256 512
 999  779  422 0  48 1 10 1 2 4 8 16 32 64 128 256 512
1000  649  869 0  36 1 10 1 2 4 8 16 32 64 128 256 512
1001  490  979 0  18 1 10 1 2 4 8 16 32 64 128 256 512
1002  145   47 0  96 1 10 1 2 4 8 16 32 64 128 256 512
1003  303  512 0  14 1 10 1 2 4 8 16 32 64 128 256 512
1004  613  634 0   7 1 10 1 2 4 8 16 32 64 128 256 512
1005    6  867 0  51 1 10 1 2 4 8 16 32 64 128 256 512
1006   79  987 0  22 1 10 1 2 4 8 16 32 64 128 256 512
1007  780  126 0  91 1 10 1 2 4 8 16 32 64 128 256 512
1008  872   23 0  14 1 10 1 2 4 8 16 32 64 128 256 512
1009   85  488 0   1 1 10 1 2 4 8 16 32 64 128 256 512
1010  493  648 0  67 1 10 1 2 4 8 16 32 64 128 256 512
1011  222  694 0 100 1 10 1 2 4 8 16 32 64 128 256 512
1012  415  198 0  30 1 10 1 2 4 8 16 32 64 128 256 512
1013  103  879 0  55 1 10 1 2 4 8 16 32 64 128 256 512
1014  254  551 0  84 1 10 1 2 4 8 16 32 64 128 256 512
1015  218  716 0  45 1 10 1 2 4 8 16 32 64 128 256 512
1016  465  926 0  90 1 10 1 2 4 8 16 32 64 128 256 512
1017   54  250 0  56 1 10 1 2 4 8 16 32 64 128 256 512
1018  690   20 0 100 1 10 1 2 4 8 16 32 64 128 256 512
1019  878  290 0 100 1 10 1 2 4 8 16 32 64 128 256 512
1020  752  684 0  35 1 10 1 2 4 8 16 32 64 128 256 512
1021  946  590 0   6 1 10 1 2 4 8 16 32 64 128 256 512
1022   41  266 0   7 1 10 1 2 4 8 16 32 64 128 256 512
1023  931  808 0  58 1 10 1 2 4 8 16 32 64 128 256 512
1024  151  835 0  49 1 10 1 2 4 8 16 32 64 128 256 512
1025  231  992 0   1 1 10 1 2 4 8 16 32 64 128 256 512
1026   20  648 0  18 1 10 1 2 4 8 16 32 64 128 256 512
1027  799  199 0   2 1 10 1 2 4 8 16 32 64 128 256 512
1028  538  786 0  22 1 10 1 2 4 8 16 32 64 128 256 512
1029  722  188 0  44 1 10 1 2 4 8 16 32 64 128 256 512
1030  207  183 0  30 1 10 1 2 4 8 16 32 64 128 256 512
1031  440  727 0  27 1 10 1 2 4 8 16 32 64 128 256 512
1032  989  870 0  11 1 10 1 2 4 8 16 32 64 128 256 512
1033  927  817 0   4 1 10 1 2 4 8 16 32 64 128 256 512
1034  576  550 0  19 1 10 1 2 4 8 16 32 64 128 256 512
1035   82  462 0  75 1 10 1 2 4 8 16 32 64 128 256 512
1036  900  485 0  15 1 10 1 2 4 8 16 32 64 128 256 512
1037  341  402 0  57 1 10 1 2 4 8 16 32 64 128 256 512
1038  297  666 0  44 1 10 1 2 4 8 16 32 64 128 256 512
1039  667  669 0  32 1 10 1 2 4 8 16 32 64 128 256 512
1040  790  879 0  57 1 10 1 2 4 8 16 32 64 128 256 512
1041  885  390 0  11 1 10 1 2 4 8 16 32 64 128 256 512
1042  663  728 0  71 1 10 1 2 4 8 16 32 64 128 256 512
1043  841  673 0  17 1 10 1 2 4 8 16 32 64 128 256 512
1044    5  740 0  36 1 10 1 2 4 8 16 32 64 128 256 512
1045  603  538 0  49 1 10 1 2 4 8 16 32 64 128 256 512
1046  188  899 0  45 1 10 1 2 4 8 16 32 64 128 256 512
1047  439  451 0  54 1 10 1 2 4 8 16 32 64 128 256 512
1048  196  579 0  29 1 10 1 2 4 8 16 32 64 128 256 512
1049  659  551 0  17 1 10 1 2 4 8 16 32 64 128 256 512
1050  628  321 0  21 1 10 1 2 4 8 16 32 64 128 256 512
1051  426  396 0  73 1 10 1 2 4 8 16 32 64 128 256 512
1052  951  666 0  70 1 10 1 2 4 8 16 32 64 128 256 512
1053  206  316 0   2 1 10 1 2 4 8 16 32 64 128 256 512
1054  480  543 0  43 1 10 1 2 4 8 16 32 64 128 256 512
1055  303  163 0  92 1 10 1 2 4 8 16 32 64 128 256 512
1056  453  293 0  12 1 10 1 2 4 8 16 32 64 128 256 512
1057  783  602 0  87 1 10 1 2 4 8 16 32 64 128 256 512
1058  800  627 0  67 1 10 1 2 4 8 16 32 64 128 256 512
1059  957  246 0  87 1 10 1 2 4 8 16 32 64 128 256 512
1060  782  439 0  95 1 10 1 2 4 8 16 32 64 128 256 512
1061  709   36 0  32 1 10 1 2 4 8 16 32 64 128 256 512
1062  868  269 0  85 1 10 1 2 4 8 16 32 64 128 256 512
1063  712  555 0  12 1 10 1 2 4 8 16 32 64 128 256 512
1064  704  202 0  12 1 10 1 2 4 8 16 32 64 128 256 512
1065  515   73 0  29 1 10 1 2 4 8 16 32 64 128 256 512
1066  101  702 0  74 1 10 1 2 4 8 16 32 64 128 256 512
1067  453  813 0   8 1 10 1 2 4 8 16 32 64 128 256 512
1068  226  398 0  21 1 10 1 2 4 8 16 32 64 128 256 512
1069  873  664 0  59 1 10 1 2 4 8 16 32 64 128 256 512
1070  467  228 0  60 1 10 1 2 4 8 16 32 64 128 256 512
1071  290  734 0  64 1 10 1 2 4 8 16 32 64 128 256 512
1072  528  267 0  89 1 10 1 2 4 8 16 32 64 128 256 512
1073  686  809 0  85 1 10 1 2 4 8 16 32 64 128 256 512
1074  797  153 0  20 1 10 1 2 4 8 16 32 64 128 256 512
1075  477  385 0  39 1 10 1 2 4 8 16 32 64 128 256 512
1076  129  399 0  79 1 10 1 2 4 8 16 32 64 128 256 512
1077  333  966 0 100 1 10 1 2 4 8 16 32 64 128 256 512
1078  857  824 0  82 1 10 1 2 4 8 16 32 64 128 256 512
1079  436  188 0  66 1 10 1 2 4 8 16 32 64 128 256 512
1080  163  565 0  28 1 10 1 2 4 8 16 32 64 128 256 512
1081  723  856 0  55 1 10 1 2 4 8 16 32 64 128 256 512
1082  302  641 0  21 1 10 1 2 4 8 16 32 64 128 256 512
1083  248  880 0  67 1 10 1 2 4 8 16 32 64 128 256 512
1084  113  489 0   1 1 10 1 2 4 8 16 32 64 128 256 512
1085  476  991 0  10 1 10 1 2 4 8 16 32 64 128 256 512
1086  410  428 0   0 0  0
1087  978  275 0   0 0  0
1088  284   66 0   0 0  0
1089  344  622 0   0 0  0
1090   50  122 0   0 0  0
1091  426  968 0   0 0  0
1092  640  183 0   0 0  0
1093  270  256 0   0 0  0
1094  157  674 0   0 0  0
1095  644  123 0   0 0  0
