2 111 1112 7
0 238
0 238
0 238
0 238
0 238
0 238
0 238
   1 937  556 0  79 1 7 1 2 4 8 16 32 64
   2 982  814 0  73 1 7 1 2 4 8 16 32 64
   3  16  954 0  78 1 7 1 2 4 8 16 32 64
   4 120  884 0  34 1 7 1 2 4 8 16 32 64
   5 699  800 0  70 1 7 1 2 4 8 16 32 64
   6 238  153 0  70 1 7 1 2 4 8 16 32 64
   7 545  939 0  56 1 7 1 2 4 8 16 32 64
   8 325  624 0   3 1 7 1 2 4 8 16 32 64
   9 130  541 0  51 1 7 1 2 4 8 16 32 64
  10 677  408 0   9 1 7 1 2 4 8 16 32 64
  11 163    2 0  90 1 7 1 2 4 8 16 32 64
  12 157  354 0  49 1 7 1 2 4 8 16 32 64
  13 944  567 0  14 1 7 1 2 4 8 16 32 64
  14 411  526 0  54 1 7 1 2 4 8 16 32 64
  15 281  516 0  66 1 7 1 2 4 8 16 32 64
  16 959  529 0  24 1 7 1 2 4 8 16 32 64
  17 709  893 0  29 1 7 1 2 4 8 16 32 64
  18 565  852 0  15 1 7 1 2 4 8 16 32 64
  19 821  690 0  77 1 7 1 2 4 8 16 32 64
  20 675  587 0  34 1 7 1 2 4 8 16 32 64
  21  99  978 0  75 1 7 1 2 4 8 16 32 64
  22 460  625 0  77 1 7 1 2 4 8 16 32 64
  23  80  540 0  20 1 7 1 2 4 8 16 32 64
  24  55  345 0  52 1 7 1 2 4 8 16 32 64
  25  52  398 0  17 1 7 1 2 4 8 16 32 64
  26 478  717 0   1 1 7 1 2 4 8 16 32 64
  27 528  751 0  17 1 7 1 2 4 8 16 32 64
  28 203  839 0  45 1 7 1 2 4 8 16 32 64
  29 987  249 0  52 1 7 1 2 4 8 16 32 64
  30 256  988 0  90 1 7 1 2 4 8 16 32 64
  31 745  628 0  90 1 7 1 2 4 8 16 32 64
  32 991  891 0   6 1 7 1 2 4 8 16 32 64
  33 993  303 0  66 1 7 1 2 4 8 16 32 64
  34 904  899 0  38 1 7 1 2 4 8 16 32 64
  35 794  504 0  40 1 7 1 2 4 8 16 32 64
  36  32  263 0  45 1 7 1 2 4 8 16 32 64
  37  29  141 0  27 1 7 1 2 4 8 16 32 64
  38 311  947 0  58 1 7 1 2 4 8 16 32 64
  39 695  747 0  67 1 7 1 2 4 8 16 32 64
  40 526  426 0  27 1 7 1 2 4 8 16 32 64
  41 428  386 0  58 1 7 1 2 4 8 16 32 64
  42 195  410 0  86 1 7 1 2 4 8 16 32 64
  43  20  778 0  55 1 7 1 2 4 8 16 32 64
  44  35  792 0  86 1 7 1 2 4 8 16 32 64
  45 474  223 0  46 1 7 1 2 4 8 16 32 64
  46 928  418 0  12 1 7 1 2 4 8 16 32 64
  47 337  179 0  40 1 7 1 2 4 8 16 32 64
  48 755  795 0   6 1 7 1 2 4 8 16 32 64
  49 523   76 0  55 1 7 1 2 4 8 16 32 64
  50 689   23 0  46 1 7 1 2 4 8 16 32 64
  51 468  696 0  28 1 7 1 2 4 8 16 32 64
  52 456  390 0  61 1 7 1 2 4 8 16 32 64
  53  80  363 0  66 1 7 1 2 4 8 16 32 64
  54 469  182 0  74 1 7 1 2 4 8 16 32 64
  55 269  644 0  43 1 7 1 2 4 8 16 32 64
  56 708  602 0  61 1 7 1 2 4 8 16 32 64
  57 448  245 0  59 1 7 1 2 4 8 16 32 64
  58 270  336 0 100 1 7 1 2 4 8 16 32 64
  59  43  994 0  11 1 7 1 2 4 8 16 32 64
  60 457  887 0  75 1 7 1 2 4 8 16 32 64
  61 389  222 0  64 1 7 1 2 4 8 16 32 64
  62 240  949 0   7 1 7 1 2 4 8 16 32 64
  63 444  200 0  62 1 7 1 2 4 8 16 32 64
  64 954   43 0  29 1 7 1 2 4 8 16 32 64
  65 807   56 0  78 1 7 1 2 4 8 16 32 64
  66   0  627 0  39 1 7 1 2 4 8 16 32 64
  67 140  635 0  26 1 7 1 2 4 8 16 32 64
  68 605  300 0  51 1 7 1 2 4 8 16 32 64
  69 521  593 0  56 1 7 1 2 4 8 16 32 64
  70 465  639 0  89 1 7 1 2 4 8 16 32 64
  71 547    7 0   7 1 7 1 2 4 8 16 32 64
  72 854  685 0  23 1 7 1 2 4 8 16 32 64
  73  27  126 0  57 1 7 1 2 4 8 16 32 64
  74 275  909 0  84 1 7 1 2 4 8 16 32 64
  75 509  996 0  11 1 7 1 2 4 8 16 32 64
  76 348  860 0   6 1 7 1 2 4 8 16 32 64
  77 158  632 0  29 1 7 1 2 4 8 16 32 64
  78 851  554 0  21 1 7 1 2 4 8 16 32 64
  79 986  494 0  25 1 7 1 2 4 8 16 32 64
  80 536  871 0  20 1 7 1 2 4 8 16 32 64
  81 798  393 0  38 1 7 1 2 4 8 16 32 64
  82 307  118 0  31 1 7 1 2 4 8 16 32 64
  83 182  464 0  78 1 7 1 2 4 8 16 32 64
  84 856  885 0  38 1 7 1 2 4 8 16 32 64
  85 967  693 0  11 1 7 1 2 4 8 16 32 64
  86 802  563 0  14 1 7 1 2 4 8 16 32 64
  87 325  735 0  82 1 7 1 2 4 8 16 32 64
  88 978  958 0  82 1 7 1 2 4 8 16 32 64
  89 148  350 0  66 1 7 1 2 4 8 16 32 64
  90 502  376 0   7 1 7 1 2 4 8 16 32 64
  91 781  603 0  88 1 7 1 2 4 8 16 32 64
  92 352  966 0   4 1 7 1 2 4 8 16 32 64
  93 580  888 0  25 1 7 1 2 4 8 16 32 64
  94 400  845 0  37 1 7 1 2 4 8 16 32 64
  95 479  857 0 100 1 7 1 2 4 8 16 32 64
  96 806  493 0  99 1 7 1 2 4 8 16 32 64
  97  91  130 0   6 1 7 1 2 4 8 16 32 64
  98 226  442 0  23 1 7 1 2 4 8 16 32 64
  99 551  786 0  32 1 7 1 2 4 8 16 32 64
 100  77  407 0   2 1 7 1 2 4 8 16 32 64
 101 679  721 0  14 1 7 1 2 4 8 16 32 64
 102  31  467 0  50 1 7 1 2 4 8 16 32 64
 103 133   22 0  77 1 7 1 2 4 8 16 32 64
 104 983  356 0  51 1 7 1 2 4 8 16 32 64
 105 572  562 0  28 1 7 1 2 4 8 16 32 64
 106 981  580 0  38 1 7 1 2 4 8 16 32 64
 107 946   93 0  45 1 7 1 2 4 8 16 32 64
 108   1  427 0  42 1 7 1 2 4 8 16 32 64
 109 842  692 0  51 1 7 1 2 4 8 16 32 64
 110 468  105 0  87 1 7 1 2 4 8 16 32 64
 111 233  817 0  85 1 7 1 2 4 8 16 32 64
 112 672  557 0  49 1 7 1 2 4 8 16 32 64
 113 920  271 0   1 1 7 1 2 4 8 16 32 64
 114 305  203 0  79 1 7 1 2 4 8 16 32 64
 115 663  798 0  16 1 7 1 2 4 8 16 32 64
 116 230  303 0  39 1 7 1 2 4 8 16 32 64
 117 382  458 0  60 1 7 1 2 4 8 16 32 64
 118 390  291 0  33 1 7 1 2 4 8 16 32 64
 119 210  167 0  76 1 7 1 2 4 8 16 32 64
 120  92   48 0  83 1 7 1 2 4 8 16 32 64
 121  48  123 0  88 1 7 1 2 4 8 16 32 64
 122 779  715 0  38 1 7 1 2 4 8 16 32 64
 123 177  950 0  23 1 7 1 2 4 8 16 32 64
 124 800  234 0  18 1 7 1 2 4 8 16 32 64
 125 656  907 0  89 1 7 1 2 4 8 16 32 64
 126 866  928 0  21 1 7 1 2 4 8 16 32 64
 127  86  501 0  22 1 7 1 2 4 8 16 32 64
 128 776  264 0  25 1 7 1 2 4 8 16 32 64
 129 823  771 0  61 1 7 1 2 4 8 16 32 64
 130   4   21 0  25 1 7 1 2 4 8 16 32 64
 131 108  702 0  58 1 7 1 2 4 8 16 32 64
 132 896  560 0  51 1 7 1 2 4 8 16 32 64
 133 614   91 0  53 1 7 1 2 4 8 16 32 64
 134 668  293 0  30 1 7 1 2 4 8 16 32 64
 135 682  556 0  79 1 7 1 2 4 8 16 32 64
 136 688  879 0  96 1 7 1 2 4 8 16 32 64
 137 204  897 0  38 1 7 1 2 4 8 16 32 64
 138 882  159 0  11 1 7 1 2 4 8 16 32 64
 139 646  252 0  75 1 7 1 2 4 8 16 32 64
 140 356  978 0  89 1 7 1 2 4 8 16 32 64
 141 899  308 0  82 1 7 1 2 4 8 16 32 64
 142 829  783 0  97 1 7 1 2 4 8 16 32 64
 143 541  361 0  45 1 7 1 2 4 8 16 32 64
 144 565  775 0  44 1 7 1 2 4 8 16 32 64
 145 607  554 0  28 1 7 1 2 4 8 16 32 64
 146 630   29 0  29 1 7 1 2 4 8 16 32 64
 147  35  529 0  67 1 7 1 2 4 8 16 32 64
 148 540  812 0  85 1 7 1 2 4 8 16 32 64
 149 726  462 0  63 1 7 1 2 4 8 16 32 64
 150 977  935 0  69 1 7 1 2 4 8 16 32 64
 151 347  313 0   8 1 7 1 2 4 8 16 32 64
 152 747  431 0  29 1 7 1 2 4 8 16 32 64
 153 185  700 0  73 1 7 1 2 4 8 16 32 64
 154 331  837 0  80 1 7 1 2 4 8 16 32 64
 155 390  584 0  76 1 7 1 2 4 8 16 32 64
 156 314  302 0  18 1 7 1 2 4 8 16 32 64
 157 279  135 0  56 1 7 1 2 4 8 16 32 64
 158 334   88 0  36 1 7 1 2 4 8 16 32 64
 159 724  468 0  94 1 7 1 2 4 8 16 32 64
 160  78  908 0   1 1 7 1 2 4 8 16 32 64
 161  22  459 0  90 1 7 1 2 4 8 16 32 64
 162 921  267 0  92 1 7 1 2 4 8 16 32 64
 163 102  522 0  20 1 7 1 2 4 8 16 32 64
 164 484  707 0  53 1 7 1 2 4 8 16 32 64
 165 780  517 0  26 1 7 1 2 4 8 16 32 64
 166  29  427 0  57 1 7 1 2 4 8 16 32 64
 167 147   16 0  17 1 7 1 2 4 8 16 32 64
 168 350  445 0  47 1 7 1 2 4 8 16 32 64
 169 110  873 0  37 1 7 1 2 4 8 16 32 64
 170 917  969 0  77 1 7 1 2 4 8 16 32 64
 171 422   25 0  24 1 7 1 2 4 8 16 32 64
 172 940  817 0  16 1 7 1 2 4 8 16 32 64
 173 390  155 0  43 1 7 1 2 4 8 16 32 64
 174  77  780 0   7 1 7 1 2 4 8 16 32 64
 175 783  538 0  15 1 7 1 2 4 8 16 32 64
 176 378  132 0  38 1 7 1 2 4 8 16 32 64
 177 446  783 0  53 1 7 1 2 4 8 16 32 64
 178 644  378 0  22 1 7 1 2 4 8 16 32 64
 179 866  828 0  24 1 7 1 2 4 8 16 32 64
 180 766  587 0  45 1 7 1 2 4 8 16 32 64
 181  57  905 0  18 1 7 1 2 4 8 16 32 64
 182 247  228 0  78 1 7 1 2 4 8 16 32 64
 183  33  788 0  18 1 7 1 2 4 8 16 32 64
 184  33  257 0  78 1 7 1 2 4 8 16 32 64
 185 303  966 0  64 1 7 1 2 4 8 16 32 64
 186 254  202 0  25 1 7 1 2 4 8 16 32 64
 187 631  663 0   7 1 7 1 2 4 8 16 32 64
 188  78   56 0  91 1 7 1 2 4 8 16 32 64
 189 194  557 0  12 1 7 1 2 4 8 16 32 64
 190 151  458 0  42 1 7 1 2 4 8 16 32 64
 191 550  401 0  12 1 7 1 2 4 8 16 32 64
 192 995   47 0  27 1 7 1 2 4 8 16 32 64
 193 934   17 0  78 1 7 1 2 4 8 16 32 64
 194   4   62 0  10 1 7 1 2 4 8 16 32 64
 195 530   42 0  84 1 7 1 2 4 8 16 32 64
 196 426  708 0  47 1 7 1 2 4 8 16 32 64
 197 768  107 0  79 1 7 1 2 4 8 16 32 64
 198  18  171 0  46 1 7 1 2 4 8 16 32 64
 199 538  548 0  20 1 7 1 2 4 8 16 32 64
 200 137  652 0  97 1 7 1 2 4 8 16 32 64
 201 837  299 0  50 1 7 1 2 4 8 16 32 64
 202  32  901 0  41 1 7 1 2 4 8 16 32 64
 203 648  779 0  71 1 7 1 2 4 8 16 32 64
 204 247  561 0  57 1 7 1 2 4 8 16 32 64
 205 748  141 0  78 1 7 1 2 4 8 16 32 64
 206 915  745 0  75 1 7 1 2 4 8 16 32 64
 207 732  395 0  43 1 7 1 2 4 8 16 32 64
 208 788  395 0  79 1 7 1 2 4 8 16 32 64
 209 133  544 0  57 1 7 1 2 4 8 16 32 64
 210 934  317 0  63 1 7 1 2 4 8 16 32 64
 211 413  694 0  74 1 7 1 2 4 8 16 32 64
 212 386  606 0  91 1 7 1 2 4 8 16 32 64
 213 155  981 0  39 1 7 1 2 4 8 16 32 64
 214 788  347 0  65 1 7 1 2 4 8 16 32 64
 215 963  770 0  51 1 7 1 2 4 8 16 32 64
 216 328   54 0  81 1 7 1 2 4 8 16 32 64
 217 624  948 0  18 1 7 1 2 4 8 16 32 64
 218 790  593 0  37 1 7 1 2 4 8 16 32 64
 219 419  158 0   4 1 7 1 2 4 8 16 32 64
 220 995   96 0  11 1 7 1 2 4 8 16 32 64
 221 203  747 0  49 1 7 1 2 4 8 16 32 64
 222 724  928 0  79 1 7 1 2 4 8 16 32 64
 223 189  729 0  43 1 7 1 2 4 8 16 32 64
 224 998  820 0  27 1 7 1 2 4 8 16 32 64
 225 469   60 0  85 1 7 1 2 4 8 16 32 64
 226 696  526 0  55 1 7 1 2 4 8 16 32 64
 227 241  130 0  71 1 7 1 2 4 8 16 32 64
 228 540  214 0   5 1 7 1 2 4 8 16 32 64
 229 412  509 0  98 1 7 1 2 4 8 16 32 64
 230 420  957 0  13 1 7 1 2 4 8 16 32 64
 231 952  318 0  18 1 7 1 2 4 8 16 32 64
 232 732  278 0  67 1 7 1 2 4 8 16 32 64
 233 872   36 0  54 1 7 1 2 4 8 16 32 64
 234 565  496 0  77 1 7 1 2 4 8 16 32 64
 235 638  155 0  21 1 7 1 2 4 8 16 32 64
 236 645  386 0   6 1 7 1 2 4 8 16 32 64
 237 549  290 0  92 1 7 1 2 4 8 16 32 64
 238 442  537 0  21 1 7 1 2 4 8 16 32 64
 239 936  974 0  91 1 7 1 2 4 8 16 32 64
 240 144  794 0  44 1 7 1 2 4 8 16 32 64
 241 532  490 0  24 1 7 1 2 4 8 16 32 64
 242 517  651 0  31 1 7 1 2 4 8 16 32 64
 243 518  312 0   2 1 7 1 2 4 8 16 32 64
 244  22  472 0  47 1 7 1 2 4 8 16 32 64
 245 194  828 0  55 1 7 1 2 4 8 16 32 64
 246 311   48 0  74 1 7 1 2 4 8 16 32 64
 247 849   39 0  77 1 7 1 2 4 8 16 32 64
 248 106  637 0  39 1 7 1 2 4 8 16 32 64
 249 818  247 0  84 1 7 1 2 4 8 16 32 64
 250 392  385 0   5 1 7 1 2 4 8 16 32 64
 251 457  336 0  35 1 7 1 2 4 8 16 32 64
 252 550  314 0  85 1 7 1 2 4 8 16 32 64
 253 264  708 0  59 1 7 1 2 4 8 16 32 64
 254 886  880 0  38 1 7 1 2 4 8 16 32 64
 255 556  357 0  68 1 7 1 2 4 8 16 32 64
 256 745  562 0  34 1 7 1 2 4 8 16 32 64
 257 877  103 0  20 1 7 1 2 4 8 16 32 64
 258  79  942 0  63 1 7 1 2 4 8 16 32 64
 259 188  747 0  34 1 7 1 2 4 8 16 32 64
 260 576   24 0  75 1 7 1 2 4 8 16 32 64
 261 716  238 0  23 1 7 1 2 4 8 16 32 64
 262 968  491 0  65 1 7 1 2 4 8 16 32 64
 263 145   15 0  35 1 7 1 2 4 8 16 32 64
 264 889  599 0  78 1 7 1 2 4 8 16 32 64
 265 284  516 0  97 1 7 1 2 4 8 16 32 64
 266 414   11 0  13 1 7 1 2 4 8 16 32 64
 267 466  791 0  13 1 7 1 2 4 8 16 32 64
 268 944  968 0  65 1 7 1 2 4 8 16 32 64
 269 117  112 0  66 1 7 1 2 4 8 16 32 64
 270 223  616 0  21 1 7 1 2 4 8 16 32 64
 271 770  188 0  26 1 7 1 2 4 8 16 32 64
 272 197    0 0  10 1 7 1 2 4 8 16 32 64
 273 801  210 0  55 1 7 1 2 4 8 16 32 64
 274  61  982 0  41 1 7 1 2 4 8 16 32 64
 275 181  882 0  43 1 7 1 2 4 8 16 32 64
 276  91  774 0  20 1 7 1 2 4 8 16 32 64
 277  16  984 0  34 1 7 1 2 4 8 16 32 64
 278 552  808 0  47 1 7 1 2 4 8 16 32 64
 279 725  341 0  27 1 7 1 2 4 8 16 32 64
 280 193   66 0  14 1 7 1 2 4 8 16 32 64
 281 808  270 0  11 1 7 1 2 4 8 16 32 64
 282 549   50 0  49 1 7 1 2 4 8 16 32 64
 283  70   18 0  11 1 7 1 2 4 8 16 32 64
 284 582  710 0   3 1 7 1 2 4 8 16 32 64
 285 239    5 0  41 1 7 1 2 4 8 16 32 64
 286 220  955 0  17 1 7 1 2 4 8 16 32 64
 287 100  452 0  74 1 7 1 2 4 8 16 32 64
 288 660  516 0  31 1 7 1 2 4 8 16 32 64
 289 784  673 0  67 1 7 1 2 4 8 16 32 64
 290 105  398 0  33 1 7 1 2 4 8 16 32 64
 291 926  878 0  57 1 7 1 2 4 8 16 32 64
 292  51  590 0  39 1 7 1 2 4 8 16 32 64
 293 621  984 0  75 1 7 1 2 4 8 16 32 64
 294  79  588 0  74 1 7 1 2 4 8 16 32 64
 295 634  462 0   7 1 7 1 2 4 8 16 32 64
 296 296   99 0  81 1 7 1 2 4 8 16 32 64
 297 679  650 0  66 1 7 1 2 4 8 16 32 64
 298 895  787 0  57 1 7 1 2 4 8 16 32 64
 299 591  999 0  42 1 7 1 2 4 8 16 32 64
 300 243  547 0  41 1 7 1 2 4 8 16 32 64
 301 242  587 0  23 1 7 1 2 4 8 16 32 64
 302 795  661 0  84 1 7 1 2 4 8 16 32 64
 303 963  623 0   3 1 7 1 2 4 8 16 32 64
 304 947   44 0  56 1 7 1 2 4 8 16 32 64
 305 239  348 0  20 1 7 1 2 4 8 16 32 64
 306 395  520 0  80 1 7 1 2 4 8 16 32 64
 307 155  903 0  93 1 7 1 2 4 8 16 32 64
 308 733  754 0  67 1 7 1 2 4 8 16 32 64
 309 303  199 0  59 1 7 1 2 4 8 16 32 64
 310 942   65 0  77 1 7 1 2 4 8 16 32 64
 311 273    9 0  94 1 7 1 2 4 8 16 32 64
 312 317  811 0  63 1 7 1 2 4 8 16 32 64
 313 635   19 0   3 1 7 1 2 4 8 16 32 64
 314 590  376 0  25 1 7 1 2 4 8 16 32 64
 315 572  859 0  81 1 7 1 2 4 8 16 32 64
 316 322  401 0  89 1 7 1 2 4 8 16 32 64
 317 721  114 0  26 1 7 1 2 4 8 16 32 64
 318 172  256 0  65 1 7 1 2 4 8 16 32 64
 319  75  194 0   3 1 7 1 2 4 8 16 32 64
 320 260  558 0  83 1 7 1 2 4 8 16 32 64
 321 303  403 0  50 1 7 1 2 4 8 16 32 64
 322 335  821 0  87 1 7 1 2 4 8 16 32 64
 323 720  301 0  96 1 7 1 2 4 8 16 32 64
 324 370  524 0  85 1 7 1 2 4 8 16 32 64
 325 296  462 0  73 1 7 1 2 4 8 16 32 64
 326 716  160 0  62 1 7 1 2 4 8 16 32 64
 327 138  354 0  50 1 7 1 2 4 8 16 32 64
 328 148  363 0  46 1 7 1 2 4 8 16 32 64
 329 303  224 0  65 1 7 1 2 4 8 16 32 64
 330 244  670 0  40 1 7 1 2 4 8 16 32 64
 331 790  683 0  66 1 7 1 2 4 8 16 32 64
 332 110  797 0   2 1 7 1 2 4 8 16 32 64
 333 401  186 0  45 1 7 1 2 4 8 16 32 64
 334 349  607 0  38 1 7 1 2 4 8 16 32 64
 335 193  180 0  33 1 7 1 2 4 8 16 32 64
 336 754  679 0  37 1 7 1 2 4 8 16 32 64
 337 759  584 0  29 1 7 1 2 4 8 16 32 64
 338 487  464 0  92 1 7 1 2 4 8 16 32 64
 339 691  412 0  10 1 7 1 2 4 8 16 32 64
 340 579  880 0  27 1 7 1 2 4 8 16 32 64
 341 870  458 0  23 1 7 1 2 4 8 16 32 64
 342   4  966 0  78 1 7 1 2 4 8 16 32 64
 343 840  565 0  35 1 7 1 2 4 8 16 32 64
 344 960  124 0  14 1 7 1 2 4 8 16 32 64
 345 177  540 0  92 1 7 1 2 4 8 16 32 64
 346 478  987 0  25 1 7 1 2 4 8 16 32 64
 347 743  946 0  76 1 7 1 2 4 8 16 32 64
 348 396  700 0  15 1 7 1 2 4 8 16 32 64
 349 857  679 0  83 1 7 1 2 4 8 16 32 64
 350 712  587 0  57 1 7 1 2 4 8 16 32 64
 351 459  586 0  81 1 7 1 2 4 8 16 32 64
 352 944  841 0  83 1 7 1 2 4 8 16 32 64
 353 533  718 0  70 1 7 1 2 4 8 16 32 64
 354 873  749 0  23 1 7 1 2 4 8 16 32 64
 355  66  890 0  11 1 7 1 2 4 8 16 32 64
 356  35   46 0  96 1 7 1 2 4 8 16 32 64
 357 595  731 0  77 1 7 1 2 4 8 16 32 64
 358 778  868 0  26 1 7 1 2 4 8 16 32 64
 359 592  725 0  57 1 7 1 2 4 8 16 32 64
 360 687  386 0   8 1 7 1 2 4 8 16 32 64
 361 656  919 0  68 1 7 1 2 4 8 16 32 64
 362 933  627 0  20 1 7 1 2 4 8 16 32 64
 363 324  890 0  75 1 7 1 2 4 8 16 32 64
 364 371  466 0  79 1 7 1 2 4 8 16 32 64
 365 993  291 0  10 1 7 1 2 4 8 16 32 64
 366 782  312 0  81 1 7 1 2 4 8 16 32 64
 367 267  531 0  35 1 7 1 2 4 8 16 32 64
 368 773  783 0  13 1 7 1 2 4 8 16 32 64
 369 968  771 0  13 1 7 1 2 4 8 16 32 64
 370 291  304 0  84 1 7 1 2 4 8 16 32 64
 371 682   94 0  87 1 7 1 2 4 8 16 32 64
 372 272   28 0  27 1 7 1 2 4 8 16 32 64
 373 869  695 0  22 1 7 1 2 4 8 16 32 64
 374 500  655 0  14 1 7 1 2 4 8 16 32 64
 375 783  394 0   6 1 7 1 2 4 8 16 32 64
 376 569  819 0  13 1 7 1 2 4 8 16 32 64
 377 687  918 0  67 1 7 1 2 4 8 16 32 64
 378 355  534 0  37 1 7 1 2 4 8 16 32 64
 379 432  877 0  87 1 7 1 2 4 8 16 32 64
 380 872  138 0  90 1 7 1 2 4 8 16 32 64
 381 995  185 0  55 1 7 1 2 4 8 16 32 64
 382 706  389 0  42 1 7 1 2 4 8 16 32 64
 383 307   78 0  17 1 7 1 2 4 8 16 32 64
 384 756  795 0  15 1 7 1 2 4 8 16 32 64
 385 424  940 0  74 1 7 1 2 4 8 16 32 64
 386 218  943 0  98 1 7 1 2 4 8 16 32 64
 387 989  455 0  55 1 7 1 2 4 8 16 32 64
 388 446  158 0  39 1 7 1 2 4 8 16 32 64
 389  42  665 0  35 1 7 1 2 4 8 16 32 64
 390 573  444 0  88 1 7 1 2 4 8 16 32 64
 391  64  942 0  17 1 7 1 2 4 8 16 32 64
 392 526  843 0  45 1 7 1 2 4 8 16 32 64
 393 933  618 0  22 1 7 1 2 4 8 16 32 64
 394 800   98 0  53 1 7 1 2 4 8 16 32 64
 395 839  791 0  41 1 7 1 2 4 8 16 32 64
 396  24  570 0   5 1 7 1 2 4 8 16 32 64
 397 613  354 0  34 1 7 1 2 4 8 16 32 64
 398 571  806 0   4 1 7 1 2 4 8 16 32 64
 399 596  871 0  91 1 7 1 2 4 8 16 32 64
 400 171  938 0  25 1 7 1 2 4 8 16 32 64
 401 505  148 0  36 1 7 1 2 4 8 16 32 64
 402 345  708 0  94 1 7 1 2 4 8 16 32 64
 403 976  333 0  80 1 7 1 2 4 8 16 32 64
 404 807  182 0  83 1 7 1 2 4 8 16 32 64
 405 913  304 0  55 1 7 1 2 4 8 16 32 64
 406 336  158 0  98 1 7 1 2 4 8 16 32 64
 407 249  679 0   5 1 7 1 2 4 8 16 32 64
 408 912  918 0  56 1 7 1 2 4 8 16 32 64
 409   5  379 0  78 1 7 1 2 4 8 16 32 64
 410 431  184 0  63 1 7 1 2 4 8 16 32 64
 411 776  794 0   2 1 7 1 2 4 8 16 32 64
 412   9  286 0  74 1 7 1 2 4 8 16 32 64
 413 244   95 0  41 1 7 1 2 4 8 16 32 64
 414 472  188 0  48 1 7 1 2 4 8 16 32 64
 415 937  621 0  59 1 7 1 2 4 8 16 32 64
 416 607  670 0  18 1 7 1 2 4 8 16 32 64
 417 496  457 0  23 1 7 1 2 4 8 16 32 64
 418 243  521 0  74 1 7 1 2 4 8 16 32 64
 419 134  898 0  67 1 7 1 2 4 8 16 32 64
 420 762  507 0  94 1 7 1 2 4 8 16 32 64
 421 969  449 0   4 1 7 1 2 4 8 16 32 64
 422  23  412 0  19 1 7 1 2 4 8 16 32 64
 423 221  154 0  61 1 7 1 2 4 8 16 32 64
 424 465  119 0  93 1 7 1 2 4 8 16 32 64
 425 897  704 0  22 1 7 1 2 4 8 16 32 64
 426 238  105 0  87 1 7 1 2 4 8 16 32 64
 427 266  381 0   7 1 7 1 2 4 8 16 32 64
 428 505  838 0  29 1 7 1 2 4 8 16 32 64
 429 293  844 0  66 1 7 1 2 4 8 16 32 64
 430 846  736 0  16 1 7 1 2 4 8 16 32 64
 431 974  363 0   3 1 7 1 2 4 8 16 32 64
 432  77  265 0  79 1 7 1 2 4 8 16 32 64
 433 616  989 0  77 1 7 1 2 4 8 16 32 64
 434 841  917 0  76 1 7 1 2 4 8 16 32 64
 435 745  873 0  51 1 7 1 2 4 8 16 32 64
 436 444  570 0  86 1 7 1 2 4 8 16 32 64
 437 362  812 0  31 1 7 1 2 4 8 16 32 64
 438 993  777 0  43 1 7 1 2 4 8 16 32 64
 439 194  214 0  29 1 7 1 2 4 8 16 32 64
 440 283  825 0   2 1 7 1 2 4 8 16 32 64
 441 807  973 0  70 1 7 1 2 4 8 16 32 64
 442 685  983 0  97 1 7 1 2 4 8 16 32 64
 443 401  370 0   5 1 7 1 2 4 8 16 32 64
 444 710  404 0  77 1 7 1 2 4 8 16 32 64
 445 658  348 0 100 1 7 1 2 4 8 16 32 64
 446 880  372 0  50 1 7 1 2 4 8 16 32 64
 447 923  467 0  96 1 7 1 2 4 8 16 32 64
 448 798  895 0  52 1 7 1 2 4 8 16 32 64
 449 872  427 0  23 1 7 1 2 4 8 16 32 64
 450 264  709 0  47 1 7 1 2 4 8 16 32 64
 451 234  866 0  34 1 7 1 2 4 8 16 32 64
 452 973  898 0  24 1 7 1 2 4 8 16 32 64
 453 747  363 0  11 1 7 1 2 4 8 16 32 64
 454 470  867 0  17 1 7 1 2 4 8 16 32 64
 455 143  513 0  79 1 7 1 2 4 8 16 32 64
 456   1  527 0  20 1 7 1 2 4 8 16 32 64
 457 750  444 0  96 1 7 1 2 4 8 16 32 64
 458 838  956 0  49 1 7 1 2 4 8 16 32 64
 459 969  955 0  90 1 7 1 2 4 8 16 32 64
 460 622   11 0  93 1 7 1 2 4 8 16 32 64
 461 510  552 0  23 1 7 1 2 4 8 16 32 64
 462  49  146 0  66 1 7 1 2 4 8 16 32 64
 463  91  628 0  51 1 7 1 2 4 8 16 32 64
 464  39  566 0  82 1 7 1 2 4 8 16 32 64
 465 609  356 0  46 1 7 1 2 4 8 16 32 64
 466  49  613 0  27 1 7 1 2 4 8 16 32 64
 467 667   68 0  63 1 7 1 2 4 8 16 32 64
 468 293  228 0  51 1 7 1 2 4 8 16 32 64
 469 805  159 0  43 1 7 1 2 4 8 16 32 64
 470 259  920 0  53 1 7 1 2 4 8 16 32 64
 471 724  742 0  15 1 7 1 2 4 8 16 32 64
 472 704  265 0  41 1 7 1 2 4 8 16 32 64
 473 877  707 0  39 1 7 1 2 4 8 16 32 64
 474  25  162 0  72 1 7 1 2 4 8 16 32 64
 475 354  565 0  65 1 7 1 2 4 8 16 32 64
 476 864  425 0  62 1 7 1 2 4 8 16 32 64
 477 821  146 0  10 1 7 1 2 4 8 16 32 64
 478 224  225 0  94 1 7 1 2 4 8 16 32 64
 479 451  994 0  35 1 7 1 2 4 8 16 32 64
 480 793  679 0  95 1 7 1 2 4 8 16 32 64
 481 514  557 0  91 1 7 1 2 4 8 16 32 64
 482 621  694 0  42 1 7 1 2 4 8 16 32 64
 483 948  283 0  27 1 7 1 2 4 8 16 32 64
 484 271  901 0  54 1 7 1 2 4 8 16 32 64
 485  36  221 0   3 1 7 1 2 4 8 16 32 64
 486 790  801 0  45 1 7 1 2 4 8 16 32 64
 487 364  737 0  16 1 7 1 2 4 8 16 32 64
 488 948  456 0  41 1 7 1 2 4 8 16 32 64
 489 524  583 0  26 1 7 1 2 4 8 16 32 64
 490 903  145 0   9 1 7 1 2 4 8 16 32 64
 491 583  667 0  96 1 7 1 2 4 8 16 32 64
 492 458  514 0  37 1 7 1 2 4 8 16 32 64
 493 422  718 0  55 1 7 1 2 4 8 16 32 64
 494  25  468 0  17 1 7 1 2 4 8 16 32 64
 495 207  346 0  95 1 7 1 2 4 8 16 32 64
 496 204  828 0  78 1 7 1 2 4 8 16 32 64
 497 547  608 0  15 1 7 1 2 4 8 16 32 64
 498 709   21 0  29 1 7 1 2 4 8 16 32 64
 499 681  765 0  44 1 7 1 2 4 8 16 32 64
 500 256  229 0  80 1 7 1 2 4 8 16 32 64
 501 806   58 0  52 1 7 1 2 4 8 16 32 64
 502 148  483 0  86 1 7 1 2 4 8 16 32 64
 503 197  789 0  51 1 7 1 2 4 8 16 32 64
 504 961  873 0  22 1 7 1 2 4 8 16 32 64
 505 608  960 0  31 1 7 1 2 4 8 16 32 64
 506 763  931 0  42 1 7 1 2 4 8 16 32 64
 507 734  388 0   4 1 7 1 2 4 8 16 32 64
 508 872  603 0  66 1 7 1 2 4 8 16 32 64
 509 621  773 0  46 1 7 1 2 4 8 16 32 64
 510  83  197 0  18 1 7 1 2 4 8 16 32 64
 511 167   65 0  52 1 7 1 2 4 8 16 32 64
 512 999  191 0  10 1 7 1 2 4 8 16 32 64
 513 452  778 0  26 1 7 1 2 4 8 16 32 64
 514 954    3 0  21 1 7 1 2 4 8 16 32 64
 515 700  289 0  92 1 7 1 2 4 8 16 32 64
 516 852  872 0  88 1 7 1 2 4 8 16 32 64
 517 477  198 0  46 1 7 1 2 4 8 16 32 64
 518 981   52 0  24 1 7 1 2 4 8 16 32 64
 519 280  227 0  81 1 7 1 2 4 8 16 32 64
 520 312  846 0  46 1 7 1 2 4 8 16 32 64
 521 405  149 0  24 1 7 1 2 4 8 16 32 64
 522 354  748 0  35 1 7 1 2 4 8 16 32 64
 523 446  427 0  16 1 7 1 2 4 8 16 32 64
 524 356  176 0  44 1 7 1 2 4 8 16 32 64
 525 324  492 0  47 1 7 1 2 4 8 16 32 64
 526 319   20 0  43 1 7 1 2 4 8 16 32 64
 527 472  126 0  55 1 7 1 2 4 8 16 32 64
 528 459  481 0  58 1 7 1 2 4 8 16 32 64
 529 460  570 0  26 1 7 1 2 4 8 16 32 64
 530 604  485 0  89 1 7 1 2 4 8 16 32 64
 531 597  765 0  73 1 7 1 2 4 8 16 32 64
 532 181  578 0  75 1 7 1 2 4 8 16 32 64
 533 913  752 0  61 1 7 1 2 4 8 16 32 64
 534 536  943 0  28 1 7 1 2 4 8 16 32 64
 535 634   87 0  64 1 7 1 2 4 8 16 32 64
 536 313  647 0  43 1 7 1 2 4 8 16 32 64
 537 821  252 0  62 1 7 1 2 4 8 16 32 64
 538 888  921 0  94 1 7 1 2 4 8 16 32 64
 539 215  277 0   5 1 7 1 2 4 8 16 32 64
 540 984   63 0  77 1 7 1 2 4 8 16 32 64
 541 285  325 0  46 1 7 1 2 4 8 16 32 64
 542 579  553 0   2 1 7 1 2 4 8 16 32 64
 543 375  543 0  29 1 7 1 2 4 8 16 32 64
 544 516  736 0  37 1 7 1 2 4 8 16 32 64
 545 919  109 0  37 1 7 1 2 4 8 16 32 64
 546 602  220 0  20 1 7 1 2 4 8 16 32 64
 547  20   14 0  97 1 7 1 2 4 8 16 32 64
 548 181  491 0   5 1 7 1 2 4 8 16 32 64
 549 155  406 0  41 1 7 1 2 4 8 16 32 64
 550 577  701 0  18 1 7 1 2 4 8 16 32 64
 551 860  537 0  96 1 7 1 2 4 8 16 32 64
 552 857  707 0  62 1 7 1 2 4 8 16 32 64
 553 342  553 0  23 1 7 1 2 4 8 16 32 64
 554 408  276 0  68 1 7 1 2 4 8 16 32 64
 555 410  305 0  12 1 7 1 2 4 8 16 32 64
 556 724  425 0  41 1 7 1 2 4 8 16 32 64
 557 164  491 0  58 1 7 1 2 4 8 16 32 64
 558 940  591 0  52 1 7 1 2 4 8 16 32 64
 559 474  976 0  84 1 7 1 2 4 8 16 32 64
 560  57  246 0  42 1 7 1 2 4 8 16 32 64
 561 665  758 0  96 1 7 1 2 4 8 16 32 64
 562 590  127 0  22 1 7 1 2 4 8 16 32 64
 563 380  569 0  68 1 7 1 2 4 8 16 32 64
 564 884  684 0  22 1 7 1 2 4 8 16 32 64
 565 595  845 0  75 1 7 1 2 4 8 16 32 64
 566 653  906 0   1 1 7 1 2 4 8 16 32 64
 567  68  788 0  38 1 7 1 2 4 8 16 32 64
 568 693  300 0   5 1 7 1 2 4 8 16 32 64
 569 127  204 0  24 1 7 1 2 4 8 16 32 64
 570 993   14 0  43 1 7 1 2 4 8 16 32 64
 571 793  132 0  58 1 7 1 2 4 8 16 32 64
 572 958  162 0  84 1 7 1 2 4 8 16 32 64
 573 446  533 0  58 1 7 1 2 4 8 16 32 64
 574 269  314 0  45 1 7 1 2 4 8 16 32 64
 575 186  966 0  46 1 7 1 2 4 8 16 32 64
 576 372  469 0   1 1 7 1 2 4 8 16 32 64
 577 434   91 0  30 1 7 1 2 4 8 16 32 64
 578 659  286 0  37 1 7 1 2 4 8 16 32 64
 579 559  114 0  74 1 7 1 2 4 8 16 32 64
 580 730  630 0  41 1 7 1 2 4 8 16 32 64
 581 576  824 0  19 1 7 1 2 4 8 16 32 64
 582 747  883 0  48 1 7 1 2 4 8 16 32 64
 583 734   59 0  80 1 7 1 2 4 8 16 32 64
 584 294  731 0  31 1 7 1 2 4 8 16 32 64
 585 716  163 0  19 1 7 1 2 4 8 16 32 64
 586 405  719 0  39 1 7 1 2 4 8 16 32 64
 587 457  873 0  86 1 7 1 2 4 8 16 32 64
 588 873  337 0  12 1 7 1 2 4 8 16 32 64
 589 256  337 0  74 1 7 1 2 4 8 16 32 64
 590 912  890 0  60 1 7 1 2 4 8 16 32 64
 591 716  378 0  34 1 7 1 2 4 8 16 32 64
 592 938  849 0  15 1 7 1 2 4 8 16 32 64
 593 613   96 0  58 1 7 1 2 4 8 16 32 64
 594  78  102 0  72 1 7 1 2 4 8 16 32 64
 595 797  650 0  46 1 7 1 2 4 8 16 32 64
 596 372  556 0  14 1 7 1 2 4 8 16 32 64
 597 551  621 0  87 1 7 1 2 4 8 16 32 64
 598 828   68 0  16 1 7 1 2 4 8 16 32 64
 599 806  215 0  98 1 7 1 2 4 8 16 32 64
 600 627  302 0  83 1 7 1 2 4 8 16 32 64
 601 481  981 0  29 1 7 1 2 4 8 16 32 64
 602 734  293 0  44 1 7 1 2 4 8 16 32 64
 603 390  136 0  77 1 7 1 2 4 8 16 32 64
 604 441  266 0  11 1 7 1 2 4 8 16 32 64
 605 937  577 0  25 1 7 1 2 4 8 16 32 64
 606 494  201 0  66 1 7 1 2 4 8 16 32 64
 607 808  867 0  94 1 7 1 2 4 8 16 32 64
 608  62  969 0  55 1 7 1 2 4 8 16 32 64
 609 775  417 0  10 1 7 1 2 4 8 16 32 64
 610 587  753 0  32 1 7 1 2 4 8 16 32 64
 611 996  330 0  11 1 7 1 2 4 8 16 32 64
 612 553  904 0  44 1 7 1 2 4 8 16 32 64
 613 877  660 0  50 1 7 1 2 4 8 16 32 64
 614 320   10 0  12 1 7 1 2 4 8 16 32 64
 615 328  872 0  19 1 7 1 2 4 8 16 32 64
 616 934  947 0  43 1 7 1 2 4 8 16 32 64
 617 735  702 0  44 1 7 1 2 4 8 16 32 64
 618 331  168 0  72 1 7 1 2 4 8 16 32 64
 619 823  898 0   7 1 7 1 2 4 8 16 32 64
 620  41  407 0  80 1 7 1 2 4 8 16 32 64
 621 169  562 0  50 1 7 1 2 4 8 16 32 64
 622 308  582 0  39 1 7 1 2 4 8 16 32 64
 623 945  616 0  15 1 7 1 2 4 8 16 32 64
 624 535  791 0  76 1 7 1 2 4 8 16 32 64
 625 937  518 0  92 1 7 1 2 4 8 16 32 64
 626 643  184 0  40 1 7 1 2 4 8 16 32 64
 627 468  897 0   6 1 7 1 2 4 8 16 32 64
 628 957   49 0   8 1 7 1 2 4 8 16 32 64
 629 214  411 0  48 1 7 1 2 4 8 16 32 64
 630 364  429 0  77 1 7 1 2 4 8 16 32 64
 631 295    2 0  68 1 7 1 2 4 8 16 32 64
 632  24  836 0  13 1 7 1 2 4 8 16 32 64
 633 577  885 0  33 1 7 1 2 4 8 16 32 64
 634 516  763 0  94 1 7 1 2 4 8 16 32 64
 635 705  611 0  10 1 7 1 2 4 8 16 32 64
 636 742  402 0  32 1 7 1 2 4 8 16 32 64
 637 477  542 0  65 1 7 1 2 4 8 16 32 64
 638 923  346 0 100 1 7 1 2 4 8 16 32 64
 639  63  878 0  32 1 7 1 2 4 8 16 32 64
 640 497  826 0  94 1 7 1 2 4 8 16 32 64
 641 870  616 0  43 1 7 1 2 4 8 16 32 64
 642 683  157 0  72 1 7 1 2 4 8 16 32 64
 643 733  977 0  10 1 7 1 2 4 8 16 32 64
 644 915  977 0  43 1 7 1 2 4 8 16 32 64
 645 335  576 0  11 1 7 1 2 4 8 16 32 64
 646 499  736 0  20 1 7 1 2 4 8 16 32 64
 647 640   92 0  16 1 7 1 2 4 8 16 32 64
 648 695  166 0  74 1 7 1 2 4 8 16 32 64
 649 904  128 0  96 1 7 1 2 4 8 16 32 64
 650 356  530 0  51 1 7 1 2 4 8 16 32 64
 651 755  542 0  87 1 7 1 2 4 8 16 32 64
 652 610   98 0  81 1 7 1 2 4 8 16 32 64
 653  41  129 0  12 1 7 1 2 4 8 16 32 64
 654 929  298 0  48 1 7 1 2 4 8 16 32 64
 655  58  826 0  16 1 7 1 2 4 8 16 32 64
 656  39  223 0  32 1 7 1 2 4 8 16 32 64
 657 853  656 0  80 1 7 1 2 4 8 16 32 64
 658 820  127 0  98 1 7 1 2 4 8 16 32 64
 659 104   95 0  42 1 7 1 2 4 8 16 32 64
 660 729  651 0  76 1 7 1 2 4 8 16 32 64
 661 152  362 0  18 1 7 1 2 4 8 16 32 64
 662 419  619 0  77 1 7 1 2 4 8 16 32 64
 663 445  105 0  40 1 7 1 2 4 8 16 32 64
 664 577  553 0  52 1 7 1 2 4 8 16 32 64
 665 752  283 0  14 1 7 1 2 4 8 16 32 64
 666 580  825 0  23 1 7 1 2 4 8 16 32 64
 667 209  724 0  25 1 7 1 2 4 8 16 32 64
 668 767   63 0  23 1 7 1 2 4 8 16 32 64
 669  30  817 0  17 1 7 1 2 4 8 16 32 64
 670 239   61 0  92 1 7 1 2 4 8 16 32 64
 671 351   33 0  73 1 7 1 2 4 8 16 32 64
 672   7  349 0  19 1 7 1 2 4 8 16 32 64
 673 988  845 0  22 1 7 1 2 4 8 16 32 64
 674 125   59 0  26 1 7 1 2 4 8 16 32 64
 675 189  132 0  50 1 7 1 2 4 8 16 32 64
 676 815   94 0  14 1 7 1 2 4 8 16 32 64
 677 943  490 0  48 1 7 1 2 4 8 16 32 64
 678   5  169 0  65 1 7 1 2 4 8 16 32 64
 679 908  164 0  49 1 7 1 2 4 8 16 32 64
 680 470  160 0  31 1 7 1 2 4 8 16 32 64
 681   4   33 0  55 1 7 1 2 4 8 16 32 64
 682 874  984 0  24 1 7 1 2 4 8 16 32 64
 683 494   19 0  28 1 7 1 2 4 8 16 32 64
 684 473  665 0  51 1 7 1 2 4 8 16 32 64
 685 555   76 0  76 1 7 1 2 4 8 16 32 64
 686 419  588 0  28 1 7 1 2 4 8 16 32 64
 687 697  392 0  44 1 7 1 2 4 8 16 32 64
 688 129  482 0  65 1 7 1 2 4 8 16 32 64
 689 498  340 0  10 1 7 1 2 4 8 16 32 64
 690 821  286 0  59 1 7 1 2 4 8 16 32 64
 691 631  798 0  31 1 7 1 2 4 8 16 32 64
 692 700  577 0  77 1 7 1 2 4 8 16 32 64
 693 203  700 0  14 1 7 1 2 4 8 16 32 64
 694 550    0 0  44 1 7 1 2 4 8 16 32 64
 695 695   85 0  75 1 7 1 2 4 8 16 32 64
 696 562  693 0  35 1 7 1 2 4 8 16 32 64
 697 586  537 0  81 1 7 1 2 4 8 16 32 64
 698 235  234 0  58 1 7 1 2 4 8 16 32 64
 699 635   45 0  30 1 7 1 2 4 8 16 32 64
 700 850  966 0  66 1 7 1 2 4 8 16 32 64
 701 420  700 0  78 1 7 1 2 4 8 16 32 64
 702 132  612 0  47 1 7 1 2 4 8 16 32 64
 703 783  477 0  32 1 7 1 2 4 8 16 32 64
 704 572  612 0  22 1 7 1 2 4 8 16 32 64
 705 533  357 0  25 1 7 1 2 4 8 16 32 64
 706 253  404 0  16 1 7 1 2 4 8 16 32 64
 707 458  698 0  65 1 7 1 2 4 8 16 32 64
 708   0  180 0  43 1 7 1 2 4 8 16 32 64
 709 478  298 0   2 1 7 1 2 4 8 16 32 64
 710 131    0 0  58 1 7 1 2 4 8 16 32 64
 711 652  653 0  17 1 7 1 2 4 8 16 32 64
 712 164  409 0  42 1 7 1 2 4 8 16 32 64
 713 107  505 0  27 1 7 1 2 4 8 16 32 64
 714 751  932 0  20 1 7 1 2 4 8 16 32 64
 715 818  923 0  92 1 7 1 2 4 8 16 32 64
 716 897  919 0   9 1 7 1 2 4 8 16 32 64
 717 485  425 0  61 1 7 1 2 4 8 16 32 64
 718 253  768 0  29 1 7 1 2 4 8 16 32 64
 719 548  484 0  60 1 7 1 2 4 8 16 32 64
 720 920  118 0  63 1 7 1 2 4 8 16 32 64
 721 220   47 0  35 1 7 1 2 4 8 16 32 64
 722 485  374 0  23 1 7 1 2 4 8 16 32 64
 723  22  746 0  94 1 7 1 2 4 8 16 32 64
 724 878  214 0  19 1 7 1 2 4 8 16 32 64
 725 528  304 0  58 1 7 1 2 4 8 16 32 64
 726 180  175 0  62 1 7 1 2 4 8 16 32 64
 727 984  230 0  92 1 7 1 2 4 8 16 32 64
 728  49  188 0  54 1 7 1 2 4 8 16 32 64
 729 543  993 0  87 1 7 1 2 4 8 16 32 64
 730 921  300 0   7 1 7 1 2 4 8 16 32 64
 731 829  897 0  70 1 7 1 2 4 8 16 32 64
 732 517  529 0  93 1 7 1 2 4 8 16 32 64
 733 415  510 0  80 1 7 1 2 4 8 16 32 64
 734 545  213 0  69 1 7 1 2 4 8 16 32 64
 735 260  954 0  65 1 7 1 2 4 8 16 32 64
 736 292  574 0  23 1 7 1 2 4 8 16 32 64
 737 141  745 0  67 1 7 1 2 4 8 16 32 64
 738 873  631 0   7 1 7 1 2 4 8 16 32 64
 739 293   63 0  78 1 7 1 2 4 8 16 32 64
 740  13  730 0  24 1 7 1 2 4 8 16 32 64
 741 948  898 0   3 1 7 1 2 4 8 16 32 64
 742 420  783 0  29 1 7 1 2 4 8 16 32 64
 743 413  676 0  18 1 7 1 2 4 8 16 32 64
 744 484  264 0  84 1 7 1 2 4 8 16 32 64
 745 362  355 0  15 1 7 1 2 4 8 16 32 64
 746 485 1000 0  58 1 7 1 2 4 8 16 32 64
 747 854  590 0  82 1 7 1 2 4 8 16 32 64
 748 100  699 0  92 1 7 1 2 4 8 16 32 64
 749 148  629 0  64 1 7 1 2 4 8 16 32 64
 750 359  735 0  39 1 7 1 2 4 8 16 32 64
 751 675  192 0  11 1 7 1 2 4 8 16 32 64
 752 187  470 0  51 1 7 1 2 4 8 16 32 64
 753 941  961 0  40 1 7 1 2 4 8 16 32 64
 754 425   92 0  49 1 7 1 2 4 8 16 32 64
 755 118  559 0  59 1 7 1 2 4 8 16 32 64
 756 201   72 0  68 1 7 1 2 4 8 16 32 64
 757 617  845 0  86 1 7 1 2 4 8 16 32 64
 758 843  477 0   1 1 7 1 2 4 8 16 32 64
 759 521  733 0   3 1 7 1 2 4 8 16 32 64
 760 590  252 0  21 1 7 1 2 4 8 16 32 64
 761 151  792 0  35 1 7 1 2 4 8 16 32 64
 762 481  773 0  54 1 7 1 2 4 8 16 32 64
 763 728   74 0  32 1 7 1 2 4 8 16 32 64
 764 164  857 0  37 1 7 1 2 4 8 16 32 64
 765 402   67 0  88 1 7 1 2 4 8 16 32 64
 766 408  266 0  29 1 7 1 2 4 8 16 32 64
 767 729   31 0  71 1 7 1 2 4 8 16 32 64
 768 149  897 0   9 1 7 1 2 4 8 16 32 64
 769 276  425 0  17 1 7 1 2 4 8 16 32 64
 770 922  143 0  41 1 7 1 2 4 8 16 32 64
 771  44  130 0  56 1 7 1 2 4 8 16 32 64
 772  40  641 0   5 1 7 1 2 4 8 16 32 64
 773 788  794 0   6 1 7 1 2 4 8 16 32 64
 774 998  961 0  16 1 7 1 2 4 8 16 32 64
 775  60  911 0  10 1 7 1 2 4 8 16 32 64
 776  50  512 0  92 1 7 1 2 4 8 16 32 64
 777 404  309 0  74 1 7 1 2 4 8 16 32 64
 778  16  939 0  71 1 7 1 2 4 8 16 32 64
 779 532  858 0   6 1 7 1 2 4 8 16 32 64
 780 429  629 0  30 1 7 1 2 4 8 16 32 64
 781 917  738 0  87 1 7 1 2 4 8 16 32 64
 782  90  789 0  35 1 7 1 2 4 8 16 32 64
 783 914  107 0  74 1 7 1 2 4 8 16 32 64
 784 736  611 0  50 1 7 1 2 4 8 16 32 64
 785 143  649 0  52 1 7 1 2 4 8 16 32 64
 786 439  497 0  68 1 7 1 2 4 8 16 32 64
 787 197   90 0  63 1 7 1 2 4 8 16 32 64
 788 805  460 0  97 1 7 1 2 4 8 16 32 64
 789 446  850 0  52 1 7 1 2 4 8 16 32 64
 790 685  347 0  15 1 7 1 2 4 8 16 32 64
 791 820  939 0   3 1 7 1 2 4 8 16 32 64
 792 746  643 0  35 1 7 1 2 4 8 16 32 64
 793 180  510 0  88 1 7 1 2 4 8 16 32 64
 794 202  531 0  66 1 7 1 2 4 8 16 32 64
 795 392  497 0  60 1 7 1 2 4 8 16 32 64
 796 692  519 0  88 1 7 1 2 4 8 16 32 64
 797 360  194 0  28 1 7 1 2 4 8 16 32 64
 798 837  838 0  36 1 7 1 2 4 8 16 32 64
 799 901  140 0  42 1 7 1 2 4 8 16 32 64
 800 729  720 0  96 1 7 1 2 4 8 16 32 64
 801 583  576 0  78 1 7 1 2 4 8 16 32 64
 802 819  212 0  18 1 7 1 2 4 8 16 32 64
 803 593  732 0  31 1 7 1 2 4 8 16 32 64
 804 968  654 0   5 1 7 1 2 4 8 16 32 64
 805  41  692 0  54 1 7 1 2 4 8 16 32 64
 806 747  804 0  84 1 7 1 2 4 8 16 32 64
 807 285  978 0  90 1 7 1 2 4 8 16 32 64
 808 224  345 0  57 1 7 1 2 4 8 16 32 64
 809 112  315 0  64 1 7 1 2 4 8 16 32 64
 810 612  502 0  67 1 7 1 2 4 8 16 32 64
 811 568   30 0  95 1 7 1 2 4 8 16 32 64
 812 837  570 0  55 1 7 1 2 4 8 16 32 64
 813 412  363 0  19 1 7 1 2 4 8 16 32 64
 814 790  614 0  62 1 7 1 2 4 8 16 32 64
 815 380  806 0  92 1 7 1 2 4 8 16 32 64
 816  38  222 0  52 1 7 1 2 4 8 16 32 64
 817 425  544 0   9 1 7 1 2 4 8 16 32 64
 818  76   41 0  12 1 7 1 2 4 8 16 32 64
 819  77  532 0  24 1 7 1 2 4 8 16 32 64
 820 857  420 0  68 1 7 1 2 4 8 16 32 64
 821 447  962 0  43 1 7 1 2 4 8 16 32 64
 822 878  104 0  28 1 7 1 2 4 8 16 32 64
 823 896  833 0  64 1 7 1 2 4 8 16 32 64
 824 273  983 0  41 1 7 1 2 4 8 16 32 64
 825 879  305 0  30 1 7 1 2 4 8 16 32 64
 826 807  531 0  17 1 7 1 2 4 8 16 32 64
 827 664  643 0  27 1 7 1 2 4 8 16 32 64
 828 248  453 0  37 1 7 1 2 4 8 16 32 64
 829 789  336 0  41 1 7 1 2 4 8 16 32 64
 830 801  214 0  95 1 7 1 2 4 8 16 32 64
 831 370  860 0  96 1 7 1 2 4 8 16 32 64
 832 860   23 0  35 1 7 1 2 4 8 16 32 64
 833 289  567 0  94 1 7 1 2 4 8 16 32 64
 834 270  691 0  42 1 7 1 2 4 8 16 32 64
 835 217  231 0  91 1 7 1 2 4 8 16 32 64
 836 315  225 0 100 1 7 1 2 4 8 16 32 64
 837 614  751 0  22 1 7 1 2 4 8 16 32 64
 838 298   41 0  95 1 7 1 2 4 8 16 32 64
 839 371  410 0  53 1 7 1 2 4 8 16 32 64
 840 474  870 0  88 1 7 1 2 4 8 16 32 64
 841 662  186 0  44 1 7 1 2 4 8 16 32 64
 842 181  745 0   5 1 7 1 2 4 8 16 32 64
 843 542  647 0  29 1 7 1 2 4 8 16 32 64
 844 331  294 0  11 1 7 1 2 4 8 16 32 64
 845 707  183 0  94 1 7 1 2 4 8 16 32 64
 846 830  257 0  51 1 7 1 2 4 8 16 32 64
 847 727  968 0   6 1 7 1 2 4 8 16 32 64
 848 994  203 0  36 1 7 1 2 4 8 16 32 64
 849 455  591 0  85 1 7 1 2 4 8 16 32 64
 850 260  231 0  50 1 7 1 2 4 8 16 32 64
 851 244  417 0  20 1 7 1 2 4 8 16 32 64
 852 366  238 0  46 1 7 1 2 4 8 16 32 64
 853 380  549 0  61 1 7 1 2 4 8 16 32 64
 854  60  627 0  14 1 7 1 2 4 8 16 32 64
 855 962  400 0  11 1 7 1 2 4 8 16 32 64
 856  88  702 0  10 1 7 1 2 4 8 16 32 64
 857 450  740 0  77 1 7 1 2 4 8 16 32 64
 858 220  662 0  16 1 7 1 2 4 8 16 32 64
 859 429  407 0  76 1 7 1 2 4 8 16 32 64
 860 418  402 0  41 1 7 1 2 4 8 16 32 64
 861 923  750 0  31 1 7 1 2 4 8 16 32 64
 862 188  135 0  43 1 7 1 2 4 8 16 32 64
 863 234  566 0  58 1 7 1 2 4 8 16 32 64
 864 698  637 0  67 1 7 1 2 4 8 16 32 64
 865 131  565 0  24 1 7 1 2 4 8 16 32 64
 866 600  776 0  24 1 7 1 2 4 8 16 32 64
 867 475  850 0  80 1 7 1 2 4 8 16 32 64
 868 942  950 0  88 1 7 1 2 4 8 16 32 64
 869 287   31 0  19 1 7 1 2 4 8 16 32 64
 870  40  385 0  40 1 7 1 2 4 8 16 32 64
 871 221  341 0  57 1 7 1 2 4 8 16 32 64
 872 787  763 0   7 1 7 1 2 4 8 16 32 64
 873 873  775 0  67 1 7 1 2 4 8 16 32 64
 874  48  150 0  30 1 7 1 2 4 8 16 32 64
 875 116  527 0  43 1 7 1 2 4 8 16 32 64
 876 745  626 0  63 1 7 1 2 4 8 16 32 64
 877 617  121 0  71 1 7 1 2 4 8 16 32 64
 878 290  909 0  73 1 7 1 2 4 8 16 32 64
 879 628  896 0  31 1 7 1 2 4 8 16 32 64
 880 184   82 0  95 1 7 1 2 4 8 16 32 64
 881 868  844 0  40 1 7 1 2 4 8 16 32 64
 882 297  192 0  77 1 7 1 2 4 8 16 32 64
 883 575   67 0  82 1 7 1 2 4 8 16 32 64
 884 492  499 0  70 1 7 1 2 4 8 16 32 64
 885 315  311 0  62 1 7 1 2 4 8 16 32 64
 886 318  550 0  91 1 7 1 2 4 8 16 32 64
 887 747  671 0  95 1 7 1 2 4 8 16 32 64
 888 192    0 0  28 1 7 1 2 4 8 16 32 64
 889 112  262 0  76 1 7 1 2 4 8 16 32 64
 890 808  994 0  47 1 7 1 2 4 8 16 32 64
 891 441  963 0  63 1 7 1 2 4 8 16 32 64
 892 230  487 0  42 1 7 1 2 4 8 16 32 64
 893  90  494 0  85 1 7 1 2 4 8 16 32 64
 894 544  873 0  64 1 7 1 2 4 8 16 32 64
 895  75  658 0  79 1 7 1 2 4 8 16 32 64
 896 184  329 0  23 1 7 1 2 4 8 16 32 64
 897 579  412 0  52 1 7 1 2 4 8 16 32 64
 898 335  785 0  77 1 7 1 2 4 8 16 32 64
 899 888  562 0  33 1 7 1 2 4 8 16 32 64
 900 661  306 0  45 1 7 1 2 4 8 16 32 64
 901 521  547 0  77 1 7 1 2 4 8 16 32 64
 902 719  116 0  10 1 7 1 2 4 8 16 32 64
 903 370  562 0  75 1 7 1 2 4 8 16 32 64
 904 919  891 0   1 1 7 1 2 4 8 16 32 64
 905  31  494 0  83 1 7 1 2 4 8 16 32 64
 906  92  944 0  16 1 7 1 2 4 8 16 32 64
 907 701  242 0  69 1 7 1 2 4 8 16 32 64
 908 403  301 0  35 1 7 1 2 4 8 16 32 64
 909  55  388 0  58 1 7 1 2 4 8 16 32 64
 910 574  879 0  33 1 7 1 2 4 8 16 32 64
 911 443  433 0  79 1 7 1 2 4 8 16 32 64
 912 415  748 0  75 1 7 1 2 4 8 16 32 64
 913 514  520 0  47 1 7 1 2 4 8 16 32 64
 914 588  799 0  90 1 7 1 2 4 8 16 32 64
 915 113  135 0  56 1 7 1 2 4 8 16 32 64
 916 807  258 0  83 1 7 1 2 4 8 16 32 64
 917  14   37 0  96 1 7 1 2 4 8 16 32 64
 918 341  413 0  32 1 7 1 2 4 8 16 32 64
 919 943  512 0  62 1 7 1 2 4 8 16 32 64
 920 732  477 0  24 1 7 1 2 4 8 16 32 64
 921 188  704 0  48 1 7 1 2 4 8 16 32 64
 922 144   45 0  58 1 7 1 2 4 8 16 32 64
 923 177  595 0  90 1 7 1 2 4 8 16 32 64
 924 599  681 0  68 1 7 1 2 4 8 16 32 64
 925 421  480 0  94 1 7 1 2 4 8 16 32 64
 926  18   86 0  40 1 7 1 2 4 8 16 32 64
 927 158  911 0  42 1 7 1 2 4 8 16 32 64
 928 803  178 0  16 1 7 1 2 4 8 16 32 64
 929   8  957 0  12 1 7 1 2 4 8 16 32 64
 930 128  633 0   9 1 7 1 2 4 8 16 32 64
 931 844  892 0  43 1 7 1 2 4 8 16 32 64
 932 119  523 0  47 1 7 1 2 4 8 16 32 64
 933  77  189 0  83 1 7 1 2 4 8 16 32 64
 934 244  453 0  20 1 7 1 2 4 8 16 32 64
 935 899  153 0  99 1 7 1 2 4 8 16 32 64
 936 655  432 0   1 1 7 1 2 4 8 16 32 64
 937 562  401 0  39 1 7 1 2 4 8 16 32 64
 938 980  322 0  44 1 7 1 2 4 8 16 32 64
 939 985  180 0  17 1 7 1 2 4 8 16 32 64
 940 622  647 0  42 1 7 1 2 4 8 16 32 64
 941 496  502 0  71 1 7 1 2 4 8 16 32 64
 942 456  563 0  89 1 7 1 2 4 8 16 32 64
 943 548  949 0  85 1 7 1 2 4 8 16 32 64
 944  86  356 0  73 1 7 1 2 4 8 16 32 64
 945   9  253 0   8 1 7 1 2 4 8 16 32 64
 946  26  509 0  15 1 7 1 2 4 8 16 32 64
 947 492  460 0  85 1 7 1 2 4 8 16 32 64
 948  28  819 0  42 1 7 1 2 4 8 16 32 64
 949 658   48 0  99 1 7 1 2 4 8 16 32 64
 950 373  661 0  55 1 7 1 2 4 8 16 32 64
 951  24  701 0  63 1 7 1 2 4 8 16 32 64
 952   4  977 0  98 1 7 1 2 4 8 16 32 64
 953 599  508 0  94 1 7 1 2 4 8 16 32 64
 954 274  932 0  46 1 7 1 2 4 8 16 32 64
 955 385  325 0  69 1 7 1 2 4 8 16 32 64
 956 421  526 0  98 1 7 1 2 4 8 16 32 64
 957 523  206 0  68 1 7 1 2 4 8 16 32 64
 958 396  435 0  41 1 7 1 2 4 8 16 32 64
 959 585  530 0  95 1 7 1 2 4 8 16 32 64
 960 375  225 0   2 1 7 1 2 4 8 16 32 64
 961 822  184 0  70 1 7 1 2 4 8 16 32 64
 962 773   62 0  61 1 7 1 2 4 8 16 32 64
 963  77  139 0  55 1 7 1 2 4 8 16 32 64
 964 603  511 0  28 1 7 1 2 4 8 16 32 64
 965 621  642 0  25 1 7 1 2 4 8 16 32 64
 966 680  910 0  27 1 7 1 2 4 8 16 32 64
 967 536  269 0  13 1 7 1 2 4 8 16 32 64
 968 647  276 0  85 1 7 1 2 4 8 16 32 64
 969 242  930 0  40 1 7 1 2 4 8 16 32 64
 970 108  219 0  43 1 7 1 2 4 8 16 32 64
 971 550  680 0  66 1 7 1 2 4 8 16 32 64
 972 503  356 0  77 1 7 1 2 4 8 16 32 64
 973  29  996 0  87 1 7 1 2 4 8 16 32 64
 974 423  218 0  34 1 7 1 2 4 8 16 32 64
 975 473  229 0  64 1 7 1 2 4 8 16 32 64
 976 771  867 0  84 1 7 1 2 4 8 16 32 64
 977 575  728 0  43 1 7 1 2 4 8 16 32 64
 978 709  779 0  41 1 7 1 2 4 8 16 32 64
 979 719  125 0  81 1 7 1 2 4 8 16 32 64
 980 228  517 0   7 1 7 1 2 4 8 16 32 64
 981 158  842 0   1 1 7 1 2 4 8 16 32 64
 982 372  172 0  57 1 7 1 2 4 8 16 32 64
 983 869  596 0  39 1 7 1 2 4 8 16 32 64
 984 333  726 0  10 1 7 1 2 4 8 16 32 64
 985 549  486 0  93 1 7 1 2 4 8 16 32 64
 986 894  393 0  91 1 7 1 2 4 8 16 32 64
 987 680  390 0  95 1 7 1 2 4 8 16 32 64
 988 588  242 0  47 1 7 1 2 4 8 16 32 64
 989 952  524 0  74 1 7 1 2 4 8 16 32 64
 990 120  478 0   5 1 7 1 2 4 8 16 32 64
 991 735  593 0  79 1 7 1 2 4 8 16 32 64
 992 297   68 0  32 1 7 1 2 4 8 16 32 64
 993 488  780 0 100 1 7 1 2 4 8 16 32 64
 994 209  899 0  13 1 7 1 2 4 8 16 32 64
 995 240  994 0  19 1 7 1 2 4 8 16 32 64
 996 510  595 0  37 1 7 1 2 4 8 16 32 64
 997  90   59 0  26 1 7 1 2 4 8 16 32 64
 998 749  893 0  52 1 7 1 2 4 8 16 32 64
 999 963   74 0  29 1 7 1 2 4 8 16 32 64
1000 458   59 0   8 1 7 1 2 4 8 16 32 64
1001 284  735 0  46 1 7 1 2 4 8 16 32 64
1002 578  176 0  60 1 7 1 2 4 8 16 32 64
1003 695  775 0  39 1 7 1 2 4 8 16 32 64
1004 451   28 0  53 1 7 1 2 4 8 16 32 64
1005 104  551 0  59 1 7 1 2 4 8 16 32 64
1006 253  571 0  73 1 7 1 2 4 8 16 32 64
1007 621  237 0  89 1 7 1 2 4 8 16 32 64
1008 407  209 0  59 1 7 1 2 4 8 16 32 64
1009 188  728 0  63 1 7 1 2 4 8 16 32 64
1010 902  408 0  32 1 7 1 2 4 8 16 32 64
1011 190  493 0  44 1 7 1 2 4 8 16 32 64
1012 809  117 0   8 1 7 1 2 4 8 16 32 64
1013 126  148 0   9 1 7 1 2 4 8 16 32 64
1014 545  161 0  15 1 7 1 2 4 8 16 32 64
1015 529   64 0  59 1 7 1 2 4 8 16 32 64
1016  35  874 0  40 1 7 1 2 4 8 16 32 64
1017 152  706 0  10 1 7 1 2 4 8 16 32 64
1018 230  898 0  81 1 7 1 2 4 8 16 32 64
1019 650  389 0  60 1 7 1 2 4 8 16 32 64
1020 530  111 0  69 1 7 1 2 4 8 16 32 64
1021 278  677 0  53 1 7 1 2 4 8 16 32 64
1022 916  842 0  74 1 7 1 2 4 8 16 32 64
1023 910   29 0  23 1 7 1 2 4 8 16 32 64
1024 446  894 0  15 1 7 1 2 4 8 16 32 64
1025 166    2 0  86 1 7 1 2 4 8 16 32 64
1026 986   93 0  73 1 7 1 2 4 8 16 32 64
1027 290  436 0  17 1 7 1 2 4 8 16 32 64
1028 466  854 0  97 1 7 1 2 4 8 16 32 64
1029 865  654 0  17 1 7 1 2 4 8 16 32 64
1030 977  886 0  75 1 7 1 2 4 8 16 32 64
1031 338  888 0  98 1 7 1 2 4 8 16 32 64
1032 798  647 0  89 1 7 1 2 4 8 16 32 64
1033 488  399 0  50 1 7 1 2 4 8 16 32 64
1034 729   38 0  18 1 7 1 2 4 8 16 32 64
1035 356  236 0  94 1 7 1 2 4 8 16 32 64
1036 999  991 0  31 1 7 1 2 4 8 16 32 64
1037 753  261 0  14 1 7 1 2 4 8 16 32 64
1038  80  386 0   9 1 7 1 2 4 8 16 32 64
1039 128   94 0  33 1 7 1 2 4 8 16 32 64
1040 302  361 0  25 1 7 1 2 4 8 16 32 64
1041 362   69 0  30 1 7 1 2 4 8 16 32 64
1042 609   30 0  74 1 7 1 2 4 8 16 32 64
1043 628  755 0  19 1 7 1 2 4 8 16 32 64
1044 955  785 0  96 1 7 1 2 4 8 16 32 64
1045 638  688 0  18 1 7 1 2 4 8 16 32 64
1046 406  718 0   8 1 7 1 2 4 8 16 32 64
1047 983  165 0  98 1 7 1 2 4 8 16 32 64
1048 889  771 0  13 1 7 1 2 4 8 16 32 64
1049 644  600 0   3 1 7 1 2 4 8 16 32 64
1050 292   26 0  59 1 7 1 2 4 8 16 32 64
1051 657  318 0  84 1 7 1 2 4 8 16 32 64
1052 889  132 0  92 1 7 1 2 4 8 16 32 64
1053 913  407 0  32 1 7 1 2 4 8 16 32 64
1054 276  109 0  66 1 7 1 2 4 8 16 32 64
1055 608  448 0  61 1 7 1 2 4 8 16 32 64
1056 901  504 0  73 1 7 1 2 4 8 16 32 64
1057 210  119 0  51 1 7 1 2 4 8 16 32 64
1058 686  656 0  74 1 7 1 2 4 8 16 32 64
1059 644  105 0  53 1 7 1 2 4 8 16 32 64
1060 525  624 0  78 1 7 1 2 4 8 16 32 64
1061 549  949 0  18 1 7 1 2 4 8 16 32 64
1062 109  838 0  18 1 7 1 2 4 8 16 32 64
1063 970  564 0 100 1 7 1 2 4 8 16 32 64
1064 564  440 0  62 1 7 1 2 4 8 16 32 64
1065 448  838 0  48 1 7 1 2 4 8 16 32 64
1066  28  460 0  50 1 7 1 2 4 8 16 32 64
1067 771  101 0  12 1 7 1 2 4 8 16 32 64
1068 777  552 0  77 1 7 1 2 4 8 16 32 64
1069 311  359 0  41 1 7 1 2 4 8 16 32 64
1070 130  986 0  31 1 7 1 2 4 8 16 32 64
1071 966  782 0  25 1 7 1 2 4 8 16 32 64
1072 108  108 0  52 1 7 1 2 4 8 16 32 64
1073 716  381 0  23 1 7 1 2 4 8 16 32 64
1074 452   46 0  66 1 7 1 2 4 8 16 32 64
1075 242  886 0  70 1 7 1 2 4 8 16 32 64
1076 479  611 0  66 1 7 1 2 4 8 16 32 64
1077 653  817 0  83 1 7 1 2 4 8 16 32 64
1078 710  561 0   1 1 7 1 2 4 8 16 32 64
1079   5   33 0  94 1 7 1 2 4 8 16 32 64
1080 588  887 0  36 1 7 1 2 4 8 16 32 64
1081 468  799 0  74 1 7 1 2 4 8 16 32 64
1082 615   17 0  89 1 7 1 2 4 8 16 32 64
1083 812  780 0  55 1 7 1 2 4 8 16 32 64
1084 139  525 0  10 1 7 1 2 4 8 16 32 64
1085 879  411 0  17 1 7 1 2 4 8 16 32 64
1086 365  446 0  45 1 7 1 2 4 8 16 32 64
1087 574  847 0  11 1 7 1 2 4 8 16 32 64
1088 499   11 0  49 1 7 1 2 4 8 16 32 64
1089 640  630 0  25 1 7 1 2 4 8 16 32 64
1090 904  339 0  57 1 7 1 2 4 8 16 32 64
1091 127  244 0  37 1 7 1 2 4 8 16 32 64
1092 780  453 0  37 1 7 1 2 4 8 16 32 64
1093 113   65 0  15 1 7 1 2 4 8 16 32 64
1094 656  547 0  27 1 7 1 2 4 8 16 32 64
1095 493  102 0  14 1 7 1 2 4 8 16 32 64
1096 816   15 0  37 1 7 1 2 4 8 16 32 64
1097 192  527 0  85 1 7 1 2 4 8 16 32 64
1098 864  220 0  28 1 7 1 2 4 8 16 32 64
1099 900   63 0  24 1 7 1 2 4 8 16 32 64
1100 568  812 0  12 1 7 1 2 4 8 16 32 64
1101 192  310 0  55 1 7 1 2 4 8 16 32 64
1102 471  408 0  43 1 7 1 2 4 8 16 32 64
1103 461  328 0  38 1 7 1 2 4 8 16 32 64
1104 904  409 0  21 1 7 1 2 4 8 16 32 64
1105 197  486 0  43 1 7 1 2 4 8 16 32 64
1106 914  661 0  60 1 7 1 2 4 8 16 32 64
1107  47  622 0  20 1 7 1 2 4 8 16 32 64
1108 799   81 0  39 1 7 1 2 4 8 16 32 64
1109 226  297 0  82 1 7 1 2 4 8 16 32 64
1110 616  948 0  28 1 7 1 2 4 8 16 32 64
1111 554  975 0  57 1 7 1 2 4 8 16 32 64
1112 891  144 0  80 1 7 1 2 4 8 16 32 64
1113 655  436 0   0 0 0
1114  66  653 0   0 0 0
1115 895  104 0   0 0 0
1116 913  250 0   0 0 0
1117 584  831 0   0 0 0
1118 973  586 0   0 0 0
1119 339  626 0   0 0 0
