2 367 1178 3
0 248
0 248
0 248
   1  647  816 0  60 1 3 1 2 4
   2  188  487 0  80 1 3 1 2 4
   3  569  427 0  54 1 3 1 2 4
   4  314  380 0  87 1 3 1 2 4
   5  914  971 0  24 1 3 1 2 4
   6  455  938 0  95 1 3 1 2 4
   7  814  109 0   9 1 3 1 2 4
   8  978  307 0  68 1 3 1 2 4
   9  318  567 0  70 1 3 1 2 4
  10  101  269 0  75 1 3 1 2 4
  11  687  542 0  37 1 3 1 2 4
  12  279  970 0  72 1 3 1 2 4
  13  392  152 0  88 1 3 1 2 4
  14  346  866 0  75 1 3 1 2 4
  15  446  692 0  68 1 3 1 2 4
  16  116  772 0 100 1 3 1 2 4
  17  937  236 0  11 1 3 1 2 4
  18  195  539 0  23 1 3 1 2 4
  19  625  205 0  21 1 3 1 2 4
  20  210  545 0  56 1 3 1 2 4
  21  930  701 0  50 1 3 1 2 4
  22  770  682 0  64 1 3 1 2 4
  23  552  510 0  68 1 3 1 2 4
  24  669  369 0  37 1 3 1 2 4
  25  141  847 0  53 1 3 1 2 4
  26  925  328 0  10 1 3 1 2 4
  27  871  503 0   6 1 3 1 2 4
  28  940  937 0  53 1 3 1 2 4
  29  533  552 0  57 1 3 1 2 4
  30  978  654 0  75 1 3 1 2 4
  31  191  406 0 100 1 3 1 2 4
  32  148  955 0  11 1 3 1 2 4
  33  597  381 0  51 1 3 1 2 4
  34  441  996 0  62 1 3 1 2 4
  35  165  366 0  81 1 3 1 2 4
  36  840  878 0 100 1 3 1 2 4
  37  521  407 0  82 1 3 1 2 4
  38   73  571 0  86 1 3 1 2 4
  39  192  419 0  74 1 3 1 2 4
  40  691  699 0  95 1 3 1 2 4
  41  843  592 0  24 1 3 1 2 4
  42  785 1000 0  48 1 3 1 2 4
  43  363  968 0  28 1 3 1 2 4
  44   52  166 0  26 1 3 1 2 4
  45  410  891 0   5 1 3 1 2 4
  46  260  451 0  61 1 3 1 2 4
  47    6  235 0  93 1 3 1 2 4
  48  293  582 0  80 1 3 1 2 4
  49  981  613 0  59 1 3 1 2 4
  50  143  590 0  57 1 3 1 2 4
  51  123  902 0  91 1 3 1 2 4
  52  799  485 0  14 1 3 1 2 4
  53  235  463 0  65 1 3 1 2 4
  54  491  682 0  57 1 3 1 2 4
  55  116  837 0  86 1 3 1 2 4
  56  907  595 0  22 1 3 1 2 4
  57  536  933 0  36 1 3 1 2 4
  58  994  176 0  52 1 3 1 2 4
  59  359  530 0  47 1 3 1 2 4
  60  552  188 0  54 1 3 1 2 4
  61  825  853 0  93 1 3 1 2 4
  62   97  762 0  97 1 3 1 2 4
  63  547  736 0   7 1 3 1 2 4
  64   73  935 0  63 1 3 1 2 4
  65  352  223 0   5 1 3 1 2 4
  66  903  648 0  50 1 3 1 2 4
  67  664  582 0  31 1 3 1 2 4
  68  541  258 0  16 1 3 1 2 4
  69  437  896 0  86 1 3 1 2 4
  70  140  441 0  48 1 3 1 2 4
  71  814  896 0   4 1 3 1 2 4
  72  893  113 0  11 1 3 1 2 4
  73  893  149 0  83 1 3 1 2 4
  74   91  745 0  36 1 3 1 2 4
  75  458  738 0   9 1 3 1 2 4
  76  117  387 0  92 1 3 1 2 4
  77  588  502 0  33 1 3 1 2 4
  78  705  883 0  41 1 3 1 2 4
  79  787  910 0   2 1 3 1 2 4
  80  916 1000 0  67 1 3 1 2 4
  81  116  421 0  24 1 3 1 2 4
  82  337  411 0  75 1 3 1 2 4
  83  243  877 0  96 1 3 1 2 4
  84  976  177 0  72 1 3 1 2 4
  85   26  536 0  66 1 3 1 2 4
  86  130  230 0  98 1 3 1 2 4
  87  766  572 0  29 1 3 1 2 4
  88  662   62 0  46 1 3 1 2 4
  89  230   33 0  48 1 3 1 2 4
  90   98  431 0  18 1 3 1 2 4
  91  745  754 0  83 1 3 1 2 4
  92  272   41 0  77 1 3 1 2 4
  93  830  625 0  41 1 3 1 2 4
  94   78  601 0  37 1 3 1 2 4
  95  168  527 0  79 1 3 1 2 4
  96  610  406 0  69 1 3 1 2 4
  97  157  359 0  25 1 3 1 2 4
  98   56  314 0  60 1 3 1 2 4
  99  724  635 0  51 1 3 1 2 4
 100  126  302 0  76 1 3 1 2 4
 101  901  965 0  23 1 3 1 2 4
 102  795  357 0  32 1 3 1 2 4
 103  690  581 0  52 1 3 1 2 4
 104  837  126 0  53 1 3 1 2 4
 105  166  345 0  45 1 3 1 2 4
 106  808  355 0  56 1 3 1 2 4
 107  352  338 0  14 1 3 1 2 4
 108   20  629 0  27 1 3 1 2 4
 109  377  278 0   8 1 3 1 2 4
 110  399  477 0  92 1 3 1 2 4
 111   77  485 0  89 1 3 1 2 4
 112  518  393 0   9 1 3 1 2 4
 113  754  442 0  94 1 3 1 2 4
 114  244  907 0  45 1 3 1 2 4
 115  332  495 0  69 1 3 1 2 4
 116  119  118 0  10 1 3 1 2 4
 117  185  873 0  75 1 3 1 2 4
 118   53  435 0  36 1 3 1 2 4
 119  215  504 0  17 1 3 1 2 4
 120  606  493 0  86 1 3 1 2 4
 121  853  536 0  75 1 3 1 2 4
 122   48  226 0  45 1 3 1 2 4
 123  473  793 0  45 1 3 1 2 4
 124  709   12 0   6 1 3 1 2 4
 125  849   46 0  55 1 3 1 2 4
 126  456  973 0  62 1 3 1 2 4
 127  464  150 0  86 1 3 1 2 4
 128  704  763 0  19 1 3 1 2 4
 129   95  429 0  33 1 3 1 2 4
 130  915  549 0  64 1 3 1 2 4
 131  591  706 0  94 1 3 1 2 4
 132  707  352 0  10 1 3 1 2 4
 133  283  304 0  92 1 3 1 2 4
 134  422  219 0  78 1 3 1 2 4
 135  949  382 0  16 1 3 1 2 4
 136  931  624 0  83 1 3 1 2 4
 137  681  792 0   1 1 3 1 2 4
 138  980  364 0  86 1 3 1 2 4
 139  517   88 0   8 1 3 1 2 4
 140  282   14 0  13 1 3 1 2 4
 141  137  186 0  29 1 3 1 2 4
 142  509  978 0  49 1 3 1 2 4
 143  428  116 0  28 1 3 1 2 4
 144  577  211 0  82 1 3 1 2 4
 145   64  881 0  35 1 3 1 2 4
 146  986  501 0  21 1 3 1 2 4
 147  103  450 0  93 1 3 1 2 4
 148  116  168 0  17 1 3 1 2 4
 149  848  804 0  65 1 3 1 2 4
 150  643  263 0  86 1 3 1 2 4
 151  680  981 0  20 1 3 1 2 4
 152  465  421 0  34 1 3 1 2 4
 153  626  460 0  84 1 3 1 2 4
 154  703  995 0  16 1 3 1 2 4
 155  355  893 0  15 1 3 1 2 4
 156  499  653 0  81 1 3 1 2 4
 157  183  621 0  65 1 3 1 2 4
 158   91  908 0  30 1 3 1 2 4
 159  408  147 0  47 1 3 1 2 4
 160  801  980 0  84 1 3 1 2 4
 161  624  100 0   3 1 3 1 2 4
 162  605  807 0  31 1 3 1 2 4
 163  423  263 0  91 1 3 1 2 4
 164  643  630 0  16 1 3 1 2 4
 165  354   14 0   5 1 3 1 2 4
 166  838  947 0  17 1 3 1 2 4
 167  134   48 0  89 1 3 1 2 4
 168  306  562 0   2 1 3 1 2 4
 169  335  482 0 100 1 3 1 2 4
 170  224  962 0  59 1 3 1 2 4
 171  254  634 0  38 1 3 1 2 4
 172  610  550 0  53 1 3 1 2 4
 173  388  879 0  69 1 3 1 2 4
 174  860  587 0  76 1 3 1 2 4
 175  978  361 0   8 1 3 1 2 4
 176  297  896 0  22 1 3 1 2 4
 177   76  380 0  66 1 3 1 2 4
 178  396  906 0  79 1 3 1 2 4
 179  874  711 0  61 1 3 1 2 4
 180  654  375 0  53 1 3 1 2 4
 181  944  155 0 100 1 3 1 2 4
 182  775   23 0  90 1 3 1 2 4
 183  374   82 0  23 1 3 1 2 4
 184  256  810 0  31 1 3 1 2 4
 185  800   95 0  95 1 3 1 2 4
 186  226  371 0  66 1 3 1 2 4
 187  146  712 0  85 1 3 1 2 4
 188  560  922 0   9 1 3 1 2 4
 189  517  860 0  96 1 3 1 2 4
 190  362 1000 0  33 1 3 1 2 4
 191  565  978 0  21 1 3 1 2 4
 192   89  302 0   7 1 3 1 2 4
 193  508  943 0  60 1 3 1 2 4
 194  778  636 0  36 1 3 1 2 4
 195  198  136 0  51 1 3 1 2 4
 196  759  704 0  62 1 3 1 2 4
 197  620   61 0   4 1 3 1 2 4
 198  506  466 0  22 1 3 1 2 4
 199  872  619 0  59 1 3 1 2 4
 200  308  842 0  11 1 3 1 2 4
 201  942    4 0  27 1 3 1 2 4
 202  442  864 0   3 1 3 1 2 4
 203  923  674 0  55 1 3 1 2 4
 204  203   84 0   3 1 3 1 2 4
 205  732  603 0  32 1 3 1 2 4
 206   90  516 0  73 1 3 1 2 4
 207  114  751 0  77 1 3 1 2 4
 208   84  771 0  72 1 3 1 2 4
 209  982  422 0  77 1 3 1 2 4
 210  825  943 0  49 1 3 1 2 4
 211  375  408 0  80 1 3 1 2 4
 212  648  445 0  75 1 3 1 2 4
 213  890  815 0  71 1 3 1 2 4
 214  332  722 0  79 1 3 1 2 4
 215  615  576 0  77 1 3 1 2 4
 216  542  401 0  65 1 3 1 2 4
 217   98   97 0   6 1 3 1 2 4
 218  379  816 0  21 1 3 1 2 4
 219  330  324 0  24 1 3 1 2 4
 220   36  971 0  89 1 3 1 2 4
 221  412  837 0   4 1 3 1 2 4
 222  154  535 0  41 1 3 1 2 4
 223  104  517 0  59 1 3 1 2 4
 224  552  262 0  66 1 3 1 2 4
 225  602  431 0  77 1 3 1 2 4
 226  310  194 0  57 1 3 1 2 4
 227  765  463 0  95 1 3 1 2 4
 228  319  725 0  13 1 3 1 2 4
 229  835  116 0  81 1 3 1 2 4
 230  261  357 0  58 1 3 1 2 4
 231  895  694 0  84 1 3 1 2 4
 232   57   68 0  81 1 3 1 2 4
 233  421  653 0  12 1 3 1 2 4
 234  801  938 0  79 1 3 1 2 4
 235  807  385 0  97 1 3 1 2 4
 236  241  261 0  95 1 3 1 2 4
 237  515  148 0  41 1 3 1 2 4
 238  439  379 0  41 1 3 1 2 4
 239   51  658 0  83 1 3 1 2 4
 240  334  347 0  83 1 3 1 2 4
 241  114    6 0  93 1 3 1 2 4
 242  935  811 0   2 1 3 1 2 4
 243  726  257 0  75 1 3 1 2 4
 244  478  931 0  70 1 3 1 2 4
 245  346  803 0  23 1 3 1 2 4
 246  418  267 0  11 1 3 1 2 4
 247  501   68 0  56 1 3 1 2 4
 248  875  413 0  80 1 3 1 2 4
 249  602  508 0  59 1 3 1 2 4
 250  497  169 0  15 1 3 1 2 4
 251    7  541 0  47 1 3 1 2 4
 252  447  586 0   2 1 3 1 2 4
 253  821  561 0  52 1 3 1 2 4
 254  830  362 0  17 1 3 1 2 4
 255  710  261 0  97 1 3 1 2 4
 256  141  854 0  66 1 3 1 2 4
 257  812  794 0  78 1 3 1 2 4
 258  368  324 0  21 1 3 1 2 4
 259  271  100 0  48 1 3 1 2 4
 260  387  327 0  65 1 3 1 2 4
 261  391  860 0  48 1 3 1 2 4
 262  481 1000 0  71 1 3 1 2 4
 263   21  952 0  49 1 3 1 2 4
 264  355   53 0  95 1 3 1 2 4
 265  608  427 0  76 1 3 1 2 4
 266  610  521 0  61 1 3 1 2 4
 267  380   39 0   6 1 3 1 2 4
 268  475  208 0  98 1 3 1 2 4
 269   31  674 0  81 1 3 1 2 4
 270  195  958 0  26 1 3 1 2 4
 271  681   39 0   1 1 3 1 2 4
 272  933  505 0  14 1 3 1 2 4
 273  419  129 0  10 1 3 1 2 4
 274  602  363 0  22 1 3 1 2 4
 275  927  450 0  52 1 3 1 2 4
 276  825  633 0  84 1 3 1 2 4
 277  242  642 0  75 1 3 1 2 4
 278  169  443 0  77 1 3 1 2 4
 279  515  603 0  80 1 3 1 2 4
 280  459  367 0  73 1 3 1 2 4
 281  252  543 0  30 1 3 1 2 4
 282  279  329 0   8 1 3 1 2 4
 283  305  116 0  74 1 3 1 2 4
 284  344  328 0  73 1 3 1 2 4
 285  960  234 0  31 1 3 1 2 4
 286  914  117 0  74 1 3 1 2 4
 287  227   43 0  30 1 3 1 2 4
 288  795  891 0  23 1 3 1 2 4
 289  511  105 0  87 1 3 1 2 4
 290  291  957 0  39 1 3 1 2 4
 291  969  386 0  49 1 3 1 2 4
 292  227  451 0  10 1 3 1 2 4
 293   50  960 0  74 1 3 1 2 4
 294   78  259 0  53 1 3 1 2 4
 295  559  995 0  68 1 3 1 2 4
 296  765  780 0  62 1 3 1 2 4
 297  907  791 0  40 1 3 1 2 4
 298  434  666 0  36 1 3 1 2 4
 299  563  412 0  40 1 3 1 2 4
 300  637  345 0  83 1 3 1 2 4
 301  759  526 0  28 1 3 1 2 4
 302  946  981 0  20 1 3 1 2 4
 303  502  810 0  20 1 3 1 2 4
 304  131  146 0  65 1 3 1 2 4
 305  608   35 0  14 1 3 1 2 4
 306  183  836 0  87 1 3 1 2 4
 307  318  864 0  78 1 3 1 2 4
 308  614  514 0  56 1 3 1 2 4
 309  910  657 0  14 1 3 1 2 4
 310 1000  442 0  84 1 3 1 2 4
 311  821  872 0  51 1 3 1 2 4
 312  576  944 0  38 1 3 1 2 4
 313  661  326 0  63 1 3 1 2 4
 314  429  444 0  74 1 3 1 2 4
 315  874  769 0   1 1 3 1 2 4
 316  448  955 0  20 1 3 1 2 4
 317  910  711 0  70 1 3 1 2 4
 318  648  659 0  80 1 3 1 2 4
 319  722  943 0  90 1 3 1 2 4
 320  193  742 0  81 1 3 1 2 4
 321  556  120 0  54 1 3 1 2 4
 322   81  927 0  93 1 3 1 2 4
 323  363  815 0  27 1 3 1 2 4
 324  864  436 0  37 1 3 1 2 4
 325  125   97 0  14 1 3 1 2 4
 326  575  682 0  76 1 3 1 2 4
 327  485  205 0  40 1 3 1 2 4
 328  986  452 0  81 1 3 1 2 4
 329  776  675 0  37 1 3 1 2 4
 330  579  441 0  72 1 3 1 2 4
 331  538  537 0  30 1 3 1 2 4
 332   82  563 0  52 1 3 1 2 4
 333  505  218 0   2 1 3 1 2 4
 334    5  672 0  76 1 3 1 2 4
 335  327  389 0  54 1 3 1 2 4
 336  251  772 0  50 1 3 1 2 4
 337  232  610 0  64 1 3 1 2 4
 338  687   52 0   4 1 3 1 2 4
 339  561  970 0  54 1 3 1 2 4
 340  648  797 0  20 1 3 1 2 4
 341  339  690 0   1 1 3 1 2 4
 342  356  812 0  90 1 3 1 2 4
 343  328  803 0   5 1 3 1 2 4
 344  605  398 0  81 1 3 1 2 4
 345  803  117 0  35 1 3 1 2 4
 346  455  166 0  93 1 3 1 2 4
 347  586  313 0  47 1 3 1 2 4
 348  446  587 0  46 1 3 1 2 4
 349  893  902 0  34 1 3 1 2 4
 350  504  390 0  59 1 3 1 2 4
 351  399  825 0  66 1 3 1 2 4
 352  499  751 0  26 1 3 1 2 4
 353  368  196 0  79 1 3 1 2 4
 354  903  453 0  49 1 3 1 2 4
 355  946  343 0   5 1 3 1 2 4
 356  708  223 0  68 1 3 1 2 4
 357  785  323 0  39 1 3 1 2 4
 358  586  488 0  28 1 3 1 2 4
 359  306  319 0  78 1 3 1 2 4
 360  487  234 0  10 1 3 1 2 4
 361   38   54 0  38 1 3 1 2 4
 362  178   21 0  61 1 3 1 2 4
 363  810  761 0   4 1 3 1 2 4
 364  933  377 0  93 1 3 1 2 4
 365  541  317 0  88 1 3 1 2 4
 366  784  181 0  85 1 3 1 2 4
 367  635  427 0  84 1 3 1 2 4
 368  568  405 0  23 1 3 1 2 4
 369  387  790 0  95 1 3 1 2 4
 370  654  808 0   5 1 3 1 2 4
 371  641  131 0  42 1 3 1 2 4
 372  594  781 0  80 1 3 1 2 4
 373  179  812 0  30 1 3 1 2 4
 374   91   41 0  78 1 3 1 2 4
 375  338  801 0   3 1 3 1 2 4
 376  237  666 0  56 1 3 1 2 4
 377  887  620 0  47 1 3 1 2 4
 378  770  779 0  64 1 3 1 2 4
 379  330  663 0  98 1 3 1 2 4
 380  133  687 0   6 1 3 1 2 4
 381  815  879 0  83 1 3 1 2 4
 382    0  260 0  71 1 3 1 2 4
 383  788   65 0  65 1 3 1 2 4
 384  596  110 0  62 1 3 1 2 4
 385  774  673 0  29 1 3 1 2 4
 386  333  984 0  44 1 3 1 2 4
 387  398  476 0  85 1 3 1 2 4
 388  436  190 0   6 1 3 1 2 4
 389  777  574 0  57 1 3 1 2 4
 390  417  695 0  87 1 3 1 2 4
 391   13  110 0  54 1 3 1 2 4
 392  827   38 0  86 1 3 1 2 4
 393  618  627 0  93 1 3 1 2 4
 394  818  990 0  49 1 3 1 2 4
 395  280  789 0  78 1 3 1 2 4
 396  200  456 0  21 1 3 1 2 4
 397  345  827 0  63 1 3 1 2 4
 398  477  363 0  85 1 3 1 2 4
 399  146   91 0  46 1 3 1 2 4
 400  996  871 0  32 1 3 1 2 4
 401  128  201 0  67 1 3 1 2 4
 402  498  366 0  77 1 3 1 2 4
 403  102  343 0   1 1 3 1 2 4
 404  745  730 0  14 1 3 1 2 4
 405  679  190 0  29 1 3 1 2 4
 406  178  954 0  44 1 3 1 2 4
 407   93  498 0  59 1 3 1 2 4
 408  593  156 0  70 1 3 1 2 4
 409  974  112 0  82 1 3 1 2 4
 410  971  233 0  58 1 3 1 2 4
 411  858  103 0  68 1 3 1 2 4
 412  733   17 0  37 1 3 1 2 4
 413  276   69 0  87 1 3 1 2 4
 414  526  358 0  21 1 3 1 2 4
 415  720  925 0  82 1 3 1 2 4
 416   96  747 0   7 1 3 1 2 4
 417  890  529 0  44 1 3 1 2 4
 418  238  527 0  56 1 3 1 2 4
 419  864  990 0  34 1 3 1 2 4
 420  949  168 0   5 1 3 1 2 4
 421    0  222 0  11 1 3 1 2 4
 422  965  637 0  60 1 3 1 2 4
 423  693  271 0  58 1 3 1 2 4
 424   69  699 0  61 1 3 1 2 4
 425  925  829 0  89 1 3 1 2 4
 426  806  889 0  40 1 3 1 2 4
 427  389   20 0  38 1 3 1 2 4
 428  702  488 0  15 1 3 1 2 4
 429   43  605 0  10 1 3 1 2 4
 430  845  997 0  50 1 3 1 2 4
 431  450  905 0  33 1 3 1 2 4
 432  977  481 0  38 1 3 1 2 4
 433  914  407 0  11 1 3 1 2 4
 434  778  329 0  50 1 3 1 2 4
 435  347  640 0  60 1 3 1 2 4
 436  923  505 0   2 1 3 1 2 4
 437  979  358 0  20 1 3 1 2 4
 438  598  672 0  78 1 3 1 2 4
 439  769   81 0  86 1 3 1 2 4
 440  965   50 0  90 1 3 1 2 4
 441  743  820 0  93 1 3 1 2 4
 442  194  627 0  26 1 3 1 2 4
 443  451  392 0  94 1 3 1 2 4
 444    9  143 0  38 1 3 1 2 4
 445  590  771 0  71 1 3 1 2 4
 446  907  545 0  65 1 3 1 2 4
 447  855  653 0  29 1 3 1 2 4
 448  178  717 0  49 1 3 1 2 4
 449  827  888 0  76 1 3 1 2 4
 450  536  491 0  47 1 3 1 2 4
 451  499  971 0  35 1 3 1 2 4
 452  550  537 0  29 1 3 1 2 4
 453   59  999 0  69 1 3 1 2 4
 454  820  260 0  54 1 3 1 2 4
 455  298  752 0  61 1 3 1 2 4
 456  332  163 0  23 1 3 1 2 4
 457  960  773 0  51 1 3 1 2 4
 458  517  292 0  25 1 3 1 2 4
 459  689  109 0  40 1 3 1 2 4
 460  787  752 0  29 1 3 1 2 4
 461  164  795 0  60 1 3 1 2 4
 462  142  966 0  46 1 3 1 2 4
 463  650  717 0  86 1 3 1 2 4
 464  825  363 0   1 1 3 1 2 4
 465  767  169 0  25 1 3 1 2 4
 466  844  571 0  16 1 3 1 2 4
 467   14  788 0  25 1 3 1 2 4
 468  139  893 0  24 1 3 1 2 4
 469  282  454 0  25 1 3 1 2 4
 470  172  811 0  79 1 3 1 2 4
 471  734  104 0  66 1 3 1 2 4
 472  967   38 0  65 1 3 1 2 4
 473  155  194 0  73 1 3 1 2 4
 474  283  522 0  80 1 3 1 2 4
 475  639  259 0  39 1 3 1 2 4
 476  110  999 0  23 1 3 1 2 4
 477  407   98 0  43 1 3 1 2 4
 478  185  520 0   5 1 3 1 2 4
 479   58  612 0  84 1 3 1 2 4
 480  525  153 0  33 1 3 1 2 4
 481  517  470 0  79 1 3 1 2 4
 482  904  176 0  68 1 3 1 2 4
 483  239  407 0  33 1 3 1 2 4
 484  460  813 0  41 1 3 1 2 4
 485  398  935 0   1 1 3 1 2 4
 486  461  521 0  37 1 3 1 2 4
 487  972  954 0  25 1 3 1 2 4
 488  726  773 0  92 1 3 1 2 4
 489  119  843 0  13 1 3 1 2 4
 490  979  993 0  39 1 3 1 2 4
 491   64  205 0  70 1 3 1 2 4
 492  782  769 0  60 1 3 1 2 4
 493   63  336 0  61 1 3 1 2 4
 494  935  952 0  14 1 3 1 2 4
 495  951  402 0  60 1 3 1 2 4
 496  782  190 0  15 1 3 1 2 4
 497  572  475 0  81 1 3 1 2 4
 498  772  302 0  39 1 3 1 2 4
 499  770  778 0  95 1 3 1 2 4
 500  216  626 0  46 1 3 1 2 4
 501  544  687 0  84 1 3 1 2 4
 502  903  766 0  69 1 3 1 2 4
 503  995  569 0  22 1 3 1 2 4
 504  320  269 0  35 1 3 1 2 4
 505  183  547 0  18 1 3 1 2 4
 506  782  508 0   2 1 3 1 2 4
 507  559  833 0  20 1 3 1 2 4
 508  398  151 0  72 1 3 1 2 4
 509  966  151 0  72 1 3 1 2 4
 510   78  901 0   4 1 3 1 2 4
 511   79  687 0  66 1 3 1 2 4
 512   32  756 0  17 1 3 1 2 4
 513   90  713 0  12 1 3 1 2 4
 514  269  594 0  21 1 3 1 2 4
 515  846   32 0  54 1 3 1 2 4
 516  603  306 0  11 1 3 1 2 4
 517  936  437 0  54 1 3 1 2 4
 518   23  946 0  40 1 3 1 2 4
 519  507  543 0  35 1 3 1 2 4
 520   66  539 0  94 1 3 1 2 4
 521  491  590 0   3 1 3 1 2 4
 522  338  619 0   5 1 3 1 2 4
 523  317  723 0  95 1 3 1 2 4
 524   58  781 0  39 1 3 1 2 4
 525  146  347 0   2 1 3 1 2 4
 526  876  278 0  69 1 3 1 2 4
 527  365  393 0  79 1 3 1 2 4
 528  807  250 0  53 1 3 1 2 4
 529  338   96 0  18 1 3 1 2 4
 530   48   86 0  47 1 3 1 2 4
 531  144  703 0  24 1 3 1 2 4
 532  721  437 0  66 1 3 1 2 4
 533  857  510 0  48 1 3 1 2 4
 534  397  780 0  76 1 3 1 2 4
 535  799  197 0  40 1 3 1 2 4
 536  667  601 0  49 1 3 1 2 4
 537  734  816 0  48 1 3 1 2 4
 538  193  556 0  71 1 3 1 2 4
 539  721  662 0  87 1 3 1 2 4
 540  564  448 0  99 1 3 1 2 4
 541  586   93 0  54 1 3 1 2 4
 542  601  462 0  23 1 3 1 2 4
 543  597  663 0  11 1 3 1 2 4
 544  126  390 0  43 1 3 1 2 4
 545  162  263 0  54 1 3 1 2 4
 546  569  105 0  30 1 3 1 2 4
 547  571  324 0   5 1 3 1 2 4
 548  243  860 0   8 1 3 1 2 4
 549  328  510 0  27 1 3 1 2 4
 550  918  458 0  68 1 3 1 2 4
 551  335  471 0  19 1 3 1 2 4
 552  667  639 0  39 1 3 1 2 4
 553  324  248 0  77 1 3 1 2 4
 554  134  927 0  60 1 3 1 2 4
 555  868  953 0   5 1 3 1 2 4
 556  567  289 0  58 1 3 1 2 4
 557  154   57 0  72 1 3 1 2 4
 558  571  587 0  60 1 3 1 2 4
 559  161  681 0   2 1 3 1 2 4
 560  932  873 0  49 1 3 1 2 4
 561  288  918 0  83 1 3 1 2 4
 562  635  356 0  89 1 3 1 2 4
 563  779  804 0  82 1 3 1 2 4
 564  604  797 0  62 1 3 1 2 4
 565  415  171 0  94 1 3 1 2 4
 566  483  249 0  50 1 3 1 2 4
 567  468  812 0  98 1 3 1 2 4
 568  318  944 0  60 1 3 1 2 4
 569  773  465 0  86 1 3 1 2 4
 570  608   91 0  54 1 3 1 2 4
 571  993  449 0  23 1 3 1 2 4
 572  512   86 0  83 1 3 1 2 4
 573  790  684 0  94 1 3 1 2 4
 574  298  995 0  73 1 3 1 2 4
 575  548  751 0  78 1 3 1 2 4
 576  366    5 0  81 1 3 1 2 4
 577  594  252 0  81 1 3 1 2 4
 578  238  424 0  97 1 3 1 2 4
 579  569  892 0  20 1 3 1 2 4
 580  423  323 0  70 1 3 1 2 4
 581  507  173 0  34 1 3 1 2 4
 582  313  675 0  20 1 3 1 2 4
 583  157  798 0  65 1 3 1 2 4
 584  246  671 0  46 1 3 1 2 4
 585  169   77 0  90 1 3 1 2 4
 586  198  312 0  94 1 3 1 2 4
 587   25  110 0  61 1 3 1 2 4
 588  708  284 0  66 1 3 1 2 4
 589  181  177 0  80 1 3 1 2 4
 590  176  269 0   3 1 3 1 2 4
 591  891  485 0  28 1 3 1 2 4
 592  125  406 0  92 1 3 1 2 4
 593  624  866 0  56 1 3 1 2 4
 594  961  743 0  57 1 3 1 2 4
 595  565   48 0  54 1 3 1 2 4
 596  562  188 0  43 1 3 1 2 4
 597  746  424 0  30 1 3 1 2 4
 598  977  628 0  53 1 3 1 2 4
 599  196  278 0  31 1 3 1 2 4
 600  105  638 0  96 1 3 1 2 4
 601  264  728 0   3 1 3 1 2 4
 602  638  457 0  80 1 3 1 2 4
 603  452    8 0  95 1 3 1 2 4
 604  441  134 0  83 1 3 1 2 4
 605  542  296 0  80 1 3 1 2 4
 606  697   94 0  92 1 3 1 2 4
 607   91  202 0  68 1 3 1 2 4
 608  291  866 0  16 1 3 1 2 4
 609  598  731 0  59 1 3 1 2 4
 610  813  920 0  63 1 3 1 2 4
 611  227  994 0  25 1 3 1 2 4
 612  386  288 0  51 1 3 1 2 4
 613  523  786 0  66 1 3 1 2 4
 614    9  915 0  65 1 3 1 2 4
 615  218  165 0  61 1 3 1 2 4
 616   35  186 0  10 1 3 1 2 4
 617  638  967 0  41 1 3 1 2 4
 618  128  632 0  81 1 3 1 2 4
 619  946  304 0  92 1 3 1 2 4
 620  395  399 0  60 1 3 1 2 4
 621   54  417 0  71 1 3 1 2 4
 622  444   14 0  36 1 3 1 2 4
 623  882  557 0  75 1 3 1 2 4
 624  745  981 0  14 1 3 1 2 4
 625  805  189 0  62 1 3 1 2 4
 626  144  625 0  50 1 3 1 2 4
 627  724  360 0   6 1 3 1 2 4
 628  925  873 0  46 1 3 1 2 4
 629 1000  784 0  39 1 3 1 2 4
 630  800  914 0  89 1 3 1 2 4
 631  704  120 0  47 1 3 1 2 4
 632  256  210 0  52 1 3 1 2 4
 633  202  916 0  57 1 3 1 2 4
 634  775  993 0  79 1 3 1 2 4
 635   80  714 0   6 1 3 1 2 4
 636  211  672 0  54 1 3 1 2 4
 637  180  684 0  60 1 3 1 2 4
 638  900  431 0  13 1 3 1 2 4
 639  155  746 0  53 1 3 1 2 4
 640  507  740 0  70 1 3 1 2 4
 641  994  614 0 100 1 3 1 2 4
 642  603  848 0  40 1 3 1 2 4
 643  917   90 0  49 1 3 1 2 4
 644  762  982 0  70 1 3 1 2 4
 645  557  104 0  98 1 3 1 2 4
 646  300  147 0  94 1 3 1 2 4
 647  146  207 0  99 1 3 1 2 4
 648  680  712 0  87 1 3 1 2 4
 649  610   89 0  71 1 3 1 2 4
 650  697  270 0  13 1 3 1 2 4
 651  301  541 0  55 1 3 1 2 4
 652  542  281 0  24 1 3 1 2 4
 653  905  836 0  97 1 3 1 2 4
 654  809  692 0  68 1 3 1 2 4
 655  664  848 0   4 1 3 1 2 4
 656  514   45 0  51 1 3 1 2 4
 657  967  640 0  65 1 3 1 2 4
 658  187  890 0  27 1 3 1 2 4
 659  496  805 0  40 1 3 1 2 4
 660    8  524 0  22 1 3 1 2 4
 661   47  596 0   3 1 3 1 2 4
 662  179  775 0   2 1 3 1 2 4
 663  933  392 0  29 1 3 1 2 4
 664  139  693 0   3 1 3 1 2 4
 665   33  814 0  61 1 3 1 2 4
 666  333  539 0  13 1 3 1 2 4
 667  478  305 0  93 1 3 1 2 4
 668  231  338 0  21 1 3 1 2 4
 669  671  123 0  70 1 3 1 2 4
 670  603  620 0  47 1 3 1 2 4
 671  559  266 0  28 1 3 1 2 4
 672  628  426 0  22 1 3 1 2 4
 673  215   84 0  68 1 3 1 2 4
 674  611  632 0  93 1 3 1 2 4
 675  721   28 0   4 1 3 1 2 4
 676  679  354 0   9 1 3 1 2 4
 677  106  854 0  18 1 3 1 2 4
 678   53  123 0  35 1 3 1 2 4
 679   99  130 0  64 1 3 1 2 4
 680  573    7 0  37 1 3 1 2 4
 681  996  444 0  19 1 3 1 2 4
 682  599  611 0   6 1 3 1 2 4
 683  362  614 0  95 1 3 1 2 4
 684  685  311 0   5 1 3 1 2 4
 685  724  325 0  36 1 3 1 2 4
 686  446  403 0  61 1 3 1 2 4
 687  475  392 0  17 1 3 1 2 4
 688  803  290 0  12 1 3 1 2 4
 689  498   23 0  37 1 3 1 2 4
 690  545  898 0  25 1 3 1 2 4
 691  297  407 0   6 1 3 1 2 4
 692  599  890 0  64 1 3 1 2 4
 693  519  148 0  43 1 3 1 2 4
 694  541  544 0  23 1 3 1 2 4
 695  396  992 0  17 1 3 1 2 4
 696  266  724 0  73 1 3 1 2 4
 697  580  929 0  66 1 3 1 2 4
 698  111  100 0  57 1 3 1 2 4
 699  268  607 0   8 1 3 1 2 4
 700  198  209 0  18 1 3 1 2 4
 701  438  221 0  97 1 3 1 2 4
 702  725  410 0  89 1 3 1 2 4
 703  929  930 0  88 1 3 1 2 4
 704  839  429 0  76 1 3 1 2 4
 705  300  319 0  18 1 3 1 2 4
 706  153  581 0  55 1 3 1 2 4
 707  928  941 0  12 1 3 1 2 4
 708  118  873 0  40 1 3 1 2 4
 709  682  561 0  29 1 3 1 2 4
 710  397   25 0  62 1 3 1 2 4
 711  445  805 0   8 1 3 1 2 4
 712  147  934 0  52 1 3 1 2 4
 713  174  848 0  37 1 3 1 2 4
 714  412  562 0  88 1 3 1 2 4
 715  969  967 0  94 1 3 1 2 4
 716  893  277 0  65 1 3 1 2 4
 717  864  893 0  15 1 3 1 2 4
 718  463  402 0  15 1 3 1 2 4
 719  955  995 0  40 1 3 1 2 4
 720  999  335 0  91 1 3 1 2 4
 721  965  395 0  54 1 3 1 2 4
 722   40  963 0  69 1 3 1 2 4
 723  625  261 0  33 1 3 1 2 4
 724  447  849 0  44 1 3 1 2 4
 725   62  368 0  67 1 3 1 2 4
 726  811  736 0  59 1 3 1 2 4
 727  671  993 0  49 1 3 1 2 4
 728  888  933 0  85 1 3 1 2 4
 729  434  303 0  36 1 3 1 2 4
 730  399  953 0  66 1 3 1 2 4
 731  693  930 0  90 1 3 1 2 4
 732  480  786 0  34 1 3 1 2 4
 733  687  658 0   9 1 3 1 2 4
 734  244  488 0  99 1 3 1 2 4
 735  215  299 0  79 1 3 1 2 4
 736  322  718 0  63 1 3 1 2 4
 737  563  553 0  38 1 3 1 2 4
 738  118  697 0  20 1 3 1 2 4
 739  459  437 0  95 1 3 1 2 4
 740  633  689 0  92 1 3 1 2 4
 741  760  850 0  62 1 3 1 2 4
 742  884  765 0  34 1 3 1 2 4
 743  327  340 0  58 1 3 1 2 4
 744  942  813 0  66 1 3 1 2 4
 745  226  744 0  63 1 3 1 2 4
 746  632  200 0  10 1 3 1 2 4
 747  349  187 0  96 1 3 1 2 4
 748  976  436 0  92 1 3 1 2 4
 749  913   11 0  52 1 3 1 2 4
 750  407  281 0  57 1 3 1 2 4
 751  850  276 0  95 1 3 1 2 4
 752  601  124 0  12 1 3 1 2 4
 753  620   70 0  29 1 3 1 2 4
 754  358  327 0  96 1 3 1 2 4
 755  767  120 0  71 1 3 1 2 4
 756  364  899 0   3 1 3 1 2 4
 757  109   88 0  31 1 3 1 2 4
 758  649  413 0   7 1 3 1 2 4
 759  385  734 0  15 1 3 1 2 4
 760  568  414 0  60 1 3 1 2 4
 761  964  913 0  57 1 3 1 2 4
 762  518  443 0  71 1 3 1 2 4
 763  831  419 0  27 1 3 1 2 4
 764   38  819 0  42 1 3 1 2 4
 765  619  135 0  75 1 3 1 2 4
 766  737  901 0  84 1 3 1 2 4
 767   59  592 0  37 1 3 1 2 4
 768  847  932 0  59 1 3 1 2 4
 769  362  154 0  66 1 3 1 2 4
 770  808  615 0  45 1 3 1 2 4
 771  132  686 0  78 1 3 1 2 4
 772  572  594 0  56 1 3 1 2 4
 773   83  312 0  20 1 3 1 2 4
 774  565  685 0  18 1 3 1 2 4
 775  915  789 0  13 1 3 1 2 4
 776  409  316 0  97 1 3 1 2 4
 777  724  733 0  35 1 3 1 2 4
 778  436  440 0   7 1 3 1 2 4
 779  968  943 0  48 1 3 1 2 4
 780  580  618 0  75 1 3 1 2 4
 781  305  700 0  51 1 3 1 2 4
 782  959  247 0  72 1 3 1 2 4
 783  542  515 0  83 1 3 1 2 4
 784  465  275 0  15 1 3 1 2 4
 785  985  845 0 100 1 3 1 2 4
 786  763  769 0  39 1 3 1 2 4
 787  991   90 0  32 1 3 1 2 4
 788  634  435 0  35 1 3 1 2 4
 789  577  470 0   3 1 3 1 2 4
 790   63   90 0  77 1 3 1 2 4
 791  991   55 0  54 1 3 1 2 4
 792  540  241 0  31 1 3 1 2 4
 793  293  922 0  72 1 3 1 2 4
 794  412  922 0  26 1 3 1 2 4
 795  726  245 0  67 1 3 1 2 4
 796  390   82 0  81 1 3 1 2 4
 797  604  490 0  60 1 3 1 2 4
 798  423  441 0   3 1 3 1 2 4
 799  987  936 0  67 1 3 1 2 4
 800  497  752 0  49 1 3 1 2 4
 801  564  708 0  28 1 3 1 2 4
 802  161  949 0  92 1 3 1 2 4
 803  282  922 0  46 1 3 1 2 4
 804  793  854 0  35 1 3 1 2 4
 805  880  725 0  19 1 3 1 2 4
 806  277  379 0   1 1 3 1 2 4
 807  419   69 0   5 1 3 1 2 4
 808  303  256 0  77 1 3 1 2 4
 809  839  735 0  56 1 3 1 2 4
 810  292  664 0  31 1 3 1 2 4
 811  601  864 0   5 1 3 1 2 4
 812  136  304 0  42 1 3 1 2 4
 813  225  154 0  74 1 3 1 2 4
 814  178  516 0  92 1 3 1 2 4
 815  542  841 0  95 1 3 1 2 4
 816  502   66 0  71 1 3 1 2 4
 817  156  889 0  46 1 3 1 2 4
 818  493  280 0  58 1 3 1 2 4
 819  656  528 0   5 1 3 1 2 4
 820  618  153 0  70 1 3 1 2 4
 821   92  794 0  86 1 3 1 2 4
 822  532  168 0  21 1 3 1 2 4
 823  765  327 0  51 1 3 1 2 4
 824  704  828 0  83 1 3 1 2 4
 825  507  620 0  80 1 3 1 2 4
 826  807  871 0  40 1 3 1 2 4
 827   22  429 0  38 1 3 1 2 4
 828   15  616 0  96 1 3 1 2 4
 829  246  143 0  11 1 3 1 2 4
 830   93  486 0  63 1 3 1 2 4
 831  327  274 0  18 1 3 1 2 4
 832  862  504 0  87 1 3 1 2 4
 833  506  693 0   8 1 3 1 2 4
 834  375  227 0  64 1 3 1 2 4
 835  830  507 0  69 1 3 1 2 4
 836  971  610 0  17 1 3 1 2 4
 837  427   25 0  91 1 3 1 2 4
 838  365  198 0   4 1 3 1 2 4
 839  240  488 0  17 1 3 1 2 4
 840  168  364 0   2 1 3 1 2 4
 841  781  714 0  68 1 3 1 2 4
 842  880  484 0  93 1 3 1 2 4
 843  533  880 0  48 1 3 1 2 4
 844  693  649 0  88 1 3 1 2 4
 845  866  914 0  45 1 3 1 2 4
 846  948   49 0   4 1 3 1 2 4
 847  568  908 0  36 1 3 1 2 4
 848  518  419 0  89 1 3 1 2 4
 849  661  150 0  81 1 3 1 2 4
 850  612  313 0  69 1 3 1 2 4
 851   43  463 0  98 1 3 1 2 4
 852  756  927 0  37 1 3 1 2 4
 853  347  880 0  11 1 3 1 2 4
 854  154  963 0  30 1 3 1 2 4
 855  683  500 0  63 1 3 1 2 4
 856   88  123 0  32 1 3 1 2 4
 857  959  830 0  11 1 3 1 2 4
 858  876  472 0   8 1 3 1 2 4
 859  920  863 0  91 1 3 1 2 4
 860   29   47 0   9 1 3 1 2 4
 861  794  503 0  47 1 3 1 2 4
 862  177  447 0  56 1 3 1 2 4
 863  401  582 0  89 1 3 1 2 4
 864  866  296 0  10 1 3 1 2 4
 865   17  778 0  77 1 3 1 2 4
 866  128   12 0  79 1 3 1 2 4
 867   96  247 0  20 1 3 1 2 4
 868  154  561 0  76 1 3 1 2 4
 869  789  195 0  83 1 3 1 2 4
 870  580  871 0  12 1 3 1 2 4
 871  783  124 0  55 1 3 1 2 4
 872  634  630 0  78 1 3 1 2 4
 873  483  267 0  11 1 3 1 2 4
 874  539  456 0  71 1 3 1 2 4
 875  777  874 0  77 1 3 1 2 4
 876  864  157 0   7 1 3 1 2 4
 877  361  194 0  40 1 3 1 2 4
 878  550  657 0  85 1 3 1 2 4
 879  333  828 0  72 1 3 1 2 4
 880  744  981 0  68 1 3 1 2 4
 881  767  156 0  53 1 3 1 2 4
 882  170  648 0  36 1 3 1 2 4
 883  687  969 0  83 1 3 1 2 4
 884  981  301 0  59 1 3 1 2 4
 885  101  409 0  28 1 3 1 2 4
 886  521  275 0  92 1 3 1 2 4
 887  935  419 0  35 1 3 1 2 4
 888   32  410 0  30 1 3 1 2 4
 889  524  267 0  78 1 3 1 2 4
 890  627  837 0  79 1 3 1 2 4
 891  344  221 0  74 1 3 1 2 4
 892  365  855 0   3 1 3 1 2 4
 893  942  143 0  59 1 3 1 2 4
 894  976  759 0  73 1 3 1 2 4
 895  465  563 0  68 1 3 1 2 4
 896  263  321 0  34 1 3 1 2 4
 897  184  465 0  51 1 3 1 2 4
 898  804   61 0  10 1 3 1 2 4
 899  824  898 0  98 1 3 1 2 4
 900  229  778 0  51 1 3 1 2 4
 901  565  907 0  39 1 3 1 2 4
 902  366  555 0  92 1 3 1 2 4
 903  748   55 0   8 1 3 1 2 4
 904  143  343 0  90 1 3 1 2 4
 905  141  559 0   3 1 3 1 2 4
 906   44  114 0  21 1 3 1 2 4
 907   34  431 0  83 1 3 1 2 4
 908  178  502 0  21 1 3 1 2 4
 909  134  220 0  87 1 3 1 2 4
 910  983  654 0  78 1 3 1 2 4
 911  900  920 0   9 1 3 1 2 4
 912  794  519 0   1 1 3 1 2 4
 913  582    2 0  76 1 3 1 2 4
 914  888  309 0  84 1 3 1 2 4
 915  233   31 0  83 1 3 1 2 4
 916  132  931 0  37 1 3 1 2 4
 917  282  820 0  85 1 3 1 2 4
 918  891   88 0  55 1 3 1 2 4
 919  783  810 0  85 1 3 1 2 4
 920  549  833 0  70 1 3 1 2 4
 921  205  909 0  28 1 3 1 2 4
 922  462  427 0  59 1 3 1 2 4
 923  713  429 0  30 1 3 1 2 4
 924  661  638 0  11 1 3 1 2 4
 925  454  229 0  36 1 3 1 2 4
 926  478  551 0  36 1 3 1 2 4
 927   34  827 0  94 1 3 1 2 4
 928  801  881 0  19 1 3 1 2 4
 929  540    8 0  39 1 3 1 2 4
 930  699  114 0  45 1 3 1 2 4
 931  979  170 0  89 1 3 1 2 4
 932  200   89 0  61 1 3 1 2 4
 933 1000   80 0  63 1 3 1 2 4
 934  417  953 0  28 1 3 1 2 4
 935  280  354 0  67 1 3 1 2 4
 936  288  761 0  40 1 3 1 2 4
 937  675  888 0  11 1 3 1 2 4
 938  320  869 0  25 1 3 1 2 4
 939  762  685 0  61 1 3 1 2 4
 940  132  287 0  49 1 3 1 2 4
 941  981  536 0  96 1 3 1 2 4
 942  630  495 0  99 1 3 1 2 4
 943  443  881 0  92 1 3 1 2 4
 944  667  876 0  64 1 3 1 2 4
 945  468  613 0  82 1 3 1 2 4
 946  335  175 0  16 1 3 1 2 4
 947  509   54 0  39 1 3 1 2 4
 948   31   91 0  16 1 3 1 2 4
 949  373  378 0  79 1 3 1 2 4
 950  871  376 0  82 1 3 1 2 4
 951  469  996 0  50 1 3 1 2 4
 952  360  901 0  44 1 3 1 2 4
 953  701  207 0  64 1 3 1 2 4
 954  286   48 0  81 1 3 1 2 4
 955  518  162 0  71 1 3 1 2 4
 956  373  654 0  50 1 3 1 2 4
 957  105   67 0   4 1 3 1 2 4
 958  250  679 0   1 1 3 1 2 4
 959  102  522 0  83 1 3 1 2 4
 960   27  861 0  47 1 3 1 2 4
 961  801  939 0  31 1 3 1 2 4
 962  236   29 0  24 1 3 1 2 4
 963   67  226 0  13 1 3 1 2 4
 964  473  324 0  62 1 3 1 2 4
 965  989  758 0  95 1 3 1 2 4
 966  570  707 0  77 1 3 1 2 4
 967  482   96 0  68 1 3 1 2 4
 968  352  703 0  99 1 3 1 2 4
 969  397  909 0  95 1 3 1 2 4
 970  238  629 0  89 1 3 1 2 4
 971  305  127 0  79 1 3 1 2 4
 972  837   84 0  56 1 3 1 2 4
 973  224   66 0  45 1 3 1 2 4
 974  963  756 0  89 1 3 1 2 4
 975  841  828 0  71 1 3 1 2 4
 976  732  785 0  67 1 3 1 2 4
 977  404   68 0  13 1 3 1 2 4
 978  497  232 0  40 1 3 1 2 4
 979  807  793 0  74 1 3 1 2 4
 980  124   63 0  25 1 3 1 2 4
 981  384  674 0  90 1 3 1 2 4
 982  776  331 0  61 1 3 1 2 4
 983  864   77 0  23 1 3 1 2 4
 984   34  439 0  93 1 3 1 2 4
 985  951  316 0   3 1 3 1 2 4
 986  589  974 0  76 1 3 1 2 4
 987  994  752 0  43 1 3 1 2 4
 988  497  740 0  74 1 3 1 2 4
 989  370  150 0  50 1 3 1 2 4
 990   48  951 0  27 1 3 1 2 4
 991  768  681 0  68 1 3 1 2 4
 992  853  738 0  13 1 3 1 2 4
 993  186  935 0  41 1 3 1 2 4
 994  163  789 0  17 1 3 1 2 4
 995  116  854 0  10 1 3 1 2 4
 996  479  455 0   2 1 3 1 2 4
 997  787  163 0  45 1 3 1 2 4
 998  689  549 0  48 1 3 1 2 4
 999  279  789 0 100 1 3 1 2 4
1000  773  138 0  81 1 3 1 2 4
1001  106  356 0  93 1 3 1 2 4
1002  640  690 0  20 1 3 1 2 4
1003  690  992 0  21 1 3 1 2 4
1004  970   22 0  81 1 3 1 2 4
1005  400  670 0  24 1 3 1 2 4
1006  771  546 0  48 1 3 1 2 4
1007  975  293 0  37 1 3 1 2 4
1008  906   29 0  66 1 3 1 2 4
1009  237   81 0  15 1 3 1 2 4
1010   33  493 0  85 1 3 1 2 4
1011  659  415 0  70 1 3 1 2 4
1012  385  834 0  98 1 3 1 2 4
1013  353  672 0  27 1 3 1 2 4
1014  486  556 0   9 1 3 1 2 4
1015  896    2 0  76 1 3 1 2 4
1016  224  434 0  19 1 3 1 2 4
1017  235  743 0  19 1 3 1 2 4
1018  732  275 0  48 1 3 1 2 4
1019  276  838 0  89 1 3 1 2 4
1020  864  462 0  58 1 3 1 2 4
1021  192  236 0  83 1 3 1 2 4
1022   99  262 0   9 1 3 1 2 4
1023  448  501 0  60 1 3 1 2 4
1024  550   66 0  11 1 3 1 2 4
1025  722   74 0  17 1 3 1 2 4
1026  633  619 0  16 1 3 1 2 4
1027  399  677 0  13 1 3 1 2 4
1028  659   18 0  83 1 3 1 2 4
1029  361   71 0  43 1 3 1 2 4
1030   62  496 0  25 1 3 1 2 4
1031   40   99 0  14 1 3 1 2 4
1032  719  494 0  57 1 3 1 2 4
1033  690  495 0   4 1 3 1 2 4
1034  709  887 0  78 1 3 1 2 4
1035  957  672 0  87 1 3 1 2 4
1036  817  664 0  65 1 3 1 2 4
1037  176   45 0   9 1 3 1 2 4
1038  118  953 0  52 1 3 1 2 4
1039  161   99 0  30 1 3 1 2 4
1040    3  243 0  56 1 3 1 2 4
1041  817  170 0  27 1 3 1 2 4
1042  500  911 0  29 1 3 1 2 4
1043  753  413 0  66 1 3 1 2 4
1044   25  228 0   3 1 3 1 2 4
1045   44  958 0  18 1 3 1 2 4
1046  888  103 0  44 1 3 1 2 4
1047  304  460 0  31 1 3 1 2 4
1048  179  463 0  86 1 3 1 2 4
1049  640  190 0  80 1 3 1 2 4
1050  324  634 0  12 1 3 1 2 4
1051  939  187 0  51 1 3 1 2 4
1052  969  196 0  37 1 3 1 2 4
1053  716  414 0  51 1 3 1 2 4
1054    1  856 0  63 1 3 1 2 4
1055   38  922 0  62 1 3 1 2 4
1056  997  883 0  66 1 3 1 2 4
1057  718  445 0  31 1 3 1 2 4
1058  417  317 0  59 1 3 1 2 4
1059  223  890 0  63 1 3 1 2 4
1060  803  925 0  89 1 3 1 2 4
1061  728  488 0  94 1 3 1 2 4
1062  754  605 0  12 1 3 1 2 4
1063  247  805 0   8 1 3 1 2 4
1064  234  850 0   5 1 3 1 2 4
1065  409  197 0  34 1 3 1 2 4
1066  953  138 0  61 1 3 1 2 4
1067  884   32 0  27 1 3 1 2 4
1068  207  824 0  93 1 3 1 2 4
1069  372  190 0  32 1 3 1 2 4
1070  949  179 0  97 1 3 1 2 4
1071  960  656 0  23 1 3 1 2 4
1072  815    1 0  83 1 3 1 2 4
1073  244  868 0  37 1 3 1 2 4
1074  808  539 0  74 1 3 1 2 4
1075  576  948 0   7 1 3 1 2 4
1076  532  616 0  20 1 3 1 2 4
1077  200  196 0  99 1 3 1 2 4
1078  524   92 0  96 1 3 1 2 4
1079  312  408 0   7 1 3 1 2 4
1080  277  428 0   5 1 3 1 2 4
1081  952  559 0 100 1 3 1 2 4
1082  322  650 0  11 1 3 1 2 4
1083  952  767 0  32 1 3 1 2 4
1084  299  253 0  11 1 3 1 2 4
1085  345  993 0  12 1 3 1 2 4
1086  941  120 0  93 1 3 1 2 4
1087  447  588 0   4 1 3 1 2 4
1088  172  256 0  51 1 3 1 2 4
1089  910  588 0   9 1 3 1 2 4
1090  979  751 0  88 1 3 1 2 4
1091  229  405 0  16 1 3 1 2 4
1092  637  812 0  24 1 3 1 2 4
1093  421  438 0  55 1 3 1 2 4
1094  938  247 0   6 1 3 1 2 4
1095  651  565 0   7 1 3 1 2 4
1096  177  876 0  44 1 3 1 2 4
1097  266  704 0  20 1 3 1 2 4
1098  973   74 0  90 1 3 1 2 4
1099   40  283 0  56 1 3 1 2 4
1100   54   81 0  30 1 3 1 2 4
1101  425  454 0  18 1 3 1 2 4
1102  733  114 0  59 1 3 1 2 4
1103  571  460 0  31 1 3 1 2 4
1104  651  594 0  84 1 3 1 2 4
1105  302  849 0  99 1 3 1 2 4
1106  360  492 0  47 1 3 1 2 4
1107  222  680 0  55 1 3 1 2 4
1108  264  539 0  24 1 3 1 2 4
1109  426  454 0  80 1 3 1 2 4
1110  834  586 0  51 1 3 1 2 4
1111   99  479 0  11 1 3 1 2 4
1112  613  183 0  28 1 3 1 2 4
1113  573  701 0  36 1 3 1 2 4
1114   77  871 0  56 1 3 1 2 4
1115  294  876 0  24 1 3 1 2 4
1116  708  661 0  86 1 3 1 2 4
1117  528  655 0  45 1 3 1 2 4
1118  884   74 0   3 1 3 1 2 4
1119  521  952 0  16 1 3 1 2 4
1120  570  554 0  89 1 3 1 2 4
1121  958  605 0  10 1 3 1 2 4
1122  546  189 0  25 1 3 1 2 4
1123  946  657 0  63 1 3 1 2 4
1124  587  779 0  61 1 3 1 2 4
1125  926  582 0  79 1 3 1 2 4
1126  370  213 0  72 1 3 1 2 4
1127  999  337 0  46 1 3 1 2 4
1128  707  990 0  15 1 3 1 2 4
1129  158  736 0  90 1 3 1 2 4
1130   82  291 0  47 1 3 1 2 4
1131  467  213 0  56 1 3 1 2 4
1132   97  661 0  14 1 3 1 2 4
1133  732  478 0  47 1 3 1 2 4
1134  618  628 0   9 1 3 1 2 4
1135  302  953 0  28 1 3 1 2 4
1136  878  314 0  40 1 3 1 2 4
1137  865  431 0  30 1 3 1 2 4
1138  227  997 0  39 1 3 1 2 4
1139  234  494 0  28 1 3 1 2 4
1140  501  134 0  93 1 3 1 2 4
1141  470  361 0   3 1 3 1 2 4
1142  896  820 0   9 1 3 1 2 4
1143  374  888 0  52 1 3 1 2 4
1144  399   48 0  97 1 3 1 2 4
1145  217  606 0  42 1 3 1 2 4
1146  726  512 0  59 1 3 1 2 4
1147  333  776 0  65 1 3 1 2 4
1148  216  268 0   7 1 3 1 2 4
1149  402    2 0   2 1 3 1 2 4
1150  114   96 0  14 1 3 1 2 4
1151  399   91 0  85 1 3 1 2 4
1152   20  679 0  67 1 3 1 2 4
1153  418  407 0  29 1 3 1 2 4
1154   73  357 0  91 1 3 1 2 4
1155  429   92 0  25 1 3 1 2 4
1156  204  873 0  42 1 3 1 2 4
1157  687  811 0  83 1 3 1 2 4
1158  266  193 0  92 1 3 1 2 4
1159  508  364 0   7 1 3 1 2 4
1160    4  686 0  80 1 3 1 2 4
1161  217  792 0  97 1 3 1 2 4
1162  703  319 0  80 1 3 1 2 4
1163  618  920 0  74 1 3 1 2 4
1164  310  283 0  21 1 3 1 2 4
1165  395  141 0  43 1 3 1 2 4
1166  150  824 0  32 1 3 1 2 4
1167  850  722 0  61 1 3 1 2 4
1168  595  989 0  34 1 3 1 2 4
1169  840  586 0  47 1 3 1 2 4
1170  904  161 0  64 1 3 1 2 4
1171  711   47 0  53 1 3 1 2 4
1172  998  717 0  33 1 3 1 2 4
1173  495  197 0  53 1 3 1 2 4
1174  431   58 0  60 1 3 1 2 4
1175  602   98 0  24 1 3 1 2 4
1176  339  951 0  70 1 3 1 2 4
1177  498  784 0  94 1 3 1 2 4
1178   31   29 0  97 1 3 1 2 4
1179  678  912 0   0 0 0
1180  379  987 0   0 0 0
1181  588  245 0   0 0 0
