2 379 1258 3
0 239
0 239
0 239
   1  122  578 0  68 1 3 1 2 4
   2  465  730 0   9 1 3 1 2 4
   3  354  933 0  10 1 3 1 2 4
   4  262  190 0   2 1 3 1 2 4
   5  543  566 0 100 1 3 1 2 4
   6   54  920 0  17 1 3 1 2 4
   7  428  776 0  50 1 3 1 2 4
   8  599  371 0  28 1 3 1 2 4
   9  488  897 0  57 1 3 1 2 4
  10  223  452 0   3 1 3 1 2 4
  11  357  265 0   6 1 3 1 2 4
  12  516  688 0  31 1 3 1 2 4
  13  157  905 0  56 1 3 1 2 4
  14  382  253 0  97 1 3 1 2 4
  15   34   27 0  98 1 3 1 2 4
  16  224  360 0   2 1 3 1 2 4
  17  712  168 0  40 1 3 1 2 4
  18  554  372 0  32 1 3 1 2 4
  19  379  612 0  42 1 3 1 2 4
  20  780  162 0   8 1 3 1 2 4
  21   76  220 0  72 1 3 1 2 4
  22  129  526 0  84 1 3 1 2 4
  23  547   16 0  80 1 3 1 2 4
  24  251  724 0  37 1 3 1 2 4
  25  249  210 0  10 1 3 1 2 4
  26  116  517 0  31 1 3 1 2 4
  27  817  625 0  77 1 3 1 2 4
  28  418  404 0  91 1 3 1 2 4
  29  113  567 0  16 1 3 1 2 4
  30  591  302 0  33 1 3 1 2 4
  31  693   82 0  79 1 3 1 2 4
  32  500  393 0  39 1 3 1 2 4
  33  102  712 0  80 1 3 1 2 4
  34  945  259 0  41 1 3 1 2 4
  35  348  437 0  76 1 3 1 2 4
  36  384  506 0  28 1 3 1 2 4
  37  622  989 0  26 1 3 1 2 4
  38   19  237 0  79 1 3 1 2 4
  39  772  776 0  66 1 3 1 2 4
  40  788  767 0  94 1 3 1 2 4
  41  643  211 0  45 1 3 1 2 4
  42  653  324 0  34 1 3 1 2 4
  43  987  243 0  52 1 3 1 2 4
  44  120   52 0  15 1 3 1 2 4
  45  244  470 0   5 1 3 1 2 4
  46  956  118 0  98 1 3 1 2 4
  47  158  298 0  14 1 3 1 2 4
  48  640  233 0  97 1 3 1 2 4
  49  239  806 0  37 1 3 1 2 4
  50  102  279 0  29 1 3 1 2 4
  51  628   16 0  25 1 3 1 2 4
  52  633  273 0   1 1 3 1 2 4
  53  229  664 0   3 1 3 1 2 4
  54  855  923 0  38 1 3 1 2 4
  55  517  868 0  92 1 3 1 2 4
  56  179  323 0  98 1 3 1 2 4
  57  470  408 0  73 1 3 1 2 4
  58  113  257 0  37 1 3 1 2 4
  59  386  603 0  37 1 3 1 2 4
  60  242  707 0  58 1 3 1 2 4
  61  830  489 0  62 1 3 1 2 4
  62  129  433 0  93 1 3 1 2 4
  63  583  561 0  14 1 3 1 2 4
  64  736  663 0  50 1 3 1 2 4
  65  997  705 0  52 1 3 1 2 4
  66    1  603 0  67 1 3 1 2 4
  67  500  360 0   6 1 3 1 2 4
  68  348  549 0  78 1 3 1 2 4
  69  577  377 0  25 1 3 1 2 4
  70  775  111 0  43 1 3 1 2 4
  71  842  945 0  93 1 3 1 2 4
  72  698  903 0  93 1 3 1 2 4
  73  466  823 0  71 1 3 1 2 4
  74  882   83 0  96 1 3 1 2 4
  75  886  584 0  92 1 3 1 2 4
  76  418   48 0   4 1 3 1 2 4
  77  218  111 0  57 1 3 1 2 4
  78  856  794 0  66 1 3 1 2 4
  79  570  639 0  87 1 3 1 2 4
  80   60   25 0  19 1 3 1 2 4
  81  553  582 0  99 1 3 1 2 4
  82  986  995 0  58 1 3 1 2 4
  83  698  889 0  51 1 3 1 2 4
  84   76  294 0  13 1 3 1 2 4
  85  469  665 0  31 1 3 1 2 4
  86  919  907 0  40 1 3 1 2 4
  87  104   16 0  73 1 3 1 2 4
  88  762  472 0  70 1 3 1 2 4
  89  846  636 0  16 1 3 1 2 4
  90  202  835 0  74 1 3 1 2 4
  91   10  724 0  43 1 3 1 2 4
  92  705  882 0   6 1 3 1 2 4
  93    6  801 0  93 1 3 1 2 4
  94  107   86 0  17 1 3 1 2 4
  95  264  150 0  27 1 3 1 2 4
  96  854  268 0  98 1 3 1 2 4
  97  192  557 0  40 1 3 1 2 4
  98   94  786 0  40 1 3 1 2 4
  99  778  528 0  60 1 3 1 2 4
 100  441  357 0  51 1 3 1 2 4
 101  180  461 0  19 1 3 1 2 4
 102  623  660 0  35 1 3 1 2 4
 103  357  999 0  61 1 3 1 2 4
 104   29  979 0  66 1 3 1 2 4
 105  761  387 0  44 1 3 1 2 4
 106  617  760 0  20 1 3 1 2 4
 107  471  230 0   8 1 3 1 2 4
 108  859  684 0  36 1 3 1 2 4
 109  580  661 0  28 1 3 1 2 4
 110  340  778 0  97 1 3 1 2 4
 111  318  802 0   4 1 3 1 2 4
 112  354  145 0  49 1 3 1 2 4
 113  326  434 0  18 1 3 1 2 4
 114  576  139 0  97 1 3 1 2 4
 115  863  337 0   2 1 3 1 2 4
 116  613  473 0  23 1 3 1 2 4
 117  360  222 0  36 1 3 1 2 4
 118  286  224 0  37 1 3 1 2 4
 119  277  837 0  75 1 3 1 2 4
 120  851  106 0  64 1 3 1 2 4
 121  717  114 0  77 1 3 1 2 4
 122  570  163 0  57 1 3 1 2 4
 123  550   80 0  13 1 3 1 2 4
 124  731   64 0  70 1 3 1 2 4
 125  664  186 0  32 1 3 1 2 4
 126  344  160 0  15 1 3 1 2 4
 127  365  245 0  81 1 3 1 2 4
 128  844   89 0  42 1 3 1 2 4
 129  885  971 0  49 1 3 1 2 4
 130  613  360 0  63 1 3 1 2 4
 131  641   51 0   9 1 3 1 2 4
 132  515  580 0  33 1 3 1 2 4
 133  780  960 0  83 1 3 1 2 4
 134  799  570 0  82 1 3 1 2 4
 135  960  717 0  97 1 3 1 2 4
 136  468  862 0  19 1 3 1 2 4
 137  740  271 0  58 1 3 1 2 4
 138  925   75 0  12 1 3 1 2 4
 139  927  407 0  55 1 3 1 2 4
 140  730  110 0  54 1 3 1 2 4
 141  173  252 0  46 1 3 1 2 4
 142  589  577 0  34 1 3 1 2 4
 143   86  235 0  98 1 3 1 2 4
 144  233  646 0  78 1 3 1 2 4
 145  913  427 0  64 1 3 1 2 4
 146  237  822 0  79 1 3 1 2 4
 147  498  133 0  82 1 3 1 2 4
 148  638  278 0   6 1 3 1 2 4
 149  582  736 0  26 1 3 1 2 4
 150  355  989 0  78 1 3 1 2 4
 151  622   18 0  30 1 3 1 2 4
 152  471  223 0  77 1 3 1 2 4
 153  816  335 0  64 1 3 1 2 4
 154  448  604 0 100 1 3 1 2 4
 155   42  306 0   5 1 3 1 2 4
 156  514  140 0  11 1 3 1 2 4
 157  950  481 0  15 1 3 1 2 4
 158  727  575 0  24 1 3 1 2 4
 159  197  694 0  69 1 3 1 2 4
 160  397  600 0  78 1 3 1 2 4
 161  344  615 0  40 1 3 1 2 4
 162  617  373 0   9 1 3 1 2 4
 163  536  717 0  69 1 3 1 2 4
 164  587  596 0  49 1 3 1 2 4
 165  448  410 0  54 1 3 1 2 4
 166  326  718 0  80 1 3 1 2 4
 167  903  492 0  84 1 3 1 2 4
 168  453  106 0  54 1 3 1 2 4
 169  631  110 0  30 1 3 1 2 4
 170  793  910 0  63 1 3 1 2 4
 171  731  977 0  47 1 3 1 2 4
 172   58  913 0  50 1 3 1 2 4
 173 1000  136 0  37 1 3 1 2 4
 174  468  260 0  55 1 3 1 2 4
 175  345  844 0  17 1 3 1 2 4
 176  698  458 0   3 1 3 1 2 4
 177  970  408 0  10 1 3 1 2 4
 178  772  912 0  74 1 3 1 2 4
 179  740  546 0  38 1 3 1 2 4
 180  668  194 0  90 1 3 1 2 4
 181  240  585 0  35 1 3 1 2 4
 182    5  708 0  74 1 3 1 2 4
 183  603  292 0  82 1 3 1 2 4
 184  187   33 0  24 1 3 1 2 4
 185  661  755 0   3 1 3 1 2 4
 186  675  173 0  30 1 3 1 2 4
 187  892  765 0  20 1 3 1 2 4
 188  647  824 0  54 1 3 1 2 4
 189  143  928 0  50 1 3 1 2 4
 190  610  776 0  59 1 3 1 2 4
 191  718   84 0  97 1 3 1 2 4
 192  709  642 0  48 1 3 1 2 4
 193  203  796 0  52 1 3 1 2 4
 194  315  281 0  81 1 3 1 2 4
 195  913  664 0  44 1 3 1 2 4
 196  390  250 0  89 1 3 1 2 4
 197  767  146 0  69 1 3 1 2 4
 198  440  443 0  76 1 3 1 2 4
 199  581  815 0  10 1 3 1 2 4
 200  626  303 0   8 1 3 1 2 4
 201  239  401 0  72 1 3 1 2 4
 202  815    6 0  50 1 3 1 2 4
 203  940  915 0  65 1 3 1 2 4
 204  879  614 0  72 1 3 1 2 4
 205  885  108 0  76 1 3 1 2 4
 206  912  197 0  32 1 3 1 2 4
 207  269  504 0  57 1 3 1 2 4
 208  231  713 0  44 1 3 1 2 4
 209  322  740 0  83 1 3 1 2 4
 210  822  823 0   9 1 3 1 2 4
 211   52  626 0  21 1 3 1 2 4
 212  816  757 0  69 1 3 1 2 4
 213  143  761 0  93 1 3 1 2 4
 214  810  157 0  22 1 3 1 2 4
 215  664  503 0  53 1 3 1 2 4
 216  243  275 0  64 1 3 1 2 4
 217  242  438 0   1 1 3 1 2 4
 218  267    4 0  89 1 3 1 2 4
 219  985  353 0  34 1 3 1 2 4
 220  989  240 0  83 1 3 1 2 4
 221  881  146 0  75 1 3 1 2 4
 222  163  223 0  32 1 3 1 2 4
 223  863  982 0  29 1 3 1 2 4
 224  220  312 0  67 1 3 1 2 4
 225  123  494 0  72 1 3 1 2 4
 226  614  368 0  47 1 3 1 2 4
 227   12  408 0   2 1 3 1 2 4
 228  610  156 0  90 1 3 1 2 4
 229  883  951 0  89 1 3 1 2 4
 230  600  628 0  48 1 3 1 2 4
 231  622  328 0  18 1 3 1 2 4
 232  965  570 0   8 1 3 1 2 4
 233  111  966 0  91 1 3 1 2 4
 234  351  829 0  24 1 3 1 2 4
 235  484  647 0   9 1 3 1 2 4
 236   73  694 0  49 1 3 1 2 4
 237  847  335 0  28 1 3 1 2 4
 238  812  210 0  44 1 3 1 2 4
 239  829   99 0  47 1 3 1 2 4
 240  722  905 0  70 1 3 1 2 4
 241  309  619 0  87 1 3 1 2 4
 242  643  444 0  96 1 3 1 2 4
 243  777   73 0  48 1 3 1 2 4
 244   39  387 0  64 1 3 1 2 4
 245   21  985 0  20 1 3 1 2 4
 246  722  349 0  98 1 3 1 2 4
 247  453  242 0  13 1 3 1 2 4
 248  379  159 0  10 1 3 1 2 4
 249  715  332 0   9 1 3 1 2 4
 250  460  554 0  96 1 3 1 2 4
 251  197  723 0  90 1 3 1 2 4
 252   52   84 0  86 1 3 1 2 4
 253  268  582 0  16 1 3 1 2 4
 254  434  267 0  99 1 3 1 2 4
 255  501  914 0   7 1 3 1 2 4
 256  159  525 0  73 1 3 1 2 4
 257   34  544 0  30 1 3 1 2 4
 258  476  454 0  69 1 3 1 2 4
 259  429  616 0   7 1 3 1 2 4
 260  655  915 0   2 1 3 1 2 4
 261  702  124 0   7 1 3 1 2 4
 262  552  280 0  20 1 3 1 2 4
 263  846  599 0  14 1 3 1 2 4
 264  494  286 0  76 1 3 1 2 4
 265  817  447 0  45 1 3 1 2 4
 266  459  561 0  18 1 3 1 2 4
 267  753  470 0  24 1 3 1 2 4
 268  150  182 0  95 1 3 1 2 4
 269  761  466 0  59 1 3 1 2 4
 270  256  964 0   1 1 3 1 2 4
 271  817  609 0  63 1 3 1 2 4
 272  564  160 0  24 1 3 1 2 4
 273  106  733 0  76 1 3 1 2 4
 274  305  258 0  10 1 3 1 2 4
 275  512  254 0  52 1 3 1 2 4
 276  619  420 0  48 1 3 1 2 4
 277  920  194 0  82 1 3 1 2 4
 278  704  534 0  51 1 3 1 2 4
 279  706  716 0  80 1 3 1 2 4
 280  965  897 0  97 1 3 1 2 4
 281  437  830 0  59 1 3 1 2 4
 282  903  324 0  12 1 3 1 2 4
 283   32  264 0  50 1 3 1 2 4
 284  727  128 0  20 1 3 1 2 4
 285  547  992 0  62 1 3 1 2 4
 286  950  899 0  24 1 3 1 2 4
 287  548  926 0  61 1 3 1 2 4
 288  887  669 0  97 1 3 1 2 4
 289  792  134 0  41 1 3 1 2 4
 290   99  157 0  41 1 3 1 2 4
 291  635  510 0  30 1 3 1 2 4
 292  289  564 0  60 1 3 1 2 4
 293   51  612 0  57 1 3 1 2 4
 294  987  305 0  34 1 3 1 2 4
 295  310  171 0  50 1 3 1 2 4
 296  219  613 0  55 1 3 1 2 4
 297  408  167 0  18 1 3 1 2 4
 298  903  547 0  29 1 3 1 2 4
 299  145  541 0  51 1 3 1 2 4
 300  661  185 0  29 1 3 1 2 4
 301  356  177 0  26 1 3 1 2 4
 302  218  526 0  89 1 3 1 2 4
 303  808  830 0  72 1 3 1 2 4
 304  955  678 0  20 1 3 1 2 4
 305  264  405 0  78 1 3 1 2 4
 306   85  649 0  14 1 3 1 2 4
 307  531  233 0  31 1 3 1 2 4
 308  480  850 0  56 1 3 1 2 4
 309  525  235 0  64 1 3 1 2 4
 310  680  709 0  55 1 3 1 2 4
 311  608  760 0  75 1 3 1 2 4
 312  591  433 0   1 1 3 1 2 4
 313  152   59 0  83 1 3 1 2 4
 314  394  668 0  10 1 3 1 2 4
 315  160  371 0  74 1 3 1 2 4
 316  620  512 0  59 1 3 1 2 4
 317  967  711 0   9 1 3 1 2 4
 318  161  753 0   7 1 3 1 2 4
 319  236  125 0  47 1 3 1 2 4
 320  640  744 0  51 1 3 1 2 4
 321  178  440 0  10 1 3 1 2 4
 322  825  490 0  38 1 3 1 2 4
 323  792  367 0  53 1 3 1 2 4
 324  869  789 0  12 1 3 1 2 4
 325  929  252 0  13 1 3 1 2 4
 326  205  620 0   9 1 3 1 2 4
 327  185  470 0  46 1 3 1 2 4
 328  632  277 0  51 1 3 1 2 4
 329  688  534 0  36 1 3 1 2 4
 330  327  350 0   2 1 3 1 2 4
 331  201  230 0  48 1 3 1 2 4
 332  181  934 0   4 1 3 1 2 4
 333  712  727 0  79 1 3 1 2 4
 334  897  401 0  51 1 3 1 2 4
 335  879  415 0  47 1 3 1 2 4
 336  631  475 0  32 1 3 1 2 4
 337  685   86 0 100 1 3 1 2 4
 338  245  296 0   3 1 3 1 2 4
 339  665  164 0  92 1 3 1 2 4
 340  695  153 0  60 1 3 1 2 4
 341  957  987 0  55 1 3 1 2 4
 342  608  778 0  85 1 3 1 2 4
 343  123  728 0 100 1 3 1 2 4
 344  514  556 0  99 1 3 1 2 4
 345  417  969 0  27 1 3 1 2 4
 346  569  991 0  81 1 3 1 2 4
 347  427  762 0  13 1 3 1 2 4
 348  956   32 0  18 1 3 1 2 4
 349  959  761 0   7 1 3 1 2 4
 350  751  204 0  16 1 3 1 2 4
 351   12  550 0  74 1 3 1 2 4
 352  414  210 0   7 1 3 1 2 4
 353   80  991 0  40 1 3 1 2 4
 354  820  168 0  13 1 3 1 2 4
 355  917  367 0  63 1 3 1 2 4
 356  490   39 0  89 1 3 1 2 4
 357   59  454 0  37 1 3 1 2 4
 358  114  164 0  90 1 3 1 2 4
 359  969  193 0  98 1 3 1 2 4
 360  333  944 0  29 1 3 1 2 4
 361  986  810 0  60 1 3 1 2 4
 362  803  583 0  50 1 3 1 2 4
 363  729  464 0  15 1 3 1 2 4
 364  706  824 0  82 1 3 1 2 4
 365  527  604 0  48 1 3 1 2 4
 366  192  953 0  33 1 3 1 2 4
 367  886  750 0  67 1 3 1 2 4
 368  207  131 0  88 1 3 1 2 4
 369   40  759 0  40 1 3 1 2 4
 370  385  772 0  29 1 3 1 2 4
 371  242  770 0   7 1 3 1 2 4
 372  944  545 0  16 1 3 1 2 4
 373  670  283 0  66 1 3 1 2 4
 374  212  474 0  95 1 3 1 2 4
 375  764  995 0  38 1 3 1 2 4
 376  369  433 0  10 1 3 1 2 4
 377  547  460 0  37 1 3 1 2 4
 378  430  630 0  62 1 3 1 2 4
 379  962  894 0  40 1 3 1 2 4
 380  984  321 0  46 1 3 1 2 4
 381  387  513 0  20 1 3 1 2 4
 382  119  940 0  79 1 3 1 2 4
 383  973  172 0  61 1 3 1 2 4
 384  718  147 0  69 1 3 1 2 4
 385  310  542 0 100 1 3 1 2 4
 386   40  556 0  49 1 3 1 2 4
 387  282  123 0  12 1 3 1 2 4
 388  809  557 0  53 1 3 1 2 4
 389  704  868 0   9 1 3 1 2 4
 390  516  302 0  54 1 3 1 2 4
 391  247  539 0  97 1 3 1 2 4
 392  134  160 0  65 1 3 1 2 4
 393  329  201 0   2 1 3 1 2 4
 394  979  239 0  37 1 3 1 2 4
 395  739  279 0  25 1 3 1 2 4
 396  551  746 0  40 1 3 1 2 4
 397  483  582 0   2 1 3 1 2 4
 398  216  971 0   7 1 3 1 2 4
 399  680  713 0  98 1 3 1 2 4
 400  900  636 0  49 1 3 1 2 4
 401  724  965 0  96 1 3 1 2 4
 402  300  855 0  87 1 3 1 2 4
 403  460  710 0  47 1 3 1 2 4
 404  897  422 0   4 1 3 1 2 4
 405  397  960 0  87 1 3 1 2 4
 406  693  828 0  52 1 3 1 2 4
 407  552  760 0  18 1 3 1 2 4
 408  761  453 0   2 1 3 1 2 4
 409  547  940 0  52 1 3 1 2 4
 410  546  241 0  43 1 3 1 2 4
 411  338  574 0  65 1 3 1 2 4
 412  314  175 0  72 1 3 1 2 4
 413  613  160 0  74 1 3 1 2 4
 414  278  238 0  38 1 3 1 2 4
 415  802  269 0  82 1 3 1 2 4
 416   62  868 0  78 1 3 1 2 4
 417  286  400 0  31 1 3 1 2 4
 418  739  427 0  11 1 3 1 2 4
 419  619  613 0  67 1 3 1 2 4
 420  832  634 0  41 1 3 1 2 4
 421  334   68 0  49 1 3 1 2 4
 422  947  199 0  76 1 3 1 2 4
 423  317  342 0   1 1 3 1 2 4
 424  108  407 0  39 1 3 1 2 4
 425  803  283 0  34 1 3 1 2 4
 426  751   90 0  35 1 3 1 2 4
 427  573  122 0  51 1 3 1 2 4
 428  962  123 0  63 1 3 1 2 4
 429  133  888 0  40 1 3 1 2 4
 430  248  195 0  26 1 3 1 2 4
 431  126  108 0  91 1 3 1 2 4
 432  905  119 0  57 1 3 1 2 4
 433  276  693 0  16 1 3 1 2 4
 434  984  205 0  89 1 3 1 2 4
 435  313  929 0  12 1 3 1 2 4
 436  520  925 0  14 1 3 1 2 4
 437  359  313 0  34 1 3 1 2 4
 438  311   25 0  11 1 3 1 2 4
 439  125   30 0  59 1 3 1 2 4
 440   58  654 0  42 1 3 1 2 4
 441    6  880 0  56 1 3 1 2 4
 442  307  628 0  35 1 3 1 2 4
 443  789  470 0  39 1 3 1 2 4
 444  717  240 0  75 1 3 1 2 4
 445  662   19 0  72 1 3 1 2 4
 446  876  802 0  55 1 3 1 2 4
 447  488  544 0  27 1 3 1 2 4
 448  862   36 0  86 1 3 1 2 4
 449  264  814 0  54 1 3 1 2 4
 450  671  310 0  57 1 3 1 2 4
 451  957  581 0  50 1 3 1 2 4
 452  423  804 0  64 1 3 1 2 4
 453  621  371 0  16 1 3 1 2 4
 454   60  874 0  56 1 3 1 2 4
 455  681  994 0  14 1 3 1 2 4
 456  435  448 0  78 1 3 1 2 4
 457  879  747 0  22 1 3 1 2 4
 458  838    2 0  58 1 3 1 2 4
 459  396  211 0  60 1 3 1 2 4
 460  599  497 0  44 1 3 1 2 4
 461  115  633 0  31 1 3 1 2 4
 462  288  308 0  97 1 3 1 2 4
 463    3  104 0   6 1 3 1 2 4
 464   90  102 0  77 1 3 1 2 4
 465  827  331 0  47 1 3 1 2 4
 466  184  238 0  88 1 3 1 2 4
 467   91  567 0  60 1 3 1 2 4
 468  774  127 0  29 1 3 1 2 4
 469   58  933 0  57 1 3 1 2 4
 470  174  623 0  71 1 3 1 2 4
 471  368  400 0  50 1 3 1 2 4
 472  218   96 0   6 1 3 1 2 4
 473  196  132 0  70 1 3 1 2 4
 474  250  211 0   4 1 3 1 2 4
 475  534  506 0  99 1 3 1 2 4
 476   19  136 0  90 1 3 1 2 4
 477  552  182 0  22 1 3 1 2 4
 478  386  884 0   3 1 3 1 2 4
 479  970  555 0  76 1 3 1 2 4
 480  553   75 0  54 1 3 1 2 4
 481  176  998 0   6 1 3 1 2 4
 482  181  996 0 100 1 3 1 2 4
 483  421  618 0  28 1 3 1 2 4
 484  323   62 0  62 1 3 1 2 4
 485  112  335 0  76 1 3 1 2 4
 486   10   23 0  23 1 3 1 2 4
 487  657   16 0  61 1 3 1 2 4
 488  983  122 0  40 1 3 1 2 4
 489  259  415 0  10 1 3 1 2 4
 490  431  505 0  45 1 3 1 2 4
 491   34  395 0  85 1 3 1 2 4
 492  374  304 0  82 1 3 1 2 4
 493  697  932 0  42 1 3 1 2 4
 494  292  129 0  90 1 3 1 2 4
 495  690   17 0  67 1 3 1 2 4
 496   77  819 0  93 1 3 1 2 4
 497  966  351 0  51 1 3 1 2 4
 498  506  423 0  72 1 3 1 2 4
 499  483  352 0  39 1 3 1 2 4
 500  688  183 0  56 1 3 1 2 4
 501  817  469 0  31 1 3 1 2 4
 502  989  102 0  41 1 3 1 2 4
 503  677  148 0  51 1 3 1 2 4
 504  802   77 0  81 1 3 1 2 4
 505  513  170 0  46 1 3 1 2 4
 506  693   92 0  49 1 3 1 2 4
 507  494  257 0  95 1 3 1 2 4
 508  532  152 0  38 1 3 1 2 4
 509  645  640 0  47 1 3 1 2 4
 510  942  731 0  53 1 3 1 2 4
 511  331  558 0   7 1 3 1 2 4
 512   88  585 0  22 1 3 1 2 4
 513  657  542 0  18 1 3 1 2 4
 514  979  675 0  55 1 3 1 2 4
 515  785  239 0  15 1 3 1 2 4
 516  799  489 0  34 1 3 1 2 4
 517  791  828 0  14 1 3 1 2 4
 518  357  595 0  88 1 3 1 2 4
 519   71  625 0  21 1 3 1 2 4
 520   16  791 0  10 1 3 1 2 4
 521  371  663 0  62 1 3 1 2 4
 522  449  284 0  95 1 3 1 2 4
 523  347  505 0  59 1 3 1 2 4
 524  970  577 0  25 1 3 1 2 4
 525  635  931 0  20 1 3 1 2 4
 526  887  526 0  60 1 3 1 2 4
 527  996   72 0   5 1 3 1 2 4
 528  201  562 0  13 1 3 1 2 4
 529  569  641 0  22 1 3 1 2 4
 530  129  313 0  55 1 3 1 2 4
 531  628   39 0  95 1 3 1 2 4
 532  337  303 0  33 1 3 1 2 4
 533  161  988 0  19 1 3 1 2 4
 534  295  546 0  27 1 3 1 2 4
 535   53   69 0  45 1 3 1 2 4
 536   49  307 0  65 1 3 1 2 4
 537  512  908 0  96 1 3 1 2 4
 538  675  979 0  48 1 3 1 2 4
 539  995  620 0  65 1 3 1 2 4
 540   21  493 0  36 1 3 1 2 4
 541  438  607 0  68 1 3 1 2 4
 542  600  332 0  40 1 3 1 2 4
 543  448  961 0  79 1 3 1 2 4
 544  404  565 0  95 1 3 1 2 4
 545  458  645 0  74 1 3 1 2 4
 546  916  500 0   7 1 3 1 2 4
 547  805  858 0  21 1 3 1 2 4
 548  101  996 0   7 1 3 1 2 4
 549  768  727 0   5 1 3 1 2 4
 550  267  493 0  14 1 3 1 2 4
 551  527  978 0  81 1 3 1 2 4
 552  847   23 0  86 1 3 1 2 4
 553  667  317 0  79 1 3 1 2 4
 554  911  380 0  75 1 3 1 2 4
 555  805  404 0  25 1 3 1 2 4
 556  637  867 0  65 1 3 1 2 4
 557  137  231 0  57 1 3 1 2 4
 558  155  846 0  14 1 3 1 2 4
 559  576  955 0  28 1 3 1 2 4
 560  476  276 0  47 1 3 1 2 4
 561  835  999 0  49 1 3 1 2 4
 562  407  260 0  84 1 3 1 2 4
 563  100  532 0  66 1 3 1 2 4
 564  432  419 0  91 1 3 1 2 4
 565  784  494 0  40 1 3 1 2 4
 566  182  237 0  13 1 3 1 2 4
 567  763  420 0  54 1 3 1 2 4
 568  412  958 0  20 1 3 1 2 4
 569   53  220 0  10 1 3 1 2 4
 570   11  984 0  64 1 3 1 2 4
 571  897  315 0  26 1 3 1 2 4
 572  900  581 0  16 1 3 1 2 4
 573  159  947 0 100 1 3 1 2 4
 574   88  564 0  23 1 3 1 2 4
 575  394  294 0   2 1 3 1 2 4
 576  296  740 0  99 1 3 1 2 4
 577   95   78 0  34 1 3 1 2 4
 578  251  164 0  51 1 3 1 2 4
 579  614  836 0  12 1 3 1 2 4
 580  782   13 0  23 1 3 1 2 4
 581  491  170 0  88 1 3 1 2 4
 582  966  407 0  21 1 3 1 2 4
 583  218  906 0  30 1 3 1 2 4
 584  664  171 0  40 1 3 1 2 4
 585  931  695 0  18 1 3 1 2 4
 586  887  642 0  70 1 3 1 2 4
 587   85  998 0  92 1 3 1 2 4
 588  579  276 0   6 1 3 1 2 4
 589  429  681 0  88 1 3 1 2 4
 590  674  446 0  79 1 3 1 2 4
 591   92  253 0  44 1 3 1 2 4
 592  497  487 0  75 1 3 1 2 4
 593  995  707 0  51 1 3 1 2 4
 594  893  737 0  81 1 3 1 2 4
 595  995  272 0  67 1 3 1 2 4
 596  885  662 0  22 1 3 1 2 4
 597  770   75 0  64 1 3 1 2 4
 598  150  985 0  76 1 3 1 2 4
 599  897  663 0   5 1 3 1 2 4
 600  158  148 0  20 1 3 1 2 4
 601  470   94 0  95 1 3 1 2 4
 602  100  179 0  25 1 3 1 2 4
 603  769  836 0  85 1 3 1 2 4
 604  284  923 0  21 1 3 1 2 4
 605  982  884 0  50 1 3 1 2 4
 606  207  849 0  35 1 3 1 2 4
 607   12  191 0  46 1 3 1 2 4
 608  277  119 0  57 1 3 1 2 4
 609   52  551 0  16 1 3 1 2 4
 610  675  351 0  50 1 3 1 2 4
 611  526  362 0  20 1 3 1 2 4
 612  411   16 0  24 1 3 1 2 4
 613  282  906 0  68 1 3 1 2 4
 614  723  459 0  71 1 3 1 2 4
 615  569  911 0  29 1 3 1 2 4
 616  416   94 0   3 1 3 1 2 4
 617  331  201 0  11 1 3 1 2 4
 618  159   41 0  98 1 3 1 2 4
 619  781  110 0  46 1 3 1 2 4
 620  488  714 0  35 1 3 1 2 4
 621   80  876 0  14 1 3 1 2 4
 622  205  599 0  84 1 3 1 2 4
 623  998  973 0  33 1 3 1 2 4
 624  574   26 0  54 1 3 1 2 4
 625  978  567 0  49 1 3 1 2 4
 626  787  970 0   5 1 3 1 2 4
 627  132    1 0  38 1 3 1 2 4
 628    8  946 0   1 1 3 1 2 4
 629  678  329 0  47 1 3 1 2 4
 630  129  335 0  44 1 3 1 2 4
 631  679  768 0  16 1 3 1 2 4
 632  119  751 0  15 1 3 1 2 4
 633  476  776 0  94 1 3 1 2 4
 634  127  380 0  76 1 3 1 2 4
 635  231  221 0  59 1 3 1 2 4
 636  667  589 0  62 1 3 1 2 4
 637  393  950 0  97 1 3 1 2 4
 638  602  377 0  89 1 3 1 2 4
 639  768  978 0  52 1 3 1 2 4
 640  649  888 0  91 1 3 1 2 4
 641  547  480 0   2 1 3 1 2 4
 642  265  361 0  74 1 3 1 2 4
 643  180  268 0   3 1 3 1 2 4
 644  412  286 0  76 1 3 1 2 4
 645  288  821 0  97 1 3 1 2 4
 646  366  894 0  36 1 3 1 2 4
 647   34  252 0  71 1 3 1 2 4
 648  138  618 0  60 1 3 1 2 4
 649  619  282 0  53 1 3 1 2 4
 650   16  752 0  46 1 3 1 2 4
 651  851  388 0   5 1 3 1 2 4
 652  526  851 0  38 1 3 1 2 4
 653  877  384 0  93 1 3 1 2 4
 654  258  927 0  90 1 3 1 2 4
 655  260  883 0  66 1 3 1 2 4
 656   50  641 0  88 1 3 1 2 4
 657  813  180 0  81 1 3 1 2 4
 658  222  504 0  30 1 3 1 2 4
 659  745   77 0  14 1 3 1 2 4
 660  845  531 0  96 1 3 1 2 4
 661  427  446 0  19 1 3 1 2 4
 662  451  388 0  31 1 3 1 2 4
 663  909  113 0  13 1 3 1 2 4
 664  960  772 0  15 1 3 1 2 4
 665  241  698 0  33 1 3 1 2 4
 666  621   23 0   8 1 3 1 2 4
 667  837  441 0  68 1 3 1 2 4
 668  239  804 0   8 1 3 1 2 4
 669  718  298 0  23 1 3 1 2 4
 670  399  530 0  41 1 3 1 2 4
 671  392  906 0  21 1 3 1 2 4
 672  853  317 0   1 1 3 1 2 4
 673  701  104 0  45 1 3 1 2 4
 674  620  434 0  53 1 3 1 2 4
 675  806  966 0  38 1 3 1 2 4
 676  890  446 0  49 1 3 1 2 4
 677   17  316 0  49 1 3 1 2 4
 678  981  255 0  25 1 3 1 2 4
 679  941  446 0  71 1 3 1 2 4
 680  123  555 0  27 1 3 1 2 4
 681  621  540 0  91 1 3 1 2 4
 682  543  738 0  33 1 3 1 2 4
 683  159  506 0  97 1 3 1 2 4
 684  611  462 0  19 1 3 1 2 4
 685  705  493 0  45 1 3 1 2 4
 686  777  222 0  45 1 3 1 2 4
 687  180  228 0  80 1 3 1 2 4
 688   92  763 0   6 1 3 1 2 4
 689  783  819 0   8 1 3 1 2 4
 690  449  689 0  22 1 3 1 2 4
 691  652  385 0  80 1 3 1 2 4
 692  308  735 0   9 1 3 1 2 4
 693  724  799 0  77 1 3 1 2 4
 694  651  221 0  33 1 3 1 2 4
 695  226  946 0   6 1 3 1 2 4
 696  243  482 0  67 1 3 1 2 4
 697  713  379 0  61 1 3 1 2 4
 698  164  372 0  53 1 3 1 2 4
 699  583  477 0  58 1 3 1 2 4
 700  391   87 0   5 1 3 1 2 4
 701  400  575 0  84 1 3 1 2 4
 702  497  670 0  71 1 3 1 2 4
 703  527  294 0  93 1 3 1 2 4
 704  238  943 0  93 1 3 1 2 4
 705  931  210 0  52 1 3 1 2 4
 706  663  532 0   3 1 3 1 2 4
 707  613  672 0  62 1 3 1 2 4
 708  149  865 0   2 1 3 1 2 4
 709  705  423 0  36 1 3 1 2 4
 710  412  108 0  38 1 3 1 2 4
 711  938  489 0  61 1 3 1 2 4
 712  880  832 0  62 1 3 1 2 4
 713  954  678 0  80 1 3 1 2 4
 714   39  115 0  66 1 3 1 2 4
 715  677  653 0  59 1 3 1 2 4
 716   79  456 0  59 1 3 1 2 4
 717  419  710 0  45 1 3 1 2 4
 718  119  687 0  65 1 3 1 2 4
 719   99  275 0  88 1 3 1 2 4
 720   70  276 0  12 1 3 1 2 4
 721   41  671 0  51 1 3 1 2 4
 722  197  422 0   7 1 3 1 2 4
 723   61   16 0  63 1 3 1 2 4
 724  946  460 0  38 1 3 1 2 4
 725  469   22 0  93 1 3 1 2 4
 726  189   90 0  35 1 3 1 2 4
 727  945   45 0   4 1 3 1 2 4
 728   11   70 0  10 1 3 1 2 4
 729  446  449 0  91 1 3 1 2 4
 730  153  566 0  92 1 3 1 2 4
 731  516   42 0  46 1 3 1 2 4
 732  449  308 0  41 1 3 1 2 4
 733  995  882 0   4 1 3 1 2 4
 734   32  173 0  68 1 3 1 2 4
 735  803  806 0  56 1 3 1 2 4
 736  425  233 0  13 1 3 1 2 4
 737  570   82 0  37 1 3 1 2 4
 738  646  777 0  41 1 3 1 2 4
 739  379  719 0  50 1 3 1 2 4
 740  859  963 0  63 1 3 1 2 4
 741  870   28 0  26 1 3 1 2 4
 742   16   30 0   4 1 3 1 2 4
 743  515  962 0  68 1 3 1 2 4
 744  434  970 0  87 1 3 1 2 4
 745  353  693 0  64 1 3 1 2 4
 746  196  859 0   4 1 3 1 2 4
 747  208  169 0  25 1 3 1 2 4
 748  880  141 0  27 1 3 1 2 4
 749  142  286 0  73 1 3 1 2 4
 750  899  212 0  10 1 3 1 2 4
 751  602  847 0  69 1 3 1 2 4
 752  458  420 0  49 1 3 1 2 4
 753  570   12 0  47 1 3 1 2 4
 754  675  577 0  48 1 3 1 2 4
 755  528  114 0  18 1 3 1 2 4
 756  957  233 0  37 1 3 1 2 4
 757  552  216 0  63 1 3 1 2 4
 758  318   65 0  95 1 3 1 2 4
 759  788   94 0  83 1 3 1 2 4
 760  353   76 0  86 1 3 1 2 4
 761  601  202 0  42 1 3 1 2 4
 762  240  106 0   1 1 3 1 2 4
 763  414  586 0  76 1 3 1 2 4
 764  907  176 0  56 1 3 1 2 4
 765  764  935 0  37 1 3 1 2 4
 766  480  633 0  22 1 3 1 2 4
 767  548  391 0  11 1 3 1 2 4
 768  212  402 0  32 1 3 1 2 4
 769  167  729 0  84 1 3 1 2 4
 770  128  342 0  18 1 3 1 2 4
 771  354  855 0  94 1 3 1 2 4
 772  721  518 0  59 1 3 1 2 4
 773  190  131 0  68 1 3 1 2 4
 774  373  448 0  98 1 3 1 2 4
 775   90  143 0   4 1 3 1 2 4
 776  628  777 0  64 1 3 1 2 4
 777  285  788 0   1 1 3 1 2 4
 778  241  438 0  35 1 3 1 2 4
 779  649  541 0  28 1 3 1 2 4
 780  676  624 0  57 1 3 1 2 4
 781  664  618 0  73 1 3 1 2 4
 782  456  566 0   8 1 3 1 2 4
 783  913  441 0   2 1 3 1 2 4
 784  655  367 0  99 1 3 1 2 4
 785   56  726 0  29 1 3 1 2 4
 786  890   33 0   1 1 3 1 2 4
 787  554  437 0  30 1 3 1 2 4
 788  946  235 0  92 1 3 1 2 4
 789  780  993 0  72 1 3 1 2 4
 790  327  513 0  68 1 3 1 2 4
 791  162  900 0  15 1 3 1 2 4
 792  523  112 0  73 1 3 1 2 4
 793  453  433 0  22 1 3 1 2 4
 794  666  175 0  65 1 3 1 2 4
 795  621  809 0  66 1 3 1 2 4
 796  352  450 0  41 1 3 1 2 4
 797  596  296 0  73 1 3 1 2 4
 798  400  747 0   3 1 3 1 2 4
 799  193   20 0   6 1 3 1 2 4
 800  325  294 0  67 1 3 1 2 4
 801  668  649 0  43 1 3 1 2 4
 802  711  417 0  61 1 3 1 2 4
 803  238  939 0  97 1 3 1 2 4
 804  910  924 0  26 1 3 1 2 4
 805  398  724 0  93 1 3 1 2 4
 806  390  536 0  18 1 3 1 2 4
 807   65  560 0  80 1 3 1 2 4
 808  336  351 0   6 1 3 1 2 4
 809   49  404 0  24 1 3 1 2 4
 810  733  252 0  53 1 3 1 2 4
 811  860  807 0  30 1 3 1 2 4
 812  735  987 0  59 1 3 1 2 4
 813  323  149 0  85 1 3 1 2 4
 814  827  768 0   4 1 3 1 2 4
 815  638  900 0   2 1 3 1 2 4
 816  953  373 0  26 1 3 1 2 4
 817  237  125 0  44 1 3 1 2 4
 818  315  338 0  99 1 3 1 2 4
 819  113  100 0  96 1 3 1 2 4
 820  176  656 0  30 1 3 1 2 4
 821  539   80 0   2 1 3 1 2 4
 822  285  569 0  19 1 3 1 2 4
 823    6  306 0  28 1 3 1 2 4
 824  498  623 0  18 1 3 1 2 4
 825  317  792 0  44 1 3 1 2 4
 826  229   71 0  65 1 3 1 2 4
 827  184  714 0  85 1 3 1 2 4
 828  608  839 0  38 1 3 1 2 4
 829  759  125 0  76 1 3 1 2 4
 830  407  492 0  84 1 3 1 2 4
 831  341  319 0  96 1 3 1 2 4
 832  490  620 0  27 1 3 1 2 4
 833  577  115 0  23 1 3 1 2 4
 834  522  928 0  34 1 3 1 2 4
 835  261  343 0  63 1 3 1 2 4
 836  885  340 0  53 1 3 1 2 4
 837  425  223 0  79 1 3 1 2 4
 838  114  100 0   7 1 3 1 2 4
 839  393  151 0  91 1 3 1 2 4
 840  989   48 0  26 1 3 1 2 4
 841  988  936 0  92 1 3 1 2 4
 842   83  458 0  66 1 3 1 2 4
 843  748  462 0  72 1 3 1 2 4
 844  960  729 0  22 1 3 1 2 4
 845  182  613 0  17 1 3 1 2 4
 846  380  864 0  75 1 3 1 2 4
 847  816  921 0   1 1 3 1 2 4
 848  884  812 0  90 1 3 1 2 4
 849  505  597 0  80 1 3 1 2 4
 850  447  456 0  96 1 3 1 2 4
 851  193  694 0  67 1 3 1 2 4
 852  647  997 0  62 1 3 1 2 4
 853  556  109 0  19 1 3 1 2 4
 854  365  944 0  29 1 3 1 2 4
 855  658  123 0  27 1 3 1 2 4
 856  709  588 0  46 1 3 1 2 4
 857  742  838 0  33 1 3 1 2 4
 858  247  322 0  25 1 3 1 2 4
 859  710  524 0  22 1 3 1 2 4
 860  930  130 0  51 1 3 1 2 4
 861  783  528 0  68 1 3 1 2 4
 862  944   86 0  65 1 3 1 2 4
 863  269  534 0   4 1 3 1 2 4
 864  293  737 0  92 1 3 1 2 4
 865    3  144 0  68 1 3 1 2 4
 866  979  481 0  46 1 3 1 2 4
 867  556  256 0  91 1 3 1 2 4
 868  680   41 0  49 1 3 1 2 4
 869   93  842 0  42 1 3 1 2 4
 870  774  343 0   4 1 3 1 2 4
 871  109  763 0   7 1 3 1 2 4
 872  206  884 0  57 1 3 1 2 4
 873  417  585 0  87 1 3 1 2 4
 874  256  386 0  93 1 3 1 2 4
 875   78  690 0  29 1 3 1 2 4
 876  177  976 0  41 1 3 1 2 4
 877  437  346 0  89 1 3 1 2 4
 878   61  579 0  86 1 3 1 2 4
 879  877  424 0  35 1 3 1 2 4
 880  102  435 0  62 1 3 1 2 4
 881  715  702 0  63 1 3 1 2 4
 882  561  460 0  31 1 3 1 2 4
 883  408   25 0  90 1 3 1 2 4
 884  256  836 0  39 1 3 1 2 4
 885   99  425 0  26 1 3 1 2 4
 886  105  959 0  66 1 3 1 2 4
 887  815  577 0  86 1 3 1 2 4
 888  775  495 0  64 1 3 1 2 4
 889  543  109 0  41 1 3 1 2 4
 890  915  134 0  41 1 3 1 2 4
 891  478  582 0  28 1 3 1 2 4
 892  354  126 0  79 1 3 1 2 4
 893  511  541 0  21 1 3 1 2 4
 894   66  972 0  34 1 3 1 2 4
 895    5  789 0   8 1 3 1 2 4
 896  227  266 0  26 1 3 1 2 4
 897  202  693 0  32 1 3 1 2 4
 898  768  996 0  64 1 3 1 2 4
 899  719  919 0  53 1 3 1 2 4
 900   92  721 0  22 1 3 1 2 4
 901  273   24 0  34 1 3 1 2 4
 902  316  231 0  99 1 3 1 2 4
 903  936  298 0  76 1 3 1 2 4
 904  639  268 0  39 1 3 1 2 4
 905  208  150 0  19 1 3 1 2 4
 906  485  310 0  40 1 3 1 2 4
 907  769  352 0  69 1 3 1 2 4
 908  332  144 0  13 1 3 1 2 4
 909  150  875 0  65 1 3 1 2 4
 910  299  804 0  38 1 3 1 2 4
 911  890    9 0  79 1 3 1 2 4
 912  449  158 0  19 1 3 1 2 4
 913  398  366 0  44 1 3 1 2 4
 914   54  133 0  57 1 3 1 2 4
 915  880  486 0   3 1 3 1 2 4
 916  885  186 0  63 1 3 1 2 4
 917  565  527 0  33 1 3 1 2 4
 918   63  690 0  73 1 3 1 2 4
 919  131  222 0  13 1 3 1 2 4
 920  867  744 0  29 1 3 1 2 4
 921  282  772 0  91 1 3 1 2 4
 922  325  925 0  45 1 3 1 2 4
 923  884  646 0  74 1 3 1 2 4
 924  962    9 0  78 1 3 1 2 4
 925  216  980 0  96 1 3 1 2 4
 926  305  169 0   2 1 3 1 2 4
 927  336  154 0   6 1 3 1 2 4
 928  876  205 0  25 1 3 1 2 4
 929  170   58 0  58 1 3 1 2 4
 930  878  772 0  69 1 3 1 2 4
 931  621  510 0  32 1 3 1 2 4
 932  125   81 0  36 1 3 1 2 4
 933  320  663 0  36 1 3 1 2 4
 934  924  289 0  80 1 3 1 2 4
 935  405  945 0  31 1 3 1 2 4
 936  488  672 0  31 1 3 1 2 4
 937  879  131 0  62 1 3 1 2 4
 938  619  369 0  45 1 3 1 2 4
 939  185  564 0  93 1 3 1 2 4
 940  811  387 0  12 1 3 1 2 4
 941  525  811 0  35 1 3 1 2 4
 942  333   23 0  85 1 3 1 2 4
 943  614  297 0  32 1 3 1 2 4
 944  757  706 0  37 1 3 1 2 4
 945  956  556 0  73 1 3 1 2 4
 946  584  354 0  48 1 3 1 2 4
 947  773    5 0  81 1 3 1 2 4
 948  528  236 0  13 1 3 1 2 4
 949  989  881 0  47 1 3 1 2 4
 950  813  946 0  32 1 3 1 2 4
 951  525  265 0  23 1 3 1 2 4
 952  116  216 0  86 1 3 1 2 4
 953  368  777 0  58 1 3 1 2 4
 954   80  837 0  44 1 3 1 2 4
 955  208  138 0  61 1 3 1 2 4
 956  174  150 0  43 1 3 1 2 4
 957  434  809 0  12 1 3 1 2 4
 958  751  583 0  93 1 3 1 2 4
 959   71  847 0  35 1 3 1 2 4
 960  326  490 0  92 1 3 1 2 4
 961   36  852 0  46 1 3 1 2 4
 962  663  368 0  11 1 3 1 2 4
 963  586  103 0  93 1 3 1 2 4
 964  227  462 0  23 1 3 1 2 4
 965   27  245 0  72 1 3 1 2 4
 966  290  446 0   8 1 3 1 2 4
 967  347   83 0  72 1 3 1 2 4
 968  243  296 0  33 1 3 1 2 4
 969  473   99 0  92 1 3 1 2 4
 970  332  663 0   1 1 3 1 2 4
 971  313  711 0  93 1 3 1 2 4
 972  839  764 0  71 1 3 1 2 4
 973  704  425 0  89 1 3 1 2 4
 974  318  279 0  77 1 3 1 2 4
 975  126  202 0  17 1 3 1 2 4
 976  678  267 0  79 1 3 1 2 4
 977   77  707 0  82 1 3 1 2 4
 978  880  372 0  60 1 3 1 2 4
 979  304  694 0  21 1 3 1 2 4
 980  805  832 0  90 1 3 1 2 4
 981  662  270 0  37 1 3 1 2 4
 982  749  621 0  56 1 3 1 2 4
 983  826  526 0  39 1 3 1 2 4
 984  154  166 0  39 1 3 1 2 4
 985  791  223 0  19 1 3 1 2 4
 986  926  881 0  63 1 3 1 2 4
 987   86  924 0  52 1 3 1 2 4
 988  988  544 0  97 1 3 1 2 4
 989  570  506 0  11 1 3 1 2 4
 990  860  846 0   5 1 3 1 2 4
 991  344  776 0  27 1 3 1 2 4
 992  343  706 0  20 1 3 1 2 4
 993  814  143 0  56 1 3 1 2 4
 994  655  226 0  22 1 3 1 2 4
 995  132  446 0  84 1 3 1 2 4
 996   31  266 0  45 1 3 1 2 4
 997  493  944 0  78 1 3 1 2 4
 998  776  864 0  85 1 3 1 2 4
 999  909  648 0  92 1 3 1 2 4
1000  994  350 0  22 1 3 1 2 4
1001   47  873 0   2 1 3 1 2 4
1002  630   78 0  85 1 3 1 2 4
1003   74  372 0  23 1 3 1 2 4
1004   41  165 0  82 1 3 1 2 4
1005  118  167 0  46 1 3 1 2 4
1006  836  697 0  23 1 3 1 2 4
1007  432  592 0  73 1 3 1 2 4
1008  969   72 0  42 1 3 1 2 4
1009  476  660 0  14 1 3 1 2 4
1010  528  837 0  45 1 3 1 2 4
1011  804  370 0  78 1 3 1 2 4
1012  618  309 0  72 1 3 1 2 4
1013   70   29 0  52 1 3 1 2 4
1014  104  359 0  81 1 3 1 2 4
1015  375  791 0  61 1 3 1 2 4
1016  858  622 0  80 1 3 1 2 4
1017  916  440 0  52 1 3 1 2 4
1018  583    5 0  69 1 3 1 2 4
1019  180  100 0  83 1 3 1 2 4
1020  673  918 0   8 1 3 1 2 4
1021  211  933 0  15 1 3 1 2 4
1022  503  317 0  91 1 3 1 2 4
1023  489  609 0  28 1 3 1 2 4
1024  806  436 0  55 1 3 1 2 4
1025  129  887 0  23 1 3 1 2 4
1026  147   81 0  63 1 3 1 2 4
1027  780  880 0  19 1 3 1 2 4
1028  996  343 0  25 1 3 1 2 4
1029  333  408 0  22 1 3 1 2 4
1030   31  558 0  42 1 3 1 2 4
1031  193   56 0  10 1 3 1 2 4
1032  499   77 0  12 1 3 1 2 4
1033  270  164 0  70 1 3 1 2 4
1034  714  619 0  76 1 3 1 2 4
1035  142  217 0   7 1 3 1 2 4
1036  900  891 0  69 1 3 1 2 4
1037  808  286 0  31 1 3 1 2 4
1038  670  470 0  63 1 3 1 2 4
1039  718  810 0  67 1 3 1 2 4
1040  285  946 0  40 1 3 1 2 4
1041  470  910 0  27 1 3 1 2 4
1042  459  465 0  76 1 3 1 2 4
1043  954   78 0   7 1 3 1 2 4
1044  615  515 0 100 1 3 1 2 4
1045  263  843 0  69 1 3 1 2 4
1046  662  250 0  14 1 3 1 2 4
1047  103  320 0  29 1 3 1 2 4
1048  351  708 0  75 1 3 1 2 4
1049  713  561 0  89 1 3 1 2 4
1050  332  896 0  30 1 3 1 2 4
1051  323  821 0  50 1 3 1 2 4
1052  239  475 0  95 1 3 1 2 4
1053  321  211 0  31 1 3 1 2 4
1054   55  307 0  13 1 3 1 2 4
1055   28   58 0  80 1 3 1 2 4
1056  916  314 0  87 1 3 1 2 4
1057  851  786 0  65 1 3 1 2 4
1058  878  327 0  66 1 3 1 2 4
1059  131  256 0  41 1 3 1 2 4
1060  432  505 0  28 1 3 1 2 4
1061  838  697 0  56 1 3 1 2 4
1062  739  346 0  71 1 3 1 2 4
1063  981  889 0   3 1 3 1 2 4
1064  891  414 0  24 1 3 1 2 4
1065  523  977 0  60 1 3 1 2 4
1066  993   39 0  56 1 3 1 2 4
1067  964   55 0  95 1 3 1 2 4
1068  182   47 0  83 1 3 1 2 4
1069  125  190 0  71 1 3 1 2 4
1070  508  744 0  10 1 3 1 2 4
1071  926  291 0  92 1 3 1 2 4
1072  273  530 0  59 1 3 1 2 4
1073  106  432 0  32 1 3 1 2 4
1074   63  537 0   5 1 3 1 2 4
1075  808  415 0  35 1 3 1 2 4
1076   58  180 0  88 1 3 1 2 4
1077  674  430 0  37 1 3 1 2 4
1078   87  183 0  19 1 3 1 2 4
1079  881  546 0  83 1 3 1 2 4
1080  620  547 0  34 1 3 1 2 4
1081  749  275 0  92 1 3 1 2 4
1082  383  446 0  28 1 3 1 2 4
1083  195   68 0  55 1 3 1 2 4
1084  203  540 0  56 1 3 1 2 4
1085  627  102 0   2 1 3 1 2 4
1086  671  888 0  59 1 3 1 2 4
1087  527  203 0  24 1 3 1 2 4
1088  998  189 0  36 1 3 1 2 4
1089  897  634 0  62 1 3 1 2 4
1090   26   60 0   5 1 3 1 2 4
1091  862  427 0  34 1 3 1 2 4
1092  665  417 0  93 1 3 1 2 4
1093  240  651 0  12 1 3 1 2 4
1094  766  573 0  67 1 3 1 2 4
1095  728  680 0  78 1 3 1 2 4
1096  818  690 0  22 1 3 1 2 4
1097  938  447 0  98 1 3 1 2 4
1098  962  174 0  57 1 3 1 2 4
1099  258  574 0  23 1 3 1 2 4
1100  243  518 0  64 1 3 1 2 4
1101  865  312 0  84 1 3 1 2 4
1102  802   18 0  93 1 3 1 2 4
1103  824  224 0  73 1 3 1 2 4
1104  364  778 0  38 1 3 1 2 4
1105  275   77 0  61 1 3 1 2 4
1106  121  211 0  25 1 3 1 2 4
1107  688  904 0  64 1 3 1 2 4
1108  923  867 0   4 1 3 1 2 4
1109  693  311 0  84 1 3 1 2 4
1110  517  988 0  77 1 3 1 2 4
1111  440  534 0  15 1 3 1 2 4
1112  693  360 0   4 1 3 1 2 4
1113  699  495 0  96 1 3 1 2 4
1114  686  694 0  68 1 3 1 2 4
1115  951  284 0  34 1 3 1 2 4
1116    6  451 0  64 1 3 1 2 4
1117  796  798 0   4 1 3 1 2 4
1118  480  368 0  31 1 3 1 2 4
1119  672  388 0  11 1 3 1 2 4
1120  975  576 0  45 1 3 1 2 4
1121  662  760 0  46 1 3 1 2 4
1122  595  626 0  11 1 3 1 2 4
1123  943   57 0  69 1 3 1 2 4
1124  771    6 0  77 1 3 1 2 4
1125  555  576 0  97 1 3 1 2 4
1126  671  992 0  15 1 3 1 2 4
1127  822  214 0  55 1 3 1 2 4
1128  346  482 0  90 1 3 1 2 4
1129  208  291 0  45 1 3 1 2 4
1130  918  279 0  68 1 3 1 2 4
1131  415  480 0  40 1 3 1 2 4
1132  990  471 0  64 1 3 1 2 4
1133  793  890 0  35 1 3 1 2 4
1134  756  696 0  78 1 3 1 2 4
1135  996  863 0  77 1 3 1 2 4
1136  114  920 0  77 1 3 1 2 4
1137   75  324 0  77 1 3 1 2 4
1138  244  422 0  36 1 3 1 2 4
1139  692  324 0  51 1 3 1 2 4
1140  268  730 0   3 1 3 1 2 4
1141  180  902 0  51 1 3 1 2 4
1142  351  800 0  76 1 3 1 2 4
1143  810  307 0  69 1 3 1 2 4
1144  252  639 0  39 1 3 1 2 4
1145   21   21 0  73 1 3 1 2 4
1146  993  958 0  53 1 3 1 2 4
1147   74  230 0  62 1 3 1 2 4
1148   71  652 0  79 1 3 1 2 4
1149  101  385 0  60 1 3 1 2 4
1150  509  237 0  44 1 3 1 2 4
1151  312  981 0  48 1 3 1 2 4
1152  781  884 0  37 1 3 1 2 4
1153  476  314 0  78 1 3 1 2 4
1154  507  960 0  31 1 3 1 2 4
1155  917  617 0  22 1 3 1 2 4
1156  925  743 0  60 1 3 1 2 4
1157  185  316 0  85 1 3 1 2 4
1158  483  718 0  84 1 3 1 2 4
1159  332  936 0  33 1 3 1 2 4
1160  250  202 0  85 1 3 1 2 4
1161  105  214 0  44 1 3 1 2 4
1162  697  280 0  53 1 3 1 2 4
1163  682  759 0  44 1 3 1 2 4
1164  713 1000 0  23 1 3 1 2 4
1165  301   15 0  50 1 3 1 2 4
1166  571  562 0  65 1 3 1 2 4
1167   11  146 0  58 1 3 1 2 4
1168  639  887 0  50 1 3 1 2 4
1169  786  509 0  10 1 3 1 2 4
1170   49  770 0  34 1 3 1 2 4
1171   71   59 0  87 1 3 1 2 4
1172  878  394 0  40 1 3 1 2 4
1173  536  911 0  60 1 3 1 2 4
1174  517  276 0  48 1 3 1 2 4
1175  906  122 0  43 1 3 1 2 4
1176  319   42 0  70 1 3 1 2 4
1177  808  354 0  16 1 3 1 2 4
1178  723  597 0  70 1 3 1 2 4
1179  419  121 0   7 1 3 1 2 4
1180  409  165 0  23 1 3 1 2 4
1181  652  228 0  81 1 3 1 2 4
1182  592  556 0  52 1 3 1 2 4
1183  513  741 0  47 1 3 1 2 4
1184  452  925 0  55 1 3 1 2 4
1185  995   33 0  53 1 3 1 2 4
1186  555  486 0  85 1 3 1 2 4
1187  167  815 0  95 1 3 1 2 4
1188  698  961 0  70 1 3 1 2 4
1189  834  254 0   7 1 3 1 2 4
1190  206  401 0  32 1 3 1 2 4
1191  974  265 0  95 1 3 1 2 4
1192  775  509 0  52 1 3 1 2 4
1193  648  814 0  85 1 3 1 2 4
1194  674   52 0  46 1 3 1 2 4
1195  341  815 0   5 1 3 1 2 4
1196  897  595 0  47 1 3 1 2 4
1197  651  272 0  55 1 3 1 2 4
1198   38  640 0  17 1 3 1 2 4
1199  716  698 0 100 1 3 1 2 4
1200  400  138 0  28 1 3 1 2 4
1201  544  902 0  80 1 3 1 2 4
1202  298  943 0  54 1 3 1 2 4
1203  519  593 0  15 1 3 1 2 4
1204  523   38 0  75 1 3 1 2 4
1205  849    8 0  86 1 3 1 2 4
1206  583  468 0  87 1 3 1 2 4
1207  538  799 0  72 1 3 1 2 4
1208  583  679 0  55 1 3 1 2 4
1209  554  892 0  40 1 3 1 2 4
1210  550   61 0  48 1 3 1 2 4
1211  526  819 0   1 1 3 1 2 4
1212  504  337 0  19 1 3 1 2 4
1213  963  401 0  64 1 3 1 2 4
1214  219  839 0  12 1 3 1 2 4
1215  773  905 0   4 1 3 1 2 4
1216   95  116 0  27 1 3 1 2 4
1217  183  717 0  80 1 3 1 2 4
1218   92  366 0  62 1 3 1 2 4
1219  591  957 0  31 1 3 1 2 4
1220   61  851 0  97 1 3 1 2 4
1221  571  511 0  14 1 3 1 2 4
1222  772  857 0   7 1 3 1 2 4
1223  197  506 0  28 1 3 1 2 4
1224  315  420 0  58 1 3 1 2 4
1225  956  936 0  16 1 3 1 2 4
1226  832  420 0  52 1 3 1 2 4
1227  479  897 0  77 1 3 1 2 4
1228  671  247 0  49 1 3 1 2 4
1229  609  199 0  58 1 3 1 2 4
1230  697  756 0   3 1 3 1 2 4
1231  387  403 0  30 1 3 1 2 4
1232  326  305 0   3 1 3 1 2 4
1233   46  512 0  39 1 3 1 2 4
1234  438  712 0  72 1 3 1 2 4
1235  533  361 0  72 1 3 1 2 4
1236  157   11 0  37 1 3 1 2 4
1237  653  156 0  66 1 3 1 2 4
1238  852  912 0  66 1 3 1 2 4
1239  778  398 0  23 1 3 1 2 4
1240  486  576 0  85 1 3 1 2 4
1241  224  403 0  52 1 3 1 2 4
1242  465  116 0  11 1 3 1 2 4
1243  476   47 0  94 1 3 1 2 4
1244  616  608 0   8 1 3 1 2 4
1245  658  523 0  63 1 3 1 2 4
1246  593  146 0  98 1 3 1 2 4
1247  220   35 0   5 1 3 1 2 4
1248  278  750 0  28 1 3 1 2 4
1249  908  780 0  35 1 3 1 2 4
1250  748  680 0   3 1 3 1 2 4
1251  351  672 0  33 1 3 1 2 4
1252  714   86 0  91 1 3 1 2 4
1253   93   94 0  32 1 3 1 2 4
1254  508   83 0  73 1 3 1 2 4
1255  777  562 0 100 1 3 1 2 4
1256  564  532 0  10 1 3 1 2 4
1257  536  221 0  12 1 3 1 2 4
1258   24  881 0  20 1 3 1 2 4
1259  850   33 0   0 0 0
1260   37   53 0   0 0 0
1261  711  738 0   0 0 0
