2 129 1307 9
0 251
0 251
0 251
0 251
0 251
0 251
0 251
0 251
0 251
   1  228  644 0  49 1 9 1 2 4 8 16 32 64 128 256
   2  367  932 0 100 1 9 1 2 4 8 16 32 64 128 256
   3  364  570 0  11 1 9 1 2 4 8 16 32 64 128 256
   4  794  772 0  56 1 9 1 2 4 8 16 32 64 128 256
   5  124  389 0  85 1 9 1 2 4 8 16 32 64 128 256
   6  368  750 0   6 1 9 1 2 4 8 16 32 64 128 256
   7  537  929 0  95 1 9 1 2 4 8 16 32 64 128 256
   8   25  383 0  80 1 9 1 2 4 8 16 32 64 128 256
   9  938  663 0   1 1 9 1 2 4 8 16 32 64 128 256
  10  365   32 0  21 1 9 1 2 4 8 16 32 64 128 256
  11  179  286 0  70 1 9 1 2 4 8 16 32 64 128 256
  12  992  357 0  32 1 9 1 2 4 8 16 32 64 128 256
  13   71  914 0  76 1 9 1 2 4 8 16 32 64 128 256
  14  127  945 0   4 1 9 1 2 4 8 16 32 64 128 256
  15  302  985 0  92 1 9 1 2 4 8 16 32 64 128 256
  16  639  189 0  73 1 9 1 2 4 8 16 32 64 128 256
  17  620  870 0  57 1 9 1 2 4 8 16 32 64 128 256
  18  460  744 0  78 1 9 1 2 4 8 16 32 64 128 256
  19  868  890 0  12 1 9 1 2 4 8 16 32 64 128 256
  20  903  615 0   6 1 9 1 2 4 8 16 32 64 128 256
  21  523  251 0  95 1 9 1 2 4 8 16 32 64 128 256
  22  242  543 0  10 1 9 1 2 4 8 16 32 64 128 256
  23  407  835 0  80 1 9 1 2 4 8 16 32 64 128 256
  24  415  282 0  14 1 9 1 2 4 8 16 32 64 128 256
  25  300  413 0  98 1 9 1 2 4 8 16 32 64 128 256
  26   96  105 0  31 1 9 1 2 4 8 16 32 64 128 256
  27  190  236 0  97 1 9 1 2 4 8 16 32 64 128 256
  28  449  565 0  69 1 9 1 2 4 8 16 32 64 128 256
  29  231  903 0  32 1 9 1 2 4 8 16 32 64 128 256
  30  706  910 0  53 1 9 1 2 4 8 16 32 64 128 256
  31  348  263 0  93 1 9 1 2 4 8 16 32 64 128 256
  32   56  299 0  25 1 9 1 2 4 8 16 32 64 128 256
  33  560  402 0  50 1 9 1 2 4 8 16 32 64 128 256
  34  507  141 0  60 1 9 1 2 4 8 16 32 64 128 256
  35  660  199 0  58 1 9 1 2 4 8 16 32 64 128 256
  36   19  765 0  51 1 9 1 2 4 8 16 32 64 128 256
  37  698  772 0  12 1 9 1 2 4 8 16 32 64 128 256
  38  737  962 0  18 1 9 1 2 4 8 16 32 64 128 256
  39  268  431 0  53 1 9 1 2 4 8 16 32 64 128 256
  40  241  929 0  65 1 9 1 2 4 8 16 32 64 128 256
  41  767  247 0  13 1 9 1 2 4 8 16 32 64 128 256
  42  988  765 0  38 1 9 1 2 4 8 16 32 64 128 256
  43  881  495 0  74 1 9 1 2 4 8 16 32 64 128 256
  44  183  530 0  59 1 9 1 2 4 8 16 32 64 128 256
  45  915  634 0 100 1 9 1 2 4 8 16 32 64 128 256
  46   84   24 0  52 1 9 1 2 4 8 16 32 64 128 256
  47  904  395 0   4 1 9 1 2 4 8 16 32 64 128 256
  48  396  922 0  60 1 9 1 2 4 8 16 32 64 128 256
  49  820  489 0   9 1 9 1 2 4 8 16 32 64 128 256
  50  242  263 0  76 1 9 1 2 4 8 16 32 64 128 256
  51   88  254 0  45 1 9 1 2 4 8 16 32 64 128 256
  52  414  179 0  80 1 9 1 2 4 8 16 32 64 128 256
  53  405  912 0  14 1 9 1 2 4 8 16 32 64 128 256
  54  462  243 0   5 1 9 1 2 4 8 16 32 64 128 256
  55  402  779 0  46 1 9 1 2 4 8 16 32 64 128 256
  56  333  479 0  32 1 9 1 2 4 8 16 32 64 128 256
  57  214  138 0  59 1 9 1 2 4 8 16 32 64 128 256
  58  441  992 0  79 1 9 1 2 4 8 16 32 64 128 256
  59  858  712 0  55 1 9 1 2 4 8 16 32 64 128 256
  60  572  779 0  71 1 9 1 2 4 8 16 32 64 128 256
  61  846  133 0  86 1 9 1 2 4 8 16 32 64 128 256
  62  185   12 0  41 1 9 1 2 4 8 16 32 64 128 256
  63  739  936 0  57 1 9 1 2 4 8 16 32 64 128 256
  64  731  301 0  45 1 9 1 2 4 8 16 32 64 128 256
  65  736  429 0  78 1 9 1 2 4 8 16 32 64 128 256
  66  531  175 0  62 1 9 1 2 4 8 16 32 64 128 256
  67  824  362 0  91 1 9 1 2 4 8 16 32 64 128 256
  68  612  815 0  32 1 9 1 2 4 8 16 32 64 128 256
  69  642  744 0  60 1 9 1 2 4 8 16 32 64 128 256
  70   67  859 0  65 1 9 1 2 4 8 16 32 64 128 256
  71  351  670 0   7 1 9 1 2 4 8 16 32 64 128 256
  72  346  918 0  56 1 9 1 2 4 8 16 32 64 128 256
  73  622  228 0  93 1 9 1 2 4 8 16 32 64 128 256
  74  354  644 0  78 1 9 1 2 4 8 16 32 64 128 256
  75  529  672 0  57 1 9 1 2 4 8 16 32 64 128 256
  76  378  781 0  47 1 9 1 2 4 8 16 32 64 128 256
  77  703  464 0  92 1 9 1 2 4 8 16 32 64 128 256
  78  448  257 0  95 1 9 1 2 4 8 16 32 64 128 256
  79  368  198 0  86 1 9 1 2 4 8 16 32 64 128 256
  80  220    8 0  70 1 9 1 2 4 8 16 32 64 128 256
  81  737  265 0  45 1 9 1 2 4 8 16 32 64 128 256
  82  428  254 0  11 1 9 1 2 4 8 16 32 64 128 256
  83  111  182 0  55 1 9 1 2 4 8 16 32 64 128 256
  84  982  262 0   7 1 9 1 2 4 8 16 32 64 128 256
  85  375  624 0   1 1 9 1 2 4 8 16 32 64 128 256
  86  916  568 0  54 1 9 1 2 4 8 16 32 64 128 256
  87  385  813 0  36 1 9 1 2 4 8 16 32 64 128 256
  88  666  128 0  72 1 9 1 2 4 8 16 32 64 128 256
  89   30  399 0  48 1 9 1 2 4 8 16 32 64 128 256
  90   69  622 0  55 1 9 1 2 4 8 16 32 64 128 256
  91  576   31 0  51 1 9 1 2 4 8 16 32 64 128 256
  92  119  369 0  77 1 9 1 2 4 8 16 32 64 128 256
  93  766  396 0  20 1 9 1 2 4 8 16 32 64 128 256
  94  787  758 0  23 1 9 1 2 4 8 16 32 64 128 256
  95  485   84 0  60 1 9 1 2 4 8 16 32 64 128 256
  96  899  419 0  48 1 9 1 2 4 8 16 32 64 128 256
  97  403  398 0  65 1 9 1 2 4 8 16 32 64 128 256
  98  262  767 0  41 1 9 1 2 4 8 16 32 64 128 256
  99  176  464 0  33 1 9 1 2 4 8 16 32 64 128 256
 100  152  908 0  78 1 9 1 2 4 8 16 32 64 128 256
 101  727  609 0  87 1 9 1 2 4 8 16 32 64 128 256
 102  594  587 0  99 1 9 1 2 4 8 16 32 64 128 256
 103  488  847 0  91 1 9 1 2 4 8 16 32 64 128 256
 104  554  699 0  48 1 9 1 2 4 8 16 32 64 128 256
 105  647  937 0  80 1 9 1 2 4 8 16 32 64 128 256
 106  970  793 0  70 1 9 1 2 4 8 16 32 64 128 256
 107  936   23 0  47 1 9 1 2 4 8 16 32 64 128 256
 108  425  386 0  24 1 9 1 2 4 8 16 32 64 128 256
 109  542  977 0  87 1 9 1 2 4 8 16 32 64 128 256
 110  222  838 0  69 1 9 1 2 4 8 16 32 64 128 256
 111  798  432 0  27 1 9 1 2 4 8 16 32 64 128 256
 112  990  943 0  22 1 9 1 2 4 8 16 32 64 128 256
 113  316  275 0  30 1 9 1 2 4 8 16 32 64 128 256
 114  331   73 0  66 1 9 1 2 4 8 16 32 64 128 256
 115  751  381 0  62 1 9 1 2 4 8 16 32 64 128 256
 116  474   14 0  36 1 9 1 2 4 8 16 32 64 128 256
 117  604  575 0  33 1 9 1 2 4 8 16 32 64 128 256
 118  653  572 0  67 1 9 1 2 4 8 16 32 64 128 256
 119  258   95 0  94 1 9 1 2 4 8 16 32 64 128 256
 120    3  803 0  71 1 9 1 2 4 8 16 32 64 128 256
 121  116  425 0  15 1 9 1 2 4 8 16 32 64 128 256
 122  407  764 0  28 1 9 1 2 4 8 16 32 64 128 256
 123  569  629 0  55 1 9 1 2 4 8 16 32 64 128 256
 124   71  316 0  32 1 9 1 2 4 8 16 32 64 128 256
 125  225  868 0   6 1 9 1 2 4 8 16 32 64 128 256
 126  280  512 0  23 1 9 1 2 4 8 16 32 64 128 256
 127  586  330 0  69 1 9 1 2 4 8 16 32 64 128 256
 128  291  106 0  44 1 9 1 2 4 8 16 32 64 128 256
 129  378  569 0  84 1 9 1 2 4 8 16 32 64 128 256
 130  786  696 0  42 1 9 1 2 4 8 16 32 64 128 256
 131  147  520 0  35 1 9 1 2 4 8 16 32 64 128 256
 132  532   23 0  67 1 9 1 2 4 8 16 32 64 128 256
 133  694  798 0  11 1 9 1 2 4 8 16 32 64 128 256
 134  227  824 0  74 1 9 1 2 4 8 16 32 64 128 256
 135  447  689 0  33 1 9 1 2 4 8 16 32 64 128 256
 136  435  737 0  22 1 9 1 2 4 8 16 32 64 128 256
 137  839  573 0  75 1 9 1 2 4 8 16 32 64 128 256
 138  213  142 0  10 1 9 1 2 4 8 16 32 64 128 256
 139   62  136 0  35 1 9 1 2 4 8 16 32 64 128 256
 140  321  646 0  16 1 9 1 2 4 8 16 32 64 128 256
 141  137  666 0  86 1 9 1 2 4 8 16 32 64 128 256
 142  598   46 0 100 1 9 1 2 4 8 16 32 64 128 256
 143  813    7 0   2 1 9 1 2 4 8 16 32 64 128 256
 144  210  253 0  29 1 9 1 2 4 8 16 32 64 128 256
 145  908  438 0  44 1 9 1 2 4 8 16 32 64 128 256
 146  525  678 0  50 1 9 1 2 4 8 16 32 64 128 256
 147  886  739 0  98 1 9 1 2 4 8 16 32 64 128 256
 148  677  641 0  50 1 9 1 2 4 8 16 32 64 128 256
 149  997  258 0  12 1 9 1 2 4 8 16 32 64 128 256
 150  852  127 0  89 1 9 1 2 4 8 16 32 64 128 256
 151  752  215 0  66 1 9 1 2 4 8 16 32 64 128 256
 152   69  501 0   5 1 9 1 2 4 8 16 32 64 128 256
 153  811  389 0  96 1 9 1 2 4 8 16 32 64 128 256
 154  907  530 0  99 1 9 1 2 4 8 16 32 64 128 256
 155  737  722 0  89 1 9 1 2 4 8 16 32 64 128 256
 156  448  840 0  89 1 9 1 2 4 8 16 32 64 128 256
 157  723  366 0  28 1 9 1 2 4 8 16 32 64 128 256
 158  109  701 0  85 1 9 1 2 4 8 16 32 64 128 256
 159  734  651 0  33 1 9 1 2 4 8 16 32 64 128 256
 160  455  187 0  39 1 9 1 2 4 8 16 32 64 128 256
 161  404  359 0  19 1 9 1 2 4 8 16 32 64 128 256
 162  464  612 0  60 1 9 1 2 4 8 16 32 64 128 256
 163  101  993 0  65 1 9 1 2 4 8 16 32 64 128 256
 164  878   47 0  90 1 9 1 2 4 8 16 32 64 128 256
 165  542  866 0  54 1 9 1 2 4 8 16 32 64 128 256
 166  900  105 0  96 1 9 1 2 4 8 16 32 64 128 256
 167  106  761 0  82 1 9 1 2 4 8 16 32 64 128 256
 168  616  156 0  71 1 9 1 2 4 8 16 32 64 128 256
 169  625  512 0  78 1 9 1 2 4 8 16 32 64 128 256
 170  730  797 0   4 1 9 1 2 4 8 16 32 64 128 256
 171  482  406 0  24 1 9 1 2 4 8 16 32 64 128 256
 172  618  392 0  24 1 9 1 2 4 8 16 32 64 128 256
 173  171  951 0  20 1 9 1 2 4 8 16 32 64 128 256
 174   36  888 0  76 1 9 1 2 4 8 16 32 64 128 256
 175  982   13 0  18 1 9 1 2 4 8 16 32 64 128 256
 176  771   65 0   9 1 9 1 2 4 8 16 32 64 128 256
 177  718  166 0  95 1 9 1 2 4 8 16 32 64 128 256
 178  189   18 0  72 1 9 1 2 4 8 16 32 64 128 256
 179  164  920 0  57 1 9 1 2 4 8 16 32 64 128 256
 180  889  775 0   3 1 9 1 2 4 8 16 32 64 128 256
 181  736  134 0  32 1 9 1 2 4 8 16 32 64 128 256
 182  836   56 0  39 1 9 1 2 4 8 16 32 64 128 256
 183  532    1 0  88 1 9 1 2 4 8 16 32 64 128 256
 184  576    0 0   1 1 9 1 2 4 8 16 32 64 128 256
 185  895  822 0  49 1 9 1 2 4 8 16 32 64 128 256
 186  921    8 0  63 1 9 1 2 4 8 16 32 64 128 256
 187  491   31 0  97 1 9 1 2 4 8 16 32 64 128 256
 188  324  694 0  75 1 9 1 2 4 8 16 32 64 128 256
 189  761  962 0  81 1 9 1 2 4 8 16 32 64 128 256
 190   94   53 0  94 1 9 1 2 4 8 16 32 64 128 256
 191  806  195 0  59 1 9 1 2 4 8 16 32 64 128 256
 192  854  626 0  63 1 9 1 2 4 8 16 32 64 128 256
 193   76  555 0  95 1 9 1 2 4 8 16 32 64 128 256
 194  883  450 0  79 1 9 1 2 4 8 16 32 64 128 256
 195  905  431 0  69 1 9 1 2 4 8 16 32 64 128 256
 196  657  264 0  80 1 9 1 2 4 8 16 32 64 128 256
 197  974  952 0  69 1 9 1 2 4 8 16 32 64 128 256
 198  779  487 0  76 1 9 1 2 4 8 16 32 64 128 256
 199  861  462 0  39 1 9 1 2 4 8 16 32 64 128 256
 200  498   77 0  45 1 9 1 2 4 8 16 32 64 128 256
 201  420  110 0  22 1 9 1 2 4 8 16 32 64 128 256
 202  949  555 0  63 1 9 1 2 4 8 16 32 64 128 256
 203  159  241 0  24 1 9 1 2 4 8 16 32 64 128 256
 204  390  762 0   1 1 9 1 2 4 8 16 32 64 128 256
 205  665  469 0   7 1 9 1 2 4 8 16 32 64 128 256
 206  855  388 0   1 1 9 1 2 4 8 16 32 64 128 256
 207  325  234 0  92 1 9 1 2 4 8 16 32 64 128 256
 208  108   19 0  95 1 9 1 2 4 8 16 32 64 128 256
 209  689  640 0  40 1 9 1 2 4 8 16 32 64 128 256
 210  135  437 0  28 1 9 1 2 4 8 16 32 64 128 256
 211  659  809 0  53 1 9 1 2 4 8 16 32 64 128 256
 212  346  414 0  76 1 9 1 2 4 8 16 32 64 128 256
 213  670  986 0  86 1 9 1 2 4 8 16 32 64 128 256
 214  128  857 0  91 1 9 1 2 4 8 16 32 64 128 256
 215   94  248 0  96 1 9 1 2 4 8 16 32 64 128 256
 216  319  428 0  87 1 9 1 2 4 8 16 32 64 128 256
 217  220  826 0  94 1 9 1 2 4 8 16 32 64 128 256
 218  622  876 0  35 1 9 1 2 4 8 16 32 64 128 256
 219  800  717 0  96 1 9 1 2 4 8 16 32 64 128 256
 220  799  362 0  66 1 9 1 2 4 8 16 32 64 128 256
 221  447  984 0   8 1 9 1 2 4 8 16 32 64 128 256
 222  654  737 0  57 1 9 1 2 4 8 16 32 64 128 256
 223   64  119 0  18 1 9 1 2 4 8 16 32 64 128 256
 224  194  618 0  70 1 9 1 2 4 8 16 32 64 128 256
 225   47  702 0  27 1 9 1 2 4 8 16 32 64 128 256
 226  508  490 0  42 1 9 1 2 4 8 16 32 64 128 256
 227  714  511 0  89 1 9 1 2 4 8 16 32 64 128 256
 228  207  184 0  83 1 9 1 2 4 8 16 32 64 128 256
 229  904  642 0  39 1 9 1 2 4 8 16 32 64 128 256
 230  108  953 0  41 1 9 1 2 4 8 16 32 64 128 256
 231  978  784 0  18 1 9 1 2 4 8 16 32 64 128 256
 232  217  643 0  14 1 9 1 2 4 8 16 32 64 128 256
 233  708  881 0  46 1 9 1 2 4 8 16 32 64 128 256
 234  601  341 0  12 1 9 1 2 4 8 16 32 64 128 256
 235  907  965 0  99 1 9 1 2 4 8 16 32 64 128 256
 236   36  829 0  42 1 9 1 2 4 8 16 32 64 128 256
 237  707  339 0  62 1 9 1 2 4 8 16 32 64 128 256
 238  234  846 0  64 1 9 1 2 4 8 16 32 64 128 256
 239  808   38 0  94 1 9 1 2 4 8 16 32 64 128 256
 240  995  185 0  40 1 9 1 2 4 8 16 32 64 128 256
 241   97  654 0   9 1 9 1 2 4 8 16 32 64 128 256
 242  108  786 0  16 1 9 1 2 4 8 16 32 64 128 256
 243 1000   94 0   8 1 9 1 2 4 8 16 32 64 128 256
 244  543  451 0   4 1 9 1 2 4 8 16 32 64 128 256
 245  944  982 0  89 1 9 1 2 4 8 16 32 64 128 256
 246  339  579 0  78 1 9 1 2 4 8 16 32 64 128 256
 247  978  292 0   5 1 9 1 2 4 8 16 32 64 128 256
 248  313  712 0  61 1 9 1 2 4 8 16 32 64 128 256
 249  789  723 0  63 1 9 1 2 4 8 16 32 64 128 256
 250  345  650 0  22 1 9 1 2 4 8 16 32 64 128 256
 251  190   99 0  58 1 9 1 2 4 8 16 32 64 128 256
 252  130  165 0  78 1 9 1 2 4 8 16 32 64 128 256
 253  270  460 0  78 1 9 1 2 4 8 16 32 64 128 256
 254  340  507 0  76 1 9 1 2 4 8 16 32 64 128 256
 255  144  992 0  72 1 9 1 2 4 8 16 32 64 128 256
 256  736  720 0  59 1 9 1 2 4 8 16 32 64 128 256
 257  388  106 0  20 1 9 1 2 4 8 16 32 64 128 256
 258  824  875 0  13 1 9 1 2 4 8 16 32 64 128 256
 259  416  141 0  93 1 9 1 2 4 8 16 32 64 128 256
 260  365  272 0  79 1 9 1 2 4 8 16 32 64 128 256
 261   18  780 0  67 1 9 1 2 4 8 16 32 64 128 256
 262  939  645 0  42 1 9 1 2 4 8 16 32 64 128 256
 263  581  230 0  80 1 9 1 2 4 8 16 32 64 128 256
 264  833  661 0  26 1 9 1 2 4 8 16 32 64 128 256
 265  403  804 0  38 1 9 1 2 4 8 16 32 64 128 256
 266   97   30 0  97 1 9 1 2 4 8 16 32 64 128 256
 267  214  332 0  38 1 9 1 2 4 8 16 32 64 128 256
 268  197  911 0  36 1 9 1 2 4 8 16 32 64 128 256
 269  646  632 0   5 1 9 1 2 4 8 16 32 64 128 256
 270  559  462 0  94 1 9 1 2 4 8 16 32 64 128 256
 271   85  410 0  55 1 9 1 2 4 8 16 32 64 128 256
 272  354   60 0  44 1 9 1 2 4 8 16 32 64 128 256
 273  109  102 0  14 1 9 1 2 4 8 16 32 64 128 256
 274  300   14 0  12 1 9 1 2 4 8 16 32 64 128 256
 275  163  348 0  85 1 9 1 2 4 8 16 32 64 128 256
 276  512  473 0  87 1 9 1 2 4 8 16 32 64 128 256
 277    0  373 0  89 1 9 1 2 4 8 16 32 64 128 256
 278  442   44 0  64 1 9 1 2 4 8 16 32 64 128 256
 279  224  490 0  14 1 9 1 2 4 8 16 32 64 128 256
 280   69  280 0  85 1 9 1 2 4 8 16 32 64 128 256
 281  745  325 0  12 1 9 1 2 4 8 16 32 64 128 256
 282  255  990 0  52 1 9 1 2 4 8 16 32 64 128 256
 283  986  180 0  83 1 9 1 2 4 8 16 32 64 128 256
 284  297  210 0   8 1 9 1 2 4 8 16 32 64 128 256
 285  123  230 0  19 1 9 1 2 4 8 16 32 64 128 256
 286  426  851 0  44 1 9 1 2 4 8 16 32 64 128 256
 287  501  518 0  81 1 9 1 2 4 8 16 32 64 128 256
 288  120  292 0  98 1 9 1 2 4 8 16 32 64 128 256
 289  545  448 0  56 1 9 1 2 4 8 16 32 64 128 256
 290  897  802 0  34 1 9 1 2 4 8 16 32 64 128 256
 291  832  352 0   8 1 9 1 2 4 8 16 32 64 128 256
 292  588  209 0   5 1 9 1 2 4 8 16 32 64 128 256
 293   75  440 0  59 1 9 1 2 4 8 16 32 64 128 256
 294  283  686 0  96 1 9 1 2 4 8 16 32 64 128 256
 295  702  621 0  17 1 9 1 2 4 8 16 32 64 128 256
 296  614  643 0  89 1 9 1 2 4 8 16 32 64 128 256
 297  566  627 0  63 1 9 1 2 4 8 16 32 64 128 256
 298  367  137 0  90 1 9 1 2 4 8 16 32 64 128 256
 299   66  725 0  46 1 9 1 2 4 8 16 32 64 128 256
 300  525  727 0  51 1 9 1 2 4 8 16 32 64 128 256
 301  701  379 0  94 1 9 1 2 4 8 16 32 64 128 256
 302  429  840 0  44 1 9 1 2 4 8 16 32 64 128 256
 303  671  334 0  47 1 9 1 2 4 8 16 32 64 128 256
 304  334  484 0  61 1 9 1 2 4 8 16 32 64 128 256
 305   80   50 0  84 1 9 1 2 4 8 16 32 64 128 256
 306  477  656 0  85 1 9 1 2 4 8 16 32 64 128 256
 307  752  268 0  28 1 9 1 2 4 8 16 32 64 128 256
 308  354  746 0  29 1 9 1 2 4 8 16 32 64 128 256
 309  289  219 0   8 1 9 1 2 4 8 16 32 64 128 256
 310  212  664 0  53 1 9 1 2 4 8 16 32 64 128 256
 311  757  368 0   2 1 9 1 2 4 8 16 32 64 128 256
 312  489  911 0  29 1 9 1 2 4 8 16 32 64 128 256
 313  686    6 0 100 1 9 1 2 4 8 16 32 64 128 256
 314  567  213 0  83 1 9 1 2 4 8 16 32 64 128 256
 315  237  932 0  23 1 9 1 2 4 8 16 32 64 128 256
 316  530  148 0  59 1 9 1 2 4 8 16 32 64 128 256
 317  951   88 0  41 1 9 1 2 4 8 16 32 64 128 256
 318  295  649 0   6 1 9 1 2 4 8 16 32 64 128 256
 319  297  572 0   5 1 9 1 2 4 8 16 32 64 128 256
 320  775   86 0  81 1 9 1 2 4 8 16 32 64 128 256
 321  105  894 0  72 1 9 1 2 4 8 16 32 64 128 256
 322  542  171 0  79 1 9 1 2 4 8 16 32 64 128 256
 323  984  240 0  79 1 9 1 2 4 8 16 32 64 128 256
 324  602  567 0  16 1 9 1 2 4 8 16 32 64 128 256
 325  245  829 0  72 1 9 1 2 4 8 16 32 64 128 256
 326  626  876 0  15 1 9 1 2 4 8 16 32 64 128 256
 327  786  643 0  66 1 9 1 2 4 8 16 32 64 128 256
 328  742  205 0  75 1 9 1 2 4 8 16 32 64 128 256
 329  636   31 0  53 1 9 1 2 4 8 16 32 64 128 256
 330  349  612 0  45 1 9 1 2 4 8 16 32 64 128 256
 331  221  313 0  10 1 9 1 2 4 8 16 32 64 128 256
 332  958  492 0  11 1 9 1 2 4 8 16 32 64 128 256
 333   23  273 0  61 1 9 1 2 4 8 16 32 64 128 256
 334  386  598 0 100 1 9 1 2 4 8 16 32 64 128 256
 335  131  307 0  89 1 9 1 2 4 8 16 32 64 128 256
 336  659  137 0  82 1 9 1 2 4 8 16 32 64 128 256
 337  876  413 0  68 1 9 1 2 4 8 16 32 64 128 256
 338  745  190 0  95 1 9 1 2 4 8 16 32 64 128 256
 339  186  454 0  10 1 9 1 2 4 8 16 32 64 128 256
 340  460  883 0   9 1 9 1 2 4 8 16 32 64 128 256
 341  260  830 0  67 1 9 1 2 4 8 16 32 64 128 256
 342  394  512 0  83 1 9 1 2 4 8 16 32 64 128 256
 343  317  738 0  54 1 9 1 2 4 8 16 32 64 128 256
 344   64  494 0  48 1 9 1 2 4 8 16 32 64 128 256
 345   32  900 0  15 1 9 1 2 4 8 16 32 64 128 256
 346  786  523 0  56 1 9 1 2 4 8 16 32 64 128 256
 347  149   34 0  83 1 9 1 2 4 8 16 32 64 128 256
 348   91  513 0  77 1 9 1 2 4 8 16 32 64 128 256
 349  824  910 0  67 1 9 1 2 4 8 16 32 64 128 256
 350  403   65 0  16 1 9 1 2 4 8 16 32 64 128 256
 351  442   13 0  81 1 9 1 2 4 8 16 32 64 128 256
 352  103  437 0   9 1 9 1 2 4 8 16 32 64 128 256
 353  213  804 0  67 1 9 1 2 4 8 16 32 64 128 256
 354  345  315 0  47 1 9 1 2 4 8 16 32 64 128 256
 355  754  153 0   6 1 9 1 2 4 8 16 32 64 128 256
 356  627  506 0  23 1 9 1 2 4 8 16 32 64 128 256
 357  238  785 0  73 1 9 1 2 4 8 16 32 64 128 256
 358  706  375 0  92 1 9 1 2 4 8 16 32 64 128 256
 359  221  379 0  57 1 9 1 2 4 8 16 32 64 128 256
 360   34  247 0  67 1 9 1 2 4 8 16 32 64 128 256
 361  913   37 0   6 1 9 1 2 4 8 16 32 64 128 256
 362  243  320 0  15 1 9 1 2 4 8 16 32 64 128 256
 363  192  243 0  32 1 9 1 2 4 8 16 32 64 128 256
 364  441  851 0  76 1 9 1 2 4 8 16 32 64 128 256
 365  853  435 0  91 1 9 1 2 4 8 16 32 64 128 256
 366  435  955 0  26 1 9 1 2 4 8 16 32 64 128 256
 367  787  788 0  45 1 9 1 2 4 8 16 32 64 128 256
 368  118  519 0  43 1 9 1 2 4 8 16 32 64 128 256
 369   96  801 0  57 1 9 1 2 4 8 16 32 64 128 256
 370  870  747 0  12 1 9 1 2 4 8 16 32 64 128 256
 371  337  110 0  43 1 9 1 2 4 8 16 32 64 128 256
 372  108  589 0  53 1 9 1 2 4 8 16 32 64 128 256
 373  469  443 0  73 1 9 1 2 4 8 16 32 64 128 256
 374  113  596 0 100 1 9 1 2 4 8 16 32 64 128 256
 375   51  870 0  68 1 9 1 2 4 8 16 32 64 128 256
 376   43  578 0  86 1 9 1 2 4 8 16 32 64 128 256
 377  553  821 0  39 1 9 1 2 4 8 16 32 64 128 256
 378  313  375 0  48 1 9 1 2 4 8 16 32 64 128 256
 379   41  474 0  88 1 9 1 2 4 8 16 32 64 128 256
 380  890  921 0  19 1 9 1 2 4 8 16 32 64 128 256
 381  875  823 0  78 1 9 1 2 4 8 16 32 64 128 256
 382  248  858 0  59 1 9 1 2 4 8 16 32 64 128 256
 383   92  488 0  22 1 9 1 2 4 8 16 32 64 128 256
 384  231  551 0  22 1 9 1 2 4 8 16 32 64 128 256
 385  647  967 0   1 1 9 1 2 4 8 16 32 64 128 256
 386  157  533 0  45 1 9 1 2 4 8 16 32 64 128 256
 387  630  134 0  51 1 9 1 2 4 8 16 32 64 128 256
 388   40  415 0   8 1 9 1 2 4 8 16 32 64 128 256
 389  893  456 0  50 1 9 1 2 4 8 16 32 64 128 256
 390  807  321 0  19 1 9 1 2 4 8 16 32 64 128 256
 391  887  998 0  41 1 9 1 2 4 8 16 32 64 128 256
 392  273  387 0  20 1 9 1 2 4 8 16 32 64 128 256
 393  936  946 0  74 1 9 1 2 4 8 16 32 64 128 256
 394  410  213 0  78 1 9 1 2 4 8 16 32 64 128 256
 395  240  658 0  15 1 9 1 2 4 8 16 32 64 128 256
 396  767  155 0  26 1 9 1 2 4 8 16 32 64 128 256
 397  798  252 0  44 1 9 1 2 4 8 16 32 64 128 256
 398  675  539 0  65 1 9 1 2 4 8 16 32 64 128 256
 399  267  160 0  28 1 9 1 2 4 8 16 32 64 128 256
 400  382  703 0  68 1 9 1 2 4 8 16 32 64 128 256
 401  556  441 0  38 1 9 1 2 4 8 16 32 64 128 256
 402   64  547 0  95 1 9 1 2 4 8 16 32 64 128 256
 403  686  120 0  23 1 9 1 2 4 8 16 32 64 128 256
 404  201  200 0  46 1 9 1 2 4 8 16 32 64 128 256
 405  809  372 0  17 1 9 1 2 4 8 16 32 64 128 256
 406  651  651 0  39 1 9 1 2 4 8 16 32 64 128 256
 407  805  408 0  24 1 9 1 2 4 8 16 32 64 128 256
 408  723  502 0  60 1 9 1 2 4 8 16 32 64 128 256
 409  968  825 0  85 1 9 1 2 4 8 16 32 64 128 256
 410  126  934 0   9 1 9 1 2 4 8 16 32 64 128 256
 411  626   99 0  49 1 9 1 2 4 8 16 32 64 128 256
 412 1000  625 0  83 1 9 1 2 4 8 16 32 64 128 256
 413  988  427 0  71 1 9 1 2 4 8 16 32 64 128 256
 414  324  369 0  78 1 9 1 2 4 8 16 32 64 128 256
 415  534  493 0  76 1 9 1 2 4 8 16 32 64 128 256
 416  898  283 0   7 1 9 1 2 4 8 16 32 64 128 256
 417   45  716 0  14 1 9 1 2 4 8 16 32 64 128 256
 418   17  487 0   3 1 9 1 2 4 8 16 32 64 128 256
 419  401  657 0  97 1 9 1 2 4 8 16 32 64 128 256
 420  691  435 0  44 1 9 1 2 4 8 16 32 64 128 256
 421  490  123 0  49 1 9 1 2 4 8 16 32 64 128 256
 422  657  460 0  27 1 9 1 2 4 8 16 32 64 128 256
 423  917  553 0  50 1 9 1 2 4 8 16 32 64 128 256
 424  870  425 0  33 1 9 1 2 4 8 16 32 64 128 256
 425  925  887 0  58 1 9 1 2 4 8 16 32 64 128 256
 426  581  456 0  86 1 9 1 2 4 8 16 32 64 128 256
 427  869  529 0   4 1 9 1 2 4 8 16 32 64 128 256
 428  896  814 0  42 1 9 1 2 4 8 16 32 64 128 256
 429   56  369 0   5 1 9 1 2 4 8 16 32 64 128 256
 430  509  566 0  60 1 9 1 2 4 8 16 32 64 128 256
 431    6   43 0  82 1 9 1 2 4 8 16 32 64 128 256
 432  561  193 0  62 1 9 1 2 4 8 16 32 64 128 256
 433  974  634 0  99 1 9 1 2 4 8 16 32 64 128 256
 434  461  835 0   3 1 9 1 2 4 8 16 32 64 128 256
 435  837  692 0  48 1 9 1 2 4 8 16 32 64 128 256
 436   32  361 0  16 1 9 1 2 4 8 16 32 64 128 256
 437   73  385 0  42 1 9 1 2 4 8 16 32 64 128 256
 438  619  976 0  97 1 9 1 2 4 8 16 32 64 128 256
 439  768  617 0  28 1 9 1 2 4 8 16 32 64 128 256
 440  500  202 0   8 1 9 1 2 4 8 16 32 64 128 256
 441  102  498 0  63 1 9 1 2 4 8 16 32 64 128 256
 442  573  386 0  20 1 9 1 2 4 8 16 32 64 128 256
 443  741   12 0  20 1 9 1 2 4 8 16 32 64 128 256
 444  528  504 0  70 1 9 1 2 4 8 16 32 64 128 256
 445  100  917 0  93 1 9 1 2 4 8 16 32 64 128 256
 446  977  913 0  73 1 9 1 2 4 8 16 32 64 128 256
 447  689  856 0  66 1 9 1 2 4 8 16 32 64 128 256
 448  493  134 0  40 1 9 1 2 4 8 16 32 64 128 256
 449  572  768 0  66 1 9 1 2 4 8 16 32 64 128 256
 450  724  310 0  74 1 9 1 2 4 8 16 32 64 128 256
 451  890  237 0  68 1 9 1 2 4 8 16 32 64 128 256
 452   53  991 0  64 1 9 1 2 4 8 16 32 64 128 256
 453  789   56 0  64 1 9 1 2 4 8 16 32 64 128 256
 454  636  581 0  24 1 9 1 2 4 8 16 32 64 128 256
 455  973  650 0  22 1 9 1 2 4 8 16 32 64 128 256
 456  351   36 0  94 1 9 1 2 4 8 16 32 64 128 256
 457  226  465 0  88 1 9 1 2 4 8 16 32 64 128 256
 458  240  376 0  68 1 9 1 2 4 8 16 32 64 128 256
 459   40  495 0  75 1 9 1 2 4 8 16 32 64 128 256
 460  669  703 0  86 1 9 1 2 4 8 16 32 64 128 256
 461  225  527 0  83 1 9 1 2 4 8 16 32 64 128 256
 462  724  991 0  51 1 9 1 2 4 8 16 32 64 128 256
 463  870  149 0  64 1 9 1 2 4 8 16 32 64 128 256
 464  860  133 0  86 1 9 1 2 4 8 16 32 64 128 256
 465  574  980 0  38 1 9 1 2 4 8 16 32 64 128 256
 466  648   34 0  78 1 9 1 2 4 8 16 32 64 128 256
 467  165  417 0   6 1 9 1 2 4 8 16 32 64 128 256
 468  502  403 0  91 1 9 1 2 4 8 16 32 64 128 256
 469  608    4 0  93 1 9 1 2 4 8 16 32 64 128 256
 470   92  131 0  69 1 9 1 2 4 8 16 32 64 128 256
 471   35  901 0  86 1 9 1 2 4 8 16 32 64 128 256
 472  376  103 0   6 1 9 1 2 4 8 16 32 64 128 256
 473  369  979 0  44 1 9 1 2 4 8 16 32 64 128 256
 474  233  632 0  67 1 9 1 2 4 8 16 32 64 128 256
 475   91  476 0  42 1 9 1 2 4 8 16 32 64 128 256
 476   86  145 0  15 1 9 1 2 4 8 16 32 64 128 256
 477  150  109 0   6 1 9 1 2 4 8 16 32 64 128 256
 478  640  509 0   3 1 9 1 2 4 8 16 32 64 128 256
 479  154  219 0  29 1 9 1 2 4 8 16 32 64 128 256
 480  616  905 0  77 1 9 1 2 4 8 16 32 64 128 256
 481  784  630 0  81 1 9 1 2 4 8 16 32 64 128 256
 482  603  483 0   4 1 9 1 2 4 8 16 32 64 128 256
 483  657   44 0  33 1 9 1 2 4 8 16 32 64 128 256
 484  411   58 0  13 1 9 1 2 4 8 16 32 64 128 256
 485  459  717 0  45 1 9 1 2 4 8 16 32 64 128 256
 486  791  927 0  79 1 9 1 2 4 8 16 32 64 128 256
 487  927  219 0  84 1 9 1 2 4 8 16 32 64 128 256
 488   98  409 0  78 1 9 1 2 4 8 16 32 64 128 256
 489  634   72 0  56 1 9 1 2 4 8 16 32 64 128 256
 490  245  552 0  82 1 9 1 2 4 8 16 32 64 128 256
 491  346  220 0  90 1 9 1 2 4 8 16 32 64 128 256
 492  976  185 0  54 1 9 1 2 4 8 16 32 64 128 256
 493  568  151 0  25 1 9 1 2 4 8 16 32 64 128 256
 494  348  781 0  69 1 9 1 2 4 8 16 32 64 128 256
 495  538  457 0  71 1 9 1 2 4 8 16 32 64 128 256
 496  267  860 0  45 1 9 1 2 4 8 16 32 64 128 256
 497   67  685 0  35 1 9 1 2 4 8 16 32 64 128 256
 498  479  606 0  65 1 9 1 2 4 8 16 32 64 128 256
 499  438  732 0  15 1 9 1 2 4 8 16 32 64 128 256
 500  961  671 0   1 1 9 1 2 4 8 16 32 64 128 256
 501  135  564 0  33 1 9 1 2 4 8 16 32 64 128 256
 502  478  460 0  29 1 9 1 2 4 8 16 32 64 128 256
 503  674  892 0  24 1 9 1 2 4 8 16 32 64 128 256
 504  295  645 0  67 1 9 1 2 4 8 16 32 64 128 256
 505  202  843 0   3 1 9 1 2 4 8 16 32 64 128 256
 506  971  591 0  43 1 9 1 2 4 8 16 32 64 128 256
 507   71  144 0   7 1 9 1 2 4 8 16 32 64 128 256
 508  405  591 0  70 1 9 1 2 4 8 16 32 64 128 256
 509  567  267 0  28 1 9 1 2 4 8 16 32 64 128 256
 510  933  600 0  82 1 9 1 2 4 8 16 32 64 128 256
 511  656  225 0  12 1 9 1 2 4 8 16 32 64 128 256
 512  523  520 0  32 1 9 1 2 4 8 16 32 64 128 256
 513  876  196 0  25 1 9 1 2 4 8 16 32 64 128 256
 514  100  856 0  25 1 9 1 2 4 8 16 32 64 128 256
 515  352  806 0  22 1 9 1 2 4 8 16 32 64 128 256
 516  393  131 0  81 1 9 1 2 4 8 16 32 64 128 256
 517  761  686 0  41 1 9 1 2 4 8 16 32 64 128 256
 518  766  728 0   5 1 9 1 2 4 8 16 32 64 128 256
 519  164  182 0  25 1 9 1 2 4 8 16 32 64 128 256
 520  676  683 0  36 1 9 1 2 4 8 16 32 64 128 256
 521  226  921 0  33 1 9 1 2 4 8 16 32 64 128 256
 522  586  819 0  71 1 9 1 2 4 8 16 32 64 128 256
 523  795  269 0  87 1 9 1 2 4 8 16 32 64 128 256
 524  837  755 0  22 1 9 1 2 4 8 16 32 64 128 256
 525  215  462 0  45 1 9 1 2 4 8 16 32 64 128 256
 526  646   36 0  62 1 9 1 2 4 8 16 32 64 128 256
 527  856  450 0  47 1 9 1 2 4 8 16 32 64 128 256
 528  475   54 0  76 1 9 1 2 4 8 16 32 64 128 256
 529   43  283 0  83 1 9 1 2 4 8 16 32 64 128 256
 530  896  652 0  22 1 9 1 2 4 8 16 32 64 128 256
 531  229  320 0  97 1 9 1 2 4 8 16 32 64 128 256
 532  651  421 0  32 1 9 1 2 4 8 16 32 64 128 256
 533  121  928 0  78 1 9 1 2 4 8 16 32 64 128 256
 534  449  895 0  29 1 9 1 2 4 8 16 32 64 128 256
 535  542  384 0  49 1 9 1 2 4 8 16 32 64 128 256
 536   16  413 0  68 1 9 1 2 4 8 16 32 64 128 256
 537  150  779 0   9 1 9 1 2 4 8 16 32 64 128 256
 538  940  192 0  45 1 9 1 2 4 8 16 32 64 128 256
 539  695  753 0  24 1 9 1 2 4 8 16 32 64 128 256
 540  893  986 0  40 1 9 1 2 4 8 16 32 64 128 256
 541  246  350 0   3 1 9 1 2 4 8 16 32 64 128 256
 542  419  874 0  84 1 9 1 2 4 8 16 32 64 128 256
 543  760  386 0   8 1 9 1 2 4 8 16 32 64 128 256
 544  710   58 0  91 1 9 1 2 4 8 16 32 64 128 256
 545  755  428 0  56 1 9 1 2 4 8 16 32 64 128 256
 546  119  857 0  51 1 9 1 2 4 8 16 32 64 128 256
 547  338  290 0 100 1 9 1 2 4 8 16 32 64 128 256
 548  948  826 0  33 1 9 1 2 4 8 16 32 64 128 256
 549  345  945 0  28 1 9 1 2 4 8 16 32 64 128 256
 550  167  231 0  72 1 9 1 2 4 8 16 32 64 128 256
 551  185  892 0  52 1 9 1 2 4 8 16 32 64 128 256
 552  661  874 0  61 1 9 1 2 4 8 16 32 64 128 256
 553  116  461 0  55 1 9 1 2 4 8 16 32 64 128 256
 554  518  900 0   9 1 9 1 2 4 8 16 32 64 128 256
 555  946  955 0  41 1 9 1 2 4 8 16 32 64 128 256
 556  517  267 0  29 1 9 1 2 4 8 16 32 64 128 256
 557  646  179 0  47 1 9 1 2 4 8 16 32 64 128 256
 558  251  549 0  16 1 9 1 2 4 8 16 32 64 128 256
 559  607  656 0  97 1 9 1 2 4 8 16 32 64 128 256
 560  512  145 0  81 1 9 1 2 4 8 16 32 64 128 256
 561  987  393 0  94 1 9 1 2 4 8 16 32 64 128 256
 562  955  808 0  91 1 9 1 2 4 8 16 32 64 128 256
 563  476  542 0   6 1 9 1 2 4 8 16 32 64 128 256
 564  913  433 0  83 1 9 1 2 4 8 16 32 64 128 256
 565  238  692 0  10 1 9 1 2 4 8 16 32 64 128 256
 566  707  726 0  12 1 9 1 2 4 8 16 32 64 128 256
 567  707  534 0  93 1 9 1 2 4 8 16 32 64 128 256
 568  729  645 0   4 1 9 1 2 4 8 16 32 64 128 256
 569  654  238 0  53 1 9 1 2 4 8 16 32 64 128 256
 570   61  339 0  63 1 9 1 2 4 8 16 32 64 128 256
 571  788   29 0  63 1 9 1 2 4 8 16 32 64 128 256
 572  332  365 0  75 1 9 1 2 4 8 16 32 64 128 256
 573   64  521 0   9 1 9 1 2 4 8 16 32 64 128 256
 574  486  456 0  41 1 9 1 2 4 8 16 32 64 128 256
 575  915  320 0  92 1 9 1 2 4 8 16 32 64 128 256
 576  441  463 0  81 1 9 1 2 4 8 16 32 64 128 256
 577  371  811 0  93 1 9 1 2 4 8 16 32 64 128 256
 578   61  790 0  73 1 9 1 2 4 8 16 32 64 128 256
 579  187   40 0  97 1 9 1 2 4 8 16 32 64 128 256
 580  468  932 0  42 1 9 1 2 4 8 16 32 64 128 256
 581  912  507 0  73 1 9 1 2 4 8 16 32 64 128 256
 582  627  320 0  66 1 9 1 2 4 8 16 32 64 128 256
 583  500  335 0  61 1 9 1 2 4 8 16 32 64 128 256
 584  604  184 0  96 1 9 1 2 4 8 16 32 64 128 256
 585  464  446 0  82 1 9 1 2 4 8 16 32 64 128 256
 586  942  873 0  85 1 9 1 2 4 8 16 32 64 128 256
 587  376  945 0  88 1 9 1 2 4 8 16 32 64 128 256
 588  267  712 0  78 1 9 1 2 4 8 16 32 64 128 256
 589   15  314 0   5 1 9 1 2 4 8 16 32 64 128 256
 590  111  988 0  91 1 9 1 2 4 8 16 32 64 128 256
 591  965  564 0  35 1 9 1 2 4 8 16 32 64 128 256
 592    6  398 0  70 1 9 1 2 4 8 16 32 64 128 256
 593  753  655 0  41 1 9 1 2 4 8 16 32 64 128 256
 594   35  393 0  86 1 9 1 2 4 8 16 32 64 128 256
 595  421   45 0   5 1 9 1 2 4 8 16 32 64 128 256
 596  155  732 0  97 1 9 1 2 4 8 16 32 64 128 256
 597   85  116 0  81 1 9 1 2 4 8 16 32 64 128 256
 598   64  974 0  33 1 9 1 2 4 8 16 32 64 128 256
 599  537  759 0  69 1 9 1 2 4 8 16 32 64 128 256
 600  250  444 0  71 1 9 1 2 4 8 16 32 64 128 256
 601  312  927 0  66 1 9 1 2 4 8 16 32 64 128 256
 602  690  133 0  67 1 9 1 2 4 8 16 32 64 128 256
 603  662  130 0  89 1 9 1 2 4 8 16 32 64 128 256
 604  431  889 0  64 1 9 1 2 4 8 16 32 64 128 256
 605  199  917 0  87 1 9 1 2 4 8 16 32 64 128 256
 606   65  492 0  83 1 9 1 2 4 8 16 32 64 128 256
 607  261   50 0  78 1 9 1 2 4 8 16 32 64 128 256
 608  180  248 0  70 1 9 1 2 4 8 16 32 64 128 256
 609  194  279 0  37 1 9 1 2 4 8 16 32 64 128 256
 610  749  222 0   8 1 9 1 2 4 8 16 32 64 128 256
 611   85  387 0  68 1 9 1 2 4 8 16 32 64 128 256
 612  258  904 0  79 1 9 1 2 4 8 16 32 64 128 256
 613  138  145 0  11 1 9 1 2 4 8 16 32 64 128 256
 614  858  914 0  44 1 9 1 2 4 8 16 32 64 128 256
 615  354  245 0  49 1 9 1 2 4 8 16 32 64 128 256
 616  123  232 0  81 1 9 1 2 4 8 16 32 64 128 256
 617   69  267 0 100 1 9 1 2 4 8 16 32 64 128 256
 618  518  961 0  32 1 9 1 2 4 8 16 32 64 128 256
 619  862  150 0  52 1 9 1 2 4 8 16 32 64 128 256
 620  366  914 0   7 1 9 1 2 4 8 16 32 64 128 256
 621   85   98 0  10 1 9 1 2 4 8 16 32 64 128 256
 622  320  458 0  60 1 9 1 2 4 8 16 32 64 128 256
 623  830  873 0  27 1 9 1 2 4 8 16 32 64 128 256
 624  861  985 0  19 1 9 1 2 4 8 16 32 64 128 256
 625  643  351 0  63 1 9 1 2 4 8 16 32 64 128 256
 626   87  640 0  80 1 9 1 2 4 8 16 32 64 128 256
 627  210  166 0   6 1 9 1 2 4 8 16 32 64 128 256
 628  193  920 0  32 1 9 1 2 4 8 16 32 64 128 256
 629  918  949 0   6 1 9 1 2 4 8 16 32 64 128 256
 630  312  794 0  79 1 9 1 2 4 8 16 32 64 128 256
 631  748  330 0  85 1 9 1 2 4 8 16 32 64 128 256
 632   77  497 0  39 1 9 1 2 4 8 16 32 64 128 256
 633  929  382 0  80 1 9 1 2 4 8 16 32 64 128 256
 634  253   36 0  57 1 9 1 2 4 8 16 32 64 128 256
 635  582   43 0  85 1 9 1 2 4 8 16 32 64 128 256
 636  449  187 0  44 1 9 1 2 4 8 16 32 64 128 256
 637  509  315 0  48 1 9 1 2 4 8 16 32 64 128 256
 638  713  505 0 100 1 9 1 2 4 8 16 32 64 128 256
 639  857  412 0  38 1 9 1 2 4 8 16 32 64 128 256
 640  482  533 0  29 1 9 1 2 4 8 16 32 64 128 256
 641   47  147 0  72 1 9 1 2 4 8 16 32 64 128 256
 642  170  457 0  19 1 9 1 2 4 8 16 32 64 128 256
 643  894  179 0  74 1 9 1 2 4 8 16 32 64 128 256
 644  775  829 0  33 1 9 1 2 4 8 16 32 64 128 256
 645  540  359 0  62 1 9 1 2 4 8 16 32 64 128 256
 646  882  863 0  36 1 9 1 2 4 8 16 32 64 128 256
 647  434  568 0  78 1 9 1 2 4 8 16 32 64 128 256
 648  199  704 0  50 1 9 1 2 4 8 16 32 64 128 256
 649  258  914 0  65 1 9 1 2 4 8 16 32 64 128 256
 650  639  522 0  72 1 9 1 2 4 8 16 32 64 128 256
 651  468  474 0  25 1 9 1 2 4 8 16 32 64 128 256
 652  810  176 0  56 1 9 1 2 4 8 16 32 64 128 256
 653  407  854 0  88 1 9 1 2 4 8 16 32 64 128 256
 654  198  651 0  74 1 9 1 2 4 8 16 32 64 128 256
 655  905  846 0  52 1 9 1 2 4 8 16 32 64 128 256
 656  212   30 0  83 1 9 1 2 4 8 16 32 64 128 256
 657  775  145 0  44 1 9 1 2 4 8 16 32 64 128 256
 658  228  561 0   1 1 9 1 2 4 8 16 32 64 128 256
 659  705  583 0  56 1 9 1 2 4 8 16 32 64 128 256
 660  184  905 0  90 1 9 1 2 4 8 16 32 64 128 256
 661  103  226 0  12 1 9 1 2 4 8 16 32 64 128 256
 662  138   35 0  53 1 9 1 2 4 8 16 32 64 128 256
 663  614  276 0  54 1 9 1 2 4 8 16 32 64 128 256
 664  952  954 0   4 1 9 1 2 4 8 16 32 64 128 256
 665  329  601 0  20 1 9 1 2 4 8 16 32 64 128 256
 666  249  534 0  92 1 9 1 2 4 8 16 32 64 128 256
 667  299  820 0  84 1 9 1 2 4 8 16 32 64 128 256
 668   73  955 0  66 1 9 1 2 4 8 16 32 64 128 256
 669  307  893 0  65 1 9 1 2 4 8 16 32 64 128 256
 670  510  489 0  78 1 9 1 2 4 8 16 32 64 128 256
 671  209  404 0  39 1 9 1 2 4 8 16 32 64 128 256
 672  584  123 0  45 1 9 1 2 4 8 16 32 64 128 256
 673  933  171 0  15 1 9 1 2 4 8 16 32 64 128 256
 674  871   70 0  19 1 9 1 2 4 8 16 32 64 128 256
 675  339  437 0  62 1 9 1 2 4 8 16 32 64 128 256
 676  375  646 0  98 1 9 1 2 4 8 16 32 64 128 256
 677   16  810 0  54 1 9 1 2 4 8 16 32 64 128 256
 678  720  586 0  26 1 9 1 2 4 8 16 32 64 128 256
 679  344   38 0  36 1 9 1 2 4 8 16 32 64 128 256
 680  409  240 0  75 1 9 1 2 4 8 16 32 64 128 256
 681  854  398 0  26 1 9 1 2 4 8 16 32 64 128 256
 682   26  736 0  47 1 9 1 2 4 8 16 32 64 128 256
 683  680  869 0  62 1 9 1 2 4 8 16 32 64 128 256
 684  362  917 0  49 1 9 1 2 4 8 16 32 64 128 256
 685  462  632 0  19 1 9 1 2 4 8 16 32 64 128 256
 686  139  479 0  50 1 9 1 2 4 8 16 32 64 128 256
 687  488  713 0  56 1 9 1 2 4 8 16 32 64 128 256
 688  470  193 0  97 1 9 1 2 4 8 16 32 64 128 256
 689  968   93 0  30 1 9 1 2 4 8 16 32 64 128 256
 690  411  775 0  87 1 9 1 2 4 8 16 32 64 128 256
 691  599  882 0  32 1 9 1 2 4 8 16 32 64 128 256
 692  505  684 0  38 1 9 1 2 4 8 16 32 64 128 256
 693   49  318 0  89 1 9 1 2 4 8 16 32 64 128 256
 694  103  447 0  52 1 9 1 2 4 8 16 32 64 128 256
 695  350  326 0  34 1 9 1 2 4 8 16 32 64 128 256
 696  631  778 0  54 1 9 1 2 4 8 16 32 64 128 256
 697   77  357 0  42 1 9 1 2 4 8 16 32 64 128 256
 698  139  158 0  72 1 9 1 2 4 8 16 32 64 128 256
 699  125   44 0  29 1 9 1 2 4 8 16 32 64 128 256
 700  932    9 0  98 1 9 1 2 4 8 16 32 64 128 256
 701  610  443 0  32 1 9 1 2 4 8 16 32 64 128 256
 702  869  759 0  97 1 9 1 2 4 8 16 32 64 128 256
 703  346  478 0  61 1 9 1 2 4 8 16 32 64 128 256
 704   60  747 0   1 1 9 1 2 4 8 16 32 64 128 256
 705  152  318 0  68 1 9 1 2 4 8 16 32 64 128 256
 706  979  471 0  99 1 9 1 2 4 8 16 32 64 128 256
 707  768  594 0  10 1 9 1 2 4 8 16 32 64 128 256
 708  525  235 0  86 1 9 1 2 4 8 16 32 64 128 256
 709  608  158 0  75 1 9 1 2 4 8 16 32 64 128 256
 710    2  934 0   2 1 9 1 2 4 8 16 32 64 128 256
 711  828  842 0  86 1 9 1 2 4 8 16 32 64 128 256
 712  572  284 0  29 1 9 1 2 4 8 16 32 64 128 256
 713  152  941 0  59 1 9 1 2 4 8 16 32 64 128 256
 714  151  103 0  82 1 9 1 2 4 8 16 32 64 128 256
 715  862  380 0 100 1 9 1 2 4 8 16 32 64 128 256
 716  606  510 0  45 1 9 1 2 4 8 16 32 64 128 256
 717  815  607 0  22 1 9 1 2 4 8 16 32 64 128 256
 718  145  279 0  17 1 9 1 2 4 8 16 32 64 128 256
 719  638  203 0  17 1 9 1 2 4 8 16 32 64 128 256
 720  551  657 0  26 1 9 1 2 4 8 16 32 64 128 256
 721  750   66 0  74 1 9 1 2 4 8 16 32 64 128 256
 722  919  433 0  33 1 9 1 2 4 8 16 32 64 128 256
 723  138  231 0  25 1 9 1 2 4 8 16 32 64 128 256
 724  457  546 0  98 1 9 1 2 4 8 16 32 64 128 256
 725  234  708 0  68 1 9 1 2 4 8 16 32 64 128 256
 726  631  435 0  68 1 9 1 2 4 8 16 32 64 128 256
 727  652  675 0  29 1 9 1 2 4 8 16 32 64 128 256
 728  529  455 0  86 1 9 1 2 4 8 16 32 64 128 256
 729  445  355 0  63 1 9 1 2 4 8 16 32 64 128 256
 730  459   81 0  12 1 9 1 2 4 8 16 32 64 128 256
 731  336  946 0  53 1 9 1 2 4 8 16 32 64 128 256
 732  843  880 0   9 1 9 1 2 4 8 16 32 64 128 256
 733  652  175 0  87 1 9 1 2 4 8 16 32 64 128 256
 734  126  508 0  20 1 9 1 2 4 8 16 32 64 128 256
 735  679  948 0  29 1 9 1 2 4 8 16 32 64 128 256
 736  133   59 0  82 1 9 1 2 4 8 16 32 64 128 256
 737  972  429 0  88 1 9 1 2 4 8 16 32 64 128 256
 738  134  810 0  95 1 9 1 2 4 8 16 32 64 128 256
 739   71   81 0  80 1 9 1 2 4 8 16 32 64 128 256
 740   60  218 0  49 1 9 1 2 4 8 16 32 64 128 256
 741  949  378 0  70 1 9 1 2 4 8 16 32 64 128 256
 742  129  837 0  39 1 9 1 2 4 8 16 32 64 128 256
 743  928  952 0  84 1 9 1 2 4 8 16 32 64 128 256
 744  802  588 0  81 1 9 1 2 4 8 16 32 64 128 256
 745  677   70 0   8 1 9 1 2 4 8 16 32 64 128 256
 746  263  671 0  18 1 9 1 2 4 8 16 32 64 128 256
 747  145  182 0  62 1 9 1 2 4 8 16 32 64 128 256
 748  855  421 0  89 1 9 1 2 4 8 16 32 64 128 256
 749   29  884 0  11 1 9 1 2 4 8 16 32 64 128 256
 750  449  481 0  30 1 9 1 2 4 8 16 32 64 128 256
 751  556 1000 0  71 1 9 1 2 4 8 16 32 64 128 256
 752  468  812 0  17 1 9 1 2 4 8 16 32 64 128 256
 753  509  239 0   2 1 9 1 2 4 8 16 32 64 128 256
 754  791  516 0  37 1 9 1 2 4 8 16 32 64 128 256
 755  529  555 0   4 1 9 1 2 4 8 16 32 64 128 256
 756  821  574 0  10 1 9 1 2 4 8 16 32 64 128 256
 757  743  567 0  55 1 9 1 2 4 8 16 32 64 128 256
 758  870  738 0  12 1 9 1 2 4 8 16 32 64 128 256
 759  125   26 0  99 1 9 1 2 4 8 16 32 64 128 256
 760  323  197 0  81 1 9 1 2 4 8 16 32 64 128 256
 761  630   98 0  87 1 9 1 2 4 8 16 32 64 128 256
 762  260  978 0  80 1 9 1 2 4 8 16 32 64 128 256
 763  235  949 0  12 1 9 1 2 4 8 16 32 64 128 256
 764  690  934 0  87 1 9 1 2 4 8 16 32 64 128 256
 765  644  838 0  51 1 9 1 2 4 8 16 32 64 128 256
 766  686  274 0  78 1 9 1 2 4 8 16 32 64 128 256
 767  325  674 0  11 1 9 1 2 4 8 16 32 64 128 256
 768  302  736 0  68 1 9 1 2 4 8 16 32 64 128 256
 769  958  702 0  80 1 9 1 2 4 8 16 32 64 128 256
 770  910  472 0  88 1 9 1 2 4 8 16 32 64 128 256
 771  497  745 0  43 1 9 1 2 4 8 16 32 64 128 256
 772  692  536 0  84 1 9 1 2 4 8 16 32 64 128 256
 773  158  925 0  95 1 9 1 2 4 8 16 32 64 128 256
 774  206  566 0  38 1 9 1 2 4 8 16 32 64 128 256
 775   49  555 0  22 1 9 1 2 4 8 16 32 64 128 256
 776  406  747 0  77 1 9 1 2 4 8 16 32 64 128 256
 777  754   89 0  47 1 9 1 2 4 8 16 32 64 128 256
 778  760  417 0  47 1 9 1 2 4 8 16 32 64 128 256
 779  810  578 0  34 1 9 1 2 4 8 16 32 64 128 256
 780  331  959 0  52 1 9 1 2 4 8 16 32 64 128 256
 781  832  327 0  99 1 9 1 2 4 8 16 32 64 128 256
 782  216  932 0  48 1 9 1 2 4 8 16 32 64 128 256
 783  682  176 0  19 1 9 1 2 4 8 16 32 64 128 256
 784  921  570 0  71 1 9 1 2 4 8 16 32 64 128 256
 785  328  979 0  99 1 9 1 2 4 8 16 32 64 128 256
 786  399  535 0  70 1 9 1 2 4 8 16 32 64 128 256
 787  458  611 0  41 1 9 1 2 4 8 16 32 64 128 256
 788  488  829 0  78 1 9 1 2 4 8 16 32 64 128 256
 789  289  836 0  47 1 9 1 2 4 8 16 32 64 128 256
 790  142  929 0  66 1 9 1 2 4 8 16 32 64 128 256
 791  497  918 0  75 1 9 1 2 4 8 16 32 64 128 256
 792  985  107 0  90 1 9 1 2 4 8 16 32 64 128 256
 793   80   59 0   8 1 9 1 2 4 8 16 32 64 128 256
 794  864  315 0  70 1 9 1 2 4 8 16 32 64 128 256
 795  688  837 0  37 1 9 1 2 4 8 16 32 64 128 256
 796  913  989 0  20 1 9 1 2 4 8 16 32 64 128 256
 797  648  466 0  82 1 9 1 2 4 8 16 32 64 128 256
 798  145  773 0  52 1 9 1 2 4 8 16 32 64 128 256
 799  539  316 0  45 1 9 1 2 4 8 16 32 64 128 256
 800  432  250 0  14 1 9 1 2 4 8 16 32 64 128 256
 801  435  371 0  32 1 9 1 2 4 8 16 32 64 128 256
 802  949  527 0  38 1 9 1 2 4 8 16 32 64 128 256
 803  989  939 0  16 1 9 1 2 4 8 16 32 64 128 256
 804  610  691 0  85 1 9 1 2 4 8 16 32 64 128 256
 805  573  636 0  22 1 9 1 2 4 8 16 32 64 128 256
 806  863  672 0  19 1 9 1 2 4 8 16 32 64 128 256
 807  806  962 0  24 1 9 1 2 4 8 16 32 64 128 256
 808  669  340 0  95 1 9 1 2 4 8 16 32 64 128 256
 809  141  755 0  62 1 9 1 2 4 8 16 32 64 128 256
 810  982  202 0  34 1 9 1 2 4 8 16 32 64 128 256
 811  386  294 0  92 1 9 1 2 4 8 16 32 64 128 256
 812  864  759 0  89 1 9 1 2 4 8 16 32 64 128 256
 813   95  901 0  59 1 9 1 2 4 8 16 32 64 128 256
 814  344   57 0  19 1 9 1 2 4 8 16 32 64 128 256
 815  992  601 0  35 1 9 1 2 4 8 16 32 64 128 256
 816  996   26 0  30 1 9 1 2 4 8 16 32 64 128 256
 817  667  422 0  75 1 9 1 2 4 8 16 32 64 128 256
 818  498    7 0   1 1 9 1 2 4 8 16 32 64 128 256
 819  270  200 0  38 1 9 1 2 4 8 16 32 64 128 256
 820  124  620 0  78 1 9 1 2 4 8 16 32 64 128 256
 821  442  927 0  11 1 9 1 2 4 8 16 32 64 128 256
 822  729  391 0  96 1 9 1 2 4 8 16 32 64 128 256
 823  913  138 0   4 1 9 1 2 4 8 16 32 64 128 256
 824  365  154 0  42 1 9 1 2 4 8 16 32 64 128 256
 825  213  393 0  79 1 9 1 2 4 8 16 32 64 128 256
 826  493  985 0  33 1 9 1 2 4 8 16 32 64 128 256
 827  541    4 0  49 1 9 1 2 4 8 16 32 64 128 256
 828  199  666 0  27 1 9 1 2 4 8 16 32 64 128 256
 829  779  552 0  74 1 9 1 2 4 8 16 32 64 128 256
 830  495  815 0  10 1 9 1 2 4 8 16 32 64 128 256
 831  240  750 0  77 1 9 1 2 4 8 16 32 64 128 256
 832  302  171 0  26 1 9 1 2 4 8 16 32 64 128 256
 833  861  974 0  57 1 9 1 2 4 8 16 32 64 128 256
 834  642  937 0   3 1 9 1 2 4 8 16 32 64 128 256
 835  931  392 0  62 1 9 1 2 4 8 16 32 64 128 256
 836  207  146 0  18 1 9 1 2 4 8 16 32 64 128 256
 837  798  232 0  69 1 9 1 2 4 8 16 32 64 128 256
 838  953  746 0   5 1 9 1 2 4 8 16 32 64 128 256
 839  254  479 0  96 1 9 1 2 4 8 16 32 64 128 256
 840   19  608 0  69 1 9 1 2 4 8 16 32 64 128 256
 841  211  860 0 100 1 9 1 2 4 8 16 32 64 128 256
 842    5  297 0  15 1 9 1 2 4 8 16 32 64 128 256
 843  650  744 0  98 1 9 1 2 4 8 16 32 64 128 256
 844  731  329 0  29 1 9 1 2 4 8 16 32 64 128 256
 845  269  894 0  57 1 9 1 2 4 8 16 32 64 128 256
 846  210  830 0  16 1 9 1 2 4 8 16 32 64 128 256
 847  585  357 0  59 1 9 1 2 4 8 16 32 64 128 256
 848  714  678 0   1 1 9 1 2 4 8 16 32 64 128 256
 849  794  545 0  62 1 9 1 2 4 8 16 32 64 128 256
 850  241  737 0   8 1 9 1 2 4 8 16 32 64 128 256
 851  347  931 0  68 1 9 1 2 4 8 16 32 64 128 256
 852  142  902 0  23 1 9 1 2 4 8 16 32 64 128 256
 853   39   70 0  23 1 9 1 2 4 8 16 32 64 128 256
 854  456  971 0  96 1 9 1 2 4 8 16 32 64 128 256
 855  505  291 0  67 1 9 1 2 4 8 16 32 64 128 256
 856  940  886 0  39 1 9 1 2 4 8 16 32 64 128 256
 857  271  588 0  81 1 9 1 2 4 8 16 32 64 128 256
 858  798  799 0  67 1 9 1 2 4 8 16 32 64 128 256
 859  657  670 0  59 1 9 1 2 4 8 16 32 64 128 256
 860  687  745 0  98 1 9 1 2 4 8 16 32 64 128 256
 861  985  144 0  62 1 9 1 2 4 8 16 32 64 128 256
 862  651  592 0  48 1 9 1 2 4 8 16 32 64 128 256
 863   37  498 0  86 1 9 1 2 4 8 16 32 64 128 256
 864  264  477 0  80 1 9 1 2 4 8 16 32 64 128 256
 865  703  665 0  31 1 9 1 2 4 8 16 32 64 128 256
 866  966  853 0  95 1 9 1 2 4 8 16 32 64 128 256
 867  765  810 0  83 1 9 1 2 4 8 16 32 64 128 256
 868  431  206 0  68 1 9 1 2 4 8 16 32 64 128 256
 869  231  732 0   2 1 9 1 2 4 8 16 32 64 128 256
 870  900  257 0   5 1 9 1 2 4 8 16 32 64 128 256
 871  710  604 0  65 1 9 1 2 4 8 16 32 64 128 256
 872  429  591 0  29 1 9 1 2 4 8 16 32 64 128 256
 873  526  434 0  33 1 9 1 2 4 8 16 32 64 128 256
 874  724 1000 0  43 1 9 1 2 4 8 16 32 64 128 256
 875  993  986 0  58 1 9 1 2 4 8 16 32 64 128 256
 876  197    6 0  46 1 9 1 2 4 8 16 32 64 128 256
 877  647  979 0  18 1 9 1 2 4 8 16 32 64 128 256
 878   71  358 0  88 1 9 1 2 4 8 16 32 64 128 256
 879  149  759 0  34 1 9 1 2 4 8 16 32 64 128 256
 880  314  788 0   7 1 9 1 2 4 8 16 32 64 128 256
 881  313  822 0  36 1 9 1 2 4 8 16 32 64 128 256
 882   17  198 0  21 1 9 1 2 4 8 16 32 64 128 256
 883  539  429 0  95 1 9 1 2 4 8 16 32 64 128 256
 884  826  102 0   4 1 9 1 2 4 8 16 32 64 128 256
 885  338   84 0  48 1 9 1 2 4 8 16 32 64 128 256
 886  964  874 0 100 1 9 1 2 4 8 16 32 64 128 256
 887  144  758 0   1 1 9 1 2 4 8 16 32 64 128 256
 888  864  578 0  60 1 9 1 2 4 8 16 32 64 128 256
 889  798  278 0  60 1 9 1 2 4 8 16 32 64 128 256
 890  694  881 0   2 1 9 1 2 4 8 16 32 64 128 256
 891  697  812 0  79 1 9 1 2 4 8 16 32 64 128 256
 892  507  434 0  24 1 9 1 2 4 8 16 32 64 128 256
 893  444  189 0  83 1 9 1 2 4 8 16 32 64 128 256
 894  472  761 0  50 1 9 1 2 4 8 16 32 64 128 256
 895  816  748 0  32 1 9 1 2 4 8 16 32 64 128 256
 896  995  129 0  20 1 9 1 2 4 8 16 32 64 128 256
 897   94  105 0  75 1 9 1 2 4 8 16 32 64 128 256
 898    9  172 0  34 1 9 1 2 4 8 16 32 64 128 256
 899  973   89 0  77 1 9 1 2 4 8 16 32 64 128 256
 900   38  972 0   7 1 9 1 2 4 8 16 32 64 128 256
 901  923  792 0  91 1 9 1 2 4 8 16 32 64 128 256
 902  854  310 0  64 1 9 1 2 4 8 16 32 64 128 256
 903  535  959 0  30 1 9 1 2 4 8 16 32 64 128 256
 904  189  101 0  20 1 9 1 2 4 8 16 32 64 128 256
 905  983  189 0  63 1 9 1 2 4 8 16 32 64 128 256
 906  787  268 0  55 1 9 1 2 4 8 16 32 64 128 256
 907  899   38 0  84 1 9 1 2 4 8 16 32 64 128 256
 908  728  631 0  47 1 9 1 2 4 8 16 32 64 128 256
 909  599  768 0  30 1 9 1 2 4 8 16 32 64 128 256
 910   86  441 0  29 1 9 1 2 4 8 16 32 64 128 256
 911  565   22 0  87 1 9 1 2 4 8 16 32 64 128 256
 912  162   78 0  25 1 9 1 2 4 8 16 32 64 128 256
 913  930  549 0  47 1 9 1 2 4 8 16 32 64 128 256
 914  900   76 0  76 1 9 1 2 4 8 16 32 64 128 256
 915   53  701 0  49 1 9 1 2 4 8 16 32 64 128 256
 916  243  100 0  85 1 9 1 2 4 8 16 32 64 128 256
 917  466  109 0  74 1 9 1 2 4 8 16 32 64 128 256
 918  528   29 0  53 1 9 1 2 4 8 16 32 64 128 256
 919  180  620 0  53 1 9 1 2 4 8 16 32 64 128 256
 920  264  283 0  40 1 9 1 2 4 8 16 32 64 128 256
 921  725  563 0  22 1 9 1 2 4 8 16 32 64 128 256
 922  618  208 0  96 1 9 1 2 4 8 16 32 64 128 256
 923  346  340 0  59 1 9 1 2 4 8 16 32 64 128 256
 924  511  220 0  67 1 9 1 2 4 8 16 32 64 128 256
 925  420   45 0 100 1 9 1 2 4 8 16 32 64 128 256
 926  667  144 0  41 1 9 1 2 4 8 16 32 64 128 256
 927  367   44 0  55 1 9 1 2 4 8 16 32 64 128 256
 928  313   26 0  46 1 9 1 2 4 8 16 32 64 128 256
 929  574  429 0  49 1 9 1 2 4 8 16 32 64 128 256
 930  419  432 0  55 1 9 1 2 4 8 16 32 64 128 256
 931  634  139 0   1 1 9 1 2 4 8 16 32 64 128 256
 932  347  883 0   9 1 9 1 2 4 8 16 32 64 128 256
 933  355  685 0  73 1 9 1 2 4 8 16 32 64 128 256
 934  186  275 0  53 1 9 1 2 4 8 16 32 64 128 256
 935  534  709 0  52 1 9 1 2 4 8 16 32 64 128 256
 936   30  109 0   8 1 9 1 2 4 8 16 32 64 128 256
 937  976  881 0  28 1 9 1 2 4 8 16 32 64 128 256
 938  817  822 0  72 1 9 1 2 4 8 16 32 64 128 256
 939  596  311 0  82 1 9 1 2 4 8 16 32 64 128 256
 940  906  360 0  95 1 9 1 2 4 8 16 32 64 128 256
 941    7  234 0  71 1 9 1 2 4 8 16 32 64 128 256
 942  455  927 0   9 1 9 1 2 4 8 16 32 64 128 256
 943  987  818 0   4 1 9 1 2 4 8 16 32 64 128 256
 944  494  573 0   9 1 9 1 2 4 8 16 32 64 128 256
 945  817  753 0  57 1 9 1 2 4 8 16 32 64 128 256
 946  315  405 0  86 1 9 1 2 4 8 16 32 64 128 256
 947  874  168 0   3 1 9 1 2 4 8 16 32 64 128 256
 948  155  236 0  51 1 9 1 2 4 8 16 32 64 128 256
 949  725  767 0  97 1 9 1 2 4 8 16 32 64 128 256
 950  707  293 0  52 1 9 1 2 4 8 16 32 64 128 256
 951  402  415 0  42 1 9 1 2 4 8 16 32 64 128 256
 952  844  412 0  22 1 9 1 2 4 8 16 32 64 128 256
 953  465  476 0  86 1 9 1 2 4 8 16 32 64 128 256
 954  790  340 0  17 1 9 1 2 4 8 16 32 64 128 256
 955  844  212 0  19 1 9 1 2 4 8 16 32 64 128 256
 956  287  135 0  85 1 9 1 2 4 8 16 32 64 128 256
 957  885  411 0   9 1 9 1 2 4 8 16 32 64 128 256
 958  709  309 0  17 1 9 1 2 4 8 16 32 64 128 256
 959  816  669 0   6 1 9 1 2 4 8 16 32 64 128 256
 960  276  343 0  50 1 9 1 2 4 8 16 32 64 128 256
 961  257  612 0  60 1 9 1 2 4 8 16 32 64 128 256
 962  830  796 0  70 1 9 1 2 4 8 16 32 64 128 256
 963  184  643 0  18 1 9 1 2 4 8 16 32 64 128 256
 964  839  324 0  65 1 9 1 2 4 8 16 32 64 128 256
 965  886  360 0  27 1 9 1 2 4 8 16 32 64 128 256
 966  865  128 0  24 1 9 1 2 4 8 16 32 64 128 256
 967    0  370 0  44 1 9 1 2 4 8 16 32 64 128 256
 968  122  288 0  24 1 9 1 2 4 8 16 32 64 128 256
 969  742  982 0  79 1 9 1 2 4 8 16 32 64 128 256
 970  251  935 0  91 1 9 1 2 4 8 16 32 64 128 256
 971  646  738 0   3 1 9 1 2 4 8 16 32 64 128 256
 972  910  634 0  49 1 9 1 2 4 8 16 32 64 128 256
 973  741   26 0  18 1 9 1 2 4 8 16 32 64 128 256
 974  403  112 0  25 1 9 1 2 4 8 16 32 64 128 256
 975  221  432 0  43 1 9 1 2 4 8 16 32 64 128 256
 976  766  194 0  92 1 9 1 2 4 8 16 32 64 128 256
 977  549  469 0  93 1 9 1 2 4 8 16 32 64 128 256
 978  892  313 0  91 1 9 1 2 4 8 16 32 64 128 256
 979  239  478 0  97 1 9 1 2 4 8 16 32 64 128 256
 980  894  219 0  43 1 9 1 2 4 8 16 32 64 128 256
 981  664  156 0  36 1 9 1 2 4 8 16 32 64 128 256
 982  473  340 0  50 1 9 1 2 4 8 16 32 64 128 256
 983  942  248 0  44 1 9 1 2 4 8 16 32 64 128 256
 984  841  872 0  35 1 9 1 2 4 8 16 32 64 128 256
 985  251  153 0  66 1 9 1 2 4 8 16 32 64 128 256
 986  817  689 0  78 1 9 1 2 4 8 16 32 64 128 256
 987   84  987 0  10 1 9 1 2 4 8 16 32 64 128 256
 988  590  237 0  46 1 9 1 2 4 8 16 32 64 128 256
 989  702  793 0  80 1 9 1 2 4 8 16 32 64 128 256
 990  963  642 0  72 1 9 1 2 4 8 16 32 64 128 256
 991  828  425 0  77 1 9 1 2 4 8 16 32 64 128 256
 992  143  929 0  48 1 9 1 2 4 8 16 32 64 128 256
 993  587  423 0  40 1 9 1 2 4 8 16 32 64 128 256
 994  849  701 0  35 1 9 1 2 4 8 16 32 64 128 256
 995  330  838 0  65 1 9 1 2 4 8 16 32 64 128 256
 996   33  819 0  60 1 9 1 2 4 8 16 32 64 128 256
 997  379  517 0   4 1 9 1 2 4 8 16 32 64 128 256
 998  358  586 0  60 1 9 1 2 4 8 16 32 64 128 256
 999  106  835 0  79 1 9 1 2 4 8 16 32 64 128 256
1000  799  891 0  56 1 9 1 2 4 8 16 32 64 128 256
1001  373   27 0  48 1 9 1 2 4 8 16 32 64 128 256
1002  815  162 0  63 1 9 1 2 4 8 16 32 64 128 256
1003  336  195 0  38 1 9 1 2 4 8 16 32 64 128 256
1004  284  817 0  49 1 9 1 2 4 8 16 32 64 128 256
1005  702  324 0  12 1 9 1 2 4 8 16 32 64 128 256
1006  983  182 0  79 1 9 1 2 4 8 16 32 64 128 256
1007   92   61 0  69 1 9 1 2 4 8 16 32 64 128 256
1008  341  261 0  25 1 9 1 2 4 8 16 32 64 128 256
1009  356  932 0  56 1 9 1 2 4 8 16 32 64 128 256
1010   47  307 0  59 1 9 1 2 4 8 16 32 64 128 256
1011  243  955 0  62 1 9 1 2 4 8 16 32 64 128 256
1012  687  292 0  39 1 9 1 2 4 8 16 32 64 128 256
1013  921  929 0  18 1 9 1 2 4 8 16 32 64 128 256
1014  912  284 0  53 1 9 1 2 4 8 16 32 64 128 256
1015  895  869 0  74 1 9 1 2 4 8 16 32 64 128 256
1016  257  874 0  91 1 9 1 2 4 8 16 32 64 128 256
1017  439  488 0  73 1 9 1 2 4 8 16 32 64 128 256
1018  518  277 0  85 1 9 1 2 4 8 16 32 64 128 256
1019  758  866 0   4 1 9 1 2 4 8 16 32 64 128 256
1020  762  745 0  76 1 9 1 2 4 8 16 32 64 128 256
1021  478  513 0  46 1 9 1 2 4 8 16 32 64 128 256
1022  390   83 0  30 1 9 1 2 4 8 16 32 64 128 256
1023  885  852 0  42 1 9 1 2 4 8 16 32 64 128 256
1024  891  984 0  17 1 9 1 2 4 8 16 32 64 128 256
1025  570  880 0  13 1 9 1 2 4 8 16 32 64 128 256
1026  488  612 0  67 1 9 1 2 4 8 16 32 64 128 256
1027  633   97 0   4 1 9 1 2 4 8 16 32 64 128 256
1028  407  255 0   7 1 9 1 2 4 8 16 32 64 128 256
1029  428  683 0  80 1 9 1 2 4 8 16 32 64 128 256
1030  708  323 0  72 1 9 1 2 4 8 16 32 64 128 256
1031  590  587 0  73 1 9 1 2 4 8 16 32 64 128 256
1032  354  592 0  31 1 9 1 2 4 8 16 32 64 128 256
1033  710  257 0  14 1 9 1 2 4 8 16 32 64 128 256
1034  453   54 0  48 1 9 1 2 4 8 16 32 64 128 256
1035  419  181 0  70 1 9 1 2 4 8 16 32 64 128 256
1036  648  913 0  37 1 9 1 2 4 8 16 32 64 128 256
1037   32   37 0  53 1 9 1 2 4 8 16 32 64 128 256
1038   15   77 0  48 1 9 1 2 4 8 16 32 64 128 256
1039  873  129 0   5 1 9 1 2 4 8 16 32 64 128 256
1040  681  136 0  77 1 9 1 2 4 8 16 32 64 128 256
1041  518  474 0  21 1 9 1 2 4 8 16 32 64 128 256
1042  599  780 0  33 1 9 1 2 4 8 16 32 64 128 256
1043   31  888 0  66 1 9 1 2 4 8 16 32 64 128 256
1044  789  826 0  67 1 9 1 2 4 8 16 32 64 128 256
1045  491  480 0  77 1 9 1 2 4 8 16 32 64 128 256
1046  342  442 0   6 1 9 1 2 4 8 16 32 64 128 256
1047  399  518 0  82 1 9 1 2 4 8 16 32 64 128 256
1048  630   60 0  67 1 9 1 2 4 8 16 32 64 128 256
1049  854  942 0  94 1 9 1 2 4 8 16 32 64 128 256
1050  339  830 0  16 1 9 1 2 4 8 16 32 64 128 256
1051  590  246 0  41 1 9 1 2 4 8 16 32 64 128 256
1052  647  529 0  52 1 9 1 2 4 8 16 32 64 128 256
1053  395  780 0  29 1 9 1 2 4 8 16 32 64 128 256
1054  383  752 0  75 1 9 1 2 4 8 16 32 64 128 256
1055  359   15 0  66 1 9 1 2 4 8 16 32 64 128 256
1056  951  825 0  75 1 9 1 2 4 8 16 32 64 128 256
1057  510  130 0  21 1 9 1 2 4 8 16 32 64 128 256
1058  959  805 0   1 1 9 1 2 4 8 16 32 64 128 256
1059  798   72 0  15 1 9 1 2 4 8 16 32 64 128 256
1060  434  884 0   3 1 9 1 2 4 8 16 32 64 128 256
1061  155  580 0  83 1 9 1 2 4 8 16 32 64 128 256
1062  659  930 0  98 1 9 1 2 4 8 16 32 64 128 256
1063  471   77 0  49 1 9 1 2 4 8 16 32 64 128 256
1064  385  356 0  48 1 9 1 2 4 8 16 32 64 128 256
1065  708  854 0  99 1 9 1 2 4 8 16 32 64 128 256
1066  932  450 0  31 1 9 1 2 4 8 16 32 64 128 256
1067  765   92 0  16 1 9 1 2 4 8 16 32 64 128 256
1068  444  773 0  17 1 9 1 2 4 8 16 32 64 128 256
1069   35  902 0  35 1 9 1 2 4 8 16 32 64 128 256
1070  472  925 0  67 1 9 1 2 4 8 16 32 64 128 256
1071  245  990 0  71 1 9 1 2 4 8 16 32 64 128 256
1072  646  405 0  67 1 9 1 2 4 8 16 32 64 128 256
1073  144  103 0  45 1 9 1 2 4 8 16 32 64 128 256
1074  412  261 0   4 1 9 1 2 4 8 16 32 64 128 256
1075  713  772 0  97 1 9 1 2 4 8 16 32 64 128 256
1076  213  351 0  24 1 9 1 2 4 8 16 32 64 128 256
1077  988   83 0  67 1 9 1 2 4 8 16 32 64 128 256
1078  486   20 0  24 1 9 1 2 4 8 16 32 64 128 256
1079  936  236 0  75 1 9 1 2 4 8 16 32 64 128 256
1080  472   30 0  49 1 9 1 2 4 8 16 32 64 128 256
1081  809  599 0  14 1 9 1 2 4 8 16 32 64 128 256
1082  796  415 0   6 1 9 1 2 4 8 16 32 64 128 256
1083  154  865 0  34 1 9 1 2 4 8 16 32 64 128 256
1084   62  259 0  25 1 9 1 2 4 8 16 32 64 128 256
1085  220  160 0  65 1 9 1 2 4 8 16 32 64 128 256
1086  166   98 0  35 1 9 1 2 4 8 16 32 64 128 256
1087  905  505 0  74 1 9 1 2 4 8 16 32 64 128 256
1088  743  821 0  52 1 9 1 2 4 8 16 32 64 128 256
1089  681  680 0  77 1 9 1 2 4 8 16 32 64 128 256
1090  263  626 0  25 1 9 1 2 4 8 16 32 64 128 256
1091  665  323 0  85 1 9 1 2 4 8 16 32 64 128 256
1092  478  394 0  51 1 9 1 2 4 8 16 32 64 128 256
1093  211  241 0  72 1 9 1 2 4 8 16 32 64 128 256
1094  460  675 0  20 1 9 1 2 4 8 16 32 64 128 256
1095  377   24 0  31 1 9 1 2 4 8 16 32 64 128 256
1096  164   29 0  57 1 9 1 2 4 8 16 32 64 128 256
1097  328  205 0   5 1 9 1 2 4 8 16 32 64 128 256
1098  258  326 0  80 1 9 1 2 4 8 16 32 64 128 256
1099  825  237 0  84 1 9 1 2 4 8 16 32 64 128 256
1100  442   92 0  85 1 9 1 2 4 8 16 32 64 128 256
1101  769  584 0   1 1 9 1 2 4 8 16 32 64 128 256
1102  843  165 0  41 1 9 1 2 4 8 16 32 64 128 256
1103  664  377 0  15 1 9 1 2 4 8 16 32 64 128 256
1104  963  689 0  30 1 9 1 2 4 8 16 32 64 128 256
1105  849   78 0  75 1 9 1 2 4 8 16 32 64 128 256
1106  246  223 0  14 1 9 1 2 4 8 16 32 64 128 256
1107  412  223 0  19 1 9 1 2 4 8 16 32 64 128 256
1108  820  732 0  14 1 9 1 2 4 8 16 32 64 128 256
1109  750  949 0  16 1 9 1 2 4 8 16 32 64 128 256
1110  558   37 0  63 1 9 1 2 4 8 16 32 64 128 256
1111  167  416 0  30 1 9 1 2 4 8 16 32 64 128 256
1112  259  685 0   3 1 9 1 2 4 8 16 32 64 128 256
1113    3  936 0  76 1 9 1 2 4 8 16 32 64 128 256
1114  931  322 0  28 1 9 1 2 4 8 16 32 64 128 256
1115  866  827 0  30 1 9 1 2 4 8 16 32 64 128 256
1116  618  430 0  19 1 9 1 2 4 8 16 32 64 128 256
1117   86  585 0   2 1 9 1 2 4 8 16 32 64 128 256
1118  523  299 0  66 1 9 1 2 4 8 16 32 64 128 256
1119   50  744 0  13 1 9 1 2 4 8 16 32 64 128 256
1120  337  759 0  90 1 9 1 2 4 8 16 32 64 128 256
1121  648  297 0  53 1 9 1 2 4 8 16 32 64 128 256
1122  434  475 0  29 1 9 1 2 4 8 16 32 64 128 256
1123  638  952 0  58 1 9 1 2 4 8 16 32 64 128 256
1124  712   61 0  55 1 9 1 2 4 8 16 32 64 128 256
1125  380   80 0  30 1 9 1 2 4 8 16 32 64 128 256
1126   80  152 0  38 1 9 1 2 4 8 16 32 64 128 256
1127  214  277 0  56 1 9 1 2 4 8 16 32 64 128 256
1128  989  248 0  26 1 9 1 2 4 8 16 32 64 128 256
1129  166  728 0  15 1 9 1 2 4 8 16 32 64 128 256
1130  467  159 0  35 1 9 1 2 4 8 16 32 64 128 256
1131  325  351 0  43 1 9 1 2 4 8 16 32 64 128 256
1132  484  830 0  21 1 9 1 2 4 8 16 32 64 128 256
1133  150  867 0  15 1 9 1 2 4 8 16 32 64 128 256
1134  131  547 0  66 1 9 1 2 4 8 16 32 64 128 256
1135  113  607 0  71 1 9 1 2 4 8 16 32 64 128 256
1136  862  199 0  72 1 9 1 2 4 8 16 32 64 128 256
1137  689   85 0  75 1 9 1 2 4 8 16 32 64 128 256
1138  333  781 0  58 1 9 1 2 4 8 16 32 64 128 256
1139  884  476 0  82 1 9 1 2 4 8 16 32 64 128 256
1140  147  153 0  50 1 9 1 2 4 8 16 32 64 128 256
1141  123  728 0  30 1 9 1 2 4 8 16 32 64 128 256
1142  149  512 0  75 1 9 1 2 4 8 16 32 64 128 256
1143  985   89 0  50 1 9 1 2 4 8 16 32 64 128 256
1144  228  955 0  10 1 9 1 2 4 8 16 32 64 128 256
1145  125  830 0  55 1 9 1 2 4 8 16 32 64 128 256
1146  291  148 0  28 1 9 1 2 4 8 16 32 64 128 256
1147  634  252 0  29 1 9 1 2 4 8 16 32 64 128 256
1148  795  948 0   8 1 9 1 2 4 8 16 32 64 128 256
1149  980  594 0  55 1 9 1 2 4 8 16 32 64 128 256
1150  413  914 0  29 1 9 1 2 4 8 16 32 64 128 256
1151  168   52 0  72 1 9 1 2 4 8 16 32 64 128 256
1152  688  362 0  38 1 9 1 2 4 8 16 32 64 128 256
1153  465   24 0  50 1 9 1 2 4 8 16 32 64 128 256
1154  299  740 0   8 1 9 1 2 4 8 16 32 64 128 256
1155  575  616 0  31 1 9 1 2 4 8 16 32 64 128 256
1156  583  117 0  44 1 9 1 2 4 8 16 32 64 128 256
1157  632  653 0  80 1 9 1 2 4 8 16 32 64 128 256
1158  512  780 0  51 1 9 1 2 4 8 16 32 64 128 256
1159  548  449 0  76 1 9 1 2 4 8 16 32 64 128 256
1160  719  728 0  34 1 9 1 2 4 8 16 32 64 128 256
1161  774  459 0  15 1 9 1 2 4 8 16 32 64 128 256
1162  428  588 0  50 1 9 1 2 4 8 16 32 64 128 256
1163  723  767 0  77 1 9 1 2 4 8 16 32 64 128 256
1164  998  289 0  43 1 9 1 2 4 8 16 32 64 128 256
1165  286  317 0  47 1 9 1 2 4 8 16 32 64 128 256
1166  611  438 0  57 1 9 1 2 4 8 16 32 64 128 256
1167  373  710 0  99 1 9 1 2 4 8 16 32 64 128 256
1168  433   47 0   6 1 9 1 2 4 8 16 32 64 128 256
1169  472  781 0  94 1 9 1 2 4 8 16 32 64 128 256
1170  972  835 0  71 1 9 1 2 4 8 16 32 64 128 256
1171  370  625 0  24 1 9 1 2 4 8 16 32 64 128 256
1172  670  399 0  42 1 9 1 2 4 8 16 32 64 128 256
1173  940  802 0  27 1 9 1 2 4 8 16 32 64 128 256
1174   96  698 0  13 1 9 1 2 4 8 16 32 64 128 256
1175   67  815 0   9 1 9 1 2 4 8 16 32 64 128 256
1176  609  853 0  79 1 9 1 2 4 8 16 32 64 128 256
1177  695  503 0  97 1 9 1 2 4 8 16 32 64 128 256
1178  756  425 0  16 1 9 1 2 4 8 16 32 64 128 256
1179  980  979 0  28 1 9 1 2 4 8 16 32 64 128 256
1180  582  987 0  90 1 9 1 2 4 8 16 32 64 128 256
1181   21  203 0  11 1 9 1 2 4 8 16 32 64 128 256
1182  324  923 0  94 1 9 1 2 4 8 16 32 64 128 256
1183  918  552 0 100 1 9 1 2 4 8 16 32 64 128 256
1184  247  953 0   2 1 9 1 2 4 8 16 32 64 128 256
1185  905  329 0  65 1 9 1 2 4 8 16 32 64 128 256
1186  160  656 0  23 1 9 1 2 4 8 16 32 64 128 256
1187  835  532 0  81 1 9 1 2 4 8 16 32 64 128 256
1188   24  989 0  69 1 9 1 2 4 8 16 32 64 128 256
1189  655  279 0  73 1 9 1 2 4 8 16 32 64 128 256
1190   41  610 0  48 1 9 1 2 4 8 16 32 64 128 256
1191  950  683 0  53 1 9 1 2 4 8 16 32 64 128 256
1192  610  287 0   4 1 9 1 2 4 8 16 32 64 128 256
1193  186  642 0  58 1 9 1 2 4 8 16 32 64 128 256
1194  879  425 0  67 1 9 1 2 4 8 16 32 64 128 256
1195  514   16 0  99 1 9 1 2 4 8 16 32 64 128 256
1196  549  925 0  75 1 9 1 2 4 8 16 32 64 128 256
1197   95  210 0  82 1 9 1 2 4 8 16 32 64 128 256
1198  536  994 0   2 1 9 1 2 4 8 16 32 64 128 256
1199  782   81 0  68 1 9 1 2 4 8 16 32 64 128 256
1200  142  365 0  86 1 9 1 2 4 8 16 32 64 128 256
1201  981  680 0  16 1 9 1 2 4 8 16 32 64 128 256
1202  502  623 0   5 1 9 1 2 4 8 16 32 64 128 256
1203  237  214 0  41 1 9 1 2 4 8 16 32 64 128 256
1204  654  552 0  19 1 9 1 2 4 8 16 32 64 128 256
1205  324  907 0  96 1 9 1 2 4 8 16 32 64 128 256
1206  471  693 0  70 1 9 1 2 4 8 16 32 64 128 256
1207  203  485 0  24 1 9 1 2 4 8 16 32 64 128 256
1208  336  146 0  84 1 9 1 2 4 8 16 32 64 128 256
1209  661  464 0  15 1 9 1 2 4 8 16 32 64 128 256
1210  950  764 0  29 1 9 1 2 4 8 16 32 64 128 256
1211  352  106 0   6 1 9 1 2 4 8 16 32 64 128 256
1212  694  866 0  87 1 9 1 2 4 8 16 32 64 128 256
1213  732  193 0  25 1 9 1 2 4 8 16 32 64 128 256
1214  148  720 0   9 1 9 1 2 4 8 16 32 64 128 256
1215  118  646 0  13 1 9 1 2 4 8 16 32 64 128 256
1216  868  656 0  93 1 9 1 2 4 8 16 32 64 128 256
1217  992  939 0  13 1 9 1 2 4 8 16 32 64 128 256
1218  566  818 0 100 1 9 1 2 4 8 16 32 64 128 256
1219  681  876 0   6 1 9 1 2 4 8 16 32 64 128 256
1220   49  102 0  77 1 9 1 2 4 8 16 32 64 128 256
1221   64  496 0  44 1 9 1 2 4 8 16 32 64 128 256
1222  707  772 0  96 1 9 1 2 4 8 16 32 64 128 256
1223  273  760 0  67 1 9 1 2 4 8 16 32 64 128 256
1224   45  352 0  50 1 9 1 2 4 8 16 32 64 128 256
1225  488  740 0  37 1 9 1 2 4 8 16 32 64 128 256
1226  622  216 0  81 1 9 1 2 4 8 16 32 64 128 256
1227   75  192 0  78 1 9 1 2 4 8 16 32 64 128 256
1228   90  284 0  62 1 9 1 2 4 8 16 32 64 128 256
1229  844  971 0   8 1 9 1 2 4 8 16 32 64 128 256
1230    2  534 0  92 1 9 1 2 4 8 16 32 64 128 256
1231  736  317 0  78 1 9 1 2 4 8 16 32 64 128 256
1232  592  716 0  42 1 9 1 2 4 8 16 32 64 128 256
1233  354  516 0  81 1 9 1 2 4 8 16 32 64 128 256
1234  611  810 0  77 1 9 1 2 4 8 16 32 64 128 256
1235   17  724 0  10 1 9 1 2 4 8 16 32 64 128 256
1236  566  361 0  56 1 9 1 2 4 8 16 32 64 128 256
1237    0  725 0  79 1 9 1 2 4 8 16 32 64 128 256
1238  738  230 0  38 1 9 1 2 4 8 16 32 64 128 256
1239  996  356 0  22 1 9 1 2 4 8 16 32 64 128 256
1240  325  951 0  63 1 9 1 2 4 8 16 32 64 128 256
1241  168    1 0  98 1 9 1 2 4 8 16 32 64 128 256
1242  999  579 0  70 1 9 1 2 4 8 16 32 64 128 256
1243  269  488 0  94 1 9 1 2 4 8 16 32 64 128 256
1244  279  591 0   5 1 9 1 2 4 8 16 32 64 128 256
1245   91  130 0  23 1 9 1 2 4 8 16 32 64 128 256
1246  704  352 0  60 1 9 1 2 4 8 16 32 64 128 256
1247  824  889 0  35 1 9 1 2 4 8 16 32 64 128 256
1248  875  385 0  28 1 9 1 2 4 8 16 32 64 128 256
1249  482  329 0   9 1 9 1 2 4 8 16 32 64 128 256
1250  867  126 0  17 1 9 1 2 4 8 16 32 64 128 256
1251  695    7 0  84 1 9 1 2 4 8 16 32 64 128 256
1252  845  652 0  27 1 9 1 2 4 8 16 32 64 128 256
1253  571  523 0  90 1 9 1 2 4 8 16 32 64 128 256
1254  360  885 0  44 1 9 1 2 4 8 16 32 64 128 256
1255   32  932 0  87 1 9 1 2 4 8 16 32 64 128 256
1256   64  962 0  12 1 9 1 2 4 8 16 32 64 128 256
1257  355  282 0  36 1 9 1 2 4 8 16 32 64 128 256
1258  600  829 0  25 1 9 1 2 4 8 16 32 64 128 256
1259  429  337 0  93 1 9 1 2 4 8 16 32 64 128 256
1260  473  608 0  69 1 9 1 2 4 8 16 32 64 128 256
1261  830  364 0  40 1 9 1 2 4 8 16 32 64 128 256
1262  868  574 0  25 1 9 1 2 4 8 16 32 64 128 256
1263  507    0 0  88 1 9 1 2 4 8 16 32 64 128 256
1264  659  483 0  71 1 9 1 2 4 8 16 32 64 128 256
1265  984  405 0  97 1 9 1 2 4 8 16 32 64 128 256
1266  664  270 0  69 1 9 1 2 4 8 16 32 64 128 256
1267  920  381 0  38 1 9 1 2 4 8 16 32 64 128 256
1268  389  908 0  79 1 9 1 2 4 8 16 32 64 128 256
1269  225   15 0  89 1 9 1 2 4 8 16 32 64 128 256
1270  894   67 0  34 1 9 1 2 4 8 16 32 64 128 256
1271  158  606 0   8 1 9 1 2 4 8 16 32 64 128 256
1272  710   10 0  16 1 9 1 2 4 8 16 32 64 128 256
1273  513  824 0  36 1 9 1 2 4 8 16 32 64 128 256
1274  101  349 0  83 1 9 1 2 4 8 16 32 64 128 256
1275  738  852 0   6 1 9 1 2 4 8 16 32 64 128 256
1276   46  999 0  44 1 9 1 2 4 8 16 32 64 128 256
1277  581  516 0  73 1 9 1 2 4 8 16 32 64 128 256
1278   30  628 0  84 1 9 1 2 4 8 16 32 64 128 256
1279  857  861 0  20 1 9 1 2 4 8 16 32 64 128 256
1280  235  707 0  44 1 9 1 2 4 8 16 32 64 128 256
1281  336  349 0  65 1 9 1 2 4 8 16 32 64 128 256
1282  278  757 0  68 1 9 1 2 4 8 16 32 64 128 256
1283  983   84 0  97 1 9 1 2 4 8 16 32 64 128 256
1284  328  720 0  78 1 9 1 2 4 8 16 32 64 128 256
1285  982   11 0  52 1 9 1 2 4 8 16 32 64 128 256
1286  988  633 0  14 1 9 1 2 4 8 16 32 64 128 256
1287  628  307 0  91 1 9 1 2 4 8 16 32 64 128 256
1288  391  992 0  56 1 9 1 2 4 8 16 32 64 128 256
1289  145  169 0  32 1 9 1 2 4 8 16 32 64 128 256
1290  410  758 0  16 1 9 1 2 4 8 16 32 64 128 256
1291   36  618 0  51 1 9 1 2 4 8 16 32 64 128 256
1292  201   17 0  81 1 9 1 2 4 8 16 32 64 128 256
1293  936  965 0  51 1 9 1 2 4 8 16 32 64 128 256
1294  569  503 0  76 1 9 1 2 4 8 16 32 64 128 256
1295  957  249 0  73 1 9 1 2 4 8 16 32 64 128 256
1296   23  293 0  96 1 9 1 2 4 8 16 32 64 128 256
1297  593  978 0  95 1 9 1 2 4 8 16 32 64 128 256
1298    2  817 0   4 1 9 1 2 4 8 16 32 64 128 256
1299  802   37 0  90 1 9 1 2 4 8 16 32 64 128 256
1300  788  630 0  78 1 9 1 2 4 8 16 32 64 128 256
1301  322  159 0   4 1 9 1 2 4 8 16 32 64 128 256
1302  847  374 0  54 1 9 1 2 4 8 16 32 64 128 256
1303  868  329 0  72 1 9 1 2 4 8 16 32 64 128 256
1304  292  123 0  42 1 9 1 2 4 8 16 32 64 128 256
1305  583  230 0  78 1 9 1 2 4 8 16 32 64 128 256
1306  383  196 0  38 1 9 1 2 4 8 16 32 64 128 256
1307  447  816 0  85 1 9 1 2 4 8 16 32 64 128 256
1308  474  672 0   0 0 0
1309  883  604 0   0 0 0
1310  763  307 0   0 0 0
1311  896  806 0   0 0 0
1312  773  388 0   0 0 0
1313  194  433 0   0 0 0
1314  248  921 0   0 0 0
1315  343  910 0   0 0 0
1316  839  910 0   0 0 0
