2 194 1313 7
0 247
0 247
0 247
0 247
0 247
0 247
0 247
   1 438 129 0  55 1 7 1 2 4 8 16 32 64
   2  65 627 0  40 1 7 1 2 4 8 16 32 64
   3 737 369 0  20 1 7 1 2 4 8 16 32 64
   4  95 369 0  94 1 7 1 2 4 8 16 32 64
   5 971 363 0  10 1 7 1 2 4 8 16 32 64
   6 168 565 0  23 1 7 1 2 4 8 16 32 64
   7 429 823 0  12 1 7 1 2 4 8 16 32 64
   8  52 904 0  88 1 7 1 2 4 8 16 32 64
   9 201 854 0  45 1 7 1 2 4 8 16 32 64
  10 504 564 0  31 1 7 1 2 4 8 16 32 64
  11 283 207 0  20 1 7 1 2 4 8 16 32 64
  12 993 739 0  63 1 7 1 2 4 8 16 32 64
  13 580 134 0  98 1 7 1 2 4 8 16 32 64
  14 432 358 0  81 1 7 1 2 4 8 16 32 64
  15 424 757 0  26 1 7 1 2 4 8 16 32 64
  16 694  76 0  59 1 7 1 2 4 8 16 32 64
  17 264 167 0   2 1 7 1 2 4 8 16 32 64
  18 456 388 0  81 1 7 1 2 4 8 16 32 64
  19 174 794 0  30 1 7 1 2 4 8 16 32 64
  20 731 502 0  18 1 7 1 2 4 8 16 32 64
  21 480 434 0  64 1 7 1 2 4 8 16 32 64
  22 743 333 0 100 1 7 1 2 4 8 16 32 64
  23 106 108 0   1 1 7 1 2 4 8 16 32 64
  24 929 897 0  12 1 7 1 2 4 8 16 32 64
  25 188 539 0  82 1 7 1 2 4 8 16 32 64
  26 416 203 0  69 1 7 1 2 4 8 16 32 64
  27 912 722 0  54 1 7 1 2 4 8 16 32 64
  28 768 489 0  17 1 7 1 2 4 8 16 32 64
  29  70 966 0  50 1 7 1 2 4 8 16 32 64
  30 349 919 0  26 1 7 1 2 4 8 16 32 64
  31 563  88 0  83 1 7 1 2 4 8 16 32 64
  32 637 173 0  35 1 7 1 2 4 8 16 32 64
  33 351 527 0  10 1 7 1 2 4 8 16 32 64
  34 639 145 0  68 1 7 1 2 4 8 16 32 64
  35 459 515 0  86 1 7 1 2 4 8 16 32 64
  36 473 418 0  58 1 7 1 2 4 8 16 32 64
  37 277 246 0  76 1 7 1 2 4 8 16 32 64
  38 809 922 0   2 1 7 1 2 4 8 16 32 64
  39 360 669 0  27 1 7 1 2 4 8 16 32 64
  40 576 472 0  43 1 7 1 2 4 8 16 32 64
  41  61 167 0  81 1 7 1 2 4 8 16 32 64
  42 409 667 0  60 1 7 1 2 4 8 16 32 64
  43 729 245 0  53 1 7 1 2 4 8 16 32 64
  44 957 773 0  14 1 7 1 2 4 8 16 32 64
  45  61 303 0  67 1 7 1 2 4 8 16 32 64
  46 163 985 0  47 1 7 1 2 4 8 16 32 64
  47 256 122 0  90 1 7 1 2 4 8 16 32 64
  48 682 663 0  19 1 7 1 2 4 8 16 32 64
  49 880 246 0  70 1 7 1 2 4 8 16 32 64
  50 665 847 0  86 1 7 1 2 4 8 16 32 64
  51 643 442 0  16 1 7 1 2 4 8 16 32 64
  52 515 147 0  21 1 7 1 2 4 8 16 32 64
  53 542 492 0  68 1 7 1 2 4 8 16 32 64
  54 242 223 0  14 1 7 1 2 4 8 16 32 64
  55 595 503 0   8 1 7 1 2 4 8 16 32 64
  56 820 317 0  60 1 7 1 2 4 8 16 32 64
  57 198 548 0  90 1 7 1 2 4 8 16 32 64
  58 436 635 0  98 1 7 1 2 4 8 16 32 64
  59 274 824 0  81 1 7 1 2 4 8 16 32 64
  60 658 460 0  79 1 7 1 2 4 8 16 32 64
  61 247 442 0   4 1 7 1 2 4 8 16 32 64
  62 728   0 0  60 1 7 1 2 4 8 16 32 64
  63 492 807 0  31 1 7 1 2 4 8 16 32 64
  64 131 188 0  45 1 7 1 2 4 8 16 32 64
  65 712  96 0  56 1 7 1 2 4 8 16 32 64
  66  56 551 0  89 1 7 1 2 4 8 16 32 64
  67 733 594 0  17 1 7 1 2 4 8 16 32 64
  68 151 645 0  86 1 7 1 2 4 8 16 32 64
  69 376 687 0  25 1 7 1 2 4 8 16 32 64
  70 323 225 0  24 1 7 1 2 4 8 16 32 64
  71 754 464 0  35 1 7 1 2 4 8 16 32 64
  72 615   4 0  36 1 7 1 2 4 8 16 32 64
  73  37 231 0  71 1 7 1 2 4 8 16 32 64
  74 176 747 0  36 1 7 1 2 4 8 16 32 64
  75  12 928 0  83 1 7 1 2 4 8 16 32 64
  76 483 842 0  52 1 7 1 2 4 8 16 32 64
  77 882 209 0  79 1 7 1 2 4 8 16 32 64
  78 528 825 0  66 1 7 1 2 4 8 16 32 64
  79 982 829 0  28 1 7 1 2 4 8 16 32 64
  80  89  42 0  93 1 7 1 2 4 8 16 32 64
  81 888 415 0  53 1 7 1 2 4 8 16 32 64
  82 657 718 0  25 1 7 1 2 4 8 16 32 64
  83 764  99 0  45 1 7 1 2 4 8 16 32 64
  84  45 980 0   1 1 7 1 2 4 8 16 32 64
  85 533 694 0  95 1 7 1 2 4 8 16 32 64
  86 829 194 0  85 1 7 1 2 4 8 16 32 64
  87 809 406 0  31 1 7 1 2 4 8 16 32 64
  88 318 706 0  47 1 7 1 2 4 8 16 32 64
  89 997 942 0  56 1 7 1 2 4 8 16 32 64
  90 423 693 0  64 1 7 1 2 4 8 16 32 64
  91 482 376 0  46 1 7 1 2 4 8 16 32 64
  92 320 619 0   5 1 7 1 2 4 8 16 32 64
  93 625 846 0  56 1 7 1 2 4 8 16 32 64
  94 521  15 0  45 1 7 1 2 4 8 16 32 64
  95 368 498 0  12 1 7 1 2 4 8 16 32 64
  96 885 115 0  67 1 7 1 2 4 8 16 32 64
  97 493 654 0  62 1 7 1 2 4 8 16 32 64
  98 779 998 0  50 1 7 1 2 4 8 16 32 64
  99 628 151 0  14 1 7 1 2 4 8 16 32 64
 100 497 901 0  20 1 7 1 2 4 8 16 32 64
 101 716 317 0  83 1 7 1 2 4 8 16 32 64
 102 776 353 0  58 1 7 1 2 4 8 16 32 64
 103 363 104 0  10 1 7 1 2 4 8 16 32 64
 104 825 189 0   1 1 7 1 2 4 8 16 32 64
 105 687 802 0   8 1 7 1 2 4 8 16 32 64
 106 297 448 0  44 1 7 1 2 4 8 16 32 64
 107 467 344 0  65 1 7 1 2 4 8 16 32 64
 108 728 341 0  52 1 7 1 2 4 8 16 32 64
 109 441 528 0  61 1 7 1 2 4 8 16 32 64
 110 598 641 0  53 1 7 1 2 4 8 16 32 64
 111 680 439 0  36 1 7 1 2 4 8 16 32 64
 112  29 965 0  75 1 7 1 2 4 8 16 32 64
 113 443 886 0  11 1 7 1 2 4 8 16 32 64
 114  58 665 0  44 1 7 1 2 4 8 16 32 64
 115 993 315 0 100 1 7 1 2 4 8 16 32 64
 116 279   3 0  55 1 7 1 2 4 8 16 32 64
 117 753 996 0   2 1 7 1 2 4 8 16 32 64
 118 628 639 0  29 1 7 1 2 4 8 16 32 64
 119  61 240 0   2 1 7 1 2 4 8 16 32 64
 120 587 417 0  85 1 7 1 2 4 8 16 32 64
 121 485 533 0  21 1 7 1 2 4 8 16 32 64
 122 439 621 0  24 1 7 1 2 4 8 16 32 64
 123 401 152 0   4 1 7 1 2 4 8 16 32 64
 124 873 404 0  60 1 7 1 2 4 8 16 32 64
 125 563 854 0  98 1 7 1 2 4 8 16 32 64
 126 172 637 0  34 1 7 1 2 4 8 16 32 64
 127 878 632 0  28 1 7 1 2 4 8 16 32 64
 128 443 617 0  60 1 7 1 2 4 8 16 32 64
 129 228 617 0  47 1 7 1 2 4 8 16 32 64
 130 287 926 0  11 1 7 1 2 4 8 16 32 64
 131 541 263 0  75 1 7 1 2 4 8 16 32 64
 132 253 311 0   6 1 7 1 2 4 8 16 32 64
 133  35 949 0  60 1 7 1 2 4 8 16 32 64
 134 647 475 0  64 1 7 1 2 4 8 16 32 64
 135 255  36 0   3 1 7 1 2 4 8 16 32 64
 136 756 153 0  49 1 7 1 2 4 8 16 32 64
 137 904 790 0  55 1 7 1 2 4 8 16 32 64
 138 487 285 0  18 1 7 1 2 4 8 16 32 64
 139 776 982 0  93 1 7 1 2 4 8 16 32 64
 140 233  52 0  26 1 7 1 2 4 8 16 32 64
 141 634 376 0  10 1 7 1 2 4 8 16 32 64
 142 393 966 0  11 1 7 1 2 4 8 16 32 64
 143 244 725 0  22 1 7 1 2 4 8 16 32 64
 144 811 228 0  31 1 7 1 2 4 8 16 32 64
 145 710 349 0  79 1 7 1 2 4 8 16 32 64
 146 863 300 0  97 1 7 1 2 4 8 16 32 64
 147 100 822 0  11 1 7 1 2 4 8 16 32 64
 148 254 812 0  37 1 7 1 2 4 8 16 32 64
 149 108 891 0  24 1 7 1 2 4 8 16 32 64
 150 243 886 0  36 1 7 1 2 4 8 16 32 64
 151  96  29 0  59 1 7 1 2 4 8 16 32 64
 152 132 619 0  28 1 7 1 2 4 8 16 32 64
 153 175 903 0  64 1 7 1 2 4 8 16 32 64
 154 359   8 0  74 1 7 1 2 4 8 16 32 64
 155 434  70 0  53 1 7 1 2 4 8 16 32 64
 156 541 389 0  72 1 7 1 2 4 8 16 32 64
 157 133 125 0  78 1 7 1 2 4 8 16 32 64
 158 140 311 0  41 1 7 1 2 4 8 16 32 64
 159 705 921 0  76 1 7 1 2 4 8 16 32 64
 160 612 472 0  71 1 7 1 2 4 8 16 32 64
 161 993 650 0  56 1 7 1 2 4 8 16 32 64
 162 837 218 0  41 1 7 1 2 4 8 16 32 64
 163 558 391 0  69 1 7 1 2 4 8 16 32 64
 164 704 518 0  29 1 7 1 2 4 8 16 32 64
 165 419 429 0  93 1 7 1 2 4 8 16 32 64
 166 333 524 0  51 1 7 1 2 4 8 16 32 64
 167 896  32 0  30 1 7 1 2 4 8 16 32 64
 168 361 554 0  22 1 7 1 2 4 8 16 32 64
 169 830 467 0   7 1 7 1 2 4 8 16 32 64
 170 823 861 0  87 1 7 1 2 4 8 16 32 64
 171 647 907 0  19 1 7 1 2 4 8 16 32 64
 172 471 383 0  15 1 7 1 2 4 8 16 32 64
 173  12 478 0  80 1 7 1 2 4 8 16 32 64
 174 155 100 0   8 1 7 1 2 4 8 16 32 64
 175  15 330 0  76 1 7 1 2 4 8 16 32 64
 176 410 183 0  93 1 7 1 2 4 8 16 32 64
 177 961 394 0  71 1 7 1 2 4 8 16 32 64
 178 939 495 0  46 1 7 1 2 4 8 16 32 64
 179 177 557 0  53 1 7 1 2 4 8 16 32 64
 180 188 783 0  99 1 7 1 2 4 8 16 32 64
 181 518 676 0  52 1 7 1 2 4 8 16 32 64
 182 541 754 0  20 1 7 1 2 4 8 16 32 64
 183 224 228 0  92 1 7 1 2 4 8 16 32 64
 184 567  66 0  99 1 7 1 2 4 8 16 32 64
 185 775 775 0  76 1 7 1 2 4 8 16 32 64
 186 711 148 0  48 1 7 1 2 4 8 16 32 64
 187 179 624 0  36 1 7 1 2 4 8 16 32 64
 188  46 737 0  34 1 7 1 2 4 8 16 32 64
 189 732 603 0  57 1 7 1 2 4 8 16 32 64
 190 215 316 0   6 1 7 1 2 4 8 16 32 64
 191 142 648 0  24 1 7 1 2 4 8 16 32 64
 192 738 259 0  97 1 7 1 2 4 8 16 32 64
 193 338 564 0   2 1 7 1 2 4 8 16 32 64
 194 170  60 0  89 1 7 1 2 4 8 16 32 64
 195 299 468 0  34 1 7 1 2 4 8 16 32 64
 196  60 498 0  32 1 7 1 2 4 8 16 32 64
 197 858  11 0  95 1 7 1 2 4 8 16 32 64
 198 916 693 0  98 1 7 1 2 4 8 16 32 64
 199 747 894 0   7 1 7 1 2 4 8 16 32 64
 200 647 325 0  25 1 7 1 2 4 8 16 32 64
 201 704 567 0  91 1 7 1 2 4 8 16 32 64
 202   9 719 0  36 1 7 1 2 4 8 16 32 64
 203 282 228 0  10 1 7 1 2 4 8 16 32 64
 204 209 162 0  32 1 7 1 2 4 8 16 32 64
 205 823 260 0   1 1 7 1 2 4 8 16 32 64
 206 986 144 0  55 1 7 1 2 4 8 16 32 64
 207 169 766 0  71 1 7 1 2 4 8 16 32 64
 208 405 617 0  49 1 7 1 2 4 8 16 32 64
 209 705 139 0  13 1 7 1 2 4 8 16 32 64
 210 205 916 0  42 1 7 1 2 4 8 16 32 64
 211 428 518 0   1 1 7 1 2 4 8 16 32 64
 212 679 425 0  40 1 7 1 2 4 8 16 32 64
 213 502 834 0  88 1 7 1 2 4 8 16 32 64
 214 418 441 0  95 1 7 1 2 4 8 16 32 64
 215 321 459 0  31 1 7 1 2 4 8 16 32 64
 216 527 219 0  62 1 7 1 2 4 8 16 32 64
 217 378 738 0  76 1 7 1 2 4 8 16 32 64
 218 987 844 0  30 1 7 1 2 4 8 16 32 64
 219 416 900 0  14 1 7 1 2 4 8 16 32 64
 220 650 683 0  88 1 7 1 2 4 8 16 32 64
 221 514 550 0  40 1 7 1 2 4 8 16 32 64
 222 285  68 0   9 1 7 1 2 4 8 16 32 64
 223 294 929 0  70 1 7 1 2 4 8 16 32 64
 224 625 768 0  54 1 7 1 2 4 8 16 32 64
 225 133 827 0  72 1 7 1 2 4 8 16 32 64
 226 850 545 0  28 1 7 1 2 4 8 16 32 64
 227 743 578 0  12 1 7 1 2 4 8 16 32 64
 228 616 780 0  84 1 7 1 2 4 8 16 32 64
 229 908 753 0  91 1 7 1 2 4 8 16 32 64
 230 219 952 0  96 1 7 1 2 4 8 16 32 64
 231 862 124 0  62 1 7 1 2 4 8 16 32 64
 232 793  45 0  62 1 7 1 2 4 8 16 32 64
 233  71 811 0   1 1 7 1 2 4 8 16 32 64
 234 363 631 0  40 1 7 1 2 4 8 16 32 64
 235 178 383 0  10 1 7 1 2 4 8 16 32 64
 236 603 373 0  62 1 7 1 2 4 8 16 32 64
 237  21 606 0  48 1 7 1 2 4 8 16 32 64
 238 800 737 0  93 1 7 1 2 4 8 16 32 64
 239 258 432 0  36 1 7 1 2 4 8 16 32 64
 240 390 255 0  78 1 7 1 2 4 8 16 32 64
 241 433 683 0  71 1 7 1 2 4 8 16 32 64
 242 221 897 0  55 1 7 1 2 4 8 16 32 64
 243  91 366 0  55 1 7 1 2 4 8 16 32 64
 244 883 597 0  17 1 7 1 2 4 8 16 32 64
 245 926 933 0  76 1 7 1 2 4 8 16 32 64
 246 904 918 0  50 1 7 1 2 4 8 16 32 64
 247 200 319 0  83 1 7 1 2 4 8 16 32 64
 248 389 858 0  95 1 7 1 2 4 8 16 32 64
 249 346 817 0  40 1 7 1 2 4 8 16 32 64
 250 288 451 0  83 1 7 1 2 4 8 16 32 64
 251 434 301 0  91 1 7 1 2 4 8 16 32 64
 252 834 182 0  14 1 7 1 2 4 8 16 32 64
 253 481 986 0  17 1 7 1 2 4 8 16 32 64
 254 995 781 0  74 1 7 1 2 4 8 16 32 64
 255 472 398 0  73 1 7 1 2 4 8 16 32 64
 256 327 298 0   1 1 7 1 2 4 8 16 32 64
 257 200 474 0  50 1 7 1 2 4 8 16 32 64
 258 654  54 0   1 1 7 1 2 4 8 16 32 64
 259 564  90 0  58 1 7 1 2 4 8 16 32 64
 260 662 184 0   7 1 7 1 2 4 8 16 32 64
 261 357 801 0  29 1 7 1 2 4 8 16 32 64
 262 406  82 0  28 1 7 1 2 4 8 16 32 64
 263 547  20 0  40 1 7 1 2 4 8 16 32 64
 264 512 340 0  48 1 7 1 2 4 8 16 32 64
 265 170 772 0  71 1 7 1 2 4 8 16 32 64
 266 938 796 0  90 1 7 1 2 4 8 16 32 64
 267 335 900 0  26 1 7 1 2 4 8 16 32 64
 268 222 949 0  45 1 7 1 2 4 8 16 32 64
 269 352 281 0   7 1 7 1 2 4 8 16 32 64
 270 877 675 0  67 1 7 1 2 4 8 16 32 64
 271 342 642 0  14 1 7 1 2 4 8 16 32 64
 272 611 334 0  64 1 7 1 2 4 8 16 32 64
 273 799 209 0  33 1 7 1 2 4 8 16 32 64
 274 479 581 0  86 1 7 1 2 4 8 16 32 64
 275 125 791 0  43 1 7 1 2 4 8 16 32 64
 276 836 789 0  55 1 7 1 2 4 8 16 32 64
 277 395 999 0  51 1 7 1 2 4 8 16 32 64
 278 585  96 0  69 1 7 1 2 4 8 16 32 64
 279 340 249 0  60 1 7 1 2 4 8 16 32 64
 280 463 894 0  36 1 7 1 2 4 8 16 32 64
 281 785 692 0  33 1 7 1 2 4 8 16 32 64
 282 501 312 0  10 1 7 1 2 4 8 16 32 64
 283 470 107 0  90 1 7 1 2 4 8 16 32 64
 284 589 772 0   1 1 7 1 2 4 8 16 32 64
 285 841 632 0  69 1 7 1 2 4 8 16 32 64
 286 150 395 0  36 1 7 1 2 4 8 16 32 64
 287 376 117 0  39 1 7 1 2 4 8 16 32 64
 288  67 932 0  51 1 7 1 2 4 8 16 32 64
 289 907 360 0  92 1 7 1 2 4 8 16 32 64
 290 704 918 0  67 1 7 1 2 4 8 16 32 64
 291 930 635 0  26 1 7 1 2 4 8 16 32 64
 292 658 767 0  39 1 7 1 2 4 8 16 32 64
 293 805 617 0  12 1 7 1 2 4 8 16 32 64
 294 573  50 0  30 1 7 1 2 4 8 16 32 64
 295 638 686 0  82 1 7 1 2 4 8 16 32 64
 296 506 947 0  29 1 7 1 2 4 8 16 32 64
 297 172 435 0   6 1 7 1 2 4 8 16 32 64
 298 499 788 0  61 1 7 1 2 4 8 16 32 64
 299 848 333 0  77 1 7 1 2 4 8 16 32 64
 300 711 399 0   4 1 7 1 2 4 8 16 32 64
 301 239 931 0  59 1 7 1 2 4 8 16 32 64
 302 268 876 0  47 1 7 1 2 4 8 16 32 64
 303 495 264 0  27 1 7 1 2 4 8 16 32 64
 304 541 170 0  63 1 7 1 2 4 8 16 32 64
 305 181 258 0  18 1 7 1 2 4 8 16 32 64
 306 235 577 0  34 1 7 1 2 4 8 16 32 64
 307 182 466 0  59 1 7 1 2 4 8 16 32 64
 308 710 546 0  20 1 7 1 2 4 8 16 32 64
 309 410   2 0  98 1 7 1 2 4 8 16 32 64
 310 564 306 0   6 1 7 1 2 4 8 16 32 64
 311 568 124 0  18 1 7 1 2 4 8 16 32 64
 312  19 382 0  51 1 7 1 2 4 8 16 32 64
 313 242 495 0   1 1 7 1 2 4 8 16 32 64
 314 883  25 0  52 1 7 1 2 4 8 16 32 64
 315 492 514 0  31 1 7 1 2 4 8 16 32 64
 316 354 815 0  13 1 7 1 2 4 8 16 32 64
 317 495 629 0  71 1 7 1 2 4 8 16 32 64
 318 194 447 0  22 1 7 1 2 4 8 16 32 64
 319 709 291 0  84 1 7 1 2 4 8 16 32 64
 320 555 279 0  54 1 7 1 2 4 8 16 32 64
 321 151 296 0  95 1 7 1 2 4 8 16 32 64
 322 632 131 0 100 1 7 1 2 4 8 16 32 64
 323 419 852 0  34 1 7 1 2 4 8 16 32 64
 324  75 313 0  65 1 7 1 2 4 8 16 32 64
 325 491 509 0  29 1 7 1 2 4 8 16 32 64
 326 573 207 0  62 1 7 1 2 4 8 16 32 64
 327 347 496 0   1 1 7 1 2 4 8 16 32 64
 328 709 398 0  65 1 7 1 2 4 8 16 32 64
 329 271 604 0  30 1 7 1 2 4 8 16 32 64
 330 355 948 0  71 1 7 1 2 4 8 16 32 64
 331   2 439 0  21 1 7 1 2 4 8 16 32 64
 332 338 184 0  12 1 7 1 2 4 8 16 32 64
 333 244  66 0   6 1 7 1 2 4 8 16 32 64
 334 419 230 0  83 1 7 1 2 4 8 16 32 64
 335 131   1 0  95 1 7 1 2 4 8 16 32 64
 336 488 989 0  83 1 7 1 2 4 8 16 32 64
 337 140 477 0  61 1 7 1 2 4 8 16 32 64
 338 975 950 0  63 1 7 1 2 4 8 16 32 64
 339 484 330 0  87 1 7 1 2 4 8 16 32 64
 340 418 330 0  99 1 7 1 2 4 8 16 32 64
 341 143 448 0  57 1 7 1 2 4 8 16 32 64
 342 501 265 0  58 1 7 1 2 4 8 16 32 64
 343 525 939 0  50 1 7 1 2 4 8 16 32 64
 344 773 536 0  91 1 7 1 2 4 8 16 32 64
 345 783 802 0   4 1 7 1 2 4 8 16 32 64
 346 411  22 0  28 1 7 1 2 4 8 16 32 64
 347 415 179 0  99 1 7 1 2 4 8 16 32 64
 348 424 291 0  75 1 7 1 2 4 8 16 32 64
 349 487 359 0  76 1 7 1 2 4 8 16 32 64
 350 891 837 0  67 1 7 1 2 4 8 16 32 64
 351 789 626 0  13 1 7 1 2 4 8 16 32 64
 352 894 265 0  85 1 7 1 2 4 8 16 32 64
 353 303 751 0  36 1 7 1 2 4 8 16 32 64
 354 926 302 0  53 1 7 1 2 4 8 16 32 64
 355 459 934 0  37 1 7 1 2 4 8 16 32 64
 356 291 829 0  52 1 7 1 2 4 8 16 32 64
 357 257 384 0   5 1 7 1 2 4 8 16 32 64
 358 185 306 0  23 1 7 1 2 4 8 16 32 64
 359 948 198 0  42 1 7 1 2 4 8 16 32 64
 360 917 509 0  97 1 7 1 2 4 8 16 32 64
 361 537 851 0  35 1 7 1 2 4 8 16 32 64
 362 645 675 0  82 1 7 1 2 4 8 16 32 64
 363 549  73 0   6 1 7 1 2 4 8 16 32 64
 364 411 670 0  48 1 7 1 2 4 8 16 32 64
 365 493 210 0  63 1 7 1 2 4 8 16 32 64
 366 749 688 0  54 1 7 1 2 4 8 16 32 64
 367 950 625 0  62 1 7 1 2 4 8 16 32 64
 368  48 840 0  50 1 7 1 2 4 8 16 32 64
 369 274  62 0  38 1 7 1 2 4 8 16 32 64
 370 502 631 0  89 1 7 1 2 4 8 16 32 64
 371 801 378 0  34 1 7 1 2 4 8 16 32 64
 372 658 586 0  30 1 7 1 2 4 8 16 32 64
 373 446 392 0  43 1 7 1 2 4 8 16 32 64
 374 875 807 0   6 1 7 1 2 4 8 16 32 64
 375 569 945 0   5 1 7 1 2 4 8 16 32 64
 376 294 507 0  63 1 7 1 2 4 8 16 32 64
 377 675 205 0  95 1 7 1 2 4 8 16 32 64
 378 360   6 0  65 1 7 1 2 4 8 16 32 64
 379 853 435 0  95 1 7 1 2 4 8 16 32 64
 380 920 750 0  80 1 7 1 2 4 8 16 32 64
 381 234 345 0  39 1 7 1 2 4 8 16 32 64
 382 874 814 0  10 1 7 1 2 4 8 16 32 64
 383 824  38 0  53 1 7 1 2 4 8 16 32 64
 384 711  60 0  32 1 7 1 2 4 8 16 32 64
 385 265 564 0  34 1 7 1 2 4 8 16 32 64
 386 148 109 0  87 1 7 1 2 4 8 16 32 64
 387 804 370 0  24 1 7 1 2 4 8 16 32 64
 388 459 495 0  77 1 7 1 2 4 8 16 32 64
 389  88 553 0  53 1 7 1 2 4 8 16 32 64
 390 254 284 0  49 1 7 1 2 4 8 16 32 64
 391  66 172 0  53 1 7 1 2 4 8 16 32 64
 392 696 521 0   4 1 7 1 2 4 8 16 32 64
 393 736  57 0  33 1 7 1 2 4 8 16 32 64
 394  96 365 0   3 1 7 1 2 4 8 16 32 64
 395  12 210 0  97 1 7 1 2 4 8 16 32 64
 396 739 590 0  82 1 7 1 2 4 8 16 32 64
 397 391 707 0  66 1 7 1 2 4 8 16 32 64
 398 534 505 0  23 1 7 1 2 4 8 16 32 64
 399 590 611 0  79 1 7 1 2 4 8 16 32 64
 400 854 208 0  26 1 7 1 2 4 8 16 32 64
 401  41 311 0  19 1 7 1 2 4 8 16 32 64
 402 817 875 0   1 1 7 1 2 4 8 16 32 64
 403 218 828 0  50 1 7 1 2 4 8 16 32 64
 404 683 393 0  81 1 7 1 2 4 8 16 32 64
 405 144 688 0  83 1 7 1 2 4 8 16 32 64
 406 801 226 0  14 1 7 1 2 4 8 16 32 64
 407 344 149 0  74 1 7 1 2 4 8 16 32 64
 408 623  24 0  73 1 7 1 2 4 8 16 32 64
 409 360 223 0  81 1 7 1 2 4 8 16 32 64
 410 430  39 0  33 1 7 1 2 4 8 16 32 64
 411 877 410 0  78 1 7 1 2 4 8 16 32 64
 412 792 626 0  43 1 7 1 2 4 8 16 32 64
 413 506 273 0  86 1 7 1 2 4 8 16 32 64
 414 361 817 0  67 1 7 1 2 4 8 16 32 64
 415 490 572 0  78 1 7 1 2 4 8 16 32 64
 416 751 422 0  22 1 7 1 2 4 8 16 32 64
 417 527 919 0  14 1 7 1 2 4 8 16 32 64
 418 464 920 0  14 1 7 1 2 4 8 16 32 64
 419 480 696 0  90 1 7 1 2 4 8 16 32 64
 420 414 253 0  67 1 7 1 2 4 8 16 32 64
 421 315 191 0  75 1 7 1 2 4 8 16 32 64
 422 277 174 0  45 1 7 1 2 4 8 16 32 64
 423 752 430 0  21 1 7 1 2 4 8 16 32 64
 424 404  71 0  58 1 7 1 2 4 8 16 32 64
 425 997 715 0  91 1 7 1 2 4 8 16 32 64
 426 491  35 0  59 1 7 1 2 4 8 16 32 64
 427 303 856 0  23 1 7 1 2 4 8 16 32 64
 428 254 852 0  39 1 7 1 2 4 8 16 32 64
 429 630 274 0  34 1 7 1 2 4 8 16 32 64
 430 290 302 0  51 1 7 1 2 4 8 16 32 64
 431 781 309 0  71 1 7 1 2 4 8 16 32 64
 432 886  88 0  96 1 7 1 2 4 8 16 32 64
 433 934 435 0  89 1 7 1 2 4 8 16 32 64
 434 493 400 0  88 1 7 1 2 4 8 16 32 64
 435 529 652 0  95 1 7 1 2 4 8 16 32 64
 436  74 521 0  63 1 7 1 2 4 8 16 32 64
 437 609  18 0  36 1 7 1 2 4 8 16 32 64
 438 291 837 0  61 1 7 1 2 4 8 16 32 64
 439 344 999 0  42 1 7 1 2 4 8 16 32 64
 440 915 364 0  90 1 7 1 2 4 8 16 32 64
 441 100 391 0  69 1 7 1 2 4 8 16 32 64
 442 608 113 0   6 1 7 1 2 4 8 16 32 64
 443 520 503 0  69 1 7 1 2 4 8 16 32 64
 444  70 697 0  33 1 7 1 2 4 8 16 32 64
 445 249  98 0  75 1 7 1 2 4 8 16 32 64
 446 425 892 0  18 1 7 1 2 4 8 16 32 64
 447 989  29 0  28 1 7 1 2 4 8 16 32 64
 448 791 621 0  20 1 7 1 2 4 8 16 32 64
 449 262 695 0  37 1 7 1 2 4 8 16 32 64
 450 138 947 0  43 1 7 1 2 4 8 16 32 64
 451  23  60 0  25 1 7 1 2 4 8 16 32 64
 452 729 149 0  67 1 7 1 2 4 8 16 32 64
 453 570 397 0  40 1 7 1 2 4 8 16 32 64
 454 484 134 0  10 1 7 1 2 4 8 16 32 64
 455 645 535 0  60 1 7 1 2 4 8 16 32 64
 456 658 821 0  60 1 7 1 2 4 8 16 32 64
 457 541 397 0  47 1 7 1 2 4 8 16 32 64
 458 417 438 0  32 1 7 1 2 4 8 16 32 64
 459 785 550 0  83 1 7 1 2 4 8 16 32 64
 460  88 728 0  33 1 7 1 2 4 8 16 32 64
 461 327 188 0  46 1 7 1 2 4 8 16 32 64
 462 215 652 0  82 1 7 1 2 4 8 16 32 64
 463   8 557 0  95 1 7 1 2 4 8 16 32 64
 464   5 490 0  68 1 7 1 2 4 8 16 32 64
 465 598 603 0  62 1 7 1 2 4 8 16 32 64
 466 696 390 0  53 1 7 1 2 4 8 16 32 64
 467 338 796 0  65 1 7 1 2 4 8 16 32 64
 468 915 603 0  76 1 7 1 2 4 8 16 32 64
 469 499 735 0  96 1 7 1 2 4 8 16 32 64
 470 440 496 0  26 1 7 1 2 4 8 16 32 64
 471  33 705 0  35 1 7 1 2 4 8 16 32 64
 472 886  13 0  27 1 7 1 2 4 8 16 32 64
 473 801 866 0  81 1 7 1 2 4 8 16 32 64
 474 642 830 0  77 1 7 1 2 4 8 16 32 64
 475 381 279 0   8 1 7 1 2 4 8 16 32 64
 476 391 725 0  85 1 7 1 2 4 8 16 32 64
 477 587 408 0   1 1 7 1 2 4 8 16 32 64
 478 685 637 0  98 1 7 1 2 4 8 16 32 64
 479 870 919 0   6 1 7 1 2 4 8 16 32 64
 480 446 352 0  82 1 7 1 2 4 8 16 32 64
 481 381  60 0  73 1 7 1 2 4 8 16 32 64
 482 530 382 0  85 1 7 1 2 4 8 16 32 64
 483 243  62 0  56 1 7 1 2 4 8 16 32 64
 484 630 136 0  12 1 7 1 2 4 8 16 32 64
 485 837 406 0  23 1 7 1 2 4 8 16 32 64
 486 667 179 0  43 1 7 1 2 4 8 16 32 64
 487 861 214 0  42 1 7 1 2 4 8 16 32 64
 488 431 564 0  73 1 7 1 2 4 8 16 32 64
 489 863 853 0  72 1 7 1 2 4 8 16 32 64
 490 572 942 0  28 1 7 1 2 4 8 16 32 64
 491 816 737 0  53 1 7 1 2 4 8 16 32 64
 492 645 187 0  58 1 7 1 2 4 8 16 32 64
 493 113 146 0  77 1 7 1 2 4 8 16 32 64
 494 169 469 0  88 1 7 1 2 4 8 16 32 64
 495 993  38 0  34 1 7 1 2 4 8 16 32 64
 496 723  42 0  80 1 7 1 2 4 8 16 32 64
 497 959 518 0  65 1 7 1 2 4 8 16 32 64
 498 468 421 0  32 1 7 1 2 4 8 16 32 64
 499 423 194 0   2 1 7 1 2 4 8 16 32 64
 500 283 996 0  26 1 7 1 2 4 8 16 32 64
 501 183 387 0  28 1 7 1 2 4 8 16 32 64
 502 756 744 0  65 1 7 1 2 4 8 16 32 64
 503 955 334 0  71 1 7 1 2 4 8 16 32 64
 504 267  24 0  53 1 7 1 2 4 8 16 32 64
 505 720 911 0  78 1 7 1 2 4 8 16 32 64
 506 504  23 0  83 1 7 1 2 4 8 16 32 64
 507 668 810 0  72 1 7 1 2 4 8 16 32 64
 508 665 454 0  82 1 7 1 2 4 8 16 32 64
 509 155 206 0  49 1 7 1 2 4 8 16 32 64
 510 101 162 0  86 1 7 1 2 4 8 16 32 64
 511 255 460 0  83 1 7 1 2 4 8 16 32 64
 512 182 863 0  76 1 7 1 2 4 8 16 32 64
 513  13 390 0  96 1 7 1 2 4 8 16 32 64
 514 209 377 0  60 1 7 1 2 4 8 16 32 64
 515 363 728 0  71 1 7 1 2 4 8 16 32 64
 516 383 289 0  85 1 7 1 2 4 8 16 32 64
 517 347 451 0   4 1 7 1 2 4 8 16 32 64
 518 599 847 0  78 1 7 1 2 4 8 16 32 64
 519 937 873 0  74 1 7 1 2 4 8 16 32 64
 520 799 970 0  35 1 7 1 2 4 8 16 32 64
 521 805 433 0  96 1 7 1 2 4 8 16 32 64
 522 380  20 0  40 1 7 1 2 4 8 16 32 64
 523 655 506 0   7 1 7 1 2 4 8 16 32 64
 524  89 816 0  80 1 7 1 2 4 8 16 32 64
 525 542 841 0  83 1 7 1 2 4 8 16 32 64
 526 486  80 0  99 1 7 1 2 4 8 16 32 64
 527 969 215 0  75 1 7 1 2 4 8 16 32 64
 528 271 652 0  20 1 7 1 2 4 8 16 32 64
 529  23 822 0  79 1 7 1 2 4 8 16 32 64
 530 607 837 0  64 1 7 1 2 4 8 16 32 64
 531  12 984 0  17 1 7 1 2 4 8 16 32 64
 532 739 445 0  14 1 7 1 2 4 8 16 32 64
 533 224 201 0  82 1 7 1 2 4 8 16 32 64
 534 760 348 0  28 1 7 1 2 4 8 16 32 64
 535 920 645 0  30 1 7 1 2 4 8 16 32 64
 536 585 483 0  71 1 7 1 2 4 8 16 32 64
 537 357  74 0  82 1 7 1 2 4 8 16 32 64
 538 567 538 0  11 1 7 1 2 4 8 16 32 64
 539 626 857 0  92 1 7 1 2 4 8 16 32 64
 540 426 702 0  73 1 7 1 2 4 8 16 32 64
 541 646 300 0  43 1 7 1 2 4 8 16 32 64
 542 807 546 0  94 1 7 1 2 4 8 16 32 64
 543  86 419 0  32 1 7 1 2 4 8 16 32 64
 544 516 723 0  53 1 7 1 2 4 8 16 32 64
 545 333 841 0  14 1 7 1 2 4 8 16 32 64
 546 567 570 0  57 1 7 1 2 4 8 16 32 64
 547 842 495 0  22 1 7 1 2 4 8 16 32 64
 548 512 752 0  23 1 7 1 2 4 8 16 32 64
 549 851 412 0  27 1 7 1 2 4 8 16 32 64
 550 216 722 0  64 1 7 1 2 4 8 16 32 64
 551 174 700 0  12 1 7 1 2 4 8 16 32 64
 552  18 485 0  18 1 7 1 2 4 8 16 32 64
 553 749 118 0  83 1 7 1 2 4 8 16 32 64
 554 231 150 0  56 1 7 1 2 4 8 16 32 64
 555 518 275 0  82 1 7 1 2 4 8 16 32 64
 556 304 665 0  19 1 7 1 2 4 8 16 32 64
 557 880 557 0  44 1 7 1 2 4 8 16 32 64
 558   4 172 0  95 1 7 1 2 4 8 16 32 64
 559  35 131 0  98 1 7 1 2 4 8 16 32 64
 560 528 436 0  26 1 7 1 2 4 8 16 32 64
 561 100 130 0  55 1 7 1 2 4 8 16 32 64
 562 673 124 0  69 1 7 1 2 4 8 16 32 64
 563 819 779 0  61 1 7 1 2 4 8 16 32 64
 564 996 245 0  95 1 7 1 2 4 8 16 32 64
 565 568 972 0  45 1 7 1 2 4 8 16 32 64
 566 283 263 0  97 1 7 1 2 4 8 16 32 64
 567 881 149 0  11 1 7 1 2 4 8 16 32 64
 568 909 558 0  84 1 7 1 2 4 8 16 32 64
 569  46 448 0  74 1 7 1 2 4 8 16 32 64
 570 493 843 0  95 1 7 1 2 4 8 16 32 64
 571 558 825 0  35 1 7 1 2 4 8 16 32 64
 572 356 985 0  73 1 7 1 2 4 8 16 32 64
 573 658 873 0  18 1 7 1 2 4 8 16 32 64
 574 756  24 0  14 1 7 1 2 4 8 16 32 64
 575  98 990 0  81 1 7 1 2 4 8 16 32 64
 576 983 671 0  93 1 7 1 2 4 8 16 32 64
 577 628 581 0   9 1 7 1 2 4 8 16 32 64
 578 768 699 0   3 1 7 1 2 4 8 16 32 64
 579 668  85 0  93 1 7 1 2 4 8 16 32 64
 580 570 568 0  38 1 7 1 2 4 8 16 32 64
 581 546  49 0  89 1 7 1 2 4 8 16 32 64
 582 672  90 0  32 1 7 1 2 4 8 16 32 64
 583 413 690 0  51 1 7 1 2 4 8 16 32 64
 584 624 150 0   1 1 7 1 2 4 8 16 32 64
 585 950 179 0  61 1 7 1 2 4 8 16 32 64
 586 464 207 0   3 1 7 1 2 4 8 16 32 64
 587 239 817 0  83 1 7 1 2 4 8 16 32 64
 588 595 171 0   1 1 7 1 2 4 8 16 32 64
 589 705 677 0   9 1 7 1 2 4 8 16 32 64
 590 206 668 0  67 1 7 1 2 4 8 16 32 64
 591 590 904 0  38 1 7 1 2 4 8 16 32 64
 592 810 115 0  69 1 7 1 2 4 8 16 32 64
 593 727 722 0   1 1 7 1 2 4 8 16 32 64
 594 662 879 0  14 1 7 1 2 4 8 16 32 64
 595 265  30 0  70 1 7 1 2 4 8 16 32 64
 596 883 900 0  96 1 7 1 2 4 8 16 32 64
 597 896 896 0  44 1 7 1 2 4 8 16 32 64
 598 129 804 0  25 1 7 1 2 4 8 16 32 64
 599 572 291 0  31 1 7 1 2 4 8 16 32 64
 600 519 850 0  50 1 7 1 2 4 8 16 32 64
 601 405 198 0  88 1 7 1 2 4 8 16 32 64
 602 941 704 0 100 1 7 1 2 4 8 16 32 64
 603 683 849 0  24 1 7 1 2 4 8 16 32 64
 604  26 854 0  70 1 7 1 2 4 8 16 32 64
 605   6 910 0  21 1 7 1 2 4 8 16 32 64
 606 161 664 0  34 1 7 1 2 4 8 16 32 64
 607 999 382 0  37 1 7 1 2 4 8 16 32 64
 608 401 597 0  62 1 7 1 2 4 8 16 32 64
 609 503 394 0  11 1 7 1 2 4 8 16 32 64
 610 844 552 0 100 1 7 1 2 4 8 16 32 64
 611 718 470 0  14 1 7 1 2 4 8 16 32 64
 612 737 198 0  50 1 7 1 2 4 8 16 32 64
 613 471 673 0  61 1 7 1 2 4 8 16 32 64
 614  19 233 0 100 1 7 1 2 4 8 16 32 64
 615 735 384 0  77 1 7 1 2 4 8 16 32 64
 616  38 242 0  23 1 7 1 2 4 8 16 32 64
 617 787 661 0   6 1 7 1 2 4 8 16 32 64
 618 119 857 0  18 1 7 1 2 4 8 16 32 64
 619  49 457 0  18 1 7 1 2 4 8 16 32 64
 620 220 314 0  50 1 7 1 2 4 8 16 32 64
 621 128 475 0  74 1 7 1 2 4 8 16 32 64
 622 268  93 0   1 1 7 1 2 4 8 16 32 64
 623 316 287 0  52 1 7 1 2 4 8 16 32 64
 624 203 914 0  59 1 7 1 2 4 8 16 32 64
 625 313  61 0  69 1 7 1 2 4 8 16 32 64
 626 677 166 0  84 1 7 1 2 4 8 16 32 64
 627 518 544 0   2 1 7 1 2 4 8 16 32 64
 628 772 438 0  57 1 7 1 2 4 8 16 32 64
 629 319 601 0  47 1 7 1 2 4 8 16 32 64
 630  28 630 0  62 1 7 1 2 4 8 16 32 64
 631 262 834 0  27 1 7 1 2 4 8 16 32 64
 632 322 180 0  38 1 7 1 2 4 8 16 32 64
 633 642  60 0  24 1 7 1 2 4 8 16 32 64
 634 596  98 0   6 1 7 1 2 4 8 16 32 64
 635 186 681 0  46 1 7 1 2 4 8 16 32 64
 636 864 243 0  33 1 7 1 2 4 8 16 32 64
 637 433 383 0   9 1 7 1 2 4 8 16 32 64
 638 261 582 0  26 1 7 1 2 4 8 16 32 64
 639 690 496 0  95 1 7 1 2 4 8 16 32 64
 640  77 722 0  45 1 7 1 2 4 8 16 32 64
 641 808 993 0  38 1 7 1 2 4 8 16 32 64
 642 820  57 0  60 1 7 1 2 4 8 16 32 64
 643 792 588 0  51 1 7 1 2 4 8 16 32 64
 644 258 136 0  83 1 7 1 2 4 8 16 32 64
 645 510 528 0  63 1 7 1 2 4 8 16 32 64
 646 126 439 0  19 1 7 1 2 4 8 16 32 64
 647 608 609 0  48 1 7 1 2 4 8 16 32 64
 648 902 998 0  57 1 7 1 2 4 8 16 32 64
 649 413 686 0  23 1 7 1 2 4 8 16 32 64
 650 939 357 0  39 1 7 1 2 4 8 16 32 64
 651 855 456 0  85 1 7 1 2 4 8 16 32 64
 652 739  38 0  65 1 7 1 2 4 8 16 32 64
 653 500 823 0  32 1 7 1 2 4 8 16 32 64
 654 759  23 0  95 1 7 1 2 4 8 16 32 64
 655  52 479 0  13 1 7 1 2 4 8 16 32 64
 656 576 337 0  38 1 7 1 2 4 8 16 32 64
 657 462 969 0   6 1 7 1 2 4 8 16 32 64
 658 700 712 0  76 1 7 1 2 4 8 16 32 64
 659 190 730 0  51 1 7 1 2 4 8 16 32 64
 660 216 379 0  94 1 7 1 2 4 8 16 32 64
 661 374 834 0   1 1 7 1 2 4 8 16 32 64
 662 665 161 0  83 1 7 1 2 4 8 16 32 64
 663  65 908 0  45 1 7 1 2 4 8 16 32 64
 664 490 235 0   8 1 7 1 2 4 8 16 32 64
 665   2 593 0  86 1 7 1 2 4 8 16 32 64
 666 520 965 0  77 1 7 1 2 4 8 16 32 64
 667 255 397 0  32 1 7 1 2 4 8 16 32 64
 668 417 369 0   6 1 7 1 2 4 8 16 32 64
 669 568  85 0  39 1 7 1 2 4 8 16 32 64
 670 961 832 0  86 1 7 1 2 4 8 16 32 64
 671 681 519 0  63 1 7 1 2 4 8 16 32 64
 672 197 547 0  33 1 7 1 2 4 8 16 32 64
 673 211 975 0  85 1 7 1 2 4 8 16 32 64
 674 150 744 0  57 1 7 1 2 4 8 16 32 64
 675 559 182 0  32 1 7 1 2 4 8 16 32 64
 676 143 548 0  70 1 7 1 2 4 8 16 32 64
 677 213 616 0  50 1 7 1 2 4 8 16 32 64
 678 356 758 0  11 1 7 1 2 4 8 16 32 64
 679 100  31 0  53 1 7 1 2 4 8 16 32 64
 680 273 290 0  89 1 7 1 2 4 8 16 32 64
 681 949 363 0  46 1 7 1 2 4 8 16 32 64
 682 140 266 0  93 1 7 1 2 4 8 16 32 64
 683 276 991 0  98 1 7 1 2 4 8 16 32 64
 684 357  15 0  40 1 7 1 2 4 8 16 32 64
 685 426 440 0  12 1 7 1 2 4 8 16 32 64
 686 906 856 0  17 1 7 1 2 4 8 16 32 64
 687 261 425 0  75 1 7 1 2 4 8 16 32 64
 688 692  47 0  53 1 7 1 2 4 8 16 32 64
 689 198  78 0  76 1 7 1 2 4 8 16 32 64
 690 517 769 0  81 1 7 1 2 4 8 16 32 64
 691 570 907 0  17 1 7 1 2 4 8 16 32 64
 692 562 784 0  23 1 7 1 2 4 8 16 32 64
 693 953 339 0  79 1 7 1 2 4 8 16 32 64
 694 620 889 0  80 1 7 1 2 4 8 16 32 64
 695 565 853 0  94 1 7 1 2 4 8 16 32 64
 696 288 245 0   4 1 7 1 2 4 8 16 32 64
 697 519 440 0  37 1 7 1 2 4 8 16 32 64
 698 230 635 0  34 1 7 1 2 4 8 16 32 64
 699 408 480 0  57 1 7 1 2 4 8 16 32 64
 700 660 729 0  21 1 7 1 2 4 8 16 32 64
 701 146 887 0  20 1 7 1 2 4 8 16 32 64
 702 510 929 0  87 1 7 1 2 4 8 16 32 64
 703 257 556 0  77 1 7 1 2 4 8 16 32 64
 704 544 399 0 100 1 7 1 2 4 8 16 32 64
 705 629 598 0  55 1 7 1 2 4 8 16 32 64
 706  70 278 0  25 1 7 1 2 4 8 16 32 64
 707 235  16 0  22 1 7 1 2 4 8 16 32 64
 708 556 595 0   7 1 7 1 2 4 8 16 32 64
 709 841 577 0  96 1 7 1 2 4 8 16 32 64
 710 409 532 0   6 1 7 1 2 4 8 16 32 64
 711 142 970 0  77 1 7 1 2 4 8 16 32 64
 712 415 337 0  42 1 7 1 2 4 8 16 32 64
 713 678 963 0  19 1 7 1 2 4 8 16 32 64
 714 710 224 0  76 1 7 1 2 4 8 16 32 64
 715 225 834 0  63 1 7 1 2 4 8 16 32 64
 716 158 517 0  97 1 7 1 2 4 8 16 32 64
 717 306 717 0  87 1 7 1 2 4 8 16 32 64
 718 332 694 0  91 1 7 1 2 4 8 16 32 64
 719 307 904 0  79 1 7 1 2 4 8 16 32 64
 720 758 439 0  97 1 7 1 2 4 8 16 32 64
 721 632 875 0  69 1 7 1 2 4 8 16 32 64
 722 581  65 0  39 1 7 1 2 4 8 16 32 64
 723 616 198 0  32 1 7 1 2 4 8 16 32 64
 724 738 850 0  81 1 7 1 2 4 8 16 32 64
 725 548 917 0  22 1 7 1 2 4 8 16 32 64
 726 302 607 0  22 1 7 1 2 4 8 16 32 64
 727 711 242 0  35 1 7 1 2 4 8 16 32 64
 728 340 640 0   5 1 7 1 2 4 8 16 32 64
 729 367 995 0  72 1 7 1 2 4 8 16 32 64
 730 407 922 0  71 1 7 1 2 4 8 16 32 64
 731 159 202 0  18 1 7 1 2 4 8 16 32 64
 732 856 974 0  46 1 7 1 2 4 8 16 32 64
 733  36 603 0  97 1 7 1 2 4 8 16 32 64
 734 952   2 0  69 1 7 1 2 4 8 16 32 64
 735 880 220 0   4 1 7 1 2 4 8 16 32 64
 736 572 318 0  81 1 7 1 2 4 8 16 32 64
 737 335 128 0  66 1 7 1 2 4 8 16 32 64
 738 723 285 0  42 1 7 1 2 4 8 16 32 64
 739 568 853 0  28 1 7 1 2 4 8 16 32 64
 740  72 979 0   1 1 7 1 2 4 8 16 32 64
 741 443 526 0  96 1 7 1 2 4 8 16 32 64
 742  15 898 0  52 1 7 1 2 4 8 16 32 64
 743 864 905 0   2 1 7 1 2 4 8 16 32 64
 744 168 802 0  74 1 7 1 2 4 8 16 32 64
 745 830 468 0  13 1 7 1 2 4 8 16 32 64
 746 248 117 0  83 1 7 1 2 4 8 16 32 64
 747 697 524 0  97 1 7 1 2 4 8 16 32 64
 748 930 381 0  70 1 7 1 2 4 8 16 32 64
 749 683 555 0  37 1 7 1 2 4 8 16 32 64
 750 876 818 0  38 1 7 1 2 4 8 16 32 64
 751 973  12 0  64 1 7 1 2 4 8 16 32 64
 752 939 684 0  65 1 7 1 2 4 8 16 32 64
 753  81 176 0  19 1 7 1 2 4 8 16 32 64
 754  29  98 0  29 1 7 1 2 4 8 16 32 64
 755 957 977 0  82 1 7 1 2 4 8 16 32 64
 756 494 561 0  53 1 7 1 2 4 8 16 32 64
 757 833 477 0  81 1 7 1 2 4 8 16 32 64
 758 381 118 0  27 1 7 1 2 4 8 16 32 64
 759 326 370 0  21 1 7 1 2 4 8 16 32 64
 760 736  40 0  24 1 7 1 2 4 8 16 32 64
 761 866 684 0  56 1 7 1 2 4 8 16 32 64
 762 123  12 0  46 1 7 1 2 4 8 16 32 64
 763 610  81 0  57 1 7 1 2 4 8 16 32 64
 764 665 305 0  78 1 7 1 2 4 8 16 32 64
 765 771 521 0  16 1 7 1 2 4 8 16 32 64
 766 277 242 0 100 1 7 1 2 4 8 16 32 64
 767 111 297 0  40 1 7 1 2 4 8 16 32 64
 768 509 302 0  25 1 7 1 2 4 8 16 32 64
 769 210 443 0  30 1 7 1 2 4 8 16 32 64
 770 655  76 0   1 1 7 1 2 4 8 16 32 64
 771 792 771 0  87 1 7 1 2 4 8 16 32 64
 772 482  88 0  61 1 7 1 2 4 8 16 32 64
 773 325 183 0  85 1 7 1 2 4 8 16 32 64
 774 732 169 0  92 1 7 1 2 4 8 16 32 64
 775 805  40 0  30 1 7 1 2 4 8 16 32 64
 776 192 551 0  21 1 7 1 2 4 8 16 32 64
 777 778 648 0  78 1 7 1 2 4 8 16 32 64
 778 400 220 0  86 1 7 1 2 4 8 16 32 64
 779 995 833 0  93 1 7 1 2 4 8 16 32 64
 780 364 707 0  93 1 7 1 2 4 8 16 32 64
 781 558 973 0  42 1 7 1 2 4 8 16 32 64
 782 214 776 0  99 1 7 1 2 4 8 16 32 64
 783 419 833 0  43 1 7 1 2 4 8 16 32 64
 784 221 344 0  88 1 7 1 2 4 8 16 32 64
 785 689 672 0  60 1 7 1 2 4 8 16 32 64
 786 328 148 0  49 1 7 1 2 4 8 16 32 64
 787 267 323 0  68 1 7 1 2 4 8 16 32 64
 788 939 813 0  73 1 7 1 2 4 8 16 32 64
 789 171 367 0  75 1 7 1 2 4 8 16 32 64
 790 702 181 0  27 1 7 1 2 4 8 16 32 64
 791 841 635 0  82 1 7 1 2 4 8 16 32 64
 792  42 652 0   5 1 7 1 2 4 8 16 32 64
 793 262 976 0  13 1 7 1 2 4 8 16 32 64
 794 287 833 0  29 1 7 1 2 4 8 16 32 64
 795 652 116 0  93 1 7 1 2 4 8 16 32 64
 796 910 628 0  97 1 7 1 2 4 8 16 32 64
 797 637 857 0  85 1 7 1 2 4 8 16 32 64
 798 979 857 0  65 1 7 1 2 4 8 16 32 64
 799 566 935 0  28 1 7 1 2 4 8 16 32 64
 800 234 999 0  28 1 7 1 2 4 8 16 32 64
 801 818 804 0  46 1 7 1 2 4 8 16 32 64
 802 400 674 0   6 1 7 1 2 4 8 16 32 64
 803 493 825 0  85 1 7 1 2 4 8 16 32 64
 804 682  21 0  54 1 7 1 2 4 8 16 32 64
 805 628 614 0  83 1 7 1 2 4 8 16 32 64
 806 768 937 0  34 1 7 1 2 4 8 16 32 64
 807 638 535 0   8 1 7 1 2 4 8 16 32 64
 808 998 387 0  64 1 7 1 2 4 8 16 32 64
 809 937  55 0  87 1 7 1 2 4 8 16 32 64
 810 621  57 0  52 1 7 1 2 4 8 16 32 64
 811 704  27 0  21 1 7 1 2 4 8 16 32 64
 812 595 870 0  61 1 7 1 2 4 8 16 32 64
 813 281  80 0  90 1 7 1 2 4 8 16 32 64
 814  15 610 0  91 1 7 1 2 4 8 16 32 64
 815 778 953 0  21 1 7 1 2 4 8 16 32 64
 816   1 764 0   6 1 7 1 2 4 8 16 32 64
 817 918  41 0  95 1 7 1 2 4 8 16 32 64
 818  81 305 0  95 1 7 1 2 4 8 16 32 64
 819 276 122 0  22 1 7 1 2 4 8 16 32 64
 820 846 485 0  75 1 7 1 2 4 8 16 32 64
 821 148 110 0  62 1 7 1 2 4 8 16 32 64
 822 427  67 0  54 1 7 1 2 4 8 16 32 64
 823 671 347 0  86 1 7 1 2 4 8 16 32 64
 824 286 262 0  68 1 7 1 2 4 8 16 32 64
 825 663 303 0  33 1 7 1 2 4 8 16 32 64
 826 846 640 0  35 1 7 1 2 4 8 16 32 64
 827 620 645 0  74 1 7 1 2 4 8 16 32 64
 828  97 236 0  46 1 7 1 2 4 8 16 32 64
 829 710 199 0   5 1 7 1 2 4 8 16 32 64
 830  17 874 0  67 1 7 1 2 4 8 16 32 64
 831 386 796 0  51 1 7 1 2 4 8 16 32 64
 832 812 176 0  94 1 7 1 2 4 8 16 32 64
 833 620 957 0  34 1 7 1 2 4 8 16 32 64
 834 487 213 0  48 1 7 1 2 4 8 16 32 64
 835 664 307 0  16 1 7 1 2 4 8 16 32 64
 836 840 531 0  57 1 7 1 2 4 8 16 32 64
 837 995 830 0  92 1 7 1 2 4 8 16 32 64
 838 111 955 0  99 1 7 1 2 4 8 16 32 64
 839 588 824 0  85 1 7 1 2 4 8 16 32 64
 840 204 704 0  78 1 7 1 2 4 8 16 32 64
 841 145 654 0   7 1 7 1 2 4 8 16 32 64
 842  57 762 0  49 1 7 1 2 4 8 16 32 64
 843 289 254 0  36 1 7 1 2 4 8 16 32 64
 844 311 976 0  46 1 7 1 2 4 8 16 32 64
 845 835   6 0  68 1 7 1 2 4 8 16 32 64
 846 319 766 0  66 1 7 1 2 4 8 16 32 64
 847 420 128 0   3 1 7 1 2 4 8 16 32 64
 848 796 559 0  31 1 7 1 2 4 8 16 32 64
 849 843 191 0  50 1 7 1 2 4 8 16 32 64
 850 363 153 0  35 1 7 1 2 4 8 16 32 64
 851 876 873 0  56 1 7 1 2 4 8 16 32 64
 852  85 848 0  29 1 7 1 2 4 8 16 32 64
 853 944 424 0  32 1 7 1 2 4 8 16 32 64
 854 634 927 0  83 1 7 1 2 4 8 16 32 64
 855 392 189 0  39 1 7 1 2 4 8 16 32 64
 856 139 931 0  22 1 7 1 2 4 8 16 32 64
 857 970 697 0  17 1 7 1 2 4 8 16 32 64
 858 808 500 0   5 1 7 1 2 4 8 16 32 64
 859 473 319 0  94 1 7 1 2 4 8 16 32 64
 860 567 152 0  51 1 7 1 2 4 8 16 32 64
 861  38 102 0   5 1 7 1 2 4 8 16 32 64
 862 490 105 0  61 1 7 1 2 4 8 16 32 64
 863 973 973 0  54 1 7 1 2 4 8 16 32 64
 864 279 442 0  46 1 7 1 2 4 8 16 32 64
 865 978 156 0  67 1 7 1 2 4 8 16 32 64
 866 925 871 0  39 1 7 1 2 4 8 16 32 64
 867  28 678 0  54 1 7 1 2 4 8 16 32 64
 868 367 392 0  12 1 7 1 2 4 8 16 32 64
 869 231 255 0  14 1 7 1 2 4 8 16 32 64
 870 430 412 0  61 1 7 1 2 4 8 16 32 64
 871 569 185 0  77 1 7 1 2 4 8 16 32 64
 872  81 653 0  86 1 7 1 2 4 8 16 32 64
 873 849 751 0  12 1 7 1 2 4 8 16 32 64
 874 672   4 0  31 1 7 1 2 4 8 16 32 64
 875 953  66 0  65 1 7 1 2 4 8 16 32 64
 876 371 670 0  95 1 7 1 2 4 8 16 32 64
 877 293 947 0  73 1 7 1 2 4 8 16 32 64
 878 363 483 0  26 1 7 1 2 4 8 16 32 64
 879 959 222 0   9 1 7 1 2 4 8 16 32 64
 880 465 709 0  28 1 7 1 2 4 8 16 32 64
 881 578 970 0  94 1 7 1 2 4 8 16 32 64
 882 751 721 0  11 1 7 1 2 4 8 16 32 64
 883 180 120 0  32 1 7 1 2 4 8 16 32 64
 884 784 347 0  80 1 7 1 2 4 8 16 32 64
 885   9 748 0  86 1 7 1 2 4 8 16 32 64
 886 749 908 0  59 1 7 1 2 4 8 16 32 64
 887 169 824 0  29 1 7 1 2 4 8 16 32 64
 888 618 282 0  34 1 7 1 2 4 8 16 32 64
 889 706 752 0  79 1 7 1 2 4 8 16 32 64
 890 118 994 0  18 1 7 1 2 4 8 16 32 64
 891 647 963 0  83 1 7 1 2 4 8 16 32 64
 892 762 598 0  34 1 7 1 2 4 8 16 32 64
 893 279 412 0  41 1 7 1 2 4 8 16 32 64
 894 411 509 0   9 1 7 1 2 4 8 16 32 64
 895 973 273 0  61 1 7 1 2 4 8 16 32 64
 896 916 220 0  69 1 7 1 2 4 8 16 32 64
 897 147  84 0  67 1 7 1 2 4 8 16 32 64
 898 950 405 0  34 1 7 1 2 4 8 16 32 64
 899 249 397 0  70 1 7 1 2 4 8 16 32 64
 900 963 345 0  58 1 7 1 2 4 8 16 32 64
 901 205 239 0  21 1 7 1 2 4 8 16 32 64
 902 954 957 0   3 1 7 1 2 4 8 16 32 64
 903  40 810 0  85 1 7 1 2 4 8 16 32 64
 904 986 134 0  23 1 7 1 2 4 8 16 32 64
 905 281 577 0  61 1 7 1 2 4 8 16 32 64
 906  15 991 0  79 1 7 1 2 4 8 16 32 64
 907 829 823 0  48 1 7 1 2 4 8 16 32 64
 908 814 611 0  15 1 7 1 2 4 8 16 32 64
 909 210 607 0  32 1 7 1 2 4 8 16 32 64
 910 173 934 0  52 1 7 1 2 4 8 16 32 64
 911 240 248 0   1 1 7 1 2 4 8 16 32 64
 912 330 481 0  62 1 7 1 2 4 8 16 32 64
 913 610 156 0  48 1 7 1 2 4 8 16 32 64
 914 268  22 0  43 1 7 1 2 4 8 16 32 64
 915  68 428 0  49 1 7 1 2 4 8 16 32 64
 916 650 985 0  63 1 7 1 2 4 8 16 32 64
 917 147  95 0  85 1 7 1 2 4 8 16 32 64
 918 922 424 0  30 1 7 1 2 4 8 16 32 64
 919  50 551 0  90 1 7 1 2 4 8 16 32 64
 920 205 786 0  15 1 7 1 2 4 8 16 32 64
 921 541 819 0  81 1 7 1 2 4 8 16 32 64
 922 221 573 0  54 1 7 1 2 4 8 16 32 64
 923 221 930 0  95 1 7 1 2 4 8 16 32 64
 924 437 435 0   6 1 7 1 2 4 8 16 32 64
 925 406 865 0  86 1 7 1 2 4 8 16 32 64
 926 338 377 0  11 1 7 1 2 4 8 16 32 64
 927 718 401 0  84 1 7 1 2 4 8 16 32 64
 928 947 186 0  95 1 7 1 2 4 8 16 32 64
 929 494 243 0  32 1 7 1 2 4 8 16 32 64
 930 986 740 0  51 1 7 1 2 4 8 16 32 64
 931 948 199 0  23 1 7 1 2 4 8 16 32 64
 932 346 943 0  79 1 7 1 2 4 8 16 32 64
 933 716 804 0  13 1 7 1 2 4 8 16 32 64
 934 317 988 0  77 1 7 1 2 4 8 16 32 64
 935 880 858 0  15 1 7 1 2 4 8 16 32 64
 936 635 552 0  25 1 7 1 2 4 8 16 32 64
 937 839 689 0  95 1 7 1 2 4 8 16 32 64
 938  72 465 0  38 1 7 1 2 4 8 16 32 64
 939 912 858 0  52 1 7 1 2 4 8 16 32 64
 940 237 849 0  27 1 7 1 2 4 8 16 32 64
 941 659 638 0  43 1 7 1 2 4 8 16 32 64
 942 222 148 0  75 1 7 1 2 4 8 16 32 64
 943 444 368 0  26 1 7 1 2 4 8 16 32 64
 944  20 432 0  53 1 7 1 2 4 8 16 32 64
 945 258 429 0  44 1 7 1 2 4 8 16 32 64
 946  97 847 0  42 1 7 1 2 4 8 16 32 64
 947 691 584 0  27 1 7 1 2 4 8 16 32 64
 948 364  24 0  11 1 7 1 2 4 8 16 32 64
 949 255 758 0  45 1 7 1 2 4 8 16 32 64
 950  68 475 0  69 1 7 1 2 4 8 16 32 64
 951 590  61 0  96 1 7 1 2 4 8 16 32 64
 952 666 536 0 100 1 7 1 2 4 8 16 32 64
 953 322 496 0  43 1 7 1 2 4 8 16 32 64
 954 773 726 0  95 1 7 1 2 4 8 16 32 64
 955 795 621 0   9 1 7 1 2 4 8 16 32 64
 956 875 420 0  68 1 7 1 2 4 8 16 32 64
 957  11  27 0  13 1 7 1 2 4 8 16 32 64
 958 266 325 0  74 1 7 1 2 4 8 16 32 64
 959 656 170 0   6 1 7 1 2 4 8 16 32 64
 960 556 917 0   4 1 7 1 2 4 8 16 32 64
 961 250 510 0  43 1 7 1 2 4 8 16 32 64
 962 290 155 0  31 1 7 1 2 4 8 16 32 64
 963 153 265 0  52 1 7 1 2 4 8 16 32 64
 964 170 826 0  28 1 7 1 2 4 8 16 32 64
 965 317 474 0  15 1 7 1 2 4 8 16 32 64
 966 574 560 0  43 1 7 1 2 4 8 16 32 64
 967 939 103 0  13 1 7 1 2 4 8 16 32 64
 968 419 672 0  31 1 7 1 2 4 8 16 32 64
 969 505 202 0  12 1 7 1 2 4 8 16 32 64
 970 566 763 0  90 1 7 1 2 4 8 16 32 64
 971 968 389 0  68 1 7 1 2 4 8 16 32 64
 972 389  83 0  61 1 7 1 2 4 8 16 32 64
 973 654 249 0   2 1 7 1 2 4 8 16 32 64
 974 203 141 0  21 1 7 1 2 4 8 16 32 64
 975 539 382 0   5 1 7 1 2 4 8 16 32 64
 976 903 475 0   5 1 7 1 2 4 8 16 32 64
 977 291 181 0  12 1 7 1 2 4 8 16 32 64
 978 187 453 0  82 1 7 1 2 4 8 16 32 64
 979 981 641 0  99 1 7 1 2 4 8 16 32 64
 980 331 514 0  44 1 7 1 2 4 8 16 32 64
 981 472 503 0   1 1 7 1 2 4 8 16 32 64
 982 455 770 0  42 1 7 1 2 4 8 16 32 64
 983 646 491 0  50 1 7 1 2 4 8 16 32 64
 984 971 121 0  47 1 7 1 2 4 8 16 32 64
 985 924  57 0  10 1 7 1 2 4 8 16 32 64
 986 887 239 0  65 1 7 1 2 4 8 16 32 64
 987 290 648 0  71 1 7 1 2 4 8 16 32 64
 988 426 697 0  31 1 7 1 2 4 8 16 32 64
 989 620 879 0  50 1 7 1 2 4 8 16 32 64
 990 355 753 0  71 1 7 1 2 4 8 16 32 64
 991  52 704 0  72 1 7 1 2 4 8 16 32 64
 992 374 771 0 100 1 7 1 2 4 8 16 32 64
 993 209  22 0  29 1 7 1 2 4 8 16 32 64
 994 948 111 0  46 1 7 1 2 4 8 16 32 64
 995 242 342 0  69 1 7 1 2 4 8 16 32 64
 996 199 465 0   5 1 7 1 2 4 8 16 32 64
 997 416 824 0  19 1 7 1 2 4 8 16 32 64
 998 360 691 0  19 1 7 1 2 4 8 16 32 64
 999 915 709 0  73 1 7 1 2 4 8 16 32 64
1000 127 441 0  23 1 7 1 2 4 8 16 32 64
1001 490 249 0  43 1 7 1 2 4 8 16 32 64
1002   8 473 0  67 1 7 1 2 4 8 16 32 64
1003 761 828 0  80 1 7 1 2 4 8 16 32 64
1004 194 662 0  19 1 7 1 2 4 8 16 32 64
1005 357  51 0  98 1 7 1 2 4 8 16 32 64
1006 673 531 0  34 1 7 1 2 4 8 16 32 64
1007   1 803 0  97 1 7 1 2 4 8 16 32 64
1008 701  34 0  14 1 7 1 2 4 8 16 32 64
1009  47 208 0  35 1 7 1 2 4 8 16 32 64
1010 443  72 0  74 1 7 1 2 4 8 16 32 64
1011 465 423 0  81 1 7 1 2 4 8 16 32 64
1012 669 463 0  91 1 7 1 2 4 8 16 32 64
1013 401 146 0  26 1 7 1 2 4 8 16 32 64
1014 904 482 0  86 1 7 1 2 4 8 16 32 64
1015 325 578 0   1 1 7 1 2 4 8 16 32 64
1016 119 785 0  92 1 7 1 2 4 8 16 32 64
1017 919  78 0  83 1 7 1 2 4 8 16 32 64
1018 731 940 0  13 1 7 1 2 4 8 16 32 64
1019 987 361 0  20 1 7 1 2 4 8 16 32 64
1020 523 874 0  73 1 7 1 2 4 8 16 32 64
1021 311 550 0  97 1 7 1 2 4 8 16 32 64
1022 810 569 0   3 1 7 1 2 4 8 16 32 64
1023 490 639 0  36 1 7 1 2 4 8 16 32 64
1024 538 244 0   1 1 7 1 2 4 8 16 32 64
1025 929 488 0   9 1 7 1 2 4 8 16 32 64
1026 922 598 0  63 1 7 1 2 4 8 16 32 64
1027 619 176 0  33 1 7 1 2 4 8 16 32 64
1028 537 663 0  30 1 7 1 2 4 8 16 32 64
1029 188 246 0  45 1 7 1 2 4 8 16 32 64
1030 886 170 0  83 1 7 1 2 4 8 16 32 64
1031 675 798 0  28 1 7 1 2 4 8 16 32 64
1032 374 681 0  19 1 7 1 2 4 8 16 32 64
1033 308 153 0  26 1 7 1 2 4 8 16 32 64
1034 605  74 0 100 1 7 1 2 4 8 16 32 64
1035 713 299 0  12 1 7 1 2 4 8 16 32 64
1036 838 302 0  94 1 7 1 2 4 8 16 32 64
1037 915 522 0  91 1 7 1 2 4 8 16 32 64
1038 342 979 0  89 1 7 1 2 4 8 16 32 64
1039 587 609 0   5 1 7 1 2 4 8 16 32 64
1040 948 604 0  26 1 7 1 2 4 8 16 32 64
1041 469 235 0  84 1 7 1 2 4 8 16 32 64
1042 963 814 0  42 1 7 1 2 4 8 16 32 64
1043 464 527 0   9 1 7 1 2 4 8 16 32 64
1044 272 247 0  31 1 7 1 2 4 8 16 32 64
1045 735 972 0  79 1 7 1 2 4 8 16 32 64
1046  45 342 0   2 1 7 1 2 4 8 16 32 64
1047 800 379 0  16 1 7 1 2 4 8 16 32 64
1048 657 195 0  83 1 7 1 2 4 8 16 32 64
1049 816 294 0  90 1 7 1 2 4 8 16 32 64
1050 215 892 0  60 1 7 1 2 4 8 16 32 64
1051 626  37 0  63 1 7 1 2 4 8 16 32 64
1052 263 437 0  70 1 7 1 2 4 8 16 32 64
1053 989 457 0  11 1 7 1 2 4 8 16 32 64
1054 623 296 0  74 1 7 1 2 4 8 16 32 64
1055 829 564 0   9 1 7 1 2 4 8 16 32 64
1056  37 879 0  35 1 7 1 2 4 8 16 32 64
1057 167 184 0  31 1 7 1 2 4 8 16 32 64
1058 433 380 0  71 1 7 1 2 4 8 16 32 64
1059 798 842 0  64 1 7 1 2 4 8 16 32 64
1060  25  45 0  85 1 7 1 2 4 8 16 32 64
1061 801 901 0  76 1 7 1 2 4 8 16 32 64
1062 924 666 0  23 1 7 1 2 4 8 16 32 64
1063 148 665 0  30 1 7 1 2 4 8 16 32 64
1064 869 851 0  83 1 7 1 2 4 8 16 32 64
1065 231 273 0  25 1 7 1 2 4 8 16 32 64
1066 633 177 0  16 1 7 1 2 4 8 16 32 64
1067 806 446 0  44 1 7 1 2 4 8 16 32 64
1068 903 209 0  79 1 7 1 2 4 8 16 32 64
1069 183 915 0  99 1 7 1 2 4 8 16 32 64
1070 971 265 0  51 1 7 1 2 4 8 16 32 64
1071 770 945 0  57 1 7 1 2 4 8 16 32 64
1072 268 351 0  94 1 7 1 2 4 8 16 32 64
1073 144  97 0  47 1 7 1 2 4 8 16 32 64
1074 580 132 0  66 1 7 1 2 4 8 16 32 64
1075 472 719 0  36 1 7 1 2 4 8 16 32 64
1076 391 631 0  80 1 7 1 2 4 8 16 32 64
1077 329 809 0  44 1 7 1 2 4 8 16 32 64
1078 216 181 0  61 1 7 1 2 4 8 16 32 64
1079  60 162 0  72 1 7 1 2 4 8 16 32 64
1080 579 834 0  27 1 7 1 2 4 8 16 32 64
1081 821 302 0  47 1 7 1 2 4 8 16 32 64
1082 481 159 0   9 1 7 1 2 4 8 16 32 64
1083 583 668 0  77 1 7 1 2 4 8 16 32 64
1084 317 233 0  42 1 7 1 2 4 8 16 32 64
1085  90  84 0  13 1 7 1 2 4 8 16 32 64
1086 739 956 0   8 1 7 1 2 4 8 16 32 64
1087 823 811 0  20 1 7 1 2 4 8 16 32 64
1088 454 945 0  89 1 7 1 2 4 8 16 32 64
1089 620 654 0  62 1 7 1 2 4 8 16 32 64
1090 128 619 0  11 1 7 1 2 4 8 16 32 64
1091 615 871 0   9 1 7 1 2 4 8 16 32 64
1092 665   6 0  58 1 7 1 2 4 8 16 32 64
1093  16 572 0  25 1 7 1 2 4 8 16 32 64
1094 259 911 0  94 1 7 1 2 4 8 16 32 64
1095 782 809 0  12 1 7 1 2 4 8 16 32 64
1096 742 517 0  77 1 7 1 2 4 8 16 32 64
1097 136  65 0  22 1 7 1 2 4 8 16 32 64
1098 104 900 0  15 1 7 1 2 4 8 16 32 64
1099 173 473 0  78 1 7 1 2 4 8 16 32 64
1100 967 897 0  35 1 7 1 2 4 8 16 32 64
1101 364 188 0  84 1 7 1 2 4 8 16 32 64
1102 758 655 0  82 1 7 1 2 4 8 16 32 64
1103 997 950 0  58 1 7 1 2 4 8 16 32 64
1104 325 623 0  12 1 7 1 2 4 8 16 32 64
1105 562 122 0  91 1 7 1 2 4 8 16 32 64
1106 926 587 0  42 1 7 1 2 4 8 16 32 64
1107 901 596 0  32 1 7 1 2 4 8 16 32 64
1108 357   3 0  85 1 7 1 2 4 8 16 32 64
1109 801 599 0  91 1 7 1 2 4 8 16 32 64
1110 886 249 0   1 1 7 1 2 4 8 16 32 64
1111 417 946 0  65 1 7 1 2 4 8 16 32 64
1112 851 403 0  84 1 7 1 2 4 8 16 32 64
1113 476 759 0  61 1 7 1 2 4 8 16 32 64
1114 227 107 0  76 1 7 1 2 4 8 16 32 64
1115 691 787 0   1 1 7 1 2 4 8 16 32 64
1116 378 502 0  15 1 7 1 2 4 8 16 32 64
1117 225  35 0  64 1 7 1 2 4 8 16 32 64
1118  59 156 0  64 1 7 1 2 4 8 16 32 64
1119 251 376 0   9 1 7 1 2 4 8 16 32 64
1120 375 307 0  74 1 7 1 2 4 8 16 32 64
1121  53 782 0  16 1 7 1 2 4 8 16 32 64
1122 539 206 0  30 1 7 1 2 4 8 16 32 64
1123 196 520 0  73 1 7 1 2 4 8 16 32 64
1124 362 639 0  31 1 7 1 2 4 8 16 32 64
1125 910  22 0  98 1 7 1 2 4 8 16 32 64
1126 200  43 0  45 1 7 1 2 4 8 16 32 64
1127  65 243 0   3 1 7 1 2 4 8 16 32 64
1128 941  31 0   9 1 7 1 2 4 8 16 32 64
1129 443 249 0  44 1 7 1 2 4 8 16 32 64
1130 692 547 0  65 1 7 1 2 4 8 16 32 64
1131 932 933 0   2 1 7 1 2 4 8 16 32 64
1132 736 295 0   2 1 7 1 2 4 8 16 32 64
1133 289 698 0  92 1 7 1 2 4 8 16 32 64
1134 194 996 0  55 1 7 1 2 4 8 16 32 64
1135 283 512 0  77 1 7 1 2 4 8 16 32 64
1136 805  72 0  94 1 7 1 2 4 8 16 32 64
1137 130 441 0  59 1 7 1 2 4 8 16 32 64
1138 306 251 0  69 1 7 1 2 4 8 16 32 64
1139 455 800 0  19 1 7 1 2 4 8 16 32 64
1140 372  20 0  91 1 7 1 2 4 8 16 32 64
1141 857 977 0  48 1 7 1 2 4 8 16 32 64
1142 306 162 0  56 1 7 1 2 4 8 16 32 64
1143 307 655 0  75 1 7 1 2 4 8 16 32 64
1144 425 203 0  13 1 7 1 2 4 8 16 32 64
1145  49 222 0  97 1 7 1 2 4 8 16 32 64
1146 676 137 0  46 1 7 1 2 4 8 16 32 64
1147 513 167 0  23 1 7 1 2 4 8 16 32 64
1148 241 419 0   6 1 7 1 2 4 8 16 32 64
1149  59 634 0  80 1 7 1 2 4 8 16 32 64
1150 407 298 0  11 1 7 1 2 4 8 16 32 64
1151 263  35 0  31 1 7 1 2 4 8 16 32 64
1152 329 237 0  97 1 7 1 2 4 8 16 32 64
1153 793 437 0  99 1 7 1 2 4 8 16 32 64
1154 474 345 0  24 1 7 1 2 4 8 16 32 64
1155 744 680 0  98 1 7 1 2 4 8 16 32 64
1156 575 828 0  91 1 7 1 2 4 8 16 32 64
1157 741 426 0  11 1 7 1 2 4 8 16 32 64
1158 902 242 0  45 1 7 1 2 4 8 16 32 64
1159 401 434 0   7 1 7 1 2 4 8 16 32 64
1160 792 328 0  38 1 7 1 2 4 8 16 32 64
1161 744 495 0  62 1 7 1 2 4 8 16 32 64
1162 515 570 0  15 1 7 1 2 4 8 16 32 64
1163 539 575 0  92 1 7 1 2 4 8 16 32 64
1164 989 379 0  11 1 7 1 2 4 8 16 32 64
1165  20 107 0  22 1 7 1 2 4 8 16 32 64
1166 224 902 0  24 1 7 1 2 4 8 16 32 64
1167 347 992 0  96 1 7 1 2 4 8 16 32 64
1168 761 350 0  42 1 7 1 2 4 8 16 32 64
1169 895 328 0   7 1 7 1 2 4 8 16 32 64
1170 362 637 0  77 1 7 1 2 4 8 16 32 64
1171 628 724 0  60 1 7 1 2 4 8 16 32 64
1172  48  43 0  66 1 7 1 2 4 8 16 32 64
1173 724 118 0  31 1 7 1 2 4 8 16 32 64
1174 267  81 0  68 1 7 1 2 4 8 16 32 64
1175 462 520 0  61 1 7 1 2 4 8 16 32 64
1176 161 402 0  32 1 7 1 2 4 8 16 32 64
1177 558 634 0  61 1 7 1 2 4 8 16 32 64
1178 284 482 0  35 1 7 1 2 4 8 16 32 64
1179 819 740 0  34 1 7 1 2 4 8 16 32 64
1180 746 448 0  22 1 7 1 2 4 8 16 32 64
1181 156  95 0  31 1 7 1 2 4 8 16 32 64
1182 208 186 0  75 1 7 1 2 4 8 16 32 64
1183 331 369 0  49 1 7 1 2 4 8 16 32 64
1184 835 322 0  46 1 7 1 2 4 8 16 32 64
1185 388 505 0  76 1 7 1 2 4 8 16 32 64
1186 999 635 0  36 1 7 1 2 4 8 16 32 64
1187 100 967 0  85 1 7 1 2 4 8 16 32 64
1188 678 583 0  30 1 7 1 2 4 8 16 32 64
1189 102 146 0  26 1 7 1 2 4 8 16 32 64
1190 376 881 0  69 1 7 1 2 4 8 16 32 64
1191 757 220 0  62 1 7 1 2 4 8 16 32 64
1192 821 923 0  56 1 7 1 2 4 8 16 32 64
1193 998 447 0  47 1 7 1 2 4 8 16 32 64
1194 888 426 0  29 1 7 1 2 4 8 16 32 64
1195 767 359 0  77 1 7 1 2 4 8 16 32 64
1196 900 391 0 100 1 7 1 2 4 8 16 32 64
1197 136  16 0  63 1 7 1 2 4 8 16 32 64
1198 463 130 0  24 1 7 1 2 4 8 16 32 64
1199 627 531 0   1 1 7 1 2 4 8 16 32 64
1200 181 166 0  36 1 7 1 2 4 8 16 32 64
1201 439  19 0  39 1 7 1 2 4 8 16 32 64
1202 799 746 0   4 1 7 1 2 4 8 16 32 64
1203 986 976 0  27 1 7 1 2 4 8 16 32 64
1204 254 765 0  76 1 7 1 2 4 8 16 32 64
1205 630 783 0  19 1 7 1 2 4 8 16 32 64
1206 504 207 0  81 1 7 1 2 4 8 16 32 64
1207 529 226 0  93 1 7 1 2 4 8 16 32 64
1208 825 600 0  52 1 7 1 2 4 8 16 32 64
1209 732 915 0  94 1 7 1 2 4 8 16 32 64
1210 996 381 0  14 1 7 1 2 4 8 16 32 64
1211 991 767 0  62 1 7 1 2 4 8 16 32 64
1212 250 789 0  23 1 7 1 2 4 8 16 32 64
1213 720 200 0  91 1 7 1 2 4 8 16 32 64
1214 250 921 0  51 1 7 1 2 4 8 16 32 64
1215 771 944 0  80 1 7 1 2 4 8 16 32 64
1216 284 287 0  91 1 7 1 2 4 8 16 32 64
1217 910 510 0  14 1 7 1 2 4 8 16 32 64
1218  64 728 0  13 1 7 1 2 4 8 16 32 64
1219  96  93 0  27 1 7 1 2 4 8 16 32 64
1220  35 910 0   5 1 7 1 2 4 8 16 32 64
1221 285 545 0  52 1 7 1 2 4 8 16 32 64
1222 590 888 0   1 1 7 1 2 4 8 16 32 64
1223  45 809 0  61 1 7 1 2 4 8 16 32 64
1224 845 524 0  90 1 7 1 2 4 8 16 32 64
1225 625 409 0  68 1 7 1 2 4 8 16 32 64
1226 641 606 0  61 1 7 1 2 4 8 16 32 64
1227  82 796 0  38 1 7 1 2 4 8 16 32 64
1228 141 438 0  46 1 7 1 2 4 8 16 32 64
1229 424 866 0  87 1 7 1 2 4 8 16 32 64
1230 773 430 0  68 1 7 1 2 4 8 16 32 64
1231 120 444 0  83 1 7 1 2 4 8 16 32 64
1232  41 592 0  70 1 7 1 2 4 8 16 32 64
1233 713 179 0  36 1 7 1 2 4 8 16 32 64
1234 511 790 0  21 1 7 1 2 4 8 16 32 64
1235  70 434 0  96 1 7 1 2 4 8 16 32 64
1236 325 326 0  78 1 7 1 2 4 8 16 32 64
1237 601 201 0  28 1 7 1 2 4 8 16 32 64
1238 452 221 0  55 1 7 1 2 4 8 16 32 64
1239 994  89 0  61 1 7 1 2 4 8 16 32 64
1240 913 178 0  22 1 7 1 2 4 8 16 32 64
1241 928 666 0  25 1 7 1 2 4 8 16 32 64
1242 237 865 0  93 1 7 1 2 4 8 16 32 64
1243 590 534 0  53 1 7 1 2 4 8 16 32 64
1244 788 529 0  52 1 7 1 2 4 8 16 32 64
1245 751 619 0  11 1 7 1 2 4 8 16 32 64
1246 353 382 0  39 1 7 1 2 4 8 16 32 64
1247 305  59 0   1 1 7 1 2 4 8 16 32 64
1248  35 915 0  67 1 7 1 2 4 8 16 32 64
1249 816 811 0  76 1 7 1 2 4 8 16 32 64
1250 979 562 0  97 1 7 1 2 4 8 16 32 64
1251  10 248 0  79 1 7 1 2 4 8 16 32 64
1252 456 776 0   5 1 7 1 2 4 8 16 32 64
1253  10 627 0  92 1 7 1 2 4 8 16 32 64
1254 171 269 0  28 1 7 1 2 4 8 16 32 64
1255 128  30 0  78 1 7 1 2 4 8 16 32 64
1256 558 610 0  71 1 7 1 2 4 8 16 32 64
1257 416 581 0  59 1 7 1 2 4 8 16 32 64
1258 501 619 0  70 1 7 1 2 4 8 16 32 64
1259 811 537 0  59 1 7 1 2 4 8 16 32 64
1260 776 106 0  79 1 7 1 2 4 8 16 32 64
1261 992 466 0  51 1 7 1 2 4 8 16 32 64
1262 322 932 0  17 1 7 1 2 4 8 16 32 64
1263 123 782 0  32 1 7 1 2 4 8 16 32 64
1264 429 636 0   3 1 7 1 2 4 8 16 32 64
1265 866  94 0  87 1 7 1 2 4 8 16 32 64
1266 774 516 0  57 1 7 1 2 4 8 16 32 64
1267 385 910 0  32 1 7 1 2 4 8 16 32 64
1268 904 736 0  97 1 7 1 2 4 8 16 32 64
1269  93 480 0  54 1 7 1 2 4 8 16 32 64
1270 979  73 0  81 1 7 1 2 4 8 16 32 64
1271 521  83 0   5 1 7 1 2 4 8 16 32 64
1272 147 452 0   5 1 7 1 2 4 8 16 32 64
1273 697 696 0  74 1 7 1 2 4 8 16 32 64
1274 297  59 0  92 1 7 1 2 4 8 16 32 64
1275 289 909 0  59 1 7 1 2 4 8 16 32 64
1276 192 668 0  80 1 7 1 2 4 8 16 32 64
1277 225 576 0  53 1 7 1 2 4 8 16 32 64
1278 769  11 0  24 1 7 1 2 4 8 16 32 64
1279 947 557 0   9 1 7 1 2 4 8 16 32 64
1280 724 753 0  18 1 7 1 2 4 8 16 32 64
1281 262 900 0  59 1 7 1 2 4 8 16 32 64
1282 888 579 0  95 1 7 1 2 4 8 16 32 64
1283 950 823 0  66 1 7 1 2 4 8 16 32 64
1284 542 180 0  59 1 7 1 2 4 8 16 32 64
1285 139 146 0 100 1 7 1 2 4 8 16 32 64
1286 263 119 0  15 1 7 1 2 4 8 16 32 64
1287  28 218 0  71 1 7 1 2 4 8 16 32 64
1288 877 956 0  91 1 7 1 2 4 8 16 32 64
1289 799 304 0  29 1 7 1 2 4 8 16 32 64
1290 603  77 0  27 1 7 1 2 4 8 16 32 64
1291 157 188 0  75 1 7 1 2 4 8 16 32 64
1292 971 997 0  13 1 7 1 2 4 8 16 32 64
1293 257 414 0  97 1 7 1 2 4 8 16 32 64
1294 213  41 0   3 1 7 1 2 4 8 16 32 64
1295 133 197 0   7 1 7 1 2 4 8 16 32 64
1296 385 898 0  98 1 7 1 2 4 8 16 32 64
1297  18  34 0   3 1 7 1 2 4 8 16 32 64
1298 812 621 0  95 1 7 1 2 4 8 16 32 64
1299 946 331 0  58 1 7 1 2 4 8 16 32 64
1300 107 815 0  36 1 7 1 2 4 8 16 32 64
1301 326 211 0  42 1 7 1 2 4 8 16 32 64
1302 488 920 0  27 1 7 1 2 4 8 16 32 64
1303 822 938 0  49 1 7 1 2 4 8 16 32 64
1304  31 455 0  56 1 7 1 2 4 8 16 32 64
1305 533 566 0  36 1 7 1 2 4 8 16 32 64
1306 165 439 0  13 1 7 1 2 4 8 16 32 64
1307 518 619 0  64 1 7 1 2 4 8 16 32 64
1308  81 996 0  50 1 7 1 2 4 8 16 32 64
1309  43 244 0  78 1 7 1 2 4 8 16 32 64
1310  79 742 0  31 1 7 1 2 4 8 16 32 64
1311 815  66 0  88 1 7 1 2 4 8 16 32 64
1312 692 320 0  44 1 7 1 2 4 8 16 32 64
1313 471 642 0  94 1 7 1 2 4 8 16 32 64
1314 171 153 0   0 0 0
1315 612 519 0   0 0 0
1316 892 828 0   0 0 0
1317 118 557 0   0 0 0
1318 231 431 0   0 0 0
1319 500 877 0   0 0 0
1320 537 911 0   0 0 0
