2 355 1367 3
0 248
0 248
0 248
   1 262 560 0  20 1 3 1 2 4
   2 307 151 0  29 1 3 1 2 4
   3 801 329 0  88 1 3 1 2 4
   4 135 813 0  77 1 3 1 2 4
   5 725 791 0   9 1 3 1 2 4
   6 102 340 0  22 1 3 1 2 4
   7 539 680 0  83 1 3 1 2 4
   8 627 797 0   2 1 3 1 2 4
   9  39 981 0  20 1 3 1 2 4
  10  92 270 0  88 1 3 1 2 4
  11 323 948 0 100 1 3 1 2 4
  12 155  12 0  84 1 3 1 2 4
  13 952 904 0  71 1 3 1 2 4
  14 152 171 0  49 1 3 1 2 4
  15 793 859 0  85 1 3 1 2 4
  16 381 138 0  10 1 3 1 2 4
  17 918 513 0  30 1 3 1 2 4
  18 129 133 0  28 1 3 1 2 4
  19  43 260 0  67 1 3 1 2 4
  20 271 736 0  88 1 3 1 2 4
  21 837  76 0  30 1 3 1 2 4
  22 228 233 0  91 1 3 1 2 4
  23 773 284 0  60 1 3 1 2 4
  24 968 830 0  88 1 3 1 2 4
  25 355 820 0  58 1 3 1 2 4
  26  77 133 0  96 1 3 1 2 4
  27 912 273 0  73 1 3 1 2 4
  28 867 344 0  30 1 3 1 2 4
  29 221 241 0   4 1 3 1 2 4
  30 679 783 0  87 1 3 1 2 4
  31 283 900 0  76 1 3 1 2 4
  32 957 737 0  67 1 3 1 2 4
  33 669 509 0  19 1 3 1 2 4
  34 451 656 0  74 1 3 1 2 4
  35 222 881 0  66 1 3 1 2 4
  36 612 848 0  46 1 3 1 2 4
  37 352 159 0  78 1 3 1 2 4
  38 521 323 0  53 1 3 1 2 4
  39  34 812 0  32 1 3 1 2 4
  40 210 993 0  62 1 3 1 2 4
  41 203 792 0  25 1 3 1 2 4
  42 670 286 0   4 1 3 1 2 4
  43 305 985 0  14 1 3 1 2 4
  44  33 378 0   3 1 3 1 2 4
  45 709  49 0  15 1 3 1 2 4
  46 284 408 0  54 1 3 1 2 4
  47 304 492 0  25 1 3 1 2 4
  48 340 937 0  77 1 3 1 2 4
  49 898 171 0  88 1 3 1 2 4
  50 963 210 0  86 1 3 1 2 4
  51 637  48 0  89 1 3 1 2 4
  52   8 594 0  50 1 3 1 2 4
  53 817  49 0  77 1 3 1 2 4
  54 622 283 0  18 1 3 1 2 4
  55 591 327 0  15 1 3 1 2 4
  56 588 706 0   9 1 3 1 2 4
  57  45 349 0  25 1 3 1 2 4
  58 430 694 0  77 1 3 1 2 4
  59 801 225 0  55 1 3 1 2 4
  60 317 231 0  36 1 3 1 2 4
  61 415 666 0  30 1 3 1 2 4
  62 185 687 0  67 1 3 1 2 4
  63 832 771 0   9 1 3 1 2 4
  64 246 417 0  43 1 3 1 2 4
  65  37 578 0  51 1 3 1 2 4
  66 235 849 0  32 1 3 1 2 4
  67 158 458 0  68 1 3 1 2 4
  68 779 271 0  31 1 3 1 2 4
  69 109 724 0  22 1 3 1 2 4
  70 543 785 0  62 1 3 1 2 4
  71 273 192 0   9 1 3 1 2 4
  72 442 965 0  14 1 3 1 2 4
  73 301 700 0  84 1 3 1 2 4
  74 408 593 0  39 1 3 1 2 4
  75 500 241 0  39 1 3 1 2 4
  76 310 181 0  50 1 3 1 2 4
  77 826  53 0  72 1 3 1 2 4
  78 289 585 0  67 1 3 1 2 4
  79  51 621 0  93 1 3 1 2 4
  80 852 265 0  19 1 3 1 2 4
  81 664 999 0  48 1 3 1 2 4
  82 263 633 0   2 1 3 1 2 4
  83 508 340 0  64 1 3 1 2 4
  84 415 216 0  70 1 3 1 2 4
  85 460 564 0  75 1 3 1 2 4
  86  61 668 0  15 1 3 1 2 4
  87 316  92 0  16 1 3 1 2 4
  88 377 404 0  32 1 3 1 2 4
  89 521 854 0  51 1 3 1 2 4
  90 913 969 0  11 1 3 1 2 4
  91 434 329 0  78 1 3 1 2 4
  92 780 135 0  69 1 3 1 2 4
  93 519 806 0   3 1 3 1 2 4
  94  75 133 0  33 1 3 1 2 4
  95 219 221 0  47 1 3 1 2 4
  96   1 775 0  79 1 3 1 2 4
  97 798  26 0  18 1 3 1 2 4
  98 535 569 0  56 1 3 1 2 4
  99 862 139 0 100 1 3 1 2 4
 100 753 344 0  16 1 3 1 2 4
 101 351 474 0  72 1 3 1 2 4
 102 436  92 0  70 1 3 1 2 4
 103 298 167 0  93 1 3 1 2 4
 104 697 760 0  51 1 3 1 2 4
 105 292 856 0  31 1 3 1 2 4
 106 807 747 0   2 1 3 1 2 4
 107 241 948 0   5 1 3 1 2 4
 108 657 223 0  59 1 3 1 2 4
 109 700 564 0  27 1 3 1 2 4
 110 936   4 0  35 1 3 1 2 4
 111 880 259 0  66 1 3 1 2 4
 112 781 119 0  48 1 3 1 2 4
 113 192 420 0  29 1 3 1 2 4
 114 104 217 0   1 1 3 1 2 4
 115 176  16 0  65 1 3 1 2 4
 116 168 920 0  68 1 3 1 2 4
 117 602 865 0  73 1 3 1 2 4
 118 342 972 0  68 1 3 1 2 4
 119  44  82 0  43 1 3 1 2 4
 120 594   5 0  14 1 3 1 2 4
 121 891 484 0  94 1 3 1 2 4
 122 289  82 0  52 1 3 1 2 4
 123 702 250 0  14 1 3 1 2 4
 124 399 530 0  61 1 3 1 2 4
 125 482 392 0  53 1 3 1 2 4
 126 789 309 0  40 1 3 1 2 4
 127 480 174 0  61 1 3 1 2 4
 128 221 220 0  64 1 3 1 2 4
 129  39 811 0   5 1 3 1 2 4
 130 803 117 0  64 1 3 1 2 4
 131 516 686 0 100 1 3 1 2 4
 132 790 792 0  48 1 3 1 2 4
 133 418 110 0  80 1 3 1 2 4
 134 731 984 0  45 1 3 1 2 4
 135 234 997 0  86 1 3 1 2 4
 136 992 367 0   6 1 3 1 2 4
 137 548 890 0  70 1 3 1 2 4
 138 550 155 0   4 1 3 1 2 4
 139 972 817 0  57 1 3 1 2 4
 140  43 464 0  56 1 3 1 2 4
 141 235 244 0  97 1 3 1 2 4
 142 709 333 0  12 1 3 1 2 4
 143 710 858 0   7 1 3 1 2 4
 144 458 607 0  29 1 3 1 2 4
 145 784 990 0  98 1 3 1 2 4
 146 176 212 0  41 1 3 1 2 4
 147 286 647 0  66 1 3 1 2 4
 148 934 942 0   6 1 3 1 2 4
 149 855 265 0   5 1 3 1 2 4
 150 369 826 0  44 1 3 1 2 4
 151 643 182 0   5 1 3 1 2 4
 152 270 304 0  15 1 3 1 2 4
 153 694 799 0  11 1 3 1 2 4
 154 338 480 0  36 1 3 1 2 4
 155 274 684 0  57 1 3 1 2 4
 156  74 672 0   4 1 3 1 2 4
 157 874 175 0  75 1 3 1 2 4
 158 915 250 0  35 1 3 1 2 4
 159 408 195 0  84 1 3 1 2 4
 160 740 324 0  87 1 3 1 2 4
 161 689 775 0  66 1 3 1 2 4
 162 820 771 0  96 1 3 1 2 4
 163 877 517 0  84 1 3 1 2 4
 164 850 111 0  77 1 3 1 2 4
 165 696 152 0  32 1 3 1 2 4
 166 255 520 0  21 1 3 1 2 4
 167 275 872 0  89 1 3 1 2 4
 168 650 988 0  96 1 3 1 2 4
 169 387 309 0  49 1 3 1 2 4
 170 611 260 0  95 1 3 1 2 4
 171 912 102 0  75 1 3 1 2 4
 172 649 201 0   2 1 3 1 2 4
 173 965 864 0   3 1 3 1 2 4
 174   8 109 0  36 1 3 1 2 4
 175 923 588 0  85 1 3 1 2 4
 176  91 414 0  82 1 3 1 2 4
 177 321 129 0  36 1 3 1 2 4
 178 755 421 0   2 1 3 1 2 4
 179 923 321 0  11 1 3 1 2 4
 180 864 415 0   8 1 3 1 2 4
 181 312 743 0  55 1 3 1 2 4
 182 383 749 0  90 1 3 1 2 4
 183 447 285 0  88 1 3 1 2 4
 184 194 915 0  20 1 3 1 2 4
 185 209 714 0  83 1 3 1 2 4
 186 639 295 0   9 1 3 1 2 4
 187 832 340 0  46 1 3 1 2 4
 188 823  86 0 100 1 3 1 2 4
 189 219  89 0  24 1 3 1 2 4
 190 349 511 0  91 1 3 1 2 4
 191 693 985 0  86 1 3 1 2 4
 192 191 844 0  46 1 3 1 2 4
 193 672 996 0  55 1 3 1 2 4
 194 856 127 0  87 1 3 1 2 4
 195 893 125 0  22 1 3 1 2 4
 196 585 494 0  64 1 3 1 2 4
 197 617 245 0  60 1 3 1 2 4
 198 358 705 0  63 1 3 1 2 4
 199 457 253 0  92 1 3 1 2 4
 200 494 459 0  24 1 3 1 2 4
 201 617 816 0  40 1 3 1 2 4
 202 784  23 0  91 1 3 1 2 4
 203 464 528 0  53 1 3 1 2 4
 204 982 488 0  40 1 3 1 2 4
 205 903  87 0  24 1 3 1 2 4
 206 449 443 0  27 1 3 1 2 4
 207 121 531 0  25 1 3 1 2 4
 208 358 387 0  25 1 3 1 2 4
 209 948 900 0   6 1 3 1 2 4
 210 688 786 0  74 1 3 1 2 4
 211 382 469 0  78 1 3 1 2 4
 212 806 928 0  11 1 3 1 2 4
 213 825 301 0  20 1 3 1 2 4
 214   2 221 0  39 1 3 1 2 4
 215 572 479 0  48 1 3 1 2 4
 216 618 956 0  53 1 3 1 2 4
 217 655 386 0  52 1 3 1 2 4
 218 881 572 0  59 1 3 1 2 4
 219 393 236 0  15 1 3 1 2 4
 220 932 423 0  50 1 3 1 2 4
 221 434 383 0 100 1 3 1 2 4
 222 431 848 0  73 1 3 1 2 4
 223 868 512 0  35 1 3 1 2 4
 224 346 913 0  89 1 3 1 2 4
 225 863 501 0  83 1 3 1 2 4
 226  94 340 0  24 1 3 1 2 4
 227 551 441 0  16 1 3 1 2 4
 228 806 317 0  14 1 3 1 2 4
 229  65 228 0  37 1 3 1 2 4
 230 184 193 0  53 1 3 1 2 4
 231 861 959 0  32 1 3 1 2 4
 232  23 638 0  26 1 3 1 2 4
 233 599 556 0  20 1 3 1 2 4
 234 814 156 0  85 1 3 1 2 4
 235 911 701 0  41 1 3 1 2 4
 236  53 604 0  38 1 3 1 2 4
 237 221 836 0  20 1 3 1 2 4
 238 245 912 0  94 1 3 1 2 4
 239 118 153 0  67 1 3 1 2 4
 240 889 448 0  18 1 3 1 2 4
 241 785 630 0  70 1 3 1 2 4
 242 878 627 0  16 1 3 1 2 4
 243 347 645 0  13 1 3 1 2 4
 244 714 275 0  91 1 3 1 2 4
 245 487 948 0  20 1 3 1 2 4
 246 166 772 0   9 1 3 1 2 4
 247 862 520 0  70 1 3 1 2 4
 248 770 141 0   8 1 3 1 2 4
 249 390 395 0  53 1 3 1 2 4
 250 465 315 0  43 1 3 1 2 4
 251  14 448 0  35 1 3 1 2 4
 252 655 309 0  24 1 3 1 2 4
 253 790 583 0  93 1 3 1 2 4
 254 603 799 0  16 1 3 1 2 4
 255 297 694 0  34 1 3 1 2 4
 256 647 334 0  53 1 3 1 2 4
 257 246 745 0  73 1 3 1 2 4
 258 720 934 0  32 1 3 1 2 4
 259 287 595 0  94 1 3 1 2 4
 260 816 348 0  11 1 3 1 2 4
 261 161 575 0  59 1 3 1 2 4
 262 262 941 0  24 1 3 1 2 4
 263 143 935 0  42 1 3 1 2 4
 264 772 881 0  21 1 3 1 2 4
 265 450 572 0  64 1 3 1 2 4
 266  75 985 0  20 1 3 1 2 4
 267 619 575 0  16 1 3 1 2 4
 268   6 148 0  53 1 3 1 2 4
 269 561 757 0  60 1 3 1 2 4
 270 541  90 0  51 1 3 1 2 4
 271 731 128 0   7 1 3 1 2 4
 272  17 386 0  14 1 3 1 2 4
 273 697  36 0  77 1 3 1 2 4
 274 180  26 0  25 1 3 1 2 4
 275 664 935 0  51 1 3 1 2 4
 276 781 503 0  69 1 3 1 2 4
 277 821 506 0  78 1 3 1 2 4
 278  43 924 0  74 1 3 1 2 4
 279 857 773 0   3 1 3 1 2 4
 280  83 648 0  61 1 3 1 2 4
 281 182 613 0  29 1 3 1 2 4
 282 135 163 0  12 1 3 1 2 4
 283 721 828 0  78 1 3 1 2 4
 284 416  78 0  70 1 3 1 2 4
 285 335 111 0  11 1 3 1 2 4
 286 821 344 0  57 1 3 1 2 4
 287 602 893 0  76 1 3 1 2 4
 288 441 651 0  44 1 3 1 2 4
 289 165 199 0  60 1 3 1 2 4
 290 931 788 0  74 1 3 1 2 4
 291 167 901 0  35 1 3 1 2 4
 292 340  20 0  74 1 3 1 2 4
 293 614 775 0  70 1 3 1 2 4
 294 601 999 0   7 1 3 1 2 4
 295 864 428 0  70 1 3 1 2 4
 296 726  88 0  74 1 3 1 2 4
 297 397 737 0  34 1 3 1 2 4
 298 199 696 0   2 1 3 1 2 4
 299 539 115 0  56 1 3 1 2 4
 300 976 634 0  63 1 3 1 2 4
 301 550 535 0  16 1 3 1 2 4
 302  97 790 0  42 1 3 1 2 4
 303 833 211 0  13 1 3 1 2 4
 304 890  60 0  98 1 3 1 2 4
 305  40 114 0  93 1 3 1 2 4
 306 438 559 0  59 1 3 1 2 4
 307 629 381 0  67 1 3 1 2 4
 308 885  15 0  52 1 3 1 2 4
 309 956 682 0  11 1 3 1 2 4
 310 375 209 0  58 1 3 1 2 4
 311 287 717 0  88 1 3 1 2 4
 312 508 868 0  67 1 3 1 2 4
 313 790 613 0  43 1 3 1 2 4
 314 925 924 0  91 1 3 1 2 4
 315 241 210 0  81 1 3 1 2 4
 316 908  30 0  46 1 3 1 2 4
 317 362 536 0  46 1 3 1 2 4
 318 895 722 0  80 1 3 1 2 4
 319 121 291 0  35 1 3 1 2 4
 320  24 268 0  56 1 3 1 2 4
 321 189 624 0  56 1 3 1 2 4
 322 219 329 0   1 1 3 1 2 4
 323 565 988 0   8 1 3 1 2 4
 324 750 108 0  83 1 3 1 2 4
 325 322 857 0  35 1 3 1 2 4
 326 597 328 0  14 1 3 1 2 4
 327  61 799 0  68 1 3 1 2 4
 328 645 957 0  58 1 3 1 2 4
 329  13 719 0  32 1 3 1 2 4
 330 531  28 0  66 1 3 1 2 4
 331 912  28 0  66 1 3 1 2 4
 332   7 503 0  16 1 3 1 2 4
 333  47 850 0  44 1 3 1 2 4
 334 338 861 0  46 1 3 1 2 4
 335  64 664 0  82 1 3 1 2 4
 336 287 702 0   2 1 3 1 2 4
 337 578 912 0  75 1 3 1 2 4
 338 901 553 0  58 1 3 1 2 4
 339 136 259 0  31 1 3 1 2 4
 340 641 744 0  15 1 3 1 2 4
 341 694 250 0  21 1 3 1 2 4
 342 428 179 0  50 1 3 1 2 4
 343  96 172 0  60 1 3 1 2 4
 344 558 993 0  85 1 3 1 2 4
 345 495 861 0  62 1 3 1 2 4
 346 410 112 0  66 1 3 1 2 4
 347 347 170 0  21 1 3 1 2 4
 348 443 765 0  41 1 3 1 2 4
 349 914 828 0  98 1 3 1 2 4
 350 781 540 0  55 1 3 1 2 4
 351 607 267 0  65 1 3 1 2 4
 352 585 476 0  19 1 3 1 2 4
 353 718  52 0  18 1 3 1 2 4
 354 230   3 0  97 1 3 1 2 4
 355 479 457 0  64 1 3 1 2 4
 356 893 613 0  73 1 3 1 2 4
 357 390 502 0  64 1 3 1 2 4
 358 474 479 0  25 1 3 1 2 4
 359   7 472 0  63 1 3 1 2 4
 360 113 825 0   9 1 3 1 2 4
 361 911 182 0  96 1 3 1 2 4
 362 585 323 0  99 1 3 1 2 4
 363 851 642 0  92 1 3 1 2 4
 364 515 538 0  66 1 3 1 2 4
 365 667 232 0  35 1 3 1 2 4
 366 969 211 0  15 1 3 1 2 4
 367 528 414 0  44 1 3 1 2 4
 368  12 219 0  63 1 3 1 2 4
 369 809 975 0  43 1 3 1 2 4
 370 275 448 0  71 1 3 1 2 4
 371 446 937 0  88 1 3 1 2 4
 372 252 425 0  65 1 3 1 2 4
 373 811 101 0  32 1 3 1 2 4
 374 438  40 0  94 1 3 1 2 4
 375 362 451 0  25 1 3 1 2 4
 376 369 303 0  38 1 3 1 2 4
 377 801 628 0  23 1 3 1 2 4
 378 997 574 0  30 1 3 1 2 4
 379 498 907 0  49 1 3 1 2 4
 380  95 957 0  76 1 3 1 2 4
 381 802  25 0  23 1 3 1 2 4
 382 510  43 0  95 1 3 1 2 4
 383 121 761 0  62 1 3 1 2 4
 384 199 895 0  84 1 3 1 2 4
 385 528 391 0  72 1 3 1 2 4
 386 375 631 0  37 1 3 1 2 4
 387 322 219 0  51 1 3 1 2 4
 388  56  56 0  93 1 3 1 2 4
 389  22 810 0  38 1 3 1 2 4
 390 985 361 0  25 1 3 1 2 4
 391 892 966 0  60 1 3 1 2 4
 392  77  21 0  93 1 3 1 2 4
 393 495 504 0  31 1 3 1 2 4
 394 245 280 0  68 1 3 1 2 4
 395 108 739 0  43 1 3 1 2 4
 396  46 155 0  11 1 3 1 2 4
 397 627 897 0  62 1 3 1 2 4
 398  29 414 0  43 1 3 1 2 4
 399 239 290 0  44 1 3 1 2 4
 400 366  34 0  17 1 3 1 2 4
 401 499 377 0  80 1 3 1 2 4
 402 674 545 0   1 1 3 1 2 4
 403 373 878 0  99 1 3 1 2 4
 404 518 682 0   1 1 3 1 2 4
 405 368 262 0   5 1 3 1 2 4
 406 373 230 0  87 1 3 1 2 4
 407 352 144 0  29 1 3 1 2 4
 408 498 324 0   1 1 3 1 2 4
 409  43 727 0  75 1 3 1 2 4
 410 397  36 0   3 1 3 1 2 4
 411 115 384 0  17 1 3 1 2 4
 412 983 966 0  76 1 3 1 2 4
 413 788 346 0  21 1 3 1 2 4
 414 497 777 0   2 1 3 1 2 4
 415 830 787 0  58 1 3 1 2 4
 416 535 567 0  31 1 3 1 2 4
 417  83 331 0  19 1 3 1 2 4
 418 965 565 0  73 1 3 1 2 4
 419 515 884 0  57 1 3 1 2 4
 420 672 595 0  71 1 3 1 2 4
 421 504 229 0  21 1 3 1 2 4
 422 507 654 0   4 1 3 1 2 4
 423 503 565 0  65 1 3 1 2 4
 424 833 617 0  97 1 3 1 2 4
 425 260 699 0   3 1 3 1 2 4
 426 242 265 0  40 1 3 1 2 4
 427 439 365 0   4 1 3 1 2 4
 428 372 500 0  28 1 3 1 2 4
 429 264 150 0  72 1 3 1 2 4
 430  79 750 0  78 1 3 1 2 4
 431 687 304 0  63 1 3 1 2 4
 432 345 674 0  17 1 3 1 2 4
 433 532 125 0  76 1 3 1 2 4
 434 905 135 0  52 1 3 1 2 4
 435 696 740 0  85 1 3 1 2 4
 436 975 741 0  99 1 3 1 2 4
 437 261 896 0   3 1 3 1 2 4
 438 160 857 0  54 1 3 1 2 4
 439 760 323 0  43 1 3 1 2 4
 440 125 879 0  13 1 3 1 2 4
 441 766 378 0  10 1 3 1 2 4
 442 232 157 0  60 1 3 1 2 4
 443 409 634 0  43 1 3 1 2 4
 444 964 758 0  60 1 3 1 2 4
 445 219 426 0  96 1 3 1 2 4
 446 864   8 0  89 1 3 1 2 4
 447 215 432 0 100 1 3 1 2 4
 448 602 108 0  55 1 3 1 2 4
 449 748 718 0  72 1 3 1 2 4
 450 927 902 0  34 1 3 1 2 4
 451 718  61 0  23 1 3 1 2 4
 452  57 367 0  59 1 3 1 2 4
 453 192 356 0  21 1 3 1 2 4
 454 157 548 0  79 1 3 1 2 4
 455 343 299 0  33 1 3 1 2 4
 456 171  54 0  24 1 3 1 2 4
 457 186 545 0  82 1 3 1 2 4
 458 615 998 0  52 1 3 1 2 4
 459 683 265 0  50 1 3 1 2 4
 460 713 599 0  72 1 3 1 2 4
 461 386 140 0  62 1 3 1 2 4
 462 611 495 0  93 1 3 1 2 4
 463 652 832 0  16 1 3 1 2 4
 464 810 564 0  11 1 3 1 2 4
 465 884  42 0  90 1 3 1 2 4
 466 658 236 0  29 1 3 1 2 4
 467 757 244 0  15 1 3 1 2 4
 468 972 589 0  22 1 3 1 2 4
 469 844 911 0  23 1 3 1 2 4
 470 578 791 0  23 1 3 1 2 4
 471 486  75 0  30 1 3 1 2 4
 472 563  74 0  43 1 3 1 2 4
 473 844 299 0  78 1 3 1 2 4
 474 396 445 0  12 1 3 1 2 4
 475 117 299 0  88 1 3 1 2 4
 476 121 333 0  81 1 3 1 2 4
 477 403  48 0  77 1 3 1 2 4
 478 759 936 0  72 1 3 1 2 4
 479  87 571 0  24 1 3 1 2 4
 480 544 249 0  15 1 3 1 2 4
 481 832 411 0  51 1 3 1 2 4
 482  44 403 0  10 1 3 1 2 4
 483 339 729 0  91 1 3 1 2 4
 484 354 196 0  16 1 3 1 2 4
 485 607 263 0  27 1 3 1 2 4
 486 292 558 0  54 1 3 1 2 4
 487 165 249 0  49 1 3 1 2 4
 488 769 359 0   3 1 3 1 2 4
 489 699 770 0  37 1 3 1 2 4
 490 481 588 0  88 1 3 1 2 4
 491 692  82 0  39 1 3 1 2 4
 492  18 368 0  35 1 3 1 2 4
 493 355 134 0  41 1 3 1 2 4
 494 826 302 0  88 1 3 1 2 4
 495 476 531 0   8 1 3 1 2 4
 496 349 762 0  73 1 3 1 2 4
 497 848  85 0  68 1 3 1 2 4
 498 331  67 0  57 1 3 1 2 4
 499 160 368 0   6 1 3 1 2 4
 500 928 366 0  77 1 3 1 2 4
 501 797 192 0  39 1 3 1 2 4
 502 120 754 0  35 1 3 1 2 4
 503 484 153 0  68 1 3 1 2 4
 504 847 217 0  56 1 3 1 2 4
 505 503 338 0  18 1 3 1 2 4
 506 152 195 0  44 1 3 1 2 4
 507 266 785 0   8 1 3 1 2 4
 508 553 282 0  64 1 3 1 2 4
 509 420 295 0  47 1 3 1 2 4
 510  85 401 0  35 1 3 1 2 4
 511   2 986 0  17 1 3 1 2 4
 512 335 844 0   8 1 3 1 2 4
 513 329 255 0  71 1 3 1 2 4
 514 964 667 0  26 1 3 1 2 4
 515 323 946 0  27 1 3 1 2 4
 516 369 427 0  88 1 3 1 2 4
 517 234 236 0  31 1 3 1 2 4
 518 505 501 0  67 1 3 1 2 4
 519 649 310 0  85 1 3 1 2 4
 520  12 481 0   6 1 3 1 2 4
 521 774 784 0  93 1 3 1 2 4
 522 374 283 0  81 1 3 1 2 4
 523 976 800 0  41 1 3 1 2 4
 524 590 421 0  24 1 3 1 2 4
 525 902 179 0 100 1 3 1 2 4
 526 812 456 0  76 1 3 1 2 4
 527  11 975 0  29 1 3 1 2 4
 528 678 367 0  64 1 3 1 2 4
 529 463 159 0  80 1 3 1 2 4
 530 152 227 0  61 1 3 1 2 4
 531 804 172 0  31 1 3 1 2 4
 532 686 927 0  34 1 3 1 2 4
 533 389 764 0  78 1 3 1 2 4
 534 287 462 0  33 1 3 1 2 4
 535 994 582 0  61 1 3 1 2 4
 536 237 489 0  15 1 3 1 2 4
 537 883 656 0  73 1 3 1 2 4
 538 115  99 0  85 1 3 1 2 4
 539  67  74 0  43 1 3 1 2 4
 540 611 599 0  56 1 3 1 2 4
 541 142 360 0  20 1 3 1 2 4
 542 228 320 0  38 1 3 1 2 4
 543 239 609 0  39 1 3 1 2 4
 544 153 856 0  21 1 3 1 2 4
 545 808 370 0  19 1 3 1 2 4
 546 105 189 0  39 1 3 1 2 4
 547 111 514 0  29 1 3 1 2 4
 548  53 437 0  30 1 3 1 2 4
 549 650 106 0  99 1 3 1 2 4
 550 883 916 0  97 1 3 1 2 4
 551 427 364 0  18 1 3 1 2 4
 552 141 880 0  63 1 3 1 2 4
 553 797 564 0  23 1 3 1 2 4
 554 911 574 0   1 1 3 1 2 4
 555 762  45 0  43 1 3 1 2 4
 556 670 305 0  43 1 3 1 2 4
 557 276  57 0  19 1 3 1 2 4
 558 862 631 0  38 1 3 1 2 4
 559 799 456 0  27 1 3 1 2 4
 560 836 754 0  68 1 3 1 2 4
 561 792 214 0  91 1 3 1 2 4
 562 800 531 0  12 1 3 1 2 4
 563 643 255 0  20 1 3 1 2 4
 564 111 532 0  22 1 3 1 2 4
 565 692  18 0  92 1 3 1 2 4
 566 170 930 0  18 1 3 1 2 4
 567 537 210 0  41 1 3 1 2 4
 568  25  14 0  74 1 3 1 2 4
 569 895 551 0  84 1 3 1 2 4
 570 352 735 0  76 1 3 1 2 4
 571 580 441 0  97 1 3 1 2 4
 572 182 929 0  96 1 3 1 2 4
 573 488  42 0   4 1 3 1 2 4
 574 893 825 0  75 1 3 1 2 4
 575 818 525 0  91 1 3 1 2 4
 576 864 391 0  60 1 3 1 2 4
 577 280 589 0  22 1 3 1 2 4
 578 255 227 0  50 1 3 1 2 4
 579 148 645 0  50 1 3 1 2 4
 580 958 679 0  73 1 3 1 2 4
 581 377 518 0  44 1 3 1 2 4
 582 493  93 0  87 1 3 1 2 4
 583 338  83 0  28 1 3 1 2 4
 584 264 810 0  30 1 3 1 2 4
 585 720 931 0  33 1 3 1 2 4
 586 870 399 0  60 1 3 1 2 4
 587 444 339 0  17 1 3 1 2 4
 588 334 132 0  86 1 3 1 2 4
 589 333 575 0  88 1 3 1 2 4
 590 784 939 0  56 1 3 1 2 4
 591 600 877 0  84 1 3 1 2 4
 592 573  13 0  27 1 3 1 2 4
 593 749   0 0  34 1 3 1 2 4
 594  62 979 0  90 1 3 1 2 4
 595 731 400 0   8 1 3 1 2 4
 596 971 688 0  14 1 3 1 2 4
 597 896  27 0  21 1 3 1 2 4
 598 772 558 0  95 1 3 1 2 4
 599 947 750 0  44 1 3 1 2 4
 600  23 162 0   5 1 3 1 2 4
 601 610 936 0  34 1 3 1 2 4
 602  17 793 0 100 1 3 1 2 4
 603 287 892 0  12 1 3 1 2 4
 604 903 566 0  34 1 3 1 2 4
 605 620  47 0  83 1 3 1 2 4
 606 409 100 0  57 1 3 1 2 4
 607 423 551 0  65 1 3 1 2 4
 608 424  23 0  93 1 3 1 2 4
 609  79 136 0  33 1 3 1 2 4
 610  48 403 0  38 1 3 1 2 4
 611 278 855 0  84 1 3 1 2 4
 612 917  17 0  34 1 3 1 2 4
 613 646 585 0  12 1 3 1 2 4
 614 686 551 0  25 1 3 1 2 4
 615 683 979 0  29 1 3 1 2 4
 616 385 481 0  86 1 3 1 2 4
 617 608 711 0  88 1 3 1 2 4
 618 282 273 0  79 1 3 1 2 4
 619 830 410 0  11 1 3 1 2 4
 620 736 260 0  15 1 3 1 2 4
 621 919 413 0  28 1 3 1 2 4
 622 199 712 0  45 1 3 1 2 4
 623 866  38 0  26 1 3 1 2 4
 624 572 920 0  33 1 3 1 2 4
 625 156 202 0  65 1 3 1 2 4
 626 172 243 0  89 1 3 1 2 4
 627 162 488 0  40 1 3 1 2 4
 628 372  87 0  97 1 3 1 2 4
 629  38 846 0  46 1 3 1 2 4
 630 989 657 0 100 1 3 1 2 4
 631 126 506 0  75 1 3 1 2 4
 632 595 819 0  51 1 3 1 2 4
 633 476 186 0  41 1 3 1 2 4
 634  77 760 0   6 1 3 1 2 4
 635 397 190 0   2 1 3 1 2 4
 636 141 297 0   2 1 3 1 2 4
 637 895 859 0  17 1 3 1 2 4
 638 746  51 0  55 1 3 1 2 4
 639 101 186 0   7 1 3 1 2 4
 640 431 353 0  18 1 3 1 2 4
 641 678 549 0  19 1 3 1 2 4
 642 159 275 0  65 1 3 1 2 4
 643 174 956 0  93 1 3 1 2 4
 644 235 952 0  27 1 3 1 2 4
 645  15 769 0  41 1 3 1 2 4
 646 641 159 0   8 1 3 1 2 4
 647 904 412 0  71 1 3 1 2 4
 648 983 990 0  60 1 3 1 2 4
 649 421 493 0   5 1 3 1 2 4
 650 140 671 0  46 1 3 1 2 4
 651 185 299 0  46 1 3 1 2 4
 652 761  85 0  97 1 3 1 2 4
 653 816 771 0  47 1 3 1 2 4
 654   4 312 0  43 1 3 1 2 4
 655 703 202 0  72 1 3 1 2 4
 656 811 563 0  26 1 3 1 2 4
 657 657 411 0  61 1 3 1 2 4
 658 575  80 0  96 1 3 1 2 4
 659 176 223 0   9 1 3 1 2 4
 660 520 988 0  33 1 3 1 2 4
 661 432   4 0  40 1 3 1 2 4
 662 341 963 0  49 1 3 1 2 4
 663 348 953 0  85 1 3 1 2 4
 664  26 718 0  64 1 3 1 2 4
 665 186 621 0  35 1 3 1 2 4
 666 480  80 0  18 1 3 1 2 4
 667 369 919 0  86 1 3 1 2 4
 668 787 151 0  13 1 3 1 2 4
 669 604 473 0  93 1 3 1 2 4
 670 903 691 0  23 1 3 1 2 4
 671 429 604 0  34 1 3 1 2 4
 672 291 919 0  15 1 3 1 2 4
 673 692  44 0  53 1 3 1 2 4
 674 280 614 0  53 1 3 1 2 4
 675 659 958 0  89 1 3 1 2 4
 676  12 203 0  54 1 3 1 2 4
 677 303 791 0  41 1 3 1 2 4
 678 491 609 0  31 1 3 1 2 4
 679 680 966 0  56 1 3 1 2 4
 680 963 338 0  61 1 3 1 2 4
 681 347 336 0   5 1 3 1 2 4
 682 717 947 0  20 1 3 1 2 4
 683 818 138 0  23 1 3 1 2 4
 684 638 732 0  68 1 3 1 2 4
 685 691 402 0  87 1 3 1 2 4
 686 599 595 0  25 1 3 1 2 4
 687 188 293 0  97 1 3 1 2 4
 688 992 856 0   4 1 3 1 2 4
 689 847 978 0  33 1 3 1 2 4
 690 306 261 0  94 1 3 1 2 4
 691 216 190 0   5 1 3 1 2 4
 692 788 186 0  31 1 3 1 2 4
 693 121 168 0   7 1 3 1 2 4
 694 636 924 0  93 1 3 1 2 4
 695 662 905 0  52 1 3 1 2 4
 696 103 174 0  62 1 3 1 2 4
 697  33 169 0  84 1 3 1 2 4
 698 485 279 0  89 1 3 1 2 4
 699  97  32 0  59 1 3 1 2 4
 700 823  88 0  34 1 3 1 2 4
 701 621 955 0  90 1 3 1 2 4
 702 499   6 0  11 1 3 1 2 4
 703  34 537 0  14 1 3 1 2 4
 704 970 188 0  69 1 3 1 2 4
 705 587 933 0  30 1 3 1 2 4
 706 994 482 0  34 1 3 1 2 4
 707  49 396 0  79 1 3 1 2 4
 708 386 431 0  70 1 3 1 2 4
 709 206 819 0  60 1 3 1 2 4
 710 192 841 0  73 1 3 1 2 4
 711 707 375 0  10 1 3 1 2 4
 712 395   6 0  98 1 3 1 2 4
 713 815 371 0  48 1 3 1 2 4
 714  30 925 0  62 1 3 1 2 4
 715 538 667 0  32 1 3 1 2 4
 716 775 606 0  31 1 3 1 2 4
 717 987 737 0  53 1 3 1 2 4
 718 591 278 0  49 1 3 1 2 4
 719 994 125 0  37 1 3 1 2 4
 720 213 369 0  18 1 3 1 2 4
 721 157 538 0  62 1 3 1 2 4
 722  60 536 0  95 1 3 1 2 4
 723 479 166 0  66 1 3 1 2 4
 724 715  86 0  88 1 3 1 2 4
 725 844 461 0  81 1 3 1 2 4
 726 397 397 0  68 1 3 1 2 4
 727  95 961 0  38 1 3 1 2 4
 728 854 101 0  85 1 3 1 2 4
 729 968 734 0  35 1 3 1 2 4
 730 806 291 0  67 1 3 1 2 4
 731  26  91 0  31 1 3 1 2 4
 732 875 222 0   3 1 3 1 2 4
 733 181  41 0  29 1 3 1 2 4
 734 152  44 0  89 1 3 1 2 4
 735 122 634 0  94 1 3 1 2 4
 736 418 129 0  97 1 3 1 2 4
 737  35 540 0   3 1 3 1 2 4
 738 140 246 0  11 1 3 1 2 4
 739 246  40 0  99 1 3 1 2 4
 740 788 255 0  61 1 3 1 2 4
 741 129 700 0  74 1 3 1 2 4
 742 648 414 0  76 1 3 1 2 4
 743 366 994 0  30 1 3 1 2 4
 744 808 467 0  95 1 3 1 2 4
 745 964 865 0  97 1 3 1 2 4
 746 275 615 0  28 1 3 1 2 4
 747 386 287 0  81 1 3 1 2 4
 748 387 316 0   1 1 3 1 2 4
 749 201 781 0  49 1 3 1 2 4
 750 198 253 0  20 1 3 1 2 4
 751 189 440 0  79 1 3 1 2 4
 752 517 665 0  97 1 3 1 2 4
 753 865 505 0  51 1 3 1 2 4
 754 793  76 0  94 1 3 1 2 4
 755 639 119 0  35 1 3 1 2 4
 756 743 575 0 100 1 3 1 2 4
 757 920 300 0  67 1 3 1 2 4
 758 295 755 0  18 1 3 1 2 4
 759 559 515 0  32 1 3 1 2 4
 760 575 216 0   2 1 3 1 2 4
 761  69 788 0  84 1 3 1 2 4
 762 893  62 0  73 1 3 1 2 4
 763 972 645 0   7 1 3 1 2 4
 764 686  86 0  65 1 3 1 2 4
 765 507 206 0  15 1 3 1 2 4
 766  18  53 0  46 1 3 1 2 4
 767 919 635 0  50 1 3 1 2 4
 768 848 917 0  47 1 3 1 2 4
 769 549 409 0  43 1 3 1 2 4
 770 245  60 0  61 1 3 1 2 4
 771 556 693 0  91 1 3 1 2 4
 772 215 971 0  92 1 3 1 2 4
 773 128 321 0  51 1 3 1 2 4
 774 860 268 0  54 1 3 1 2 4
 775 588 154 0  22 1 3 1 2 4
 776 124 468 0  23 1 3 1 2 4
 777   6 189 0  35 1 3 1 2 4
 778 606 590 0  35 1 3 1 2 4
 779 600 402 0  59 1 3 1 2 4
 780 726 541 0  37 1 3 1 2 4
 781 894 449 0  80 1 3 1 2 4
 782 383 398 0  14 1 3 1 2 4
 783 799 222 0  22 1 3 1 2 4
 784 864 411 0  64 1 3 1 2 4
 785 363  20 0  20 1 3 1 2 4
 786 410 305 0  93 1 3 1 2 4
 787 439 700 0  51 1 3 1 2 4
 788 734 331 0  30 1 3 1 2 4
 789 866 733 0  16 1 3 1 2 4
 790 412 710 0  44 1 3 1 2 4
 791 792 943 0  14 1 3 1 2 4
 792 750 512 0  49 1 3 1 2 4
 793 576 838 0  77 1 3 1 2 4
 794 777 834 0  76 1 3 1 2 4
 795  82 542 0  17 1 3 1 2 4
 796 794 888 0  50 1 3 1 2 4
 797 204 396 0  40 1 3 1 2 4
 798  26  77 0  87 1 3 1 2 4
 799 401 833 0  87 1 3 1 2 4
 800 586 504 0  34 1 3 1 2 4
 801 285 518 0  96 1 3 1 2 4
 802 469 871 0  42 1 3 1 2 4
 803 498 921 0  23 1 3 1 2 4
 804 126 849 0  18 1 3 1 2 4
 805  43 826 0  72 1 3 1 2 4
 806 751 580 0 100 1 3 1 2 4
 807 153 650 0  55 1 3 1 2 4
 808 326 903 0  28 1 3 1 2 4
 809  89  10 0  52 1 3 1 2 4
 810 492 952 0  55 1 3 1 2 4
 811 319 742 0  74 1 3 1 2 4
 812 234 539 0  73 1 3 1 2 4
 813 419 134 0  66 1 3 1 2 4
 814 154  33 0  78 1 3 1 2 4
 815 201 660 0  68 1 3 1 2 4
 816 402 251 0  68 1 3 1 2 4
 817 403  88 0  61 1 3 1 2 4
 818 636 965 0   9 1 3 1 2 4
 819 588   1 0   1 1 3 1 2 4
 820 167 526 0  18 1 3 1 2 4
 821 357 503 0  21 1 3 1 2 4
 822 975 790 0   5 1 3 1 2 4
 823 126 375 0  65 1 3 1 2 4
 824 649 258 0  73 1 3 1 2 4
 825 882  65 0  38 1 3 1 2 4
 826 867 477 0  65 1 3 1 2 4
 827 781 235 0  85 1 3 1 2 4
 828 874 157 0  40 1 3 1 2 4
 829 862 136 0  41 1 3 1 2 4
 830 757 469 0  10 1 3 1 2 4
 831 879 834 0  55 1 3 1 2 4
 832 754 542 0  35 1 3 1 2 4
 833 350 654 0   1 1 3 1 2 4
 834 463 435 0 100 1 3 1 2 4
 835 441 860 0   5 1 3 1 2 4
 836 223 347 0  79 1 3 1 2 4
 837 564 733 0  50 1 3 1 2 4
 838 585 685 0  83 1 3 1 2 4
 839 496 581 0  56 1 3 1 2 4
 840 545 211 0  71 1 3 1 2 4
 841 195 898 0  69 1 3 1 2 4
 842 572 889 0   9 1 3 1 2 4
 843 860 775 0  65 1 3 1 2 4
 844 874 798 0  35 1 3 1 2 4
 845 890 129 0  62 1 3 1 2 4
 846 238 867 0  19 1 3 1 2 4
 847 500 853 0  53 1 3 1 2 4
 848 188 386 0  15 1 3 1 2 4
 849 173 123 0  73 1 3 1 2 4
 850 672 854 0  44 1 3 1 2 4
 851 882 676 0  65 1 3 1 2 4
 852 677 396 0  10 1 3 1 2 4
 853 132 785 0  40 1 3 1 2 4
 854 394 553 0  82 1 3 1 2 4
 855  34 690 0  55 1 3 1 2 4
 856 208 635 0  63 1 3 1 2 4
 857 938 745 0  18 1 3 1 2 4
 858 992 981 0  18 1 3 1 2 4
 859 927 938 0   3 1 3 1 2 4
 860 902 650 0  63 1 3 1 2 4
 861 862 221 0  31 1 3 1 2 4
 862 165  21 0  51 1 3 1 2 4
 863 941 765 0  89 1 3 1 2 4
 864 957  77 0  79 1 3 1 2 4
 865 677 705 0  29 1 3 1 2 4
 866 835 335 0  10 1 3 1 2 4
 867 882 933 0  75 1 3 1 2 4
 868 900 262 0  41 1 3 1 2 4
 869 438 700 0   6 1 3 1 2 4
 870 804 338 0  67 1 3 1 2 4
 871 915 555 0  66 1 3 1 2 4
 872 398 334 0  48 1 3 1 2 4
 873 893 377 0  85 1 3 1 2 4
 874 745 587 0  92 1 3 1 2 4
 875 872  35 0  49 1 3 1 2 4
 876 549 375 0  91 1 3 1 2 4
 877   9 600 0  85 1 3 1 2 4
 878  62 649 0  83 1 3 1 2 4
 879 811 371 0   4 1 3 1 2 4
 880 556 759 0  96 1 3 1 2 4
 881 692 232 0   2 1 3 1 2 4
 882 659 381 0  79 1 3 1 2 4
 883 720 444 0  21 1 3 1 2 4
 884 237 501 0  16 1 3 1 2 4
 885 314 935 0  81 1 3 1 2 4
 886 497 435 0  65 1 3 1 2 4
 887 210 959 0  54 1 3 1 2 4
 888 636 372 0  58 1 3 1 2 4
 889  28 724 0  23 1 3 1 2 4
 890 724 698 0   7 1 3 1 2 4
 891 370 659 0  58 1 3 1 2 4
 892 987 914 0  64 1 3 1 2 4
 893 771 136 0  70 1 3 1 2 4
 894 222 628 0  11 1 3 1 2 4
 895 720 936 0  91 1 3 1 2 4
 896 346 783 0  79 1 3 1 2 4
 897 601 908 0   2 1 3 1 2 4
 898 168 986 0  43 1 3 1 2 4
 899 621 358 0  78 1 3 1 2 4
 900 904 733 0  62 1 3 1 2 4
 901 169 319 0  48 1 3 1 2 4
 902 996 953 0   6 1 3 1 2 4
 903 810 241 0  52 1 3 1 2 4
 904 571 150 0  90 1 3 1 2 4
 905 594 134 0  63 1 3 1 2 4
 906 276 717 0  41 1 3 1 2 4
 907 603 631 0  18 1 3 1 2 4
 908 858 952 0  80 1 3 1 2 4
 909 335 430 0  65 1 3 1 2 4
 910 162 464 0  84 1 3 1 2 4
 911 689 486 0  22 1 3 1 2 4
 912 739 217 0  17 1 3 1 2 4
 913 692 666 0  48 1 3 1 2 4
 914 379  83 0  41 1 3 1 2 4
 915  38 124 0  37 1 3 1 2 4
 916 933 248 0  31 1 3 1 2 4
 917 690 763 0  38 1 3 1 2 4
 918 949 521 0  91 1 3 1 2 4
 919 594 704 0  15 1 3 1 2 4
 920 846 604 0  91 1 3 1 2 4
 921 220 306 0  86 1 3 1 2 4
 922  33 638 0  50 1 3 1 2 4
 923 769 859 0  52 1 3 1 2 4
 924 360 794 0   5 1 3 1 2 4
 925 629 297 0   2 1 3 1 2 4
 926 988 658 0  28 1 3 1 2 4
 927  75 546 0  53 1 3 1 2 4
 928 731 556 0  16 1 3 1 2 4
 929 307 102 0  26 1 3 1 2 4
 930 261 358 0   5 1 3 1 2 4
 931 448 897 0  96 1 3 1 2 4
 932 208 780 0  85 1 3 1 2 4
 933 259   0 0  71 1 3 1 2 4
 934 481 839 0  64 1 3 1 2 4
 935 609  96 0  97 1 3 1 2 4
 936 151 358 0  94 1 3 1 2 4
 937  86 355 0  50 1 3 1 2 4
 938 559 930 0 100 1 3 1 2 4
 939 262 848 0  48 1 3 1 2 4
 940 493 100 0  80 1 3 1 2 4
 941 285  17 0  67 1 3 1 2 4
 942 699 548 0  20 1 3 1 2 4
 943  25 985 0  64 1 3 1 2 4
 944 163 317 0   1 1 3 1 2 4
 945 574 473 0  49 1 3 1 2 4
 946 885 291 0  76 1 3 1 2 4
 947 784 707 0  83 1 3 1 2 4
 948 420 172 0  80 1 3 1 2 4
 949 749 950 0  60 1 3 1 2 4
 950 268 742 0  98 1 3 1 2 4
 951  40 779 0  71 1 3 1 2 4
 952 315 131 0  29 1 3 1 2 4
 953 515 104 0  56 1 3 1 2 4
 954 120 493 0  46 1 3 1 2 4
 955 817  66 0  12 1 3 1 2 4
 956 984 449 0  73 1 3 1 2 4
 957 564 480 0   2 1 3 1 2 4
 958 691 463 0  54 1 3 1 2 4
 959 380 666 0  33 1 3 1 2 4
 960 434 670 0  91 1 3 1 2 4
 961 816  68 0  98 1 3 1 2 4
 962 444  87 0  60 1 3 1 2 4
 963 458 338 0  94 1 3 1 2 4
 964  18 954 0  14 1 3 1 2 4
 965 326 461 0  52 1 3 1 2 4
 966 412 563 0  36 1 3 1 2 4
 967 684 124 0  77 1 3 1 2 4
 968 283 392 0  44 1 3 1 2 4
 969 449 611 0  35 1 3 1 2 4
 970 335 917 0  11 1 3 1 2 4
 971 850 670 0  56 1 3 1 2 4
 972  66  82 0  12 1 3 1 2 4
 973 122 821 0  76 1 3 1 2 4
 974 595 806 0  86 1 3 1 2 4
 975 979 380 0  44 1 3 1 2 4
 976 150 397 0  90 1 3 1 2 4
 977 350 190 0  75 1 3 1 2 4
 978 712 164 0  62 1 3 1 2 4
 979 376 160 0  74 1 3 1 2 4
 980 270  24 0  86 1 3 1 2 4
 981 477 160 0  28 1 3 1 2 4
 982   1 747 0  24 1 3 1 2 4
 983 523 244 0  79 1 3 1 2 4
 984 466 243 0  96 1 3 1 2 4
 985 176 542 0   4 1 3 1 2 4
 986 942 362 0  29 1 3 1 2 4
 987 696 821 0  60 1 3 1 2 4
 988 317 143 0  53 1 3 1 2 4
 989 513 360 0  39 1 3 1 2 4
 990 579 643 0   9 1 3 1 2 4
 991 446 260 0   5 1 3 1 2 4
 992 978 275 0  45 1 3 1 2 4
 993 208 444 0   3 1 3 1 2 4
 994 760 334 0  91 1 3 1 2 4
 995 269 753 0  62 1 3 1 2 4
 996 941 593 0  79 1 3 1 2 4
 997 267 467 0  98 1 3 1 2 4
 998  49 383 0  33 1 3 1 2 4
 999 357 272 0  62 1 3 1 2 4
1000 807 314 0  75 1 3 1 2 4
1001  79 257 0  23 1 3 1 2 4
1002 780 217 0  28 1 3 1 2 4
1003 920 837 0  50 1 3 1 2 4
1004 631 186 0  68 1 3 1 2 4
1005 468  76 0  51 1 3 1 2 4
1006 725 199 0  81 1 3 1 2 4
1007 154 906 0  93 1 3 1 2 4
1008 632 225 0   1 1 3 1 2 4
1009 681 284 0  12 1 3 1 2 4
1010 650 639 0  13 1 3 1 2 4
1011 184 102 0  74 1 3 1 2 4
1012 248 527 0  28 1 3 1 2 4
1013 808 636 0  59 1 3 1 2 4
1014 656 492 0  29 1 3 1 2 4
1015 201 690 0  84 1 3 1 2 4
1016 162 438 0  56 1 3 1 2 4
1017 229 196 0  12 1 3 1 2 4
1018 791 375 0  99 1 3 1 2 4
1019 450 326 0  98 1 3 1 2 4
1020 640 586 0  51 1 3 1 2 4
1021 155 896 0  54 1 3 1 2 4
1022 721 652 0  34 1 3 1 2 4
1023 672 978 0  40 1 3 1 2 4
1024 488 408 0  84 1 3 1 2 4
1025 530 795 0  88 1 3 1 2 4
1026 785 206 0  56 1 3 1 2 4
1027 517 276 0  44 1 3 1 2 4
1028 277 760 0  11 1 3 1 2 4
1029 606 883 0   3 1 3 1 2 4
1030   6 943 0  43 1 3 1 2 4
1031  83 919 0  18 1 3 1 2 4
1032 976 823 0  61 1 3 1 2 4
1033 179  12 0  63 1 3 1 2 4
1034 912 503 0  10 1 3 1 2 4
1035 504 523 0  73 1 3 1 2 4
1036 422 356 0   7 1 3 1 2 4
1037 972 373 0  72 1 3 1 2 4
1038 997 692 0  81 1 3 1 2 4
1039 237 979 0  90 1 3 1 2 4
1040 267 824 0  41 1 3 1 2 4
1041 609 268 0  81 1 3 1 2 4
1042 104 338 0  36 1 3 1 2 4
1043 582 908 0  77 1 3 1 2 4
1044 794 227 0  88 1 3 1 2 4
1045 773 498 0  16 1 3 1 2 4
1046 577 448 0  81 1 3 1 2 4
1047 500 881 0  23 1 3 1 2 4
1048 640 187 0  16 1 3 1 2 4
1049 624 102 0  68 1 3 1 2 4
1050 674 409 0  40 1 3 1 2 4
1051 815 105 0  75 1 3 1 2 4
1052 429 161 0  53 1 3 1 2 4
1053 856 459 0  90 1 3 1 2 4
1054 277 653 0  92 1 3 1 2 4
1055  70 593 0  95 1 3 1 2 4
1056 865 265 0  18 1 3 1 2 4
1057 831 371 0   7 1 3 1 2 4
1058  42 674 0  20 1 3 1 2 4
1059 114 466 0  73 1 3 1 2 4
1060 708 477 0  86 1 3 1 2 4
1061 584 231 0   3 1 3 1 2 4
1062 604 928 0  17 1 3 1 2 4
1063 210 844 0  91 1 3 1 2 4
1064  76 918 0  35 1 3 1 2 4
1065 212  61 0  17 1 3 1 2 4
1066 352 552 0  75 1 3 1 2 4
1067  26 391 0  19 1 3 1 2 4
1068 333 379 0  61 1 3 1 2 4
1069 928 558 0  91 1 3 1 2 4
1070 960 192 0  79 1 3 1 2 4
1071 585 848 0  31 1 3 1 2 4
1072 365  14 0  90 1 3 1 2 4
1073 762 593 0  99 1 3 1 2 4
1074 428 447 0  86 1 3 1 2 4
1075 290 482 0  26 1 3 1 2 4
1076 143 941 0  24 1 3 1 2 4
1077 862 483 0  36 1 3 1 2 4
1078 816  35 0  98 1 3 1 2 4
1079 496  59 0   8 1 3 1 2 4
1080 282 162 0  50 1 3 1 2 4
1081 443 327 0   2 1 3 1 2 4
1082 626 300 0  47 1 3 1 2 4
1083 615 325 0  47 1 3 1 2 4
1084 722 664 0  57 1 3 1 2 4
1085 787 782 0  11 1 3 1 2 4
1086  30 474 0  57 1 3 1 2 4
1087 760 156 0  90 1 3 1 2 4
1088 130 716 0  87 1 3 1 2 4
1089 145 387 0  77 1 3 1 2 4
1090 489 682 0  68 1 3 1 2 4
1091 362 241 0  50 1 3 1 2 4
1092 253 338 0  76 1 3 1 2 4
1093 902 663 0  29 1 3 1 2 4
1094 432 221 0  64 1 3 1 2 4
1095 735  12 0  81 1 3 1 2 4
1096  94 862 0  16 1 3 1 2 4
1097 191 605 0  74 1 3 1 2 4
1098 348 659 0  44 1 3 1 2 4
1099 299 390 0  17 1 3 1 2 4
1100 904 177 0  50 1 3 1 2 4
1101 462 460 0  30 1 3 1 2 4
1102 897 709 0  41 1 3 1 2 4
1103 574 671 0  84 1 3 1 2 4
1104  16 661 0  34 1 3 1 2 4
1105 134  46 0  82 1 3 1 2 4
1106 900 526 0  10 1 3 1 2 4
1107 168 647 0  19 1 3 1 2 4
1108  40 229 0  54 1 3 1 2 4
1109 957 898 0  34 1 3 1 2 4
1110 145 416 0  54 1 3 1 2 4
1111 272 200 0  17 1 3 1 2 4
1112 751  68 0   2 1 3 1 2 4
1113 551 198 0  35 1 3 1 2 4
1114 545 151 0  55 1 3 1 2 4
1115 187 195 0  73 1 3 1 2 4
1116 349 912 0  27 1 3 1 2 4
1117 185 636 0  98 1 3 1 2 4
1118 424 571 0  91 1 3 1 2 4
1119 178 928 0  50 1 3 1 2 4
1120 329 102 0  77 1 3 1 2 4
1121 741 866 0   1 1 3 1 2 4
1122 915 882 0  60 1 3 1 2 4
1123 810 825 0  65 1 3 1 2 4
1124  51 831 0  78 1 3 1 2 4
1125 854 306 0  81 1 3 1 2 4
1126 967 154 0  58 1 3 1 2 4
1127 341  44 0  73 1 3 1 2 4
1128 560 117 0  60 1 3 1 2 4
1129 919 269 0  88 1 3 1 2 4
1130 757 959 0  47 1 3 1 2 4
1131 416 726 0  22 1 3 1 2 4
1132 905 401 0  73 1 3 1 2 4
1133 918 138 0  34 1 3 1 2 4
1134 622 219 0  32 1 3 1 2 4
1135 732 631 0  43 1 3 1 2 4
1136 458  81 0  57 1 3 1 2 4
1137  29 601 0  72 1 3 1 2 4
1138 202 535 0  81 1 3 1 2 4
1139 117 132 0  20 1 3 1 2 4
1140  77 462 0  10 1 3 1 2 4
1141 640 768 0  13 1 3 1 2 4
1142 337 768 0  81 1 3 1 2 4
1143 578 462 0  95 1 3 1 2 4
1144 312 584 0  49 1 3 1 2 4
1145 603 228 0  34 1 3 1 2 4
1146 300 324 0  53 1 3 1 2 4
1147  26 460 0 100 1 3 1 2 4
1148 947 595 0  16 1 3 1 2 4
1149   3 312 0  12 1 3 1 2 4
1150 601 515 0  89 1 3 1 2 4
1151 648 615 0  65 1 3 1 2 4
1152 495 698 0  76 1 3 1 2 4
1153 279 747 0  52 1 3 1 2 4
1154  85 294 0  48 1 3 1 2 4
1155 218 817 0  88 1 3 1 2 4
1156 747 694 0  25 1 3 1 2 4
1157 420 450 0  76 1 3 1 2 4
1158 307 286 0   3 1 3 1 2 4
1159 847 803 0  18 1 3 1 2 4
1160 375 495 0  32 1 3 1 2 4
1161 672 967 0  89 1 3 1 2 4
1162 881 676 0  14 1 3 1 2 4
1163 649  40 0  62 1 3 1 2 4
1164 906  65 0  89 1 3 1 2 4
1165 323 511 0  46 1 3 1 2 4
1166 259 933 0   9 1 3 1 2 4
1167 427 891 0  92 1 3 1 2 4
1168 511 772 0  28 1 3 1 2 4
1169 104 280 0  68 1 3 1 2 4
1170 700   7 0  36 1 3 1 2 4
1171 335 986 0  21 1 3 1 2 4
1172 317 304 0  86 1 3 1 2 4
1173 281 998 0  93 1 3 1 2 4
1174 235 898 0  82 1 3 1 2 4
1175 265 230 0  36 1 3 1 2 4
1176 739 502 0   1 1 3 1 2 4
1177  61 930 0  86 1 3 1 2 4
1178 156 433 0  83 1 3 1 2 4
1179 661 958 0  12 1 3 1 2 4
1180 769 946 0  50 1 3 1 2 4
1181 442 583 0   6 1 3 1 2 4
1182 787 593 0  77 1 3 1 2 4
1183 795 709 0  38 1 3 1 2 4
1184 512 728 0  77 1 3 1 2 4
1185 378 925 0  34 1 3 1 2 4
1186 178 662 0  19 1 3 1 2 4
1187 294 144 0  76 1 3 1 2 4
1188 627 371 0  48 1 3 1 2 4
1189 836  91 0  21 1 3 1 2 4
1190 330 717 0  91 1 3 1 2 4
1191  68 553 0  52 1 3 1 2 4
1192 595  92 0  57 1 3 1 2 4
1193 748 221 0  46 1 3 1 2 4
1194 832 391 0  58 1 3 1 2 4
1195 542 389 0  94 1 3 1 2 4
1196 596 413 0  82 1 3 1 2 4
1197 463 401 0  14 1 3 1 2 4
1198 406 606 0  93 1 3 1 2 4
1199 322 944 0  55 1 3 1 2 4
1200 591 352 0  90 1 3 1 2 4
1201 985 179 0  78 1 3 1 2 4
1202 925 113 0  65 1 3 1 2 4
1203 260 283 0  64 1 3 1 2 4
1204 390 697 0  65 1 3 1 2 4
1205 904 798 0  73 1 3 1 2 4
1206 835 164 0   8 1 3 1 2 4
1207 272 428 0  91 1 3 1 2 4
1208 566 926 0  91 1 3 1 2 4
1209  48 752 0  70 1 3 1 2 4
1210 134 149 0  54 1 3 1 2 4
1211 516 368 0  49 1 3 1 2 4
1212 445 123 0  17 1 3 1 2 4
1213 181 919 0  20 1 3 1 2 4
1214 853 623 0  80 1 3 1 2 4
1215 134 405 0  61 1 3 1 2 4
1216 857 196 0  39 1 3 1 2 4
1217 407 936 0  30 1 3 1 2 4
1218 421 748 0  54 1 3 1 2 4
1219 721 586 0  38 1 3 1 2 4
1220 496 370 0  34 1 3 1 2 4
1221 447 419 0  39 1 3 1 2 4
1222 320 359 0  92 1 3 1 2 4
1223 884 814 0  39 1 3 1 2 4
1224 870  32 0  36 1 3 1 2 4
1225 261 230 0   5 1 3 1 2 4
1226 442 961 0  70 1 3 1 2 4
1227 211 851 0  56 1 3 1 2 4
1228 800 389 0  54 1 3 1 2 4
1229 631 586 0   4 1 3 1 2 4
1230 848  66 0  12 1 3 1 2 4
1231 728 446 0  56 1 3 1 2 4
1232 236 249 0  18 1 3 1 2 4
1233 795 525 0  99 1 3 1 2 4
1234 143 600 0  91 1 3 1 2 4
1235 339 287 0  76 1 3 1 2 4
1236 713 115 0  33 1 3 1 2 4
1237 550 889 0  75 1 3 1 2 4
1238 212 541 0  96 1 3 1 2 4
1239 666 718 0  72 1 3 1 2 4
1240 376 723 0  19 1 3 1 2 4
1241 502 481 0  20 1 3 1 2 4
1242 507 105 0  89 1 3 1 2 4
1243 121 704 0  34 1 3 1 2 4
1244 477 259 0  96 1 3 1 2 4
1245 623  11 0  91 1 3 1 2 4
1246 779 327 0  28 1 3 1 2 4
1247 685 544 0  79 1 3 1 2 4
1248  63 619 0  37 1 3 1 2 4
1249 689 468 0  64 1 3 1 2 4
1250 546 857 0  61 1 3 1 2 4
1251 802 616 0  72 1 3 1 2 4
1252 687 921 0   5 1 3 1 2 4
1253 268 218 0   6 1 3 1 2 4
1254 766 630 0  78 1 3 1 2 4
1255 482 675 0  72 1 3 1 2 4
1256 486 880 0  65 1 3 1 2 4
1257 602 927 0  46 1 3 1 2 4
1258 106 988 0  35 1 3 1 2 4
1259 445 934 0  91 1 3 1 2 4
1260 908 754 0  29 1 3 1 2 4
1261 479 388 0  24 1 3 1 2 4
1262 168  23 0   5 1 3 1 2 4
1263 388 904 0   7 1 3 1 2 4
1264 806 454 0  41 1 3 1 2 4
1265 504 712 0  53 1 3 1 2 4
1266 702 776 0  20 1 3 1 2 4
1267 235 562 0  15 1 3 1 2 4
1268  15 476 0  95 1 3 1 2 4
1269 933 434 0  71 1 3 1 2 4
1270 726 811 0   5 1 3 1 2 4
1271 947 330 0  12 1 3 1 2 4
1272 454 869 0  10 1 3 1 2 4
1273 709 517 0  38 1 3 1 2 4
1274 551  73 0 100 1 3 1 2 4
1275 113 889 0  50 1 3 1 2 4
1276 304 578 0  15 1 3 1 2 4
1277  22 421 0  10 1 3 1 2 4
1278 424 523 0  69 1 3 1 2 4
1279 498 658 0  43 1 3 1 2 4
1280 644 353 0  74 1 3 1 2 4
1281  82 639 0  76 1 3 1 2 4
1282 531 795 0  36 1 3 1 2 4
1283 302 542 0  78 1 3 1 2 4
1284 760 552 0  87 1 3 1 2 4
1285   0  85 0  53 1 3 1 2 4
1286 689 207 0   5 1 3 1 2 4
1287  61 434 0  77 1 3 1 2 4
1288   7 695 0  89 1 3 1 2 4
1289 465 893 0  74 1 3 1 2 4
1290 328 971 0  98 1 3 1 2 4
1291  99 975 0  10 1 3 1 2 4
1292 469 287 0  95 1 3 1 2 4
1293 970  51 0  99 1 3 1 2 4
1294 464 309 0  81 1 3 1 2 4
1295  71 375 0  22 1 3 1 2 4
1296 333 157 0  57 1 3 1 2 4
1297 433 121 0  77 1 3 1 2 4
1298   3 429 0  91 1 3 1 2 4
1299 767 141 0  49 1 3 1 2 4
1300 577 449 0  12 1 3 1 2 4
1301 322 906 0  59 1 3 1 2 4
1302 662 315 0  37 1 3 1 2 4
1303 170 506 0  31 1 3 1 2 4
1304 527  38 0  65 1 3 1 2 4
1305 373 486 0  26 1 3 1 2 4
1306 854 257 0  96 1 3 1 2 4
1307 217 251 0  79 1 3 1 2 4
1308 183 895 0  77 1 3 1 2 4
1309  60 493 0   9 1 3 1 2 4
1310 456 914 0  95 1 3 1 2 4
1311 204 197 0  55 1 3 1 2 4
1312 970 308 0  62 1 3 1 2 4
1313 172 315 0  99 1 3 1 2 4
1314 444 811 0  13 1 3 1 2 4
1315 963 882 0  82 1 3 1 2 4
1316 267 455 0  84 1 3 1 2 4
1317 534 537 0  41 1 3 1 2 4
1318 141 909 0  29 1 3 1 2 4
1319 568 673 0  43 1 3 1 2 4
1320 536 525 0  35 1 3 1 2 4
1321 125 492 0  53 1 3 1 2 4
1322 755 680 0  91 1 3 1 2 4
1323 271 335 0  64 1 3 1 2 4
1324 554 509 0  65 1 3 1 2 4
1325 387  22 0  38 1 3 1 2 4
1326 536 880 0  60 1 3 1 2 4
1327  75 392 0  17 1 3 1 2 4
1328 915 741 0  97 1 3 1 2 4
1329  94 771 0  82 1 3 1 2 4
1330 282 718 0  43 1 3 1 2 4
1331 947 792 0  61 1 3 1 2 4
1332 829 768 0  99 1 3 1 2 4
1333 278 871 0  56 1 3 1 2 4
1334 184 537 0  47 1 3 1 2 4
1335 786 573 0  67 1 3 1 2 4
1336 970 497 0  24 1 3 1 2 4
1337 204 404 0  96 1 3 1 2 4
1338 943 663 0  62 1 3 1 2 4
1339 751 108 0  66 1 3 1 2 4
1340 392 138 0  28 1 3 1 2 4
1341 678 121 0  91 1 3 1 2 4
1342  19 842 0  75 1 3 1 2 4
1343 822 148 0  95 1 3 1 2 4
1344 569 336 0  27 1 3 1 2 4
1345 899 907 0  64 1 3 1 2 4
1346 416 204 0   5 1 3 1 2 4
1347 791 862 0  91 1 3 1 2 4
1348 220 167 0  38 1 3 1 2 4
1349 204 134 0  32 1 3 1 2 4
1350 222 960 0  82 1 3 1 2 4
1351 114 131 0  31 1 3 1 2 4
1352 578 119 0  68 1 3 1 2 4
1353 443 995 0  42 1 3 1 2 4
1354 822 463 0  11 1 3 1 2 4
1355 554 744 0  20 1 3 1 2 4
1356  62  89 0   4 1 3 1 2 4
1357 815 993 0  77 1 3 1 2 4
1358  47 452 0  63 1 3 1 2 4
1359 670  91 0  28 1 3 1 2 4
1360 446 556 0  68 1 3 1 2 4
1361 850 109 0  89 1 3 1 2 4
1362 408 887 0  55 1 3 1 2 4
1363 207 969 0  55 1 3 1 2 4
1364 643 378 0  60 1 3 1 2 4
1365 630 232 0  98 1 3 1 2 4
1366 324 392 0  45 1 3 1 2 4
1367 810 624 0   3 1 3 1 2 4
1368 404 435 0   0 0 0
1369 324 262 0   0 0 0
1370 207 734 0   0 0 0
