2 354 1403 3
0 247
0 247
0 247
   1 215  162 0  84 1 3 1 2 4
   2 763  838 0  94 1 3 1 2 4
   3 748  559 0  48 1 3 1 2 4
   4 481  156 0  84 1 3 1 2 4
   5 991  206 0  66 1 3 1 2 4
   6 320  160 0  21 1 3 1 2 4
   7 813  273 0  50 1 3 1 2 4
   8 643  718 0   7 1 3 1 2 4
   9 683  731 0  83 1 3 1 2 4
  10 481  148 0  65 1 3 1 2 4
  11 588  698 0  12 1 3 1 2 4
  12 893  501 0  64 1 3 1 2 4
  13 538   88 0  92 1 3 1 2 4
  14 793  196 0  35 1 3 1 2 4
  15 778  939 0  40 1 3 1 2 4
  16 837  917 0  45 1 3 1 2 4
  17 621  529 0  33 1 3 1 2 4
  18 450  611 0  25 1 3 1 2 4
  19 368  783 0  53 1 3 1 2 4
  20 805  284 0  85 1 3 1 2 4
  21 849  996 0  16 1 3 1 2 4
  22 444  671 0  99 1 3 1 2 4
  23 130   79 0  38 1 3 1 2 4
  24 172  270 0  31 1 3 1 2 4
  25 173  587 0  26 1 3 1 2 4
  26  97  254 0   6 1 3 1 2 4
  27 676  199 0  58 1 3 1 2 4
  28 207  174 0  41 1 3 1 2 4
  29 560  958 0  12 1 3 1 2 4
  30 329  739 0  49 1 3 1 2 4
  31  90  156 0  26 1 3 1 2 4
  32 166  813 0  39 1 3 1 2 4
  33 193  747 0  18 1 3 1 2 4
  34 877  843 0  18 1 3 1 2 4
  35 969  982 0  92 1 3 1 2 4
  36   1  797 0  71 1 3 1 2 4
  37 999  400 0  58 1 3 1 2 4
  38 604  377 0  60 1 3 1 2 4
  39 563  992 0  83 1 3 1 2 4
  40 247  202 0  52 1 3 1 2 4
  41 456  266 0  53 1 3 1 2 4
  42 429  739 0  24 1 3 1 2 4
  43 927  189 0  68 1 3 1 2 4
  44 201    7 0   5 1 3 1 2 4
  45 873  240 0  37 1 3 1 2 4
  46 951  151 0  47 1 3 1 2 4
  47 525  379 0  94 1 3 1 2 4
  48 631  968 0  68 1 3 1 2 4
  49 962   57 0  20 1 3 1 2 4
  50  57  905 0  74 1 3 1 2 4
  51 606   75 0  30 1 3 1 2 4
  52 659  483 0  13 1 3 1 2 4
  53 876  912 0  60 1 3 1 2 4
  54 526   85 0  23 1 3 1 2 4
  55 878   78 0  44 1 3 1 2 4
  56 207  512 0  61 1 3 1 2 4
  57   1  445 0  11 1 3 1 2 4
  58 101  760 0  30 1 3 1 2 4
  59   7  462 0  99 1 3 1 2 4
  60 895  338 0   9 1 3 1 2 4
  61 459  712 0   1 1 3 1 2 4
  62 637  686 0  48 1 3 1 2 4
  63  43  764 0  97 1 3 1 2 4
  64  45  479 0  18 1 3 1 2 4
  65 576  477 0  84 1 3 1 2 4
  66 813  158 0  50 1 3 1 2 4
  67 525  641 0  87 1 3 1 2 4
  68 549  447 0  70 1 3 1 2 4
  69 279  478 0  59 1 3 1 2 4
  70 905  124 0  46 1 3 1 2 4
  71 579  206 0  80 1 3 1 2 4
  72 267  525 0  42 1 3 1 2 4
  73 610  249 0  38 1 3 1 2 4
  74 306  831 0  82 1 3 1 2 4
  75 759  932 0   9 1 3 1 2 4
  76 531  507 0  14 1 3 1 2 4
  77 292  616 0  80 1 3 1 2 4
  78 979  870 0  31 1 3 1 2 4
  79 543  797 0  88 1 3 1 2 4
  80 489  888 0  42 1 3 1 2 4
  81 337  856 0  83 1 3 1 2 4
  82 630  873 0  59 1 3 1 2 4
  83 343  675 0  49 1 3 1 2 4
  84 952  856 0  52 1 3 1 2 4
  85 436  520 0  42 1 3 1 2 4
  86 461  935 0  15 1 3 1 2 4
  87 309  547 0  44 1 3 1 2 4
  88 515  991 0  38 1 3 1 2 4
  89 510  400 0  34 1 3 1 2 4
  90 887  194 0  54 1 3 1 2 4
  91 632   65 0  83 1 3 1 2 4
  92 473  193 0  74 1 3 1 2 4
  93 179  903 0  68 1 3 1 2 4
  94 198  553 0  50 1 3 1 2 4
  95 892   96 0  68 1 3 1 2 4
  96 580  368 0   7 1 3 1 2 4
  97 340  144 0  68 1 3 1 2 4
  98 411  384 0  16 1 3 1 2 4
  99 781  777 0  90 1 3 1 2 4
 100 935  302 0  15 1 3 1 2 4
 101  61  352 0  40 1 3 1 2 4
 102  88  585 0   2 1 3 1 2 4
 103 605  317 0  49 1 3 1 2 4
 104 281  769 0  85 1 3 1 2 4
 105 619  396 0  18 1 3 1 2 4
 106 716  400 0  17 1 3 1 2 4
 107 255  984 0  45 1 3 1 2 4
 108 466  119 0  48 1 3 1 2 4
 109 738  632 0  57 1 3 1 2 4
 110  12  699 0  29 1 3 1 2 4
 111 718  126 0  88 1 3 1 2 4
 112 953  714 0  97 1 3 1 2 4
 113 256   80 0  10 1 3 1 2 4
 114 839  497 0  75 1 3 1 2 4
 115 280  376 0   5 1 3 1 2 4
 116 219  407 0   9 1 3 1 2 4
 117 876  678 0  95 1 3 1 2 4
 118 747  497 0  72 1 3 1 2 4
 119 583   11 0  21 1 3 1 2 4
 120 846  473 0  14 1 3 1 2 4
 121 849  993 0  37 1 3 1 2 4
 122 584  636 0  40 1 3 1 2 4
 123 389   49 0   8 1 3 1 2 4
 124 435  725 0  16 1 3 1 2 4
 125 620  751 0  99 1 3 1 2 4
 126  37  200 0   8 1 3 1 2 4
 127 603  283 0  91 1 3 1 2 4
 128 437   30 0  35 1 3 1 2 4
 129 474  267 0  34 1 3 1 2 4
 130 947  822 0  88 1 3 1 2 4
 131 350  702 0  15 1 3 1 2 4
 132 667  425 0  21 1 3 1 2 4
 133  70  562 0  33 1 3 1 2 4
 134 103  154 0  24 1 3 1 2 4
 135 940  862 0  66 1 3 1 2 4
 136 160  116 0  46 1 3 1 2 4
 137 107  238 0  79 1 3 1 2 4
 138 789  323 0  61 1 3 1 2 4
 139  86    7 0   4 1 3 1 2 4
 140 167  490 0   6 1 3 1 2 4
 141 822  779 0   4 1 3 1 2 4
 142 752  610 0  52 1 3 1 2 4
 143 343  259 0  99 1 3 1 2 4
 144 426  813 0  25 1 3 1 2 4
 145 230  311 0  21 1 3 1 2 4
 146 194  245 0  13 1 3 1 2 4
 147 459  204 0  20 1 3 1 2 4
 148  24  962 0  36 1 3 1 2 4
 149 270  327 0  73 1 3 1 2 4
 150 193  781 0  75 1 3 1 2 4
 151 733  456 0  30 1 3 1 2 4
 152 653  589 0  61 1 3 1 2 4
 153 669  827 0  35 1 3 1 2 4
 154 493  579 0  81 1 3 1 2 4
 155 431  812 0   4 1 3 1 2 4
 156 925  737 0  48 1 3 1 2 4
 157 847  341 0  86 1 3 1 2 4
 158 305  252 0  15 1 3 1 2 4
 159 525  209 0  83 1 3 1 2 4
 160 169  878 0  67 1 3 1 2 4
 161  75  412 0  48 1 3 1 2 4
 162 171  202 0   9 1 3 1 2 4
 163 420  101 0  72 1 3 1 2 4
 164 153  782 0  36 1 3 1 2 4
 165 168  609 0   9 1 3 1 2 4
 166 796  720 0  31 1 3 1 2 4
 167 395  914 0   9 1 3 1 2 4
 168  81  573 0  47 1 3 1 2 4
 169 495  606 0  76 1 3 1 2 4
 170 226  484 0  74 1 3 1 2 4
 171 201  989 0  46 1 3 1 2 4
 172 444   40 0  45 1 3 1 2 4
 173 203  879 0  59 1 3 1 2 4
 174 564  402 0  57 1 3 1 2 4
 175 330  797 0  47 1 3 1 2 4
 176 768  311 0  28 1 3 1 2 4
 177  62    9 0  87 1 3 1 2 4
 178  86  718 0  54 1 3 1 2 4
 179 287  661 0  85 1 3 1 2 4
 180  70   81 0  53 1 3 1 2 4
 181 131  576 0  65 1 3 1 2 4
 182  23  799 0  52 1 3 1 2 4
 183 606  503 0  23 1 3 1 2 4
 184 619  292 0  55 1 3 1 2 4
 185 715  663 0  66 1 3 1 2 4
 186 693  339 0  40 1 3 1 2 4
 187 988  981 0  19 1 3 1 2 4
 188 176  192 0  76 1 3 1 2 4
 189 229  933 0  22 1 3 1 2 4
 190 625  331 0   1 1 3 1 2 4
 191 588  256 0  36 1 3 1 2 4
 192 312  971 0  36 1 3 1 2 4
 193 270  552 0  37 1 3 1 2 4
 194 247  345 0   6 1 3 1 2 4
 195 822  104 0  51 1 3 1 2 4
 196 800  946 0  56 1 3 1 2 4
 197 920  385 0  58 1 3 1 2 4
 198 721  871 0  93 1 3 1 2 4
 199 929  182 0  29 1 3 1 2 4
 200 312  437 0  28 1 3 1 2 4
 201  61  952 0  80 1 3 1 2 4
 202 783  804 0  41 1 3 1 2 4
 203 984  122 0  46 1 3 1 2 4
 204 110  986 0  55 1 3 1 2 4
 205 335  774 0  78 1 3 1 2 4
 206 814   65 0  16 1 3 1 2 4
 207 957  433 0  70 1 3 1 2 4
 208 467  634 0  65 1 3 1 2 4
 209 452  915 0   1 1 3 1 2 4
 210 187  327 0  51 1 3 1 2 4
 211   9  250 0  20 1 3 1 2 4
 212 333  172 0  62 1 3 1 2 4
 213 745   97 0  41 1 3 1 2 4
 214 573  889 0  94 1 3 1 2 4
 215 914  233 0  61 1 3 1 2 4
 216 634  397 0 100 1 3 1 2 4
 217 708  545 0  88 1 3 1 2 4
 218 768  202 0  64 1 3 1 2 4
 219 269  471 0  54 1 3 1 2 4
 220 777   36 0  17 1 3 1 2 4
 221 301  589 0  42 1 3 1 2 4
 222 863  365 0  82 1 3 1 2 4
 223 152  833 0  75 1 3 1 2 4
 224 451  859 0  36 1 3 1 2 4
 225 604  305 0  21 1 3 1 2 4
 226 727  845 0  44 1 3 1 2 4
 227 737  362 0  41 1 3 1 2 4
 228 501  597 0  17 1 3 1 2 4
 229 149  438 0  79 1 3 1 2 4
 230  38  703 0  76 1 3 1 2 4
 231 726  675 0  80 1 3 1 2 4
 232 761  490 0  48 1 3 1 2 4
 233 975  187 0  17 1 3 1 2 4
 234 260  149 0   4 1 3 1 2 4
 235 394  876 0  47 1 3 1 2 4
 236 933  794 0  99 1 3 1 2 4
 237 753  691 0  83 1 3 1 2 4
 238 765  606 0  89 1 3 1 2 4
 239 604  438 0  20 1 3 1 2 4
 240 454  205 0  15 1 3 1 2 4
 241 770  592 0  50 1 3 1 2 4
 242 153  142 0  30 1 3 1 2 4
 243  34   94 0  85 1 3 1 2 4
 244 252  317 0  61 1 3 1 2 4
 245 707  681 0  49 1 3 1 2 4
 246 922  435 0  48 1 3 1 2 4
 247 238  520 0  74 1 3 1 2 4
 248 882  685 0  23 1 3 1 2 4
 249 993  105 0  34 1 3 1 2 4
 250 450  525 0  19 1 3 1 2 4
 251 999  531 0  68 1 3 1 2 4
 252 544  836 0  37 1 3 1 2 4
 253 527  804 0  22 1 3 1 2 4
 254 924  578 0  10 1 3 1 2 4
 255 217  128 0  36 1 3 1 2 4
 256 215   50 0  62 1 3 1 2 4
 257 687  886 0   8 1 3 1 2 4
 258 212  199 0  17 1 3 1 2 4
 259 308  580 0  53 1 3 1 2 4
 260 194  754 0  85 1 3 1 2 4
 261 234  989 0  33 1 3 1 2 4
 262 369  313 0  25 1 3 1 2 4
 263 934  978 0  31 1 3 1 2 4
 264 974  400 0  83 1 3 1 2 4
 265   0  860 0  72 1 3 1 2 4
 266 339  691 0  10 1 3 1 2 4
 267 551  914 0  96 1 3 1 2 4
 268 807  231 0  23 1 3 1 2 4
 269 227  250 0  45 1 3 1 2 4
 270 914  253 0  87 1 3 1 2 4
 271 533  373 0  28 1 3 1 2 4
 272 972  281 0  91 1 3 1 2 4
 273 138  200 0  48 1 3 1 2 4
 274  21  142 0  48 1 3 1 2 4
 275  14  748 0  14 1 3 1 2 4
 276 163  698 0  86 1 3 1 2 4
 277  78  348 0  54 1 3 1 2 4
 278 647  202 0  87 1 3 1 2 4
 279 944   29 0  25 1 3 1 2 4
 280 870  826 0  47 1 3 1 2 4
 281 252   74 0   5 1 3 1 2 4
 282 930  472 0  44 1 3 1 2 4
 283 421  345 0  74 1 3 1 2 4
 284 504  708 0  50 1 3 1 2 4
 285  13  755 0  14 1 3 1 2 4
 286 376  596 0  13 1 3 1 2 4
 287  87   78 0  27 1 3 1 2 4
 288  79  598 0  38 1 3 1 2 4
 289  90  823 0  51 1 3 1 2 4
 290 825  607 0  21 1 3 1 2 4
 291 624  263 0  89 1 3 1 2 4
 292 637  687 0  94 1 3 1 2 4
 293 375  344 0  67 1 3 1 2 4
 294 954  720 0  87 1 3 1 2 4
 295 827  209 0  60 1 3 1 2 4
 296 581  696 0  36 1 3 1 2 4
 297 134  721 0  65 1 3 1 2 4
 298 131  669 0  90 1 3 1 2 4
 299 226   84 0  11 1 3 1 2 4
 300 927  536 0  18 1 3 1 2 4
 301 611  604 0   2 1 3 1 2 4
 302 193  789 0  59 1 3 1 2 4
 303 843  941 0  33 1 3 1 2 4
 304 129  538 0  91 1 3 1 2 4
 305 634  590 0  81 1 3 1 2 4
 306 290  432 0  77 1 3 1 2 4
 307 282  413 0  30 1 3 1 2 4
 308 201  828 0  62 1 3 1 2 4
 309 480  727 0  17 1 3 1 2 4
 310 829  262 0  15 1 3 1 2 4
 311 493  293 0  12 1 3 1 2 4
 312 851  764 0   6 1 3 1 2 4
 313 206  284 0  27 1 3 1 2 4
 314 550  463 0  71 1 3 1 2 4
 315 421  579 0  74 1 3 1 2 4
 316 803  770 0  78 1 3 1 2 4
 317 672  768 0  28 1 3 1 2 4
 318 705  527 0   7 1 3 1 2 4
 319  43  203 0  42 1 3 1 2 4
 320 475  654 0   8 1 3 1 2 4
 321   5  358 0  26 1 3 1 2 4
 322   4  637 0  86 1 3 1 2 4
 323 417  443 0   6 1 3 1 2 4
 324 236    2 0   2 1 3 1 2 4
 325 421  329 0  63 1 3 1 2 4
 326 626  656 0  66 1 3 1 2 4
 327 486  142 0  30 1 3 1 2 4
 328 810  431 0  29 1 3 1 2 4
 329 701  920 0  70 1 3 1 2 4
 330 278  797 0  33 1 3 1 2 4
 331 908  305 0  88 1 3 1 2 4
 332 751  508 0  58 1 3 1 2 4
 333 179  166 0  84 1 3 1 2 4
 334 518  480 0  59 1 3 1 2 4
 335 220  852 0  21 1 3 1 2 4
 336 453  416 0  98 1 3 1 2 4
 337 860  370 0  39 1 3 1 2 4
 338 362  539 0  77 1 3 1 2 4
 339 493  222 0  53 1 3 1 2 4
 340 806  188 0  87 1 3 1 2 4
 341 706  209 0   5 1 3 1 2 4
 342 738  410 0  24 1 3 1 2 4
 343 734  364 0  63 1 3 1 2 4
 344 715  579 0  75 1 3 1 2 4
 345 771   69 0  31 1 3 1 2 4
 346 480  464 0   5 1 3 1 2 4
 347 667   54 0  91 1 3 1 2 4
 348 268  981 0  30 1 3 1 2 4
 349 521  987 0  38 1 3 1 2 4
 350 585   42 0  20 1 3 1 2 4
 351 522  524 0  33 1 3 1 2 4
 352 789  877 0  18 1 3 1 2 4
 353 888  142 0  96 1 3 1 2 4
 354  76  635 0  49 1 3 1 2 4
 355 708  169 0  23 1 3 1 2 4
 356 307  430 0   1 1 3 1 2 4
 357 953  235 0  20 1 3 1 2 4
 358 995  209 0  25 1 3 1 2 4
 359 951  346 0  52 1 3 1 2 4
 360 243  518 0  51 1 3 1 2 4
 361 539  186 0  68 1 3 1 2 4
 362 353  175 0  69 1 3 1 2 4
 363 146  132 0  92 1 3 1 2 4
 364 844  887 0  11 1 3 1 2 4
 365  32  562 0  25 1 3 1 2 4
 366 379   12 0  46 1 3 1 2 4
 367 324    8 0  18 1 3 1 2 4
 368 957   94 0  29 1 3 1 2 4
 369 866  239 0  75 1 3 1 2 4
 370 820  102 0  87 1 3 1 2 4
 371  93  214 0  83 1 3 1 2 4
 372 365  119 0  37 1 3 1 2 4
 373 896  369 0  71 1 3 1 2 4
 374 237  511 0  39 1 3 1 2 4
 375 711  577 0  97 1 3 1 2 4
 376 915  806 0  53 1 3 1 2 4
 377 940  184 0  42 1 3 1 2 4
 378 363  988 0  68 1 3 1 2 4
 379 231  264 0  35 1 3 1 2 4
 380 711   19 0  53 1 3 1 2 4
 381 805  341 0  89 1 3 1 2 4
 382 558  191 0  81 1 3 1 2 4
 383 235  230 0  51 1 3 1 2 4
 384 574  874 0  76 1 3 1 2 4
 385 276  450 0  86 1 3 1 2 4
 386 270  855 0  18 1 3 1 2 4
 387 379  582 0  43 1 3 1 2 4
 388  22  167 0  98 1 3 1 2 4
 389 836  299 0  83 1 3 1 2 4
 390 301  829 0  12 1 3 1 2 4
 391 600  596 0  28 1 3 1 2 4
 392 692  128 0  93 1 3 1 2 4
 393 568  508 0  92 1 3 1 2 4
 394 917  928 0  29 1 3 1 2 4
 395  30  764 0  31 1 3 1 2 4
 396 989  483 0  36 1 3 1 2 4
 397 223  118 0  69 1 3 1 2 4
 398 482  408 0  67 1 3 1 2 4
 399 669  149 0  91 1 3 1 2 4
 400 529  723 0  48 1 3 1 2 4
 401 847  262 0  46 1 3 1 2 4
 402 245  531 0  60 1 3 1 2 4
 403 264  235 0  47 1 3 1 2 4
 404 831  588 0  86 1 3 1 2 4
 405   9  222 0  88 1 3 1 2 4
 406 305  493 0  90 1 3 1 2 4
 407 645  923 0  84 1 3 1 2 4
 408 583  387 0  31 1 3 1 2 4
 409 763  113 0  26 1 3 1 2 4
 410 347  996 0  30 1 3 1 2 4
 411 820  934 0  13 1 3 1 2 4
 412 739  693 0   8 1 3 1 2 4
 413 691  538 0  26 1 3 1 2 4
 414  80  854 0  76 1 3 1 2 4
 415 619  915 0  33 1 3 1 2 4
 416 211  491 0  68 1 3 1 2 4
 417 396  427 0  79 1 3 1 2 4
 418 591  208 0  13 1 3 1 2 4
 419 350  557 0  79 1 3 1 2 4
 420 713  189 0  56 1 3 1 2 4
 421 749  152 0  20 1 3 1 2 4
 422  15  374 0  92 1 3 1 2 4
 423 156  202 0  53 1 3 1 2 4
 424 311  849 0  46 1 3 1 2 4
 425 874  884 0  43 1 3 1 2 4
 426 417  934 0  52 1 3 1 2 4
 427 589  459 0  59 1 3 1 2 4
 428 662  724 0  80 1 3 1 2 4
 429 977  784 0  89 1 3 1 2 4
 430  26  532 0  13 1 3 1 2 4
 431 361  824 0  72 1 3 1 2 4
 432 474  523 0  83 1 3 1 2 4
 433 891   66 0  71 1 3 1 2 4
 434 104  927 0  51 1 3 1 2 4
 435 561   36 0  42 1 3 1 2 4
 436 852  676 0  44 1 3 1 2 4
 437 246   97 0  40 1 3 1 2 4
 438 461  531 0  36 1 3 1 2 4
 439  81  802 0  34 1 3 1 2 4
 440 183  736 0  27 1 3 1 2 4
 441 211  683 0  14 1 3 1 2 4
 442 219  280 0  52 1 3 1 2 4
 443 183  803 0  55 1 3 1 2 4
 444 669   37 0  13 1 3 1 2 4
 445 953  979 0   7 1 3 1 2 4
 446 737  770 0  80 1 3 1 2 4
 447   6  328 0  24 1 3 1 2 4
 448  63  990 0  86 1 3 1 2 4
 449 270  311 0  10 1 3 1 2 4
 450 198  867 0  33 1 3 1 2 4
 451 402  669 0  97 1 3 1 2 4
 452  58  614 0  67 1 3 1 2 4
 453 780  386 0  32 1 3 1 2 4
 454 419  547 0  95 1 3 1 2 4
 455 257  881 0  16 1 3 1 2 4
 456  56  283 0  11 1 3 1 2 4
 457 358  932 0  28 1 3 1 2 4
 458 644  216 0  51 1 3 1 2 4
 459  77  346 0  90 1 3 1 2 4
 460 351   61 0  84 1 3 1 2 4
 461  77  335 0  69 1 3 1 2 4
 462 415  673 0  53 1 3 1 2 4
 463 456  865 0  87 1 3 1 2 4
 464 930  142 0  19 1 3 1 2 4
 465 481   52 0  96 1 3 1 2 4
 466 597  863 0  25 1 3 1 2 4
 467 138  100 0  63 1 3 1 2 4
 468 993  865 0  81 1 3 1 2 4
 469 633  768 0  28 1 3 1 2 4
 470 485   18 0  26 1 3 1 2 4
 471  13  286 0  95 1 3 1 2 4
 472 655  341 0  28 1 3 1 2 4
 473 959  208 0  23 1 3 1 2 4
 474 556  498 0  88 1 3 1 2 4
 475 898  522 0  30 1 3 1 2 4
 476 834  581 0   2 1 3 1 2 4
 477 481  368 0  74 1 3 1 2 4
 478 110  623 0  42 1 3 1 2 4
 479 588  409 0  14 1 3 1 2 4
 480 786  941 0  58 1 3 1 2 4
 481 419  161 0  32 1 3 1 2 4
 482 438  262 0  73 1 3 1 2 4
 483 538  204 0  26 1 3 1 2 4
 484 629  272 0   5 1 3 1 2 4
 485 243  429 0  67 1 3 1 2 4
 486 454  654 0  25 1 3 1 2 4
 487   1  389 0  61 1 3 1 2 4
 488 799  269 0  40 1 3 1 2 4
 489 977  869 0  52 1 3 1 2 4
 490 797  148 0  97 1 3 1 2 4
 491 447  819 0  23 1 3 1 2 4
 492 848   51 0  47 1 3 1 2 4
 493 438   94 0  87 1 3 1 2 4
 494  38  340 0  82 1 3 1 2 4
 495 488  863 0  94 1 3 1 2 4
 496 429  653 0  58 1 3 1 2 4
 497 687  799 0   7 1 3 1 2 4
 498  45  589 0   5 1 3 1 2 4
 499 992   40 0  15 1 3 1 2 4
 500 237  143 0  98 1 3 1 2 4
 501 821  253 0  73 1 3 1 2 4
 502 965  982 0  34 1 3 1 2 4
 503 151  146 0  84 1 3 1 2 4
 504 403  579 0  46 1 3 1 2 4
 505 650  956 0  21 1 3 1 2 4
 506 819  700 0  92 1 3 1 2 4
 507 389  550 0  93 1 3 1 2 4
 508 437  303 0  36 1 3 1 2 4
 509 239  497 0  82 1 3 1 2 4
 510  23  888 0  20 1 3 1 2 4
 511 320  922 0  82 1 3 1 2 4
 512 673  822 0  26 1 3 1 2 4
 513 204  791 0  25 1 3 1 2 4
 514 128  497 0 100 1 3 1 2 4
 515 721  266 0  63 1 3 1 2 4
 516 284  169 0   4 1 3 1 2 4
 517 441  287 0  35 1 3 1 2 4
 518 436  447 0  79 1 3 1 2 4
 519 961  259 0  12 1 3 1 2 4
 520 642  386 0  97 1 3 1 2 4
 521 554  287 0  23 1 3 1 2 4
 522 838  590 0  65 1 3 1 2 4
 523 645  225 0  29 1 3 1 2 4
 524 641  720 0  45 1 3 1 2 4
 525 348  809 0  17 1 3 1 2 4
 526 745  238 0  15 1 3 1 2 4
 527 324  832 0  77 1 3 1 2 4
 528 142  219 0  68 1 3 1 2 4
 529 838  142 0   8 1 3 1 2 4
 530 502  317 0  52 1 3 1 2 4
 531 906  769 0  40 1 3 1 2 4
 532 217  351 0  56 1 3 1 2 4
 533  34  627 0  19 1 3 1 2 4
 534 659  236 0   6 1 3 1 2 4
 535 965  128 0  95 1 3 1 2 4
 536 519  807 0  25 1 3 1 2 4
 537  25  859 0  20 1 3 1 2 4
 538 523  817 0  59 1 3 1 2 4
 539 596  598 0  69 1 3 1 2 4
 540 597  362 0  24 1 3 1 2 4
 541 101  723 0   7 1 3 1 2 4
 542 601  931 0  10 1 3 1 2 4
 543 973  524 0  79 1 3 1 2 4
 544 869  782 0  31 1 3 1 2 4
 545 853  776 0  58 1 3 1 2 4
 546 790  980 0  81 1 3 1 2 4
 547 186  982 0  41 1 3 1 2 4
 548 890  365 0  42 1 3 1 2 4
 549 933  700 0  90 1 3 1 2 4
 550 835  504 0  18 1 3 1 2 4
 551 130  342 0  64 1 3 1 2 4
 552 921  734 0  68 1 3 1 2 4
 553 438  133 0  89 1 3 1 2 4
 554 399  572 0  72 1 3 1 2 4
 555 113  209 0  65 1 3 1 2 4
 556  85  549 0  97 1 3 1 2 4
 557 532  385 0  67 1 3 1 2 4
 558 763  494 0  81 1 3 1 2 4
 559 622  247 0  74 1 3 1 2 4
 560 374  717 0  72 1 3 1 2 4
 561   3  281 0  66 1 3 1 2 4
 562 120  886 0  93 1 3 1 2 4
 563 614  984 0   4 1 3 1 2 4
 564 980  340 0  28 1 3 1 2 4
 565 862  242 0  29 1 3 1 2 4
 566 927  867 0  55 1 3 1 2 4
 567 125  361 0  15 1 3 1 2 4
 568 120   72 0  59 1 3 1 2 4
 569 267  266 0  24 1 3 1 2 4
 570 833  502 0  93 1 3 1 2 4
 571 100  517 0  77 1 3 1 2 4
 572 124  168 0  53 1 3 1 2 4
 573 693  995 0   4 1 3 1 2 4
 574 595  397 0  56 1 3 1 2 4
 575 817    8 0  96 1 3 1 2 4
 576 503   21 0  92 1 3 1 2 4
 577 877  338 0   7 1 3 1 2 4
 578 185  318 0  81 1 3 1 2 4
 579 323  456 0  87 1 3 1 2 4
 580 469  993 0  97 1 3 1 2 4
 581 785  612 0  86 1 3 1 2 4
 582 535  938 0  31 1 3 1 2 4
 583 369  661 0  63 1 3 1 2 4
 584 570  616 0  14 1 3 1 2 4
 585 617  861 0  44 1 3 1 2 4
 586 277  275 0  79 1 3 1 2 4
 587 965  536 0  22 1 3 1 2 4
 588 813  646 0  47 1 3 1 2 4
 589 421  258 0  74 1 3 1 2 4
 590 587  302 0  40 1 3 1 2 4
 591 309  388 0   2 1 3 1 2 4
 592 202   32 0  45 1 3 1 2 4
 593 506  731 0  81 1 3 1 2 4
 594  99   19 0  21 1 3 1 2 4
 595 869  923 0  46 1 3 1 2 4
 596 821  291 0  80 1 3 1 2 4
 597 751  468 0  87 1 3 1 2 4
 598 987  978 0  24 1 3 1 2 4
 599 780  590 0  71 1 3 1 2 4
 600 810  803 0  16 1 3 1 2 4
 601 152  878 0 100 1 3 1 2 4
 602 437  237 0  14 1 3 1 2 4
 603 960  421 0   8 1 3 1 2 4
 604 548  448 0   1 1 3 1 2 4
 605 829  854 0  17 1 3 1 2 4
 606 360  358 0  96 1 3 1 2 4
 607 919  464 0  77 1 3 1 2 4
 608 815  626 0  20 1 3 1 2 4
 609 562  821 0  82 1 3 1 2 4
 610 190  410 0  78 1 3 1 2 4
 611 807  890 0  69 1 3 1 2 4
 612 410  375 0  25 1 3 1 2 4
 613 663  291 0  39 1 3 1 2 4
 614 162  339 0  54 1 3 1 2 4
 615 928  878 0  83 1 3 1 2 4
 616   6  670 0  95 1 3 1 2 4
 617 326  743 0  36 1 3 1 2 4
 618 972  689 0  50 1 3 1 2 4
 619  13  246 0  19 1 3 1 2 4
 620 624    9 0   5 1 3 1 2 4
 621 999   90 0  42 1 3 1 2 4
 622 545  303 0  47 1 3 1 2 4
 623 444  769 0   8 1 3 1 2 4
 624 805  514 0  68 1 3 1 2 4
 625 741  114 0  20 1 3 1 2 4
 626 895  127 0  36 1 3 1 2 4
 627 910  591 0  15 1 3 1 2 4
 628 405  484 0  13 1 3 1 2 4
 629 529  714 0  32 1 3 1 2 4
 630 336  911 0  31 1 3 1 2 4
 631 179  977 0  29 1 3 1 2 4
 632 287  208 0  25 1 3 1 2 4
 633 599   59 0  68 1 3 1 2 4
 634 330  745 0  79 1 3 1 2 4
 635 287   27 0  50 1 3 1 2 4
 636 829  336 0  38 1 3 1 2 4
 637 393  518 0  59 1 3 1 2 4
 638 388  200 0  58 1 3 1 2 4
 639 507  176 0  99 1 3 1 2 4
 640 600  475 0  84 1 3 1 2 4
 641  75  996 0  26 1 3 1 2 4
 642 209  863 0  60 1 3 1 2 4
 643 322  211 0  35 1 3 1 2 4
 644 880  185 0  83 1 3 1 2 4
 645 151   80 0  86 1 3 1 2 4
 646 631  275 0  13 1 3 1 2 4
 647 612  996 0  89 1 3 1 2 4
 648 377  638 0  33 1 3 1 2 4
 649 611  280 0  35 1 3 1 2 4
 650 294  252 0  67 1 3 1 2 4
 651 840  233 0  58 1 3 1 2 4
 652 898  226 0  27 1 3 1 2 4
 653  27  666 0  72 1 3 1 2 4
 654 625   76 0  55 1 3 1 2 4
 655 908   49 0  28 1 3 1 2 4
 656 680  793 0  86 1 3 1 2 4
 657 370  238 0  62 1 3 1 2 4
 658 146  915 0  84 1 3 1 2 4
 659 416  389 0  51 1 3 1 2 4
 660 618  427 0   9 1 3 1 2 4
 661 889  932 0  13 1 3 1 2 4
 662 891  130 0  93 1 3 1 2 4
 663  86  146 0  35 1 3 1 2 4
 664  60  289 0  76 1 3 1 2 4
 665 949  489 0  92 1 3 1 2 4
 666 783  268 0  70 1 3 1 2 4
 667 763   93 0  10 1 3 1 2 4
 668  40  271 0  30 1 3 1 2 4
 669 593  553 0   8 1 3 1 2 4
 670 815  799 0  35 1 3 1 2 4
 671 261  113 0  65 1 3 1 2 4
 672 750  594 0  46 1 3 1 2 4
 673 305   73 0  59 1 3 1 2 4
 674 908  625 0  15 1 3 1 2 4
 675 590  329 0  49 1 3 1 2 4
 676 214  337 0  19 1 3 1 2 4
 677 257  916 0  69 1 3 1 2 4
 678 145  433 0  92 1 3 1 2 4
 679 948   77 0  70 1 3 1 2 4
 680 639   74 0  55 1 3 1 2 4
 681 189  569 0   9 1 3 1 2 4
 682 815  268 0  92 1 3 1 2 4
 683 438  363 0  48 1 3 1 2 4
 684 555  664 0  22 1 3 1 2 4
 685 392  233 0  36 1 3 1 2 4
 686 943   76 0   4 1 3 1 2 4
 687 997  775 0  32 1 3 1 2 4
 688 490  956 0  63 1 3 1 2 4
 689 486  176 0  29 1 3 1 2 4
 690 705  536 0  36 1 3 1 2 4
 691 717  162 0  78 1 3 1 2 4
 692 671   40 0  86 1 3 1 2 4
 693 641  683 0  88 1 3 1 2 4
 694 711  512 0  62 1 3 1 2 4
 695 354  350 0  72 1 3 1 2 4
 696 325   90 0  51 1 3 1 2 4
 697 522  686 0  24 1 3 1 2 4
 698 729  219 0  23 1 3 1 2 4
 699 834  753 0   1 1 3 1 2 4
 700 626  703 0  27 1 3 1 2 4
 701 999  651 0  28 1 3 1 2 4
 702 492  600 0  74 1 3 1 2 4
 703 255  969 0  63 1 3 1 2 4
 704 458  510 0  88 1 3 1 2 4
 705 675  431 0  52 1 3 1 2 4
 706 187  759 0  54 1 3 1 2 4
 707 264  880 0   9 1 3 1 2 4
 708 497  486 0  66 1 3 1 2 4
 709 149  933 0  28 1 3 1 2 4
 710 903  920 0  19 1 3 1 2 4
 711 977   85 0  11 1 3 1 2 4
 712 252  454 0  96 1 3 1 2 4
 713 918  632 0  30 1 3 1 2 4
 714 312  577 0  85 1 3 1 2 4
 715 817  546 0  18 1 3 1 2 4
 716 927  284 0  86 1 3 1 2 4
 717 526  878 0  51 1 3 1 2 4
 718 839  672 0  21 1 3 1 2 4
 719  62  183 0  99 1 3 1 2 4
 720 222  896 0  97 1 3 1 2 4
 721 758  907 0  41 1 3 1 2 4
 722 249   86 0  42 1 3 1 2 4
 723 837  180 0  91 1 3 1 2 4
 724 126  534 0  69 1 3 1 2 4
 725 194  224 0  46 1 3 1 2 4
 726 940  924 0  43 1 3 1 2 4
 727 702  234 0  57 1 3 1 2 4
 728  14  140 0  43 1 3 1 2 4
 729 801  768 0  63 1 3 1 2 4
 730 601  871 0  61 1 3 1 2 4
 731 155  188 0  32 1 3 1 2 4
 732 693  571 0   9 1 3 1 2 4
 733 112  812 0  90 1 3 1 2 4
 734 342   92 0  67 1 3 1 2 4
 735 216  441 0   6 1 3 1 2 4
 736 183  910 0   8 1 3 1 2 4
 737  36  209 0   1 1 3 1 2 4
 738 465  495 0  68 1 3 1 2 4
 739 739  286 0  54 1 3 1 2 4
 740 944  165 0  96 1 3 1 2 4
 741  78  410 0  61 1 3 1 2 4
 742 409  178 0  91 1 3 1 2 4
 743 910   73 0  54 1 3 1 2 4
 744 214  772 0  94 1 3 1 2 4
 745 571  412 0  84 1 3 1 2 4
 746 892  802 0  84 1 3 1 2 4
 747 246  112 0  61 1 3 1 2 4
 748 811  403 0  16 1 3 1 2 4
 749 755  185 0  51 1 3 1 2 4
 750 792   25 0  62 1 3 1 2 4
 751 584  385 0  19 1 3 1 2 4
 752 186  741 0  71 1 3 1 2 4
 753 215  518 0  63 1 3 1 2 4
 754 486  170 0  17 1 3 1 2 4
 755 121  515 0   4 1 3 1 2 4
 756 650  524 0  91 1 3 1 2 4
 757 400  367 0  80 1 3 1 2 4
 758 808  756 0  21 1 3 1 2 4
 759 475  164 0  10 1 3 1 2 4
 760  86  837 0  55 1 3 1 2 4
 761 226  370 0  22 1 3 1 2 4
 762 202  841 0  81 1 3 1 2 4
 763 499  989 0  25 1 3 1 2 4
 764 935  307 0  19 1 3 1 2 4
 765 443  490 0  16 1 3 1 2 4
 766  63  529 0  54 1 3 1 2 4
 767 184  218 0   2 1 3 1 2 4
 768 499  547 0  59 1 3 1 2 4
 769 471  140 0  14 1 3 1 2 4
 770 848  268 0  55 1 3 1 2 4
 771 272  815 0  45 1 3 1 2 4
 772 247  960 0  23 1 3 1 2 4
 773 643  567 0  41 1 3 1 2 4
 774  57  735 0  20 1 3 1 2 4
 775 431  354 0  73 1 3 1 2 4
 776 350  982 0  22 1 3 1 2 4
 777 684  999 0  20 1 3 1 2 4
 778 908  382 0  56 1 3 1 2 4
 779 598  539 0  83 1 3 1 2 4
 780  71  562 0  63 1 3 1 2 4
 781 329  875 0  94 1 3 1 2 4
 782 537  596 0  98 1 3 1 2 4
 783 232  985 0  72 1 3 1 2 4
 784 240  897 0  79 1 3 1 2 4
 785 722  800 0  38 1 3 1 2 4
 786 370   22 0  24 1 3 1 2 4
 787 581  473 0  57 1 3 1 2 4
 788 275  503 0  29 1 3 1 2 4
 789 700  602 0  95 1 3 1 2 4
 790 434   11 0   2 1 3 1 2 4
 791 147  287 0  10 1 3 1 2 4
 792 780  818 0  67 1 3 1 2 4
 793 722  428 0  38 1 3 1 2 4
 794 614  240 0  19 1 3 1 2 4
 795 122  784 0  94 1 3 1 2 4
 796 787  175 0  44 1 3 1 2 4
 797 506  964 0  77 1 3 1 2 4
 798 724  141 0  54 1 3 1 2 4
 799 860    7 0  31 1 3 1 2 4
 800 379  299 0  31 1 3 1 2 4
 801 770  545 0  98 1 3 1 2 4
 802 610  134 0  84 1 3 1 2 4
 803 690  926 0  57 1 3 1 2 4
 804 108  283 0  53 1 3 1 2 4
 805  19  645 0  91 1 3 1 2 4
 806 663  130 0  23 1 3 1 2 4
 807 472  615 0   2 1 3 1 2 4
 808 693  759 0  87 1 3 1 2 4
 809  25  642 0  17 1 3 1 2 4
 810  42  309 0  88 1 3 1 2 4
 811 977  359 0  64 1 3 1 2 4
 812 523  692 0  99 1 3 1 2 4
 813 214  187 0   5 1 3 1 2 4
 814 201   93 0   6 1 3 1 2 4
 815 212  685 0  39 1 3 1 2 4
 816 217  175 0  90 1 3 1 2 4
 817 171  447 0  69 1 3 1 2 4
 818 822  702 0  66 1 3 1 2 4
 819 259  131 0  76 1 3 1 2 4
 820 443  180 0  97 1 3 1 2 4
 821 819  142 0  61 1 3 1 2 4
 822 310  550 0  12 1 3 1 2 4
 823 679  415 0  76 1 3 1 2 4
 824 164  870 0  64 1 3 1 2 4
 825 654  155 0  71 1 3 1 2 4
 826 227  261 0  72 1 3 1 2 4
 827 236  784 0  84 1 3 1 2 4
 828 265  446 0  15 1 3 1 2 4
 829 674  244 0  14 1 3 1 2 4
 830 218  366 0  70 1 3 1 2 4
 831 921  973 0  73 1 3 1 2 4
 832 376  791 0  32 1 3 1 2 4
 833 403   98 0  31 1 3 1 2 4
 834 404  508 0  25 1 3 1 2 4
 835 276  173 0  58 1 3 1 2 4
 836 164  317 0  65 1 3 1 2 4
 837 272   14 0  40 1 3 1 2 4
 838 447  710 0  37 1 3 1 2 4
 839 997  801 0  92 1 3 1 2 4
 840 558  635 0  49 1 3 1 2 4
 841 220  220 0   8 1 3 1 2 4
 842 110  606 0  60 1 3 1 2 4
 843 741  634 0  25 1 3 1 2 4
 844 573  703 0   4 1 3 1 2 4
 845 747  732 0  45 1 3 1 2 4
 846  21   70 0  43 1 3 1 2 4
 847  23  367 0  60 1 3 1 2 4
 848 640  342 0  17 1 3 1 2 4
 849 963  127 0  91 1 3 1 2 4
 850 150  987 0   2 1 3 1 2 4
 851 524  678 0   4 1 3 1 2 4
 852  30  377 0  13 1 3 1 2 4
 853  64  837 0  18 1 3 1 2 4
 854  59  804 0  95 1 3 1 2 4
 855  88  809 0   6 1 3 1 2 4
 856 634  217 0  19 1 3 1 2 4
 857  78  497 0  55 1 3 1 2 4
 858 503  557 0  75 1 3 1 2 4
 859 613  993 0  44 1 3 1 2 4
 860 118  260 0  41 1 3 1 2 4
 861 669  596 0   2 1 3 1 2 4
 862 684  975 0  26 1 3 1 2 4
 863 944  477 0  40 1 3 1 2 4
 864 955  371 0  96 1 3 1 2 4
 865 822  122 0  18 1 3 1 2 4
 866 990  804 0  57 1 3 1 2 4
 867 779  875 0  14 1 3 1 2 4
 868 787   90 0  71 1 3 1 2 4
 869 296  149 0  36 1 3 1 2 4
 870 248  791 0  68 1 3 1 2 4
 871 571  701 0  19 1 3 1 2 4
 872  98  515 0  53 1 3 1 2 4
 873 414   63 0  14 1 3 1 2 4
 874 537  955 0  29 1 3 1 2 4
 875 142  422 0  30 1 3 1 2 4
 876 544  267 0  52 1 3 1 2 4
 877 193  256 0  50 1 3 1 2 4
 878 886  552 0   3 1 3 1 2 4
 879 598   73 0  58 1 3 1 2 4
 880 298  459 0  37 1 3 1 2 4
 881 714  798 0  74 1 3 1 2 4
 882 299  537 0  94 1 3 1 2 4
 883 719  445 0  35 1 3 1 2 4
 884  71  703 0  93 1 3 1 2 4
 885 917  400 0  96 1 3 1 2 4
 886 103   17 0  11 1 3 1 2 4
 887 864  989 0  60 1 3 1 2 4
 888 410  304 0   3 1 3 1 2 4
 889 891  997 0  50 1 3 1 2 4
 890  26  579 0  62 1 3 1 2 4
 891 584  303 0  57 1 3 1 2 4
 892 776  117 0   2 1 3 1 2 4
 893 118  665 0  68 1 3 1 2 4
 894 744  535 0  47 1 3 1 2 4
 895 478  610 0  39 1 3 1 2 4
 896  52   76 0   5 1 3 1 2 4
 897 440  449 0  71 1 3 1 2 4
 898 132  716 0   6 1 3 1 2 4
 899  59  288 0   1 1 3 1 2 4
 900 106  918 0  48 1 3 1 2 4
 901 941  301 0  94 1 3 1 2 4
 902 238  796 0  15 1 3 1 2 4
 903 308  680 0  27 1 3 1 2 4
 904 275  834 0  95 1 3 1 2 4
 905 313  977 0   7 1 3 1 2 4
 906 493  873 0  72 1 3 1 2 4
 907 207  723 0  93 1 3 1 2 4
 908 819  949 0  25 1 3 1 2 4
 909 365  128 0  96 1 3 1 2 4
 910 345  426 0  99 1 3 1 2 4
 911 544  609 0  19 1 3 1 2 4
 912 288  454 0  42 1 3 1 2 4
 913 645  336 0  38 1 3 1 2 4
 914 223  376 0  19 1 3 1 2 4
 915 799   45 0  74 1 3 1 2 4
 916 979  578 0   4 1 3 1 2 4
 917 450  335 0  91 1 3 1 2 4
 918 519  683 0  93 1 3 1 2 4
 919 722  888 0  16 1 3 1 2 4
 920 922  279 0  82 1 3 1 2 4
 921 756  973 0   6 1 3 1 2 4
 922 369   52 0  83 1 3 1 2 4
 923 701  383 0  58 1 3 1 2 4
 924 704   91 0  13 1 3 1 2 4
 925 899  198 0  30 1 3 1 2 4
 926 236  170 0  78 1 3 1 2 4
 927 377  708 0  36 1 3 1 2 4
 928 335  856 0  83 1 3 1 2 4
 929 804  238 0  13 1 3 1 2 4
 930 574  352 0  42 1 3 1 2 4
 931 329  794 0   3 1 3 1 2 4
 932 632  149 0 100 1 3 1 2 4
 933 233  461 0  30 1 3 1 2 4
 934 394  842 0  21 1 3 1 2 4
 935 556    4 0  67 1 3 1 2 4
 936 380  682 0  18 1 3 1 2 4
 937 162  212 0  97 1 3 1 2 4
 938 746  987 0  23 1 3 1 2 4
 939 133  987 0  91 1 3 1 2 4
 940 139  294 0   8 1 3 1 2 4
 941 276  289 0  33 1 3 1 2 4
 942 900  667 0  83 1 3 1 2 4
 943 180  721 0  56 1 3 1 2 4
 944 216  544 0  32 1 3 1 2 4
 945 961  579 0  27 1 3 1 2 4
 946 844  207 0  49 1 3 1 2 4
 947 398  887 0  60 1 3 1 2 4
 948   8  620 0  60 1 3 1 2 4
 949 202  398 0   7 1 3 1 2 4
 950 131  373 0  77 1 3 1 2 4
 951 628  354 0  19 1 3 1 2 4
 952 632  494 0  20 1 3 1 2 4
 953 197  964 0  43 1 3 1 2 4
 954 438  137 0  24 1 3 1 2 4
 955   8  211 0  42 1 3 1 2 4
 956 349   80 0   4 1 3 1 2 4
 957 828  262 0  29 1 3 1 2 4
 958 726  940 0  20 1 3 1 2 4
 959 159  480 0  65 1 3 1 2 4
 960 309  508 0  58 1 3 1 2 4
 961 318   85 0  59 1 3 1 2 4
 962 692  346 0  82 1 3 1 2 4
 963 205  174 0   8 1 3 1 2 4
 964 605  659 0  82 1 3 1 2 4
 965 608  274 0  94 1 3 1 2 4
 966 119  381 0  42 1 3 1 2 4
 967 850  886 0  33 1 3 1 2 4
 968 561  379 0  47 1 3 1 2 4
 969 128  630 0  61 1 3 1 2 4
 970 698  111 0  75 1 3 1 2 4
 971 225  495 0  51 1 3 1 2 4
 972 397  681 0  80 1 3 1 2 4
 973 434  199 0  39 1 3 1 2 4
 974 716  620 0  22 1 3 1 2 4
 975 533  550 0  94 1 3 1 2 4
 976 404  908 0 100 1 3 1 2 4
 977 814  432 0  35 1 3 1 2 4
 978 249  743 0  65 1 3 1 2 4
 979 605  844 0  38 1 3 1 2 4
 980 109  481 0  65 1 3 1 2 4
 981 146  990 0  25 1 3 1 2 4
 982 780   69 0  94 1 3 1 2 4
 983 829  617 0  24 1 3 1 2 4
 984 603  742 0  68 1 3 1 2 4
 985 829  742 0  54 1 3 1 2 4
 986 248  760 0  18 1 3 1 2 4
 987 542  538 0  93 1 3 1 2 4
 988 733  967 0  85 1 3 1 2 4
 989 884   96 0  97 1 3 1 2 4
 990 890  627 0  87 1 3 1 2 4
 991 950  625 0  74 1 3 1 2 4
 992 694  943 0  82 1 3 1 2 4
 993 119  532 0  84 1 3 1 2 4
 994 119  296 0  75 1 3 1 2 4
 995 200   25 0  35 1 3 1 2 4
 996 659  683 0  64 1 3 1 2 4
 997 604  337 0  91 1 3 1 2 4
 998 267  348 0  46 1 3 1 2 4
 999 391  580 0  89 1 3 1 2 4
1000 506  752 0  95 1 3 1 2 4
1001 783  249 0  42 1 3 1 2 4
1002 299  630 0  17 1 3 1 2 4
1003 469  552 0  30 1 3 1 2 4
1004 988  884 0  88 1 3 1 2 4
1005 422  623 0  15 1 3 1 2 4
1006 179  464 0  69 1 3 1 2 4
1007 113  762 0  59 1 3 1 2 4
1008 172  419 0  17 1 3 1 2 4
1009 114  632 0  96 1 3 1 2 4
1010 903  109 0  38 1 3 1 2 4
1011 617   18 0  49 1 3 1 2 4
1012 839  238 0  81 1 3 1 2 4
1013 789  675 0  89 1 3 1 2 4
1014 351   40 0  93 1 3 1 2 4
1015 707  784 0  16 1 3 1 2 4
1016 840   45 0  43 1 3 1 2 4
1017 776   15 0  89 1 3 1 2 4
1018 181  145 0  70 1 3 1 2 4
1019  46  458 0  14 1 3 1 2 4
1020 726   88 0  91 1 3 1 2 4
1021 720  272 0  35 1 3 1 2 4
1022 234  825 0  98 1 3 1 2 4
1023 466  543 0  12 1 3 1 2 4
1024  59  822 0  25 1 3 1 2 4
1025 839  900 0  20 1 3 1 2 4
1026 502  565 0  96 1 3 1 2 4
1027 574  584 0  73 1 3 1 2 4
1028 349  278 0  48 1 3 1 2 4
1029 703  665 0  76 1 3 1 2 4
1030 618  289 0  17 1 3 1 2 4
1031  91  604 0  68 1 3 1 2 4
1032 938  176 0  39 1 3 1 2 4
1033 285  710 0  24 1 3 1 2 4
1034  21  318 0  88 1 3 1 2 4
1035 529  242 0  59 1 3 1 2 4
1036 772  807 0  57 1 3 1 2 4
1037 304  194 0  54 1 3 1 2 4
1038 802  180 0  28 1 3 1 2 4
1039 927  586 0  44 1 3 1 2 4
1040 934  278 0   3 1 3 1 2 4
1041 845  715 0  83 1 3 1 2 4
1042 159  959 0  23 1 3 1 2 4
1043 932  709 0 100 1 3 1 2 4
1044 867  416 0  97 1 3 1 2 4
1045 889  117 0   8 1 3 1 2 4
1046 790  678 0  30 1 3 1 2 4
1047  93  355 0  62 1 3 1 2 4
1048  42  750 0  98 1 3 1 2 4
1049 900  301 0  50 1 3 1 2 4
1050 259  143 0  22 1 3 1 2 4
1051 303  535 0  42 1 3 1 2 4
1052 892  156 0  19 1 3 1 2 4
1053  14  465 0  36 1 3 1 2 4
1054 510  304 0  44 1 3 1 2 4
1055 787  587 0  86 1 3 1 2 4
1056 682  634 0  77 1 3 1 2 4
1057 224  919 0  38 1 3 1 2 4
1058 711  237 0  44 1 3 1 2 4
1059 355  589 0   7 1 3 1 2 4
1060 627  407 0  62 1 3 1 2 4
1061 327  396 0  91 1 3 1 2 4
1062 874  320 0  65 1 3 1 2 4
1063 133   67 0  40 1 3 1 2 4
1064 470  497 0  83 1 3 1 2 4
1065 802  514 0  50 1 3 1 2 4
1066 479  697 0  24 1 3 1 2 4
1067 950  895 0  25 1 3 1 2 4
1068 974  987 0  30 1 3 1 2 4
1069 662  161 0  17 1 3 1 2 4
1070 904  307 0  20 1 3 1 2 4
1071 832  308 0  33 1 3 1 2 4
1072 386  698 0  47 1 3 1 2 4
1073 980  724 0  20 1 3 1 2 4
1074  27  543 0  71 1 3 1 2 4
1075 488  432 0  56 1 3 1 2 4
1076 794  839 0  47 1 3 1 2 4
1077 439  306 0   6 1 3 1 2 4
1078 200  163 0  66 1 3 1 2 4
1079 788  453 0  25 1 3 1 2 4
1080 617  651 0  97 1 3 1 2 4
1081  57  747 0  58 1 3 1 2 4
1082 649  615 0  89 1 3 1 2 4
1083 810  442 0  53 1 3 1 2 4
1084 865  766 0  90 1 3 1 2 4
1085 956  249 0  20 1 3 1 2 4
1086 696  322 0  33 1 3 1 2 4
1087 917  615 0  12 1 3 1 2 4
1088 248  247 0  79 1 3 1 2 4
1089 168  233 0  51 1 3 1 2 4
1090 702  784 0  49 1 3 1 2 4
1091  20  162 0  84 1 3 1 2 4
1092 471  819 0  54 1 3 1 2 4
1093 870  557 0  63 1 3 1 2 4
1094 999  417 0  75 1 3 1 2 4
1095 695  279 0  66 1 3 1 2 4
1096 684  478 0   7 1 3 1 2 4
1097 337  914 0  11 1 3 1 2 4
1098 933  110 0  24 1 3 1 2 4
1099 211  989 0  66 1 3 1 2 4
1100 597  130 0  33 1 3 1 2 4
1101 334  322 0  48 1 3 1 2 4
1102 295  220 0  34 1 3 1 2 4
1103 884  860 0  24 1 3 1 2 4
1104 560  845 0  71 1 3 1 2 4
1105 349  248 0   8 1 3 1 2 4
1106 373  943 0  21 1 3 1 2 4
1107 672  133 0  83 1 3 1 2 4
1108 791  914 0  95 1 3 1 2 4
1109 359   35 0  46 1 3 1 2 4
1110 855  604 0   5 1 3 1 2 4
1111 260  660 0  48 1 3 1 2 4
1112 408  673 0  95 1 3 1 2 4
1113  48  163 0  73 1 3 1 2 4
1114 132  279 0  87 1 3 1 2 4
1115 658  467 0  95 1 3 1 2 4
1116 877  464 0  52 1 3 1 2 4
1117 262  359 0  78 1 3 1 2 4
1118 694  817 0  32 1 3 1 2 4
1119 200  877 0  20 1 3 1 2 4
1120 423  681 0  78 1 3 1 2 4
1121 590  471 0  56 1 3 1 2 4
1122 924  422 0  21 1 3 1 2 4
1123 758  852 0  26 1 3 1 2 4
1124 896    5 0  16 1 3 1 2 4
1125 354  100 0  78 1 3 1 2 4
1126 858  128 0  86 1 3 1 2 4
1127 120  661 0  77 1 3 1 2 4
1128 782  435 0  67 1 3 1 2 4
1129 404  794 0  52 1 3 1 2 4
1130 986  740 0  62 1 3 1 2 4
1131 560  346 0  45 1 3 1 2 4
1132 643  154 0  12 1 3 1 2 4
1133 776  517 0  99 1 3 1 2 4
1134  44  880 0  58 1 3 1 2 4
1135 444  511 0  22 1 3 1 2 4
1136  45  115 0  74 1 3 1 2 4
1137 643   88 0  36 1 3 1 2 4
1138 507   88 0  14 1 3 1 2 4
1139 163  359 0   5 1 3 1 2 4
1140 602  150 0  13 1 3 1 2 4
1141 115  623 0  64 1 3 1 2 4
1142 136  754 0  64 1 3 1 2 4
1143 162  537 0  15 1 3 1 2 4
1144 573  435 0  46 1 3 1 2 4
1145 534  753 0  38 1 3 1 2 4
1146 796  650 0  77 1 3 1 2 4
1147 657  472 0  93 1 3 1 2 4
1148 845  187 0  24 1 3 1 2 4
1149 151  189 0  58 1 3 1 2 4
1150 730  298 0  44 1 3 1 2 4
1151 438  405 0  11 1 3 1 2 4
1152 419  627 0  88 1 3 1 2 4
1153 248   72 0   6 1 3 1 2 4
1154 955  447 0 100 1 3 1 2 4
1155 232  581 0  93 1 3 1 2 4
1156   4  430 0  12 1 3 1 2 4
1157 915  244 0  77 1 3 1 2 4
1158 460  961 0  67 1 3 1 2 4
1159 803  701 0  43 1 3 1 2 4
1160 121  140 0  14 1 3 1 2 4
1161  54   89 0  83 1 3 1 2 4
1162 545  209 0  55 1 3 1 2 4
1163 432  905 0   6 1 3 1 2 4
1164 473  136 0  36 1 3 1 2 4
1165 788  239 0  19 1 3 1 2 4
1166 665  711 0  23 1 3 1 2 4
1167 496  106 0  87 1 3 1 2 4
1168 595   19 0  70 1 3 1 2 4
1169 651  221 0  97 1 3 1 2 4
1170 919  942 0  80 1 3 1 2 4
1171 966  715 0  27 1 3 1 2 4
1172 421   64 0  12 1 3 1 2 4
1173 700   25 0  55 1 3 1 2 4
1174 334  886 0  89 1 3 1 2 4
1175 401  756 0  36 1 3 1 2 4
1176 846  938 0  35 1 3 1 2 4
1177 984  468 0  54 1 3 1 2 4
1178 180  513 0  25 1 3 1 2 4
1179 681  919 0  30 1 3 1 2 4
1180 248  545 0  80 1 3 1 2 4
1181  26  241 0  28 1 3 1 2 4
1182 432  544 0  45 1 3 1 2 4
1183 380 1000 0  95 1 3 1 2 4
1184 732  906 0  99 1 3 1 2 4
1185 144  729 0  60 1 3 1 2 4
1186 588  517 0  95 1 3 1 2 4
1187 944  777 0  29 1 3 1 2 4
1188 511  559 0   3 1 3 1 2 4
1189 760  702 0  84 1 3 1 2 4
1190 626  723 0  40 1 3 1 2 4
1191 196  371 0  50 1 3 1 2 4
1192 685  652 0  37 1 3 1 2 4
1193 546  471 0  89 1 3 1 2 4
1194 185  474 0  49 1 3 1 2 4
1195 367  788 0  51 1 3 1 2 4
1196 806  371 0  84 1 3 1 2 4
1197 387  463 0  73 1 3 1 2 4
1198 683  790 0  53 1 3 1 2 4
1199 501  839 0  84 1 3 1 2 4
1200 823  150 0  84 1 3 1 2 4
1201 790  656 0  56 1 3 1 2 4
1202 761  355 0  17 1 3 1 2 4
1203 336  315 0  37 1 3 1 2 4
1204 509  628 0  68 1 3 1 2 4
1205 125  413 0   7 1 3 1 2 4
1206 590  843 0  57 1 3 1 2 4
1207 185  834 0  53 1 3 1 2 4
1208 483  882 0  24 1 3 1 2 4
1209 203  311 0  14 1 3 1 2 4
1210  44  552 0  55 1 3 1 2 4
1211 535  732 0  80 1 3 1 2 4
1212 140  895 0  78 1 3 1 2 4
1213  79  162 0  59 1 3 1 2 4
1214 755  510 0  59 1 3 1 2 4
1215 292  382 0  87 1 3 1 2 4
1216 379  216 0  60 1 3 1 2 4
1217 619  524 0  70 1 3 1 2 4
1218  73  376 0   7 1 3 1 2 4
1219 560  373 0  94 1 3 1 2 4
1220 202  614 0  74 1 3 1 2 4
1221 672  423 0  66 1 3 1 2 4
1222 405  943 0  21 1 3 1 2 4
1223 680  523 0  13 1 3 1 2 4
1224 335  615 0  99 1 3 1 2 4
1225 570  624 0  46 1 3 1 2 4
1226 871  943 0  72 1 3 1 2 4
1227 953   47 0 100 1 3 1 2 4
1228 260  682 0  37 1 3 1 2 4
1229 479   63 0  79 1 3 1 2 4
1230 255  450 0  37 1 3 1 2 4
1231 757   45 0  75 1 3 1 2 4
1232 103  720 0  76 1 3 1 2 4
1233 783  749 0  23 1 3 1 2 4
1234 601  713 0  99 1 3 1 2 4
1235 203  783 0  61 1 3 1 2 4
1236 711  629 0  11 1 3 1 2 4
1237 486  648 0  11 1 3 1 2 4
1238 288  471 0  40 1 3 1 2 4
1239 626  423 0  91 1 3 1 2 4
1240 498  362 0  31 1 3 1 2 4
1241 505  489 0  55 1 3 1 2 4
1242 573   50 0  17 1 3 1 2 4
1243 222  587 0  88 1 3 1 2 4
1244 527  328 0  59 1 3 1 2 4
1245  10  306 0  74 1 3 1 2 4
1246 803  908 0  43 1 3 1 2 4
1247  53  147 0  76 1 3 1 2 4
1248 574  945 0  48 1 3 1 2 4
1249 278  659 0  66 1 3 1 2 4
1250 880  435 0  53 1 3 1 2 4
1251 231  218 0  24 1 3 1 2 4
1252 537  728 0  68 1 3 1 2 4
1253 918  628 0  19 1 3 1 2 4
1254 530  147 0   9 1 3 1 2 4
1255 606  447 0  34 1 3 1 2 4
1256 161  267 0  98 1 3 1 2 4
1257 549  705 0  40 1 3 1 2 4
1258 281  218 0  63 1 3 1 2 4
1259 552  767 0  84 1 3 1 2 4
1260 464  863 0  36 1 3 1 2 4
1261 996   85 0  84 1 3 1 2 4
1262 788   51 0  12 1 3 1 2 4
1263 672    0 0   3 1 3 1 2 4
1264 584  600 0  30 1 3 1 2 4
1265 287    6 0  86 1 3 1 2 4
1266  60  354 0  76 1 3 1 2 4
1267 522  386 0  44 1 3 1 2 4
1268 536  260 0  99 1 3 1 2 4
1269 430  468 0   6 1 3 1 2 4
1270 691  133 0  58 1 3 1 2 4
1271 295  169 0  43 1 3 1 2 4
1272 543  643 0  17 1 3 1 2 4
1273 368  878 0   4 1 3 1 2 4
1274 996  516 0  19 1 3 1 2 4
1275 166   68 0   5 1 3 1 2 4
1276 939  492 0  70 1 3 1 2 4
1277 991  853 0  41 1 3 1 2 4
1278 867  980 0  99 1 3 1 2 4
1279 557  591 0  48 1 3 1 2 4
1280 359  227 0   3 1 3 1 2 4
1281  34  866 0  69 1 3 1 2 4
1282 370  621 0  12 1 3 1 2 4
1283 945  750 0  69 1 3 1 2 4
1284 349  616 0   8 1 3 1 2 4
1285  92  107 0  27 1 3 1 2 4
1286 295  786 0  78 1 3 1 2 4
1287   1  758 0  69 1 3 1 2 4
1288 167  825 0  53 1 3 1 2 4
1289 866    3 0   7 1 3 1 2 4
1290 586  309 0  28 1 3 1 2 4
1291 694  673 0  89 1 3 1 2 4
1292  21  213 0  84 1 3 1 2 4
1293  93  937 0  78 1 3 1 2 4
1294 124  697 0  47 1 3 1 2 4
1295 436  216 0  99 1 3 1 2 4
1296 465  626 0  73 1 3 1 2 4
1297 855  389 0  79 1 3 1 2 4
1298 734  429 0  68 1 3 1 2 4
1299 472  913 0  96 1 3 1 2 4
1300 284  982 0  97 1 3 1 2 4
1301 857  798 0  46 1 3 1 2 4
1302  27  116 0   9 1 3 1 2 4
1303 274   68 0  62 1 3 1 2 4
1304  29  974 0  89 1 3 1 2 4
1305 227  401 0  66 1 3 1 2 4
1306 659  783 0  28 1 3 1 2 4
1307 568  119 0  55 1 3 1 2 4
1308 778   23 0  98 1 3 1 2 4
1309 451  273 0  93 1 3 1 2 4
1310  92  175 0  41 1 3 1 2 4
1311 319   22 0  90 1 3 1 2 4
1312 516  511 0  47 1 3 1 2 4
1313   5  792 0   9 1 3 1 2 4
1314 806  846 0  59 1 3 1 2 4
1315 882  904 0  63 1 3 1 2 4
1316 771  457 0  42 1 3 1 2 4
1317 960  462 0  30 1 3 1 2 4
1318 611  566 0  82 1 3 1 2 4
1319  64  978 0  82 1 3 1 2 4
1320 590   45 0  60 1 3 1 2 4
1321 218  920 0  14 1 3 1 2 4
1322 742   60 0  28 1 3 1 2 4
1323 964  616 0  53 1 3 1 2 4
1324  67  558 0  45 1 3 1 2 4
1325 631  659 0  12 1 3 1 2 4
1326 700  125 0   1 1 3 1 2 4
1327 842  887 0  36 1 3 1 2 4
1328  92  324 0  75 1 3 1 2 4
1329 393  737 0  76 1 3 1 2 4
1330 188   27 0  88 1 3 1 2 4
1331 909  232 0  27 1 3 1 2 4
1332 894   25 0  36 1 3 1 2 4
1333 996   27 0  32 1 3 1 2 4
1334 625   64 0  34 1 3 1 2 4
1335 474  345 0  20 1 3 1 2 4
1336 975   33 0  52 1 3 1 2 4
1337 557  290 0  34 1 3 1 2 4
1338  90  342 0  89 1 3 1 2 4
1339 250  560 0  11 1 3 1 2 4
1340 935  895 0  90 1 3 1 2 4
1341 784  245 0  80 1 3 1 2 4
1342 336  702 0  80 1 3 1 2 4
1343 623  276 0  22 1 3 1 2 4
1344 211  828 0  95 1 3 1 2 4
1345 414  497 0  75 1 3 1 2 4
1346 385  549 0  74 1 3 1 2 4
1347  18  488 0  84 1 3 1 2 4
1348 865  807 0  93 1 3 1 2 4
1349 429  444 0  92 1 3 1 2 4
1350 440  874 0  27 1 3 1 2 4
1351 981  281 0  54 1 3 1 2 4
1352 957  425 0  91 1 3 1 2 4
1353 344  841 0  70 1 3 1 2 4
1354  26   92 0  17 1 3 1 2 4
1355 541  793 0  72 1 3 1 2 4
1356 686  117 0  18 1 3 1 2 4
1357 216  638 0  76 1 3 1 2 4
1358 897  900 0  90 1 3 1 2 4
1359 624   86 0  35 1 3 1 2 4
1360 323  356 0  26 1 3 1 2 4
1361 105  770 0  64 1 3 1 2 4
1362 974  292 0  64 1 3 1 2 4
1363 867  567 0  72 1 3 1 2 4
1364 120   46 0  99 1 3 1 2 4
1365   2  750 0  59 1 3 1 2 4
1366  33  301 0  96 1 3 1 2 4
1367  53  643 0  65 1 3 1 2 4
1368 740  344 0  57 1 3 1 2 4
1369 652  570 0  18 1 3 1 2 4
1370 910   56 0  60 1 3 1 2 4
1371 882  709 0  56 1 3 1 2 4
1372 982  307 0  15 1 3 1 2 4
1373 783  369 0  62 1 3 1 2 4
1374 276   58 0  17 1 3 1 2 4
1375 583  736 0   4 1 3 1 2 4
1376 845   94 0  71 1 3 1 2 4
1377 391  809 0  33 1 3 1 2 4
1378 736  322 0  57 1 3 1 2 4
1379  38  718 0  92 1 3 1 2 4
1380 339  181 0  27 1 3 1 2 4
1381 926   51 0  63 1 3 1 2 4
1382 505  834 0   6 1 3 1 2 4
1383 605  225 0   3 1 3 1 2 4
1384 756  189 0  37 1 3 1 2 4
1385 375  713 0  63 1 3 1 2 4
1386 141   15 0  91 1 3 1 2 4
1387 810   40 0  81 1 3 1 2 4
1388 206  182 0  56 1 3 1 2 4
1389 288  129 0  18 1 3 1 2 4
1390  55  672 0  99 1 3 1 2 4
1391 142   65 0  43 1 3 1 2 4
1392 775  291 0  74 1 3 1 2 4
1393 774  805 0  38 1 3 1 2 4
1394 826  201 0  25 1 3 1 2 4
1395 134   53 0  92 1 3 1 2 4
1396  89  191 0  54 1 3 1 2 4
1397 487  111 0  42 1 3 1 2 4
1398 472  742 0  82 1 3 1 2 4
1399 898  936 0  90 1 3 1 2 4
1400 869  432 0  79 1 3 1 2 4
1401 290  850 0   5 1 3 1 2 4
1402 464  424 0   5 1 3 1 2 4
1403  57  829 0  88 1 3 1 2 4
1404 703  982 0   0 0 0
1405 299  810 0   0 0 0
1406 356  469 0   0 0 0
