2 211 1416 6
0 252
0 252
0 252
0 252
0 252
0 252
   1  300  105 0  30 1 6 1 2 4 8 16 32
   2  585  871 0  22 1 6 1 2 4 8 16 32
   3  314  408 0  43 1 6 1 2 4 8 16 32
   4  131    2 0  51 1 6 1 2 4 8 16 32
   5  282  579 0  89 1 6 1 2 4 8 16 32
   6  778  317 0  49 1 6 1 2 4 8 16 32
   7  143  792 0  40 1 6 1 2 4 8 16 32
   8   52  479 0  29 1 6 1 2 4 8 16 32
   9  193   28 0  74 1 6 1 2 4 8 16 32
  10  510  147 0  42 1 6 1 2 4 8 16 32
  11  235  996 0  69 1 6 1 2 4 8 16 32
  12  699  589 0  70 1 6 1 2 4 8 16 32
  13   96  789 0  99 1 6 1 2 4 8 16 32
  14  311  132 0  76 1 6 1 2 4 8 16 32
  15  818  670 0  48 1 6 1 2 4 8 16 32
  16  200  946 0  72 1 6 1 2 4 8 16 32
  17  280  286 0  78 1 6 1 2 4 8 16 32
  18  987  111 0  13 1 6 1 2 4 8 16 32
  19  497  611 0  58 1 6 1 2 4 8 16 32
  20  429  419 0  75 1 6 1 2 4 8 16 32
  21  997  523 0  96 1 6 1 2 4 8 16 32
  22  616  301 0  95 1 6 1 2 4 8 16 32
  23  280  822 0   6 1 6 1 2 4 8 16 32
  24  346  730 0  49 1 6 1 2 4 8 16 32
  25  204   12 0  17 1 6 1 2 4 8 16 32
  26  275  779 0  95 1 6 1 2 4 8 16 32
  27  697  421 0  24 1 6 1 2 4 8 16 32
  28  619  169 0  55 1 6 1 2 4 8 16 32
  29  914  968 0  32 1 6 1 2 4 8 16 32
  30  292  224 0  79 1 6 1 2 4 8 16 32
  31  815  764 0  52 1 6 1 2 4 8 16 32
  32  458  948 0   7 1 6 1 2 4 8 16 32
  33   77  744 0  10 1 6 1 2 4 8 16 32
  34   92  822 0  61 1 6 1 2 4 8 16 32
  35  905  643 0  83 1 6 1 2 4 8 16 32
  36  194  707 0  45 1 6 1 2 4 8 16 32
  37  855  752 0  52 1 6 1 2 4 8 16 32
  38  399  102 0  86 1 6 1 2 4 8 16 32
  39  767  556 0  26 1 6 1 2 4 8 16 32
  40  951  386 0  74 1 6 1 2 4 8 16 32
  41  746  227 0  50 1 6 1 2 4 8 16 32
  42  198  427 0  54 1 6 1 2 4 8 16 32
  43  536  325 0  88 1 6 1 2 4 8 16 32
  44  639  263 0  22 1 6 1 2 4 8 16 32
  45  561  780 0  71 1 6 1 2 4 8 16 32
  46  350  886 0  45 1 6 1 2 4 8 16 32
  47  788  730 0  20 1 6 1 2 4 8 16 32
  48  727  344 0  22 1 6 1 2 4 8 16 32
  49  172  799 0  59 1 6 1 2 4 8 16 32
  50  399  287 0  20 1 6 1 2 4 8 16 32
  51  278  672 0  97 1 6 1 2 4 8 16 32
  52  774  157 0   6 1 6 1 2 4 8 16 32
  53  565  355 0  89 1 6 1 2 4 8 16 32
  54  667  683 0  44 1 6 1 2 4 8 16 32
  55  923  502 0  53 1 6 1 2 4 8 16 32
  56  386  960 0   2 1 6 1 2 4 8 16 32
  57  747  817 0  74 1 6 1 2 4 8 16 32
  58  699  336 0  40 1 6 1 2 4 8 16 32
  59  859  825 0  75 1 6 1 2 4 8 16 32
  60  306  912 0  77 1 6 1 2 4 8 16 32
  61  485  413 0  59 1 6 1 2 4 8 16 32
  62   25  300 0  22 1 6 1 2 4 8 16 32
  63  500  474 0  61 1 6 1 2 4 8 16 32
  64  128  870 0  14 1 6 1 2 4 8 16 32
  65  434  699 0  59 1 6 1 2 4 8 16 32
  66  817  614 0 100 1 6 1 2 4 8 16 32
  67  344  115 0  40 1 6 1 2 4 8 16 32
  68  732  506 0  95 1 6 1 2 4 8 16 32
  69  822  840 0  13 1 6 1 2 4 8 16 32
  70  378  994 0  10 1 6 1 2 4 8 16 32
  71  436  597 0  20 1 6 1 2 4 8 16 32
  72  919  764 0  25 1 6 1 2 4 8 16 32
  73  666  713 0   7 1 6 1 2 4 8 16 32
  74  164  747 0  72 1 6 1 2 4 8 16 32
  75  230  449 0  65 1 6 1 2 4 8 16 32
  76  442  912 0  32 1 6 1 2 4 8 16 32
  77  158  317 0 100 1 6 1 2 4 8 16 32
  78  116  519 0  61 1 6 1 2 4 8 16 32
  79  959  937 0  62 1 6 1 2 4 8 16 32
  80  438  442 0  66 1 6 1 2 4 8 16 32
  81  970  303 0  55 1 6 1 2 4 8 16 32
  82  629  952 0  75 1 6 1 2 4 8 16 32
  83   28   76 0  44 1 6 1 2 4 8 16 32
  84  730  199 0  42 1 6 1 2 4 8 16 32
  85  996  908 0  76 1 6 1 2 4 8 16 32
  86  795  407 0   7 1 6 1 2 4 8 16 32
  87  703  813 0  90 1 6 1 2 4 8 16 32
  88  269  395 0  69 1 6 1 2 4 8 16 32
  89  369  167 0  84 1 6 1 2 4 8 16 32
  90    8  511 0  33 1 6 1 2 4 8 16 32
  91  915  809 0  78 1 6 1 2 4 8 16 32
  92  124  973 0  31 1 6 1 2 4 8 16 32
  93  169  747 0  42 1 6 1 2 4 8 16 32
  94  384  600 0  59 1 6 1 2 4 8 16 32
  95  169  355 0  52 1 6 1 2 4 8 16 32
  96  148  454 0  49 1 6 1 2 4 8 16 32
  97    2  249 0  32 1 6 1 2 4 8 16 32
  98  979  770 0  14 1 6 1 2 4 8 16 32
  99  374  138 0  67 1 6 1 2 4 8 16 32
 100  401  964 0  20 1 6 1 2 4 8 16 32
 101  733  151 0  21 1 6 1 2 4 8 16 32
 102  676   38 0  21 1 6 1 2 4 8 16 32
 103  656  562 0  55 1 6 1 2 4 8 16 32
 104  273   59 0   8 1 6 1 2 4 8 16 32
 105  103  586 0  99 1 6 1 2 4 8 16 32
 106  547  327 0  56 1 6 1 2 4 8 16 32
 107  766  121 0  54 1 6 1 2 4 8 16 32
 108  855  258 0  67 1 6 1 2 4 8 16 32
 109  261  509 0  73 1 6 1 2 4 8 16 32
 110  637  624 0 100 1 6 1 2 4 8 16 32
 111  823  708 0  54 1 6 1 2 4 8 16 32
 112  577  309 0  29 1 6 1 2 4 8 16 32
 113   64  561 0  95 1 6 1 2 4 8 16 32
 114   12  537 0  10 1 6 1 2 4 8 16 32
 115  410  365 0  29 1 6 1 2 4 8 16 32
 116  435  620 0  37 1 6 1 2 4 8 16 32
 117  901  173 0  13 1 6 1 2 4 8 16 32
 118  981  232 0  39 1 6 1 2 4 8 16 32
 119  966  840 0  93 1 6 1 2 4 8 16 32
 120  404  538 0  14 1 6 1 2 4 8 16 32
 121  947  652 0  51 1 6 1 2 4 8 16 32
 122  469  124 0  98 1 6 1 2 4 8 16 32
 123  201  182 0  59 1 6 1 2 4 8 16 32
 124  902  529 0  82 1 6 1 2 4 8 16 32
 125  260  210 0  63 1 6 1 2 4 8 16 32
 126  720  809 0  16 1 6 1 2 4 8 16 32
 127  941  858 0  67 1 6 1 2 4 8 16 32
 128   76  895 0  61 1 6 1 2 4 8 16 32
 129   71  114 0  96 1 6 1 2 4 8 16 32
 130  750  474 0  66 1 6 1 2 4 8 16 32
 131  579   53 0  35 1 6 1 2 4 8 16 32
 132  413   23 0  31 1 6 1 2 4 8 16 32
 133  962  397 0  47 1 6 1 2 4 8 16 32
 134  579  384 0  93 1 6 1 2 4 8 16 32
 135  945  274 0  72 1 6 1 2 4 8 16 32
 136  706  439 0  17 1 6 1 2 4 8 16 32
 137  416  575 0  51 1 6 1 2 4 8 16 32
 138   59   99 0  76 1 6 1 2 4 8 16 32
 139   43  436 0   1 1 6 1 2 4 8 16 32
 140  669  379 0  88 1 6 1 2 4 8 16 32
 141  690   28 0  87 1 6 1 2 4 8 16 32
 142  512  698 0  97 1 6 1 2 4 8 16 32
 143  148  591 0  79 1 6 1 2 4 8 16 32
 144   17  505 0  13 1 6 1 2 4 8 16 32
 145   45  541 0  50 1 6 1 2 4 8 16 32
 146  158  427 0   8 1 6 1 2 4 8 16 32
 147  270  673 0  54 1 6 1 2 4 8 16 32
 148  122  637 0  56 1 6 1 2 4 8 16 32
 149  674  354 0  67 1 6 1 2 4 8 16 32
 150  765   56 0  70 1 6 1 2 4 8 16 32
 151  750   20 0  35 1 6 1 2 4 8 16 32
 152  421  741 0  14 1 6 1 2 4 8 16 32
 153  830  260 0  88 1 6 1 2 4 8 16 32
 154  899   68 0  25 1 6 1 2 4 8 16 32
 155  892  769 0  65 1 6 1 2 4 8 16 32
 156  716  605 0  73 1 6 1 2 4 8 16 32
 157  282  311 0  67 1 6 1 2 4 8 16 32
 158  325  783 0  45 1 6 1 2 4 8 16 32
 159  719  278 0  52 1 6 1 2 4 8 16 32
 160  997  823 0  66 1 6 1 2 4 8 16 32
 161  333   73 0  78 1 6 1 2 4 8 16 32
 162  870  996 0   8 1 6 1 2 4 8 16 32
 163  639   11 0  59 1 6 1 2 4 8 16 32
 164  429   65 0  64 1 6 1 2 4 8 16 32
 165   51  775 0  91 1 6 1 2 4 8 16 32
 166  781  867 0  25 1 6 1 2 4 8 16 32
 167  514  801 0  11 1 6 1 2 4 8 16 32
 168  764  387 0  39 1 6 1 2 4 8 16 32
 169  402  519 0  55 1 6 1 2 4 8 16 32
 170  931   58 0  96 1 6 1 2 4 8 16 32
 171  785  616 0  60 1 6 1 2 4 8 16 32
 172   27  528 0  32 1 6 1 2 4 8 16 32
 173  674  426 0  82 1 6 1 2 4 8 16 32
 174  140  956 0  33 1 6 1 2 4 8 16 32
 175  684  564 0  29 1 6 1 2 4 8 16 32
 176  700  176 0  25 1 6 1 2 4 8 16 32
 177  659  311 0  26 1 6 1 2 4 8 16 32
 178  978  837 0  42 1 6 1 2 4 8 16 32
 179  878  704 0  81 1 6 1 2 4 8 16 32
 180  122   23 0   2 1 6 1 2 4 8 16 32
 181  231  586 0  88 1 6 1 2 4 8 16 32
 182  690  725 0  86 1 6 1 2 4 8 16 32
 183  647  455 0  64 1 6 1 2 4 8 16 32
 184  687  973 0  92 1 6 1 2 4 8 16 32
 185  701  513 0  65 1 6 1 2 4 8 16 32
 186  115  977 0  37 1 6 1 2 4 8 16 32
 187  912  399 0  71 1 6 1 2 4 8 16 32
 188  511  791 0  36 1 6 1 2 4 8 16 32
 189  103  726 0  43 1 6 1 2 4 8 16 32
 190   75  181 0  70 1 6 1 2 4 8 16 32
 191  196  125 0  41 1 6 1 2 4 8 16 32
 192  381  320 0  76 1 6 1 2 4 8 16 32
 193   50  186 0  55 1 6 1 2 4 8 16 32
 194  117   90 0  32 1 6 1 2 4 8 16 32
 195  822   42 0   9 1 6 1 2 4 8 16 32
 196  350  981 0  89 1 6 1 2 4 8 16 32
 197  320  322 0  96 1 6 1 2 4 8 16 32
 198  182  704 0  85 1 6 1 2 4 8 16 32
 199  605  972 0  48 1 6 1 2 4 8 16 32
 200  871  368 0  22 1 6 1 2 4 8 16 32
 201  102  855 0   7 1 6 1 2 4 8 16 32
 202  608  598 0  66 1 6 1 2 4 8 16 32
 203  752  941 0  68 1 6 1 2 4 8 16 32
 204  795  597 0  43 1 6 1 2 4 8 16 32
 205  799  262 0  44 1 6 1 2 4 8 16 32
 206  813  290 0   4 1 6 1 2 4 8 16 32
 207  345  206 0  22 1 6 1 2 4 8 16 32
 208  296  336 0   9 1 6 1 2 4 8 16 32
 209  113  155 0  50 1 6 1 2 4 8 16 32
 210  635  236 0  38 1 6 1 2 4 8 16 32
 211  520  712 0  46 1 6 1 2 4 8 16 32
 212  593  343 0  11 1 6 1 2 4 8 16 32
 213  658  305 0  88 1 6 1 2 4 8 16 32
 214  489  403 0   5 1 6 1 2 4 8 16 32
 215  103  271 0  47 1 6 1 2 4 8 16 32
 216  536   92 0   6 1 6 1 2 4 8 16 32
 217  705  728 0 100 1 6 1 2 4 8 16 32
 218  133  663 0  29 1 6 1 2 4 8 16 32
 219   94  984 0   8 1 6 1 2 4 8 16 32
 220  307  200 0  18 1 6 1 2 4 8 16 32
 221  921  351 0  65 1 6 1 2 4 8 16 32
 222   79  386 0  92 1 6 1 2 4 8 16 32
 223  499   84 0  66 1 6 1 2 4 8 16 32
 224  706  390 0  66 1 6 1 2 4 8 16 32
 225  691  696 0  14 1 6 1 2 4 8 16 32
 226   53  671 0  23 1 6 1 2 4 8 16 32
 227  398  809 0  65 1 6 1 2 4 8 16 32
 228  711  304 0  10 1 6 1 2 4 8 16 32
 229  721  404 0  90 1 6 1 2 4 8 16 32
 230  708  220 0  71 1 6 1 2 4 8 16 32
 231  122  709 0  33 1 6 1 2 4 8 16 32
 232  342  225 0  97 1 6 1 2 4 8 16 32
 233  843  581 0  49 1 6 1 2 4 8 16 32
 234   92  499 0  67 1 6 1 2 4 8 16 32
 235  896  359 0  30 1 6 1 2 4 8 16 32
 236  233  538 0  80 1 6 1 2 4 8 16 32
 237  690  242 0  35 1 6 1 2 4 8 16 32
 238   17  184 0  33 1 6 1 2 4 8 16 32
 239  667  959 0  82 1 6 1 2 4 8 16 32
 240  150  914 0  66 1 6 1 2 4 8 16 32
 241  448  891 0  60 1 6 1 2 4 8 16 32
 242  233  836 0  30 1 6 1 2 4 8 16 32
 243  419  330 0  78 1 6 1 2 4 8 16 32
 244  621  801 0 100 1 6 1 2 4 8 16 32
 245  597  873 0  72 1 6 1 2 4 8 16 32
 246  733  629 0  73 1 6 1 2 4 8 16 32
 247  186  640 0  64 1 6 1 2 4 8 16 32
 248  664  662 0  53 1 6 1 2 4 8 16 32
 249  445  725 0  53 1 6 1 2 4 8 16 32
 250  316  583 0  64 1 6 1 2 4 8 16 32
 251  408  428 0  95 1 6 1 2 4 8 16 32
 252  929  146 0  59 1 6 1 2 4 8 16 32
 253  669   22 0  31 1 6 1 2 4 8 16 32
 254  323  835 0  53 1 6 1 2 4 8 16 32
 255    8   27 0  49 1 6 1 2 4 8 16 32
 256  652  644 0  82 1 6 1 2 4 8 16 32
 257  875  967 0  92 1 6 1 2 4 8 16 32
 258   58   10 0  28 1 6 1 2 4 8 16 32
 259  302  243 0  26 1 6 1 2 4 8 16 32
 260  637  294 0  49 1 6 1 2 4 8 16 32
 261  513  251 0  28 1 6 1 2 4 8 16 32
 262  811   85 0  53 1 6 1 2 4 8 16 32
 263  434  931 0  27 1 6 1 2 4 8 16 32
 264   68  237 0  60 1 6 1 2 4 8 16 32
 265  893   19 0  15 1 6 1 2 4 8 16 32
 266  533  974 0  52 1 6 1 2 4 8 16 32
 267  327  953 0  68 1 6 1 2 4 8 16 32
 268  537  380 0   2 1 6 1 2 4 8 16 32
 269  898  430 0  98 1 6 1 2 4 8 16 32
 270  936  684 0  23 1 6 1 2 4 8 16 32
 271  199  543 0  28 1 6 1 2 4 8 16 32
 272  222  240 0  10 1 6 1 2 4 8 16 32
 273  418  835 0  85 1 6 1 2 4 8 16 32
 274  233  594 0  22 1 6 1 2 4 8 16 32
 275  891  254 0  94 1 6 1 2 4 8 16 32
 276  143  804 0  58 1 6 1 2 4 8 16 32
 277  831  462 0  55 1 6 1 2 4 8 16 32
 278 1000  413 0  35 1 6 1 2 4 8 16 32
 279  467  673 0  99 1 6 1 2 4 8 16 32
 280  622  387 0  49 1 6 1 2 4 8 16 32
 281  601  570 0  62 1 6 1 2 4 8 16 32
 282   24   46 0  44 1 6 1 2 4 8 16 32
 283  910  735 0  92 1 6 1 2 4 8 16 32
 284  943  495 0  17 1 6 1 2 4 8 16 32
 285  116  933 0  44 1 6 1 2 4 8 16 32
 286  300  379 0  91 1 6 1 2 4 8 16 32
 287  520  162 0  17 1 6 1 2 4 8 16 32
 288  665  653 0  82 1 6 1 2 4 8 16 32
 289  738  275 0  15 1 6 1 2 4 8 16 32
 290  789   12 0  95 1 6 1 2 4 8 16 32
 291  479  349 0  52 1 6 1 2 4 8 16 32
 292  846  992 0  83 1 6 1 2 4 8 16 32
 293  548  116 0 100 1 6 1 2 4 8 16 32
 294  329  431 0  11 1 6 1 2 4 8 16 32
 295  326  681 0  10 1 6 1 2 4 8 16 32
 296  936  214 0   1 1 6 1 2 4 8 16 32
 297   28  707 0   2 1 6 1 2 4 8 16 32
 298  445  824 0  48 1 6 1 2 4 8 16 32
 299  958   24 0  90 1 6 1 2 4 8 16 32
 300  583  853 0   5 1 6 1 2 4 8 16 32
 301  263  294 0  66 1 6 1 2 4 8 16 32
 302  321  966 0   5 1 6 1 2 4 8 16 32
 303  588  709 0  46 1 6 1 2 4 8 16 32
 304  196  758 0  70 1 6 1 2 4 8 16 32
 305  413  147 0  85 1 6 1 2 4 8 16 32
 306   28  382 0  20 1 6 1 2 4 8 16 32
 307  690  503 0  32 1 6 1 2 4 8 16 32
 308  762  528 0  80 1 6 1 2 4 8 16 32
 309  577  539 0  88 1 6 1 2 4 8 16 32
 310  770  993 0 100 1 6 1 2 4 8 16 32
 311  948  658 0  65 1 6 1 2 4 8 16 32
 312  526  831 0  27 1 6 1 2 4 8 16 32
 313  242    2 0  20 1 6 1 2 4 8 16 32
 314  476  519 0  49 1 6 1 2 4 8 16 32
 315  232  319 0  26 1 6 1 2 4 8 16 32
 316  567  723 0  70 1 6 1 2 4 8 16 32
 317  398  324 0  94 1 6 1 2 4 8 16 32
 318  578  368 0  68 1 6 1 2 4 8 16 32
 319  365  902 0   4 1 6 1 2 4 8 16 32
 320   52    6 0  74 1 6 1 2 4 8 16 32
 321  651  248 0  63 1 6 1 2 4 8 16 32
 322  309  803 0   8 1 6 1 2 4 8 16 32
 323  548  480 0  48 1 6 1 2 4 8 16 32
 324  276  696 0  88 1 6 1 2 4 8 16 32
 325  900  741 0  98 1 6 1 2 4 8 16 32
 326  163  296 0   3 1 6 1 2 4 8 16 32
 327  550  996 0  62 1 6 1 2 4 8 16 32
 328  975   37 0  46 1 6 1 2 4 8 16 32
 329  203   91 0   5 1 6 1 2 4 8 16 32
 330  966  876 0  34 1 6 1 2 4 8 16 32
 331  824  167 0  24 1 6 1 2 4 8 16 32
 332  678  938 0  84 1 6 1 2 4 8 16 32
 333  439  151 0  80 1 6 1 2 4 8 16 32
 334  918  656 0   4 1 6 1 2 4 8 16 32
 335  161  704 0  32 1 6 1 2 4 8 16 32
 336  297  622 0  27 1 6 1 2 4 8 16 32
 337  735  798 0  55 1 6 1 2 4 8 16 32
 338  364  336 0  57 1 6 1 2 4 8 16 32
 339  674  207 0  71 1 6 1 2 4 8 16 32
 340  801  858 0  34 1 6 1 2 4 8 16 32
 341  502  953 0  20 1 6 1 2 4 8 16 32
 342  372  463 0   5 1 6 1 2 4 8 16 32
 343  620  565 0  63 1 6 1 2 4 8 16 32
 344  818  256 0  17 1 6 1 2 4 8 16 32
 345  876   55 0  98 1 6 1 2 4 8 16 32
 346  215  305 0  87 1 6 1 2 4 8 16 32
 347  742  983 0  85 1 6 1 2 4 8 16 32
 348  777  174 0  62 1 6 1 2 4 8 16 32
 349  353  645 0  41 1 6 1 2 4 8 16 32
 350  400  258 0  74 1 6 1 2 4 8 16 32
 351  699  483 0  83 1 6 1 2 4 8 16 32
 352  554  252 0  94 1 6 1 2 4 8 16 32
 353  499  307 0  87 1 6 1 2 4 8 16 32
 354  217  772 0  61 1 6 1 2 4 8 16 32
 355  453  295 0  94 1 6 1 2 4 8 16 32
 356  225  667 0  80 1 6 1 2 4 8 16 32
 357  195  959 0  43 1 6 1 2 4 8 16 32
 358  398  587 0   4 1 6 1 2 4 8 16 32
 359  148  720 0  56 1 6 1 2 4 8 16 32
 360  214  600 0  59 1 6 1 2 4 8 16 32
 361  619  463 0   9 1 6 1 2 4 8 16 32
 362  710  147 0  63 1 6 1 2 4 8 16 32
 363  114  114 0  18 1 6 1 2 4 8 16 32
 364  568  961 0  18 1 6 1 2 4 8 16 32
 365  977  431 0  50 1 6 1 2 4 8 16 32
 366  537  998 0  96 1 6 1 2 4 8 16 32
 367  224  847 0   6 1 6 1 2 4 8 16 32
 368  983   58 0  44 1 6 1 2 4 8 16 32
 369  684  891 0  86 1 6 1 2 4 8 16 32
 370   65  543 0  20 1 6 1 2 4 8 16 32
 371  586  331 0  47 1 6 1 2 4 8 16 32
 372  136  794 0  37 1 6 1 2 4 8 16 32
 373  578  205 0  61 1 6 1 2 4 8 16 32
 374  600  547 0  89 1 6 1 2 4 8 16 32
 375  752  535 0  54 1 6 1 2 4 8 16 32
 376  840  481 0  18 1 6 1 2 4 8 16 32
 377  461  380 0  59 1 6 1 2 4 8 16 32
 378  111  492 0  26 1 6 1 2 4 8 16 32
 379   29  842 0  61 1 6 1 2 4 8 16 32
 380  908  477 0  97 1 6 1 2 4 8 16 32
 381  251  216 0  68 1 6 1 2 4 8 16 32
 382  981  449 0  44 1 6 1 2 4 8 16 32
 383  121  661 0   8 1 6 1 2 4 8 16 32
 384  376  405 0   6 1 6 1 2 4 8 16 32
 385   10  473 0  30 1 6 1 2 4 8 16 32
 386  892  131 0  80 1 6 1 2 4 8 16 32
 387  781  169 0  38 1 6 1 2 4 8 16 32
 388  712  330 0  20 1 6 1 2 4 8 16 32
 389  979  598 0  47 1 6 1 2 4 8 16 32
 390  516  212 0  49 1 6 1 2 4 8 16 32
 391   59  959 0   3 1 6 1 2 4 8 16 32
 392  371  671 0  96 1 6 1 2 4 8 16 32
 393   45  660 0  18 1 6 1 2 4 8 16 32
 394  386  352 0  35 1 6 1 2 4 8 16 32
 395  241  556 0  67 1 6 1 2 4 8 16 32
 396  112  396 0  50 1 6 1 2 4 8 16 32
 397  248   84 0  67 1 6 1 2 4 8 16 32
 398  926  612 0  44 1 6 1 2 4 8 16 32
 399   48  933 0  82 1 6 1 2 4 8 16 32
 400  912   75 0  48 1 6 1 2 4 8 16 32
 401  995  521 0  73 1 6 1 2 4 8 16 32
 402  204  330 0  11 1 6 1 2 4 8 16 32
 403  986  592 0  10 1 6 1 2 4 8 16 32
 404  920    0 0  74 1 6 1 2 4 8 16 32
 405  468  202 0   4 1 6 1 2 4 8 16 32
 406  545  300 0  25 1 6 1 2 4 8 16 32
 407   81  879 0  83 1 6 1 2 4 8 16 32
 408  554  690 0   8 1 6 1 2 4 8 16 32
 409   11  571 0  76 1 6 1 2 4 8 16 32
 410  411  173 0  26 1 6 1 2 4 8 16 32
 411  397  628 0  72 1 6 1 2 4 8 16 32
 412  665    1 0  33 1 6 1 2 4 8 16 32
 413  345  558 0  50 1 6 1 2 4 8 16 32
 414  839  432 0  18 1 6 1 2 4 8 16 32
 415  752   12 0  39 1 6 1 2 4 8 16 32
 416  418  264 0  99 1 6 1 2 4 8 16 32
 417  179  591 0  66 1 6 1 2 4 8 16 32
 418  743  399 0  38 1 6 1 2 4 8 16 32
 419   16  677 0   8 1 6 1 2 4 8 16 32
 420  913  886 0  84 1 6 1 2 4 8 16 32
 421   76  261 0  42 1 6 1 2 4 8 16 32
 422  386  337 0  98 1 6 1 2 4 8 16 32
 423   33  660 0  32 1 6 1 2 4 8 16 32
 424   32   81 0  43 1 6 1 2 4 8 16 32
 425  257  177 0  49 1 6 1 2 4 8 16 32
 426  715  361 0  41 1 6 1 2 4 8 16 32
 427  160  197 0   6 1 6 1 2 4 8 16 32
 428  132   18 0  70 1 6 1 2 4 8 16 32
 429    8  527 0  18 1 6 1 2 4 8 16 32
 430  248   16 0  82 1 6 1 2 4 8 16 32
 431  234  828 0  64 1 6 1 2 4 8 16 32
 432  583  350 0  38 1 6 1 2 4 8 16 32
 433   64  227 0  23 1 6 1 2 4 8 16 32
 434  250  560 0  63 1 6 1 2 4 8 16 32
 435  681  596 0  22 1 6 1 2 4 8 16 32
 436  667  975 0  10 1 6 1 2 4 8 16 32
 437  961  928 0  80 1 6 1 2 4 8 16 32
 438  197  608 0  71 1 6 1 2 4 8 16 32
 439  990  908 0  48 1 6 1 2 4 8 16 32
 440  465   37 0  15 1 6 1 2 4 8 16 32
 441  497  249 0  22 1 6 1 2 4 8 16 32
 442  608  228 0  22 1 6 1 2 4 8 16 32
 443  523  141 0  67 1 6 1 2 4 8 16 32
 444  614  384 0  81 1 6 1 2 4 8 16 32
 445  606  986 0  87 1 6 1 2 4 8 16 32
 446  168   58 0  90 1 6 1 2 4 8 16 32
 447  323   59 0  94 1 6 1 2 4 8 16 32
 448  876  362 0  57 1 6 1 2 4 8 16 32
 449  495  383 0  39 1 6 1 2 4 8 16 32
 450  251  454 0  91 1 6 1 2 4 8 16 32
 451  994  137 0  47 1 6 1 2 4 8 16 32
 452  577  276 0  86 1 6 1 2 4 8 16 32
 453  202  444 0  53 1 6 1 2 4 8 16 32
 454  308  978 0  90 1 6 1 2 4 8 16 32
 455  667   79 0  77 1 6 1 2 4 8 16 32
 456  515  601 0   3 1 6 1 2 4 8 16 32
 457  650  823 0  12 1 6 1 2 4 8 16 32
 458  865  693 0  94 1 6 1 2 4 8 16 32
 459  452  937 0  31 1 6 1 2 4 8 16 32
 460  916  384 0  95 1 6 1 2 4 8 16 32
 461   71  895 0  23 1 6 1 2 4 8 16 32
 462  508  852 0  61 1 6 1 2 4 8 16 32
 463  672  256 0  64 1 6 1 2 4 8 16 32
 464  252  240 0  17 1 6 1 2 4 8 16 32
 465  351  868 0  61 1 6 1 2 4 8 16 32
 466  664   48 0  39 1 6 1 2 4 8 16 32
 467  457  802 0  55 1 6 1 2 4 8 16 32
 468  208   54 0  83 1 6 1 2 4 8 16 32
 469  791  440 0  38 1 6 1 2 4 8 16 32
 470  289  544 0  95 1 6 1 2 4 8 16 32
 471   21  421 0   4 1 6 1 2 4 8 16 32
 472  155  747 0 100 1 6 1 2 4 8 16 32
 473   11  174 0  77 1 6 1 2 4 8 16 32
 474  945  669 0  78 1 6 1 2 4 8 16 32
 475  119  407 0  85 1 6 1 2 4 8 16 32
 476  473  922 0 100 1 6 1 2 4 8 16 32
 477  505  311 0  95 1 6 1 2 4 8 16 32
 478  399  682 0  96 1 6 1 2 4 8 16 32
 479  654   22 0  97 1 6 1 2 4 8 16 32
 480  968  753 0  71 1 6 1 2 4 8 16 32
 481  841  507 0  70 1 6 1 2 4 8 16 32
 482  118  693 0  73 1 6 1 2 4 8 16 32
 483  350  120 0  52 1 6 1 2 4 8 16 32
 484  230  453 0  73 1 6 1 2 4 8 16 32
 485    1  211 0  37 1 6 1 2 4 8 16 32
 486  211  476 0  77 1 6 1 2 4 8 16 32
 487  126  984 0  28 1 6 1 2 4 8 16 32
 488  136  802 0  45 1 6 1 2 4 8 16 32
 489  729  340 0  52 1 6 1 2 4 8 16 32
 490   25  125 0  89 1 6 1 2 4 8 16 32
 491    5  592 0  67 1 6 1 2 4 8 16 32
 492  684  735 0  26 1 6 1 2 4 8 16 32
 493  758  690 0  86 1 6 1 2 4 8 16 32
 494  306  682 0  18 1 6 1 2 4 8 16 32
 495  279  441 0  25 1 6 1 2 4 8 16 32
 496  762  392 0  79 1 6 1 2 4 8 16 32
 497  510  431 0 100 1 6 1 2 4 8 16 32
 498   27   90 0  71 1 6 1 2 4 8 16 32
 499  915  804 0   2 1 6 1 2 4 8 16 32
 500  921  996 0  79 1 6 1 2 4 8 16 32
 501  764  168 0  59 1 6 1 2 4 8 16 32
 502   61  701 0  29 1 6 1 2 4 8 16 32
 503  196  867 0  57 1 6 1 2 4 8 16 32
 504  768  953 0  46 1 6 1 2 4 8 16 32
 505  751  179 0  66 1 6 1 2 4 8 16 32
 506  401  655 0  57 1 6 1 2 4 8 16 32
 507  824  968 0  11 1 6 1 2 4 8 16 32
 508   68  901 0  48 1 6 1 2 4 8 16 32
 509  293  787 0  30 1 6 1 2 4 8 16 32
 510  720  674 0  73 1 6 1 2 4 8 16 32
 511  912   94 0   5 1 6 1 2 4 8 16 32
 512  637  664 0  46 1 6 1 2 4 8 16 32
 513  323  474 0  32 1 6 1 2 4 8 16 32
 514  847  620 0  77 1 6 1 2 4 8 16 32
 515  313  498 0  13 1 6 1 2 4 8 16 32
 516  459  968 0  16 1 6 1 2 4 8 16 32
 517  710  502 0  22 1 6 1 2 4 8 16 32
 518  288  347 0  95 1 6 1 2 4 8 16 32
 519  745  535 0  83 1 6 1 2 4 8 16 32
 520  135  502 0  66 1 6 1 2 4 8 16 32
 521  655  743 0  74 1 6 1 2 4 8 16 32
 522  596  158 0  87 1 6 1 2 4 8 16 32
 523  289  834 0  75 1 6 1 2 4 8 16 32
 524  172  249 0  96 1 6 1 2 4 8 16 32
 525  663  815 0  99 1 6 1 2 4 8 16 32
 526  518  367 0  23 1 6 1 2 4 8 16 32
 527  815  370 0  60 1 6 1 2 4 8 16 32
 528  416  462 0  50 1 6 1 2 4 8 16 32
 529  839  202 0  85 1 6 1 2 4 8 16 32
 530  400   33 0  45 1 6 1 2 4 8 16 32
 531  365   76 0  56 1 6 1 2 4 8 16 32
 532  724  259 0  99 1 6 1 2 4 8 16 32
 533  661  182 0  47 1 6 1 2 4 8 16 32
 534   93  114 0  61 1 6 1 2 4 8 16 32
 535  260  774 0  83 1 6 1 2 4 8 16 32
 536  911  678 0  51 1 6 1 2 4 8 16 32
 537  487  989 0  50 1 6 1 2 4 8 16 32
 538  931   77 0  64 1 6 1 2 4 8 16 32
 539  740  978 0  72 1 6 1 2 4 8 16 32
 540   30  532 0   5 1 6 1 2 4 8 16 32
 541  253  862 0  16 1 6 1 2 4 8 16 32
 542  170  645 0  33 1 6 1 2 4 8 16 32
 543  266   58 0  78 1 6 1 2 4 8 16 32
 544  984  373 0  84 1 6 1 2 4 8 16 32
 545  726  220 0  53 1 6 1 2 4 8 16 32
 546  474  515 0  28 1 6 1 2 4 8 16 32
 547  390   35 0  89 1 6 1 2 4 8 16 32
 548  901   74 0  90 1 6 1 2 4 8 16 32
 549  646    1 0  20 1 6 1 2 4 8 16 32
 550  781  405 0  56 1 6 1 2 4 8 16 32
 551  222  884 0  17 1 6 1 2 4 8 16 32
 552  341  976 0  14 1 6 1 2 4 8 16 32
 553   30  308 0  87 1 6 1 2 4 8 16 32
 554   88  392 0  45 1 6 1 2 4 8 16 32
 555  939  129 0  57 1 6 1 2 4 8 16 32
 556   63  351 0  45 1 6 1 2 4 8 16 32
 557  562  133 0  35 1 6 1 2 4 8 16 32
 558  751  231 0  12 1 6 1 2 4 8 16 32
 559   52  254 0  84 1 6 1 2 4 8 16 32
 560  258  358 0  82 1 6 1 2 4 8 16 32
 561  253   66 0  52 1 6 1 2 4 8 16 32
 562   23  714 0  46 1 6 1 2 4 8 16 32
 563  131  246 0  38 1 6 1 2 4 8 16 32
 564   25  863 0  30 1 6 1 2 4 8 16 32
 565  451  801 0  58 1 6 1 2 4 8 16 32
 566   89  278 0  15 1 6 1 2 4 8 16 32
 567  948  901 0   6 1 6 1 2 4 8 16 32
 568  794  705 0  82 1 6 1 2 4 8 16 32
 569  904  288 0  93 1 6 1 2 4 8 16 32
 570  855  255 0  88 1 6 1 2 4 8 16 32
 571  621  488 0  55 1 6 1 2 4 8 16 32
 572  398  487 0  34 1 6 1 2 4 8 16 32
 573  924  295 0  74 1 6 1 2 4 8 16 32
 574  767  597 0  70 1 6 1 2 4 8 16 32
 575  522  917 0  52 1 6 1 2 4 8 16 32
 576  273  350 0  28 1 6 1 2 4 8 16 32
 577  557  709 0   2 1 6 1 2 4 8 16 32
 578  241  116 0  73 1 6 1 2 4 8 16 32
 579  818   97 0  23 1 6 1 2 4 8 16 32
 580  787  780 0  30 1 6 1 2 4 8 16 32
 581  554  581 0  90 1 6 1 2 4 8 16 32
 582  738  161 0  19 1 6 1 2 4 8 16 32
 583  967  613 0  77 1 6 1 2 4 8 16 32
 584  720  284 0  99 1 6 1 2 4 8 16 32
 585  274  832 0   6 1 6 1 2 4 8 16 32
 586  831  442 0  85 1 6 1 2 4 8 16 32
 587  560  333 0  62 1 6 1 2 4 8 16 32
 588  351  773 0  20 1 6 1 2 4 8 16 32
 589  986  774 0  88 1 6 1 2 4 8 16 32
 590  891  732 0  98 1 6 1 2 4 8 16 32
 591  901  114 0  69 1 6 1 2 4 8 16 32
 592  282  163 0  15 1 6 1 2 4 8 16 32
 593   31  609 0  81 1 6 1 2 4 8 16 32
 594  851  143 0   2 1 6 1 2 4 8 16 32
 595  965  888 0  21 1 6 1 2 4 8 16 32
 596  718  332 0  47 1 6 1 2 4 8 16 32
 597  241  428 0  72 1 6 1 2 4 8 16 32
 598  718  116 0  25 1 6 1 2 4 8 16 32
 599  817  992 0  38 1 6 1 2 4 8 16 32
 600  454  239 0  19 1 6 1 2 4 8 16 32
 601  151  492 0  31 1 6 1 2 4 8 16 32
 602  135  927 0  91 1 6 1 2 4 8 16 32
 603  623  599 0  77 1 6 1 2 4 8 16 32
 604  601  310 0  71 1 6 1 2 4 8 16 32
 605  289  853 0   4 1 6 1 2 4 8 16 32
 606  586  686 0  71 1 6 1 2 4 8 16 32
 607  892  809 0  24 1 6 1 2 4 8 16 32
 608  671  486 0  13 1 6 1 2 4 8 16 32
 609  495   33 0  69 1 6 1 2 4 8 16 32
 610  325  882 0   5 1 6 1 2 4 8 16 32
 611  843  493 0  78 1 6 1 2 4 8 16 32
 612  553  192 0  24 1 6 1 2 4 8 16 32
 613  743  360 0  39 1 6 1 2 4 8 16 32
 614  682  881 0  47 1 6 1 2 4 8 16 32
 615   18  206 0  17 1 6 1 2 4 8 16 32
 616  953  251 0  10 1 6 1 2 4 8 16 32
 617  872   67 0  81 1 6 1 2 4 8 16 32
 618  645  557 0  32 1 6 1 2 4 8 16 32
 619   70  942 0  44 1 6 1 2 4 8 16 32
 620  442   23 0 100 1 6 1 2 4 8 16 32
 621  427  997 0  36 1 6 1 2 4 8 16 32
 622  887  581 0  37 1 6 1 2 4 8 16 32
 623  118  919 0  49 1 6 1 2 4 8 16 32
 624  181  827 0  73 1 6 1 2 4 8 16 32
 625  233  254 0  72 1 6 1 2 4 8 16 32
 626  246  735 0  20 1 6 1 2 4 8 16 32
 627  641  342 0  95 1 6 1 2 4 8 16 32
 628  479  517 0  55 1 6 1 2 4 8 16 32
 629  999  675 0  76 1 6 1 2 4 8 16 32
 630  539  110 0   2 1 6 1 2 4 8 16 32
 631  214  727 0  64 1 6 1 2 4 8 16 32
 632  734  118 0  70 1 6 1 2 4 8 16 32
 633  548  783 0  83 1 6 1 2 4 8 16 32
 634  332  406 0  85 1 6 1 2 4 8 16 32
 635  599  293 0  57 1 6 1 2 4 8 16 32
 636  378  461 0  81 1 6 1 2 4 8 16 32
 637   62  190 0  97 1 6 1 2 4 8 16 32
 638  366  684 0  97 1 6 1 2 4 8 16 32
 639  192  121 0  15 1 6 1 2 4 8 16 32
 640  271    8 0  12 1 6 1 2 4 8 16 32
 641   76  565 0  80 1 6 1 2 4 8 16 32
 642  562  800 0  29 1 6 1 2 4 8 16 32
 643   71  839 0  69 1 6 1 2 4 8 16 32
 644  657  686 0   6 1 6 1 2 4 8 16 32
 645  288  931 0  41 1 6 1 2 4 8 16 32
 646  154   97 0  55 1 6 1 2 4 8 16 32
 647  699  105 0  57 1 6 1 2 4 8 16 32
 648   73  925 0  43 1 6 1 2 4 8 16 32
 649  316  734 0  28 1 6 1 2 4 8 16 32
 650  304  753 0  19 1 6 1 2 4 8 16 32
 651  296  208 0   4 1 6 1 2 4 8 16 32
 652  552  410 0  84 1 6 1 2 4 8 16 32
 653  739  684 0  27 1 6 1 2 4 8 16 32
 654   41  597 0  92 1 6 1 2 4 8 16 32
 655   84  280 0  80 1 6 1 2 4 8 16 32
 656  214  506 0   5 1 6 1 2 4 8 16 32
 657  473  221 0  56 1 6 1 2 4 8 16 32
 658  807  322 0  29 1 6 1 2 4 8 16 32
 659  221  435 0  85 1 6 1 2 4 8 16 32
 660  318  600 0  74 1 6 1 2 4 8 16 32
 661    5  824 0  93 1 6 1 2 4 8 16 32
 662  772  680 0  11 1 6 1 2 4 8 16 32
 663  124  693 0  86 1 6 1 2 4 8 16 32
 664  444  272 0  25 1 6 1 2 4 8 16 32
 665  887  986 0 100 1 6 1 2 4 8 16 32
 666  657  594 0  97 1 6 1 2 4 8 16 32
 667   25  550 0  76 1 6 1 2 4 8 16 32
 668  644  712 0  26 1 6 1 2 4 8 16 32
 669  150  516 0  96 1 6 1 2 4 8 16 32
 670  209  789 0   5 1 6 1 2 4 8 16 32
 671  882  734 0  69 1 6 1 2 4 8 16 32
 672  113  352 0  24 1 6 1 2 4 8 16 32
 673  758  348 0  26 1 6 1 2 4 8 16 32
 674  373  832 0  85 1 6 1 2 4 8 16 32
 675  272  245 0  60 1 6 1 2 4 8 16 32
 676  751  931 0  30 1 6 1 2 4 8 16 32
 677  457  292 0  37 1 6 1 2 4 8 16 32
 678  868    8 0  63 1 6 1 2 4 8 16 32
 679  683  612 0  86 1 6 1 2 4 8 16 32
 680  327  143 0   6 1 6 1 2 4 8 16 32
 681   52  549 0  65 1 6 1 2 4 8 16 32
 682  851  694 0  11 1 6 1 2 4 8 16 32
 683  812  249 0  68 1 6 1 2 4 8 16 32
 684  123  388 0  23 1 6 1 2 4 8 16 32
 685   35  338 0  75 1 6 1 2 4 8 16 32
 686  940  279 0   3 1 6 1 2 4 8 16 32
 687  203  979 0  57 1 6 1 2 4 8 16 32
 688   28  882 0  50 1 6 1 2 4 8 16 32
 689  338  628 0  64 1 6 1 2 4 8 16 32
 690  417  161 0 100 1 6 1 2 4 8 16 32
 691  161  198 0  79 1 6 1 2 4 8 16 32
 692  601  259 0   1 1 6 1 2 4 8 16 32
 693  812  680 0  51 1 6 1 2 4 8 16 32
 694  208  621 0  47 1 6 1 2 4 8 16 32
 695  683  193 0  67 1 6 1 2 4 8 16 32
 696  740  765 0  97 1 6 1 2 4 8 16 32
 697  737  185 0  13 1 6 1 2 4 8 16 32
 698  800  605 0  70 1 6 1 2 4 8 16 32
 699  307  512 0  22 1 6 1 2 4 8 16 32
 700  504   66 0  79 1 6 1 2 4 8 16 32
 701  379   25 0  26 1 6 1 2 4 8 16 32
 702   39  933 0  60 1 6 1 2 4 8 16 32
 703   68  993 0  68 1 6 1 2 4 8 16 32
 704  732   80 0   5 1 6 1 2 4 8 16 32
 705   43  909 0  66 1 6 1 2 4 8 16 32
 706  894  215 0  54 1 6 1 2 4 8 16 32
 707  981  610 0  65 1 6 1 2 4 8 16 32
 708  904  408 0  53 1 6 1 2 4 8 16 32
 709  774  645 0  29 1 6 1 2 4 8 16 32
 710  475  630 0  71 1 6 1 2 4 8 16 32
 711  105  476 0  76 1 6 1 2 4 8 16 32
 712  157  706 0  24 1 6 1 2 4 8 16 32
 713  760  847 0  93 1 6 1 2 4 8 16 32
 714  444  222 0   4 1 6 1 2 4 8 16 32
 715  231   99 0  39 1 6 1 2 4 8 16 32
 716  913  251 0  95 1 6 1 2 4 8 16 32
 717  458  351 0  60 1 6 1 2 4 8 16 32
 718  937  858 0  24 1 6 1 2 4 8 16 32
 719  190   78 0  90 1 6 1 2 4 8 16 32
 720  463  909 0  76 1 6 1 2 4 8 16 32
 721  374  891 0  56 1 6 1 2 4 8 16 32
 722  838  441 0  95 1 6 1 2 4 8 16 32
 723  793  337 0  86 1 6 1 2 4 8 16 32
 724  663  274 0  57 1 6 1 2 4 8 16 32
 725  387  428 0  88 1 6 1 2 4 8 16 32
 726  114  371 0  13 1 6 1 2 4 8 16 32
 727  924  663 0  97 1 6 1 2 4 8 16 32
 728  709  966 0  81 1 6 1 2 4 8 16 32
 729  908 1000 0  65 1 6 1 2 4 8 16 32
 730  864  895 0   4 1 6 1 2 4 8 16 32
 731  867  263 0  55 1 6 1 2 4 8 16 32
 732  443   96 0  85 1 6 1 2 4 8 16 32
 733  271  973 0   4 1 6 1 2 4 8 16 32
 734  406  716 0  97 1 6 1 2 4 8 16 32
 735  684  531 0  23 1 6 1 2 4 8 16 32
 736 1000  653 0  60 1 6 1 2 4 8 16 32
 737    9  414 0  89 1 6 1 2 4 8 16 32
 738  965  113 0  15 1 6 1 2 4 8 16 32
 739  225  364 0   4 1 6 1 2 4 8 16 32
 740  747  616 0  31 1 6 1 2 4 8 16 32
 741  140  815 0  17 1 6 1 2 4 8 16 32
 742  253  231 0  46 1 6 1 2 4 8 16 32
 743  744  850 0  17 1 6 1 2 4 8 16 32
 744  964   95 0  16 1 6 1 2 4 8 16 32
 745  710  283 0  28 1 6 1 2 4 8 16 32
 746  665  419 0  74 1 6 1 2 4 8 16 32
 747  791  439 0   1 1 6 1 2 4 8 16 32
 748  898  663 0  78 1 6 1 2 4 8 16 32
 749  522  148 0  32 1 6 1 2 4 8 16 32
 750   10  304 0  88 1 6 1 2 4 8 16 32
 751  542  901 0  57 1 6 1 2 4 8 16 32
 752  251  845 0 100 1 6 1 2 4 8 16 32
 753  156   56 0  52 1 6 1 2 4 8 16 32
 754  280  709 0  61 1 6 1 2 4 8 16 32
 755  200  464 0  80 1 6 1 2 4 8 16 32
 756  944  376 0  41 1 6 1 2 4 8 16 32
 757  384  421 0  69 1 6 1 2 4 8 16 32
 758  103  107 0  63 1 6 1 2 4 8 16 32
 759  338  615 0   5 1 6 1 2 4 8 16 32
 760  960   14 0  87 1 6 1 2 4 8 16 32
 761  320  698 0  95 1 6 1 2 4 8 16 32
 762  254  648 0   5 1 6 1 2 4 8 16 32
 763   18  732 0  45 1 6 1 2 4 8 16 32
 764  352  292 0  72 1 6 1 2 4 8 16 32
 765  679  689 0  82 1 6 1 2 4 8 16 32
 766  758  245 0  15 1 6 1 2 4 8 16 32
 767  369  559 0  70 1 6 1 2 4 8 16 32
 768  600  511 0  19 1 6 1 2 4 8 16 32
 769  903  838 0   7 1 6 1 2 4 8 16 32
 770  109  891 0  87 1 6 1 2 4 8 16 32
 771  375  762 0   1 1 6 1 2 4 8 16 32
 772  988  867 0  44 1 6 1 2 4 8 16 32
 773  563  330 0  84 1 6 1 2 4 8 16 32
 774  188  785 0  56 1 6 1 2 4 8 16 32
 775  533  486 0  67 1 6 1 2 4 8 16 32
 776  839  391 0  25 1 6 1 2 4 8 16 32
 777   98    2 0  14 1 6 1 2 4 8 16 32
 778  340   77 0   5 1 6 1 2 4 8 16 32
 779   55  918 0  24 1 6 1 2 4 8 16 32
 780  580  797 0  81 1 6 1 2 4 8 16 32
 781  339  207 0  46 1 6 1 2 4 8 16 32
 782  262   76 0  16 1 6 1 2 4 8 16 32
 783  437  183 0  48 1 6 1 2 4 8 16 32
 784  743  816 0   4 1 6 1 2 4 8 16 32
 785  798  357 0  17 1 6 1 2 4 8 16 32
 786  379  167 0   7 1 6 1 2 4 8 16 32
 787  195  261 0  43 1 6 1 2 4 8 16 32
 788  314  425 0  17 1 6 1 2 4 8 16 32
 789  347  245 0  47 1 6 1 2 4 8 16 32
 790  979  829 0  29 1 6 1 2 4 8 16 32
 791  711  542 0  16 1 6 1 2 4 8 16 32
 792  321  759 0  65 1 6 1 2 4 8 16 32
 793  249  952 0  69 1 6 1 2 4 8 16 32
 794  825  840 0  83 1 6 1 2 4 8 16 32
 795  380  496 0  85 1 6 1 2 4 8 16 32
 796  355  873 0  39 1 6 1 2 4 8 16 32
 797  266  215 0  74 1 6 1 2 4 8 16 32
 798  779   65 0  57 1 6 1 2 4 8 16 32
 799   53 1000 0  24 1 6 1 2 4 8 16 32
 800  123  793 0  22 1 6 1 2 4 8 16 32
 801   81  281 0  90 1 6 1 2 4 8 16 32
 802  582  677 0  78 1 6 1 2 4 8 16 32
 803   77  587 0  93 1 6 1 2 4 8 16 32
 804  911  797 0  31 1 6 1 2 4 8 16 32
 805  997  987 0  74 1 6 1 2 4 8 16 32
 806  796  675 0  44 1 6 1 2 4 8 16 32
 807  944   68 0  42 1 6 1 2 4 8 16 32
 808   84  872 0  88 1 6 1 2 4 8 16 32
 809  751  798 0  61 1 6 1 2 4 8 16 32
 810  704  881 0  34 1 6 1 2 4 8 16 32
 811  201  235 0  55 1 6 1 2 4 8 16 32
 812  871   73 0  12 1 6 1 2 4 8 16 32
 813  640  743 0  21 1 6 1 2 4 8 16 32
 814  721  766 0   8 1 6 1 2 4 8 16 32
 815  801  525 0  93 1 6 1 2 4 8 16 32
 816  326  732 0  85 1 6 1 2 4 8 16 32
 817  598  697 0  83 1 6 1 2 4 8 16 32
 818  885  566 0  72 1 6 1 2 4 8 16 32
 819  105  447 0  78 1 6 1 2 4 8 16 32
 820  744  734 0   2 1 6 1 2 4 8 16 32
 821  917  423 0  43 1 6 1 2 4 8 16 32
 822  174  364 0  63 1 6 1 2 4 8 16 32
 823  416   78 0  75 1 6 1 2 4 8 16 32
 824  739  844 0  86 1 6 1 2 4 8 16 32
 825  890   61 0  41 1 6 1 2 4 8 16 32
 826  120  995 0  37 1 6 1 2 4 8 16 32
 827  911  581 0  73 1 6 1 2 4 8 16 32
 828  438  622 0  69 1 6 1 2 4 8 16 32
 829  618  879 0  71 1 6 1 2 4 8 16 32
 830   69  393 0  45 1 6 1 2 4 8 16 32
 831  989  972 0   3 1 6 1 2 4 8 16 32
 832  962  615 0  56 1 6 1 2 4 8 16 32
 833  713  710 0  18 1 6 1 2 4 8 16 32
 834  122  246 0  11 1 6 1 2 4 8 16 32
 835  194  118 0  50 1 6 1 2 4 8 16 32
 836   68  562 0  34 1 6 1 2 4 8 16 32
 837  547  688 0   5 1 6 1 2 4 8 16 32
 838  542  767 0  50 1 6 1 2 4 8 16 32
 839   33  463 0  98 1 6 1 2 4 8 16 32
 840  750  143 0  51 1 6 1 2 4 8 16 32
 841   85  597 0  67 1 6 1 2 4 8 16 32
 842  247  149 0  10 1 6 1 2 4 8 16 32
 843    5  885 0  39 1 6 1 2 4 8 16 32
 844  877  148 0  64 1 6 1 2 4 8 16 32
 845  917   23 0  62 1 6 1 2 4 8 16 32
 846  150   62 0  50 1 6 1 2 4 8 16 32
 847  128  693 0  71 1 6 1 2 4 8 16 32
 848  974  403 0  60 1 6 1 2 4 8 16 32
 849  100  457 0  71 1 6 1 2 4 8 16 32
 850  848  695 0  71 1 6 1 2 4 8 16 32
 851  170  359 0  65 1 6 1 2 4 8 16 32
 852   86  513 0  67 1 6 1 2 4 8 16 32
 853  482  772 0  67 1 6 1 2 4 8 16 32
 854    5  705 0  87 1 6 1 2 4 8 16 32
 855  634  106 0  44 1 6 1 2 4 8 16 32
 856  619  869 0  50 1 6 1 2 4 8 16 32
 857  450  741 0  84 1 6 1 2 4 8 16 32
 858  179  198 0  36 1 6 1 2 4 8 16 32
 859  940  178 0  39 1 6 1 2 4 8 16 32
 860  453  798 0  34 1 6 1 2 4 8 16 32
 861  835  897 0  95 1 6 1 2 4 8 16 32
 862  269  692 0  30 1 6 1 2 4 8 16 32
 863  385  827 0  30 1 6 1 2 4 8 16 32
 864  679  382 0  27 1 6 1 2 4 8 16 32
 865  687  788 0  62 1 6 1 2 4 8 16 32
 866  239  760 0  56 1 6 1 2 4 8 16 32
 867   27  457 0  93 1 6 1 2 4 8 16 32
 868  863  380 0  28 1 6 1 2 4 8 16 32
 869  350  126 0  50 1 6 1 2 4 8 16 32
 870  300  632 0  42 1 6 1 2 4 8 16 32
 871  788  955 0  55 1 6 1 2 4 8 16 32
 872   42  562 0  90 1 6 1 2 4 8 16 32
 873    8  183 0  85 1 6 1 2 4 8 16 32
 874  907  452 0  56 1 6 1 2 4 8 16 32
 875  429  412 0  97 1 6 1 2 4 8 16 32
 876   13  737 0  57 1 6 1 2 4 8 16 32
 877  136  865 0  69 1 6 1 2 4 8 16 32
 878  972  643 0   3 1 6 1 2 4 8 16 32
 879  290  595 0  90 1 6 1 2 4 8 16 32
 880  786  554 0   9 1 6 1 2 4 8 16 32
 881  109  610 0  53 1 6 1 2 4 8 16 32
 882  821  776 0  52 1 6 1 2 4 8 16 32
 883  513  948 0  22 1 6 1 2 4 8 16 32
 884  354  926 0  90 1 6 1 2 4 8 16 32
 885   54  494 0  70 1 6 1 2 4 8 16 32
 886  698  878 0  63 1 6 1 2 4 8 16 32
 887  355  271 0  37 1 6 1 2 4 8 16 32
 888  967  541 0  65 1 6 1 2 4 8 16 32
 889  888  527 0  16 1 6 1 2 4 8 16 32
 890  688  988 0  83 1 6 1 2 4 8 16 32
 891  126  567 0  47 1 6 1 2 4 8 16 32
 892  133  824 0   8 1 6 1 2 4 8 16 32
 893  808  748 0  10 1 6 1 2 4 8 16 32
 894  867  774 0  49 1 6 1 2 4 8 16 32
 895  543  580 0  69 1 6 1 2 4 8 16 32
 896  493  105 0  43 1 6 1 2 4 8 16 32
 897  618  297 0   7 1 6 1 2 4 8 16 32
 898  476  328 0  27 1 6 1 2 4 8 16 32
 899  721  807 0  42 1 6 1 2 4 8 16 32
 900  698   67 0  57 1 6 1 2 4 8 16 32
 901  621   78 0  54 1 6 1 2 4 8 16 32
 902  176  686 0  11 1 6 1 2 4 8 16 32
 903  917  780 0   9 1 6 1 2 4 8 16 32
 904  368  270 0  15 1 6 1 2 4 8 16 32
 905  866  402 0  51 1 6 1 2 4 8 16 32
 906  346  560 0  34 1 6 1 2 4 8 16 32
 907  324  862 0  62 1 6 1 2 4 8 16 32
 908  383  983 0  98 1 6 1 2 4 8 16 32
 909  949  106 0  53 1 6 1 2 4 8 16 32
 910  154  997 0  97 1 6 1 2 4 8 16 32
 911  419  872 0  49 1 6 1 2 4 8 16 32
 912  552  507 0  84 1 6 1 2 4 8 16 32
 913  609  777 0  57 1 6 1 2 4 8 16 32
 914  819  853 0  73 1 6 1 2 4 8 16 32
 915  130  841 0  44 1 6 1 2 4 8 16 32
 916  677   96 0  46 1 6 1 2 4 8 16 32
 917  630  578 0  53 1 6 1 2 4 8 16 32
 918  247  612 0  17 1 6 1 2 4 8 16 32
 919  663  238 0  33 1 6 1 2 4 8 16 32
 920  222  815 0  34 1 6 1 2 4 8 16 32
 921  787  393 0  40 1 6 1 2 4 8 16 32
 922  304  762 0  29 1 6 1 2 4 8 16 32
 923  667  119 0  98 1 6 1 2 4 8 16 32
 924  623  868 0  45 1 6 1 2 4 8 16 32
 925  294  201 0  24 1 6 1 2 4 8 16 32
 926  903  140 0  57 1 6 1 2 4 8 16 32
 927  603  227 0  80 1 6 1 2 4 8 16 32
 928   57  512 0  46 1 6 1 2 4 8 16 32
 929  942   13 0  81 1 6 1 2 4 8 16 32
 930  911  502 0  78 1 6 1 2 4 8 16 32
 931  464   97 0   1 1 6 1 2 4 8 16 32
 932  444  466 0  42 1 6 1 2 4 8 16 32
 933  620  575 0  29 1 6 1 2 4 8 16 32
 934  736  125 0  96 1 6 1 2 4 8 16 32
 935  181  449 0  31 1 6 1 2 4 8 16 32
 936  687  291 0  35 1 6 1 2 4 8 16 32
 937  750  233 0  31 1 6 1 2 4 8 16 32
 938  389  214 0  56 1 6 1 2 4 8 16 32
 939  977  363 0  54 1 6 1 2 4 8 16 32
 940  821  534 0  10 1 6 1 2 4 8 16 32
 941  203  119 0  63 1 6 1 2 4 8 16 32
 942  320   98 0  87 1 6 1 2 4 8 16 32
 943  304  194 0   9 1 6 1 2 4 8 16 32
 944  963  184 0   3 1 6 1 2 4 8 16 32
 945  965  165 0  60 1 6 1 2 4 8 16 32
 946   73  115 0  19 1 6 1 2 4 8 16 32
 947  715  319 0  38 1 6 1 2 4 8 16 32
 948  212  731 0  22 1 6 1 2 4 8 16 32
 949  450  489 0  87 1 6 1 2 4 8 16 32
 950  808  736 0  63 1 6 1 2 4 8 16 32
 951  546  820 0  15 1 6 1 2 4 8 16 32
 952  474   59 0  65 1 6 1 2 4 8 16 32
 953  105  462 0   9 1 6 1 2 4 8 16 32
 954  770  163 0  39 1 6 1 2 4 8 16 32
 955  587  476 0  31 1 6 1 2 4 8 16 32
 956  184  294 0  63 1 6 1 2 4 8 16 32
 957  240  468 0  88 1 6 1 2 4 8 16 32
 958  354  212 0  75 1 6 1 2 4 8 16 32
 959  855  371 0  12 1 6 1 2 4 8 16 32
 960   66  365 0  35 1 6 1 2 4 8 16 32
 961  496   69 0  16 1 6 1 2 4 8 16 32
 962  164  763 0  37 1 6 1 2 4 8 16 32
 963   78  582 0  20 1 6 1 2 4 8 16 32
 964  730  817 0  58 1 6 1 2 4 8 16 32
 965  138  790 0  27 1 6 1 2 4 8 16 32
 966  932  653 0  54 1 6 1 2 4 8 16 32
 967  160  421 0  95 1 6 1 2 4 8 16 32
 968  211  797 0  59 1 6 1 2 4 8 16 32
 969  155  619 0  56 1 6 1 2 4 8 16 32
 970  377  199 0  50 1 6 1 2 4 8 16 32
 971   49  206 0  85 1 6 1 2 4 8 16 32
 972  242  634 0  30 1 6 1 2 4 8 16 32
 973  395  821 0  40 1 6 1 2 4 8 16 32
 974  701  232 0  19 1 6 1 2 4 8 16 32
 975  962  306 0  53 1 6 1 2 4 8 16 32
 976  509   15 0  80 1 6 1 2 4 8 16 32
 977  265  918 0  40 1 6 1 2 4 8 16 32
 978   59  602 0  51 1 6 1 2 4 8 16 32
 979  645  185 0  28 1 6 1 2 4 8 16 32
 980  848  585 0  57 1 6 1 2 4 8 16 32
 981  561  592 0  49 1 6 1 2 4 8 16 32
 982  790  142 0  95 1 6 1 2 4 8 16 32
 983  902  648 0  89 1 6 1 2 4 8 16 32
 984  741  317 0   2 1 6 1 2 4 8 16 32
 985  473   63 0  52 1 6 1 2 4 8 16 32
 986  225   15 0  39 1 6 1 2 4 8 16 32
 987   76   95 0  11 1 6 1 2 4 8 16 32
 988  359  903 0   7 1 6 1 2 4 8 16 32
 989  381  647 0  75 1 6 1 2 4 8 16 32
 990  535  384 0  98 1 6 1 2 4 8 16 32
 991  476  980 0  91 1 6 1 2 4 8 16 32
 992  427  123 0  14 1 6 1 2 4 8 16 32
 993  186  251 0  16 1 6 1 2 4 8 16 32
 994  852  586 0  76 1 6 1 2 4 8 16 32
 995  121  506 0  65 1 6 1 2 4 8 16 32
 996  453  941 0  29 1 6 1 2 4 8 16 32
 997  644  829 0  68 1 6 1 2 4 8 16 32
 998  720  636 0  44 1 6 1 2 4 8 16 32
 999  545  158 0  75 1 6 1 2 4 8 16 32
1000  318  570 0  10 1 6 1 2 4 8 16 32
1001  116   42 0  22 1 6 1 2 4 8 16 32
1002  257  864 0  49 1 6 1 2 4 8 16 32
1003  724  680 0  24 1 6 1 2 4 8 16 32
1004  984  581 0  48 1 6 1 2 4 8 16 32
1005  571  235 0  79 1 6 1 2 4 8 16 32
1006  958  622 0  64 1 6 1 2 4 8 16 32
1007  202  794 0  61 1 6 1 2 4 8 16 32
1008    5  478 0  47 1 6 1 2 4 8 16 32
1009  718  802 0  89 1 6 1 2 4 8 16 32
1010  469   99 0  56 1 6 1 2 4 8 16 32
1011  256  625 0  78 1 6 1 2 4 8 16 32
1012  480  217 0  56 1 6 1 2 4 8 16 32
1013  394   20 0  75 1 6 1 2 4 8 16 32
1014  188   49 0  11 1 6 1 2 4 8 16 32
1015  189  962 0  79 1 6 1 2 4 8 16 32
1016  384  469 0  21 1 6 1 2 4 8 16 32
1017  687  976 0   6 1 6 1 2 4 8 16 32
1018  805  200 0   7 1 6 1 2 4 8 16 32
1019  280  660 0  34 1 6 1 2 4 8 16 32
1020  586   58 0  58 1 6 1 2 4 8 16 32
1021  741  383 0  42 1 6 1 2 4 8 16 32
1022  481  916 0  24 1 6 1 2 4 8 16 32
1023  832  801 0  61 1 6 1 2 4 8 16 32
1024  745  453 0  88 1 6 1 2 4 8 16 32
1025  410  188 0  19 1 6 1 2 4 8 16 32
1026   31  273 0  67 1 6 1 2 4 8 16 32
1027  335  927 0  13 1 6 1 2 4 8 16 32
1028  391  754 0  30 1 6 1 2 4 8 16 32
1029  353  728 0  28 1 6 1 2 4 8 16 32
1030  143   79 0  16 1 6 1 2 4 8 16 32
1031  538  467 0  37 1 6 1 2 4 8 16 32
1032  625   88 0  91 1 6 1 2 4 8 16 32
1033   59   25 0  39 1 6 1 2 4 8 16 32
1034   39  399 0  18 1 6 1 2 4 8 16 32
1035  794  862 0  20 1 6 1 2 4 8 16 32
1036  346  907 0  26 1 6 1 2 4 8 16 32
1037  821  478 0  23 1 6 1 2 4 8 16 32
1038  857  325 0  58 1 6 1 2 4 8 16 32
1039  872   69 0  72 1 6 1 2 4 8 16 32
1040  173  310 0  30 1 6 1 2 4 8 16 32
1041  931  889 0   5 1 6 1 2 4 8 16 32
1042  670  561 0  62 1 6 1 2 4 8 16 32
1043  143   64 0  12 1 6 1 2 4 8 16 32
1044  156  362 0  54 1 6 1 2 4 8 16 32
1045  799  339 0   4 1 6 1 2 4 8 16 32
1046  212  154 0  87 1 6 1 2 4 8 16 32
1047  761  117 0   7 1 6 1 2 4 8 16 32
1048  393  312 0  57 1 6 1 2 4 8 16 32
1049  803  855 0  31 1 6 1 2 4 8 16 32
1050  230  776 0  64 1 6 1 2 4 8 16 32
1051  967  786 0   6 1 6 1 2 4 8 16 32
1052  700  168 0  90 1 6 1 2 4 8 16 32
1053  319  795 0  29 1 6 1 2 4 8 16 32
1054  545  320 0   6 1 6 1 2 4 8 16 32
1055  563  613 0  63 1 6 1 2 4 8 16 32
1056  626  450 0  57 1 6 1 2 4 8 16 32
1057  927  126 0  32 1 6 1 2 4 8 16 32
1058   63  524 0  72 1 6 1 2 4 8 16 32
1059  812  346 0  79 1 6 1 2 4 8 16 32
1060   30  104 0  95 1 6 1 2 4 8 16 32
1061  514  407 0  53 1 6 1 2 4 8 16 32
1062  271  306 0  28 1 6 1 2 4 8 16 32
1063  232  472 0  72 1 6 1 2 4 8 16 32
1064  952  816 0  76 1 6 1 2 4 8 16 32
1065  744  266 0  58 1 6 1 2 4 8 16 32
1066  324  968 0  20 1 6 1 2 4 8 16 32
1067  549  420 0  70 1 6 1 2 4 8 16 32
1068  223  538 0  34 1 6 1 2 4 8 16 32
1069  170  884 0  93 1 6 1 2 4 8 16 32
1070  498  673 0  47 1 6 1 2 4 8 16 32
1071  500  781 0  97 1 6 1 2 4 8 16 32
1072  404  661 0  67 1 6 1 2 4 8 16 32
1073  426  458 0  72 1 6 1 2 4 8 16 32
1074   59  220 0  95 1 6 1 2 4 8 16 32
1075  747  640 0  83 1 6 1 2 4 8 16 32
1076  932  855 0  75 1 6 1 2 4 8 16 32
1077  158  962 0  26 1 6 1 2 4 8 16 32
1078  551  490 0  57 1 6 1 2 4 8 16 32
1079  380  240 0  73 1 6 1 2 4 8 16 32
1080  720  635 0  86 1 6 1 2 4 8 16 32
1081  705  552 0  50 1 6 1 2 4 8 16 32
1082  159  336 0  95 1 6 1 2 4 8 16 32
1083  193  485 0  31 1 6 1 2 4 8 16 32
1084   32   91 0  54 1 6 1 2 4 8 16 32
1085  595  278 0  17 1 6 1 2 4 8 16 32
1086  566  630 0  33 1 6 1 2 4 8 16 32
1087  374  374 0  94 1 6 1 2 4 8 16 32
1088  172  298 0  98 1 6 1 2 4 8 16 32
1089  198  139 0  32 1 6 1 2 4 8 16 32
1090  216  477 0  40 1 6 1 2 4 8 16 32
1091  982  217 0  83 1 6 1 2 4 8 16 32
1092  639  649 0  82 1 6 1 2 4 8 16 32
1093  291  763 0  39 1 6 1 2 4 8 16 32
1094  129  452 0  57 1 6 1 2 4 8 16 32
1095  960  644 0  56 1 6 1 2 4 8 16 32
1096  832  906 0  35 1 6 1 2 4 8 16 32
1097  831  219 0  99 1 6 1 2 4 8 16 32
1098  628  325 0  56 1 6 1 2 4 8 16 32
1099  603  176 0  87 1 6 1 2 4 8 16 32
1100  491  941 0  19 1 6 1 2 4 8 16 32
1101  878  804 0  64 1 6 1 2 4 8 16 32
1102  166  949 0  51 1 6 1 2 4 8 16 32
1103  553  172 0   5 1 6 1 2 4 8 16 32
1104  679   91 0  18 1 6 1 2 4 8 16 32
1105  833  628 0  82 1 6 1 2 4 8 16 32
1106  618  906 0  13 1 6 1 2 4 8 16 32
1107  408  619 0  14 1 6 1 2 4 8 16 32
1108  932  304 0  11 1 6 1 2 4 8 16 32
1109   84   28 0  74 1 6 1 2 4 8 16 32
1110  415  716 0  57 1 6 1 2 4 8 16 32
1111  893  368 0  90 1 6 1 2 4 8 16 32
1112  354  797 0  23 1 6 1 2 4 8 16 32
1113  363  860 0  86 1 6 1 2 4 8 16 32
1114  416  994 0  26 1 6 1 2 4 8 16 32
1115  721  824 0  66 1 6 1 2 4 8 16 32
1116  944  241 0  48 1 6 1 2 4 8 16 32
1117  333  668 0  77 1 6 1 2 4 8 16 32
1118  592  769 0  82 1 6 1 2 4 8 16 32
1119  949  537 0  18 1 6 1 2 4 8 16 32
1120  334  409 0  27 1 6 1 2 4 8 16 32
1121  313  895 0  99 1 6 1 2 4 8 16 32
1122  621  840 0  88 1 6 1 2 4 8 16 32
1123  197  267 0  70 1 6 1 2 4 8 16 32
1124  990  604 0  45 1 6 1 2 4 8 16 32
1125  541  576 0  68 1 6 1 2 4 8 16 32
1126  577  960 0   7 1 6 1 2 4 8 16 32
1127  138  724 0   6 1 6 1 2 4 8 16 32
1128  831  840 0  10 1 6 1 2 4 8 16 32
1129  545  293 0  54 1 6 1 2 4 8 16 32
1130  403  874 0   1 1 6 1 2 4 8 16 32
1131  840  180 0  71 1 6 1 2 4 8 16 32
1132  241  939 0  52 1 6 1 2 4 8 16 32
1133  170  422 0  63 1 6 1 2 4 8 16 32
1134   42  225 0  90 1 6 1 2 4 8 16 32
1135  891  164 0   8 1 6 1 2 4 8 16 32
1136   79  506 0  62 1 6 1 2 4 8 16 32
1137  394  753 0  67 1 6 1 2 4 8 16 32
1138  619  734 0  86 1 6 1 2 4 8 16 32
1139  964  621 0  47 1 6 1 2 4 8 16 32
1140  146  372 0  24 1 6 1 2 4 8 16 32
1141  510  327 0  95 1 6 1 2 4 8 16 32
1142  962  939 0  37 1 6 1 2 4 8 16 32
1143  163  106 0  57 1 6 1 2 4 8 16 32
1144  776  791 0  54 1 6 1 2 4 8 16 32
1145  137  423 0  52 1 6 1 2 4 8 16 32
1146  724  231 0  25 1 6 1 2 4 8 16 32
1147  639   46 0  56 1 6 1 2 4 8 16 32
1148  428  224 0  93 1 6 1 2 4 8 16 32
1149  702  826 0  12 1 6 1 2 4 8 16 32
1150  702  707 0  32 1 6 1 2 4 8 16 32
1151  277  383 0 100 1 6 1 2 4 8 16 32
1152  695  590 0  45 1 6 1 2 4 8 16 32
1153  186  639 0  23 1 6 1 2 4 8 16 32
1154  970  157 0  28 1 6 1 2 4 8 16 32
1155  341  190 0  30 1 6 1 2 4 8 16 32
1156  788  285 0  12 1 6 1 2 4 8 16 32
1157  245  852 0  82 1 6 1 2 4 8 16 32
1158  203    7 0  91 1 6 1 2 4 8 16 32
1159  156  720 0   1 1 6 1 2 4 8 16 32
1160  456  891 0  53 1 6 1 2 4 8 16 32
1161  687  425 0  23 1 6 1 2 4 8 16 32
1162  927   22 0  44 1 6 1 2 4 8 16 32
1163  789  541 0  88 1 6 1 2 4 8 16 32
1164  890   94 0  74 1 6 1 2 4 8 16 32
1165  919  510 0  78 1 6 1 2 4 8 16 32
1166  171  648 0  58 1 6 1 2 4 8 16 32
1167  240  193 0  53 1 6 1 2 4 8 16 32
1168  825  848 0  81 1 6 1 2 4 8 16 32
1169  729  452 0  69 1 6 1 2 4 8 16 32
1170  956  605 0  75 1 6 1 2 4 8 16 32
1171  768  665 0  86 1 6 1 2 4 8 16 32
1172   78  442 0  77 1 6 1 2 4 8 16 32
1173  619  397 0   6 1 6 1 2 4 8 16 32
1174  243  861 0  54 1 6 1 2 4 8 16 32
1175  530  590 0  61 1 6 1 2 4 8 16 32
1176    0  947 0  14 1 6 1 2 4 8 16 32
1177  837  562 0  87 1 6 1 2 4 8 16 32
1178  693  134 0  28 1 6 1 2 4 8 16 32
1179  874  262 0  92 1 6 1 2 4 8 16 32
1180  845  789 0  29 1 6 1 2 4 8 16 32
1181  250  248 0  48 1 6 1 2 4 8 16 32
1182  962  774 0  92 1 6 1 2 4 8 16 32
1183  956  855 0  13 1 6 1 2 4 8 16 32
1184  370  700 0  89 1 6 1 2 4 8 16 32
1185  395  677 0  19 1 6 1 2 4 8 16 32
1186  627  958 0  84 1 6 1 2 4 8 16 32
1187  842  565 0  20 1 6 1 2 4 8 16 32
1188  746  911 0  93 1 6 1 2 4 8 16 32
1189  204  287 0  95 1 6 1 2 4 8 16 32
1190    6  659 0  10 1 6 1 2 4 8 16 32
1191  861  731 0  50 1 6 1 2 4 8 16 32
1192  226  544 0  94 1 6 1 2 4 8 16 32
1193  834  780 0  98 1 6 1 2 4 8 16 32
1194  856  285 0  40 1 6 1 2 4 8 16 32
1195  854   30 0  55 1 6 1 2 4 8 16 32
1196  134  714 0  90 1 6 1 2 4 8 16 32
1197  792   10 0   4 1 6 1 2 4 8 16 32
1198  858  741 0  48 1 6 1 2 4 8 16 32
1199  241  745 0  25 1 6 1 2 4 8 16 32
1200  883  770 0  63 1 6 1 2 4 8 16 32
1201  965  685 0  95 1 6 1 2 4 8 16 32
1202  582  615 0  98 1 6 1 2 4 8 16 32
1203  840  327 0  77 1 6 1 2 4 8 16 32
1204  734  575 0  73 1 6 1 2 4 8 16 32
1205  769  564 0  32 1 6 1 2 4 8 16 32
1206  867  661 0  34 1 6 1 2 4 8 16 32
1207   45  182 0  16 1 6 1 2 4 8 16 32
1208  813  299 0  17 1 6 1 2 4 8 16 32
1209  303  335 0  64 1 6 1 2 4 8 16 32
1210  230  398 0  95 1 6 1 2 4 8 16 32
1211   37  100 0  73 1 6 1 2 4 8 16 32
1212  482  758 0  88 1 6 1 2 4 8 16 32
1213  776  227 0  21 1 6 1 2 4 8 16 32
1214  990  468 0  44 1 6 1 2 4 8 16 32
1215  548  596 0  13 1 6 1 2 4 8 16 32
1216  771  285 0  52 1 6 1 2 4 8 16 32
1217  512  535 0  21 1 6 1 2 4 8 16 32
1218  126  524 0  22 1 6 1 2 4 8 16 32
1219  411  965 0  82 1 6 1 2 4 8 16 32
1220  472  116 0 100 1 6 1 2 4 8 16 32
1221  394  892 0  58 1 6 1 2 4 8 16 32
1222  591  299 0  83 1 6 1 2 4 8 16 32
1223  309  719 0  20 1 6 1 2 4 8 16 32
1224  336  937 0  87 1 6 1 2 4 8 16 32
1225  413  671 0  67 1 6 1 2 4 8 16 32
1226  712  243 0  36 1 6 1 2 4 8 16 32
1227  524  797 0  24 1 6 1 2 4 8 16 32
1228  128  689 0  52 1 6 1 2 4 8 16 32
1229   32  332 0  29 1 6 1 2 4 8 16 32
1230  514  108 0  52 1 6 1 2 4 8 16 32
1231   73   40 0  18 1 6 1 2 4 8 16 32
1232  352  725 0  45 1 6 1 2 4 8 16 32
1233  117  222 0  26 1 6 1 2 4 8 16 32
1234  480  362 0  56 1 6 1 2 4 8 16 32
1235  157  503 0  76 1 6 1 2 4 8 16 32
1236  151  196 0   7 1 6 1 2 4 8 16 32
1237  782  933 0  59 1 6 1 2 4 8 16 32
1238  785  736 0   9 1 6 1 2 4 8 16 32
1239  271  743 0  65 1 6 1 2 4 8 16 32
1240   69  410 0  59 1 6 1 2 4 8 16 32
1241  592  862 0  93 1 6 1 2 4 8 16 32
1242  290  348 0  74 1 6 1 2 4 8 16 32
1243  439  882 0  61 1 6 1 2 4 8 16 32
1244  636  610 0  31 1 6 1 2 4 8 16 32
1245  759  392 0  88 1 6 1 2 4 8 16 32
1246  612  314 0  43 1 6 1 2 4 8 16 32
1247  222  356 0  97 1 6 1 2 4 8 16 32
1248  331   72 0  98 1 6 1 2 4 8 16 32
1249  813  313 0   4 1 6 1 2 4 8 16 32
1250    2  690 0  10 1 6 1 2 4 8 16 32
1251  643   12 0  73 1 6 1 2 4 8 16 32
1252  724  355 0   4 1 6 1 2 4 8 16 32
1253  601  167 0   9 1 6 1 2 4 8 16 32
1254   31  342 0   7 1 6 1 2 4 8 16 32
1255   85  903 0  31 1 6 1 2 4 8 16 32
1256  511  198 0  69 1 6 1 2 4 8 16 32
1257  639  497 0   9 1 6 1 2 4 8 16 32
1258  980  448 0  33 1 6 1 2 4 8 16 32
1259  915  544 0  14 1 6 1 2 4 8 16 32
1260  719  897 0  15 1 6 1 2 4 8 16 32
1261  987  763 0  53 1 6 1 2 4 8 16 32
1262  436  448 0  11 1 6 1 2 4 8 16 32
1263  688  827 0  67 1 6 1 2 4 8 16 32
1264  160  314 0  15 1 6 1 2 4 8 16 32
1265   85  130 0  16 1 6 1 2 4 8 16 32
1266  655  999 0   1 1 6 1 2 4 8 16 32
1267  703  420 0  93 1 6 1 2 4 8 16 32
1268  180  166 0  36 1 6 1 2 4 8 16 32
1269  433  709 0  32 1 6 1 2 4 8 16 32
1270  562  626 0   9 1 6 1 2 4 8 16 32
1271  230  750 0  63 1 6 1 2 4 8 16 32
1272  981  587 0  10 1 6 1 2 4 8 16 32
1273  382  809 0  29 1 6 1 2 4 8 16 32
1274  264  678 0  73 1 6 1 2 4 8 16 32
1275  939  810 0   7 1 6 1 2 4 8 16 32
1276  477  682 0  85 1 6 1 2 4 8 16 32
1277  854  120 0  97 1 6 1 2 4 8 16 32
1278  766  713 0  30 1 6 1 2 4 8 16 32
1279  760  709 0  53 1 6 1 2 4 8 16 32
1280  203  641 0  58 1 6 1 2 4 8 16 32
1281  638  355 0  43 1 6 1 2 4 8 16 32
1282   88  321 0  81 1 6 1 2 4 8 16 32
1283  850  555 0  95 1 6 1 2 4 8 16 32
1284  322   19 0  81 1 6 1 2 4 8 16 32
1285  243   53 0  82 1 6 1 2 4 8 16 32
1286  372   88 0  61 1 6 1 2 4 8 16 32
1287  792  164 0  27 1 6 1 2 4 8 16 32
1288  777  798 0  52 1 6 1 2 4 8 16 32
1289  633  348 0  98 1 6 1 2 4 8 16 32
1290  242   31 0  39 1 6 1 2 4 8 16 32
1291  514  166 0  28 1 6 1 2 4 8 16 32
1292  332   79 0  67 1 6 1 2 4 8 16 32
1293  455  234 0  27 1 6 1 2 4 8 16 32
1294  436  642 0  58 1 6 1 2 4 8 16 32
1295  930  806 0  81 1 6 1 2 4 8 16 32
1296  896  943 0  59 1 6 1 2 4 8 16 32
1297   90  999 0  84 1 6 1 2 4 8 16 32
1298  303  481 0  66 1 6 1 2 4 8 16 32
1299  629  301 0  42 1 6 1 2 4 8 16 32
1300  938   21 0  49 1 6 1 2 4 8 16 32
1301  871    3 0  42 1 6 1 2 4 8 16 32
1302  230  626 0   6 1 6 1 2 4 8 16 32
1303  876  551 0  16 1 6 1 2 4 8 16 32
1304  784  811 0  72 1 6 1 2 4 8 16 32
1305  335  212 0  61 1 6 1 2 4 8 16 32
1306   30  152 0  69 1 6 1 2 4 8 16 32
1307  680  958 0  81 1 6 1 2 4 8 16 32
1308  330  812 0  27 1 6 1 2 4 8 16 32
1309  312  614 0  50 1 6 1 2 4 8 16 32
1310  860  760 0  23 1 6 1 2 4 8 16 32
1311  205  617 0  19 1 6 1 2 4 8 16 32
1312   73  330 0  64 1 6 1 2 4 8 16 32
1313  157  176 0  87 1 6 1 2 4 8 16 32
1314  244  876 0  54 1 6 1 2 4 8 16 32
1315  996  369 0  86 1 6 1 2 4 8 16 32
1316  738  604 0  58 1 6 1 2 4 8 16 32
1317  110  604 0  38 1 6 1 2 4 8 16 32
1318  793  773 0  75 1 6 1 2 4 8 16 32
1319  939  451 0  62 1 6 1 2 4 8 16 32
1320  190  488 0   7 1 6 1 2 4 8 16 32
1321  847  969 0  20 1 6 1 2 4 8 16 32
1322   94  945 0  18 1 6 1 2 4 8 16 32
1323  345  716 0   7 1 6 1 2 4 8 16 32
1324  497   28 0  53 1 6 1 2 4 8 16 32
1325  722  122 0  45 1 6 1 2 4 8 16 32
1326  932  879 0  10 1 6 1 2 4 8 16 32
1327   39  494 0  51 1 6 1 2 4 8 16 32
1328  731  499 0  49 1 6 1 2 4 8 16 32
1329  899  836 0  18 1 6 1 2 4 8 16 32
1330  907  265 0  63 1 6 1 2 4 8 16 32
1331  195  646 0  55 1 6 1 2 4 8 16 32
1332  411  219 0  51 1 6 1 2 4 8 16 32
1333  457  373 0  63 1 6 1 2 4 8 16 32
1334  690  777 0   3 1 6 1 2 4 8 16 32
1335  591  114 0  84 1 6 1 2 4 8 16 32
1336  356  140 0  84 1 6 1 2 4 8 16 32
1337  550  782 0  61 1 6 1 2 4 8 16 32
1338  587  798 0  38 1 6 1 2 4 8 16 32
1339   13   12 0  88 1 6 1 2 4 8 16 32
1340  580  407 0  31 1 6 1 2 4 8 16 32
1341  178  928 0  49 1 6 1 2 4 8 16 32
1342  661  438 0  58 1 6 1 2 4 8 16 32
1343  177  553 0   2 1 6 1 2 4 8 16 32
1344  144  584 0  59 1 6 1 2 4 8 16 32
1345  465  550 0  12 1 6 1 2 4 8 16 32
1346   90   98 0  51 1 6 1 2 4 8 16 32
1347  417  779 0  61 1 6 1 2 4 8 16 32
1348  452  798 0   6 1 6 1 2 4 8 16 32
1349  679  890 0  36 1 6 1 2 4 8 16 32
1350  216  680 0  50 1 6 1 2 4 8 16 32
1351  129  445 0  63 1 6 1 2 4 8 16 32
1352  268  870 0  87 1 6 1 2 4 8 16 32
1353  418  992 0  55 1 6 1 2 4 8 16 32
1354  777  945 0  55 1 6 1 2 4 8 16 32
1355  220  351 0  66 1 6 1 2 4 8 16 32
1356  533   16 0  66 1 6 1 2 4 8 16 32
1357  524  479 0  29 1 6 1 2 4 8 16 32
1358  610  804 0  10 1 6 1 2 4 8 16 32
1359  100  811 0  62 1 6 1 2 4 8 16 32
1360  208  725 0  43 1 6 1 2 4 8 16 32
1361  148  487 0  23 1 6 1 2 4 8 16 32
1362  536  709 0  44 1 6 1 2 4 8 16 32
1363  813  310 0  86 1 6 1 2 4 8 16 32
1364  567  502 0   3 1 6 1 2 4 8 16 32
1365  312  537 0  95 1 6 1 2 4 8 16 32
1366  856  257 0  89 1 6 1 2 4 8 16 32
1367  244  289 0  72 1 6 1 2 4 8 16 32
1368  778  916 0  56 1 6 1 2 4 8 16 32
1369  574  918 0  66 1 6 1 2 4 8 16 32
1370  863  951 0  35 1 6 1 2 4 8 16 32
1371  189  447 0  64 1 6 1 2 4 8 16 32
1372   41  610 0   7 1 6 1 2 4 8 16 32
1373  997  818 0  96 1 6 1 2 4 8 16 32
1374  824  896 0  81 1 6 1 2 4 8 16 32
1375  782  216 0  23 1 6 1 2 4 8 16 32
1376  251  743 0  47 1 6 1 2 4 8 16 32
1377   66  381 0  77 1 6 1 2 4 8 16 32
1378  423  388 0  19 1 6 1 2 4 8 16 32
1379   64  771 0  25 1 6 1 2 4 8 16 32
1380  330  490 0  52 1 6 1 2 4 8 16 32
1381  274  223 0  48 1 6 1 2 4 8 16 32
1382  305  245 0  89 1 6 1 2 4 8 16 32
1383  257  642 0  81 1 6 1 2 4 8 16 32
1384  469   69 0  29 1 6 1 2 4 8 16 32
1385  666  108 0  44 1 6 1 2 4 8 16 32
1386  709 1000 0  53 1 6 1 2 4 8 16 32
1387  303  141 0  36 1 6 1 2 4 8 16 32
1388  537  462 0   1 1 6 1 2 4 8 16 32
1389    9  544 0  39 1 6 1 2 4 8 16 32
1390  585  380 0  60 1 6 1 2 4 8 16 32
1391  102  502 0  29 1 6 1 2 4 8 16 32
1392  944   49 0  72 1 6 1 2 4 8 16 32
1393  117  556 0  96 1 6 1 2 4 8 16 32
1394   90  667 0  47 1 6 1 2 4 8 16 32
1395  668  172 0  26 1 6 1 2 4 8 16 32
1396  380  636 0   9 1 6 1 2 4 8 16 32
1397  268  596 0  76 1 6 1 2 4 8 16 32
1398   83   47 0  94 1 6 1 2 4 8 16 32
1399  991  884 0  78 1 6 1 2 4 8 16 32
1400  133  771 0  46 1 6 1 2 4 8 16 32
1401  749  768 0  54 1 6 1 2 4 8 16 32
1402  104  665 0   7 1 6 1 2 4 8 16 32
1403  597  351 0  90 1 6 1 2 4 8 16 32
1404  773  223 0  56 1 6 1 2 4 8 16 32
1405  320  517 0  39 1 6 1 2 4 8 16 32
1406  851  198 0  38 1 6 1 2 4 8 16 32
1407  781  647 0  14 1 6 1 2 4 8 16 32
1408  697  935 0  76 1 6 1 2 4 8 16 32
1409  979  649 0  25 1 6 1 2 4 8 16 32
1410  706  817 0  40 1 6 1 2 4 8 16 32
1411  739  593 0  67 1 6 1 2 4 8 16 32
1412  518  697 0  22 1 6 1 2 4 8 16 32
1413   30  353 0  45 1 6 1 2 4 8 16 32
1414  955  645 0  61 1 6 1 2 4 8 16 32
1415  422  646 0  95 1 6 1 2 4 8 16 32
1416  803   23 0  23 1 6 1 2 4 8 16 32
1417  382  667 0   0 0 0
1418  891  643 0   0 0 0
1419  217  338 0   0 0 0
1420  255  954 0   0 0 0
1421  473  407 0   0 0 0
1422  169  357 0   0 0 0
