2 235 1421 5
0 252
0 252
0 252
0 252
0 252
   1  676  408 0  39 1 5 1 2 4 8 16
   2  935  882 0   7 1 5 1 2 4 8 16
   3  437  533 0  95 1 5 1 2 4 8 16
   4  160  279 0  36 1 5 1 2 4 8 16
   5  536  185 0  29 1 5 1 2 4 8 16
   6  668  477 0  99 1 5 1 2 4 8 16
   7  118  779 0  82 1 5 1 2 4 8 16
   8   81  950 0  67 1 5 1 2 4 8 16
   9  935  896 0  38 1 5 1 2 4 8 16
  10  417  866 0  38 1 5 1 2 4 8 16
  11  652  697 0  77 1 5 1 2 4 8 16
  12  624  534 0  24 1 5 1 2 4 8 16
  13  309   49 0  98 1 5 1 2 4 8 16
  14  946  843 0  75 1 5 1 2 4 8 16
  15  831   30 0  27 1 5 1 2 4 8 16
  16  642   62 0   7 1 5 1 2 4 8 16
  17  551  399 0  97 1 5 1 2 4 8 16
  18  572  534 0  90 1 5 1 2 4 8 16
  19  120  658 0  93 1 5 1 2 4 8 16
  20  841  404 0  57 1 5 1 2 4 8 16
  21  384  531 0  84 1 5 1 2 4 8 16
  22  399  165 0  98 1 5 1 2 4 8 16
  23  478  466 0  30 1 5 1 2 4 8 16
  24  180  362 0  83 1 5 1 2 4 8 16
  25  825  377 0  84 1 5 1 2 4 8 16
  26  430  745 0  81 1 5 1 2 4 8 16
  27   68  314 0  92 1 5 1 2 4 8 16
  28  214  943 0  72 1 5 1 2 4 8 16
  29  929  600 0  81 1 5 1 2 4 8 16
  30  845  100 0  55 1 5 1 2 4 8 16
  31  807  260 0  22 1 5 1 2 4 8 16
  32  550  433 0  42 1 5 1 2 4 8 16
  33  431  873 0  42 1 5 1 2 4 8 16
  34  119  306 0  11 1 5 1 2 4 8 16
  35  448  561 0  37 1 5 1 2 4 8 16
  36  632  377 0  27 1 5 1 2 4 8 16
  37  604   81 0 100 1 5 1 2 4 8 16
  38  486  767 0  19 1 5 1 2 4 8 16
  39   17  248 0  71 1 5 1 2 4 8 16
  40  626    4 0   9 1 5 1 2 4 8 16
  41  501  562 0  95 1 5 1 2 4 8 16
  42  922  141 0  39 1 5 1 2 4 8 16
  43   47  952 0  90 1 5 1 2 4 8 16
  44  166  762 0  61 1 5 1 2 4 8 16
  45  390   67 0  58 1 5 1 2 4 8 16
  46  801  674 0  88 1 5 1 2 4 8 16
  47  154  173 0  58 1 5 1 2 4 8 16
  48  692  105 0  60 1 5 1 2 4 8 16
  49  873  459 0  59 1 5 1 2 4 8 16
  50  389  550 0  98 1 5 1 2 4 8 16
  51  809  834 0 100 1 5 1 2 4 8 16
  52  670  873 0  90 1 5 1 2 4 8 16
  53  501  754 0  97 1 5 1 2 4 8 16
  54  794  668 0  18 1 5 1 2 4 8 16
  55  264  953 0  40 1 5 1 2 4 8 16
  56  770  689 0  35 1 5 1 2 4 8 16
  57  428  468 0  73 1 5 1 2 4 8 16
  58  134   38 0  33 1 5 1 2 4 8 16
  59  865  932 0  94 1 5 1 2 4 8 16
  60  225   63 0  44 1 5 1 2 4 8 16
  61  737  430 0  28 1 5 1 2 4 8 16
  62  352  918 0  66 1 5 1 2 4 8 16
  63  552  641 0  52 1 5 1 2 4 8 16
  64  948  902 0  50 1 5 1 2 4 8 16
  65  536  697 0  67 1 5 1 2 4 8 16
  66  742  232 0   6 1 5 1 2 4 8 16
  67  394   25 0  77 1 5 1 2 4 8 16
  68  200  317 0  53 1 5 1 2 4 8 16
  69  678  224 0  98 1 5 1 2 4 8 16
  70  473  901 0  94 1 5 1 2 4 8 16
  71  803  953 0  33 1 5 1 2 4 8 16
  72  343  502 0  87 1 5 1 2 4 8 16
  73  541  211 0   7 1 5 1 2 4 8 16
  74  348  100 0  48 1 5 1 2 4 8 16
  75  345  980 0  89 1 5 1 2 4 8 16
  76  809  824 0  63 1 5 1 2 4 8 16
  77  603  397 0  21 1 5 1 2 4 8 16
  78  520  592 0  87 1 5 1 2 4 8 16
  79  585  173 0  30 1 5 1 2 4 8 16
  80  662  655 0  35 1 5 1 2 4 8 16
  81  930   37 0   8 1 5 1 2 4 8 16
  82  840  897 0  62 1 5 1 2 4 8 16
  83  903  696 0  27 1 5 1 2 4 8 16
  84  286   83 0  99 1 5 1 2 4 8 16
  85  773  708 0  63 1 5 1 2 4 8 16
  86   27  974 0  61 1 5 1 2 4 8 16
  87  754  506 0  71 1 5 1 2 4 8 16
  88  651  663 0  13 1 5 1 2 4 8 16
  89  891  372 0  40 1 5 1 2 4 8 16
  90  903  101 0  76 1 5 1 2 4 8 16
  91   62  244 0  37 1 5 1 2 4 8 16
  92  282  324 0  45 1 5 1 2 4 8 16
  93  345  205 0  18 1 5 1 2 4 8 16
  94  381  749 0   2 1 5 1 2 4 8 16
  95  979  633 0   8 1 5 1 2 4 8 16
  96  686  178 0  15 1 5 1 2 4 8 16
  97  995  398 0   3 1 5 1 2 4 8 16
  98  444  456 0  99 1 5 1 2 4 8 16
  99  761  264 0  32 1 5 1 2 4 8 16
 100  370  366 0  57 1 5 1 2 4 8 16
 101  692  853 0  66 1 5 1 2 4 8 16
 102   66  867 0  24 1 5 1 2 4 8 16
 103  900  763 0  35 1 5 1 2 4 8 16
 104  305  638 0  29 1 5 1 2 4 8 16
 105  330  887 0  36 1 5 1 2 4 8 16
 106  920  389 0  87 1 5 1 2 4 8 16
 107  489  363 0   3 1 5 1 2 4 8 16
 108  651   30 0  77 1 5 1 2 4 8 16
 109  945  606 0  12 1 5 1 2 4 8 16
 110  538  827 0  94 1 5 1 2 4 8 16
 111  435  559 0  11 1 5 1 2 4 8 16
 112  247  150 0  70 1 5 1 2 4 8 16
 113  857  484 0   5 1 5 1 2 4 8 16
 114  932  767 0  25 1 5 1 2 4 8 16
 115   22   11 0  19 1 5 1 2 4 8 16
 116  860  461 0  93 1 5 1 2 4 8 16
 117   21  277 0  58 1 5 1 2 4 8 16
 118  371  422 0  35 1 5 1 2 4 8 16
 119  447  306 0  46 1 5 1 2 4 8 16
 120  960  294 0  14 1 5 1 2 4 8 16
 121  388  215 0  54 1 5 1 2 4 8 16
 122  659  607 0  73 1 5 1 2 4 8 16
 123  681  387 0  67 1 5 1 2 4 8 16
 124  463  873 0  60 1 5 1 2 4 8 16
 125  462  915 0  17 1 5 1 2 4 8 16
 126  463  564 0  99 1 5 1 2 4 8 16
 127  414   36 0  19 1 5 1 2 4 8 16
 128  285   51 0  77 1 5 1 2 4 8 16
 129  410  882 0   1 1 5 1 2 4 8 16
 130  118   60 0  21 1 5 1 2 4 8 16
 131  311  132 0  11 1 5 1 2 4 8 16
 132  790  502 0  93 1 5 1 2 4 8 16
 133  764  512 0  38 1 5 1 2 4 8 16
 134  838  862 0  22 1 5 1 2 4 8 16
 135  585  852 0  96 1 5 1 2 4 8 16
 136  483  235 0  61 1 5 1 2 4 8 16
 137  203  275 0  39 1 5 1 2 4 8 16
 138  342  620 0   9 1 5 1 2 4 8 16
 139  603  505 0  76 1 5 1 2 4 8 16
 140  312  916 0  29 1 5 1 2 4 8 16
 141  353  700 0  44 1 5 1 2 4 8 16
 142   43  895 0  44 1 5 1 2 4 8 16
 143  430   28 0  97 1 5 1 2 4 8 16
 144  300  801 0  50 1 5 1 2 4 8 16
 145  639  548 0  20 1 5 1 2 4 8 16
 146  131  956 0  83 1 5 1 2 4 8 16
 147  228  639 0  93 1 5 1 2 4 8 16
 148  822  389 0  32 1 5 1 2 4 8 16
 149  743  585 0  33 1 5 1 2 4 8 16
 150  452  364 0  20 1 5 1 2 4 8 16
 151  640   33 0  12 1 5 1 2 4 8 16
 152  630  359 0  70 1 5 1 2 4 8 16
 153  756   58 0  42 1 5 1 2 4 8 16
 154  412  173 0  64 1 5 1 2 4 8 16
 155  974  569 0  67 1 5 1 2 4 8 16
 156  743  441 0   3 1 5 1 2 4 8 16
 157  149  128 0  64 1 5 1 2 4 8 16
 158  447  997 0  56 1 5 1 2 4 8 16
 159  505  159 0  99 1 5 1 2 4 8 16
 160  895  926 0  86 1 5 1 2 4 8 16
 161  811  622 0  72 1 5 1 2 4 8 16
 162  566  280 0  47 1 5 1 2 4 8 16
 163  101   40 0  21 1 5 1 2 4 8 16
 164  246  516 0   6 1 5 1 2 4 8 16
 165  888  468 0  62 1 5 1 2 4 8 16
 166  610  186 0  96 1 5 1 2 4 8 16
 167  103  495 0  86 1 5 1 2 4 8 16
 168  244  665 0  32 1 5 1 2 4 8 16
 169  294  738 0  25 1 5 1 2 4 8 16
 170  999  922 0  43 1 5 1 2 4 8 16
 171  902  599 0  79 1 5 1 2 4 8 16
 172  131  683 0  69 1 5 1 2 4 8 16
 173  370  747 0  64 1 5 1 2 4 8 16
 174  667  558 0  59 1 5 1 2 4 8 16
 175  905  255 0  18 1 5 1 2 4 8 16
 176  101  722 0  30 1 5 1 2 4 8 16
 177  120  640 0  13 1 5 1 2 4 8 16
 178  122  833 0  99 1 5 1 2 4 8 16
 179  613  833 0  84 1 5 1 2 4 8 16
 180   58  973 0  15 1 5 1 2 4 8 16
 181  442   65 0  83 1 5 1 2 4 8 16
 182  539  906 0  86 1 5 1 2 4 8 16
 183  353  947 0  66 1 5 1 2 4 8 16
 184  920  271 0  90 1 5 1 2 4 8 16
 185  324  959 0 100 1 5 1 2 4 8 16
 186  886  105 0   4 1 5 1 2 4 8 16
 187  722  993 0   1 1 5 1 2 4 8 16
 188   31  771 0  73 1 5 1 2 4 8 16
 189  241  513 0  74 1 5 1 2 4 8 16
 190  399  958 0  19 1 5 1 2 4 8 16
 191  748  102 0  20 1 5 1 2 4 8 16
 192  945  832 0  75 1 5 1 2 4 8 16
 193  152  190 0  64 1 5 1 2 4 8 16
 194  304  843 0  61 1 5 1 2 4 8 16
 195  178  305 0  23 1 5 1 2 4 8 16
 196  882  905 0  55 1 5 1 2 4 8 16
 197  410  842 0  57 1 5 1 2 4 8 16
 198  683  464 0  16 1 5 1 2 4 8 16
 199  123  788 0  90 1 5 1 2 4 8 16
 200  900  743 0  51 1 5 1 2 4 8 16
 201  715  580 0  44 1 5 1 2 4 8 16
 202  740  402 0  22 1 5 1 2 4 8 16
 203  349  429 0  51 1 5 1 2 4 8 16
 204  866  258 0  90 1 5 1 2 4 8 16
 205  526  648 0  70 1 5 1 2 4 8 16
 206  969  865 0  89 1 5 1 2 4 8 16
 207  455  934 0  69 1 5 1 2 4 8 16
 208  520  419 0  56 1 5 1 2 4 8 16
 209  711  805 0  32 1 5 1 2 4 8 16
 210   27    3 0  85 1 5 1 2 4 8 16
 211  922  256 0  36 1 5 1 2 4 8 16
 212   26  115 0  20 1 5 1 2 4 8 16
 213  518  210 0  31 1 5 1 2 4 8 16
 214  165  240 0  97 1 5 1 2 4 8 16
 215  943   19 0  41 1 5 1 2 4 8 16
 216  144  451 0  93 1 5 1 2 4 8 16
 217  527  893 0  16 1 5 1 2 4 8 16
 218  681  202 0  77 1 5 1 2 4 8 16
 219  982  362 0  86 1 5 1 2 4 8 16
 220  865  926 0  75 1 5 1 2 4 8 16
 221  412  512 0  23 1 5 1 2 4 8 16
 222  867  273 0  25 1 5 1 2 4 8 16
 223  478  781 0  98 1 5 1 2 4 8 16
 224  845   32 0  39 1 5 1 2 4 8 16
 225  863  313 0  12 1 5 1 2 4 8 16
 226  593  778 0  37 1 5 1 2 4 8 16
 227  186  855 0  60 1 5 1 2 4 8 16
 228  943  554 0  88 1 5 1 2 4 8 16
 229  634  887 0  16 1 5 1 2 4 8 16
 230  903  422 0   3 1 5 1 2 4 8 16
 231  715   41 0  11 1 5 1 2 4 8 16
 232  190  745 0  28 1 5 1 2 4 8 16
 233  935  275 0  96 1 5 1 2 4 8 16
 234  504  644 0  59 1 5 1 2 4 8 16
 235  557  833 0  36 1 5 1 2 4 8 16
 236  905  427 0  12 1 5 1 2 4 8 16
 237  996  601 0  48 1 5 1 2 4 8 16
 238   27  102 0  53 1 5 1 2 4 8 16
 239  704  547 0  10 1 5 1 2 4 8 16
 240  658  964 0  80 1 5 1 2 4 8 16
 241  919  776 0  47 1 5 1 2 4 8 16
 242  185  297 0  59 1 5 1 2 4 8 16
 243  947  461 0  52 1 5 1 2 4 8 16
 244  928  319 0  80 1 5 1 2 4 8 16
 245  851  246 0  35 1 5 1 2 4 8 16
 246    8  433 0   4 1 5 1 2 4 8 16
 247  100  735 0  82 1 5 1 2 4 8 16
 248  317  333 0  11 1 5 1 2 4 8 16
 249  926   12 0  14 1 5 1 2 4 8 16
 250  836  424 0  98 1 5 1 2 4 8 16
 251   34  300 0  64 1 5 1 2 4 8 16
 252  794  863 0  42 1 5 1 2 4 8 16
 253  795  858 0  82 1 5 1 2 4 8 16
 254   84  578 0  54 1 5 1 2 4 8 16
 255   59   81 0  27 1 5 1 2 4 8 16
 256   37  892 0  71 1 5 1 2 4 8 16
 257  440  924 0 100 1 5 1 2 4 8 16
 258  773  623 0  88 1 5 1 2 4 8 16
 259  422   84 0  90 1 5 1 2 4 8 16
 260  287  934 0  50 1 5 1 2 4 8 16
 261  961  538 0  44 1 5 1 2 4 8 16
 262  344  398 0  51 1 5 1 2 4 8 16
 263   13  146 0  32 1 5 1 2 4 8 16
 264  128  221 0  25 1 5 1 2 4 8 16
 265  128   96 0  72 1 5 1 2 4 8 16
 266  884  865 0  94 1 5 1 2 4 8 16
 267  718  692 0  77 1 5 1 2 4 8 16
 268  319   10 0  50 1 5 1 2 4 8 16
 269  910  289 0  24 1 5 1 2 4 8 16
 270  534  813 0  70 1 5 1 2 4 8 16
 271  412  351 0  17 1 5 1 2 4 8 16
 272  556   97 0  19 1 5 1 2 4 8 16
 273  935  118 0   4 1 5 1 2 4 8 16
 274  554   25 0  93 1 5 1 2 4 8 16
 275  154  180 0  67 1 5 1 2 4 8 16
 276  489  919 0  50 1 5 1 2 4 8 16
 277  590  606 0  33 1 5 1 2 4 8 16
 278  158  509 0  78 1 5 1 2 4 8 16
 279  516  849 0  98 1 5 1 2 4 8 16
 280  528  453 0  10 1 5 1 2 4 8 16
 281  235  955 0  42 1 5 1 2 4 8 16
 282  556  446 0  25 1 5 1 2 4 8 16
 283  555  798 0  82 1 5 1 2 4 8 16
 284  644  586 0  13 1 5 1 2 4 8 16
 285  120   28 0  86 1 5 1 2 4 8 16
 286  865  417 0   9 1 5 1 2 4 8 16
 287  348  299 0  12 1 5 1 2 4 8 16
 288  547  495 0  60 1 5 1 2 4 8 16
 289  881  952 0  68 1 5 1 2 4 8 16
 290  311  795 0  73 1 5 1 2 4 8 16
 291  499   82 0  80 1 5 1 2 4 8 16
 292  869  472 0  71 1 5 1 2 4 8 16
 293  143  749 0  93 1 5 1 2 4 8 16
 294  402  300 0  10 1 5 1 2 4 8 16
 295   87  504 0  70 1 5 1 2 4 8 16
 296  580  610 0  91 1 5 1 2 4 8 16
 297  653  954 0  14 1 5 1 2 4 8 16
 298  193   61 0  77 1 5 1 2 4 8 16
 299  969  224 0  31 1 5 1 2 4 8 16
 300  889  361 0  84 1 5 1 2 4 8 16
 301  760  379 0  36 1 5 1 2 4 8 16
 302  680  781 0   6 1 5 1 2 4 8 16
 303  167  277 0  57 1 5 1 2 4 8 16
 304  474  446 0  59 1 5 1 2 4 8 16
 305  971  355 0  85 1 5 1 2 4 8 16
 306  390  829 0  86 1 5 1 2 4 8 16
 307  295   83 0  75 1 5 1 2 4 8 16
 308  869   77 0  85 1 5 1 2 4 8 16
 309  214  897 0  24 1 5 1 2 4 8 16
 310  764  914 0  49 1 5 1 2 4 8 16
 311  332  445 0   5 1 5 1 2 4 8 16
 312  125  437 0  77 1 5 1 2 4 8 16
 313  578  796 0  43 1 5 1 2 4 8 16
 314  676  710 0  61 1 5 1 2 4 8 16
 315  535  454 0  95 1 5 1 2 4 8 16
 316  464  271 0  57 1 5 1 2 4 8 16
 317  956  300 0  36 1 5 1 2 4 8 16
 318  925  645 0  70 1 5 1 2 4 8 16
 319  134  300 0  47 1 5 1 2 4 8 16
 320  605  980 0  83 1 5 1 2 4 8 16
 321  854  664 0  86 1 5 1 2 4 8 16
 322  481  377 0  70 1 5 1 2 4 8 16
 323  497  154 0  93 1 5 1 2 4 8 16
 324  608  754 0  18 1 5 1 2 4 8 16
 325  122  818 0  77 1 5 1 2 4 8 16
 326  923  943 0  43 1 5 1 2 4 8 16
 327  591  521 0  84 1 5 1 2 4 8 16
 328  894  594 0  72 1 5 1 2 4 8 16
 329  184  457 0  92 1 5 1 2 4 8 16
 330  512  705 0  48 1 5 1 2 4 8 16
 331  515  925 0  73 1 5 1 2 4 8 16
 332  339  170 0  55 1 5 1 2 4 8 16
 333  883  845 0   3 1 5 1 2 4 8 16
 334  359   30 0  22 1 5 1 2 4 8 16
 335  498  902 0  41 1 5 1 2 4 8 16
 336  941  571 0  28 1 5 1 2 4 8 16
 337  416  545 0  88 1 5 1 2 4 8 16
 338  488  755 0  23 1 5 1 2 4 8 16
 339  115   57 0  83 1 5 1 2 4 8 16
 340  821  824 0   2 1 5 1 2 4 8 16
 341  570  467 0  73 1 5 1 2 4 8 16
 342  839  246 0  94 1 5 1 2 4 8 16
 343  436  510 0  92 1 5 1 2 4 8 16
 344  705  840 0  82 1 5 1 2 4 8 16
 345  196  612 0  95 1 5 1 2 4 8 16
 346  942  523 0  20 1 5 1 2 4 8 16
 347  504  562 0  84 1 5 1 2 4 8 16
 348  980  147 0   2 1 5 1 2 4 8 16
 349  630  771 0  61 1 5 1 2 4 8 16
 350  184   63 0  10 1 5 1 2 4 8 16
 351  940   23 0  76 1 5 1 2 4 8 16
 352  347   68 0  94 1 5 1 2 4 8 16
 353  837   20 0  64 1 5 1 2 4 8 16
 354   72   58 0  79 1 5 1 2 4 8 16
 355  176  194 0  66 1 5 1 2 4 8 16
 356  486  643 0  10 1 5 1 2 4 8 16
 357   87  195 0  98 1 5 1 2 4 8 16
 358  449  549 0  36 1 5 1 2 4 8 16
 359  609  963 0   3 1 5 1 2 4 8 16
 360  772  124 0  71 1 5 1 2 4 8 16
 361  949  408 0  38 1 5 1 2 4 8 16
 362  594  945 0 100 1 5 1 2 4 8 16
 363  985  564 0  23 1 5 1 2 4 8 16
 364  146  931 0  47 1 5 1 2 4 8 16
 365  783  804 0  31 1 5 1 2 4 8 16
 366  500  971 0  23 1 5 1 2 4 8 16
 367  464  776 0  15 1 5 1 2 4 8 16
 368  255  852 0  37 1 5 1 2 4 8 16
 369   76  330 0  55 1 5 1 2 4 8 16
 370  266  331 0  45 1 5 1 2 4 8 16
 371  986  158 0  21 1 5 1 2 4 8 16
 372  875  430 0  15 1 5 1 2 4 8 16
 373  295  288 0  86 1 5 1 2 4 8 16
 374  122  280 0  33 1 5 1 2 4 8 16
 375  374   12 0  46 1 5 1 2 4 8 16
 376  880  859 0  42 1 5 1 2 4 8 16
 377  356  641 0  30 1 5 1 2 4 8 16
 378  616  662 0  45 1 5 1 2 4 8 16
 379    5  125 0  58 1 5 1 2 4 8 16
 380  416  707 0  20 1 5 1 2 4 8 16
 381  645  545 0  41 1 5 1 2 4 8 16
 382  444  230 0   5 1 5 1 2 4 8 16
 383  966  391 0  64 1 5 1 2 4 8 16
 384  964  209 0  60 1 5 1 2 4 8 16
 385  847  334 0  94 1 5 1 2 4 8 16
 386  924  119 0  39 1 5 1 2 4 8 16
 387  345  632 0  82 1 5 1 2 4 8 16
 388  502  615 0  69 1 5 1 2 4 8 16
 389   14  776 0  76 1 5 1 2 4 8 16
 390  267   12 0  65 1 5 1 2 4 8 16
 391  260  276 0  84 1 5 1 2 4 8 16
 392  405  872 0  12 1 5 1 2 4 8 16
 393  511  432 0  48 1 5 1 2 4 8 16
 394  791   69 0  45 1 5 1 2 4 8 16
 395  775  238 0  54 1 5 1 2 4 8 16
 396  900   42 0  83 1 5 1 2 4 8 16
 397  683   34 0  67 1 5 1 2 4 8 16
 398  907  257 0  46 1 5 1 2 4 8 16
 399  757  701 0  62 1 5 1 2 4 8 16
 400  394   30 0  79 1 5 1 2 4 8 16
 401  728 1000 0  51 1 5 1 2 4 8 16
 402  825  724 0  66 1 5 1 2 4 8 16
 403  118  278 0  19 1 5 1 2 4 8 16
 404   87  907 0  44 1 5 1 2 4 8 16
 405  962  182 0  24 1 5 1 2 4 8 16
 406  916   50 0  19 1 5 1 2 4 8 16
 407  981  822 0  21 1 5 1 2 4 8 16
 408   26  473 0  42 1 5 1 2 4 8 16
 409  658  417 0  17 1 5 1 2 4 8 16
 410  422  499 0   4 1 5 1 2 4 8 16
 411  522  750 0  30 1 5 1 2 4 8 16
 412  948  140 0  67 1 5 1 2 4 8 16
 413  681  712 0  79 1 5 1 2 4 8 16
 414  326  495 0  63 1 5 1 2 4 8 16
 415   84  868 0  48 1 5 1 2 4 8 16
 416  850  110 0   8 1 5 1 2 4 8 16
 417  767  973 0  27 1 5 1 2 4 8 16
 418  235 1000 0  60 1 5 1 2 4 8 16
 419  214  931 0  95 1 5 1 2 4 8 16
 420   48   38 0  15 1 5 1 2 4 8 16
 421   28  316 0  76 1 5 1 2 4 8 16
 422  421  148 0  43 1 5 1 2 4 8 16
 423  562  818 0  17 1 5 1 2 4 8 16
 424  800  588 0  74 1 5 1 2 4 8 16
 425  885  451 0  91 1 5 1 2 4 8 16
 426  566  310 0  29 1 5 1 2 4 8 16
 427  547  573 0  78 1 5 1 2 4 8 16
 428  573  157 0  83 1 5 1 2 4 8 16
 429  822  278 0  40 1 5 1 2 4 8 16
 430    7  691 0  35 1 5 1 2 4 8 16
 431  103  516 0  98 1 5 1 2 4 8 16
 432  948  541 0  28 1 5 1 2 4 8 16
 433  956  357 0  53 1 5 1 2 4 8 16
 434   96  878 0  24 1 5 1 2 4 8 16
 435  899  185 0  66 1 5 1 2 4 8 16
 436  260   25 0   3 1 5 1 2 4 8 16
 437  798   94 0  17 1 5 1 2 4 8 16
 438  667  333 0  39 1 5 1 2 4 8 16
 439  298  218 0  61 1 5 1 2 4 8 16
 440  815  504 0  37 1 5 1 2 4 8 16
 441  663  210 0  82 1 5 1 2 4 8 16
 442  316  948 0  47 1 5 1 2 4 8 16
 443  575  801 0  90 1 5 1 2 4 8 16
 444  197  603 0  59 1 5 1 2 4 8 16
 445  496  966 0  81 1 5 1 2 4 8 16
 446  231   73 0  45 1 5 1 2 4 8 16
 447  993  996 0  24 1 5 1 2 4 8 16
 448  328  966 0  44 1 5 1 2 4 8 16
 449  427  736 0  97 1 5 1 2 4 8 16
 450  356  996 0  77 1 5 1 2 4 8 16
 451  374  173 0  54 1 5 1 2 4 8 16
 452  247   70 0  28 1 5 1 2 4 8 16
 453  204  292 0  75 1 5 1 2 4 8 16
 454  629  436 0  85 1 5 1 2 4 8 16
 455  598  719 0  71 1 5 1 2 4 8 16
 456  508  669 0  98 1 5 1 2 4 8 16
 457  570  424 0  56 1 5 1 2 4 8 16
 458  829  936 0  23 1 5 1 2 4 8 16
 459  646  727 0  86 1 5 1 2 4 8 16
 460  447  885 0  86 1 5 1 2 4 8 16
 461  553  782 0  30 1 5 1 2 4 8 16
 462   85  312 0  58 1 5 1 2 4 8 16
 463  853  170 0 100 1 5 1 2 4 8 16
 464   76  429 0  54 1 5 1 2 4 8 16
 465  572  725 0  52 1 5 1 2 4 8 16
 466  504  418 0  61 1 5 1 2 4 8 16
 467  598  721 0  26 1 5 1 2 4 8 16
 468   19  830 0  22 1 5 1 2 4 8 16
 469  307  850 0   5 1 5 1 2 4 8 16
 470  724  597 0  89 1 5 1 2 4 8 16
 471  959   29 0  47 1 5 1 2 4 8 16
 472  416  623 0  26 1 5 1 2 4 8 16
 473  425  246 0  27 1 5 1 2 4 8 16
 474  969  130 0  73 1 5 1 2 4 8 16
 475  375  477 0  86 1 5 1 2 4 8 16
 476  267  632 0  75 1 5 1 2 4 8 16
 477   50   81 0  59 1 5 1 2 4 8 16
 478  945   81 0  63 1 5 1 2 4 8 16
 479  318  164 0  67 1 5 1 2 4 8 16
 480  366  835 0  28 1 5 1 2 4 8 16
 481  287  547 0  79 1 5 1 2 4 8 16
 482  501  636 0  92 1 5 1 2 4 8 16
 483  896  987 0  51 1 5 1 2 4 8 16
 484  556  907 0  57 1 5 1 2 4 8 16
 485  441  659 0  99 1 5 1 2 4 8 16
 486  891  203 0  98 1 5 1 2 4 8 16
 487  113  917 0  38 1 5 1 2 4 8 16
 488   49  237 0  30 1 5 1 2 4 8 16
 489  982  854 0  59 1 5 1 2 4 8 16
 490  960  869 0  67 1 5 1 2 4 8 16
 491  671  486 0   1 1 5 1 2 4 8 16
 492  475  865 0  92 1 5 1 2 4 8 16
 493  901  114 0  50 1 5 1 2 4 8 16
 494  301  537 0  82 1 5 1 2 4 8 16
 495  657  882 0  88 1 5 1 2 4 8 16
 496  494  874 0  43 1 5 1 2 4 8 16
 497  621  573 0   9 1 5 1 2 4 8 16
 498  153  232 0  37 1 5 1 2 4 8 16
 499  902  596 0  67 1 5 1 2 4 8 16
 500  801  429 0  61 1 5 1 2 4 8 16
 501  764  387 0  71 1 5 1 2 4 8 16
 502  194  399 0  88 1 5 1 2 4 8 16
 503  854  978 0  57 1 5 1 2 4 8 16
 504  538  311 0  35 1 5 1 2 4 8 16
 505   52   28 0  92 1 5 1 2 4 8 16
 506  545  632 0  23 1 5 1 2 4 8 16
 507  672  542 0  15 1 5 1 2 4 8 16
 508  400  500 0  52 1 5 1 2 4 8 16
 509  479  126 0  73 1 5 1 2 4 8 16
 510  422  846 0  39 1 5 1 2 4 8 16
 511   49  292 0  12 1 5 1 2 4 8 16
 512  153  838 0  78 1 5 1 2 4 8 16
 513  262  144 0  97 1 5 1 2 4 8 16
 514  468  111 0  74 1 5 1 2 4 8 16
 515  348  144 0  10 1 5 1 2 4 8 16
 516   83  214 0   1 1 5 1 2 4 8 16
 517   98  322 0  24 1 5 1 2 4 8 16
 518  127  594 0  84 1 5 1 2 4 8 16
 519  144  415 0  86 1 5 1 2 4 8 16
 520  708  946 0  48 1 5 1 2 4 8 16
 521  409  554 0  52 1 5 1 2 4 8 16
 522  884  532 0  35 1 5 1 2 4 8 16
 523  864  588 0  45 1 5 1 2 4 8 16
 524   91  836 0  77 1 5 1 2 4 8 16
 525  490  392 0  51 1 5 1 2 4 8 16
 526  626  704 0  62 1 5 1 2 4 8 16
 527  812  296 0  88 1 5 1 2 4 8 16
 528  561  864 0  36 1 5 1 2 4 8 16
 529  640  113 0  71 1 5 1 2 4 8 16
 530  167  671 0  79 1 5 1 2 4 8 16
 531  158  642 0  67 1 5 1 2 4 8 16
 532  949   38 0  71 1 5 1 2 4 8 16
 533  964  921 0  36 1 5 1 2 4 8 16
 534  577  906 0  94 1 5 1 2 4 8 16
 535  327  265 0  32 1 5 1 2 4 8 16
 536  269  163 0  71 1 5 1 2 4 8 16
 537  433  948 0  56 1 5 1 2 4 8 16
 538  952  817 0 100 1 5 1 2 4 8 16
 539  302  584 0  49 1 5 1 2 4 8 16
 540  543  997 0  70 1 5 1 2 4 8 16
 541  343  104 0  74 1 5 1 2 4 8 16
 542  574  247 0  33 1 5 1 2 4 8 16
 543  132  728 0  63 1 5 1 2 4 8 16
 544  376  402 0  22 1 5 1 2 4 8 16
 545  729  721 0  38 1 5 1 2 4 8 16
 546  718  385 0  91 1 5 1 2 4 8 16
 547  254  551 0  70 1 5 1 2 4 8 16
 548  667  652 0  18 1 5 1 2 4 8 16
 549  596  180 0  95 1 5 1 2 4 8 16
 550  781  179 0  57 1 5 1 2 4 8 16
 551  266  621 0  72 1 5 1 2 4 8 16
 552  481  446 0  92 1 5 1 2 4 8 16
 553  335  659 0   5 1 5 1 2 4 8 16
 554  749  572 0  87 1 5 1 2 4 8 16
 555  354  496 0  11 1 5 1 2 4 8 16
 556  431    4 0  72 1 5 1 2 4 8 16
 557   87  481 0  53 1 5 1 2 4 8 16
 558  462  549 0  76 1 5 1 2 4 8 16
 559  881  820 0  90 1 5 1 2 4 8 16
 560  147  643 0  48 1 5 1 2 4 8 16
 561  484  551 0  63 1 5 1 2 4 8 16
 562  801  857 0  67 1 5 1 2 4 8 16
 563  250  845 0  59 1 5 1 2 4 8 16
 564  123  806 0  98 1 5 1 2 4 8 16
 565  381   56 0  51 1 5 1 2 4 8 16
 566  586  563 0  76 1 5 1 2 4 8 16
 567  480  519 0  89 1 5 1 2 4 8 16
 568  101  926 0  73 1 5 1 2 4 8 16
 569  864  833 0  36 1 5 1 2 4 8 16
 570  893  223 0  14 1 5 1 2 4 8 16
 571  660  115 0  97 1 5 1 2 4 8 16
 572   82  754 0  49 1 5 1 2 4 8 16
 573  500  547 0  22 1 5 1 2 4 8 16
 574  298  171 0  27 1 5 1 2 4 8 16
 575  808  548 0   4 1 5 1 2 4 8 16
 576  102  833 0  81 1 5 1 2 4 8 16
 577  199  197 0  28 1 5 1 2 4 8 16
 578  140  264 0  91 1 5 1 2 4 8 16
 579  268  408 0   9 1 5 1 2 4 8 16
 580  589  573 0  53 1 5 1 2 4 8 16
 581  283  983 0  58 1 5 1 2 4 8 16
 582  219  333 0  92 1 5 1 2 4 8 16
 583  157  390 0   5 1 5 1 2 4 8 16
 584  800  772 0  81 1 5 1 2 4 8 16
 585  684  250 0 100 1 5 1 2 4 8 16
 586  871  942 0  99 1 5 1 2 4 8 16
 587  207  687 0  36 1 5 1 2 4 8 16
 588  960  283 0  72 1 5 1 2 4 8 16
 589   24  997 0  75 1 5 1 2 4 8 16
 590  114  561 0  85 1 5 1 2 4 8 16
 591   57  496 0  14 1 5 1 2 4 8 16
 592   11  591 0  97 1 5 1 2 4 8 16
 593  441  211 0  24 1 5 1 2 4 8 16
 594   90  892 0  51 1 5 1 2 4 8 16
 595  342  165 0  92 1 5 1 2 4 8 16
 596  894  153 0  44 1 5 1 2 4 8 16
 597   47  911 0  29 1 5 1 2 4 8 16
 598  313  363 0  36 1 5 1 2 4 8 16
 599   75  989 0  67 1 5 1 2 4 8 16
 600  917  541 0  78 1 5 1 2 4 8 16
 601   43  742 0  94 1 5 1 2 4 8 16
 602   51  491 0  97 1 5 1 2 4 8 16
 603  186  717 0  57 1 5 1 2 4 8 16
 604  320  392 0  29 1 5 1 2 4 8 16
 605  386  806 0  75 1 5 1 2 4 8 16
 606   26  890 0  95 1 5 1 2 4 8 16
 607   88  664 0  93 1 5 1 2 4 8 16
 608  982  785 0  90 1 5 1 2 4 8 16
 609  696  555 0  38 1 5 1 2 4 8 16
 610  741  323 0  42 1 5 1 2 4 8 16
 611  641  185 0  27 1 5 1 2 4 8 16
 612  259  212 0  79 1 5 1 2 4 8 16
 613  254  844 0  81 1 5 1 2 4 8 16
 614  484  816 0  45 1 5 1 2 4 8 16
 615  203  852 0   3 1 5 1 2 4 8 16
 616  212  258 0  77 1 5 1 2 4 8 16
 617  950  982 0  72 1 5 1 2 4 8 16
 618  573  421 0  39 1 5 1 2 4 8 16
 619  706  783 0  82 1 5 1 2 4 8 16
 620  546   42 0   5 1 5 1 2 4 8 16
 621  669  161 0  30 1 5 1 2 4 8 16
 622  470    8 0   7 1 5 1 2 4 8 16
 623  692  189 0   2 1 5 1 2 4 8 16
 624  595  134 0  79 1 5 1 2 4 8 16
 625  220  393 0  98 1 5 1 2 4 8 16
 626   90  498 0  85 1 5 1 2 4 8 16
 627  101  113 0  32 1 5 1 2 4 8 16
 628  273  834 0  69 1 5 1 2 4 8 16
 629  646  304 0   9 1 5 1 2 4 8 16
 630  307  673 0  25 1 5 1 2 4 8 16
 631  755  661 0  44 1 5 1 2 4 8 16
 632  591  126 0  64 1 5 1 2 4 8 16
 633  426  592 0  18 1 5 1 2 4 8 16
 634  417  466 0  14 1 5 1 2 4 8 16
 635  205  413 0  42 1 5 1 2 4 8 16
 636  230  252 0  91 1 5 1 2 4 8 16
 637  576  232 0  86 1 5 1 2 4 8 16
 638  579  155 0  47 1 5 1 2 4 8 16
 639  601  731 0  91 1 5 1 2 4 8 16
 640  286  715 0  96 1 5 1 2 4 8 16
 641  750  169 0  37 1 5 1 2 4 8 16
 642  730  211 0  45 1 5 1 2 4 8 16
 643  842  767 0  55 1 5 1 2 4 8 16
 644  473  142 0  30 1 5 1 2 4 8 16
 645  612  523 0  10 1 5 1 2 4 8 16
 646  544  662 0  68 1 5 1 2 4 8 16
 647  313  904 0   3 1 5 1 2 4 8 16
 648  241  372 0  25 1 5 1 2 4 8 16
 649  701  699 0  65 1 5 1 2 4 8 16
 650  227  353 0   8 1 5 1 2 4 8 16
 651  511  193 0  78 1 5 1 2 4 8 16
 652  226  450 0  95 1 5 1 2 4 8 16
 653  932  264 0  11 1 5 1 2 4 8 16
 654  532  815 0  99 1 5 1 2 4 8 16
 655  219  370 0  71 1 5 1 2 4 8 16
 656  117  990 0  38 1 5 1 2 4 8 16
 657  644  467 0  36 1 5 1 2 4 8 16
 658  390   24 0  17 1 5 1 2 4 8 16
 659  826  265 0   3 1 5 1 2 4 8 16
 660  375  966 0  12 1 5 1 2 4 8 16
 661  207  873 0  48 1 5 1 2 4 8 16
 662  945  714 0  76 1 5 1 2 4 8 16
 663   80  360 0  59 1 5 1 2 4 8 16
 664  921  449 0  39 1 5 1 2 4 8 16
 665  397  215 0  11 1 5 1 2 4 8 16
 666  630  134 0  66 1 5 1 2 4 8 16
 667  490  894 0   1 1 5 1 2 4 8 16
 668  470  803 0  66 1 5 1 2 4 8 16
 669  714  676 0  18 1 5 1 2 4 8 16
 670  299  720 0  56 1 5 1 2 4 8 16
 671  287  407 0  28 1 5 1 2 4 8 16
 672   79  999 0  70 1 5 1 2 4 8 16
 673  155  989 0  94 1 5 1 2 4 8 16
 674  944   90 0  94 1 5 1 2 4 8 16
 675  213  237 0   2 1 5 1 2 4 8 16
 676  236  801 0  65 1 5 1 2 4 8 16
 677  181  363 0  76 1 5 1 2 4 8 16
 678  281  570 0  88 1 5 1 2 4 8 16
 679  282  498 0  31 1 5 1 2 4 8 16
 680  928  421 0  12 1 5 1 2 4 8 16
 681  529  376 0  93 1 5 1 2 4 8 16
 682  137  659 0  17 1 5 1 2 4 8 16
 683  479  610 0  13 1 5 1 2 4 8 16
 684  111  692 0  45 1 5 1 2 4 8 16
 685  775  402 0  42 1 5 1 2 4 8 16
 686  859  254 0  33 1 5 1 2 4 8 16
 687  564  704 0  35 1 5 1 2 4 8 16
 688   67  640 0  77 1 5 1 2 4 8 16
 689  978  287 0  14 1 5 1 2 4 8 16
 690  171  718 0  74 1 5 1 2 4 8 16
 691  808  943 0  52 1 5 1 2 4 8 16
 692  580  320 0   8 1 5 1 2 4 8 16
 693  910  284 0  55 1 5 1 2 4 8 16
 694  290  563 0  37 1 5 1 2 4 8 16
 695  495  106 0   4 1 5 1 2 4 8 16
 696  717  452 0  65 1 5 1 2 4 8 16
 697  893  788 0  34 1 5 1 2 4 8 16
 698  619  219 0  59 1 5 1 2 4 8 16
 699  445  253 0  24 1 5 1 2 4 8 16
 700  119  302 0  78 1 5 1 2 4 8 16
 701   72  985 0  42 1 5 1 2 4 8 16
 702  602   61 0   5 1 5 1 2 4 8 16
 703  676  280 0  43 1 5 1 2 4 8 16
 704  761  277 0  83 1 5 1 2 4 8 16
 705  136  940 0  36 1 5 1 2 4 8 16
 706  284   84 0 100 1 5 1 2 4 8 16
 707  359  706 0  20 1 5 1 2 4 8 16
 708  891  729 0  68 1 5 1 2 4 8 16
 709  254  526 0  67 1 5 1 2 4 8 16
 710  426  878 0  58 1 5 1 2 4 8 16
 711  878  924 0  97 1 5 1 2 4 8 16
 712  206  915 0  73 1 5 1 2 4 8 16
 713  300   19 0  13 1 5 1 2 4 8 16
 714  400  528 0  54 1 5 1 2 4 8 16
 715   44  344 0  30 1 5 1 2 4 8 16
 716  638  903 0  96 1 5 1 2 4 8 16
 717   28  896 0  54 1 5 1 2 4 8 16
 718  940  506 0  32 1 5 1 2 4 8 16
 719   41  621 0  17 1 5 1 2 4 8 16
 720  734  785 0  31 1 5 1 2 4 8 16
 721   17  506 0  20 1 5 1 2 4 8 16
 722   88  375 0  50 1 5 1 2 4 8 16
 723  443  807 0  30 1 5 1 2 4 8 16
 724  820  778 0  35 1 5 1 2 4 8 16
 725  316  401 0  85 1 5 1 2 4 8 16
 726  821  383 0  38 1 5 1 2 4 8 16
 727  293  598 0  93 1 5 1 2 4 8 16
 728   74  552 0  15 1 5 1 2 4 8 16
 729  737  663 0  13 1 5 1 2 4 8 16
 730  873  658 0  85 1 5 1 2 4 8 16
 731   13  658 0  79 1 5 1 2 4 8 16
 732  682  913 0  68 1 5 1 2 4 8 16
 733  820   80 0  90 1 5 1 2 4 8 16
 734   56  215 0  64 1 5 1 2 4 8 16
 735  464  421 0  26 1 5 1 2 4 8 16
 736   78  440 0  23 1 5 1 2 4 8 16
 737  724  140 0  35 1 5 1 2 4 8 16
 738  471  524 0  99 1 5 1 2 4 8 16
 739  422  168 0  85 1 5 1 2 4 8 16
 740  700  705 0  25 1 5 1 2 4 8 16
 741  318  121 0  27 1 5 1 2 4 8 16
 742  316   44 0   8 1 5 1 2 4 8 16
 743  586  724 0  13 1 5 1 2 4 8 16
 744  104  964 0  62 1 5 1 2 4 8 16
 745   67  457 0  18 1 5 1 2 4 8 16
 746  848    2 0  14 1 5 1 2 4 8 16
 747  818  859 0  63 1 5 1 2 4 8 16
 748  209  489 0  21 1 5 1 2 4 8 16
 749  629  865 0  71 1 5 1 2 4 8 16
 750  518  539 0  25 1 5 1 2 4 8 16
 751  767  574 0  77 1 5 1 2 4 8 16
 752  469  419 0  12 1 5 1 2 4 8 16
 753  782  686 0  32 1 5 1 2 4 8 16
 754  785  790 0   4 1 5 1 2 4 8 16
 755  198  643 0   8 1 5 1 2 4 8 16
 756  748  849 0  79 1 5 1 2 4 8 16
 757  213  674 0  36 1 5 1 2 4 8 16
 758  717  232 0  91 1 5 1 2 4 8 16
 759  631  923 0  46 1 5 1 2 4 8 16
 760  371  684 0  57 1 5 1 2 4 8 16
 761   10  311 0   6 1 5 1 2 4 8 16
 762  139  938 0  95 1 5 1 2 4 8 16
 763  747  604 0  81 1 5 1 2 4 8 16
 764  496  643 0  59 1 5 1 2 4 8 16
 765    1  860 0  56 1 5 1 2 4 8 16
 766  438   77 0  92 1 5 1 2 4 8 16
 767   35  915 0  91 1 5 1 2 4 8 16
 768  758  646 0  17 1 5 1 2 4 8 16
 769  799  650 0  69 1 5 1 2 4 8 16
 770  486  885 0  19 1 5 1 2 4 8 16
 771  324  524 0  61 1 5 1 2 4 8 16
 772   44  231 0   6 1 5 1 2 4 8 16
 773  414  481 0  95 1 5 1 2 4 8 16
 774  223  116 0  32 1 5 1 2 4 8 16
 775   14  399 0  11 1 5 1 2 4 8 16
 776  999  353 0  29 1 5 1 2 4 8 16
 777  415  436 0  89 1 5 1 2 4 8 16
 778  711  885 0  91 1 5 1 2 4 8 16
 779   13  185 0  10 1 5 1 2 4 8 16
 780   43  752 0  84 1 5 1 2 4 8 16
 781  152  631 0  49 1 5 1 2 4 8 16
 782   85  724 0  18 1 5 1 2 4 8 16
 783   85  976 0  39 1 5 1 2 4 8 16
 784  996  738 0  96 1 5 1 2 4 8 16
 785  442  531 0  60 1 5 1 2 4 8 16
 786  151  590 0  43 1 5 1 2 4 8 16
 787  180  189 0  37 1 5 1 2 4 8 16
 788  105  398 0  93 1 5 1 2 4 8 16
 789  676   47 0  77 1 5 1 2 4 8 16
 790  617  292 0  52 1 5 1 2 4 8 16
 791   48  591 0  73 1 5 1 2 4 8 16
 792  797  269 0  84 1 5 1 2 4 8 16
 793  839  499 0  67 1 5 1 2 4 8 16
 794  165  899 0  36 1 5 1 2 4 8 16
 795  533  883 0  80 1 5 1 2 4 8 16
 796  349  190 0  65 1 5 1 2 4 8 16
 797  492  609 0  24 1 5 1 2 4 8 16
 798  913  588 0  54 1 5 1 2 4 8 16
 799   22  469 0  39 1 5 1 2 4 8 16
 800  145  299 0  81 1 5 1 2 4 8 16
 801   34  890 0  54 1 5 1 2 4 8 16
 802  109  515 0  49 1 5 1 2 4 8 16
 803   25  134 0  88 1 5 1 2 4 8 16
 804  381  984 0  96 1 5 1 2 4 8 16
 805  393  464 0  90 1 5 1 2 4 8 16
 806  635  185 0  50 1 5 1 2 4 8 16
 807  450  983 0  17 1 5 1 2 4 8 16
 808  569  796 0  87 1 5 1 2 4 8 16
 809  914   31 0  67 1 5 1 2 4 8 16
 810  219  529 0   6 1 5 1 2 4 8 16
 811  771   94 0  36 1 5 1 2 4 8 16
 812  804  474 0  69 1 5 1 2 4 8 16
 813  483  999 0  95 1 5 1 2 4 8 16
 814  958  916 0  32 1 5 1 2 4 8 16
 815  570  595 0  80 1 5 1 2 4 8 16
 816  481  782 0  71 1 5 1 2 4 8 16
 817  593  668 0  88 1 5 1 2 4 8 16
 818  481  355 0   9 1 5 1 2 4 8 16
 819  768  157 0  54 1 5 1 2 4 8 16
 820  164  191 0  15 1 5 1 2 4 8 16
 821  553  909 0  21 1 5 1 2 4 8 16
 822  389  730 0  15 1 5 1 2 4 8 16
 823  956  913 0  22 1 5 1 2 4 8 16
 824  530  122 0  50 1 5 1 2 4 8 16
 825  996   31 0   7 1 5 1 2 4 8 16
 826   95  346 0  49 1 5 1 2 4 8 16
 827  609  324 0  24 1 5 1 2 4 8 16
 828  763   99 0  89 1 5 1 2 4 8 16
 829   38  585 0  24 1 5 1 2 4 8 16
 830  488  834 0  97 1 5 1 2 4 8 16
 831  884  334 0   7 1 5 1 2 4 8 16
 832  410  965 0  34 1 5 1 2 4 8 16
 833   25  944 0  12 1 5 1 2 4 8 16
 834  665  617 0  63 1 5 1 2 4 8 16
 835   85  180 0  26 1 5 1 2 4 8 16
 836  995  966 0  12 1 5 1 2 4 8 16
 837  969  952 0  71 1 5 1 2 4 8 16
 838   68  482 0  33 1 5 1 2 4 8 16
 839  451  767 0  98 1 5 1 2 4 8 16
 840  898   66 0 100 1 5 1 2 4 8 16
 841  801  399 0  20 1 5 1 2 4 8 16
 842  819  789 0  38 1 5 1 2 4 8 16
 843  123  674 0  44 1 5 1 2 4 8 16
 844  706  831 0  46 1 5 1 2 4 8 16
 845  508  211 0  12 1 5 1 2 4 8 16
 846   75  818 0  55 1 5 1 2 4 8 16
 847  549  294 0  65 1 5 1 2 4 8 16
 848   25  239 0  31 1 5 1 2 4 8 16
 849  873  808 0  35 1 5 1 2 4 8 16
 850   40  977 0  53 1 5 1 2 4 8 16
 851  361  595 0  95 1 5 1 2 4 8 16
 852  987  314 0  39 1 5 1 2 4 8 16
 853  697   95 0  47 1 5 1 2 4 8 16
 854  368  945 0  52 1 5 1 2 4 8 16
 855  179  904 0  25 1 5 1 2 4 8 16
 856  784  314 0  20 1 5 1 2 4 8 16
 857  143  596 0  30 1 5 1 2 4 8 16
 858  423   16 0  34 1 5 1 2 4 8 16
 859  301  432 0  94 1 5 1 2 4 8 16
 860  140  462 0  87 1 5 1 2 4 8 16
 861  806  954 0  26 1 5 1 2 4 8 16
 862  197  447 0  58 1 5 1 2 4 8 16
 863  214  882 0  75 1 5 1 2 4 8 16
 864  949  948 0  40 1 5 1 2 4 8 16
 865  413  973 0  22 1 5 1 2 4 8 16
 866  876    2 0  21 1 5 1 2 4 8 16
 867  462  926 0  20 1 5 1 2 4 8 16
 868    0  724 0   1 1 5 1 2 4 8 16
 869  777  604 0  44 1 5 1 2 4 8 16
 870  838   54 0  87 1 5 1 2 4 8 16
 871  329  360 0  58 1 5 1 2 4 8 16
 872  536  324 0  85 1 5 1 2 4 8 16
 873   93  867 0  58 1 5 1 2 4 8 16
 874  720  540 0  12 1 5 1 2 4 8 16
 875  378  932 0  55 1 5 1 2 4 8 16
 876  366  176 0  82 1 5 1 2 4 8 16
 877  887  491 0  26 1 5 1 2 4 8 16
 878  646  490 0   5 1 5 1 2 4 8 16
 879  227  873 0  67 1 5 1 2 4 8 16
 880  225  921 0  66 1 5 1 2 4 8 16
 881  479  497 0  35 1 5 1 2 4 8 16
 882   20  508 0  34 1 5 1 2 4 8 16
 883  618  410 0  49 1 5 1 2 4 8 16
 884  578  493 0  58 1 5 1 2 4 8 16
 885  468  334 0  50 1 5 1 2 4 8 16
 886  513  542 0  16 1 5 1 2 4 8 16
 887  990  150 0  71 1 5 1 2 4 8 16
 888   20  257 0  23 1 5 1 2 4 8 16
 889  215  271 0   8 1 5 1 2 4 8 16
 890  261  722 0  67 1 5 1 2 4 8 16
 891  645  491 0  50 1 5 1 2 4 8 16
 892   66   54 0  92 1 5 1 2 4 8 16
 893  577  771 0  88 1 5 1 2 4 8 16
 894  480  310 0  37 1 5 1 2 4 8 16
 895  242  379 0  27 1 5 1 2 4 8 16
 896   62  224 0  42 1 5 1 2 4 8 16
 897  284  828 0  68 1 5 1 2 4 8 16
 898  972  872 0  94 1 5 1 2 4 8 16
 899  301  463 0  88 1 5 1 2 4 8 16
 900   74  359 0  11 1 5 1 2 4 8 16
 901  318  520 0  45 1 5 1 2 4 8 16
 902  582  632 0  74 1 5 1 2 4 8 16
 903  619  279 0  88 1 5 1 2 4 8 16
 904  646  298 0  37 1 5 1 2 4 8 16
 905  795  509 0   5 1 5 1 2 4 8 16
 906  289  197 0  41 1 5 1 2 4 8 16
 907   76  946 0  69 1 5 1 2 4 8 16
 908  282   97 0  27 1 5 1 2 4 8 16
 909  751  944 0  43 1 5 1 2 4 8 16
 910   42  683 0   7 1 5 1 2 4 8 16
 911  933   35 0  88 1 5 1 2 4 8 16
 912  542  116 0  34 1 5 1 2 4 8 16
 913  331  842 0  99 1 5 1 2 4 8 16
 914  697  707 0  99 1 5 1 2 4 8 16
 915   52  345 0  52 1 5 1 2 4 8 16
 916  270   92 0  27 1 5 1 2 4 8 16
 917  354  917 0  93 1 5 1 2 4 8 16
 918   48  164 0   8 1 5 1 2 4 8 16
 919  756  813 0  32 1 5 1 2 4 8 16
 920  172  192 0  10 1 5 1 2 4 8 16
 921  522  101 0  49 1 5 1 2 4 8 16
 922  631  770 0   2 1 5 1 2 4 8 16
 923  678  491 0  25 1 5 1 2 4 8 16
 924  457  740 0  39 1 5 1 2 4 8 16
 925  268  758 0  24 1 5 1 2 4 8 16
 926  260  693 0  26 1 5 1 2 4 8 16
 927  458  520 0  70 1 5 1 2 4 8 16
 928  702  280 0   1 1 5 1 2 4 8 16
 929  382  556 0   6 1 5 1 2 4 8 16
 930  557  310 0  60 1 5 1 2 4 8 16
 931  234  256 0  85 1 5 1 2 4 8 16
 932  117  993 0   5 1 5 1 2 4 8 16
 933  656  679 0  19 1 5 1 2 4 8 16
 934  124  426 0  24 1 5 1 2 4 8 16
 935  307  668 0  45 1 5 1 2 4 8 16
 936  782  598 0  91 1 5 1 2 4 8 16
 937  900  405 0   7 1 5 1 2 4 8 16
 938  313  103 0  26 1 5 1 2 4 8 16
 939  585  119 0  82 1 5 1 2 4 8 16
 940  516  391 0  38 1 5 1 2 4 8 16
 941  883  616 0  35 1 5 1 2 4 8 16
 942  403  912 0  45 1 5 1 2 4 8 16
 943  901  855 0  72 1 5 1 2 4 8 16
 944  893  273 0   4 1 5 1 2 4 8 16
 945  179  813 0  72 1 5 1 2 4 8 16
 946  624  744 0  29 1 5 1 2 4 8 16
 947  465  362 0  59 1 5 1 2 4 8 16
 948  395  395 0  33 1 5 1 2 4 8 16
 949  402  680 0  90 1 5 1 2 4 8 16
 950  239  776 0  74 1 5 1 2 4 8 16
 951  337  556 0  63 1 5 1 2 4 8 16
 952  954  389 0  95 1 5 1 2 4 8 16
 953  710   34 0  38 1 5 1 2 4 8 16
 954   75  545 0   1 1 5 1 2 4 8 16
 955  224  393 0   1 1 5 1 2 4 8 16
 956   65  295 0  21 1 5 1 2 4 8 16
 957   24  172 0  81 1 5 1 2 4 8 16
 958  755  441 0  39 1 5 1 2 4 8 16
 959  259  429 0  38 1 5 1 2 4 8 16
 960  738  274 0  77 1 5 1 2 4 8 16
 961  707  856 0  99 1 5 1 2 4 8 16
 962  171  750 0   8 1 5 1 2 4 8 16
 963  538  671 0  79 1 5 1 2 4 8 16
 964  641  979 0  89 1 5 1 2 4 8 16
 965  607  103 0  40 1 5 1 2 4 8 16
 966  772  947 0  19 1 5 1 2 4 8 16
 967  904  584 0  51 1 5 1 2 4 8 16
 968  554  729 0  65 1 5 1 2 4 8 16
 969  132  481 0  79 1 5 1 2 4 8 16
 970  180  466 0  94 1 5 1 2 4 8 16
 971  624  790 0  30 1 5 1 2 4 8 16
 972  776  413 0  89 1 5 1 2 4 8 16
 973  301  296 0  48 1 5 1 2 4 8 16
 974  472  630 0 100 1 5 1 2 4 8 16
 975  328  181 0  67 1 5 1 2 4 8 16
 976  265  797 0  84 1 5 1 2 4 8 16
 977  258   94 0  29 1 5 1 2 4 8 16
 978  793  555 0  67 1 5 1 2 4 8 16
 979  666  279 0   8 1 5 1 2 4 8 16
 980  274   43 0  45 1 5 1 2 4 8 16
 981  162  755 0  43 1 5 1 2 4 8 16
 982  668  448 0  52 1 5 1 2 4 8 16
 983  567  486 0  15 1 5 1 2 4 8 16
 984  692  599 0  12 1 5 1 2 4 8 16
 985  736  939 0  21 1 5 1 2 4 8 16
 986  674  389 0  38 1 5 1 2 4 8 16
 987  375  308 0  58 1 5 1 2 4 8 16
 988  464  170 0   5 1 5 1 2 4 8 16
 989  145   63 0  25 1 5 1 2 4 8 16
 990  601  127 0  49 1 5 1 2 4 8 16
 991  623  283 0  85 1 5 1 2 4 8 16
 992  401   44 0  46 1 5 1 2 4 8 16
 993  308  914 0  26 1 5 1 2 4 8 16
 994  765  844 0   3 1 5 1 2 4 8 16
 995  119  860 0  52 1 5 1 2 4 8 16
 996  232  579 0  75 1 5 1 2 4 8 16
 997  813   93 0  29 1 5 1 2 4 8 16
 998  495  321 0  31 1 5 1 2 4 8 16
 999  501  248 0  11 1 5 1 2 4 8 16
1000  584  113 0  14 1 5 1 2 4 8 16
1001  111  527 0  71 1 5 1 2 4 8 16
1002  472   10 0  72 1 5 1 2 4 8 16
1003  691   87 0  19 1 5 1 2 4 8 16
1004  499   20 0   4 1 5 1 2 4 8 16
1005  624  587 0   8 1 5 1 2 4 8 16
1006  977  363 0  28 1 5 1 2 4 8 16
1007  446  565 0  69 1 5 1 2 4 8 16
1008  486  575 0  91 1 5 1 2 4 8 16
1009  305  269 0  77 1 5 1 2 4 8 16
1010  972  594 0  98 1 5 1 2 4 8 16
1011  930  666 0  51 1 5 1 2 4 8 16
1012  683  951 0  96 1 5 1 2 4 8 16
1013  600  278 0  59 1 5 1 2 4 8 16
1014  818  752 0  43 1 5 1 2 4 8 16
1015  183  683 0  82 1 5 1 2 4 8 16
1016  482  250 0   5 1 5 1 2 4 8 16
1017  123  425 0 100 1 5 1 2 4 8 16
1018  766  874 0   2 1 5 1 2 4 8 16
1019  662  440 0   9 1 5 1 2 4 8 16
1020   97  340 0   5 1 5 1 2 4 8 16
1021  555  907 0  14 1 5 1 2 4 8 16
1022  736   14 0  33 1 5 1 2 4 8 16
1023  180  574 0  86 1 5 1 2 4 8 16
1024  959  466 0  21 1 5 1 2 4 8 16
1025  327  680 0   2 1 5 1 2 4 8 16
1026  899  620 0  30 1 5 1 2 4 8 16
1027  598   81 0  60 1 5 1 2 4 8 16
1028   16  136 0  53 1 5 1 2 4 8 16
1029  724  977 0   5 1 5 1 2 4 8 16
1030  158  316 0   8 1 5 1 2 4 8 16
1031  506  808 0  52 1 5 1 2 4 8 16
1032  190  404 0  51 1 5 1 2 4 8 16
1033  795  227 0  36 1 5 1 2 4 8 16
1034  639  858 0  25 1 5 1 2 4 8 16
1035  327   71 0  97 1 5 1 2 4 8 16
1036  491  771 0  27 1 5 1 2 4 8 16
1037  258  164 0  99 1 5 1 2 4 8 16
1038  431  785 0  50 1 5 1 2 4 8 16
1039  339  888 0  16 1 5 1 2 4 8 16
1040  771  593 0 100 1 5 1 2 4 8 16
1041  495  843 0  36 1 5 1 2 4 8 16
1042  127  383 0  30 1 5 1 2 4 8 16
1043  110  183 0  18 1 5 1 2 4 8 16
1044  538   28 0  35 1 5 1 2 4 8 16
1045  240  642 0  66 1 5 1 2 4 8 16
1046  409  770 0  61 1 5 1 2 4 8 16
1047  700  843 0  94 1 5 1 2 4 8 16
1048  234  254 0  53 1 5 1 2 4 8 16
1049  392  690 0  30 1 5 1 2 4 8 16
1050  142  645 0  71 1 5 1 2 4 8 16
1051  662   44 0  23 1 5 1 2 4 8 16
1052  269  277 0  73 1 5 1 2 4 8 16
1053   33  861 0  48 1 5 1 2 4 8 16
1054  704  955 0  40 1 5 1 2 4 8 16
1055    3  911 0  92 1 5 1 2 4 8 16
1056  985  239 0  15 1 5 1 2 4 8 16
1057  670  576 0  45 1 5 1 2 4 8 16
1058  781  164 0  96 1 5 1 2 4 8 16
1059  196  278 0   4 1 5 1 2 4 8 16
1060  379  661 0  74 1 5 1 2 4 8 16
1061  272  773 0  68 1 5 1 2 4 8 16
1062  601  540 0  42 1 5 1 2 4 8 16
1063  708  662 0  66 1 5 1 2 4 8 16
1064  908  106 0  16 1 5 1 2 4 8 16
1065  416  307 0  16 1 5 1 2 4 8 16
1066  517  759 0  48 1 5 1 2 4 8 16
1067  394  504 0  53 1 5 1 2 4 8 16
1068  700  475 0  48 1 5 1 2 4 8 16
1069  445  860 0  52 1 5 1 2 4 8 16
1070  706  789 0  54 1 5 1 2 4 8 16
1071  520  684 0  75 1 5 1 2 4 8 16
1072  315  524 0  99 1 5 1 2 4 8 16
1073  203  436 0  60 1 5 1 2 4 8 16
1074   57  884 0  59 1 5 1 2 4 8 16
1075  488  432 0  77 1 5 1 2 4 8 16
1076  161   56 0  67 1 5 1 2 4 8 16
1077  830  334 0  58 1 5 1 2 4 8 16
1078  489  945 0  20 1 5 1 2 4 8 16
1079  508   92 0  87 1 5 1 2 4 8 16
1080  870  781 0  17 1 5 1 2 4 8 16
1081  216  995 0  64 1 5 1 2 4 8 16
1082  735  263 0  83 1 5 1 2 4 8 16
1083  399  424 0  65 1 5 1 2 4 8 16
1084  943  270 0  21 1 5 1 2 4 8 16
1085   33  309 0  63 1 5 1 2 4 8 16
1086  426  136 0   2 1 5 1 2 4 8 16
1087  925  800 0  76 1 5 1 2 4 8 16
1088  372  872 0  12 1 5 1 2 4 8 16
1089  680  427 0  78 1 5 1 2 4 8 16
1090  384  800 0  66 1 5 1 2 4 8 16
1091  743  621 0  56 1 5 1 2 4 8 16
1092  391  378 0   2 1 5 1 2 4 8 16
1093  824   98 0  54 1 5 1 2 4 8 16
1094  100  120 0  86 1 5 1 2 4 8 16
1095   89  220 0  26 1 5 1 2 4 8 16
1096  466  783 0  14 1 5 1 2 4 8 16
1097  122   73 0  18 1 5 1 2 4 8 16
1098  901  795 0  80 1 5 1 2 4 8 16
1099  440  965 0  62 1 5 1 2 4 8 16
1100  139  598 0  20 1 5 1 2 4 8 16
1101  889  948 0   8 1 5 1 2 4 8 16
1102    9  371 0  20 1 5 1 2 4 8 16
1103  835  180 0  71 1 5 1 2 4 8 16
1104  343  678 0  81 1 5 1 2 4 8 16
1105  974  726 0  66 1 5 1 2 4 8 16
1106  255  935 0  10 1 5 1 2 4 8 16
1107  262  478 0  46 1 5 1 2 4 8 16
1108   11  351 0  95 1 5 1 2 4 8 16
1109  418  741 0  38 1 5 1 2 4 8 16
1110  356  788 0  14 1 5 1 2 4 8 16
1111  101  348 0  90 1 5 1 2 4 8 16
1112  318  798 0  41 1 5 1 2 4 8 16
1113  155  461 0  76 1 5 1 2 4 8 16
1114  507  287 0  22 1 5 1 2 4 8 16
1115  433  615 0 100 1 5 1 2 4 8 16
1116   35  430 0  18 1 5 1 2 4 8 16
1117  445  808 0  50 1 5 1 2 4 8 16
1118  833  174 0  14 1 5 1 2 4 8 16
1119   85  573 0  10 1 5 1 2 4 8 16
1120  855  715 0   4 1 5 1 2 4 8 16
1121  110  875 0  63 1 5 1 2 4 8 16
1122  561  210 0  56 1 5 1 2 4 8 16
1123  446  127 0  99 1 5 1 2 4 8 16
1124  943  778 0  28 1 5 1 2 4 8 16
1125  536  877 0  48 1 5 1 2 4 8 16
1126  618  510 0  62 1 5 1 2 4 8 16
1127  142  670 0  93 1 5 1 2 4 8 16
1128  737  992 0   2 1 5 1 2 4 8 16
1129  289  335 0   5 1 5 1 2 4 8 16
1130  338  886 0  74 1 5 1 2 4 8 16
1131  403  781 0  69 1 5 1 2 4 8 16
1132  887   60 0  53 1 5 1 2 4 8 16
1133  656  554 0  91 1 5 1 2 4 8 16
1134  546  693 0  59 1 5 1 2 4 8 16
1135  450  802 0   5 1 5 1 2 4 8 16
1136  997   69 0  55 1 5 1 2 4 8 16
1137  613  488 0   3 1 5 1 2 4 8 16
1138  671  855 0  88 1 5 1 2 4 8 16
1139  418  490 0  38 1 5 1 2 4 8 16
1140  867  309 0  74 1 5 1 2 4 8 16
1141   87   45 0  42 1 5 1 2 4 8 16
1142  155  194 0  21 1 5 1 2 4 8 16
1143  232  844 0  69 1 5 1 2 4 8 16
1144  214  853 0  63 1 5 1 2 4 8 16
1145  790  721 0  38 1 5 1 2 4 8 16
1146  374  446 0  56 1 5 1 2 4 8 16
1147  678   47 0   7 1 5 1 2 4 8 16
1148  443  403 0  76 1 5 1 2 4 8 16
1149  208  107 0  83 1 5 1 2 4 8 16
1150  153  515 0  73 1 5 1 2 4 8 16
1151   85  461 0  20 1 5 1 2 4 8 16
1152  589  508 0  83 1 5 1 2 4 8 16
1153  822  934 0  88 1 5 1 2 4 8 16
1154  655  302 0   8 1 5 1 2 4 8 16
1155  837  880 0  56 1 5 1 2 4 8 16
1156  771  847 0  92 1 5 1 2 4 8 16
1157  537  315 0  56 1 5 1 2 4 8 16
1158 1000  197 0  45 1 5 1 2 4 8 16
1159  671  421 0  99 1 5 1 2 4 8 16
1160  797  960 0  70 1 5 1 2 4 8 16
1161  462  709 0  22 1 5 1 2 4 8 16
1162  575  918 0  24 1 5 1 2 4 8 16
1163  833  985 0  34 1 5 1 2 4 8 16
1164   57  514 0   7 1 5 1 2 4 8 16
1165  253  325 0  12 1 5 1 2 4 8 16
1166  530  451 0  28 1 5 1 2 4 8 16
1167  676  572 0  59 1 5 1 2 4 8 16
1168  375  660 0   9 1 5 1 2 4 8 16
1169  461  337 0  69 1 5 1 2 4 8 16
1170  501  481 0  59 1 5 1 2 4 8 16
1171  603  175 0  16 1 5 1 2 4 8 16
1172  220  510 0  41 1 5 1 2 4 8 16
1173  444  150 0   1 1 5 1 2 4 8 16
1174  719  182 0  84 1 5 1 2 4 8 16
1175  555  326 0   2 1 5 1 2 4 8 16
1176  415   47 0  16 1 5 1 2 4 8 16
1177  980   25 0   4 1 5 1 2 4 8 16
1178  591   37 0  28 1 5 1 2 4 8 16
1179  944  287 0  43 1 5 1 2 4 8 16
1180   65  672 0  54 1 5 1 2 4 8 16
1181  420  452 0  13 1 5 1 2 4 8 16
1182   36  649 0  71 1 5 1 2 4 8 16
1183  531  985 0  18 1 5 1 2 4 8 16
1184  110  551 0  95 1 5 1 2 4 8 16
1185  163  294 0  67 1 5 1 2 4 8 16
1186   55  817 0  17 1 5 1 2 4 8 16
1187  636  553 0  58 1 5 1 2 4 8 16
1188  827  984 0  74 1 5 1 2 4 8 16
1189  731  743 0  72 1 5 1 2 4 8 16
1190  839  792 0   9 1 5 1 2 4 8 16
1191  310  426 0  24 1 5 1 2 4 8 16
1192  834  776 0  23 1 5 1 2 4 8 16
1193  270  232 0  76 1 5 1 2 4 8 16
1194  756  676 0  79 1 5 1 2 4 8 16
1195  873  575 0  99 1 5 1 2 4 8 16
1196  950  942 0  78 1 5 1 2 4 8 16
1197  345  153 0  40 1 5 1 2 4 8 16
1198  526  903 0  85 1 5 1 2 4 8 16
1199  996  148 0  89 1 5 1 2 4 8 16
1200  864  615 0  72 1 5 1 2 4 8 16
1201  360  598 0   7 1 5 1 2 4 8 16
1202  628  479 0  37 1 5 1 2 4 8 16
1203   62  841 0  13 1 5 1 2 4 8 16
1204   79  530 0  16 1 5 1 2 4 8 16
1205  498  658 0  32 1 5 1 2 4 8 16
1206  385  962 0  37 1 5 1 2 4 8 16
1207  571   45 0  50 1 5 1 2 4 8 16
1208  347  177 0  98 1 5 1 2 4 8 16
1209  333  932 0  15 1 5 1 2 4 8 16
1210  369  681 0  12 1 5 1 2 4 8 16
1211  612  129 0  27 1 5 1 2 4 8 16
1212  414  444 0  12 1 5 1 2 4 8 16
1213  614  827 0  61 1 5 1 2 4 8 16
1214  131  750 0  53 1 5 1 2 4 8 16
1215  858  399 0  50 1 5 1 2 4 8 16
1216  667  519 0  83 1 5 1 2 4 8 16
1217  143  133 0  39 1 5 1 2 4 8 16
1218  692  104 0  18 1 5 1 2 4 8 16
1219  313   10 0  12 1 5 1 2 4 8 16
1220  776  979 0  63 1 5 1 2 4 8 16
1221  297  654 0  73 1 5 1 2 4 8 16
1222  911  944 0   2 1 5 1 2 4 8 16
1223  948  131 0 100 1 5 1 2 4 8 16
1224  115  746 0   6 1 5 1 2 4 8 16
1225  584  816 0  75 1 5 1 2 4 8 16
1226  417  855 0  53 1 5 1 2 4 8 16
1227  880  156 0  25 1 5 1 2 4 8 16
1228   55  965 0  42 1 5 1 2 4 8 16
1229  301  221 0   6 1 5 1 2 4 8 16
1230  476  637 0  16 1 5 1 2 4 8 16
1231    9  603 0  21 1 5 1 2 4 8 16
1232  946  970 0  45 1 5 1 2 4 8 16
1233  282    9 0  46 1 5 1 2 4 8 16
1234  199  156 0  46 1 5 1 2 4 8 16
1235  944  348 0  31 1 5 1 2 4 8 16
1236  644  692 0  58 1 5 1 2 4 8 16
1237  109  762 0  27 1 5 1 2 4 8 16
1238  800    5 0  25 1 5 1 2 4 8 16
1239  759  685 0  58 1 5 1 2 4 8 16
1240  767  275 0   8 1 5 1 2 4 8 16
1241  858  309 0  31 1 5 1 2 4 8 16
1242  703  915 0   6 1 5 1 2 4 8 16
1243  996  949 0   2 1 5 1 2 4 8 16
1244  529  933 0  66 1 5 1 2 4 8 16
1245   55   81 0   3 1 5 1 2 4 8 16
1246  256  931 0  90 1 5 1 2 4 8 16
1247  926  948 0  30 1 5 1 2 4 8 16
1248  556  631 0  71 1 5 1 2 4 8 16
1249  711  131 0  41 1 5 1 2 4 8 16
1250   69  147 0  97 1 5 1 2 4 8 16
1251  405  893 0  17 1 5 1 2 4 8 16
1252  918  744 0  80 1 5 1 2 4 8 16
1253  331   41 0  75 1 5 1 2 4 8 16
1254  298   58 0  10 1 5 1 2 4 8 16
1255  817  886 0  74 1 5 1 2 4 8 16
1256  608  198 0  94 1 5 1 2 4 8 16
1257  358  994 0  39 1 5 1 2 4 8 16
1258  823  131 0  38 1 5 1 2 4 8 16
1259  286  324 0  70 1 5 1 2 4 8 16
1260  711  869 0  11 1 5 1 2 4 8 16
1261  653   39 0  37 1 5 1 2 4 8 16
1262   19  178 0  56 1 5 1 2 4 8 16
1263  903  497 0  80 1 5 1 2 4 8 16
1264  647  732 0  19 1 5 1 2 4 8 16
1265  173  880 0  70 1 5 1 2 4 8 16
1266   62  668 0  47 1 5 1 2 4 8 16
1267  922  747 0  77 1 5 1 2 4 8 16
1268  207  790 0  84 1 5 1 2 4 8 16
1269  603  471 0   1 1 5 1 2 4 8 16
1270  576  697 0  29 1 5 1 2 4 8 16
1271  917  953 0  91 1 5 1 2 4 8 16
1272  517  781 0 100 1 5 1 2 4 8 16
1273  628  945 0  45 1 5 1 2 4 8 16
1274  880  931 0  63 1 5 1 2 4 8 16
1275  667  943 0  90 1 5 1 2 4 8 16
1276  699  260 0   9 1 5 1 2 4 8 16
1277  490  381 0  62 1 5 1 2 4 8 16
1278   33  814 0  86 1 5 1 2 4 8 16
1279   97  819 0  24 1 5 1 2 4 8 16
1280  196  684 0  80 1 5 1 2 4 8 16
1281  668  140 0  19 1 5 1 2 4 8 16
1282  619  390 0  94 1 5 1 2 4 8 16
1283  590  287 0  82 1 5 1 2 4 8 16
1284  655  464 0  97 1 5 1 2 4 8 16
1285  630  664 0  48 1 5 1 2 4 8 16
1286  714  695 0  21 1 5 1 2 4 8 16
1287  677   83 0  25 1 5 1 2 4 8 16
1288  363  467 0  55 1 5 1 2 4 8 16
1289  984  107 0  96 1 5 1 2 4 8 16
1290  849  992 0  90 1 5 1 2 4 8 16
1291   11  594 0  65 1 5 1 2 4 8 16
1292  385    9 0  91 1 5 1 2 4 8 16
1293   40  126 0  69 1 5 1 2 4 8 16
1294  738  676 0  37 1 5 1 2 4 8 16
1295  857  913 0  24 1 5 1 2 4 8 16
1296  329   16 0  87 1 5 1 2 4 8 16
1297  607  182 0  59 1 5 1 2 4 8 16
1298  860  972 0  78 1 5 1 2 4 8 16
1299   90   18 0  39 1 5 1 2 4 8 16
1300  277  581 0  91 1 5 1 2 4 8 16
1301   45   71 0  63 1 5 1 2 4 8 16
1302  856   15 0  23 1 5 1 2 4 8 16
1303  953  401 0  91 1 5 1 2 4 8 16
1304  159  765 0  91 1 5 1 2 4 8 16
1305  762   24 0  85 1 5 1 2 4 8 16
1306  879  561 0   4 1 5 1 2 4 8 16
1307  403  272 0  57 1 5 1 2 4 8 16
1308  710  372 0  65 1 5 1 2 4 8 16
1309  255  344 0  24 1 5 1 2 4 8 16
1310  442  162 0  97 1 5 1 2 4 8 16
1311   94  236 0  17 1 5 1 2 4 8 16
1312  414  411 0  95 1 5 1 2 4 8 16
1313   44   32 0  97 1 5 1 2 4 8 16
1314  918  314 0  69 1 5 1 2 4 8 16
1315  918  284 0  10 1 5 1 2 4 8 16
1316  512  234 0  24 1 5 1 2 4 8 16
1317  399  572 0  34 1 5 1 2 4 8 16
1318  597  371 0  50 1 5 1 2 4 8 16
1319  824  779 0  64 1 5 1 2 4 8 16
1320  683  240 0  73 1 5 1 2 4 8 16
1321  193  230 0  95 1 5 1 2 4 8 16
1322  723  542 0  69 1 5 1 2 4 8 16
1323  390  764 0  86 1 5 1 2 4 8 16
1324  100  980 0  89 1 5 1 2 4 8 16
1325  773  230 0  66 1 5 1 2 4 8 16
1326  428  260 0  88 1 5 1 2 4 8 16
1327  226  922 0  50 1 5 1 2 4 8 16
1328  759  614 0  81 1 5 1 2 4 8 16
1329  235  645 0  97 1 5 1 2 4 8 16
1330  610  620 0  23 1 5 1 2 4 8 16
1331   92  248 0  89 1 5 1 2 4 8 16
1332  915  520 0  49 1 5 1 2 4 8 16
1333  494    9 0  14 1 5 1 2 4 8 16
1334  779  949 0  58 1 5 1 2 4 8 16
1335  604  280 0  55 1 5 1 2 4 8 16
1336  534  913 0  72 1 5 1 2 4 8 16
1337  242  855 0  74 1 5 1 2 4 8 16
1338   25  689 0  86 1 5 1 2 4 8 16
1339  606  876 0  29 1 5 1 2 4 8 16
1340  458  957 0  86 1 5 1 2 4 8 16
1341  327  304 0  42 1 5 1 2 4 8 16
1342  249  404 0  50 1 5 1 2 4 8 16
1343  207  745 0  58 1 5 1 2 4 8 16
1344  776  676 0  44 1 5 1 2 4 8 16
1345  827  324 0   1 1 5 1 2 4 8 16
1346  741  524 0   5 1 5 1 2 4 8 16
1347  728  488 0  30 1 5 1 2 4 8 16
1348  445   48 0  27 1 5 1 2 4 8 16
1349  186  466 0  40 1 5 1 2 4 8 16
1350  840   56 0  45 1 5 1 2 4 8 16
1351  524   74 0   9 1 5 1 2 4 8 16
1352   11  779 0  75 1 5 1 2 4 8 16
1353  446  414 0  31 1 5 1 2 4 8 16
1354  102  745 0  80 1 5 1 2 4 8 16
1355  481  361 0  39 1 5 1 2 4 8 16
1356  363  396 0  47 1 5 1 2 4 8 16
1357  106   19 0  15 1 5 1 2 4 8 16
1358  282  588 0  45 1 5 1 2 4 8 16
1359  385  762 0  53 1 5 1 2 4 8 16
1360  170  374 0  52 1 5 1 2 4 8 16
1361  127  432 0  88 1 5 1 2 4 8 16
1362  403  695 0  23 1 5 1 2 4 8 16
1363  207   36 0  27 1 5 1 2 4 8 16
1364  624  876 0  60 1 5 1 2 4 8 16
1365  723  364 0  55 1 5 1 2 4 8 16
1366  172  274 0  81 1 5 1 2 4 8 16
1367  252  465 0  14 1 5 1 2 4 8 16
1368  511  587 0  35 1 5 1 2 4 8 16
1369  966  764 0  14 1 5 1 2 4 8 16
1370  394  506 0  35 1 5 1 2 4 8 16
1371  287  315 0   4 1 5 1 2 4 8 16
1372  427  447 0  45 1 5 1 2 4 8 16
1373  753  679 0  78 1 5 1 2 4 8 16
1374  426  867 0  23 1 5 1 2 4 8 16
1375  710  813 0  10 1 5 1 2 4 8 16
1376  370  876 0  91 1 5 1 2 4 8 16
1377  892  373 0  78 1 5 1 2 4 8 16
1378  157  369 0  87 1 5 1 2 4 8 16
1379  353  925 0  73 1 5 1 2 4 8 16
1380  340  806 0  61 1 5 1 2 4 8 16
1381  331  495 0  98 1 5 1 2 4 8 16
1382  163  196 0  39 1 5 1 2 4 8 16
1383   84  317 0  51 1 5 1 2 4 8 16
1384  485  701 0  23 1 5 1 2 4 8 16
1385  906  277 0  86 1 5 1 2 4 8 16
1386  245  607 0  87 1 5 1 2 4 8 16
1387  240  357 0  99 1 5 1 2 4 8 16
1388  281  647 0  68 1 5 1 2 4 8 16
1389  259  386 0  94 1 5 1 2 4 8 16
1390  748  280 0  77 1 5 1 2 4 8 16
1391  123  160 0  67 1 5 1 2 4 8 16
1392  443  907 0  48 1 5 1 2 4 8 16
1393  305  244 0  50 1 5 1 2 4 8 16
1394  283  553 0   6 1 5 1 2 4 8 16
1395  639  273 0  95 1 5 1 2 4 8 16
1396  933  833 0  26 1 5 1 2 4 8 16
1397  112  860 0  81 1 5 1 2 4 8 16
1398  876  442 0  31 1 5 1 2 4 8 16
1399  388  589 0   2 1 5 1 2 4 8 16
1400  873  897 0  63 1 5 1 2 4 8 16
1401  529  726 0  63 1 5 1 2 4 8 16
1402  208  898 0  54 1 5 1 2 4 8 16
1403   58   57 0  96 1 5 1 2 4 8 16
1404  208  111 0  84 1 5 1 2 4 8 16
1405  488  131 0  34 1 5 1 2 4 8 16
1406  356  266 0  99 1 5 1 2 4 8 16
1407  587  673 0  15 1 5 1 2 4 8 16
1408  179  368 0  15 1 5 1 2 4 8 16
1409  498  842 0  88 1 5 1 2 4 8 16
1410   34   92 0   1 1 5 1 2 4 8 16
1411  657  615 0  55 1 5 1 2 4 8 16
1412  261  226 0  63 1 5 1 2 4 8 16
1413  144   46 0  28 1 5 1 2 4 8 16
1414  743  916 0  51 1 5 1 2 4 8 16
1415   45  230 0  98 1 5 1 2 4 8 16
1416  374  999 0  26 1 5 1 2 4 8 16
1417  508  577 0  24 1 5 1 2 4 8 16
1418  660  524 0  84 1 5 1 2 4 8 16
1419  519  435 0  94 1 5 1 2 4 8 16
1420   78  545 0  18 1 5 1 2 4 8 16
1421  430  910 0  82 1 5 1 2 4 8 16
1422   73  118 0   0 0 0
1423  313  351 0   0 0 0
1424  759  736 0   0 0 0
1425  180  812 0   0 0 0
1426  842  947 0   0 0 0
