2 182 1435 7
0 245
0 245
0 245
0 245
0 245
0 245
0 245
   1  448  412 0  41 1 7 1 2 4 8 16 32 64
   2  802  105 0  93 1 7 1 2 4 8 16 32 64
   3   21  826 0  38 1 7 1 2 4 8 16 32 64
   4  911    1 0  14 1 7 1 2 4 8 16 32 64
   5  380  729 0  40 1 7 1 2 4 8 16 32 64
   6   50  117 0  72 1 7 1 2 4 8 16 32 64
   7  464  602 0  12 1 7 1 2 4 8 16 32 64
   8  144  944 0  18 1 7 1 2 4 8 16 32 64
   9  297  263 0  66 1 7 1 2 4 8 16 32 64
  10  176  959 0  68 1 7 1 2 4 8 16 32 64
  11  495  354 0  65 1 7 1 2 4 8 16 32 64
  12  647  449 0  22 1 7 1 2 4 8 16 32 64
  13  424  185 0  96 1 7 1 2 4 8 16 32 64
  14  494   37 0  53 1 7 1 2 4 8 16 32 64
  15  775  963 0  55 1 7 1 2 4 8 16 32 64
  16  651  948 0   8 1 7 1 2 4 8 16 32 64
  17  439  382 0  33 1 7 1 2 4 8 16 32 64
  18  869  356 0  17 1 7 1 2 4 8 16 32 64
  19  395  716 0   1 1 7 1 2 4 8 16 32 64
  20  294  435 0  36 1 7 1 2 4 8 16 32 64
  21  657  254 0  35 1 7 1 2 4 8 16 32 64
  22  123  692 0  37 1 7 1 2 4 8 16 32 64
  23  100  223 0  92 1 7 1 2 4 8 16 32 64
  24  154  990 0  39 1 7 1 2 4 8 16 32 64
  25  809  897 0  40 1 7 1 2 4 8 16 32 64
  26  441   55 0  55 1 7 1 2 4 8 16 32 64
  27  173  155 0  95 1 7 1 2 4 8 16 32 64
  28  664  160 0  71 1 7 1 2 4 8 16 32 64
  29  976    1 0   5 1 7 1 2 4 8 16 32 64
  30  785  470 0  97 1 7 1 2 4 8 16 32 64
  31  686  254 0  80 1 7 1 2 4 8 16 32 64
  32   46  255 0  33 1 7 1 2 4 8 16 32 64
  33  365  624 0   1 1 7 1 2 4 8 16 32 64
  34  840  693 0  44 1 7 1 2 4 8 16 32 64
  35  319   67 0  42 1 7 1 2 4 8 16 32 64
  36  567  212 0  11 1 7 1 2 4 8 16 32 64
  37  480  614 0  41 1 7 1 2 4 8 16 32 64
  38  157  815 0  50 1 7 1 2 4 8 16 32 64
  39  686  397 0  28 1 7 1 2 4 8 16 32 64
  40  851   13 0  99 1 7 1 2 4 8 16 32 64
  41  832  147 0   1 1 7 1 2 4 8 16 32 64
  42  277  854 0  59 1 7 1 2 4 8 16 32 64
  43  160  243 0  30 1 7 1 2 4 8 16 32 64
  44  317  681 0  42 1 7 1 2 4 8 16 32 64
  45  427  146 0  93 1 7 1 2 4 8 16 32 64
  46   40  272 0  38 1 7 1 2 4 8 16 32 64
  47  387  440 0  72 1 7 1 2 4 8 16 32 64
  48  666  669 0  46 1 7 1 2 4 8 16 32 64
  49  559  135 0  89 1 7 1 2 4 8 16 32 64
  50  919  327 0  92 1 7 1 2 4 8 16 32 64
  51  479  459 0  67 1 7 1 2 4 8 16 32 64
  52  331  176 0  78 1 7 1 2 4 8 16 32 64
  53  788  693 0  92 1 7 1 2 4 8 16 32 64
  54  107  293 0  81 1 7 1 2 4 8 16 32 64
  55  554  886 0  74 1 7 1 2 4 8 16 32 64
  56  713  524 0  92 1 7 1 2 4 8 16 32 64
  57  747  479 0  14 1 7 1 2 4 8 16 32 64
  58  822  537 0  84 1 7 1 2 4 8 16 32 64
  59  932  669 0  22 1 7 1 2 4 8 16 32 64
  60    8   91 0  18 1 7 1 2 4 8 16 32 64
  61  306  834 0   2 1 7 1 2 4 8 16 32 64
  62  672  153 0  67 1 7 1 2 4 8 16 32 64
  63  835   35 0  11 1 7 1 2 4 8 16 32 64
  64  998  411 0 100 1 7 1 2 4 8 16 32 64
  65  286  952 0  33 1 7 1 2 4 8 16 32 64
  66  447   78 0  77 1 7 1 2 4 8 16 32 64
  67  281   41 0  34 1 7 1 2 4 8 16 32 64
  68  693  421 0  57 1 7 1 2 4 8 16 32 64
  69   45  978 0  86 1 7 1 2 4 8 16 32 64
  70  631   25 0  98 1 7 1 2 4 8 16 32 64
  71   31  865 0   7 1 7 1 2 4 8 16 32 64
  72  419  850 0  13 1 7 1 2 4 8 16 32 64
  73  679  432 0  56 1 7 1 2 4 8 16 32 64
  74  589  125 0  41 1 7 1 2 4 8 16 32 64
  75  577  406 0  83 1 7 1 2 4 8 16 32 64
  76  322  936 0  88 1 7 1 2 4 8 16 32 64
  77  772  617 0  26 1 7 1 2 4 8 16 32 64
  78  427  758 0  67 1 7 1 2 4 8 16 32 64
  79  246  538 0   9 1 7 1 2 4 8 16 32 64
  80  733  566 0  45 1 7 1 2 4 8 16 32 64
  81   18  229 0   8 1 7 1 2 4 8 16 32 64
  82  180  372 0  48 1 7 1 2 4 8 16 32 64
  83  409  148 0   2 1 7 1 2 4 8 16 32 64
  84  137  541 0  67 1 7 1 2 4 8 16 32 64
  85  439  771 0  22 1 7 1 2 4 8 16 32 64
  86  500  279 0  35 1 7 1 2 4 8 16 32 64
  87  864  881 0  38 1 7 1 2 4 8 16 32 64
  88  178  762 0  99 1 7 1 2 4 8 16 32 64
  89  848  807 0  55 1 7 1 2 4 8 16 32 64
  90  725  451 0  40 1 7 1 2 4 8 16 32 64
  91  610  469 0  93 1 7 1 2 4 8 16 32 64
  92  763  732 0  53 1 7 1 2 4 8 16 32 64
  93   88  801 0  38 1 7 1 2 4 8 16 32 64
  94  626  748 0  71 1 7 1 2 4 8 16 32 64
  95  237  933 0  23 1 7 1 2 4 8 16 32 64
  96  122  847 0  25 1 7 1 2 4 8 16 32 64
  97  344  445 0  81 1 7 1 2 4 8 16 32 64
  98  434  522 0  41 1 7 1 2 4 8 16 32 64
  99   78  479 0  24 1 7 1 2 4 8 16 32 64
 100  187  534 0  79 1 7 1 2 4 8 16 32 64
 101   98  661 0  39 1 7 1 2 4 8 16 32 64
 102  756  655 0  95 1 7 1 2 4 8 16 32 64
 103  591  897 0  92 1 7 1 2 4 8 16 32 64
 104  496  271 0  12 1 7 1 2 4 8 16 32 64
 105  966  707 0  14 1 7 1 2 4 8 16 32 64
 106  893  744 0  39 1 7 1 2 4 8 16 32 64
 107   89  368 0  44 1 7 1 2 4 8 16 32 64
 108  988  763 0  69 1 7 1 2 4 8 16 32 64
 109  430  682 0  50 1 7 1 2 4 8 16 32 64
 110  482  770 0  56 1 7 1 2 4 8 16 32 64
 111  517  557 0  69 1 7 1 2 4 8 16 32 64
 112  181  624 0  48 1 7 1 2 4 8 16 32 64
 113  857  698 0  90 1 7 1 2 4 8 16 32 64
 114   96  233 0  60 1 7 1 2 4 8 16 32 64
 115  146  423 0   6 1 7 1 2 4 8 16 32 64
 116  214  871 0  77 1 7 1 2 4 8 16 32 64
 117  442  600 0  26 1 7 1 2 4 8 16 32 64
 118  678  222 0  91 1 7 1 2 4 8 16 32 64
 119  260  156 0  58 1 7 1 2 4 8 16 32 64
 120  612  697 0  11 1 7 1 2 4 8 16 32 64
 121  570  230 0  80 1 7 1 2 4 8 16 32 64
 122  229  183 0  67 1 7 1 2 4 8 16 32 64
 123   24  273 0   6 1 7 1 2 4 8 16 32 64
 124  600  494 0  96 1 7 1 2 4 8 16 32 64
 125  617  718 0   7 1 7 1 2 4 8 16 32 64
 126  447  521 0  63 1 7 1 2 4 8 16 32 64
 127  884  895 0  70 1 7 1 2 4 8 16 32 64
 128  894  581 0  71 1 7 1 2 4 8 16 32 64
 129  374  414 0  29 1 7 1 2 4 8 16 32 64
 130  471  664 0   7 1 7 1 2 4 8 16 32 64
 131  876  540 0  31 1 7 1 2 4 8 16 32 64
 132  148  291 0  27 1 7 1 2 4 8 16 32 64
 133  458  285 0  25 1 7 1 2 4 8 16 32 64
 134  918  958 0  25 1 7 1 2 4 8 16 32 64
 135  455  932 0  35 1 7 1 2 4 8 16 32 64
 136  299  698 0  16 1 7 1 2 4 8 16 32 64
 137   46  123 0  33 1 7 1 2 4 8 16 32 64
 138  643  130 0  90 1 7 1 2 4 8 16 32 64
 139  433  258 0  42 1 7 1 2 4 8 16 32 64
 140  108  495 0  27 1 7 1 2 4 8 16 32 64
 141  571  519 0  97 1 7 1 2 4 8 16 32 64
 142  240  873 0   4 1 7 1 2 4 8 16 32 64
 143  631  297 0  11 1 7 1 2 4 8 16 32 64
 144  238  561 0  23 1 7 1 2 4 8 16 32 64
 145  855  772 0  24 1 7 1 2 4 8 16 32 64
 146   47  205 0  22 1 7 1 2 4 8 16 32 64
 147  124  740 0  10 1 7 1 2 4 8 16 32 64
 148  650  594 0  14 1 7 1 2 4 8 16 32 64
 149  383  758 0  34 1 7 1 2 4 8 16 32 64
 150  734  171 0  89 1 7 1 2 4 8 16 32 64
 151  693  536 0  18 1 7 1 2 4 8 16 32 64
 152  789  112 0  34 1 7 1 2 4 8 16 32 64
 153  721   37 0  38 1 7 1 2 4 8 16 32 64
 154   64  997 0  35 1 7 1 2 4 8 16 32 64
 155   41  203 0   8 1 7 1 2 4 8 16 32 64
 156  371  924 0  20 1 7 1 2 4 8 16 32 64
 157  887  278 0  80 1 7 1 2 4 8 16 32 64
 158  608    1 0  84 1 7 1 2 4 8 16 32 64
 159  482  138 0  32 1 7 1 2 4 8 16 32 64
 160   37  980 0  33 1 7 1 2 4 8 16 32 64
 161  947  334 0  67 1 7 1 2 4 8 16 32 64
 162  114  159 0  62 1 7 1 2 4 8 16 32 64
 163  577  233 0  65 1 7 1 2 4 8 16 32 64
 164  880  190 0  66 1 7 1 2 4 8 16 32 64
 165  134  424 0  26 1 7 1 2 4 8 16 32 64
 166  442  635 0  81 1 7 1 2 4 8 16 32 64
 167  552  601 0  48 1 7 1 2 4 8 16 32 64
 168   26  860 0  77 1 7 1 2 4 8 16 32 64
 169  864  753 0  48 1 7 1 2 4 8 16 32 64
 170  954  884 0  50 1 7 1 2 4 8 16 32 64
 171   62  657 0  91 1 7 1 2 4 8 16 32 64
 172   62  737 0  38 1 7 1 2 4 8 16 32 64
 173  328  982 0  35 1 7 1 2 4 8 16 32 64
 174   14  495 0  79 1 7 1 2 4 8 16 32 64
 175  457  621 0  30 1 7 1 2 4 8 16 32 64
 176  797   44 0  97 1 7 1 2 4 8 16 32 64
 177   90  790 0  12 1 7 1 2 4 8 16 32 64
 178  407  941 0  57 1 7 1 2 4 8 16 32 64
 179  968  536 0  39 1 7 1 2 4 8 16 32 64
 180  742  542 0  67 1 7 1 2 4 8 16 32 64
 181  230  116 0  85 1 7 1 2 4 8 16 32 64
 182  816  325 0  59 1 7 1 2 4 8 16 32 64
 183   67  469 0  38 1 7 1 2 4 8 16 32 64
 184  969  621 0  74 1 7 1 2 4 8 16 32 64
 185  813  168 0  12 1 7 1 2 4 8 16 32 64
 186  545  983 0   1 1 7 1 2 4 8 16 32 64
 187  267  248 0  21 1 7 1 2 4 8 16 32 64
 188  181  963 0  87 1 7 1 2 4 8 16 32 64
 189  898  536 0  66 1 7 1 2 4 8 16 32 64
 190  696  938 0  28 1 7 1 2 4 8 16 32 64
 191  530  720 0  52 1 7 1 2 4 8 16 32 64
 192  267  264 0  65 1 7 1 2 4 8 16 32 64
 193  986  389 0  83 1 7 1 2 4 8 16 32 64
 194  735  120 0  26 1 7 1 2 4 8 16 32 64
 195  247  294 0  83 1 7 1 2 4 8 16 32 64
 196  514  653 0  84 1 7 1 2 4 8 16 32 64
 197   63  961 0  36 1 7 1 2 4 8 16 32 64
 198  988  751 0   3 1 7 1 2 4 8 16 32 64
 199  261  587 0  81 1 7 1 2 4 8 16 32 64
 200  801  771 0  40 1 7 1 2 4 8 16 32 64
 201  780  830 0  47 1 7 1 2 4 8 16 32 64
 202  745  244 0  32 1 7 1 2 4 8 16 32 64
 203   47  339 0  92 1 7 1 2 4 8 16 32 64
 204  666  687 0   7 1 7 1 2 4 8 16 32 64
 205  781   15 0  89 1 7 1 2 4 8 16 32 64
 206  899  340 0  83 1 7 1 2 4 8 16 32 64
 207  479  734 0  83 1 7 1 2 4 8 16 32 64
 208  120  271 0  43 1 7 1 2 4 8 16 32 64
 209  358  980 0  84 1 7 1 2 4 8 16 32 64
 210  972  162 0  29 1 7 1 2 4 8 16 32 64
 211  890  656 0  13 1 7 1 2 4 8 16 32 64
 212  262  515 0  32 1 7 1 2 4 8 16 32 64
 213  260   70 0  58 1 7 1 2 4 8 16 32 64
 214  529 1000 0  64 1 7 1 2 4 8 16 32 64
 215  855  228 0  47 1 7 1 2 4 8 16 32 64
 216  432  188 0   5 1 7 1 2 4 8 16 32 64
 217  205  784 0  60 1 7 1 2 4 8 16 32 64
 218  839  678 0  36 1 7 1 2 4 8 16 32 64
 219   55  655 0  82 1 7 1 2 4 8 16 32 64
 220  632   43 0  73 1 7 1 2 4 8 16 32 64
 221  452  512 0   9 1 7 1 2 4 8 16 32 64
 222   93  306 0   7 1 7 1 2 4 8 16 32 64
 223  210  972 0  85 1 7 1 2 4 8 16 32 64
 224  186  257 0  26 1 7 1 2 4 8 16 32 64
 225  373  162 0  91 1 7 1 2 4 8 16 32 64
 226  293  350 0  42 1 7 1 2 4 8 16 32 64
 227  597  959 0  81 1 7 1 2 4 8 16 32 64
 228  963  874 0  21 1 7 1 2 4 8 16 32 64
 229  157  739 0  67 1 7 1 2 4 8 16 32 64
 230  535  425 0  93 1 7 1 2 4 8 16 32 64
 231  725  385 0  60 1 7 1 2 4 8 16 32 64
 232  526  609 0  10 1 7 1 2 4 8 16 32 64
 233  361   47 0  89 1 7 1 2 4 8 16 32 64
 234  710  687 0   7 1 7 1 2 4 8 16 32 64
 235  360  111 0  68 1 7 1 2 4 8 16 32 64
 236  854  692 0  65 1 7 1 2 4 8 16 32 64
 237  605   34 0  16 1 7 1 2 4 8 16 32 64
 238  243  256 0  41 1 7 1 2 4 8 16 32 64
 239  499   68 0  22 1 7 1 2 4 8 16 32 64
 240  478   76 0  85 1 7 1 2 4 8 16 32 64
 241  143  794 0  59 1 7 1 2 4 8 16 32 64
 242  673  642 0  61 1 7 1 2 4 8 16 32 64
 243  261  816 0  22 1 7 1 2 4 8 16 32 64
 244  290 1000 0  76 1 7 1 2 4 8 16 32 64
 245  412  312 0  67 1 7 1 2 4 8 16 32 64
 246  893  309 0  64 1 7 1 2 4 8 16 32 64
 247  310  852 0  70 1 7 1 2 4 8 16 32 64
 248  365  989 0  20 1 7 1 2 4 8 16 32 64
 249  737  283 0  54 1 7 1 2 4 8 16 32 64
 250   29  981 0  53 1 7 1 2 4 8 16 32 64
 251  147  510 0  98 1 7 1 2 4 8 16 32 64
 252  509  173 0  56 1 7 1 2 4 8 16 32 64
 253  625  198 0   1 1 7 1 2 4 8 16 32 64
 254  209   61 0  47 1 7 1 2 4 8 16 32 64
 255  645  459 0  15 1 7 1 2 4 8 16 32 64
 256  682  496 0  84 1 7 1 2 4 8 16 32 64
 257  966   36 0  66 1 7 1 2 4 8 16 32 64
 258  920  772 0  94 1 7 1 2 4 8 16 32 64
 259   64  215 0  19 1 7 1 2 4 8 16 32 64
 260  831  756 0  62 1 7 1 2 4 8 16 32 64
 261  760  858 0  43 1 7 1 2 4 8 16 32 64
 262  229  993 0  27 1 7 1 2 4 8 16 32 64
 263  153  995 0   9 1 7 1 2 4 8 16 32 64
 264  224  330 0  43 1 7 1 2 4 8 16 32 64
 265  818  306 0  98 1 7 1 2 4 8 16 32 64
 266  722   68 0  79 1 7 1 2 4 8 16 32 64
 267  318  164 0  52 1 7 1 2 4 8 16 32 64
 268  301  699 0  99 1 7 1 2 4 8 16 32 64
 269  400   24 0  47 1 7 1 2 4 8 16 32 64
 270  881  364 0  40 1 7 1 2 4 8 16 32 64
 271   26  883 0   8 1 7 1 2 4 8 16 32 64
 272  447  988 0   3 1 7 1 2 4 8 16 32 64
 273  403  428 0  24 1 7 1 2 4 8 16 32 64
 274   49  589 0  10 1 7 1 2 4 8 16 32 64
 275   76  357 0  45 1 7 1 2 4 8 16 32 64
 276  503  827 0  27 1 7 1 2 4 8 16 32 64
 277  360  188 0  13 1 7 1 2 4 8 16 32 64
 278  931  895 0  29 1 7 1 2 4 8 16 32 64
 279  892  445 0  71 1 7 1 2 4 8 16 32 64
 280  139  879 0  86 1 7 1 2 4 8 16 32 64
 281  589  480 0  12 1 7 1 2 4 8 16 32 64
 282  447   13 0   9 1 7 1 2 4 8 16 32 64
 283  926    8 0  90 1 7 1 2 4 8 16 32 64
 284  257  418 0  77 1 7 1 2 4 8 16 32 64
 285  682  102 0  81 1 7 1 2 4 8 16 32 64
 286   66   17 0  15 1 7 1 2 4 8 16 32 64
 287  396  474 0  87 1 7 1 2 4 8 16 32 64
 288  213  796 0  98 1 7 1 2 4 8 16 32 64
 289   73  132 0  48 1 7 1 2 4 8 16 32 64
 290  984   38 0  60 1 7 1 2 4 8 16 32 64
 291  493  698 0  83 1 7 1 2 4 8 16 32 64
 292  702  982 0  48 1 7 1 2 4 8 16 32 64
 293  840  914 0  55 1 7 1 2 4 8 16 32 64
 294   16  214 0  22 1 7 1 2 4 8 16 32 64
 295   84  767 0  41 1 7 1 2 4 8 16 32 64
 296  400  918 0  19 1 7 1 2 4 8 16 32 64
 297  502  498 0  94 1 7 1 2 4 8 16 32 64
 298  819  781 0  82 1 7 1 2 4 8 16 32 64
 299  122  932 0  74 1 7 1 2 4 8 16 32 64
 300  444  775 0  45 1 7 1 2 4 8 16 32 64
 301  872  916 0  62 1 7 1 2 4 8 16 32 64
 302  631  354 0  77 1 7 1 2 4 8 16 32 64
 303  371  589 0  92 1 7 1 2 4 8 16 32 64
 304  964  894 0  57 1 7 1 2 4 8 16 32 64
 305  379   30 0  26 1 7 1 2 4 8 16 32 64
 306  373  487 0  63 1 7 1 2 4 8 16 32 64
 307  370  739 0  87 1 7 1 2 4 8 16 32 64
 308  471   16 0  37 1 7 1 2 4 8 16 32 64
 309   85  800 0  66 1 7 1 2 4 8 16 32 64
 310  297   21 0  87 1 7 1 2 4 8 16 32 64
 311  865  898 0  61 1 7 1 2 4 8 16 32 64
 312  586  634 0   9 1 7 1 2 4 8 16 32 64
 313   47  413 0   5 1 7 1 2 4 8 16 32 64
 314   54  113 0  69 1 7 1 2 4 8 16 32 64
 315  817  643 0  70 1 7 1 2 4 8 16 32 64
 316  493  949 0  67 1 7 1 2 4 8 16 32 64
 317  485  970 0  44 1 7 1 2 4 8 16 32 64
 318  857  317 0  20 1 7 1 2 4 8 16 32 64
 319  222  543 0  11 1 7 1 2 4 8 16 32 64
 320  937  803 0  93 1 7 1 2 4 8 16 32 64
 321  901  606 0  72 1 7 1 2 4 8 16 32 64
 322  320  618 0  93 1 7 1 2 4 8 16 32 64
 323  737  499 0   7 1 7 1 2 4 8 16 32 64
 324  125  848 0  41 1 7 1 2 4 8 16 32 64
 325  220  913 0  50 1 7 1 2 4 8 16 32 64
 326  991  343 0  45 1 7 1 2 4 8 16 32 64
 327  490  271 0  28 1 7 1 2 4 8 16 32 64
 328  522  263 0  25 1 7 1 2 4 8 16 32 64
 329  836  478 0   8 1 7 1 2 4 8 16 32 64
 330  873  681 0  13 1 7 1 2 4 8 16 32 64
 331  671  392 0   3 1 7 1 2 4 8 16 32 64
 332  523  892 0  13 1 7 1 2 4 8 16 32 64
 333  420  762 0  39 1 7 1 2 4 8 16 32 64
 334  627  333 0  31 1 7 1 2 4 8 16 32 64
 335  271  319 0  82 1 7 1 2 4 8 16 32 64
 336  745  793 0  43 1 7 1 2 4 8 16 32 64
 337    8  859 0  40 1 7 1 2 4 8 16 32 64
 338  212  178 0  52 1 7 1 2 4 8 16 32 64
 339  204  368 0  93 1 7 1 2 4 8 16 32 64
 340   81  636 0  17 1 7 1 2 4 8 16 32 64
 341  968  385 0  62 1 7 1 2 4 8 16 32 64
 342  341  188 0   5 1 7 1 2 4 8 16 32 64
 343   31  793 0  48 1 7 1 2 4 8 16 32 64
 344  267  991 0  26 1 7 1 2 4 8 16 32 64
 345  992  557 0  56 1 7 1 2 4 8 16 32 64
 346  715  102 0  68 1 7 1 2 4 8 16 32 64
 347  160  782 0   1 1 7 1 2 4 8 16 32 64
 348  744  404 0  56 1 7 1 2 4 8 16 32 64
 349  493  837 0  38 1 7 1 2 4 8 16 32 64
 350  801  323 0   7 1 7 1 2 4 8 16 32 64
 351  586  795 0  92 1 7 1 2 4 8 16 32 64
 352  294   90 0  47 1 7 1 2 4 8 16 32 64
 353  967  170 0  88 1 7 1 2 4 8 16 32 64
 354  404  433 0  33 1 7 1 2 4 8 16 32 64
 355  745  961 0  92 1 7 1 2 4 8 16 32 64
 356  861  473 0  93 1 7 1 2 4 8 16 32 64
 357  554  407 0  54 1 7 1 2 4 8 16 32 64
 358  726  474 0  59 1 7 1 2 4 8 16 32 64
 359  811  728 0  35 1 7 1 2 4 8 16 32 64
 360  114  907 0  18 1 7 1 2 4 8 16 32 64
 361  895  143 0  26 1 7 1 2 4 8 16 32 64
 362  483  952 0  36 1 7 1 2 4 8 16 32 64
 363  252  645 0  56 1 7 1 2 4 8 16 32 64
 364   95   32 0  21 1 7 1 2 4 8 16 32 64
 365  100  596 0  57 1 7 1 2 4 8 16 32 64
 366  664  941 0  97 1 7 1 2 4 8 16 32 64
 367  659  164 0  74 1 7 1 2 4 8 16 32 64
 368  895  239 0   4 1 7 1 2 4 8 16 32 64
 369  367  535 0  68 1 7 1 2 4 8 16 32 64
 370  235  976 0  67 1 7 1 2 4 8 16 32 64
 371  657  398 0  39 1 7 1 2 4 8 16 32 64
 372  121  135 0  56 1 7 1 2 4 8 16 32 64
 373  283  528 0  52 1 7 1 2 4 8 16 32 64
 374  257  678 0  64 1 7 1 2 4 8 16 32 64
 375  476  554 0  51 1 7 1 2 4 8 16 32 64
 376  108  228 0  69 1 7 1 2 4 8 16 32 64
 377  644  621 0  29 1 7 1 2 4 8 16 32 64
 378  586  680 0  46 1 7 1 2 4 8 16 32 64
 379  229   15 0  15 1 7 1 2 4 8 16 32 64
 380  537  233 0  87 1 7 1 2 4 8 16 32 64
 381  989  859 0  54 1 7 1 2 4 8 16 32 64
 382  893  976 0  33 1 7 1 2 4 8 16 32 64
 383  330  187 0  10 1 7 1 2 4 8 16 32 64
 384  297  628 0  96 1 7 1 2 4 8 16 32 64
 385  955  499 0  29 1 7 1 2 4 8 16 32 64
 386  820  380 0  32 1 7 1 2 4 8 16 32 64
 387  175   91 0  92 1 7 1 2 4 8 16 32 64
 388  679  879 0  35 1 7 1 2 4 8 16 32 64
 389  695  977 0  98 1 7 1 2 4 8 16 32 64
 390  567  663 0  79 1 7 1 2 4 8 16 32 64
 391  988  153 0   8 1 7 1 2 4 8 16 32 64
 392  308  381 0  89 1 7 1 2 4 8 16 32 64
 393  528  792 0  24 1 7 1 2 4 8 16 32 64
 394  904  813 0  63 1 7 1 2 4 8 16 32 64
 395  204  441 0  79 1 7 1 2 4 8 16 32 64
 396  868  743 0  66 1 7 1 2 4 8 16 32 64
 397  919  619 0  76 1 7 1 2 4 8 16 32 64
 398  782  369 0  17 1 7 1 2 4 8 16 32 64
 399  941   70 0  87 1 7 1 2 4 8 16 32 64
 400  328  661 0   5 1 7 1 2 4 8 16 32 64
 401  893  887 0  77 1 7 1 2 4 8 16 32 64
 402  292  636 0  24 1 7 1 2 4 8 16 32 64
 403  478  956 0   1 1 7 1 2 4 8 16 32 64
 404  284  603 0  47 1 7 1 2 4 8 16 32 64
 405  496  209 0  16 1 7 1 2 4 8 16 32 64
 406  168  736 0  59 1 7 1 2 4 8 16 32 64
 407  213  460 0  52 1 7 1 2 4 8 16 32 64
 408  490  327 0  69 1 7 1 2 4 8 16 32 64
 409  213  101 0  55 1 7 1 2 4 8 16 32 64
 410  446  460 0  80 1 7 1 2 4 8 16 32 64
 411  729  316 0  17 1 7 1 2 4 8 16 32 64
 412  200  262 0  15 1 7 1 2 4 8 16 32 64
 413  505  453 0  36 1 7 1 2 4 8 16 32 64
 414  911  737 0  46 1 7 1 2 4 8 16 32 64
 415  509  362 0  27 1 7 1 2 4 8 16 32 64
 416  609  445 0  47 1 7 1 2 4 8 16 32 64
 417  451   24 0  61 1 7 1 2 4 8 16 32 64
 418  114  659 0  76 1 7 1 2 4 8 16 32 64
 419  142  941 0  99 1 7 1 2 4 8 16 32 64
 420  618  645 0  33 1 7 1 2 4 8 16 32 64
 421  919  885 0  76 1 7 1 2 4 8 16 32 64
 422  198  817 0  71 1 7 1 2 4 8 16 32 64
 423   84  659 0  17 1 7 1 2 4 8 16 32 64
 424  706  741 0  92 1 7 1 2 4 8 16 32 64
 425  289  497 0  59 1 7 1 2 4 8 16 32 64
 426  705  745 0  80 1 7 1 2 4 8 16 32 64
 427  400  110 0  27 1 7 1 2 4 8 16 32 64
 428  956  968 0  58 1 7 1 2 4 8 16 32 64
 429  823  645 0  96 1 7 1 2 4 8 16 32 64
 430  227  782 0   2 1 7 1 2 4 8 16 32 64
 431  530  977 0   4 1 7 1 2 4 8 16 32 64
 432  474  975 0  25 1 7 1 2 4 8 16 32 64
 433  158   29 0  18 1 7 1 2 4 8 16 32 64
 434  959  527 0  27 1 7 1 2 4 8 16 32 64
 435  299  200 0  62 1 7 1 2 4 8 16 32 64
 436  586  840 0  82 1 7 1 2 4 8 16 32 64
 437  335  216 0  88 1 7 1 2 4 8 16 32 64
 438  893  707 0  56 1 7 1 2 4 8 16 32 64
 439  825  227 0  14 1 7 1 2 4 8 16 32 64
 440  688  174 0  17 1 7 1 2 4 8 16 32 64
 441   91  570 0  53 1 7 1 2 4 8 16 32 64
 442  444  933 0  41 1 7 1 2 4 8 16 32 64
 443   98  186 0  11 1 7 1 2 4 8 16 32 64
 444  289  661 0  43 1 7 1 2 4 8 16 32 64
 445  113  765 0  90 1 7 1 2 4 8 16 32 64
 446  760  168 0  43 1 7 1 2 4 8 16 32 64
 447  681  214 0   9 1 7 1 2 4 8 16 32 64
 448  797  935 0  11 1 7 1 2 4 8 16 32 64
 449  462  552 0  32 1 7 1 2 4 8 16 32 64
 450  128  566 0  67 1 7 1 2 4 8 16 32 64
 451   62  579 0  76 1 7 1 2 4 8 16 32 64
 452  160  540 0  85 1 7 1 2 4 8 16 32 64
 453   61  487 0  96 1 7 1 2 4 8 16 32 64
 454  156  850 0  51 1 7 1 2 4 8 16 32 64
 455  179  814 0  23 1 7 1 2 4 8 16 32 64
 456  566  386 0   7 1 7 1 2 4 8 16 32 64
 457  300  887 0   2 1 7 1 2 4 8 16 32 64
 458  558  861 0  81 1 7 1 2 4 8 16 32 64
 459  959  736 0   1 1 7 1 2 4 8 16 32 64
 460  218  185 0  63 1 7 1 2 4 8 16 32 64
 461  501   16 0  28 1 7 1 2 4 8 16 32 64
 462  591  371 0  31 1 7 1 2 4 8 16 32 64
 463  657  311 0  30 1 7 1 2 4 8 16 32 64
 464  904  128 0  31 1 7 1 2 4 8 16 32 64
 465  403  575 0  85 1 7 1 2 4 8 16 32 64
 466  900  441 0  79 1 7 1 2 4 8 16 32 64
 467  835  757 0  24 1 7 1 2 4 8 16 32 64
 468  216  636 0  19 1 7 1 2 4 8 16 32 64
 469  835  262 0  83 1 7 1 2 4 8 16 32 64
 470  214  616 0 100 1 7 1 2 4 8 16 32 64
 471  326   58 0  22 1 7 1 2 4 8 16 32 64
 472  210  127 0  66 1 7 1 2 4 8 16 32 64
 473  166  774 0  81 1 7 1 2 4 8 16 32 64
 474  436  330 0  20 1 7 1 2 4 8 16 32 64
 475  409  390 0  65 1 7 1 2 4 8 16 32 64
 476    0  216 0  70 1 7 1 2 4 8 16 32 64
 477  271  548 0  62 1 7 1 2 4 8 16 32 64
 478  409  733 0  31 1 7 1 2 4 8 16 32 64
 479  954  168 0  16 1 7 1 2 4 8 16 32 64
 480  638  986 0  65 1 7 1 2 4 8 16 32 64
 481  840  635 0  74 1 7 1 2 4 8 16 32 64
 482  121  555 0  30 1 7 1 2 4 8 16 32 64
 483  965  199 0  83 1 7 1 2 4 8 16 32 64
 484  226   81 0  85 1 7 1 2 4 8 16 32 64
 485  558  716 0  94 1 7 1 2 4 8 16 32 64
 486  209  681 0   3 1 7 1 2 4 8 16 32 64
 487  851    1 0  46 1 7 1 2 4 8 16 32 64
 488  674  529 0  74 1 7 1 2 4 8 16 32 64
 489  608  691 0  82 1 7 1 2 4 8 16 32 64
 490  904  906 0  17 1 7 1 2 4 8 16 32 64
 491   82  387 0  43 1 7 1 2 4 8 16 32 64
 492  655  941 0  41 1 7 1 2 4 8 16 32 64
 493  918  917 0  19 1 7 1 2 4 8 16 32 64
 494   14  375 0  12 1 7 1 2 4 8 16 32 64
 495  913  299 0  14 1 7 1 2 4 8 16 32 64
 496  550  451 0  36 1 7 1 2 4 8 16 32 64
 497  814  479 0  97 1 7 1 2 4 8 16 32 64
 498  325  222 0  68 1 7 1 2 4 8 16 32 64
 499  193   77 0  45 1 7 1 2 4 8 16 32 64
 500  802  567 0  32 1 7 1 2 4 8 16 32 64
 501  927  781 0  85 1 7 1 2 4 8 16 32 64
 502   99    5 0  83 1 7 1 2 4 8 16 32 64
 503  486  160 0  65 1 7 1 2 4 8 16 32 64
 504  487  757 0  19 1 7 1 2 4 8 16 32 64
 505  122  473 0  31 1 7 1 2 4 8 16 32 64
 506  279  550 0  12 1 7 1 2 4 8 16 32 64
 507   20  299 0   9 1 7 1 2 4 8 16 32 64
 508  997  227 0   1 1 7 1 2 4 8 16 32 64
 509  991  597 0   3 1 7 1 2 4 8 16 32 64
 510    3  281 0   4 1 7 1 2 4 8 16 32 64
 511  864  518 0  38 1 7 1 2 4 8 16 32 64
 512  759  705 0  34 1 7 1 2 4 8 16 32 64
 513  404   25 0  45 1 7 1 2 4 8 16 32 64
 514  892  862 0  54 1 7 1 2 4 8 16 32 64
 515  993  403 0  21 1 7 1 2 4 8 16 32 64
 516  913  730 0  31 1 7 1 2 4 8 16 32 64
 517  261   50 0  89 1 7 1 2 4 8 16 32 64
 518  504  436 0  10 1 7 1 2 4 8 16 32 64
 519  866  135 0  50 1 7 1 2 4 8 16 32 64
 520   59  367 0  48 1 7 1 2 4 8 16 32 64
 521  956  979 0  96 1 7 1 2 4 8 16 32 64
 522  271  321 0  33 1 7 1 2 4 8 16 32 64
 523  980  596 0  43 1 7 1 2 4 8 16 32 64
 524  625  880 0   9 1 7 1 2 4 8 16 32 64
 525  602  688 0  49 1 7 1 2 4 8 16 32 64
 526  966  238 0  52 1 7 1 2 4 8 16 32 64
 527  443  687 0  91 1 7 1 2 4 8 16 32 64
 528  412  551 0  50 1 7 1 2 4 8 16 32 64
 529  613  153 0  40 1 7 1 2 4 8 16 32 64
 530   39  225 0  95 1 7 1 2 4 8 16 32 64
 531  954  221 0  22 1 7 1 2 4 8 16 32 64
 532  209  601 0  21 1 7 1 2 4 8 16 32 64
 533 1000  953 0  25 1 7 1 2 4 8 16 32 64
 534  210  902 0  31 1 7 1 2 4 8 16 32 64
 535  767   16 0  66 1 7 1 2 4 8 16 32 64
 536  711  530 0  73 1 7 1 2 4 8 16 32 64
 537  244  770 0  77 1 7 1 2 4 8 16 32 64
 538  434  688 0  99 1 7 1 2 4 8 16 32 64
 539  272   57 0  21 1 7 1 2 4 8 16 32 64
 540  696  781 0  81 1 7 1 2 4 8 16 32 64
 541  782  456 0  68 1 7 1 2 4 8 16 32 64
 542  204  357 0  63 1 7 1 2 4 8 16 32 64
 543  691  531 0  32 1 7 1 2 4 8 16 32 64
 544  765  536 0  36 1 7 1 2 4 8 16 32 64
 545  712  217 0  80 1 7 1 2 4 8 16 32 64
 546  611  580 0  64 1 7 1 2 4 8 16 32 64
 547  648  527 0  19 1 7 1 2 4 8 16 32 64
 548  413  402 0  79 1 7 1 2 4 8 16 32 64
 549  444  635 0  24 1 7 1 2 4 8 16 32 64
 550  262  950 0  38 1 7 1 2 4 8 16 32 64
 551  639  921 0   2 1 7 1 2 4 8 16 32 64
 552  997  646 0  91 1 7 1 2 4 8 16 32 64
 553  386  928 0  13 1 7 1 2 4 8 16 32 64
 554  109  473 0  25 1 7 1 2 4 8 16 32 64
 555   70  285 0   7 1 7 1 2 4 8 16 32 64
 556  434  936 0  11 1 7 1 2 4 8 16 32 64
 557  468  258 0  19 1 7 1 2 4 8 16 32 64
 558  140   39 0  41 1 7 1 2 4 8 16 32 64
 559  821  211 0  34 1 7 1 2 4 8 16 32 64
 560  563  131 0  21 1 7 1 2 4 8 16 32 64
 561  204  222 0  74 1 7 1 2 4 8 16 32 64
 562  400  850 0  27 1 7 1 2 4 8 16 32 64
 563   10   21 0  42 1 7 1 2 4 8 16 32 64
 564  709  513 0  62 1 7 1 2 4 8 16 32 64
 565  259  794 0  45 1 7 1 2 4 8 16 32 64
 566  382  938 0  69 1 7 1 2 4 8 16 32 64
 567  721  651 0  11 1 7 1 2 4 8 16 32 64
 568  597   86 0  23 1 7 1 2 4 8 16 32 64
 569  446  545 0  53 1 7 1 2 4 8 16 32 64
 570  594  785 0  23 1 7 1 2 4 8 16 32 64
 571  911  548 0  48 1 7 1 2 4 8 16 32 64
 572  314  536 0  37 1 7 1 2 4 8 16 32 64
 573  607   10 0  53 1 7 1 2 4 8 16 32 64
 574   43  500 0  36 1 7 1 2 4 8 16 32 64
 575  935  594 0  82 1 7 1 2 4 8 16 32 64
 576  860  454 0  84 1 7 1 2 4 8 16 32 64
 577  362  560 0  49 1 7 1 2 4 8 16 32 64
 578  237  753 0  81 1 7 1 2 4 8 16 32 64
 579  524  473 0  11 1 7 1 2 4 8 16 32 64
 580  357  992 0  17 1 7 1 2 4 8 16 32 64
 581  162  932 0  39 1 7 1 2 4 8 16 32 64
 582  745  728 0  27 1 7 1 2 4 8 16 32 64
 583  505  607 0  31 1 7 1 2 4 8 16 32 64
 584   33  900 0  41 1 7 1 2 4 8 16 32 64
 585  756  367 0  87 1 7 1 2 4 8 16 32 64
 586  262  152 0  35 1 7 1 2 4 8 16 32 64
 587  336  681 0  13 1 7 1 2 4 8 16 32 64
 588  463  176 0  11 1 7 1 2 4 8 16 32 64
 589  856  568 0  86 1 7 1 2 4 8 16 32 64
 590  501  264 0  12 1 7 1 2 4 8 16 32 64
 591  141  726 0  87 1 7 1 2 4 8 16 32 64
 592  396  570 0  95 1 7 1 2 4 8 16 32 64
 593  314  938 0  86 1 7 1 2 4 8 16 32 64
 594  812  419 0  16 1 7 1 2 4 8 16 32 64
 595  495  811 0  24 1 7 1 2 4 8 16 32 64
 596  778  137 0  12 1 7 1 2 4 8 16 32 64
 597  705  109 0  17 1 7 1 2 4 8 16 32 64
 598  558  687 0  33 1 7 1 2 4 8 16 32 64
 599  986  923 0  29 1 7 1 2 4 8 16 32 64
 600  281  548 0  54 1 7 1 2 4 8 16 32 64
 601  526   85 0  67 1 7 1 2 4 8 16 32 64
 602   70  705 0  62 1 7 1 2 4 8 16 32 64
 603  558  525 0  48 1 7 1 2 4 8 16 32 64
 604  633  765 0  73 1 7 1 2 4 8 16 32 64
 605   79  313 0  32 1 7 1 2 4 8 16 32 64
 606  706  882 0  68 1 7 1 2 4 8 16 32 64
 607   85  501 0  86 1 7 1 2 4 8 16 32 64
 608  757  457 0  49 1 7 1 2 4 8 16 32 64
 609  217  559 0  77 1 7 1 2 4 8 16 32 64
 610  314  220 0  17 1 7 1 2 4 8 16 32 64
 611  610  235 0  96 1 7 1 2 4 8 16 32 64
 612  332  104 0  45 1 7 1 2 4 8 16 32 64
 613  951   85 0  18 1 7 1 2 4 8 16 32 64
 614  922  343 0  13 1 7 1 2 4 8 16 32 64
 615  826  762 0  82 1 7 1 2 4 8 16 32 64
 616  247  568 0  89 1 7 1 2 4 8 16 32 64
 617  598  958 0  41 1 7 1 2 4 8 16 32 64
 618  426  997 0  14 1 7 1 2 4 8 16 32 64
 619  894   36 0  96 1 7 1 2 4 8 16 32 64
 620  704  867 0  34 1 7 1 2 4 8 16 32 64
 621  594  846 0  93 1 7 1 2 4 8 16 32 64
 622  313  333 0   5 1 7 1 2 4 8 16 32 64
 623  342  372 0  21 1 7 1 2 4 8 16 32 64
 624  313  300 0  48 1 7 1 2 4 8 16 32 64
 625   88  209 0  59 1 7 1 2 4 8 16 32 64
 626   55  821 0  74 1 7 1 2 4 8 16 32 64
 627  721  250 0   2 1 7 1 2 4 8 16 32 64
 628  728  292 0  99 1 7 1 2 4 8 16 32 64
 629   37  692 0  42 1 7 1 2 4 8 16 32 64
 630  301  619 0   5 1 7 1 2 4 8 16 32 64
 631  742  821 0  20 1 7 1 2 4 8 16 32 64
 632  398  563 0  92 1 7 1 2 4 8 16 32 64
 633  720  963 0   3 1 7 1 2 4 8 16 32 64
 634   42  988 0  76 1 7 1 2 4 8 16 32 64
 635  410  479 0  63 1 7 1 2 4 8 16 32 64
 636  137  384 0  43 1 7 1 2 4 8 16 32 64
 637  983  662 0  96 1 7 1 2 4 8 16 32 64
 638  876  309 0  93 1 7 1 2 4 8 16 32 64
 639   73  543 0  49 1 7 1 2 4 8 16 32 64
 640  468  957 0  76 1 7 1 2 4 8 16 32 64
 641  295  227 0  82 1 7 1 2 4 8 16 32 64
 642  692  151 0  51 1 7 1 2 4 8 16 32 64
 643  439  681 0  33 1 7 1 2 4 8 16 32 64
 644   91  121 0  27 1 7 1 2 4 8 16 32 64
 645  102  266 0  69 1 7 1 2 4 8 16 32 64
 646  483    4 0  69 1 7 1 2 4 8 16 32 64
 647  127  550 0  69 1 7 1 2 4 8 16 32 64
 648  750  342 0  77 1 7 1 2 4 8 16 32 64
 649  348  511 0  85 1 7 1 2 4 8 16 32 64
 650  941  652 0  71 1 7 1 2 4 8 16 32 64
 651  460  612 0  55 1 7 1 2 4 8 16 32 64
 652    1  799 0  97 1 7 1 2 4 8 16 32 64
 653  374  126 0  91 1 7 1 2 4 8 16 32 64
 654  426  988 0  17 1 7 1 2 4 8 16 32 64
 655  148  339 0  48 1 7 1 2 4 8 16 32 64
 656  252  684 0  44 1 7 1 2 4 8 16 32 64
 657  149  327 0  16 1 7 1 2 4 8 16 32 64
 658  433  554 0  81 1 7 1 2 4 8 16 32 64
 659  344  465 0  47 1 7 1 2 4 8 16 32 64
 660  735  134 0  52 1 7 1 2 4 8 16 32 64
 661  321  894 0  82 1 7 1 2 4 8 16 32 64
 662   18  313 0  93 1 7 1 2 4 8 16 32 64
 663  126   80 0   7 1 7 1 2 4 8 16 32 64
 664  335  314 0  95 1 7 1 2 4 8 16 32 64
 665  912  947 0  11 1 7 1 2 4 8 16 32 64
 666  613  751 0  82 1 7 1 2 4 8 16 32 64
 667  980  251 0  43 1 7 1 2 4 8 16 32 64
 668   67  390 0  48 1 7 1 2 4 8 16 32 64
 669  591  415 0  95 1 7 1 2 4 8 16 32 64
 670  432  233 0  12 1 7 1 2 4 8 16 32 64
 671  141  249 0  27 1 7 1 2 4 8 16 32 64
 672  485  603 0   7 1 7 1 2 4 8 16 32 64
 673  105  111 0  23 1 7 1 2 4 8 16 32 64
 674  321  731 0  28 1 7 1 2 4 8 16 32 64
 675   97   73 0  94 1 7 1 2 4 8 16 32 64
 676  799  322 0  64 1 7 1 2 4 8 16 32 64
 677  293   25 0  72 1 7 1 2 4 8 16 32 64
 678  650  153 0  33 1 7 1 2 4 8 16 32 64
 679  685  472 0  30 1 7 1 2 4 8 16 32 64
 680  667  855 0  18 1 7 1 2 4 8 16 32 64
 681  485  171 0  65 1 7 1 2 4 8 16 32 64
 682  935  701 0  78 1 7 1 2 4 8 16 32 64
 683  110  264 0  65 1 7 1 2 4 8 16 32 64
 684  870  998 0  15 1 7 1 2 4 8 16 32 64
 685  364  958 0  35 1 7 1 2 4 8 16 32 64
 686  349  241 0  16 1 7 1 2 4 8 16 32 64
 687  507  801 0  95 1 7 1 2 4 8 16 32 64
 688  722  877 0   4 1 7 1 2 4 8 16 32 64
 689   63  950 0  77 1 7 1 2 4 8 16 32 64
 690  342  863 0  31 1 7 1 2 4 8 16 32 64
 691  652  962 0  15 1 7 1 2 4 8 16 32 64
 692  993  224 0  74 1 7 1 2 4 8 16 32 64
 693  452  658 0  77 1 7 1 2 4 8 16 32 64
 694  895  111 0  33 1 7 1 2 4 8 16 32 64
 695  765  117 0  58 1 7 1 2 4 8 16 32 64
 696  143  844 0  19 1 7 1 2 4 8 16 32 64
 697  532  797 0   2 1 7 1 2 4 8 16 32 64
 698  293  827 0  57 1 7 1 2 4 8 16 32 64
 699  768  284 0  41 1 7 1 2 4 8 16 32 64
 700  364  990 0  64 1 7 1 2 4 8 16 32 64
 701  937  829 0  72 1 7 1 2 4 8 16 32 64
 702  300  902 0  39 1 7 1 2 4 8 16 32 64
 703  766  307 0  63 1 7 1 2 4 8 16 32 64
 704  836  585 0   3 1 7 1 2 4 8 16 32 64
 705  871   48 0  96 1 7 1 2 4 8 16 32 64
 706  546  546 0  27 1 7 1 2 4 8 16 32 64
 707  121  538 0  94 1 7 1 2 4 8 16 32 64
 708  637  673 0 100 1 7 1 2 4 8 16 32 64
 709  420  557 0  45 1 7 1 2 4 8 16 32 64
 710  199   26 0  10 1 7 1 2 4 8 16 32 64
 711  754  353 0  94 1 7 1 2 4 8 16 32 64
 712  512  755 0   7 1 7 1 2 4 8 16 32 64
 713  257  206 0  17 1 7 1 2 4 8 16 32 64
 714  262  119 0  25 1 7 1 2 4 8 16 32 64
 715  748  185 0  10 1 7 1 2 4 8 16 32 64
 716  426  940 0  53 1 7 1 2 4 8 16 32 64
 717  263  740 0  13 1 7 1 2 4 8 16 32 64
 718  827  612 0  25 1 7 1 2 4 8 16 32 64
 719  367  371 0  15 1 7 1 2 4 8 16 32 64
 720  313  984 0  36 1 7 1 2 4 8 16 32 64
 721  321  392 0  41 1 7 1 2 4 8 16 32 64
 722  397  697 0   5 1 7 1 2 4 8 16 32 64
 723  342  201 0  33 1 7 1 2 4 8 16 32 64
 724  244  404 0  80 1 7 1 2 4 8 16 32 64
 725   50  528 0   1 1 7 1 2 4 8 16 32 64
 726  221  950 0  84 1 7 1 2 4 8 16 32 64
 727  743  550 0  59 1 7 1 2 4 8 16 32 64
 728  435  549 0  18 1 7 1 2 4 8 16 32 64
 729  131  482 0 100 1 7 1 2 4 8 16 32 64
 730  436  142 0  82 1 7 1 2 4 8 16 32 64
 731   77  539 0  67 1 7 1 2 4 8 16 32 64
 732  600  684 0  26 1 7 1 2 4 8 16 32 64
 733  640  359 0  13 1 7 1 2 4 8 16 32 64
 734  935  648 0  96 1 7 1 2 4 8 16 32 64
 735  481  337 0  65 1 7 1 2 4 8 16 32 64
 736    6  303 0  35 1 7 1 2 4 8 16 32 64
 737  548  274 0  82 1 7 1 2 4 8 16 32 64
 738    6  564 0  93 1 7 1 2 4 8 16 32 64
 739  591  245 0  84 1 7 1 2 4 8 16 32 64
 740  289  428 0  62 1 7 1 2 4 8 16 32 64
 741  843  496 0  94 1 7 1 2 4 8 16 32 64
 742  661  652 0  26 1 7 1 2 4 8 16 32 64
 743  526  590 0  61 1 7 1 2 4 8 16 32 64
 744  395   73 0  83 1 7 1 2 4 8 16 32 64
 745  320  166 0  71 1 7 1 2 4 8 16 32 64
 746  713  741 0  54 1 7 1 2 4 8 16 32 64
 747  853  280 0  23 1 7 1 2 4 8 16 32 64
 748  383  568 0  95 1 7 1 2 4 8 16 32 64
 749  582  488 0  43 1 7 1 2 4 8 16 32 64
 750  561   30 0  97 1 7 1 2 4 8 16 32 64
 751  500  712 0  24 1 7 1 2 4 8 16 32 64
 752  436  410 0  71 1 7 1 2 4 8 16 32 64
 753  580  709 0  40 1 7 1 2 4 8 16 32 64
 754  889  343 0  76 1 7 1 2 4 8 16 32 64
 755  602  502 0  89 1 7 1 2 4 8 16 32 64
 756  101   57 0  58 1 7 1 2 4 8 16 32 64
 757  751  721 0  60 1 7 1 2 4 8 16 32 64
 758  467  829 0  56 1 7 1 2 4 8 16 32 64
 759   17  358 0  19 1 7 1 2 4 8 16 32 64
 760  379  219 0  39 1 7 1 2 4 8 16 32 64
 761  605  763 0  26 1 7 1 2 4 8 16 32 64
 762  140   89 0  47 1 7 1 2 4 8 16 32 64
 763  849  898 0   9 1 7 1 2 4 8 16 32 64
 764  404  634 0   5 1 7 1 2 4 8 16 32 64
 765   89  873 0  51 1 7 1 2 4 8 16 32 64
 766  390  569 0   6 1 7 1 2 4 8 16 32 64
 767  193  151 0  32 1 7 1 2 4 8 16 32 64
 768   34  521 0  73 1 7 1 2 4 8 16 32 64
 769  342  254 0  10 1 7 1 2 4 8 16 32 64
 770  151  314 0  67 1 7 1 2 4 8 16 32 64
 771  792   72 0  26 1 7 1 2 4 8 16 32 64
 772  720  320 0  28 1 7 1 2 4 8 16 32 64
 773  910  119 0  55 1 7 1 2 4 8 16 32 64
 774  411  429 0   1 1 7 1 2 4 8 16 32 64
 775  743  203 0  62 1 7 1 2 4 8 16 32 64
 776  508  713 0  26 1 7 1 2 4 8 16 32 64
 777  805  625 0   8 1 7 1 2 4 8 16 32 64
 778  435  685 0  60 1 7 1 2 4 8 16 32 64
 779  246  459 0  40 1 7 1 2 4 8 16 32 64
 780  139  570 0  30 1 7 1 2 4 8 16 32 64
 781  430  995 0  27 1 7 1 2 4 8 16 32 64
 782  874 1000 0  90 1 7 1 2 4 8 16 32 64
 783  814  535 0  65 1 7 1 2 4 8 16 32 64
 784  981  357 0  79 1 7 1 2 4 8 16 32 64
 785  791  120 0  26 1 7 1 2 4 8 16 32 64
 786  883  873 0  52 1 7 1 2 4 8 16 32 64
 787  707  214 0  80 1 7 1 2 4 8 16 32 64
 788  296  110 0  31 1 7 1 2 4 8 16 32 64
 789  135  653 0  96 1 7 1 2 4 8 16 32 64
 790  538  337 0  57 1 7 1 2 4 8 16 32 64
 791 1000  659 0  24 1 7 1 2 4 8 16 32 64
 792  507  155 0  77 1 7 1 2 4 8 16 32 64
 793   95    6 0  23 1 7 1 2 4 8 16 32 64
 794  135   80 0  60 1 7 1 2 4 8 16 32 64
 795  674  415 0  22 1 7 1 2 4 8 16 32 64
 796  139  119 0  60 1 7 1 2 4 8 16 32 64
 797   98  826 0  34 1 7 1 2 4 8 16 32 64
 798  551  659 0  60 1 7 1 2 4 8 16 32 64
 799  459  535 0  85 1 7 1 2 4 8 16 32 64
 800  388  502 0  40 1 7 1 2 4 8 16 32 64
 801  878   73 0  88 1 7 1 2 4 8 16 32 64
 802  637  287 0  91 1 7 1 2 4 8 16 32 64
 803  555  273 0  19 1 7 1 2 4 8 16 32 64
 804  905  133 0  29 1 7 1 2 4 8 16 32 64
 805  813  642 0  65 1 7 1 2 4 8 16 32 64
 806   49  406 0  45 1 7 1 2 4 8 16 32 64
 807  352  128 0  89 1 7 1 2 4 8 16 32 64
 808  977  253 0  25 1 7 1 2 4 8 16 32 64
 809  214  834 0  41 1 7 1 2 4 8 16 32 64
 810   49  555 0  70 1 7 1 2 4 8 16 32 64
 811  896  115 0  64 1 7 1 2 4 8 16 32 64
 812  350  413 0  26 1 7 1 2 4 8 16 32 64
 813  496  591 0  84 1 7 1 2 4 8 16 32 64
 814  164   47 0  54 1 7 1 2 4 8 16 32 64
 815  111  931 0  57 1 7 1 2 4 8 16 32 64
 816  699   62 0   8 1 7 1 2 4 8 16 32 64
 817  187  197 0  49 1 7 1 2 4 8 16 32 64
 818  734  774 0  42 1 7 1 2 4 8 16 32 64
 819  468  247 0  15 1 7 1 2 4 8 16 32 64
 820  837  918 0  11 1 7 1 2 4 8 16 32 64
 821  947  750 0  62 1 7 1 2 4 8 16 32 64
 822  889   33 0  64 1 7 1 2 4 8 16 32 64
 823  751   90 0  31 1 7 1 2 4 8 16 32 64
 824  812  134 0  29 1 7 1 2 4 8 16 32 64
 825   46  297 0  88 1 7 1 2 4 8 16 32 64
 826  142  466 0   1 1 7 1 2 4 8 16 32 64
 827  413  711 0  65 1 7 1 2 4 8 16 32 64
 828  250  767 0   9 1 7 1 2 4 8 16 32 64
 829  685  314 0  74 1 7 1 2 4 8 16 32 64
 830  882  408 0  63 1 7 1 2 4 8 16 32 64
 831   63  475 0  87 1 7 1 2 4 8 16 32 64
 832  605  524 0  84 1 7 1 2 4 8 16 32 64
 833  321  575 0  84 1 7 1 2 4 8 16 32 64
 834  907  474 0  41 1 7 1 2 4 8 16 32 64
 835  527   80 0  85 1 7 1 2 4 8 16 32 64
 836  852  285 0  60 1 7 1 2 4 8 16 32 64
 837  662  673 0 100 1 7 1 2 4 8 16 32 64
 838   45  811 0  24 1 7 1 2 4 8 16 32 64
 839  290  130 0  52 1 7 1 2 4 8 16 32 64
 840  211  388 0  37 1 7 1 2 4 8 16 32 64
 841  665  918 0  50 1 7 1 2 4 8 16 32 64
 842  206  617 0  95 1 7 1 2 4 8 16 32 64
 843  392  976 0  66 1 7 1 2 4 8 16 32 64
 844  408  854 0  12 1 7 1 2 4 8 16 32 64
 845  497  453 0   4 1 7 1 2 4 8 16 32 64
 846  400  494 0  15 1 7 1 2 4 8 16 32 64
 847  251  962 0   3 1 7 1 2 4 8 16 32 64
 848  258  215 0  72 1 7 1 2 4 8 16 32 64
 849  821  822 0  63 1 7 1 2 4 8 16 32 64
 850  840  337 0  73 1 7 1 2 4 8 16 32 64
 851   25  764 0   4 1 7 1 2 4 8 16 32 64
 852  852   39 0  40 1 7 1 2 4 8 16 32 64
 853  507  707 0  11 1 7 1 2 4 8 16 32 64
 854  972  306 0  82 1 7 1 2 4 8 16 32 64
 855    8  373 0  66 1 7 1 2 4 8 16 32 64
 856  173   83 0  80 1 7 1 2 4 8 16 32 64
 857  298  226 0  77 1 7 1 2 4 8 16 32 64
 858  679  191 0  20 1 7 1 2 4 8 16 32 64
 859  864  910 0  88 1 7 1 2 4 8 16 32 64
 860   88  177 0   8 1 7 1 2 4 8 16 32 64
 861  993  610 0  68 1 7 1 2 4 8 16 32 64
 862  419  697 0  39 1 7 1 2 4 8 16 32 64
 863  320  585 0  61 1 7 1 2 4 8 16 32 64
 864  747  319 0  57 1 7 1 2 4 8 16 32 64
 865  490  761 0  23 1 7 1 2 4 8 16 32 64
 866   66  691 0  64 1 7 1 2 4 8 16 32 64
 867  379  819 0  53 1 7 1 2 4 8 16 32 64
 868  137  177 0  69 1 7 1 2 4 8 16 32 64
 869  456  245 0  40 1 7 1 2 4 8 16 32 64
 870  365  227 0  73 1 7 1 2 4 8 16 32 64
 871  813  113 0  16 1 7 1 2 4 8 16 32 64
 872  902  529 0   6 1 7 1 2 4 8 16 32 64
 873  165  400 0  73 1 7 1 2 4 8 16 32 64
 874  964  285 0  18 1 7 1 2 4 8 16 32 64
 875  559  441 0  11 1 7 1 2 4 8 16 32 64
 876  863  625 0  70 1 7 1 2 4 8 16 32 64
 877  923  275 0   2 1 7 1 2 4 8 16 32 64
 878  505  171 0  62 1 7 1 2 4 8 16 32 64
 879  417  380 0  57 1 7 1 2 4 8 16 32 64
 880  984  795 0  24 1 7 1 2 4 8 16 32 64
 881  567  220 0  36 1 7 1 2 4 8 16 32 64
 882  108  959 0  41 1 7 1 2 4 8 16 32 64
 883  195  618 0  21 1 7 1 2 4 8 16 32 64
 884   85  498 0   1 1 7 1 2 4 8 16 32 64
 885  308  432 0  57 1 7 1 2 4 8 16 32 64
 886   75  803 0  65 1 7 1 2 4 8 16 32 64
 887  257  349 0  78 1 7 1 2 4 8 16 32 64
 888  976   87 0  27 1 7 1 2 4 8 16 32 64
 889  622    8 0  97 1 7 1 2 4 8 16 32 64
 890  989  902 0  15 1 7 1 2 4 8 16 32 64
 891  893  748 0  47 1 7 1 2 4 8 16 32 64
 892  656  238 0  89 1 7 1 2 4 8 16 32 64
 893   31  278 0  36 1 7 1 2 4 8 16 32 64
 894  246   35 0  78 1 7 1 2 4 8 16 32 64
 895    7  249 0  92 1 7 1 2 4 8 16 32 64
 896  220  596 0  55 1 7 1 2 4 8 16 32 64
 897  798  129 0   1 1 7 1 2 4 8 16 32 64
 898  883   54 0   8 1 7 1 2 4 8 16 32 64
 899  459  203 0  17 1 7 1 2 4 8 16 32 64
 900  897  442 0  12 1 7 1 2 4 8 16 32 64
 901   12  117 0  64 1 7 1 2 4 8 16 32 64
 902  902  503 0  37 1 7 1 2 4 8 16 32 64
 903  336  405 0  15 1 7 1 2 4 8 16 32 64
 904  469   75 0  61 1 7 1 2 4 8 16 32 64
 905  618  564 0   1 1 7 1 2 4 8 16 32 64
 906  238  167 0   6 1 7 1 2 4 8 16 32 64
 907  612  496 0  87 1 7 1 2 4 8 16 32 64
 908  193  320 0   5 1 7 1 2 4 8 16 32 64
 909  467   41 0  24 1 7 1 2 4 8 16 32 64
 910  806   19 0  78 1 7 1 2 4 8 16 32 64
 911   83  632 0   5 1 7 1 2 4 8 16 32 64
 912  413  497 0  48 1 7 1 2 4 8 16 32 64
 913  595   49 0  21 1 7 1 2 4 8 16 32 64
 914  993  294 0  42 1 7 1 2 4 8 16 32 64
 915  549  724 0  47 1 7 1 2 4 8 16 32 64
 916  330  418 0  58 1 7 1 2 4 8 16 32 64
 917  383  680 0  46 1 7 1 2 4 8 16 32 64
 918  364   19 0  28 1 7 1 2 4 8 16 32 64
 919  644  725 0  31 1 7 1 2 4 8 16 32 64
 920  948   46 0  68 1 7 1 2 4 8 16 32 64
 921  537  362 0  72 1 7 1 2 4 8 16 32 64
 922  112  235 0  83 1 7 1 2 4 8 16 32 64
 923  995  389 0  79 1 7 1 2 4 8 16 32 64
 924  766  528 0  54 1 7 1 2 4 8 16 32 64
 925  613   46 0   7 1 7 1 2 4 8 16 32 64
 926  256  971 0  48 1 7 1 2 4 8 16 32 64
 927   23  659 0  20 1 7 1 2 4 8 16 32 64
 928  196   61 0  35 1 7 1 2 4 8 16 32 64
 929  355  719 0  22 1 7 1 2 4 8 16 32 64
 930  965  400 0  54 1 7 1 2 4 8 16 32 64
 931  859  747 0  61 1 7 1 2 4 8 16 32 64
 932  794  621 0  27 1 7 1 2 4 8 16 32 64
 933  671  316 0  30 1 7 1 2 4 8 16 32 64
 934  730  828 0  35 1 7 1 2 4 8 16 32 64
 935  495  839 0  52 1 7 1 2 4 8 16 32 64
 936  777  101 0  74 1 7 1 2 4 8 16 32 64
 937  833  243 0   1 1 7 1 2 4 8 16 32 64
 938  843   26 0   6 1 7 1 2 4 8 16 32 64
 939  103  845 0  32 1 7 1 2 4 8 16 32 64
 940  989  275 0  80 1 7 1 2 4 8 16 32 64
 941  949   95 0  81 1 7 1 2 4 8 16 32 64
 942  975  281 0  27 1 7 1 2 4 8 16 32 64
 943  563    6 0  47 1 7 1 2 4 8 16 32 64
 944  237  971 0  58 1 7 1 2 4 8 16 32 64
 945  455  901 0  89 1 7 1 2 4 8 16 32 64
 946  644  530 0  44 1 7 1 2 4 8 16 32 64
 947  917   12 0  89 1 7 1 2 4 8 16 32 64
 948  143  788 0  28 1 7 1 2 4 8 16 32 64
 949   10  226 0  15 1 7 1 2 4 8 16 32 64
 950  572  735 0  58 1 7 1 2 4 8 16 32 64
 951  735  225 0  65 1 7 1 2 4 8 16 32 64
 952  611  853 0  77 1 7 1 2 4 8 16 32 64
 953  850  804 0  44 1 7 1 2 4 8 16 32 64
 954  332  168 0  84 1 7 1 2 4 8 16 32 64
 955   98  696 0  74 1 7 1 2 4 8 16 32 64
 956  252  487 0  40 1 7 1 2 4 8 16 32 64
 957  341  499 0  91 1 7 1 2 4 8 16 32 64
 958  751  816 0  95 1 7 1 2 4 8 16 32 64
 959  316  940 0  33 1 7 1 2 4 8 16 32 64
 960  412  620 0  72 1 7 1 2 4 8 16 32 64
 961  877   10 0  73 1 7 1 2 4 8 16 32 64
 962  741  184 0  71 1 7 1 2 4 8 16 32 64
 963   20  263 0  51 1 7 1 2 4 8 16 32 64
 964  528  456 0  10 1 7 1 2 4 8 16 32 64
 965  825  592 0  30 1 7 1 2 4 8 16 32 64
 966  774  269 0  22 1 7 1 2 4 8 16 32 64
 967   11   67 0  21 1 7 1 2 4 8 16 32 64
 968  444  610 0  31 1 7 1 2 4 8 16 32 64
 969  240  782 0  62 1 7 1 2 4 8 16 32 64
 970  730   30 0  46 1 7 1 2 4 8 16 32 64
 971  639  562 0  21 1 7 1 2 4 8 16 32 64
 972  968  344 0  86 1 7 1 2 4 8 16 32 64
 973  460    4 0 100 1 7 1 2 4 8 16 32 64
 974  338  378 0   6 1 7 1 2 4 8 16 32 64
 975  759  201 0  76 1 7 1 2 4 8 16 32 64
 976  207  192 0  24 1 7 1 2 4 8 16 32 64
 977  316   41 0   8 1 7 1 2 4 8 16 32 64
 978  903   13 0  92 1 7 1 2 4 8 16 32 64
 979  841  771 0   9 1 7 1 2 4 8 16 32 64
 980   36  872 0  11 1 7 1 2 4 8 16 32 64
 981  914  829 0  62 1 7 1 2 4 8 16 32 64
 982  819  203 0  77 1 7 1 2 4 8 16 32 64
 983  726   12 0  68 1 7 1 2 4 8 16 32 64
 984  481  260 0  37 1 7 1 2 4 8 16 32 64
 985  969  565 0   2 1 7 1 2 4 8 16 32 64
 986  931  768 0  75 1 7 1 2 4 8 16 32 64
 987  736  366 0  91 1 7 1 2 4 8 16 32 64
 988  129  972 0  94 1 7 1 2 4 8 16 32 64
 989  186   73 0  89 1 7 1 2 4 8 16 32 64
 990  278   49 0  64 1 7 1 2 4 8 16 32 64
 991  908  118 0  24 1 7 1 2 4 8 16 32 64
 992  210  956 0  71 1 7 1 2 4 8 16 32 64
 993  994  293 0  31 1 7 1 2 4 8 16 32 64
 994  360  518 0  46 1 7 1 2 4 8 16 32 64
 995  538  368 0  35 1 7 1 2 4 8 16 32 64
 996   65  874 0  68 1 7 1 2 4 8 16 32 64
 997   70  199 0  94 1 7 1 2 4 8 16 32 64
 998  410  684 0  86 1 7 1 2 4 8 16 32 64
 999  900  678 0  88 1 7 1 2 4 8 16 32 64
1000  380  938 0  47 1 7 1 2 4 8 16 32 64
1001  213  877 0  51 1 7 1 2 4 8 16 32 64
1002  969  103 0  79 1 7 1 2 4 8 16 32 64
1003  556  645 0  48 1 7 1 2 4 8 16 32 64
1004  442  891 0  54 1 7 1 2 4 8 16 32 64
1005  103  609 0  15 1 7 1 2 4 8 16 32 64
1006  580  794 0  82 1 7 1 2 4 8 16 32 64
1007  840  163 0  10 1 7 1 2 4 8 16 32 64
1008  948  607 0  51 1 7 1 2 4 8 16 32 64
1009  457  213 0  95 1 7 1 2 4 8 16 32 64
1010  688  833 0  95 1 7 1 2 4 8 16 32 64
1011  380  955 0  96 1 7 1 2 4 8 16 32 64
1012  211  500 0   6 1 7 1 2 4 8 16 32 64
1013  249  226 0  89 1 7 1 2 4 8 16 32 64
1014  460  529 0  90 1 7 1 2 4 8 16 32 64
1015  604  673 0  80 1 7 1 2 4 8 16 32 64
1016  817  820 0  79 1 7 1 2 4 8 16 32 64
1017  248   26 0  59 1 7 1 2 4 8 16 32 64
1018  316  746 0  58 1 7 1 2 4 8 16 32 64
1019  818  782 0  51 1 7 1 2 4 8 16 32 64
1020   88  704 0  57 1 7 1 2 4 8 16 32 64
1021   20  330 0  86 1 7 1 2 4 8 16 32 64
1022  977  105 0  39 1 7 1 2 4 8 16 32 64
1023  118  365 0  52 1 7 1 2 4 8 16 32 64
1024  203  573 0  38 1 7 1 2 4 8 16 32 64
1025  157  292 0  37 1 7 1 2 4 8 16 32 64
1026  816  706 0  64 1 7 1 2 4 8 16 32 64
1027  480  667 0  37 1 7 1 2 4 8 16 32 64
1028  361  998 0  70 1 7 1 2 4 8 16 32 64
1029  147  672 0  54 1 7 1 2 4 8 16 32 64
1030  527  151 0  85 1 7 1 2 4 8 16 32 64
1031  547  429 0  15 1 7 1 2 4 8 16 32 64
1032  337  304 0  55 1 7 1 2 4 8 16 32 64
1033   32  948 0  82 1 7 1 2 4 8 16 32 64
1034   22  977 0  99 1 7 1 2 4 8 16 32 64
1035  838  415 0  49 1 7 1 2 4 8 16 32 64
1036  291  697 0  96 1 7 1 2 4 8 16 32 64
1037  275  190 0  57 1 7 1 2 4 8 16 32 64
1038  374  523 0  31 1 7 1 2 4 8 16 32 64
1039  442   60 0  55 1 7 1 2 4 8 16 32 64
1040  148  521 0  29 1 7 1 2 4 8 16 32 64
1041  724   35 0  24 1 7 1 2 4 8 16 32 64
1042  258   72 0  68 1 7 1 2 4 8 16 32 64
1043   16  940 0   7 1 7 1 2 4 8 16 32 64
1044  702  319 0   8 1 7 1 2 4 8 16 32 64
1045   46  276 0  65 1 7 1 2 4 8 16 32 64
1046  192  275 0  35 1 7 1 2 4 8 16 32 64
1047  631   48 0  26 1 7 1 2 4 8 16 32 64
1048  840  178 0  85 1 7 1 2 4 8 16 32 64
1049  565  707 0  96 1 7 1 2 4 8 16 32 64
1050  415  606 0  87 1 7 1 2 4 8 16 32 64
1051  941  676 0  43 1 7 1 2 4 8 16 32 64
1052  732  465 0  94 1 7 1 2 4 8 16 32 64
1053  389  427 0  28 1 7 1 2 4 8 16 32 64
1054  446  910 0  63 1 7 1 2 4 8 16 32 64
1055  476  616 0  79 1 7 1 2 4 8 16 32 64
1056  164  634 0  42 1 7 1 2 4 8 16 32 64
1057   14   84 0  88 1 7 1 2 4 8 16 32 64
1058  542  679 0  10 1 7 1 2 4 8 16 32 64
1059  267  851 0  87 1 7 1 2 4 8 16 32 64
1060  289  711 0  43 1 7 1 2 4 8 16 32 64
1061  799  586 0  58 1 7 1 2 4 8 16 32 64
1062  659  613 0  50 1 7 1 2 4 8 16 32 64
1063  859  439 0 100 1 7 1 2 4 8 16 32 64
1064  931  773 0  40 1 7 1 2 4 8 16 32 64
1065  150  159 0  21 1 7 1 2 4 8 16 32 64
1066   26  601 0  82 1 7 1 2 4 8 16 32 64
1067  691  839 0  96 1 7 1 2 4 8 16 32 64
1068  505  111 0  64 1 7 1 2 4 8 16 32 64
1069  141  182 0  22 1 7 1 2 4 8 16 32 64
1070  657  730 0  38 1 7 1 2 4 8 16 32 64
1071  330  915 0  20 1 7 1 2 4 8 16 32 64
1072  808  253 0  37 1 7 1 2 4 8 16 32 64
1073  599  430 0  42 1 7 1 2 4 8 16 32 64
1074  124  511 0  52 1 7 1 2 4 8 16 32 64
1075  160   62 0  62 1 7 1 2 4 8 16 32 64
1076    8  314 0  30 1 7 1 2 4 8 16 32 64
1077   31  579 0  46 1 7 1 2 4 8 16 32 64
1078  864  248 0  82 1 7 1 2 4 8 16 32 64
1079  601  203 0  14 1 7 1 2 4 8 16 32 64
1080   40  827 0  69 1 7 1 2 4 8 16 32 64
1081   83  303 0  64 1 7 1 2 4 8 16 32 64
1082  276   10 0  25 1 7 1 2 4 8 16 32 64
1083  345   15 0  75 1 7 1 2 4 8 16 32 64
1084  227  674 0  57 1 7 1 2 4 8 16 32 64
1085   31  292 0  77 1 7 1 2 4 8 16 32 64
1086  876  619 0 100 1 7 1 2 4 8 16 32 64
1087   37  330 0   3 1 7 1 2 4 8 16 32 64
1088  597  730 0  50 1 7 1 2 4 8 16 32 64
1089  236  676 0  32 1 7 1 2 4 8 16 32 64
1090   88  942 0  54 1 7 1 2 4 8 16 32 64
1091  835  372 0  23 1 7 1 2 4 8 16 32 64
1092  391  529 0  33 1 7 1 2 4 8 16 32 64
1093  646  471 0 100 1 7 1 2 4 8 16 32 64
1094   60  680 0   6 1 7 1 2 4 8 16 32 64
1095  720  778 0 100 1 7 1 2 4 8 16 32 64
1096  157  294 0  14 1 7 1 2 4 8 16 32 64
1097  699  110 0  23 1 7 1 2 4 8 16 32 64
1098  627  699 0  17 1 7 1 2 4 8 16 32 64
1099  305  789 0  66 1 7 1 2 4 8 16 32 64
1100  966  559 0  12 1 7 1 2 4 8 16 32 64
1101   45  944 0  32 1 7 1 2 4 8 16 32 64
1102  824  840 0  38 1 7 1 2 4 8 16 32 64
1103  528  606 0  24 1 7 1 2 4 8 16 32 64
1104  157  940 0  37 1 7 1 2 4 8 16 32 64
1105  515  130 0  64 1 7 1 2 4 8 16 32 64
1106  347  738 0  93 1 7 1 2 4 8 16 32 64
1107  375  663 0  13 1 7 1 2 4 8 16 32 64
1108  439  552 0  89 1 7 1 2 4 8 16 32 64
1109   94  869 0  75 1 7 1 2 4 8 16 32 64
1110  466  288 0  75 1 7 1 2 4 8 16 32 64
1111  232  261 0  50 1 7 1 2 4 8 16 32 64
1112   91  223 0  70 1 7 1 2 4 8 16 32 64
1113  236  793 0  88 1 7 1 2 4 8 16 32 64
1114  694  966 0  27 1 7 1 2 4 8 16 32 64
1115  542  818 0   4 1 7 1 2 4 8 16 32 64
1116   48  752 0  28 1 7 1 2 4 8 16 32 64
1117  802  909 0   7 1 7 1 2 4 8 16 32 64
1118  755  402 0  20 1 7 1 2 4 8 16 32 64
1119  771   42 0  95 1 7 1 2 4 8 16 32 64
1120  305  149 0  99 1 7 1 2 4 8 16 32 64
1121  289  560 0  28 1 7 1 2 4 8 16 32 64
1122  259  403 0  90 1 7 1 2 4 8 16 32 64
1123  541  321 0  18 1 7 1 2 4 8 16 32 64
1124  133  338 0  63 1 7 1 2 4 8 16 32 64
1125  357  505 0  86 1 7 1 2 4 8 16 32 64
1126  930   39 0 100 1 7 1 2 4 8 16 32 64
1127  104  411 0  28 1 7 1 2 4 8 16 32 64
1128  836  248 0  31 1 7 1 2 4 8 16 32 64
1129  945  305 0  60 1 7 1 2 4 8 16 32 64
1130  288  644 0  75 1 7 1 2 4 8 16 32 64
1131   83  713 0  44 1 7 1 2 4 8 16 32 64
1132  658  165 0  11 1 7 1 2 4 8 16 32 64
1133  669  881 0  27 1 7 1 2 4 8 16 32 64
1134  849  744 0 100 1 7 1 2 4 8 16 32 64
1135  841  683 0  85 1 7 1 2 4 8 16 32 64
1136  467   44 0  80 1 7 1 2 4 8 16 32 64
1137  293  234 0  28 1 7 1 2 4 8 16 32 64
1138  407  502 0  46 1 7 1 2 4 8 16 32 64
1139  479  129 0  63 1 7 1 2 4 8 16 32 64
1140  531  907 0  14 1 7 1 2 4 8 16 32 64
1141  359  183 0  68 1 7 1 2 4 8 16 32 64
1142  402  686 0  86 1 7 1 2 4 8 16 32 64
1143  547  603 0  21 1 7 1 2 4 8 16 32 64
1144  925  235 0  29 1 7 1 2 4 8 16 32 64
1145  295  215 0  28 1 7 1 2 4 8 16 32 64
1146  228  579 0  90 1 7 1 2 4 8 16 32 64
1147   74  328 0  61 1 7 1 2 4 8 16 32 64
1148  229  954 0  85 1 7 1 2 4 8 16 32 64
1149  513  319 0  32 1 7 1 2 4 8 16 32 64
1150  108  644 0  76 1 7 1 2 4 8 16 32 64
1151  869  406 0  37 1 7 1 2 4 8 16 32 64
1152  459  906 0  37 1 7 1 2 4 8 16 32 64
1153  387    2 0  89 1 7 1 2 4 8 16 32 64
1154  933  401 0  29 1 7 1 2 4 8 16 32 64
1155  835  770 0  58 1 7 1 2 4 8 16 32 64
1156   48  482 0  83 1 7 1 2 4 8 16 32 64
1157  408  876 0  68 1 7 1 2 4 8 16 32 64
1158  383  684 0  85 1 7 1 2 4 8 16 32 64
1159  926  716 0  70 1 7 1 2 4 8 16 32 64
1160  109  242 0  77 1 7 1 2 4 8 16 32 64
1161  972  465 0  62 1 7 1 2 4 8 16 32 64
1162  278  678 0  65 1 7 1 2 4 8 16 32 64
1163  483  245 0  28 1 7 1 2 4 8 16 32 64
1164   40  235 0  95 1 7 1 2 4 8 16 32 64
1165  464  796 0  89 1 7 1 2 4 8 16 32 64
1166  127   99 0  21 1 7 1 2 4 8 16 32 64
1167  921  645 0  57 1 7 1 2 4 8 16 32 64
1168  870   82 0  22 1 7 1 2 4 8 16 32 64
1169  555  315 0  27 1 7 1 2 4 8 16 32 64
1170   39  681 0  96 1 7 1 2 4 8 16 32 64
1171  714  305 0  77 1 7 1 2 4 8 16 32 64
1172  826  602 0   1 1 7 1 2 4 8 16 32 64
1173  427  180 0  35 1 7 1 2 4 8 16 32 64
1174  865  205 0   8 1 7 1 2 4 8 16 32 64
1175  853  531 0   9 1 7 1 2 4 8 16 32 64
1176  486  224 0  22 1 7 1 2 4 8 16 32 64
1177  825  453 0  34 1 7 1 2 4 8 16 32 64
1178  725  942 0  29 1 7 1 2 4 8 16 32 64
1179   18  792 0  15 1 7 1 2 4 8 16 32 64
1180  289  792 0   4 1 7 1 2 4 8 16 32 64
1181  182  368 0  83 1 7 1 2 4 8 16 32 64
1182  350  531 0   6 1 7 1 2 4 8 16 32 64
1183  178  855 0  25 1 7 1 2 4 8 16 32 64
1184  872  591 0  47 1 7 1 2 4 8 16 32 64
1185  461  337 0  68 1 7 1 2 4 8 16 32 64
1186   46  611 0  44 1 7 1 2 4 8 16 32 64
1187  465   26 0  49 1 7 1 2 4 8 16 32 64
1188  450  783 0  79 1 7 1 2 4 8 16 32 64
1189  897  992 0  91 1 7 1 2 4 8 16 32 64
1190  145  884 0  40 1 7 1 2 4 8 16 32 64
1191  657  653 0  37 1 7 1 2 4 8 16 32 64
1192  789   75 0  26 1 7 1 2 4 8 16 32 64
1193  921  943 0  57 1 7 1 2 4 8 16 32 64
1194  392  440 0  68 1 7 1 2 4 8 16 32 64
1195  634  665 0  37 1 7 1 2 4 8 16 32 64
1196  274  652 0  89 1 7 1 2 4 8 16 32 64
1197  822  576 0 100 1 7 1 2 4 8 16 32 64
1198  419  530 0  30 1 7 1 2 4 8 16 32 64
1199  318  453 0  11 1 7 1 2 4 8 16 32 64
1200  681  930 0  52 1 7 1 2 4 8 16 32 64
1201  905    3 0  96 1 7 1 2 4 8 16 32 64
1202  559  437 0  10 1 7 1 2 4 8 16 32 64
1203  605  790 0  56 1 7 1 2 4 8 16 32 64
1204   10  419 0  31 1 7 1 2 4 8 16 32 64
1205  667   74 0  84 1 7 1 2 4 8 16 32 64
1206  467  358 0  66 1 7 1 2 4 8 16 32 64
1207  764  118 0   7 1 7 1 2 4 8 16 32 64
1208  745  228 0  40 1 7 1 2 4 8 16 32 64
1209  586  721 0  35 1 7 1 2 4 8 16 32 64
1210  420  331 0  52 1 7 1 2 4 8 16 32 64
1211   21  662 0  26 1 7 1 2 4 8 16 32 64
1212  739  389 0  57 1 7 1 2 4 8 16 32 64
1213  404  381 0  49 1 7 1 2 4 8 16 32 64
1214  252  560 0  32 1 7 1 2 4 8 16 32 64
1215  933  882 0  95 1 7 1 2 4 8 16 32 64
1216   34  953 0  17 1 7 1 2 4 8 16 32 64
1217  119  585 0  45 1 7 1 2 4 8 16 32 64
1218  372  851 0  34 1 7 1 2 4 8 16 32 64
1219  372  695 0  75 1 7 1 2 4 8 16 32 64
1220  682  332 0  77 1 7 1 2 4 8 16 32 64
1221  288   92 0  73 1 7 1 2 4 8 16 32 64
1222   58  836 0  36 1 7 1 2 4 8 16 32 64
1223  793  135 0  51 1 7 1 2 4 8 16 32 64
1224  248   43 0  77 1 7 1 2 4 8 16 32 64
1225  757  193 0  75 1 7 1 2 4 8 16 32 64
1226  524  782 0  19 1 7 1 2 4 8 16 32 64
1227  578  815 0  14 1 7 1 2 4 8 16 32 64
1228  442  721 0  82 1 7 1 2 4 8 16 32 64
1229  699  398 0   9 1 7 1 2 4 8 16 32 64
1230  818  972 0  69 1 7 1 2 4 8 16 32 64
1231  332  278 0  12 1 7 1 2 4 8 16 32 64
1232  758  715 0  83 1 7 1 2 4 8 16 32 64
1233  787  708 0  95 1 7 1 2 4 8 16 32 64
1234   44  390 0  32 1 7 1 2 4 8 16 32 64
1235  210  311 0   3 1 7 1 2 4 8 16 32 64
1236  173  880 0  97 1 7 1 2 4 8 16 32 64
1237  406  909 0  93 1 7 1 2 4 8 16 32 64
1238  251  244 0  47 1 7 1 2 4 8 16 32 64
1239  485  259 0  81 1 7 1 2 4 8 16 32 64
1240  141  709 0  59 1 7 1 2 4 8 16 32 64
1241  678   69 0  42 1 7 1 2 4 8 16 32 64
1242  649  576 0  62 1 7 1 2 4 8 16 32 64
1243  229  877 0  48 1 7 1 2 4 8 16 32 64
1244   68  475 0  50 1 7 1 2 4 8 16 32 64
1245  949  126 0  25 1 7 1 2 4 8 16 32 64
1246   85  837 0  12 1 7 1 2 4 8 16 32 64
1247  812  372 0  97 1 7 1 2 4 8 16 32 64
1248   96  884 0  92 1 7 1 2 4 8 16 32 64
1249  212  744 0  10 1 7 1 2 4 8 16 32 64
1250  735  904 0  98 1 7 1 2 4 8 16 32 64
1251  505  573 0  99 1 7 1 2 4 8 16 32 64
1252  368  158 0  78 1 7 1 2 4 8 16 32 64
1253  169  115 0  56 1 7 1 2 4 8 16 32 64
1254   83  332 0  31 1 7 1 2 4 8 16 32 64
1255   59  234 0  32 1 7 1 2 4 8 16 32 64
1256  674  172 0  68 1 7 1 2 4 8 16 32 64
1257  219  178 0  21 1 7 1 2 4 8 16 32 64
1258  782  722 0  91 1 7 1 2 4 8 16 32 64
1259  377  558 0  11 1 7 1 2 4 8 16 32 64
1260   37  894 0  40 1 7 1 2 4 8 16 32 64
1261  174  589 0  93 1 7 1 2 4 8 16 32 64
1262  661  696 0  67 1 7 1 2 4 8 16 32 64
1263   26  991 0  83 1 7 1 2 4 8 16 32 64
1264  841  676 0  78 1 7 1 2 4 8 16 32 64
1265  536  431 0  60 1 7 1 2 4 8 16 32 64
1266  277  172 0  62 1 7 1 2 4 8 16 32 64
1267  320  334 0  31 1 7 1 2 4 8 16 32 64
1268  354  939 0  18 1 7 1 2 4 8 16 32 64
1269  872  682 0  74 1 7 1 2 4 8 16 32 64
1270  397   33 0  21 1 7 1 2 4 8 16 32 64
1271  155  547 0  93 1 7 1 2 4 8 16 32 64
1272  622  594 0  37 1 7 1 2 4 8 16 32 64
1273  893  775 0  30 1 7 1 2 4 8 16 32 64
1274   73  760 0  49 1 7 1 2 4 8 16 32 64
1275  964  515 0  19 1 7 1 2 4 8 16 32 64
1276  891  956 0  71 1 7 1 2 4 8 16 32 64
1277  581  479 0  83 1 7 1 2 4 8 16 32 64
1278  102  688 0  11 1 7 1 2 4 8 16 32 64
1279  962  710 0  13 1 7 1 2 4 8 16 32 64
1280   24  102 0  64 1 7 1 2 4 8 16 32 64
1281  846  772 0  19 1 7 1 2 4 8 16 32 64
1282  584   37 0  84 1 7 1 2 4 8 16 32 64
1283  503  930 0  24 1 7 1 2 4 8 16 32 64
1284   59  309 0  19 1 7 1 2 4 8 16 32 64
1285   70  498 0   7 1 7 1 2 4 8 16 32 64
1286  709  662 0  79 1 7 1 2 4 8 16 32 64
1287  301  371 0  72 1 7 1 2 4 8 16 32 64
1288  952  701 0  83 1 7 1 2 4 8 16 32 64
1289  772  636 0   2 1 7 1 2 4 8 16 32 64
1290  435  402 0  90 1 7 1 2 4 8 16 32 64
1291  308  225 0  60 1 7 1 2 4 8 16 32 64
1292  946  299 0   6 1 7 1 2 4 8 16 32 64
1293  786  862 0  97 1 7 1 2 4 8 16 32 64
1294  524  216 0  93 1 7 1 2 4 8 16 32 64
1295  546  860 0  18 1 7 1 2 4 8 16 32 64
1296  919  384 0  29 1 7 1 2 4 8 16 32 64
1297  451  337 0  30 1 7 1 2 4 8 16 32 64
1298  967   15 0  94 1 7 1 2 4 8 16 32 64
1299  459  217 0   6 1 7 1 2 4 8 16 32 64
1300   82  757 0  53 1 7 1 2 4 8 16 32 64
1301   86  688 0  82 1 7 1 2 4 8 16 32 64
1302  920   14 0  97 1 7 1 2 4 8 16 32 64
1303  153   27 0  99 1 7 1 2 4 8 16 32 64
1304  758  940 0  17 1 7 1 2 4 8 16 32 64
1305  503  818 0  22 1 7 1 2 4 8 16 32 64
1306  148  365 0  23 1 7 1 2 4 8 16 32 64
1307  732  833 0  70 1 7 1 2 4 8 16 32 64
1308  821  230 0  41 1 7 1 2 4 8 16 32 64
1309  971  575 0   4 1 7 1 2 4 8 16 32 64
1310   36  433 0  98 1 7 1 2 4 8 16 32 64
1311  340  778 0  30 1 7 1 2 4 8 16 32 64
1312  420  671 0  57 1 7 1 2 4 8 16 32 64
1313  647  815 0  34 1 7 1 2 4 8 16 32 64
1314  391  247 0  88 1 7 1 2 4 8 16 32 64
1315  595  345 0  61 1 7 1 2 4 8 16 32 64
1316  402  587 0  25 1 7 1 2 4 8 16 32 64
1317  483  424 0  43 1 7 1 2 4 8 16 32 64
1318  778  475 0  74 1 7 1 2 4 8 16 32 64
1319  326  799 0 100 1 7 1 2 4 8 16 32 64
1320  822   64 0  97 1 7 1 2 4 8 16 32 64
1321  266  215 0  46 1 7 1 2 4 8 16 32 64
1322  621  712 0  63 1 7 1 2 4 8 16 32 64
1323   60   14 0  25 1 7 1 2 4 8 16 32 64
1324  717  283 0  97 1 7 1 2 4 8 16 32 64
1325  446    3 0  79 1 7 1 2 4 8 16 32 64
1326  461    4 0  95 1 7 1 2 4 8 16 32 64
1327  121  561 0   3 1 7 1 2 4 8 16 32 64
1328  615  984 0  53 1 7 1 2 4 8 16 32 64
1329  593  705 0  61 1 7 1 2 4 8 16 32 64
1330  424  716 0  27 1 7 1 2 4 8 16 32 64
1331  388  331 0  28 1 7 1 2 4 8 16 32 64
1332  179  936 0  27 1 7 1 2 4 8 16 32 64
1333  392  833 0  75 1 7 1 2 4 8 16 32 64
1334  797  417 0  64 1 7 1 2 4 8 16 32 64
1335  809  625 0  18 1 7 1 2 4 8 16 32 64
1336  142  163 0   7 1 7 1 2 4 8 16 32 64
1337  357  927 0  19 1 7 1 2 4 8 16 32 64
1338  835  559 0  23 1 7 1 2 4 8 16 32 64
1339  685  388 0  30 1 7 1 2 4 8 16 32 64
1340  872  498 0  59 1 7 1 2 4 8 16 32 64
1341  411   67 0  89 1 7 1 2 4 8 16 32 64
1342  773  513 0  79 1 7 1 2 4 8 16 32 64
1343  916  443 0  40 1 7 1 2 4 8 16 32 64
1344  253  721 0  55 1 7 1 2 4 8 16 32 64
1345  518  666 0  54 1 7 1 2 4 8 16 32 64
1346  776  709 0  78 1 7 1 2 4 8 16 32 64
1347  801  783 0  15 1 7 1 2 4 8 16 32 64
1348   12  908 0  71 1 7 1 2 4 8 16 32 64
1349  282   54 0  92 1 7 1 2 4 8 16 32 64
1350  272    7 0  51 1 7 1 2 4 8 16 32 64
1351  654  758 0  25 1 7 1 2 4 8 16 32 64
1352  845  634 0  69 1 7 1 2 4 8 16 32 64
1353  249  289 0  46 1 7 1 2 4 8 16 32 64
1354  283   21 0  97 1 7 1 2 4 8 16 32 64
1355  578   36 0  44 1 7 1 2 4 8 16 32 64
1356  238  897 0  12 1 7 1 2 4 8 16 32 64
1357  830  650 0  29 1 7 1 2 4 8 16 32 64
1358   88  996 0  56 1 7 1 2 4 8 16 32 64
1359  198  744 0  81 1 7 1 2 4 8 16 32 64
1360  110  800 0  72 1 7 1 2 4 8 16 32 64
1361  190  879 0   3 1 7 1 2 4 8 16 32 64
1362  889  369 0  25 1 7 1 2 4 8 16 32 64
1363  864  512 0  64 1 7 1 2 4 8 16 32 64
1364  778  123 0   7 1 7 1 2 4 8 16 32 64
1365  199  636 0  85 1 7 1 2 4 8 16 32 64
1366  160  708 0  76 1 7 1 2 4 8 16 32 64
1367  636  119 0  14 1 7 1 2 4 8 16 32 64
1368  652  286 0  54 1 7 1 2 4 8 16 32 64
1369  232  350 0   2 1 7 1 2 4 8 16 32 64
1370  251  974 0  52 1 7 1 2 4 8 16 32 64
1371  812  970 0  35 1 7 1 2 4 8 16 32 64
1372  867  824 0  29 1 7 1 2 4 8 16 32 64
1373  860  814 0  38 1 7 1 2 4 8 16 32 64
1374  276   45 0  75 1 7 1 2 4 8 16 32 64
1375  610  552 0  90 1 7 1 2 4 8 16 32 64
1376  376  490 0   7 1 7 1 2 4 8 16 32 64
1377  390  231 0  85 1 7 1 2 4 8 16 32 64
1378  107  456 0  76 1 7 1 2 4 8 16 32 64
1379  744  561 0  11 1 7 1 2 4 8 16 32 64
1380  204  672 0  10 1 7 1 2 4 8 16 32 64
1381   91  990 0  85 1 7 1 2 4 8 16 32 64
1382  924  251 0  24 1 7 1 2 4 8 16 32 64
1383  690  589 0  33 1 7 1 2 4 8 16 32 64
1384  151  546 0  56 1 7 1 2 4 8 16 32 64
1385  297  916 0  51 1 7 1 2 4 8 16 32 64
1386  207  276 0  15 1 7 1 2 4 8 16 32 64
1387  827  453 0  12 1 7 1 2 4 8 16 32 64
1388  856  446 0  54 1 7 1 2 4 8 16 32 64
1389   68  733 0  38 1 7 1 2 4 8 16 32 64
1390    9  439 0 100 1 7 1 2 4 8 16 32 64
1391  273  666 0  73 1 7 1 2 4 8 16 32 64
1392  290  787 0  80 1 7 1 2 4 8 16 32 64
1393  266  796 0  32 1 7 1 2 4 8 16 32 64
1394  515  916 0  96 1 7 1 2 4 8 16 32 64
1395  669  411 0  62 1 7 1 2 4 8 16 32 64
1396  739  924 0  45 1 7 1 2 4 8 16 32 64
1397  980  556 0  47 1 7 1 2 4 8 16 32 64
1398  795  809 0  80 1 7 1 2 4 8 16 32 64
1399   99  479 0  81 1 7 1 2 4 8 16 32 64
1400  445  236 0  68 1 7 1 2 4 8 16 32 64
1401    5  852 0  17 1 7 1 2 4 8 16 32 64
1402  269  424 0  44 1 7 1 2 4 8 16 32 64
1403  951  744 0  31 1 7 1 2 4 8 16 32 64
1404  714  809 0  73 1 7 1 2 4 8 16 32 64
1405  458  565 0   7 1 7 1 2 4 8 16 32 64
1406  364  452 0  13 1 7 1 2 4 8 16 32 64
1407  660  346 0  50 1 7 1 2 4 8 16 32 64
1408  625  791 0  85 1 7 1 2 4 8 16 32 64
1409  376  521 0  40 1 7 1 2 4 8 16 32 64
1410  480  678 0  50 1 7 1 2 4 8 16 32 64
1411  248  153 0  66 1 7 1 2 4 8 16 32 64
1412  356  760 0   3 1 7 1 2 4 8 16 32 64
1413  503  474 0  68 1 7 1 2 4 8 16 32 64
1414  688  556 0  58 1 7 1 2 4 8 16 32 64
1415  895  254 0   4 1 7 1 2 4 8 16 32 64
1416  112   47 0  26 1 7 1 2 4 8 16 32 64
1417  140  197 0  53 1 7 1 2 4 8 16 32 64
1418  552  101 0  87 1 7 1 2 4 8 16 32 64
1419  877  615 0  76 1 7 1 2 4 8 16 32 64
1420  134  841 0  92 1 7 1 2 4 8 16 32 64
1421  626  580 0  24 1 7 1 2 4 8 16 32 64
1422  212  156 0   2 1 7 1 2 4 8 16 32 64
1423  695  306 0  36 1 7 1 2 4 8 16 32 64
1424  759  505 0  46 1 7 1 2 4 8 16 32 64
1425  288  966 0  98 1 7 1 2 4 8 16 32 64
1426  286  912 0  44 1 7 1 2 4 8 16 32 64
1427  862  604 0  64 1 7 1 2 4 8 16 32 64
1428  460  362 0  94 1 7 1 2 4 8 16 32 64
1429  747  395 0  70 1 7 1 2 4 8 16 32 64
1430  484  880 0  78 1 7 1 2 4 8 16 32 64
1431  350  746 0  27 1 7 1 2 4 8 16 32 64
1432  928  595 0  28 1 7 1 2 4 8 16 32 64
1433  339  489 0  47 1 7 1 2 4 8 16 32 64
1434  298  191 0  88 1 7 1 2 4 8 16 32 64
1435  417  240 0  58 1 7 1 2 4 8 16 32 64
1436  587  467 0   0 0 0
1437  579  618 0   0 0 0
1438  849  313 0   0 0 0
1439  527  146 0   0 0 0
1440  499  893 0   0 0 0
1441  840  392 0   0 0 0
1442  959  118 0   0 0 0
