2 196 1444 6
0 246
0 246
0 246
0 246
0 246
0 246
   1 110  782 0  53 1 6 1 2 4 8 16 32
   2 421  642 0  89 1 6 1 2 4 8 16 32
   3 919  530 0  90 1 6 1 2 4 8 16 32
   4 894  259 0   4 1 6 1 2 4 8 16 32
   5 617  823 0   8 1 6 1 2 4 8 16 32
   6 960  264 0  12 1 6 1 2 4 8 16 32
   7 608  868 0  37 1 6 1 2 4 8 16 32
   8 400  585 0  20 1 6 1 2 4 8 16 32
   9 867  302 0  91 1 6 1 2 4 8 16 32
  10 310  363 0  32 1 6 1 2 4 8 16 32
  11 607  248 0  69 1 6 1 2 4 8 16 32
  12 636  303 0  91 1 6 1 2 4 8 16 32
  13 649  719 0  30 1 6 1 2 4 8 16 32
  14 840  295 0  47 1 6 1 2 4 8 16 32
  15 846  569 0  73 1 6 1 2 4 8 16 32
  16 689  307 0   8 1 6 1 2 4 8 16 32
  17 610  448 0  73 1 6 1 2 4 8 16 32
  18 500  875 0  44 1 6 1 2 4 8 16 32
  19  70  107 0  29 1 6 1 2 4 8 16 32
  20 593  942 0  55 1 6 1 2 4 8 16 32
  21  76   15 0  88 1 6 1 2 4 8 16 32
  22 639  892 0  78 1 6 1 2 4 8 16 32
  23 130  997 0  98 1 6 1 2 4 8 16 32
  24 870  817 0  92 1 6 1 2 4 8 16 32
  25  23  814 0  87 1 6 1 2 4 8 16 32
  26 207  909 0  22 1 6 1 2 4 8 16 32
  27 422   73 0  95 1 6 1 2 4 8 16 32
  28 753  249 0  57 1 6 1 2 4 8 16 32
  29 561  485 0   5 1 6 1 2 4 8 16 32
  30 382  238 0  39 1 6 1 2 4 8 16 32
  31 176  731 0  46 1 6 1 2 4 8 16 32
  32 452  390 0  31 1 6 1 2 4 8 16 32
  33 453  738 0  49 1 6 1 2 4 8 16 32
  34 600  952 0  92 1 6 1 2 4 8 16 32
  35  62  279 0  53 1 6 1 2 4 8 16 32
  36 135  667 0  83 1 6 1 2 4 8 16 32
  37 135  933 0  25 1 6 1 2 4 8 16 32
  38 243  294 0  24 1 6 1 2 4 8 16 32
  39 744  644 0   2 1 6 1 2 4 8 16 32
  40 731  655 0  65 1 6 1 2 4 8 16 32
  41 409  585 0   1 1 6 1 2 4 8 16 32
  42 767  533 0  51 1 6 1 2 4 8 16 32
  43 630  464 0  49 1 6 1 2 4 8 16 32
  44 679  514 0  75 1 6 1 2 4 8 16 32
  45 134  860 0  84 1 6 1 2 4 8 16 32
  46 911  318 0  25 1 6 1 2 4 8 16 32
  47 865  790 0  91 1 6 1 2 4 8 16 32
  48 187  135 0  43 1 6 1 2 4 8 16 32
  49 295  104 0  25 1 6 1 2 4 8 16 32
  50 132  985 0  50 1 6 1 2 4 8 16 32
  51  48  842 0  31 1 6 1 2 4 8 16 32
  52 674  941 0  66 1 6 1 2 4 8 16 32
  53 843  692 0   8 1 6 1 2 4 8 16 32
  54 402  557 0  50 1 6 1 2 4 8 16 32
  55 505  274 0  27 1 6 1 2 4 8 16 32
  56 206  689 0  24 1 6 1 2 4 8 16 32
  57 325  576 0  69 1 6 1 2 4 8 16 32
  58 469  470 0  61 1 6 1 2 4 8 16 32
  59 891  932 0  26 1 6 1 2 4 8 16 32
  60 800  441 0  21 1 6 1 2 4 8 16 32
  61 574  139 0  91 1 6 1 2 4 8 16 32
  62 959  990 0  97 1 6 1 2 4 8 16 32
  63 951  331 0  61 1 6 1 2 4 8 16 32
  64 268  245 0  54 1 6 1 2 4 8 16 32
  65 408  987 0  21 1 6 1 2 4 8 16 32
  66 729  683 0   4 1 6 1 2 4 8 16 32
  67 210  494 0  59 1 6 1 2 4 8 16 32
  68 155  567 0  48 1 6 1 2 4 8 16 32
  69 730  333 0   3 1 6 1 2 4 8 16 32
  70 621  302 0  28 1 6 1 2 4 8 16 32
  71 811  920 0  64 1 6 1 2 4 8 16 32
  72  92  870 0  76 1 6 1 2 4 8 16 32
  73 634    4 0  54 1 6 1 2 4 8 16 32
  74 873  892 0  36 1 6 1 2 4 8 16 32
  75 585   32 0  47 1 6 1 2 4 8 16 32
  76 287  677 0  76 1 6 1 2 4 8 16 32
  77 760  573 0  25 1 6 1 2 4 8 16 32
  78 117  611 0  46 1 6 1 2 4 8 16 32
  79 451  827 0  19 1 6 1 2 4 8 16 32
  80 873  300 0  40 1 6 1 2 4 8 16 32
  81 201  524 0  24 1 6 1 2 4 8 16 32
  82 399  558 0   1 1 6 1 2 4 8 16 32
  83 453  607 0   7 1 6 1 2 4 8 16 32
  84 825  284 0  96 1 6 1 2 4 8 16 32
  85  63    9 0  72 1 6 1 2 4 8 16 32
  86 434   89 0  32 1 6 1 2 4 8 16 32
  87 586  735 0  31 1 6 1 2 4 8 16 32
  88 745  903 0  64 1 6 1 2 4 8 16 32
  89 472  903 0  76 1 6 1 2 4 8 16 32
  90 900  172 0  52 1 6 1 2 4 8 16 32
  91 449  738 0  98 1 6 1 2 4 8 16 32
  92 598   53 0   8 1 6 1 2 4 8 16 32
  93 442  887 0  74 1 6 1 2 4 8 16 32
  94 433  185 0  30 1 6 1 2 4 8 16 32
  95 130  454 0  99 1 6 1 2 4 8 16 32
  96 170  234 0  37 1 6 1 2 4 8 16 32
  97 375  332 0  93 1 6 1 2 4 8 16 32
  98 852   69 0  38 1 6 1 2 4 8 16 32
  99 177  708 0  92 1 6 1 2 4 8 16 32
 100 159   28 0  98 1 6 1 2 4 8 16 32
 101 842  892 0  16 1 6 1 2 4 8 16 32
 102 288  887 0  80 1 6 1 2 4 8 16 32
 103 844  533 0  16 1 6 1 2 4 8 16 32
 104 342   87 0  52 1 6 1 2 4 8 16 32
 105 727  388 0  33 1 6 1 2 4 8 16 32
 106 800  380 0  77 1 6 1 2 4 8 16 32
 107  17  475 0   3 1 6 1 2 4 8 16 32
 108 749  669 0  56 1 6 1 2 4 8 16 32
 109 574  595 0  75 1 6 1 2 4 8 16 32
 110 414  488 0   5 1 6 1 2 4 8 16 32
 111 364  405 0  51 1 6 1 2 4 8 16 32
 112 510  672 0   9 1 6 1 2 4 8 16 32
 113 261  325 0   5 1 6 1 2 4 8 16 32
 114 102  518 0  22 1 6 1 2 4 8 16 32
 115 755  422 0  53 1 6 1 2 4 8 16 32
 116 375  208 0  12 1 6 1 2 4 8 16 32
 117 192  982 0  40 1 6 1 2 4 8 16 32
 118 213  769 0  59 1 6 1 2 4 8 16 32
 119 690   99 0  17 1 6 1 2 4 8 16 32
 120 742  314 0  27 1 6 1 2 4 8 16 32
 121 815  502 0 100 1 6 1 2 4 8 16 32
 122 330  904 0  14 1 6 1 2 4 8 16 32
 123 738  463 0  74 1 6 1 2 4 8 16 32
 124 878  122 0  98 1 6 1 2 4 8 16 32
 125 339  174 0  67 1 6 1 2 4 8 16 32
 126 233  507 0  92 1 6 1 2 4 8 16 32
 127 998  763 0  20 1 6 1 2 4 8 16 32
 128 758  363 0   2 1 6 1 2 4 8 16 32
 129 216  143 0  87 1 6 1 2 4 8 16 32
 130 845   82 0   6 1 6 1 2 4 8 16 32
 131 744  365 0  22 1 6 1 2 4 8 16 32
 132 852  600 0  74 1 6 1 2 4 8 16 32
 133 751  229 0   7 1 6 1 2 4 8 16 32
 134 978   23 0  24 1 6 1 2 4 8 16 32
 135 901  136 0  92 1 6 1 2 4 8 16 32
 136 919   51 0  25 1 6 1 2 4 8 16 32
 137 616  855 0   4 1 6 1 2 4 8 16 32
 138  16  186 0  99 1 6 1 2 4 8 16 32
 139  61  146 0  57 1 6 1 2 4 8 16 32
 140 490  811 0  89 1 6 1 2 4 8 16 32
 141 831  236 0  11 1 6 1 2 4 8 16 32
 142 832   22 0  93 1 6 1 2 4 8 16 32
 143 244  359 0   2 1 6 1 2 4 8 16 32
 144 849  674 0  34 1 6 1 2 4 8 16 32
 145 536  149 0  62 1 6 1 2 4 8 16 32
 146 734  992 0  20 1 6 1 2 4 8 16 32
 147 259  493 0  48 1 6 1 2 4 8 16 32
 148 883  657 0  20 1 6 1 2 4 8 16 32
 149  92  656 0  19 1 6 1 2 4 8 16 32
 150 609  975 0  14 1 6 1 2 4 8 16 32
 151 949  764 0  38 1 6 1 2 4 8 16 32
 152 930  744 0  51 1 6 1 2 4 8 16 32
 153 606  967 0  50 1 6 1 2 4 8 16 32
 154 577   79 0  47 1 6 1 2 4 8 16 32
 155 788  426 0  97 1 6 1 2 4 8 16 32
 156 145  641 0  69 1 6 1 2 4 8 16 32
 157 223  483 0  16 1 6 1 2 4 8 16 32
 158 486   51 0  49 1 6 1 2 4 8 16 32
 159 462  563 0  99 1 6 1 2 4 8 16 32
 160 641   74 0  79 1 6 1 2 4 8 16 32
 161 279  815 0  76 1 6 1 2 4 8 16 32
 162 384  393 0  91 1 6 1 2 4 8 16 32
 163 425  345 0  21 1 6 1 2 4 8 16 32
 164 664  809 0  55 1 6 1 2 4 8 16 32
 165 350  127 0  83 1 6 1 2 4 8 16 32
 166 135  172 0  48 1 6 1 2 4 8 16 32
 167 516  774 0  30 1 6 1 2 4 8 16 32
 168 963  524 0  26 1 6 1 2 4 8 16 32
 169 627  825 0  37 1 6 1 2 4 8 16 32
 170 104  373 0  63 1 6 1 2 4 8 16 32
 171 513  439 0  75 1 6 1 2 4 8 16 32
 172 684  347 0  51 1 6 1 2 4 8 16 32
 173 427  704 0  19 1 6 1 2 4 8 16 32
 174 629   62 0  95 1 6 1 2 4 8 16 32
 175 803   37 0  96 1 6 1 2 4 8 16 32
 176 984  770 0  20 1 6 1 2 4 8 16 32
 177 241  791 0  64 1 6 1 2 4 8 16 32
 178 681  180 0  72 1 6 1 2 4 8 16 32
 179 427  195 0  77 1 6 1 2 4 8 16 32
 180  23  790 0  40 1 6 1 2 4 8 16 32
 181 731  532 0  70 1 6 1 2 4 8 16 32
 182 257  981 0  42 1 6 1 2 4 8 16 32
 183  31  139 0  87 1 6 1 2 4 8 16 32
 184 491  217 0  54 1 6 1 2 4 8 16 32
 185 723  560 0  26 1 6 1 2 4 8 16 32
 186 305  356 0  20 1 6 1 2 4 8 16 32
 187 842  715 0  83 1 6 1 2 4 8 16 32
 188 756  345 0  29 1 6 1 2 4 8 16 32
 189 533  355 0  40 1 6 1 2 4 8 16 32
 190 795  589 0  77 1 6 1 2 4 8 16 32
 191 864  758 0  41 1 6 1 2 4 8 16 32
 192   8  425 0  80 1 6 1 2 4 8 16 32
 193 873   30 0  45 1 6 1 2 4 8 16 32
 194 294  494 0  94 1 6 1 2 4 8 16 32
 195 358  401 0  69 1 6 1 2 4 8 16 32
 196 690  376 0  43 1 6 1 2 4 8 16 32
 197 972   40 0  95 1 6 1 2 4 8 16 32
 198 708  604 0  61 1 6 1 2 4 8 16 32
 199 708  394 0  75 1 6 1 2 4 8 16 32
 200 849  927 0  14 1 6 1 2 4 8 16 32
 201 843  335 0  33 1 6 1 2 4 8 16 32
 202 112  638 0  68 1 6 1 2 4 8 16 32
 203  47   80 0  65 1 6 1 2 4 8 16 32
 204 175  662 0  69 1 6 1 2 4 8 16 32
 205 127  388 0  79 1 6 1 2 4 8 16 32
 206 781  733 0  34 1 6 1 2 4 8 16 32
 207 135  789 0  18 1 6 1 2 4 8 16 32
 208 329  779 0  21 1 6 1 2 4 8 16 32
 209 756  438 0  34 1 6 1 2 4 8 16 32
 210 532  458 0  85 1 6 1 2 4 8 16 32
 211 166  891 0  30 1 6 1 2 4 8 16 32
 212 380  663 0  55 1 6 1 2 4 8 16 32
 213 839  389 0  61 1 6 1 2 4 8 16 32
 214 975  368 0  44 1 6 1 2 4 8 16 32
 215 801  996 0  21 1 6 1 2 4 8 16 32
 216 280  288 0  28 1 6 1 2 4 8 16 32
 217 951  651 0  45 1 6 1 2 4 8 16 32
 218 926  700 0   5 1 6 1 2 4 8 16 32
 219 975  732 0  96 1 6 1 2 4 8 16 32
 220 344  615 0  75 1 6 1 2 4 8 16 32
 221 659  850 0  49 1 6 1 2 4 8 16 32
 222 474  546 0  29 1 6 1 2 4 8 16 32
 223 547   46 0  46 1 6 1 2 4 8 16 32
 224  88  345 0  92 1 6 1 2 4 8 16 32
 225 712  550 0   4 1 6 1 2 4 8 16 32
 226 974  563 0  11 1 6 1 2 4 8 16 32
 227 372  472 0  18 1 6 1 2 4 8 16 32
 228 103  873 0  47 1 6 1 2 4 8 16 32
 229 232  396 0  34 1 6 1 2 4 8 16 32
 230 294  180 0  93 1 6 1 2 4 8 16 32
 231 379   23 0  29 1 6 1 2 4 8 16 32
 232 511  926 0   7 1 6 1 2 4 8 16 32
 233 485  725 0  52 1 6 1 2 4 8 16 32
 234 947  168 0  78 1 6 1 2 4 8 16 32
 235 457  448 0  18 1 6 1 2 4 8 16 32
 236  34  508 0   8 1 6 1 2 4 8 16 32
 237 781  148 0  47 1 6 1 2 4 8 16 32
 238 956  863 0  34 1 6 1 2 4 8 16 32
 239 825  774 0  33 1 6 1 2 4 8 16 32
 240 657  737 0  43 1 6 1 2 4 8 16 32
 241 282  688 0  96 1 6 1 2 4 8 16 32
 242 239  254 0  63 1 6 1 2 4 8 16 32
 243 382  744 0   3 1 6 1 2 4 8 16 32
 244  48  247 0  65 1 6 1 2 4 8 16 32
 245 424  195 0  10 1 6 1 2 4 8 16 32
 246  12    3 0  39 1 6 1 2 4 8 16 32
 247 905  782 0  24 1 6 1 2 4 8 16 32
 248 809  632 0  83 1 6 1 2 4 8 16 32
 249 488  571 0  22 1 6 1 2 4 8 16 32
 250 520  974 0  66 1 6 1 2 4 8 16 32
 251 131  512 0  20 1 6 1 2 4 8 16 32
 252  74  205 0  16 1 6 1 2 4 8 16 32
 253 310  458 0  45 1 6 1 2 4 8 16 32
 254 215  643 0  45 1 6 1 2 4 8 16 32
 255 376  985 0  46 1 6 1 2 4 8 16 32
 256 501  454 0  43 1 6 1 2 4 8 16 32
 257 116  135 0  10 1 6 1 2 4 8 16 32
 258 584  589 0  65 1 6 1 2 4 8 16 32
 259 947  290 0  57 1 6 1 2 4 8 16 32
 260 210  240 0  49 1 6 1 2 4 8 16 32
 261  61    3 0  24 1 6 1 2 4 8 16 32
 262  64  888 0  63 1 6 1 2 4 8 16 32
 263 774  962 0   1 1 6 1 2 4 8 16 32
 264  74  728 0  32 1 6 1 2 4 8 16 32
 265 732   55 0  10 1 6 1 2 4 8 16 32
 266 782   76 0  98 1 6 1 2 4 8 16 32
 267 906  490 0  24 1 6 1 2 4 8 16 32
 268 883  635 0  14 1 6 1 2 4 8 16 32
 269 750  868 0  18 1 6 1 2 4 8 16 32
 270 517   95 0  75 1 6 1 2 4 8 16 32
 271 623   26 0  78 1 6 1 2 4 8 16 32
 272 199  664 0  83 1 6 1 2 4 8 16 32
 273 403  336 0  15 1 6 1 2 4 8 16 32
 274 692  398 0  12 1 6 1 2 4 8 16 32
 275 344  790 0  14 1 6 1 2 4 8 16 32
 276 641  658 0  55 1 6 1 2 4 8 16 32
 277 811  968 0  28 1 6 1 2 4 8 16 32
 278 226  128 0  55 1 6 1 2 4 8 16 32
 279 840  823 0  71 1 6 1 2 4 8 16 32
 280 168  608 0  10 1 6 1 2 4 8 16 32
 281 704  750 0  68 1 6 1 2 4 8 16 32
 282 912  956 0  67 1 6 1 2 4 8 16 32
 283  92  369 0  51 1 6 1 2 4 8 16 32
 284  66  347 0  65 1 6 1 2 4 8 16 32
 285 692  348 0  79 1 6 1 2 4 8 16 32
 286 690  896 0  15 1 6 1 2 4 8 16 32
 287 642  449 0  97 1 6 1 2 4 8 16 32
 288 460  480 0  70 1 6 1 2 4 8 16 32
 289  53  363 0  70 1 6 1 2 4 8 16 32
 290 710  288 0  79 1 6 1 2 4 8 16 32
 291 109  926 0  56 1 6 1 2 4 8 16 32
 292 822   25 0  73 1 6 1 2 4 8 16 32
 293 712  660 0  82 1 6 1 2 4 8 16 32
 294 368  189 0  72 1 6 1 2 4 8 16 32
 295 573  596 0  79 1 6 1 2 4 8 16 32
 296 923  240 0  10 1 6 1 2 4 8 16 32
 297  74  796 0  10 1 6 1 2 4 8 16 32
 298 168  585 0  31 1 6 1 2 4 8 16 32
 299 941  845 0  75 1 6 1 2 4 8 16 32
 300 246  274 0  40 1 6 1 2 4 8 16 32
 301 411  396 0  80 1 6 1 2 4 8 16 32
 302 577  261 0  80 1 6 1 2 4 8 16 32
 303 390  631 0  37 1 6 1 2 4 8 16 32
 304 599  664 0  13 1 6 1 2 4 8 16 32
 305 503  904 0  89 1 6 1 2 4 8 16 32
 306  89  252 0  65 1 6 1 2 4 8 16 32
 307 660  174 0  33 1 6 1 2 4 8 16 32
 308 951  987 0   9 1 6 1 2 4 8 16 32
 309 336  371 0  12 1 6 1 2 4 8 16 32
 310 809  293 0  57 1 6 1 2 4 8 16 32
 311 843  953 0  38 1 6 1 2 4 8 16 32
 312 110  838 0  78 1 6 1 2 4 8 16 32
 313 663  544 0  18 1 6 1 2 4 8 16 32
 314 900  210 0  60 1 6 1 2 4 8 16 32
 315 476   71 0  29 1 6 1 2 4 8 16 32
 316 573  973 0  16 1 6 1 2 4 8 16 32
 317 245  160 0  34 1 6 1 2 4 8 16 32
 318 739  505 0  85 1 6 1 2 4 8 16 32
 319 516  386 0  82 1 6 1 2 4 8 16 32
 320 557  759 0  64 1 6 1 2 4 8 16 32
 321 489   76 0  39 1 6 1 2 4 8 16 32
 322 597  923 0  70 1 6 1 2 4 8 16 32
 323 100  216 0  34 1 6 1 2 4 8 16 32
 324 182   70 0  11 1 6 1 2 4 8 16 32
 325  41  380 0  62 1 6 1 2 4 8 16 32
 326 834   75 0  21 1 6 1 2 4 8 16 32
 327  55  552 0  75 1 6 1 2 4 8 16 32
 328  59  554 0   1 1 6 1 2 4 8 16 32
 329 363  551 0  42 1 6 1 2 4 8 16 32
 330 909  940 0  23 1 6 1 2 4 8 16 32
 331 243  333 0  57 1 6 1 2 4 8 16 32
 332 640  773 0  53 1 6 1 2 4 8 16 32
 333 918  593 0  76 1 6 1 2 4 8 16 32
 334 748  401 0  19 1 6 1 2 4 8 16 32
 335 663  573 0  79 1 6 1 2 4 8 16 32
 336 499  450 0  60 1 6 1 2 4 8 16 32
 337  93  811 0  75 1 6 1 2 4 8 16 32
 338 709  985 0  88 1 6 1 2 4 8 16 32
 339 255   51 0  86 1 6 1 2 4 8 16 32
 340 942  124 0  25 1 6 1 2 4 8 16 32
 341 636  719 0  80 1 6 1 2 4 8 16 32
 342 703  633 0  65 1 6 1 2 4 8 16 32
 343 386  229 0  22 1 6 1 2 4 8 16 32
 344 660  946 0  73 1 6 1 2 4 8 16 32
 345 200  593 0  38 1 6 1 2 4 8 16 32
 346 389  668 0  36 1 6 1 2 4 8 16 32
 347 187  612 0  46 1 6 1 2 4 8 16 32
 348  66  827 0  72 1 6 1 2 4 8 16 32
 349 484  709 0  13 1 6 1 2 4 8 16 32
 350  99  274 0  90 1 6 1 2 4 8 16 32
 351 834  134 0  40 1 6 1 2 4 8 16 32
 352 658  549 0  90 1 6 1 2 4 8 16 32
 353 828  515 0  87 1 6 1 2 4 8 16 32
 354 352   28 0  99 1 6 1 2 4 8 16 32
 355 497  785 0  12 1 6 1 2 4 8 16 32
 356 136  522 0  63 1 6 1 2 4 8 16 32
 357  25  458 0  69 1 6 1 2 4 8 16 32
 358 194  154 0  10 1 6 1 2 4 8 16 32
 359  32  173 0  37 1 6 1 2 4 8 16 32
 360 621  453 0  15 1 6 1 2 4 8 16 32
 361 549  257 0  56 1 6 1 2 4 8 16 32
 362 256  726 0  48 1 6 1 2 4 8 16 32
 363 104  898 0  71 1 6 1 2 4 8 16 32
 364  33  209 0  98 1 6 1 2 4 8 16 32
 365 158  736 0  80 1 6 1 2 4 8 16 32
 366 173  472 0  16 1 6 1 2 4 8 16 32
 367 885  729 0  93 1 6 1 2 4 8 16 32
 368 366  969 0  51 1 6 1 2 4 8 16 32
 369 416  454 0  36 1 6 1 2 4 8 16 32
 370 306  105 0  60 1 6 1 2 4 8 16 32
 371 311  214 0  85 1 6 1 2 4 8 16 32
 372 208   56 0  20 1 6 1 2 4 8 16 32
 373 176  277 0  21 1 6 1 2 4 8 16 32
 374 482  900 0  34 1 6 1 2 4 8 16 32
 375 777  526 0  24 1 6 1 2 4 8 16 32
 376 105  549 0   9 1 6 1 2 4 8 16 32
 377 566  305 0  19 1 6 1 2 4 8 16 32
 378 210  568 0  79 1 6 1 2 4 8 16 32
 379 750  513 0  70 1 6 1 2 4 8 16 32
 380 793   98 0  97 1 6 1 2 4 8 16 32
 381 485   46 0  64 1 6 1 2 4 8 16 32
 382 207  402 0  58 1 6 1 2 4 8 16 32
 383 808  436 0  41 1 6 1 2 4 8 16 32
 384 992  210 0  52 1 6 1 2 4 8 16 32
 385 852  745 0  52 1 6 1 2 4 8 16 32
 386 966  613 0  13 1 6 1 2 4 8 16 32
 387 762  863 0  98 1 6 1 2 4 8 16 32
 388 576  468 0  20 1 6 1 2 4 8 16 32
 389 269  508 0  67 1 6 1 2 4 8 16 32
 390  74  679 0  22 1 6 1 2 4 8 16 32
 391 545  298 0  59 1 6 1 2 4 8 16 32
 392 865  190 0  58 1 6 1 2 4 8 16 32
 393 348  340 0  95 1 6 1 2 4 8 16 32
 394 732  988 0  63 1 6 1 2 4 8 16 32
 395 486  974 0  17 1 6 1 2 4 8 16 32
 396 757  154 0  78 1 6 1 2 4 8 16 32
 397 775  680 0   1 1 6 1 2 4 8 16 32
 398 977  113 0  33 1 6 1 2 4 8 16 32
 399 194  844 0  37 1 6 1 2 4 8 16 32
 400 279  305 0  80 1 6 1 2 4 8 16 32
 401 363  533 0  91 1 6 1 2 4 8 16 32
 402 559  936 0  94 1 6 1 2 4 8 16 32
 403  93  231 0  46 1 6 1 2 4 8 16 32
 404 893  943 0  67 1 6 1 2 4 8 16 32
 405 306  947 0   2 1 6 1 2 4 8 16 32
 406 461   43 0  27 1 6 1 2 4 8 16 32
 407 377  551 0  82 1 6 1 2 4 8 16 32
 408 605  472 0  88 1 6 1 2 4 8 16 32
 409 894  759 0  56 1 6 1 2 4 8 16 32
 410  22  242 0  42 1 6 1 2 4 8 16 32
 411 133  620 0  64 1 6 1 2 4 8 16 32
 412 242 1000 0  27 1 6 1 2 4 8 16 32
 413 411  445 0  84 1 6 1 2 4 8 16 32
 414 142  203 0  12 1 6 1 2 4 8 16 32
 415 261  659 0  18 1 6 1 2 4 8 16 32
 416 988  847 0  61 1 6 1 2 4 8 16 32
 417 426  251 0  79 1 6 1 2 4 8 16 32
 418 304  202 0  97 1 6 1 2 4 8 16 32
 419 799  909 0  32 1 6 1 2 4 8 16 32
 420 661  740 0   5 1 6 1 2 4 8 16 32
 421 297   90 0  41 1 6 1 2 4 8 16 32
 422 816  698 0  25 1 6 1 2 4 8 16 32
 423 375  249 0  78 1 6 1 2 4 8 16 32
 424 303  519 0  73 1 6 1 2 4 8 16 32
 425  84  153 0  33 1 6 1 2 4 8 16 32
 426 621  608 0  81 1 6 1 2 4 8 16 32
 427 859  681 0  10 1 6 1 2 4 8 16 32
 428 288  946 0  46 1 6 1 2 4 8 16 32
 429  95  317 0  57 1 6 1 2 4 8 16 32
 430 687  323 0  71 1 6 1 2 4 8 16 32
 431 171  467 0  83 1 6 1 2 4 8 16 32
 432 752  895 0  27 1 6 1 2 4 8 16 32
 433  55  942 0   5 1 6 1 2 4 8 16 32
 434  92  584 0  50 1 6 1 2 4 8 16 32
 435 278  348 0  49 1 6 1 2 4 8 16 32
 436 902  484 0  84 1 6 1 2 4 8 16 32
 437 650  864 0 100 1 6 1 2 4 8 16 32
 438 985  999 0  91 1 6 1 2 4 8 16 32
 439 641  213 0  66 1 6 1 2 4 8 16 32
 440 881  339 0  67 1 6 1 2 4 8 16 32
 441 815  643 0   1 1 6 1 2 4 8 16 32
 442 927  548 0  53 1 6 1 2 4 8 16 32
 443 691  782 0  59 1 6 1 2 4 8 16 32
 444 515  750 0  30 1 6 1 2 4 8 16 32
 445 523  397 0  93 1 6 1 2 4 8 16 32
 446 245  524 0  89 1 6 1 2 4 8 16 32
 447 778  124 0   2 1 6 1 2 4 8 16 32
 448  55  249 0   8 1 6 1 2 4 8 16 32
 449 244  839 0  58 1 6 1 2 4 8 16 32
 450 341  927 0  91 1 6 1 2 4 8 16 32
 451 968  133 0  77 1 6 1 2 4 8 16 32
 452 752  614 0  73 1 6 1 2 4 8 16 32
 453 807  834 0  38 1 6 1 2 4 8 16 32
 454 677  523 0  44 1 6 1 2 4 8 16 32
 455 890  679 0  71 1 6 1 2 4 8 16 32
 456 512  204 0  74 1 6 1 2 4 8 16 32
 457   5  598 0 100 1 6 1 2 4 8 16 32
 458 174  843 0  16 1 6 1 2 4 8 16 32
 459 120  412 0  65 1 6 1 2 4 8 16 32
 460 509  965 0  50 1 6 1 2 4 8 16 32
 461 953  634 0  21 1 6 1 2 4 8 16 32
 462 665  871 0  93 1 6 1 2 4 8 16 32
 463 293  772 0  43 1 6 1 2 4 8 16 32
 464 893  200 0  27 1 6 1 2 4 8 16 32
 465 732   98 0  28 1 6 1 2 4 8 16 32
 466  76  566 0  20 1 6 1 2 4 8 16 32
 467  34  731 0  36 1 6 1 2 4 8 16 32
 468 622  561 0  37 1 6 1 2 4 8 16 32
 469 751  759 0  65 1 6 1 2 4 8 16 32
 470 160  694 0  79 1 6 1 2 4 8 16 32
 471 718  930 0  60 1 6 1 2 4 8 16 32
 472 317  805 0  61 1 6 1 2 4 8 16 32
 473 719  421 0  10 1 6 1 2 4 8 16 32
 474 445  827 0  86 1 6 1 2 4 8 16 32
 475 694  641 0  38 1 6 1 2 4 8 16 32
 476 105  230 0  88 1 6 1 2 4 8 16 32
 477 629   26 0  70 1 6 1 2 4 8 16 32
 478 782  892 0  10 1 6 1 2 4 8 16 32
 479 336  442 0  97 1 6 1 2 4 8 16 32
 480 346  469 0  61 1 6 1 2 4 8 16 32
 481 914   78 0  72 1 6 1 2 4 8 16 32
 482 397  346 0  14 1 6 1 2 4 8 16 32
 483 662  758 0  47 1 6 1 2 4 8 16 32
 484 311   29 0  86 1 6 1 2 4 8 16 32
 485 898  690 0  44 1 6 1 2 4 8 16 32
 486 466  813 0  21 1 6 1 2 4 8 16 32
 487 508  694 0  15 1 6 1 2 4 8 16 32
 488  36   12 0  85 1 6 1 2 4 8 16 32
 489 507  722 0  25 1 6 1 2 4 8 16 32
 490 449  948 0   3 1 6 1 2 4 8 16 32
 491 651  975 0  39 1 6 1 2 4 8 16 32
 492 408  823 0  89 1 6 1 2 4 8 16 32
 493 631  384 0  18 1 6 1 2 4 8 16 32
 494 889   48 0  78 1 6 1 2 4 8 16 32
 495  85  191 0  82 1 6 1 2 4 8 16 32
 496 497  510 0  25 1 6 1 2 4 8 16 32
 497 954  595 0  51 1 6 1 2 4 8 16 32
 498 774  199 0  25 1 6 1 2 4 8 16 32
 499  36  703 0  13 1 6 1 2 4 8 16 32
 500 434  986 0  83 1 6 1 2 4 8 16 32
 501 587  175 0  32 1 6 1 2 4 8 16 32
 502 557  849 0   3 1 6 1 2 4 8 16 32
 503 122  697 0  28 1 6 1 2 4 8 16 32
 504 104  424 0  18 1 6 1 2 4 8 16 32
 505 662  623 0  59 1 6 1 2 4 8 16 32
 506 412  500 0  29 1 6 1 2 4 8 16 32
 507 818   92 0   6 1 6 1 2 4 8 16 32
 508 954  597 0  41 1 6 1 2 4 8 16 32
 509 811  795 0  45 1 6 1 2 4 8 16 32
 510 432  406 0  99 1 6 1 2 4 8 16 32
 511 418  445 0  49 1 6 1 2 4 8 16 32
 512 604  328 0  45 1 6 1 2 4 8 16 32
 513 322  976 0  42 1 6 1 2 4 8 16 32
 514 676  383 0  99 1 6 1 2 4 8 16 32
 515 686  243 0  49 1 6 1 2 4 8 16 32
 516 209  611 0  49 1 6 1 2 4 8 16 32
 517  65  496 0  77 1 6 1 2 4 8 16 32
 518  94  310 0  41 1 6 1 2 4 8 16 32
 519 567  325 0  99 1 6 1 2 4 8 16 32
 520 583   40 0  34 1 6 1 2 4 8 16 32
 521 466  145 0  23 1 6 1 2 4 8 16 32
 522 828  538 0  43 1 6 1 2 4 8 16 32
 523 204  482 0  34 1 6 1 2 4 8 16 32
 524 226  246 0  32 1 6 1 2 4 8 16 32
 525 606  521 0  44 1 6 1 2 4 8 16 32
 526 170  723 0  60 1 6 1 2 4 8 16 32
 527 438  752 0  43 1 6 1 2 4 8 16 32
 528 778  334 0  21 1 6 1 2 4 8 16 32
 529 297  309 0  62 1 6 1 2 4 8 16 32
 530 951  100 0  76 1 6 1 2 4 8 16 32
 531 151  231 0  22 1 6 1 2 4 8 16 32
 532 228  294 0  68 1 6 1 2 4 8 16 32
 533 627  789 0  80 1 6 1 2 4 8 16 32
 534 817  197 0  10 1 6 1 2 4 8 16 32
 535 822  899 0  80 1 6 1 2 4 8 16 32
 536 858  430 0  58 1 6 1 2 4 8 16 32
 537 373  843 0   3 1 6 1 2 4 8 16 32
 538 960  922 0  74 1 6 1 2 4 8 16 32
 539 274  366 0   5 1 6 1 2 4 8 16 32
 540 720   65 0  59 1 6 1 2 4 8 16 32
 541 327  935 0   7 1 6 1 2 4 8 16 32
 542 603  632 0  27 1 6 1 2 4 8 16 32
 543 779  931 0  59 1 6 1 2 4 8 16 32
 544 886  531 0  73 1 6 1 2 4 8 16 32
 545 623  651 0   8 1 6 1 2 4 8 16 32
 546 641  699 0  53 1 6 1 2 4 8 16 32
 547 807  343 0  53 1 6 1 2 4 8 16 32
 548 202  120 0  40 1 6 1 2 4 8 16 32
 549 387  274 0  16 1 6 1 2 4 8 16 32
 550 233  278 0  58 1 6 1 2 4 8 16 32
 551 306  530 0  50 1 6 1 2 4 8 16 32
 552 705  362 0  90 1 6 1 2 4 8 16 32
 553 275  349 0  26 1 6 1 2 4 8 16 32
 554 965  918 0  46 1 6 1 2 4 8 16 32
 555 684  597 0  69 1 6 1 2 4 8 16 32
 556 130  960 0  10 1 6 1 2 4 8 16 32
 557 743  787 0   9 1 6 1 2 4 8 16 32
 558 296  578 0  50 1 6 1 2 4 8 16 32
 559 455  337 0  11 1 6 1 2 4 8 16 32
 560 690  341 0  64 1 6 1 2 4 8 16 32
 561  12  454 0   2 1 6 1 2 4 8 16 32
 562 909  738 0  42 1 6 1 2 4 8 16 32
 563 210  707 0  89 1 6 1 2 4 8 16 32
 564 971   10 0  33 1 6 1 2 4 8 16 32
 565 612  499 0  83 1 6 1 2 4 8 16 32
 566 434  398 0   7 1 6 1 2 4 8 16 32
 567 701  810 0  62 1 6 1 2 4 8 16 32
 568 175  328 0  16 1 6 1 2 4 8 16 32
 569 192  296 0   6 1 6 1 2 4 8 16 32
 570 236  526 0  17 1 6 1 2 4 8 16 32
 571 505  856 0  56 1 6 1 2 4 8 16 32
 572 948  359 0  72 1 6 1 2 4 8 16 32
 573 165  548 0  37 1 6 1 2 4 8 16 32
 574 269  206 0  98 1 6 1 2 4 8 16 32
 575 300  887 0  34 1 6 1 2 4 8 16 32
 576 179  664 0   5 1 6 1 2 4 8 16 32
 577 781  713 0  27 1 6 1 2 4 8 16 32
 578 861  456 0  71 1 6 1 2 4 8 16 32
 579 650  597 0  90 1 6 1 2 4 8 16 32
 580 705  198 0  64 1 6 1 2 4 8 16 32
 581 295  426 0 100 1 6 1 2 4 8 16 32
 582 824   58 0  55 1 6 1 2 4 8 16 32
 583 141  633 0  69 1 6 1 2 4 8 16 32
 584  81   13 0  99 1 6 1 2 4 8 16 32
 585 144   48 0  85 1 6 1 2 4 8 16 32
 586 773  903 0  80 1 6 1 2 4 8 16 32
 587 167  893 0  43 1 6 1 2 4 8 16 32
 588 488  483 0  98 1 6 1 2 4 8 16 32
 589 634  373 0  49 1 6 1 2 4 8 16 32
 590 190  945 0   6 1 6 1 2 4 8 16 32
 591 301  317 0  94 1 6 1 2 4 8 16 32
 592 278  882 0  22 1 6 1 2 4 8 16 32
 593 424  116 0  56 1 6 1 2 4 8 16 32
 594 748   17 0  41 1 6 1 2 4 8 16 32
 595 243  398 0  32 1 6 1 2 4 8 16 32
 596 248  548 0   4 1 6 1 2 4 8 16 32
 597 517  812 0  22 1 6 1 2 4 8 16 32
 598  38   63 0  90 1 6 1 2 4 8 16 32
 599 802  610 0  56 1 6 1 2 4 8 16 32
 600  50  824 0  17 1 6 1 2 4 8 16 32
 601 911  950 0  93 1 6 1 2 4 8 16 32
 602 331  617 0  75 1 6 1 2 4 8 16 32
 603 994   19 0  82 1 6 1 2 4 8 16 32
 604 164  541 0  10 1 6 1 2 4 8 16 32
 605 608  914 0  73 1 6 1 2 4 8 16 32
 606 828  763 0  16 1 6 1 2 4 8 16 32
 607 303  180 0  31 1 6 1 2 4 8 16 32
 608 489  361 0  98 1 6 1 2 4 8 16 32
 609 228  222 0  63 1 6 1 2 4 8 16 32
 610 216  323 0  50 1 6 1 2 4 8 16 32
 611  40  756 0  29 1 6 1 2 4 8 16 32
 612 520  850 0  15 1 6 1 2 4 8 16 32
 613 576  349 0   4 1 6 1 2 4 8 16 32
 614 451  603 0  35 1 6 1 2 4 8 16 32
 615 961  486 0   5 1 6 1 2 4 8 16 32
 616 317  686 0  18 1 6 1 2 4 8 16 32
 617  82  240 0  91 1 6 1 2 4 8 16 32
 618 809  489 0  45 1 6 1 2 4 8 16 32
 619 305  691 0  96 1 6 1 2 4 8 16 32
 620 980  579 0   5 1 6 1 2 4 8 16 32
 621 728  855 0  28 1 6 1 2 4 8 16 32
 622 834  317 0  67 1 6 1 2 4 8 16 32
 623 613  552 0  10 1 6 1 2 4 8 16 32
 624 509  964 0  22 1 6 1 2 4 8 16 32
 625 403  727 0  79 1 6 1 2 4 8 16 32
 626 199  580 0  16 1 6 1 2 4 8 16 32
 627 866  582 0  97 1 6 1 2 4 8 16 32
 628 856  794 0  92 1 6 1 2 4 8 16 32
 629 581  870 0  85 1 6 1 2 4 8 16 32
 630 826  314 0  38 1 6 1 2 4 8 16 32
 631 290  430 0   8 1 6 1 2 4 8 16 32
 632 768  841 0  20 1 6 1 2 4 8 16 32
 633 867  557 0  14 1 6 1 2 4 8 16 32
 634 824  864 0  73 1 6 1 2 4 8 16 32
 635 429  758 0  26 1 6 1 2 4 8 16 32
 636  40   71 0  71 1 6 1 2 4 8 16 32
 637 339  421 0  43 1 6 1 2 4 8 16 32
 638 677  626 0  23 1 6 1 2 4 8 16 32
 639 597  255 0  25 1 6 1 2 4 8 16 32
 640 224  471 0  82 1 6 1 2 4 8 16 32
 641  82  841 0  85 1 6 1 2 4 8 16 32
 642 662   78 0  78 1 6 1 2 4 8 16 32
 643 951  398 0  87 1 6 1 2 4 8 16 32
 644 586  101 0  48 1 6 1 2 4 8 16 32
 645 756  229 0  87 1 6 1 2 4 8 16 32
 646 987  133 0  94 1 6 1 2 4 8 16 32
 647 836  728 0  87 1 6 1 2 4 8 16 32
 648 709  190 0   3 1 6 1 2 4 8 16 32
 649 637  448 0   3 1 6 1 2 4 8 16 32
 650 429  137 0  37 1 6 1 2 4 8 16 32
 651 670  155 0  32 1 6 1 2 4 8 16 32
 652 165  535 0   9 1 6 1 2 4 8 16 32
 653 687  810 0  56 1 6 1 2 4 8 16 32
 654 254  685 0  91 1 6 1 2 4 8 16 32
 655 169  114 0  31 1 6 1 2 4 8 16 32
 656  33  949 0  78 1 6 1 2 4 8 16 32
 657 553   30 0  87 1 6 1 2 4 8 16 32
 658 268  333 0  99 1 6 1 2 4 8 16 32
 659 608  341 0  37 1 6 1 2 4 8 16 32
 660 692  286 0  17 1 6 1 2 4 8 16 32
 661 742  933 0  63 1 6 1 2 4 8 16 32
 662 454  546 0  71 1 6 1 2 4 8 16 32
 663  71  710 0  37 1 6 1 2 4 8 16 32
 664 439  512 0  20 1 6 1 2 4 8 16 32
 665  15  185 0  72 1 6 1 2 4 8 16 32
 666 930  253 0  69 1 6 1 2 4 8 16 32
 667 254  256 0  63 1 6 1 2 4 8 16 32
 668 487  352 0  11 1 6 1 2 4 8 16 32
 669 275  451 0  94 1 6 1 2 4 8 16 32
 670 617  733 0  81 1 6 1 2 4 8 16 32
 671 883  766 0  28 1 6 1 2 4 8 16 32
 672 715  407 0  55 1 6 1 2 4 8 16 32
 673 836  782 0  65 1 6 1 2 4 8 16 32
 674 236  983 0  48 1 6 1 2 4 8 16 32
 675  39  652 0  11 1 6 1 2 4 8 16 32
 676  95  894 0   3 1 6 1 2 4 8 16 32
 677 304  828 0  82 1 6 1 2 4 8 16 32
 678 874  990 0  62 1 6 1 2 4 8 16 32
 679 843  712 0  41 1 6 1 2 4 8 16 32
 680 886  118 0  37 1 6 1 2 4 8 16 32
 681 832  412 0  94 1 6 1 2 4 8 16 32
 682 979  783 0  13 1 6 1 2 4 8 16 32
 683 480  593 0   5 1 6 1 2 4 8 16 32
 684 411  413 0  42 1 6 1 2 4 8 16 32
 685 733  295 0  22 1 6 1 2 4 8 16 32
 686 357  447 0  78 1 6 1 2 4 8 16 32
 687 189  933 0  67 1 6 1 2 4 8 16 32
 688 335  723 0  37 1 6 1 2 4 8 16 32
 689 140  965 0  81 1 6 1 2 4 8 16 32
 690 860  704 0  68 1 6 1 2 4 8 16 32
 691 408   37 0  20 1 6 1 2 4 8 16 32
 692 720  379 0  32 1 6 1 2 4 8 16 32
 693 235   72 0  58 1 6 1 2 4 8 16 32
 694  65  279 0  78 1 6 1 2 4 8 16 32
 695 146  244 0  12 1 6 1 2 4 8 16 32
 696  95  920 0  59 1 6 1 2 4 8 16 32
 697 184  907 0 100 1 6 1 2 4 8 16 32
 698 366  730 0  61 1 6 1 2 4 8 16 32
 699 404  282 0  60 1 6 1 2 4 8 16 32
 700 129  993 0  65 1 6 1 2 4 8 16 32
 701 920  399 0  80 1 6 1 2 4 8 16 32
 702 907  802 0  12 1 6 1 2 4 8 16 32
 703 152   97 0  27 1 6 1 2 4 8 16 32
 704  60  490 0  10 1 6 1 2 4 8 16 32
 705 433  616 0  69 1 6 1 2 4 8 16 32
 706 613  816 0  41 1 6 1 2 4 8 16 32
 707 700  262 0  64 1 6 1 2 4 8 16 32
 708 738  478 0  20 1 6 1 2 4 8 16 32
 709 525  942 0  50 1 6 1 2 4 8 16 32
 710 763  858 0  84 1 6 1 2 4 8 16 32
 711  39  542 0  17 1 6 1 2 4 8 16 32
 712 552  476 0  93 1 6 1 2 4 8 16 32
 713 511  911 0  75 1 6 1 2 4 8 16 32
 714 454  258 0  31 1 6 1 2 4 8 16 32
 715 910  125 0   8 1 6 1 2 4 8 16 32
 716 280  534 0  40 1 6 1 2 4 8 16 32
 717 280  424 0  48 1 6 1 2 4 8 16 32
 718 851  632 0   4 1 6 1 2 4 8 16 32
 719 448  121 0  85 1 6 1 2 4 8 16 32
 720 772  297 0  64 1 6 1 2 4 8 16 32
 721 562   65 0  55 1 6 1 2 4 8 16 32
 722 695  401 0   5 1 6 1 2 4 8 16 32
 723 162  350 0  68 1 6 1 2 4 8 16 32
 724 115  241 0  96 1 6 1 2 4 8 16 32
 725 305  192 0  15 1 6 1 2 4 8 16 32
 726 429  842 0  91 1 6 1 2 4 8 16 32
 727 397  197 0  10 1 6 1 2 4 8 16 32
 728 840  517 0  79 1 6 1 2 4 8 16 32
 729 189  238 0  97 1 6 1 2 4 8 16 32
 730 622  422 0  68 1 6 1 2 4 8 16 32
 731 379  729 0  12 1 6 1 2 4 8 16 32
 732 163  476 0  32 1 6 1 2 4 8 16 32
 733 636  769 0  30 1 6 1 2 4 8 16 32
 734 792  206 0  30 1 6 1 2 4 8 16 32
 735 764  245 0  35 1 6 1 2 4 8 16 32
 736  24  793 0  62 1 6 1 2 4 8 16 32
 737 608  936 0  61 1 6 1 2 4 8 16 32
 738 554  318 0  46 1 6 1 2 4 8 16 32
 739 831  883 0  43 1 6 1 2 4 8 16 32
 740  37  937 0  12 1 6 1 2 4 8 16 32
 741 773  696 0  57 1 6 1 2 4 8 16 32
 742 683  543 0  14 1 6 1 2 4 8 16 32
 743 143  302 0  16 1 6 1 2 4 8 16 32
 744 911  884 0  46 1 6 1 2 4 8 16 32
 745 258  973 0  10 1 6 1 2 4 8 16 32
 746 976  324 0  17 1 6 1 2 4 8 16 32
 747 993  589 0  96 1 6 1 2 4 8 16 32
 748 451  541 0  96 1 6 1 2 4 8 16 32
 749 553   60 0  67 1 6 1 2 4 8 16 32
 750 469  516 0   3 1 6 1 2 4 8 16 32
 751 657  830 0  63 1 6 1 2 4 8 16 32
 752 589  527 0  47 1 6 1 2 4 8 16 32
 753 366  768 0  62 1 6 1 2 4 8 16 32
 754 430  256 0   8 1 6 1 2 4 8 16 32
 755 119  329 0  53 1 6 1 2 4 8 16 32
 756 984  837 0  26 1 6 1 2 4 8 16 32
 757 465  730 0  89 1 6 1 2 4 8 16 32
 758 256  623 0  79 1 6 1 2 4 8 16 32
 759 255  258 0  82 1 6 1 2 4 8 16 32
 760 811  544 0  28 1 6 1 2 4 8 16 32
 761 618  110 0  51 1 6 1 2 4 8 16 32
 762 326  905 0  94 1 6 1 2 4 8 16 32
 763 153  472 0  77 1 6 1 2 4 8 16 32
 764 949  561 0  95 1 6 1 2 4 8 16 32
 765 713  300 0  35 1 6 1 2 4 8 16 32
 766 114  225 0  17 1 6 1 2 4 8 16 32
 767 443  762 0  43 1 6 1 2 4 8 16 32
 768 794  477 0  44 1 6 1 2 4 8 16 32
 769 889  823 0  75 1 6 1 2 4 8 16 32
 770 597  302 0  68 1 6 1 2 4 8 16 32
 771 822  520 0  32 1 6 1 2 4 8 16 32
 772 315  134 0  24 1 6 1 2 4 8 16 32
 773 551  151 0   7 1 6 1 2 4 8 16 32
 774 141  607 0  31 1 6 1 2 4 8 16 32
 775 555  524 0  48 1 6 1 2 4 8 16 32
 776 791  113 0  93 1 6 1 2 4 8 16 32
 777 843  807 0 100 1 6 1 2 4 8 16 32
 778 807  796 0  67 1 6 1 2 4 8 16 32
 779 646  125 0  29 1 6 1 2 4 8 16 32
 780  63  242 0  82 1 6 1 2 4 8 16 32
 781 964  774 0  90 1 6 1 2 4 8 16 32
 782 311  853 0  75 1 6 1 2 4 8 16 32
 783 922   37 0   2 1 6 1 2 4 8 16 32
 784 719  172 0  20 1 6 1 2 4 8 16 32
 785 437  679 0  51 1 6 1 2 4 8 16 32
 786 924  320 0  65 1 6 1 2 4 8 16 32
 787 901  730 0  19 1 6 1 2 4 8 16 32
 788 949  405 0  55 1 6 1 2 4 8 16 32
 789 543  581 0  22 1 6 1 2 4 8 16 32
 790 617  100 0  15 1 6 1 2 4 8 16 32
 791 121  838 0  49 1 6 1 2 4 8 16 32
 792 692  179 0  68 1 6 1 2 4 8 16 32
 793 402   53 0  48 1 6 1 2 4 8 16 32
 794 145  827 0  18 1 6 1 2 4 8 16 32
 795 368  862 0   9 1 6 1 2 4 8 16 32
 796 545  194 0  20 1 6 1 2 4 8 16 32
 797 808  550 0  80 1 6 1 2 4 8 16 32
 798 383  480 0  61 1 6 1 2 4 8 16 32
 799 530  660 0  81 1 6 1 2 4 8 16 32
 800 772  422 0  57 1 6 1 2 4 8 16 32
 801 220  978 0  20 1 6 1 2 4 8 16 32
 802 704  503 0  96 1 6 1 2 4 8 16 32
 803 469   78 0  17 1 6 1 2 4 8 16 32
 804 497   45 0 100 1 6 1 2 4 8 16 32
 805 773  798 0  12 1 6 1 2 4 8 16 32
 806 985  111 0  41 1 6 1 2 4 8 16 32
 807 297  451 0  84 1 6 1 2 4 8 16 32
 808 288  161 0  60 1 6 1 2 4 8 16 32
 809 980  153 0  93 1 6 1 2 4 8 16 32
 810 401  453 0  76 1 6 1 2 4 8 16 32
 811 909  964 0  26 1 6 1 2 4 8 16 32
 812  15  274 0  91 1 6 1 2 4 8 16 32
 813 582   56 0  77 1 6 1 2 4 8 16 32
 814 828  982 0  57 1 6 1 2 4 8 16 32
 815 681  531 0  60 1 6 1 2 4 8 16 32
 816 580   95 0  85 1 6 1 2 4 8 16 32
 817 611  137 0  37 1 6 1 2 4 8 16 32
 818 790  261 0   6 1 6 1 2 4 8 16 32
 819 752  409 0  63 1 6 1 2 4 8 16 32
 820 353  819 0  96 1 6 1 2 4 8 16 32
 821 169   52 0  11 1 6 1 2 4 8 16 32
 822 690  233 0  19 1 6 1 2 4 8 16 32
 823 544  856 0  73 1 6 1 2 4 8 16 32
 824 523  891 0  81 1 6 1 2 4 8 16 32
 825 118  651 0  28 1 6 1 2 4 8 16 32
 826 601  575 0  92 1 6 1 2 4 8 16 32
 827 348  800 0   8 1 6 1 2 4 8 16 32
 828 688  380 0 100 1 6 1 2 4 8 16 32
 829 308  261 0  47 1 6 1 2 4 8 16 32
 830 371  329 0  15 1 6 1 2 4 8 16 32
 831 243  927 0  64 1 6 1 2 4 8 16 32
 832 267  594 0  47 1 6 1 2 4 8 16 32
 833 609  444 0  42 1 6 1 2 4 8 16 32
 834 623  636 0  58 1 6 1 2 4 8 16 32
 835 779  579 0  96 1 6 1 2 4 8 16 32
 836 775  241 0  83 1 6 1 2 4 8 16 32
 837 731  267 0  24 1 6 1 2 4 8 16 32
 838 139  890 0  90 1 6 1 2 4 8 16 32
 839 625  554 0  81 1 6 1 2 4 8 16 32
 840 515  738 0  84 1 6 1 2 4 8 16 32
 841 496  868 0  92 1 6 1 2 4 8 16 32
 842 836  258 0  67 1 6 1 2 4 8 16 32
 843 407   60 0  30 1 6 1 2 4 8 16 32
 844 565  822 0  14 1 6 1 2 4 8 16 32
 845 418  752 0  66 1 6 1 2 4 8 16 32
 846 883  149 0  84 1 6 1 2 4 8 16 32
 847 537  417 0  16 1 6 1 2 4 8 16 32
 848 863  396 0  29 1 6 1 2 4 8 16 32
 849 548  980 0  24 1 6 1 2 4 8 16 32
 850 481  844 0  74 1 6 1 2 4 8 16 32
 851 345  640 0  27 1 6 1 2 4 8 16 32
 852 376  562 0  26 1 6 1 2 4 8 16 32
 853 334  708 0  80 1 6 1 2 4 8 16 32
 854 897  607 0  14 1 6 1 2 4 8 16 32
 855  38  316 0  64 1 6 1 2 4 8 16 32
 856 890  158 0  15 1 6 1 2 4 8 16 32
 857 524  292 0  82 1 6 1 2 4 8 16 32
 858  62  641 0  26 1 6 1 2 4 8 16 32
 859 543  530 0  86 1 6 1 2 4 8 16 32
 860  31  168 0  32 1 6 1 2 4 8 16 32
 861 711  363 0  22 1 6 1 2 4 8 16 32
 862 912  392 0  28 1 6 1 2 4 8 16 32
 863 424  649 0  79 1 6 1 2 4 8 16 32
 864 104  285 0  28 1 6 1 2 4 8 16 32
 865 257   26 0  36 1 6 1 2 4 8 16 32
 866 571  615 0  55 1 6 1 2 4 8 16 32
 867  76  332 0   5 1 6 1 2 4 8 16 32
 868 759  479 0   4 1 6 1 2 4 8 16 32
 869  29  376 0  73 1 6 1 2 4 8 16 32
 870 717  233 0  91 1 6 1 2 4 8 16 32
 871 913   46 0   6 1 6 1 2 4 8 16 32
 872  61  647 0  69 1 6 1 2 4 8 16 32
 873 941  154 0   2 1 6 1 2 4 8 16 32
 874 688  717 0  55 1 6 1 2 4 8 16 32
 875 317  319 0  36 1 6 1 2 4 8 16 32
 876  27  786 0  40 1 6 1 2 4 8 16 32
 877 741  990 0  61 1 6 1 2 4 8 16 32
 878 234  669 0  60 1 6 1 2 4 8 16 32
 879 412  933 0   2 1 6 1 2 4 8 16 32
 880 546  286 0  27 1 6 1 2 4 8 16 32
 881   0  502 0  86 1 6 1 2 4 8 16 32
 882  39  391 0  73 1 6 1 2 4 8 16 32
 883 501  791 0   1 1 6 1 2 4 8 16 32
 884 970   79 0  75 1 6 1 2 4 8 16 32
 885 194  619 0  93 1 6 1 2 4 8 16 32
 886 144  714 0   4 1 6 1 2 4 8 16 32
 887 609  515 0  50 1 6 1 2 4 8 16 32
 888 889  334 0  51 1 6 1 2 4 8 16 32
 889 780  355 0  51 1 6 1 2 4 8 16 32
 890 861  712 0  74 1 6 1 2 4 8 16 32
 891 762  346 0  99 1 6 1 2 4 8 16 32
 892 108   43 0  22 1 6 1 2 4 8 16 32
 893 424  426 0  36 1 6 1 2 4 8 16 32
 894 850  787 0  34 1 6 1 2 4 8 16 32
 895 815  915 0   5 1 6 1 2 4 8 16 32
 896 560  583 0  12 1 6 1 2 4 8 16 32
 897 633  330 0   8 1 6 1 2 4 8 16 32
 898 656  639 0  78 1 6 1 2 4 8 16 32
 899 820  611 0  22 1 6 1 2 4 8 16 32
 900 229  486 0  76 1 6 1 2 4 8 16 32
 901 346  402 0  22 1 6 1 2 4 8 16 32
 902 358  595 0  40 1 6 1 2 4 8 16 32
 903 598  840 0  57 1 6 1 2 4 8 16 32
 904  66  486 0  92 1 6 1 2 4 8 16 32
 905 835  769 0  11 1 6 1 2 4 8 16 32
 906 856  684 0  69 1 6 1 2 4 8 16 32
 907 322  323 0 100 1 6 1 2 4 8 16 32
 908 930  225 0  17 1 6 1 2 4 8 16 32
 909   3  671 0  88 1 6 1 2 4 8 16 32
 910 912  668 0  42 1 6 1 2 4 8 16 32
 911 202  220 0  48 1 6 1 2 4 8 16 32
 912 580  617 0  69 1 6 1 2 4 8 16 32
 913  56  850 0  64 1 6 1 2 4 8 16 32
 914 720  592 0  18 1 6 1 2 4 8 16 32
 915 989  797 0  64 1 6 1 2 4 8 16 32
 916  68  127 0  54 1 6 1 2 4 8 16 32
 917 396  802 0  28 1 6 1 2 4 8 16 32
 918 497  303 0  15 1 6 1 2 4 8 16 32
 919 263  816 0  15 1 6 1 2 4 8 16 32
 920 951   20 0  31 1 6 1 2 4 8 16 32
 921 535  657 0  86 1 6 1 2 4 8 16 32
 922 592  515 0  57 1 6 1 2 4 8 16 32
 923 830  858 0  13 1 6 1 2 4 8 16 32
 924 352  300 0  50 1 6 1 2 4 8 16 32
 925 730  666 0  83 1 6 1 2 4 8 16 32
 926 863  552 0  92 1 6 1 2 4 8 16 32
 927 189   87 0  48 1 6 1 2 4 8 16 32
 928 651  506 0  20 1 6 1 2 4 8 16 32
 929 106  730 0  30 1 6 1 2 4 8 16 32
 930 999  113 0  39 1 6 1 2 4 8 16 32
 931 119  157 0  43 1 6 1 2 4 8 16 32
 932 702   42 0  97 1 6 1 2 4 8 16 32
 933 126  174 0   7 1 6 1 2 4 8 16 32
 934 552  920 0  60 1 6 1 2 4 8 16 32
 935  71  642 0  61 1 6 1 2 4 8 16 32
 936 512    3 0  55 1 6 1 2 4 8 16 32
 937  80  715 0   2 1 6 1 2 4 8 16 32
 938 927  345 0  89 1 6 1 2 4 8 16 32
 939 305  959 0  48 1 6 1 2 4 8 16 32
 940 570  362 0  35 1 6 1 2 4 8 16 32
 941 299  480 0  15 1 6 1 2 4 8 16 32
 942  30  216 0  50 1 6 1 2 4 8 16 32
 943 130  754 0  52 1 6 1 2 4 8 16 32
 944 790   19 0  75 1 6 1 2 4 8 16 32
 945 793  938 0  93 1 6 1 2 4 8 16 32
 946 883  314 0  27 1 6 1 2 4 8 16 32
 947 486  528 0  92 1 6 1 2 4 8 16 32
 948 990  357 0  12 1 6 1 2 4 8 16 32
 949 455   11 0  49 1 6 1 2 4 8 16 32
 950 407  690 0  41 1 6 1 2 4 8 16 32
 951  88  200 0  80 1 6 1 2 4 8 16 32
 952 124  865 0   8 1 6 1 2 4 8 16 32
 953 303  348 0  44 1 6 1 2 4 8 16 32
 954 290  783 0  98 1 6 1 2 4 8 16 32
 955 270  184 0  46 1 6 1 2 4 8 16 32
 956 947  742 0  19 1 6 1 2 4 8 16 32
 957 732   40 0  93 1 6 1 2 4 8 16 32
 958 410  829 0  10 1 6 1 2 4 8 16 32
 959 433  571 0  75 1 6 1 2 4 8 16 32
 960  45  636 0  45 1 6 1 2 4 8 16 32
 961 135  664 0  18 1 6 1 2 4 8 16 32
 962  79  445 0  24 1 6 1 2 4 8 16 32
 963 734  664 0  84 1 6 1 2 4 8 16 32
 964 723  973 0  74 1 6 1 2 4 8 16 32
 965 296  283 0  51 1 6 1 2 4 8 16 32
 966 375  486 0  46 1 6 1 2 4 8 16 32
 967 579  834 0   2 1 6 1 2 4 8 16 32
 968 689  795 0 100 1 6 1 2 4 8 16 32
 969 602  463 0   9 1 6 1 2 4 8 16 32
 970 918  970 0  67 1 6 1 2 4 8 16 32
 971  71  897 0  28 1 6 1 2 4 8 16 32
 972  29   19 0  99 1 6 1 2 4 8 16 32
 973 618  361 0  72 1 6 1 2 4 8 16 32
 974 958   63 0  18 1 6 1 2 4 8 16 32
 975 502  409 0  95 1 6 1 2 4 8 16 32
 976 816  804 0  98 1 6 1 2 4 8 16 32
 977 502  543 0  99 1 6 1 2 4 8 16 32
 978  82  816 0  99 1 6 1 2 4 8 16 32
 979 443  437 0  68 1 6 1 2 4 8 16 32
 980 644  731 0   3 1 6 1 2 4 8 16 32
 981 143  411 0  29 1 6 1 2 4 8 16 32
 982 214  775 0  37 1 6 1 2 4 8 16 32
 983 536   83 0  49 1 6 1 2 4 8 16 32
 984 445  729 0  20 1 6 1 2 4 8 16 32
 985 166  374 0  70 1 6 1 2 4 8 16 32
 986 874  831 0  26 1 6 1 2 4 8 16 32
 987 419  185 0  60 1 6 1 2 4 8 16 32
 988 693  492 0  28 1 6 1 2 4 8 16 32
 989 446  732 0  31 1 6 1 2 4 8 16 32
 990 103  422 0  73 1 6 1 2 4 8 16 32
 991 295  596 0   4 1 6 1 2 4 8 16 32
 992 879   26 0  52 1 6 1 2 4 8 16 32
 993 346  738 0  32 1 6 1 2 4 8 16 32
 994 275  975 0  51 1 6 1 2 4 8 16 32
 995 310  828 0  12 1 6 1 2 4 8 16 32
 996   2  922 0  37 1 6 1 2 4 8 16 32
 997 448  162 0  80 1 6 1 2 4 8 16 32
 998 144  921 0   9 1 6 1 2 4 8 16 32
 999 492  608 0  60 1 6 1 2 4 8 16 32
1000 765  252 0  70 1 6 1 2 4 8 16 32
1001 447  655 0  37 1 6 1 2 4 8 16 32
1002 588  736 0  27 1 6 1 2 4 8 16 32
1003 167  345 0  36 1 6 1 2 4 8 16 32
1004 375  220 0  55 1 6 1 2 4 8 16 32
1005 883  643 0  58 1 6 1 2 4 8 16 32
1006 542  280 0  20 1 6 1 2 4 8 16 32
1007 250  131 0   1 1 6 1 2 4 8 16 32
1008 524  763 0  70 1 6 1 2 4 8 16 32
1009 104  805 0  77 1 6 1 2 4 8 16 32
1010 101  597 0  84 1 6 1 2 4 8 16 32
1011 639  575 0  41 1 6 1 2 4 8 16 32
1012 560  366 0  66 1 6 1 2 4 8 16 32
1013 734  654 0  28 1 6 1 2 4 8 16 32
1014 863    9 0  56 1 6 1 2 4 8 16 32
1015 699  381 0  36 1 6 1 2 4 8 16 32
1016 541  913 0  29 1 6 1 2 4 8 16 32
1017 393  222 0 100 1 6 1 2 4 8 16 32
1018 471  289 0  76 1 6 1 2 4 8 16 32
1019  52  953 0  31 1 6 1 2 4 8 16 32
1020 566  531 0  66 1 6 1 2 4 8 16 32
1021 323  632 0   9 1 6 1 2 4 8 16 32
1022 527  689 0  89 1 6 1 2 4 8 16 32
1023 566   41 0  65 1 6 1 2 4 8 16 32
1024  39  312 0  68 1 6 1 2 4 8 16 32
1025  96  145 0  46 1 6 1 2 4 8 16 32
1026 151  464 0  90 1 6 1 2 4 8 16 32
1027 996  657 0  89 1 6 1 2 4 8 16 32
1028 952  946 0   5 1 6 1 2 4 8 16 32
1029 418  116 0  90 1 6 1 2 4 8 16 32
1030 191  510 0  97 1 6 1 2 4 8 16 32
1031  29   86 0  55 1 6 1 2 4 8 16 32
1032  91  197 0  64 1 6 1 2 4 8 16 32
1033 821  525 0  52 1 6 1 2 4 8 16 32
1034 158  553 0  31 1 6 1 2 4 8 16 32
1035 496  514 0  99 1 6 1 2 4 8 16 32
1036 973  702 0   9 1 6 1 2 4 8 16 32
1037  18  124 0  91 1 6 1 2 4 8 16 32
1038 284  165 0   5 1 6 1 2 4 8 16 32
1039 419  742 0   2 1 6 1 2 4 8 16 32
1040 969  927 0  74 1 6 1 2 4 8 16 32
1041 259  255 0  20 1 6 1 2 4 8 16 32
1042 810  184 0  71 1 6 1 2 4 8 16 32
1043 353  860 0   6 1 6 1 2 4 8 16 32
1044 461  326 0  44 1 6 1 2 4 8 16 32
1045 541  584 0  72 1 6 1 2 4 8 16 32
1046 178  974 0 100 1 6 1 2 4 8 16 32
1047 432  467 0  88 1 6 1 2 4 8 16 32
1048 721  976 0  45 1 6 1 2 4 8 16 32
1049 670  755 0  69 1 6 1 2 4 8 16 32
1050 181  991 0  56 1 6 1 2 4 8 16 32
1051 463  187 0  83 1 6 1 2 4 8 16 32
1052 810  109 0  78 1 6 1 2 4 8 16 32
1053 595  179 0  53 1 6 1 2 4 8 16 32
1054 415  325 0  81 1 6 1 2 4 8 16 32
1055 267  957 0  81 1 6 1 2 4 8 16 32
1056 969  991 0   6 1 6 1 2 4 8 16 32
1057 676  418 0  71 1 6 1 2 4 8 16 32
1058  93  648 0  13 1 6 1 2 4 8 16 32
1059 300  652 0  75 1 6 1 2 4 8 16 32
1060 971  757 0   5 1 6 1 2 4 8 16 32
1061  95  568 0  60 1 6 1 2 4 8 16 32
1062  38  138 0   1 1 6 1 2 4 8 16 32
1063 290  419 0  54 1 6 1 2 4 8 16 32
1064 295  455 0  38 1 6 1 2 4 8 16 32
1065 344  855 0  89 1 6 1 2 4 8 16 32
1066 875  205 0  46 1 6 1 2 4 8 16 32
1067 380  450 0  22 1 6 1 2 4 8 16 32
1068 797   65 0  36 1 6 1 2 4 8 16 32
1069 423  915 0   3 1 6 1 2 4 8 16 32
1070 824  322 0  13 1 6 1 2 4 8 16 32
1071 111  183 0  68 1 6 1 2 4 8 16 32
1072 670  928 0  53 1 6 1 2 4 8 16 32
1073 716  184 0  65 1 6 1 2 4 8 16 32
1074 284  845 0  89 1 6 1 2 4 8 16 32
1075 761  449 0  63 1 6 1 2 4 8 16 32
1076 692  403 0  66 1 6 1 2 4 8 16 32
1077  47   90 0  79 1 6 1 2 4 8 16 32
1078 533  766 0  27 1 6 1 2 4 8 16 32
1079 128  461 0  29 1 6 1 2 4 8 16 32
1080 212  459 0  23 1 6 1 2 4 8 16 32
1081 142  342 0  12 1 6 1 2 4 8 16 32
1082 261  305 0  65 1 6 1 2 4 8 16 32
1083 788  237 0  49 1 6 1 2 4 8 16 32
1084 729  453 0  73 1 6 1 2 4 8 16 32
1085 979  160 0  82 1 6 1 2 4 8 16 32
1086 209  320 0  88 1 6 1 2 4 8 16 32
1087 277  898 0  50 1 6 1 2 4 8 16 32
1088 512  537 0  15 1 6 1 2 4 8 16 32
1089 823  356 0  38 1 6 1 2 4 8 16 32
1090 514  569 0  24 1 6 1 2 4 8 16 32
1091 767  911 0  34 1 6 1 2 4 8 16 32
1092  83  884 0  56 1 6 1 2 4 8 16 32
1093 358  110 0  29 1 6 1 2 4 8 16 32
1094 537  490 0  63 1 6 1 2 4 8 16 32
1095 399  823 0  51 1 6 1 2 4 8 16 32
1096 166  902 0  45 1 6 1 2 4 8 16 32
1097 521   11 0  69 1 6 1 2 4 8 16 32
1098 859  664 0  75 1 6 1 2 4 8 16 32
1099 732  697 0  94 1 6 1 2 4 8 16 32
1100 642  353 0  26 1 6 1 2 4 8 16 32
1101   5  482 0  38 1 6 1 2 4 8 16 32
1102 588  618 0  66 1 6 1 2 4 8 16 32
1103 800  546 0  23 1 6 1 2 4 8 16 32
1104 745  178 0  90 1 6 1 2 4 8 16 32
1105  35  554 0  99 1 6 1 2 4 8 16 32
1106 877  186 0  25 1 6 1 2 4 8 16 32
1107 506  822 0   4 1 6 1 2 4 8 16 32
1108 657  655 0  53 1 6 1 2 4 8 16 32
1109 767  386 0  46 1 6 1 2 4 8 16 32
1110 846  221 0  68 1 6 1 2 4 8 16 32
1111 276  963 0  97 1 6 1 2 4 8 16 32
1112 476   57 0  76 1 6 1 2 4 8 16 32
1113 616  705 0  31 1 6 1 2 4 8 16 32
1114 288  991 0  31 1 6 1 2 4 8 16 32
1115  81  726 0  90 1 6 1 2 4 8 16 32
1116 155  827 0   3 1 6 1 2 4 8 16 32
1117 581  738 0   1 1 6 1 2 4 8 16 32
1118 452  928 0  58 1 6 1 2 4 8 16 32
1119 726  105 0  93 1 6 1 2 4 8 16 32
1120 125  479 0  45 1 6 1 2 4 8 16 32
1121 190  563 0  46 1 6 1 2 4 8 16 32
1122 245  530 0  63 1 6 1 2 4 8 16 32
1123 341  590 0  78 1 6 1 2 4 8 16 32
1124 217  598 0  29 1 6 1 2 4 8 16 32
1125 272  311 0  56 1 6 1 2 4 8 16 32
1126 962  984 0  96 1 6 1 2 4 8 16 32
1127 942 1000 0  43 1 6 1 2 4 8 16 32
1128 145  477 0  23 1 6 1 2 4 8 16 32
1129  52  620 0  24 1 6 1 2 4 8 16 32
1130 398  510 0  81 1 6 1 2 4 8 16 32
1131 477  851 0  71 1 6 1 2 4 8 16 32
1132  29  326 0  45 1 6 1 2 4 8 16 32
1133 299  761 0  90 1 6 1 2 4 8 16 32
1134  33   33 0  41 1 6 1 2 4 8 16 32
1135 987  278 0  64 1 6 1 2 4 8 16 32
1136 738  958 0  49 1 6 1 2 4 8 16 32
1137 532  498 0  19 1 6 1 2 4 8 16 32
1138 149  506 0  61 1 6 1 2 4 8 16 32
1139 233  800 0  61 1 6 1 2 4 8 16 32
1140 643  169 0  45 1 6 1 2 4 8 16 32
1141 373  305 0  31 1 6 1 2 4 8 16 32
1142 292  448 0  81 1 6 1 2 4 8 16 32
1143 487  182 0  76 1 6 1 2 4 8 16 32
1144 699   57 0  28 1 6 1 2 4 8 16 32
1145 425  796 0  15 1 6 1 2 4 8 16 32
1146 888  303 0  94 1 6 1 2 4 8 16 32
1147 797  903 0   7 1 6 1 2 4 8 16 32
1148 377  625 0  42 1 6 1 2 4 8 16 32
1149 464  860 0  20 1 6 1 2 4 8 16 32
1150 657  621 0  22 1 6 1 2 4 8 16 32
1151 538  284 0  32 1 6 1 2 4 8 16 32
1152 942  990 0  83 1 6 1 2 4 8 16 32
1153 173  543 0  61 1 6 1 2 4 8 16 32
1154 425  487 0  37 1 6 1 2 4 8 16 32
1155 366  996 0  22 1 6 1 2 4 8 16 32
1156 924  334 0  84 1 6 1 2 4 8 16 32
1157 941  131 0  12 1 6 1 2 4 8 16 32
1158 867  249 0  10 1 6 1 2 4 8 16 32
1159 258  836 0  12 1 6 1 2 4 8 16 32
1160 580  755 0  84 1 6 1 2 4 8 16 32
1161 509  159 0  66 1 6 1 2 4 8 16 32
1162 206  571 0  98 1 6 1 2 4 8 16 32
1163 766  725 0  16 1 6 1 2 4 8 16 32
1164 932  945 0  60 1 6 1 2 4 8 16 32
1165  75  740 0  94 1 6 1 2 4 8 16 32
1166  91  704 0  93 1 6 1 2 4 8 16 32
1167 251  521 0  55 1 6 1 2 4 8 16 32
1168 389  702 0  65 1 6 1 2 4 8 16 32
1169 749  309 0  35 1 6 1 2 4 8 16 32
1170 313  667 0   7 1 6 1 2 4 8 16 32
1171 945  729 0  97 1 6 1 2 4 8 16 32
1172 601  524 0  67 1 6 1 2 4 8 16 32
1173 821  975 0 100 1 6 1 2 4 8 16 32
1174 409  912 0  16 1 6 1 2 4 8 16 32
1175 651  181 0  21 1 6 1 2 4 8 16 32
1176  22  427 0  40 1 6 1 2 4 8 16 32
1177 384  780 0  82 1 6 1 2 4 8 16 32
1178 907  127 0  63 1 6 1 2 4 8 16 32
1179 100  419 0  47 1 6 1 2 4 8 16 32
1180 273  802 0  46 1 6 1 2 4 8 16 32
1181 165  238 0  12 1 6 1 2 4 8 16 32
1182 413  798 0  68 1 6 1 2 4 8 16 32
1183 938  593 0  49 1 6 1 2 4 8 16 32
1184 180   86 0  95 1 6 1 2 4 8 16 32
1185 537  756 0  53 1 6 1 2 4 8 16 32
1186 753  408 0  18 1 6 1 2 4 8 16 32
1187 863  266 0  37 1 6 1 2 4 8 16 32
1188   8  835 0  43 1 6 1 2 4 8 16 32
1189 831  944 0  10 1 6 1 2 4 8 16 32
1190  68  872 0  24 1 6 1 2 4 8 16 32
1191 816  823 0  54 1 6 1 2 4 8 16 32
1192 570  207 0  12 1 6 1 2 4 8 16 32
1193 833  413 0  15 1 6 1 2 4 8 16 32
1194 231  960 0   8 1 6 1 2 4 8 16 32
1195 609  796 0   1 1 6 1 2 4 8 16 32
1196 772  125 0  96 1 6 1 2 4 8 16 32
1197 149  105 0   6 1 6 1 2 4 8 16 32
1198  44  186 0  73 1 6 1 2 4 8 16 32
1199 961  499 0  88 1 6 1 2 4 8 16 32
1200  56  786 0  88 1 6 1 2 4 8 16 32
1201 238   23 0  71 1 6 1 2 4 8 16 32
1202  78  432 0  93 1 6 1 2 4 8 16 32
1203 246  344 0  89 1 6 1 2 4 8 16 32
1204 668  424 0  38 1 6 1 2 4 8 16 32
1205 779  326 0  32 1 6 1 2 4 8 16 32
1206 933  967 0  23 1 6 1 2 4 8 16 32
1207 494  731 0  76 1 6 1 2 4 8 16 32
1208 114  511 0   1 1 6 1 2 4 8 16 32
1209 928  235 0   2 1 6 1 2 4 8 16 32
1210 468  930 0  29 1 6 1 2 4 8 16 32
1211 641  805 0  32 1 6 1 2 4 8 16 32
1212 627  824 0  54 1 6 1 2 4 8 16 32
1213 940  445 0  64 1 6 1 2 4 8 16 32
1214 911  430 0  21 1 6 1 2 4 8 16 32
1215 386  649 0  53 1 6 1 2 4 8 16 32
1216 873  275 0   1 1 6 1 2 4 8 16 32
1217 390  463 0  14 1 6 1 2 4 8 16 32
1218 653  516 0  60 1 6 1 2 4 8 16 32
1219 383  127 0  42 1 6 1 2 4 8 16 32
1220 178  572 0  21 1 6 1 2 4 8 16 32
1221 893  431 0  55 1 6 1 2 4 8 16 32
1222 939  377 0  10 1 6 1 2 4 8 16 32
1223 198  841 0   8 1 6 1 2 4 8 16 32
1224 488  513 0  21 1 6 1 2 4 8 16 32
1225 765   72 0  85 1 6 1 2 4 8 16 32
1226 357  811 0  81 1 6 1 2 4 8 16 32
1227 628  286 0  57 1 6 1 2 4 8 16 32
1228 915  993 0  10 1 6 1 2 4 8 16 32
1229 149   43 0  24 1 6 1 2 4 8 16 32
1230  24  589 0   3 1 6 1 2 4 8 16 32
1231 324  953 0  98 1 6 1 2 4 8 16 32
1232 956  682 0  98 1 6 1 2 4 8 16 32
1233 612  606 0  92 1 6 1 2 4 8 16 32
1234 902  214 0  91 1 6 1 2 4 8 16 32
1235 610  889 0  82 1 6 1 2 4 8 16 32
1236 191  242 0  59 1 6 1 2 4 8 16 32
1237 764  310 0  98 1 6 1 2 4 8 16 32
1238 977   85 0   4 1 6 1 2 4 8 16 32
1239 520  637 0  22 1 6 1 2 4 8 16 32
1240 114  526 0  58 1 6 1 2 4 8 16 32
1241 462  242 0  22 1 6 1 2 4 8 16 32
1242 659  349 0  21 1 6 1 2 4 8 16 32
1243 407  111 0  87 1 6 1 2 4 8 16 32
1244 613  711 0  24 1 6 1 2 4 8 16 32
1245   9  500 0  60 1 6 1 2 4 8 16 32
1246 140  732 0 100 1 6 1 2 4 8 16 32
1247 489  322 0  62 1 6 1 2 4 8 16 32
1248  30  518 0   2 1 6 1 2 4 8 16 32
1249 588    1 0  36 1 6 1 2 4 8 16 32
1250 371  271 0  68 1 6 1 2 4 8 16 32
1251 139  180 0  26 1 6 1 2 4 8 16 32
1252 694  109 0  31 1 6 1 2 4 8 16 32
1253  69  370 0  96 1 6 1 2 4 8 16 32
1254 580  494 0  35 1 6 1 2 4 8 16 32
1255 684  200 0  40 1 6 1 2 4 8 16 32
1256 994  265 0  69 1 6 1 2 4 8 16 32
1257 158  700 0  11 1 6 1 2 4 8 16 32
1258 690  778 0  64 1 6 1 2 4 8 16 32
1259 369  662 0   5 1 6 1 2 4 8 16 32
1260 282  609 0  24 1 6 1 2 4 8 16 32
1261 650  303 0   2 1 6 1 2 4 8 16 32
1262 309   18 0  50 1 6 1 2 4 8 16 32
1263 554  827 0  21 1 6 1 2 4 8 16 32
1264 224   37 0  98 1 6 1 2 4 8 16 32
1265 361  245 0  89 1 6 1 2 4 8 16 32
1266 918  149 0  93 1 6 1 2 4 8 16 32
1267  40  478 0  13 1 6 1 2 4 8 16 32
1268 987  104 0   2 1 6 1 2 4 8 16 32
1269 569  982 0  75 1 6 1 2 4 8 16 32
1270 394  897 0  92 1 6 1 2 4 8 16 32
1271 715  414 0  60 1 6 1 2 4 8 16 32
1272 994  118 0  92 1 6 1 2 4 8 16 32
1273 916  952 0  20 1 6 1 2 4 8 16 32
1274 300  357 0  55 1 6 1 2 4 8 16 32
1275 449  515 0  15 1 6 1 2 4 8 16 32
1276 598  117 0  54 1 6 1 2 4 8 16 32
1277 996  643 0  45 1 6 1 2 4 8 16 32
1278 340  184 0  50 1 6 1 2 4 8 16 32
1279 829  882 0  81 1 6 1 2 4 8 16 32
1280 439  822 0  57 1 6 1 2 4 8 16 32
1281 860  327 0  71 1 6 1 2 4 8 16 32
1282 398  499 0  32 1 6 1 2 4 8 16 32
1283 647  606 0  33 1 6 1 2 4 8 16 32
1284 181  328 0  71 1 6 1 2 4 8 16 32
1285 800   27 0  33 1 6 1 2 4 8 16 32
1286 434   81 0  68 1 6 1 2 4 8 16 32
1287 578  145 0  84 1 6 1 2 4 8 16 32
1288 231  803 0  72 1 6 1 2 4 8 16 32
1289  57  157 0  79 1 6 1 2 4 8 16 32
1290 589  694 0  30 1 6 1 2 4 8 16 32
1291 212  822 0  73 1 6 1 2 4 8 16 32
1292 394  243 0  47 1 6 1 2 4 8 16 32
1293 366  789 0  26 1 6 1 2 4 8 16 32
1294 328  808 0 100 1 6 1 2 4 8 16 32
1295 712  603 0  37 1 6 1 2 4 8 16 32
1296 477  683 0  93 1 6 1 2 4 8 16 32
1297 401  827 0  18 1 6 1 2 4 8 16 32
1298 518  393 0  72 1 6 1 2 4 8 16 32
1299  47  463 0  30 1 6 1 2 4 8 16 32
1300 519  397 0  39 1 6 1 2 4 8 16 32
1301  52   33 0  36 1 6 1 2 4 8 16 32
1302 979  650 0  51 1 6 1 2 4 8 16 32
1303 246  275 0  59 1 6 1 2 4 8 16 32
1304 557  651 0  76 1 6 1 2 4 8 16 32
1305 130  141 0  65 1 6 1 2 4 8 16 32
1306 218   20 0  17 1 6 1 2 4 8 16 32
1307 493  713 0  18 1 6 1 2 4 8 16 32
1308 585  640 0  11 1 6 1 2 4 8 16 32
1309 161  414 0  74 1 6 1 2 4 8 16 32
1310 939  571 0  19 1 6 1 2 4 8 16 32
1311 988  774 0  30 1 6 1 2 4 8 16 32
1312 918  376 0  20 1 6 1 2 4 8 16 32
1313 426  472 0  71 1 6 1 2 4 8 16 32
1314 505  721 0 100 1 6 1 2 4 8 16 32
1315 806  381 0  46 1 6 1 2 4 8 16 32
1316 695  727 0   1 1 6 1 2 4 8 16 32
1317 394  981 0  66 1 6 1 2 4 8 16 32
1318 294  587 0  35 1 6 1 2 4 8 16 32
1319 429  577 0  79 1 6 1 2 4 8 16 32
1320 135  714 0  91 1 6 1 2 4 8 16 32
1321  50  921 0   4 1 6 1 2 4 8 16 32
1322 133  419 0  51 1 6 1 2 4 8 16 32
1323 888  357 0  33 1 6 1 2 4 8 16 32
1324 534  295 0  74 1 6 1 2 4 8 16 32
1325  30  717 0  80 1 6 1 2 4 8 16 32
1326 530  488 0  12 1 6 1 2 4 8 16 32
1327 694  322 0  93 1 6 1 2 4 8 16 32
1328  19  706 0  18 1 6 1 2 4 8 16 32
1329 425  505 0  52 1 6 1 2 4 8 16 32
1330 143  502 0  69 1 6 1 2 4 8 16 32
1331  82  288 0  22 1 6 1 2 4 8 16 32
1332 654  272 0  23 1 6 1 2 4 8 16 32
1333  72  526 0  98 1 6 1 2 4 8 16 32
1334 272  854 0  37 1 6 1 2 4 8 16 32
1335 639  125 0  25 1 6 1 2 4 8 16 32
1336 219   38 0  64 1 6 1 2 4 8 16 32
1337  45  975 0   1 1 6 1 2 4 8 16 32
1338 208  484 0  34 1 6 1 2 4 8 16 32
1339 237  202 0  21 1 6 1 2 4 8 16 32
1340 761  999 0  39 1 6 1 2 4 8 16 32
1341 843  822 0  95 1 6 1 2 4 8 16 32
1342 780   76 0  70 1 6 1 2 4 8 16 32
1343 239  495 0  34 1 6 1 2 4 8 16 32
1344 217   49 0   1 1 6 1 2 4 8 16 32
1345 410  705 0  96 1 6 1 2 4 8 16 32
1346 727  442 0  94 1 6 1 2 4 8 16 32
1347 839  785 0  94 1 6 1 2 4 8 16 32
1348 563  446 0  10 1 6 1 2 4 8 16 32
1349 542  199 0  56 1 6 1 2 4 8 16 32
1350 483  162 0  29 1 6 1 2 4 8 16 32
1351 940  847 0   5 1 6 1 2 4 8 16 32
1352  69  886 0  45 1 6 1 2 4 8 16 32
1353 631   27 0   4 1 6 1 2 4 8 16 32
1354 691  533 0  53 1 6 1 2 4 8 16 32
1355 196  887 0  35 1 6 1 2 4 8 16 32
1356 122  171 0   6 1 6 1 2 4 8 16 32
1357 155  847 0  70 1 6 1 2 4 8 16 32
1358 748  954 0  27 1 6 1 2 4 8 16 32
1359  12  488 0 100 1 6 1 2 4 8 16 32
1360 182  487 0  93 1 6 1 2 4 8 16 32
1361 698  618 0  99 1 6 1 2 4 8 16 32
1362  64  746 0  20 1 6 1 2 4 8 16 32
1363 647  721 0  45 1 6 1 2 4 8 16 32
1364  13  658 0 100 1 6 1 2 4 8 16 32
1365   9  399 0  41 1 6 1 2 4 8 16 32
1366 234  819 0   4 1 6 1 2 4 8 16 32
1367 550  619 0  50 1 6 1 2 4 8 16 32
1368 869  291 0  40 1 6 1 2 4 8 16 32
1369 742  773 0  99 1 6 1 2 4 8 16 32
1370 917  348 0   7 1 6 1 2 4 8 16 32
1371  57  663 0  50 1 6 1 2 4 8 16 32
1372 574  347 0  46 1 6 1 2 4 8 16 32
1373 417  931 0  79 1 6 1 2 4 8 16 32
1374 709  873 0  12 1 6 1 2 4 8 16 32
1375 812  803 0  85 1 6 1 2 4 8 16 32
1376 613  488 0  66 1 6 1 2 4 8 16 32
1377 279  640 0  57 1 6 1 2 4 8 16 32
1378 405  905 0  75 1 6 1 2 4 8 16 32
1379 584  358 0  37 1 6 1 2 4 8 16 32
1380 997  210 0  50 1 6 1 2 4 8 16 32
1381 544  263 0  32 1 6 1 2 4 8 16 32
1382 854   21 0  36 1 6 1 2 4 8 16 32
1383 897  110 0  12 1 6 1 2 4 8 16 32
1384 333  795 0  64 1 6 1 2 4 8 16 32
1385 308   30 0  70 1 6 1 2 4 8 16 32
1386 315  604 0  96 1 6 1 2 4 8 16 32
1387 424  974 0  28 1 6 1 2 4 8 16 32
1388 947  576 0  25 1 6 1 2 4 8 16 32
1389  53  427 0  17 1 6 1 2 4 8 16 32
1390 910  663 0  46 1 6 1 2 4 8 16 32
1391 208  865 0  85 1 6 1 2 4 8 16 32
1392 479  191 0  93 1 6 1 2 4 8 16 32
1393 342   42 0  55 1 6 1 2 4 8 16 32
1394 717  938 0  19 1 6 1 2 4 8 16 32
1395 191   89 0  61 1 6 1 2 4 8 16 32
1396 552  885 0  24 1 6 1 2 4 8 16 32
1397 351  647 0  59 1 6 1 2 4 8 16 32
1398 470  215 0  86 1 6 1 2 4 8 16 32
1399  78  173 0  85 1 6 1 2 4 8 16 32
1400 816  193 0  58 1 6 1 2 4 8 16 32
1401  99  529 0  38 1 6 1 2 4 8 16 32
1402 172  162 0  41 1 6 1 2 4 8 16 32
1403 532  679 0  79 1 6 1 2 4 8 16 32
1404  55  107 0  78 1 6 1 2 4 8 16 32
1405 852  459 0  74 1 6 1 2 4 8 16 32
1406 414   42 0  63 1 6 1 2 4 8 16 32
1407 662  832 0  76 1 6 1 2 4 8 16 32
1408 685  737 0  97 1 6 1 2 4 8 16 32
1409 375   23 0  82 1 6 1 2 4 8 16 32
1410 876  115 0  89 1 6 1 2 4 8 16 32
1411  86  944 0  51 1 6 1 2 4 8 16 32
1412 685  406 0  58 1 6 1 2 4 8 16 32
1413 824  522 0  61 1 6 1 2 4 8 16 32
1414 431  616 0  86 1 6 1 2 4 8 16 32
1415  97  872 0  99 1 6 1 2 4 8 16 32
1416 591  528 0  47 1 6 1 2 4 8 16 32
1417 297  672 0  91 1 6 1 2 4 8 16 32
1418 290    1 0  65 1 6 1 2 4 8 16 32
1419 318  952 0 100 1 6 1 2 4 8 16 32
1420 544  455 0  95 1 6 1 2 4 8 16 32
1421 552  612 0  27 1 6 1 2 4 8 16 32
1422 517  497 0  96 1 6 1 2 4 8 16 32
1423 662  432 0  27 1 6 1 2 4 8 16 32
1424 626  700 0  12 1 6 1 2 4 8 16 32
1425 426  359 0  17 1 6 1 2 4 8 16 32
1426 989  542 0  81 1 6 1 2 4 8 16 32
1427 325  564 0  73 1 6 1 2 4 8 16 32
1428 694  878 0  96 1 6 1 2 4 8 16 32
1429 483  896 0  83 1 6 1 2 4 8 16 32
1430 369  284 0  57 1 6 1 2 4 8 16 32
1431 342   26 0  76 1 6 1 2 4 8 16 32
1432  97  616 0   1 1 6 1 2 4 8 16 32
1433 218  121 0  14 1 6 1 2 4 8 16 32
1434 642  895 0  89 1 6 1 2 4 8 16 32
1435 841  409 0  83 1 6 1 2 4 8 16 32
1436 421   58 0   6 1 6 1 2 4 8 16 32
1437 738   67 0  90 1 6 1 2 4 8 16 32
1438 822  429 0  23 1 6 1 2 4 8 16 32
1439 409  992 0   8 1 6 1 2 4 8 16 32
1440 572  945 0  34 1 6 1 2 4 8 16 32
1441 817  312 0  13 1 6 1 2 4 8 16 32
1442 966  664 0  18 1 6 1 2 4 8 16 32
1443 275  754 0  83 1 6 1 2 4 8 16 32
1444 414  943 0  56 1 6 1 2 4 8 16 32
1445 520  735 0   0 0 0
1446 761  909 0   0 0 0
1447 363  250 0   0 0 0
1448 467  400 0   0 0 0
1449 555  745 0   0 0 0
1450 826  256 0   0 0 0
