2 54 100 2
0 242
0 242
  1   48  97 0  71 1 2 1 2
  2  854 838 0  86 1 2 1 2
  3  909 602 0   3 1 2 1 2
  4  323   6 0  23 1 2 1 2
  5  689 911 0  69 1 2 1 2
  6  287 289 0  63 1 2 1 2
  7  876 979 0  76 1 2 1 2
  8  975 815 0  22 1 2 1 2
  9  897 306 0  44 1 2 1 2
 10  985 198 0  11 1 2 1 2
 11  892  91 0  56 1 2 1 2
 12  257 490 0  95 1 2 1 2
 13  718 504 0  42 1 2 1 2
 14  372 853 0  48 1 2 1 2
 15  375 173 0  72 1 2 1 2
 16  699 527 0  44 1 2 1 2
 17  716 552 0  63 1 2 1 2
 18  861   3 0  49 1 2 1 2
 19  791 285 0  45 1 2 1 2
 20  352 503 0  38 1 2 1 2
 21  469 541 0  26 1 2 1 2
 22  132 319 0  74 1 2 1 2
 23  234 345 0  52 1 2 1 2
 24  155 157 0   4 1 2 1 2
 25  760 766 0  36 1 2 1 2
 26  518  21 0  47 1 2 1 2
 27  917  36 0  77 1 2 1 2
 28  253 148 0  24 1 2 1 2
 29   28 409 0  78 1 2 1 2
 30   76 347 0  39 1 2 1 2
 31  875 395 0  59 1 2 1 2
 32  708 669 0  27 1 2 1 2
 33  689  66 0  19 1 2 1 2
 34  734 974 0  11 1 2 1 2
 35  630  99 0   3 1 2 1 2
 36  715 664 0  62 1 2 1 2
 37  557 804 0  56 1 2 1 2
 38  557 268 0  68 1 2 1 2
 39  326  72 0   7 1 2 1 2
 40  775 668 0  63 1 2 1 2
 41  877 928 0  25 1 2 1 2
 42  447 555 0  74 1 2 1 2
 43  420 559 0  13 1 2 1 2
 44  509 298 0  79 1 2 1 2
 45  380 684 0  50 1 2 1 2
 46  821 801 0   5 1 2 1 2
 47  229 224 0  29 1 2 1 2
 48 1000  45 0  70 1 2 1 2
 49  806 591 0  63 1 2 1 2
 50  576 269 0  86 1 2 1 2
 51  418 846 0   4 1 2 1 2
 52   26 771 0  31 1 2 1 2
 53  362 802 0  80 1 2 1 2
 54  314 127 0  15 1 2 1 2
 55  542 562 0  60 1 2 1 2
 56  142 283 0  31 1 2 1 2
 57  320 559 0  52 1 2 1 2
 58  179 491 0  95 1 2 1 2
 59  158 430 0  17 1 2 1 2
 60  668 231 0  60 1 2 1 2
 61  603 475 0  42 1 2 1 2
 62  374 590 0  61 1 2 1 2
 63    2 936 0   1 1 2 1 2
 64  626 747 0  96 1 2 1 2
 65  218 675 0  90 1 2 1 2
 66  230 732 0  58 1 2 1 2
 67  330  67 0  38 1 2 1 2
 68  666 135 0  31 1 2 1 2
 69  286 458 0  52 1 2 1 2
 70  356 778 0  63 1 2 1 2
 71  810 305 0  94 1 2 1 2
 72  174 836 0  54 1 2 1 2
 73  871 991 0  92 1 2 1 2
 74  342  40 0  36 1 2 1 2
 75   58  76 0  25 1 2 1 2
 76  320 385 0  86 1 2 1 2
 77  347 488 0  75 1 2 1 2
 78   57 143 0  51 1 2 1 2
 79   84 630 0  39 1 2 1 2
 80  529 722 0  90 1 2 1 2
 81  443 386 0   8 1 2 1 2
 82  469 506 0  46 1 2 1 2
 83  360 244 0 100 1 2 1 2
 84  809 786 0  71 1 2 1 2
 85  675 307 0  73 1 2 1 2
 86  142 628 0  58 1 2 1 2
 87  716 445 0  31 1 2 1 2
 88  284 867 0   3 1 2 1 2
 89  757 293 0  62 1 2 1 2
 90  640 285 0  30 1 2 1 2
 91  300 214 0  29 1 2 1 2
 92  978 373 0  73 1 2 1 2
 93  241 187 0  28 1 2 1 2
 94   77 914 0  78 1 2 1 2
 95  561 224 0  95 1 2 1 2
 96  824 631 0  14 1 2 1 2
 97  989 369 0  34 1 2 1 2
 98  372 705 0  48 1 2 1 2
 99  865 625 0   3 1 2 1 2
100  635 337 0  46 1 2 1 2
101  725 287 0   0 0 0
102  400 487 0   0 0 0
