2 82 167 2
0 257
0 257
  1 381 606 0  86 1 2 1 2
  2 719 658 0  42 1 2 1 2
  3 990 564 0  93 1 2 1 2
  4 941 476 0  87 1 2 1 2
  5 594 892 0  98 1 2 1 2
  6 927 668 0  44 1 2 1 2
  7  95 801 0  37 1 2 1 2
  8 512 464 0  10 1 2 1 2
  9  37 647 0  21 1 2 1 2
 10 371 852 0  23 1 2 1 2
 11  52 835 0  16 1 2 1 2
 12 309 665 0   4 1 2 1 2
 13 844 274 0  72 1 2 1 2
 14 585 623 0  62 1 2 1 2
 15  46 126 0  38 1 2 1 2
 16 287 371 0  87 1 2 1 2
 17 413  22 0  30 1 2 1 2
 18 809 158 0  17 1 2 1 2
 19 457 986 0  30 1 2 1 2
 20 686 729 0  75 1 2 1 2
 21 630 716 0  23 1 2 1 2
 22 777 202 0  92 1 2 1 2
 23 174 759 0  20 1 2 1 2
 24  69 256 0  37 1 2 1 2
 25 324 472 0  71 1 2 1 2
 26 478 911 0  32 1 2 1 2
 27 166  49 0  14 1 2 1 2
 28 758 690 0  28 1 2 1 2
 29 177 978 0  41 1 2 1 2
 30 351 297 0  16 1 2 1 2
 31 643 908 0  27 1 2 1 2
 32 739  16 0  24 1 2 1 2
 33 879 883 0   8 1 2 1 2
 34  85 325 0  86 1 2 1 2
 35 359 520 0  81 1 2 1 2
 36 530 926 0  82 1 2 1 2
 37 684 848 0  80 1 2 1 2
 38 664 625 0  49 1 2 1 2
 39 711 776 0  25 1 2 1 2
 40 599 501 0  25 1 2 1 2
 41 567 171 0  24 1 2 1 2
 42 108 930 0  79 1 2 1 2
 43 522 814 0  42 1 2 1 2
 44 206 288 0   8 1 2 1 2
 45 151 450 0  62 1 2 1 2
 46 361 414 0  49 1 2 1 2
 47 537 715 0  76 1 2 1 2
 48 531 946 0  47 1 2 1 2
 49 853 829 0  26 1 2 1 2
 50 892 457 0  53 1 2 1 2
 51 196 866 0  85 1 2 1 2
 52 880 770 0  62 1 2 1 2
 53 344 289 0  71 1 2 1 2
 54 763 835 0  65 1 2 1 2
 55 837 979 0  18 1 2 1 2
 56 441 736 0  84 1 2 1 2
 57 485 889 0  50 1 2 1 2
 58 250 668 0  50 1 2 1 2
 59 263 183 0  46 1 2 1 2
 60 243 532 0  52 1 2 1 2
 61 603 484 0  13 1 2 1 2
 62 918 963 0  61 1 2 1 2
 63 569 529 0  61 1 2 1 2
 64 547   3 0  97 1 2 1 2
 65 405 131 0  54 1 2 1 2
 66 595 119 0   5 1 2 1 2
 67 997 264 0  46 1 2 1 2
 68 861  45 0  96 1 2 1 2
 69  59 155 0  92 1 2 1 2
 70 469 639 0  68 1 2 1 2
 71 824 812 0  61 1 2 1 2
 72 349 942 0  71 1 2 1 2
 73  71 319 0  78 1 2 1 2
 74 241 605 0  86 1 2 1 2
 75 984 540 0  75 1 2 1 2
 76 159 652 0  62 1 2 1 2
 77 962 593 0  22 1 2 1 2
 78 958 290 0  80 1 2 1 2
 79 119 650 0  90 1 2 1 2
 80 412 807 0  43 1 2 1 2
 81 126  41 0  76 1 2 1 2
 82 523 716 0  60 1 2 1 2
 83 285 290 0   1 1 2 1 2
 84 875 727 0  64 1 2 1 2
 85 613 451 0  48 1 2 1 2
 86 674 126 0   8 1 2 1 2
 87 723 367 0  22 1 2 1 2
 88 980 152 0  55 1 2 1 2
 89 447 452 0  95 1 2 1 2
 90 578 746 0  12 1 2 1 2
 91 974  80 0  48 1 2 1 2
 92 191 375 0   6 1 2 1 2
 93 730 315 0  15 1 2 1 2
 94 280 674 0  95 1 2 1 2
 95 293 949 0  49 1 2 1 2
 96  58 693 0  67 1 2 1 2
 97 702 946 0  62 1 2 1 2
 98 829  81 0  66 1 2 1 2
 99 284  77 0  37 1 2 1 2
100 197 640 0  99 1 2 1 2
101 628 420 0  22 1 2 1 2
102 956 594 0  11 1 2 1 2
103 659 512 0  69 1 2 1 2
104 479 330 0  95 1 2 1 2
105 653 972 0  58 1 2 1 2
106 136 961 0  14 1 2 1 2
107 316 104 0  38 1 2 1 2
108 828 154 0  19 1 2 1 2
109 434 997 0  44 1 2 1 2
110 556 676 0  12 1 2 1 2
111 364 831 0  48 1 2 1 2
112 717 611 0  92 1 2 1 2
113 116 300 0  91 1 2 1 2
114 638 970 0  21 1 2 1 2
115 293 222 0  17 1 2 1 2
116 569 892 0  28 1 2 1 2
117  30 552 0  13 1 2 1 2
118  56 308 0  97 1 2 1 2
119 269 612 0  74 1 2 1 2
120 543 886 0  23 1 2 1 2
121 545 142 0   6 1 2 1 2
122 868 811 0  70 1 2 1 2
123  24  30 0  22 1 2 1 2
124 392  13 0   5 1 2 1 2
125 718 205 0  88 1 2 1 2
126 138  12 0  88 1 2 1 2
127 841  78 0  41 1 2 1 2
128 818 191 0  88 1 2 1 2
129  19 639 0  70 1 2 1 2
130 376 695 0  34 1 2 1 2
131 976 993 0  56 1 2 1 2
132  66 910 0  43 1 2 1 2
133 735 892 0  16 1 2 1 2
134 630  10 0  59 1 2 1 2
135 562 540 0  73 1 2 1 2
136 520 634 0  71 1 2 1 2
137 454 846 0  31 1 2 1 2
138 496 128 0  53 1 2 1 2
139  98 679 0  99 1 2 1 2
140 879 769 0  40 1 2 1 2
141 341 291 0  91 1 2 1 2
142 764 258 0  96 1 2 1 2
143  70  79 0   6 1 2 1 2
144 474 690 0  13 1 2 1 2
145 229  76 0  16 1 2 1 2
146 190 437 0  56 1 2 1 2
147 629 504 0  53 1 2 1 2
148 413 738 0   8 1 2 1 2
149 913  75 0  84 1 2 1 2
150 243 386 0  95 1 2 1 2
151 541 112 0  57 1 2 1 2
152 221 802 0  96 1 2 1 2
153  64 214 0  75 1 2 1 2
154 761 608 0  91 1 2 1 2
155 156 764 0  94 1 2 1 2
156 775 869 0  70 1 2 1 2
157 767 465 0  62 1 2 1 2
158 709  89 0  57 1 2 1 2
159 195 110 0  45 1 2 1 2
160 409 956 0 100 1 2 1 2
161 108 311 0  96 1 2 1 2
162 252 433 0  48 1 2 1 2
163 953 338 0  68 1 2 1 2
164  91 230 0  26 1 2 1 2
165 731 574 0  84 1 2 1 2
166 824 810 0  70 1 2 1 2
167 819 937 0  38 1 2 1 2
168 963  18 0   0 0 0
169 627 533 0   0 0 0
