2 56 199 3
0 255
0 255
0 255
  1 323 608 0 86 1 3 1 2 4
  2 575 845 0 79 1 3 1 2 4
  3 401 939 0 59 1 3 1 2 4
  4 654 953 0 38 1 3 1 2 4
  5 857 943 0  5 1 3 1 2 4
  6 468 875 0 85 1 3 1 2 4
  7 425 610 0 83 1 3 1 2 4
  8 317 744 0 63 1 3 1 2 4
  9 176 471 0 30 1 3 1 2 4
 10   6 900 0 21 1 3 1 2 4
 11  37 280 0 47 1 3 1 2 4
 12 842 740 0 30 1 3 1 2 4
 13 553 516 0 84 1 3 1 2 4
 14 313 838 0 26 1 3 1 2 4
 15 947 774 0 24 1 3 1 2 4
 16 179 398 0 76 1 3 1 2 4
 17 366 408 0  6 1 3 1 2 4
 18 705 740 0 77 1 3 1 2 4
 19 876 263 0 92 1 3 1 2 4
 20 663 613 0  3 1 3 1 2 4
 21 364 260 0 78 1 3 1 2 4
 22 635 230 0  6 1 3 1 2 4
 23 681 122 0 55 1 3 1 2 4
 24 232 286 0 95 1 3 1 2 4
 25 927  20 0 48 1 3 1 2 4
 26 438 565 0 77 1 3 1 2 4
 27 328  47 0 33 1 3 1 2 4
 28 885 711 0 96 1 3 1 2 4
 29 781 461 0 78 1 3 1 2 4
 30 794 825 0 41 1 3 1 2 4
 31 840   9 0 14 1 3 1 2 4
 32 895 828 0 96 1 3 1 2 4
 33 772 941 0 41 1 3 1 2 4
 34 324 824 0 51 1 3 1 2 4
 35 550 204 0 88 1 3 1 2 4
 36 571 261 0 41 1 3 1 2 4
 37 979 997 0 62 1 3 1 2 4
 38 564  54 0  2 1 3 1 2 4
 39 830 970 0 99 1 3 1 2 4
 40 293 476 0 13 1 3 1 2 4
 41 871 374 0 47 1 3 1 2 4
 42 206 624 0 59 1 3 1 2 4
 43 510 478 0 82 1 3 1 2 4
 44 946 294 0 53 1 3 1 2 4
 45 895  13 0 51 1 3 1 2 4
 46 598 569 0 59 1 3 1 2 4
 47 281 110 0 26 1 3 1 2 4
 48 433 949 0 49 1 3 1 2 4
 49 288 712 0 59 1 3 1 2 4
 50 442 156 0 44 1 3 1 2 4
 51 822 553 0 65 1 3 1 2 4
 52 764 226 0 71 1 3 1 2 4
 53  66 142 0 79 1 3 1 2 4
 54 789 569 0 16 1 3 1 2 4
 55 321 983 0 22 1 3 1 2 4
 56 895 606 0 58 1 3 1 2 4
 57  84 775 0 78 1 3 1 2 4
 58 220 787 0 88 1 3 1 2 4
 59 742 845 0  1 1 3 1 2 4
 60 131  78 0 86 1 3 1 2 4
 61 865 681 0 29 1 3 1 2 4
 62 481 877 0 42 1 3 1 2 4
 63 119 487 0  6 1 3 1 2 4
 64 431 659 0 17 1 3 1 2 4
 65 374 874 0 46 1 3 1 2 4
 66 441 949 0 69 1 3 1 2 4
 67 683 518 0 79 1 3 1 2 4
 68 150 810 0 62 1 3 1 2 4
 69 322  92 0 99 1 3 1 2 4
 70 428 679 0 21 1 3 1 2 4
 71 532 745 0 54 1 3 1 2 4
 72 281 335 0 58 1 3 1 2 4
 73 574 204 0 27 1 3 1 2 4
 74 672 205 0 96 1 3 1 2 4
 75 157 504 0 68 1 3 1 2 4
 76 924 292 0 21 1 3 1 2 4
 77 307 792 0 28 1 3 1 2 4
 78 172 266 0 52 1 3 1 2 4
 79  76 193 0 55 1 3 1 2 4
 80 652 374 0 99 1 3 1 2 4
 81 988 165 0 56 1 3 1 2 4
 82 289 963 0 25 1 3 1 2 4
 83 135 392 0 77 1 3 1 2 4
 84 608 694 0 75 1 3 1 2 4
 85 973 744 0 64 1 3 1 2 4
 86 961 361 0 92 1 3 1 2 4
 87 589 940 0 43 1 3 1 2 4
 88 980 566 0 97 1 3 1 2 4
 89 959 625 0 88 1 3 1 2 4
 90 313 697 0 30 1 3 1 2 4
 91 536 711 0 30 1 3 1 2 4
 92 753 822 0 45 1 3 1 2 4
 93 815 670 0  4 1 3 1 2 4
 94 871  64 0 16 1 3 1 2 4
 95 305 406 0 74 1 3 1 2 4
 96 544 798 0 30 1 3 1 2 4
 97 785 153 0 86 1 3 1 2 4
 98 179 285 0 83 1 3 1 2 4
 99 752 501 0 88 1 3 1 2 4
100 342  47 0 97 1 3 1 2 4
101 560 914 0 57 1 3 1 2 4
102  53 393 0 63 1 3 1 2 4
103 160 847 0 57 1 3 1 2 4
104 744 381 0 54 1 3 1 2 4
105 619 522 0 39 1 3 1 2 4
106 728  16 0 91 1 3 1 2 4
107 897 353 0  8 1 3 1 2 4
108 370 752 0  7 1 3 1 2 4
109 223 879 0 46 1 3 1 2 4
110 763 923 0 42 1 3 1 2 4
111 851 846 0 61 1 3 1 2 4
112 960 831 0 36 1 3 1 2 4
113 649 619 0 73 1 3 1 2 4
114 770 907 0  1 1 3 1 2 4
115 204 788 0 78 1 3 1 2 4
116 855 825 0  4 1 3 1 2 4
117 873 788 0 13 1 3 1 2 4
118 334 152 0 73 1 3 1 2 4
119 394 185 0  5 1 3 1 2 4
120 958 346 0 94 1 3 1 2 4
121 230 269 0 17 1 3 1 2 4
122 192 448 0 82 1 3 1 2 4
123 729 371 0 93 1 3 1 2 4
124 309 289 0 44 1 3 1 2 4
125 737 536 0 41 1 3 1 2 4
126 157 566 0 94 1 3 1 2 4
127 100 531 0 84 1 3 1 2 4
128 418 521 0 10 1 3 1 2 4
129 916  98 0 34 1 3 1 2 4
130 247 282 0 68 1 3 1 2 4
131 320 165 0 73 1 3 1 2 4
132 549 898 0 25 1 3 1 2 4
133 879 408 0 22 1 3 1 2 4
134 763 406 0 50 1 3 1 2 4
135 839 935 0 95 1 3 1 2 4
136 464 313 0 33 1 3 1 2 4
137 351 629 0 44 1 3 1 2 4
138 599 156 0 22 1 3 1 2 4
139  80 749 0 46 1 3 1 2 4
140 716 910 0 33 1 3 1 2 4
141 427 724 0 33 1 3 1 2 4
142 178 689 0 15 1 3 1 2 4
143 398 392 0 76 1 3 1 2 4
144 159 788 0 13 1 3 1 2 4
145 140 118 0 13 1 3 1 2 4
146 366 602 0 36 1 3 1 2 4
147 581 634 0 65 1 3 1 2 4
148 815 867 0  3 1 3 1 2 4
149 545  44 0 90 1 3 1 2 4
150 427  56 0 11 1 3 1 2 4
151 264 644 0 58 1 3 1 2 4
152 740 758 0 65 1 3 1 2 4
153 205 915 0 62 1 3 1 2 4
154 265 974 0 60 1 3 1 2 4
155  35  20 0 81 1 3 1 2 4
156 372 131 0 95 1 3 1 2 4
157  48 258 0  8 1 3 1 2 4
158 175 276 0 49 1 3 1 2 4
159 123 144 0 23 1 3 1 2 4
160 934 334 0 97 1 3 1 2 4
161  81 370 0 96 1 3 1 2 4
162 238 948 0 46 1 3 1 2 4
163 874 894 0 57 1 3 1 2 4
164 325 682 0  7 1 3 1 2 4
165 583 975 0  4 1 3 1 2 4
166 574 359 0 83 1 3 1 2 4
167 237 781 0 92 1 3 1 2 4
168 760  46 0 66 1 3 1 2 4
169 863 964 0 80 1 3 1 2 4
170 183 494 0 99 1 3 1 2 4
171 639 853 0 81 1 3 1 2 4
172 367 726 0  7 1 3 1 2 4
173 367 597 0 37 1 3 1 2 4
174  84  59 0 54 1 3 1 2 4
175 110 856 0 49 1 3 1 2 4
176 614 697 0 28 1 3 1 2 4
177 797 152 0 68 1 3 1 2 4
178 571 715 0 61 1 3 1 2 4
179 967 735 0 29 1 3 1 2 4
180  91  58 0 38 1 3 1 2 4
181 551 241 0  9 1 3 1 2 4
182 588 551 0 88 1 3 1 2 4
183 981 595 0 51 1 3 1 2 4
184 356 771 0 20 1 3 1 2 4
185  13 968 0 60 1 3 1 2 4
186 521 443 0 99 1 3 1 2 4
187 954 237 0 70 1 3 1 2 4
188 174 593 0  4 1 3 1 2 4
189 312 988 0 38 1 3 1 2 4
190 444 940 0 97 1 3 1 2 4
191 964 692 0 10 1 3 1 2 4
192 387 945 0 88 1 3 1 2 4
193 504 547 0 39 1 3 1 2 4
194 530 752 0 52 1 3 1 2 4
195 267 619 0  9 1 3 1 2 4
196 657 482 0 25 1 3 1 2 4
197 494 294 0 38 1 3 1 2 4
198  41 774 0 62 1 3 1 2 4
199 600 336 0  8 1 3 1 2 4
200 637 732 0  0 0 0
201 369 883 0  0 0 0
202 909 826 0  0 0 0
