2 56 222 3
0 254
0 254
0 254
  1 616 382 0 100 1 3 1 2 4
  2 357 520 0  77 1 3 1 2 4
  3  50  49 0  42 1 3 1 2 4
  4 165 924 0  41 1 3 1 2 4
  5 770 128 0  46 1 3 1 2 4
  6 255 451 0  44 1 3 1 2 4
  7 556 725 0  31 1 3 1 2 4
  8 434 754 0  75 1 3 1 2 4
  9 201 281 0  60 1 3 1 2 4
 10 911 656 0  41 1 3 1 2 4
 11 730 633 0  58 1 3 1 2 4
 12 579 225 0  78 1 3 1 2 4
 13 995 351 0  84 1 3 1 2 4
 14 925 540 0  63 1 3 1 2 4
 15 518 136 0  65 1 3 1 2 4
 16 330 874 0  72 1 3 1 2 4
 17 721 508 0  80 1 3 1 2 4
 18 523 447 0  89 1 3 1 2 4
 19 632 538 0   2 1 3 1 2 4
 20 380 343 0  57 1 3 1 2 4
 21 918 298 0   5 1 3 1 2 4
 22  71 894 0  65 1 3 1 2 4
 23 499 247 0  25 1 3 1 2 4
 24 427 325 0  18 1 3 1 2 4
 25 855 574 0  30 1 3 1 2 4
 26 312 441 0   9 1 3 1 2 4
 27 301  77 0  75 1 3 1 2 4
 28 300 188 0  92 1 3 1 2 4
 29 690 489 0  84 1 3 1 2 4
 30 694 640 0  78 1 3 1 2 4
 31 645 739 0  33 1 3 1 2 4
 32 617 266 0   7 1 3 1 2 4
 33 614 432 0  59 1 3 1 2 4
 34 672 299 0  65 1 3 1 2 4
 35 648 570 0  59 1 3 1 2 4
 36 613 875 0  43 1 3 1 2 4
 37 348 646 0  48 1 3 1 2 4
 38 620  35 0  40 1 3 1 2 4
 39 448 879 0  92 1 3 1 2 4
 40 782 673 0  75 1 3 1 2 4
 41 227 360 0  22 1 3 1 2 4
 42 783 628 0  27 1 3 1 2 4
 43 194  90 0  63 1 3 1 2 4
 44 831 614 0  70 1 3 1 2 4
 45 113 817 0   7 1 3 1 2 4
 46 895 518 0  18 1 3 1 2 4
 47  93 602 0  49 1 3 1 2 4
 48 347 148 0  70 1 3 1 2 4
 49 167 200 0  51 1 3 1 2 4
 50 676 181 0  32 1 3 1 2 4
 51 807 862 0  12 1 3 1 2 4
 52 347 759 0  77 1 3 1 2 4
 53 759 314 0  33 1 3 1 2 4
 54 907 882 0  55 1 3 1 2 4
 55 285 854 0  94 1 3 1 2 4
 56 481 493 0  34 1 3 1 2 4
 57 241 719 0  77 1 3 1 2 4
 58 965 296 0  58 1 3 1 2 4
 59 796 620 0  20 1 3 1 2 4
 60 399 865 0  11 1 3 1 2 4
 61 411 349 0  38 1 3 1 2 4
 62 359 352 0  24 1 3 1 2 4
 63 859 913 0  35 1 3 1 2 4
 64 658 581 0  15 1 3 1 2 4
 65  20 381 0  45 1 3 1 2 4
 66 309 324 0 100 1 3 1 2 4
 67 853 211 0  67 1 3 1 2 4
 68 511 960 0  72 1 3 1 2 4
 69 472 963 0  51 1 3 1 2 4
 70 866 217 0  76 1 3 1 2 4
 71  15 275 0  11 1 3 1 2 4
 72 437 128 0  81 1 3 1 2 4
 73 474 996 0  50 1 3 1 2 4
 74  82 474 0  82 1 3 1 2 4
 75 359 742 0  17 1 3 1 2 4
 76 958 640 0  95 1 3 1 2 4
 77 318 990 0  52 1 3 1 2 4
 78 448 369 0  10 1 3 1 2 4
 79  89 908 0  96 1 3 1 2 4
 80 419 190 0  52 1 3 1 2 4
 81 787 970 0  60 1 3 1 2 4
 82 116 549 0  17 1 3 1 2 4
 83 310 563 0  47 1 3 1 2 4
 84 146 104 0   2 1 3 1 2 4
 85 140 222 0   9 1 3 1 2 4
 86 548 758 0  25 1 3 1 2 4
 87 123 713 0  68 1 3 1 2 4
 88 928 283 0  67 1 3 1 2 4
 89 379 625 0  57 1 3 1 2 4
 90 827 754 0  12 1 3 1 2 4
 91 298 582 0  70 1 3 1 2 4
 92 875 179 0  49 1 3 1 2 4
 93 101 948 0  59 1 3 1 2 4
 94 593 296 0  96 1 3 1 2 4
 95 618 174 0  49 1 3 1 2 4
 96 358 494 0  91 1 3 1 2 4
 97 940 916 0  94 1 3 1 2 4
 98 573  57 0  29 1 3 1 2 4
 99 592 759 0  12 1 3 1 2 4
100 443 897 0  75 1 3 1 2 4
101 272 974 0  42 1 3 1 2 4
102 373 359 0   7 1 3 1 2 4
103 516 743 0  76 1 3 1 2 4
104 971 301 0  24 1 3 1 2 4
105 373 646 0  11 1 3 1 2 4
106 715 917 0  14 1 3 1 2 4
107 459 128 0  97 1 3 1 2 4
108 151 571 0  61 1 3 1 2 4
109 752 582 0  60 1 3 1 2 4
110 689 581 0  24 1 3 1 2 4
111 409 162 0  35 1 3 1 2 4
112 217 913 0  81 1 3 1 2 4
113 123 814 0  21 1 3 1 2 4
114 219 741 0  73 1 3 1 2 4
115 470 872 0  93 1 3 1 2 4
116 381 352 0  76 1 3 1 2 4
117 626 656 0  69 1 3 1 2 4
118 212 714 0  74 1 3 1 2 4
119 416 213 0  21 1 3 1 2 4
120 926  30 0  78 1 3 1 2 4
121 397 670 0  80 1 3 1 2 4
122 549 725 0  79 1 3 1 2 4
123  49 413 0  98 1 3 1 2 4
124 632 582 0  84 1 3 1 2 4
125 158 304 0  59 1 3 1 2 4
126 411 121 0  48 1 3 1 2 4
127 314 626 0   7 1 3 1 2 4
128 589  47 0  59 1 3 1 2 4
129 786 166 0  60 1 3 1 2 4
130 141 489 0  26 1 3 1 2 4
131 791 947 0  48 1 3 1 2 4
132 441 646 0  94 1 3 1 2 4
133  83 104 0  82 1 3 1 2 4
134 831 617 0  98 1 3 1 2 4
135 100 392 0  18 1 3 1 2 4
136 183 972 0  51 1 3 1 2 4
137 860 229 0  42 1 3 1 2 4
138 926 825 0  57 1 3 1 2 4
139 739 816 0  45 1 3 1 2 4
140  61 329 0  78 1 3 1 2 4
141 381 686 0  83 1 3 1 2 4
142 905 763 0  26 1 3 1 2 4
143 818 965 0   4 1 3 1 2 4
144 715 456 0 100 1 3 1 2 4
145 836  74 0  63 1 3 1 2 4
146 945 214 0  28 1 3 1 2 4
147  12 309 0  72 1 3 1 2 4
148 444  44 0  83 1 3 1 2 4
149 116 933 0   6 1 3 1 2 4
150 555 248 0  65 1 3 1 2 4
151 166 878 0  31 1 3 1 2 4
152 213 320 0  79 1 3 1 2 4
153 205 357 0   7 1 3 1 2 4
154 424 179 0  68 1 3 1 2 4
155 754 752 0  76 1 3 1 2 4
156 825 736 0   5 1 3 1 2 4
157 477 366 0  26 1 3 1 2 4
158 866 637 0  51 1 3 1 2 4
159 531   3 0  50 1 3 1 2 4
160 360 242 0  43 1 3 1 2 4
161 393 208 0  26 1 3 1 2 4
162  27 374 0  29 1 3 1 2 4
163 503  38 0  19 1 3 1 2 4
164 469 157 0  87 1 3 1 2 4
165 972 237 0  51 1 3 1 2 4
166 893 790 0  69 1 3 1 2 4
167  17 916 0   9 1 3 1 2 4
168 662 674 0  97 1 3 1 2 4
169 266 864 0  17 1 3 1 2 4
170 760 351 0  29 1 3 1 2 4
171 210  97 0  19 1 3 1 2 4
172 291 386 0  50 1 3 1 2 4
173 578 749 0  41 1 3 1 2 4
174 236 701 0  53 1 3 1 2 4
175 424 667 0  86 1 3 1 2 4
176 221 890 0  47 1 3 1 2 4
177 808 366 0  88 1 3 1 2 4
178 143   8 0  31 1 3 1 2 4
179 817 501 0  47 1 3 1 2 4
180 406 924 0  97 1 3 1 2 4
181 690 561 0  90 1 3 1 2 4
182  82 552 0  67 1 3 1 2 4
183 684 634 0  66 1 3 1 2 4
184 128  94 0  49 1 3 1 2 4
185 116 504 0  70 1 3 1 2 4
186 705 248 0  68 1 3 1 2 4
187 759 661 0  47 1 3 1 2 4
188 113 295 0  82 1 3 1 2 4
189  19 645 0  18 1 3 1 2 4
190 703 270 0  96 1 3 1 2 4
191 534 642 0   8 1 3 1 2 4
192  38 757 0  26 1 3 1 2 4
193 221  19 0  59 1 3 1 2 4
194  60  30 0  17 1 3 1 2 4
195 578 153 0   8 1 3 1 2 4
196 387 573 0  57 1 3 1 2 4
197 152 767 0   5 1 3 1 2 4
198  12 360 0  29 1 3 1 2 4
199 485 837 0  51 1 3 1 2 4
200 387 535 0  50 1 3 1 2 4
201 654 726 0  61 1 3 1 2 4
202 939 355 0  77 1 3 1 2 4
203  80 675 0   4 1 3 1 2 4
204 705 793 0  32 1 3 1 2 4
205 490 303 0  90 1 3 1 2 4
206 767 162 0  84 1 3 1 2 4
207 428 176 0  44 1 3 1 2 4
208 379 411 0  36 1 3 1 2 4
209 330 968 0  18 1 3 1 2 4
210  23 787 0  26 1 3 1 2 4
211 677 517 0  16 1 3 1 2 4
212 510 552 0  67 1 3 1 2 4
213 459 103 0  92 1 3 1 2 4
214 774 733 0  50 1 3 1 2 4
215 208 359 0  11 1 3 1 2 4
216 633 847 0  43 1 3 1 2 4
217 498 844 0  87 1 3 1 2 4
218 574 461 0  15 1 3 1 2 4
219 366 262 0  75 1 3 1 2 4
220 255 575 0  51 1 3 1 2 4
221 688 932 0  70 1 3 1 2 4
222 530 171 0  87 1 3 1 2 4
223 914  33 0   0 0 0
224 497 989 0   0 0 0
225  19 893 0   0 0 0
