2 118 276 2
0 240
0 240
  1 600 475 0  35 1 2 1 2
  2 327 137 0  19 1 2 1 2
  3 829 147 0  57 1 2 1 2
  4 376 234 0  57 1 2 1 2
  5 286 950 0  13 1 2 1 2
  6 358 969 0  35 1 2 1 2
  7 337 487 0  25 1 2 1 2
  8 502 944 0  78 1 2 1 2
  9 549 252 0  48 1 2 1 2
 10 864 153 0  77 1 2 1 2
 11  44 415 0   8 1 2 1 2
 12 668 137 0  22 1 2 1 2
 13 758 337 0  48 1 2 1 2
 14  53  58 0  92 1 2 1 2
 15 282 867 0  41 1 2 1 2
 16 697 969 0  86 1 2 1 2
 17 408 578 0  72 1 2 1 2
 18  57 980 0   8 1 2 1 2
 19 475 921 0  13 1 2 1 2
 20 639 587 0  12 1 2 1 2
 21 405 861 0  38 1 2 1 2
 22 985 633 0  25 1 2 1 2
 23 631 351 0  93 1 2 1 2
 24 767 712 0  20 1 2 1 2
 25 936 901 0  32 1 2 1 2
 26 394 741 0  59 1 2 1 2
 27 530 129 0   4 1 2 1 2
 28 281 215 0  32 1 2 1 2
 29 800 122 0  24 1 2 1 2
 30 201 307 0  34 1 2 1 2
 31 412 902 0  44 1 2 1 2
 32 738 857 0  40 1 2 1 2
 33 195 744 0  45 1 2 1 2
 34 999 574 0  15 1 2 1 2
 35 160 934 0   8 1 2 1 2
 36 203  22 0  44 1 2 1 2
 37 145 987 0  32 1 2 1 2
 38 165 848 0  10 1 2 1 2
 39  61 588 0   1 1 2 1 2
 40 782 190 0   5 1 2 1 2
 41 549  71 0  76 1 2 1 2
 42 553 274 0  43 1 2 1 2
 43 892  74 0  34 1 2 1 2
 44 876 916 0  81 1 2 1 2
 45  85 468 0  38 1 2 1 2
 46 690   1 0  25 1 2 1 2
 47  63 100 0  44 1 2 1 2
 48 673 384 0  30 1 2 1 2
 49 754 249 0  50 1 2 1 2
 50 258 328 0  43 1 2 1 2
 51 957 928 0  70 1 2 1 2
 52 768 663 0  97 1 2 1 2
 53 427 139 0  39 1 2 1 2
 54 589 520 0  62 1 2 1 2
 55 476   6 0  56 1 2 1 2
 56 290 203 0  12 1 2 1 2
 57 551 863 0  17 1 2 1 2
 58 595 450 0  22 1 2 1 2
 59 894 628 0  64 1 2 1 2
 60 643  76 0  70 1 2 1 2
 61 672 413 0  25 1 2 1 2
 62 756 852 0  82 1 2 1 2
 63 752 981 0  83 1 2 1 2
 64  95 834 0  26 1 2 1 2
 65 332 794 0  57 1 2 1 2
 66 330  83 0  93 1 2 1 2
 67 243 886 0  34 1 2 1 2
 68 508  34 0  10 1 2 1 2
 69 358 731 0  72 1 2 1 2
 70 542 224 0  80 1 2 1 2
 71 725  64 0  80 1 2 1 2
 72 870 252 0  63 1 2 1 2
 73 519 850 0  37 1 2 1 2
 74 782 671 0  59 1 2 1 2
 75 586 285 0   5 1 2 1 2
 76 991 996 0  41 1 2 1 2
 77 236 353 0  43 1 2 1 2
 78 111 909 0  54 1 2 1 2
 79 418 598 0  21 1 2 1 2
 80 578 339 0  40 1 2 1 2
 81 518 830 0  80 1 2 1 2
 82 791 457 0  42 1 2 1 2
 83 627 554 0  89 1 2 1 2
 84 689 234 0  18 1 2 1 2
 85 428 995 0  33 1 2 1 2
 86 366 674 0  48 1 2 1 2
 87  57 245 0  59 1 2 1 2
 88 154 500 0  23 1 2 1 2
 89 135 183 0   9 1 2 1 2
 90 398 557 0   4 1 2 1 2
 91  70 358 0  60 1 2 1 2
 92 115  92 0  57 1 2 1 2
 93 759 387 0  92 1 2 1 2
 94 220 928 0  68 1 2 1 2
 95 596 261 0  15 1 2 1 2
 96 623 849 0  68 1 2 1 2
 97 417 271 0  82 1 2 1 2
 98  24 364 0  46 1 2 1 2
 99 577 894 0 100 1 2 1 2
100 120 784 0  73 1 2 1 2
101 166 827 0   1 1 2 1 2
102 740 422 0  28 1 2 1 2
103 859 507 0  17 1 2 1 2
104 790  78 0  32 1 2 1 2
105 935 474 0  58 1 2 1 2
106 108  80 0 100 1 2 1 2
107 968 616 0  68 1 2 1 2
108 540  57 0  66 1 2 1 2
109 101 505 0  26 1 2 1 2
110 152 854 0  81 1 2 1 2
111 748 771 0  77 1 2 1 2
112 128 835 0  28 1 2 1 2
113 475 438 0  39 1 2 1 2
114  58 159 0  60 1 2 1 2
115 545 295 0  12 1 2 1 2
116 594 687 0  55 1 2 1 2
117 880 958 0  93 1 2 1 2
118 383 465 0  80 1 2 1 2
119 744 138 0  51 1 2 1 2
120  15 606 0  92 1 2 1 2
121 113 246 0  29 1 2 1 2
122 601 587 0  22 1 2 1 2
123 469 959 0  61 1 2 1 2
124 765 754 0  51 1 2 1 2
125 857 338 0  34 1 2 1 2
126 620 311 0  69 1 2 1 2
127 166 296 0  69 1 2 1 2
128 980 790 0  57 1 2 1 2
129 628 731 0   9 1 2 1 2
130 846 628 0  40 1 2 1 2
131 285 940 0  53 1 2 1 2
132 438 836 0  39 1 2 1 2
133 139 728 0  90 1 2 1 2
134 940  38 0  62 1 2 1 2
135 339  35 0  46 1 2 1 2
136 873 259 0  21 1 2 1 2
137   0 296 0  44 1 2 1 2
138 337 234 0  12 1 2 1 2
139 997 314 0  47 1 2 1 2
140 187 482 0  42 1 2 1 2
141 968  86 0   5 1 2 1 2
142 397 448 0  74 1 2 1 2
143 380 225 0  29 1 2 1 2
144 348 141 0  73 1 2 1 2
145 978 215 0  11 1 2 1 2
146 866 713 0  34 1 2 1 2
147 389 577 0  65 1 2 1 2
148 930 754 0  66 1 2 1 2
149 367 124 0  84 1 2 1 2
150   6 610 0  25 1 2 1 2
151 320 857 0  77 1 2 1 2
152 102 481 0  20 1 2 1 2
153  43 667 0  74 1 2 1 2
154   6 808 0   9 1 2 1 2
155 211 188 0  81 1 2 1 2
156 750  52 0  81 1 2 1 2
157 167 378 0  44 1 2 1 2
158  67 726 0  66 1 2 1 2
159 813 639 0  54 1 2 1 2
160 350 661 0  61 1 2 1 2
161 448 925 0  42 1 2 1 2
162  40 196 0  99 1 2 1 2
163 145  43 0  48 1 2 1 2
164  45 945 0  45 1 2 1 2
165 248 910 0  60 1 2 1 2
166 849 853 0  68 1 2 1 2
167 175 700 0  61 1 2 1 2
168 712 308 0  88 1 2 1 2
169 795 592 0   6 1 2 1 2
170 542 943 0  13 1 2 1 2
171 510 757 0  54 1 2 1 2
172 392 788 0  34 1 2 1 2
173 876 120 0  25 1 2 1 2
174 261 640 0  28 1 2 1 2
175  58 787 0  16 1 2 1 2
176 442  66 0  52 1 2 1 2
177 585 546 0  46 1 2 1 2
178 693 297 0  83 1 2 1 2
179 857 853 0  69 1 2 1 2
180 820 815 0  85 1 2 1 2
181  78 564 0  29 1 2 1 2
182 263 696 0  36 1 2 1 2
183 104 192 0  47 1 2 1 2
184 521 475 0  61 1 2 1 2
185 496 823 0  88 1 2 1 2
186 255 126 0  10 1 2 1 2
187 546 600 0  96 1 2 1 2
188 125 684 0  58 1 2 1 2
189 750  61 0  52 1 2 1 2
190 441 446 0  66 1 2 1 2
191 474 514 0   1 1 2 1 2
192 251 394 0  11 1 2 1 2
193 680 314 0  15 1 2 1 2
194 421 829 0  82 1 2 1 2
195  90 910 0   6 1 2 1 2
196   9 901 0  63 1 2 1 2
197 823 245 0  38 1 2 1 2
198  21 534 0  21 1 2 1 2
199 497 980 0  85 1 2 1 2
200 898 289 0  59 1 2 1 2
201 699 340 0  99 1 2 1 2
202 553 814 0  23 1 2 1 2
203 622 926 0  76 1 2 1 2
204 362 334 0  16 1 2 1 2
205 178 735 0  22 1 2 1 2
206 928 875 0  55 1 2 1 2
207 618 264 0  71 1 2 1 2
208 592 160 0  41 1 2 1 2
209 849  49 0  89 1 2 1 2
210 249 631 0  76 1 2 1 2
211 504 773 0  63 1 2 1 2
212 514  72 0  82 1 2 1 2
213 952 471 0   2 1 2 1 2
214 464 673 0  13 1 2 1 2
215 417  21 0  64 1 2 1 2
216 120 378 0  14 1 2 1 2
217 442 857 0  98 1 2 1 2
218  88  58 0  18 1 2 1 2
219  39  98 0  91 1 2 1 2
220  90 520 0  94 1 2 1 2
221 179 523 0   6 1 2 1 2
222 449 373 0  14 1 2 1 2
223 130  91 0  90 1 2 1 2
224 714 202 0   5 1 2 1 2
225 284 663 0  62 1 2 1 2
226 634 492 0  65 1 2 1 2
227 783 896 0  65 1 2 1 2
228 820 461 0  97 1 2 1 2
229 399 848 0  14 1 2 1 2
230 170 637 0  78 1 2 1 2
231 529 434 0  54 1 2 1 2
232 906 266 0  65 1 2 1 2
233 840 507 0  46 1 2 1 2
234 964 773 0  73 1 2 1 2
235 107 862 0  95 1 2 1 2
236 568 974 0  14 1 2 1 2
237 543 364 0  32 1 2 1 2
238 854 212 0  38 1 2 1 2
239 992 855 0  71 1 2 1 2
240  92 185 0  80 1 2 1 2
241 735  60 0  30 1 2 1 2
242 744 274 0  43 1 2 1 2
243 862 754 0  72 1 2 1 2
244 360 438 0  53 1 2 1 2
245 193 876 0  49 1 2 1 2
246 187  73 0  20 1 2 1 2
247 346  59 0  93 1 2 1 2
248 717 905 0  59 1 2 1 2
249 602 527 0  20 1 2 1 2
250 678 416 0  15 1 2 1 2
251 604 348 0  45 1 2 1 2
252 459 160 0  22 1 2 1 2
253 894 313 0  87 1 2 1 2
254 344  74 0  76 1 2 1 2
255 343 360 0  11 1 2 1 2
256 741 783 0 100 1 2 1 2
257 897 946 0  77 1 2 1 2
258 900  99 0  54 1 2 1 2
259 153  71 0  98 1 2 1 2
260 787 686 0  34 1 2 1 2
261 988 585 0  97 1 2 1 2
262 830 758 0   6 1 2 1 2
263 890 293 0  57 1 2 1 2
264 294  21 0  60 1 2 1 2
265  90  39 0   2 1 2 1 2
266   6 663 0  69 1 2 1 2
267 965 709 0  80 1 2 1 2
268 313 435 0  98 1 2 1 2
269 930 988 0  36 1 2 1 2
270   3 148 0  34 1 2 1 2
271 132 428 0  31 1 2 1 2
272 262 149 0  43 1 2 1 2
273 485  26 0  52 1 2 1 2
274 736 857 0  91 1 2 1 2
275 638 828 0  25 1 2 1 2
276 302 604 0   8 1 2 1 2
277 920 414 0   0 0 0
278  99 491 0   0 0 0
