2 47 324 5
0 235
0 235
0 235
0 235
0 235
  1  17 304 0  10 1 5 1 2 4 8 16
  2 725 841 0   5 1 5 1 2 4 8 16
  3 219 613 0  26 1 5 1 2 4 8 16
  4  31 973 0  49 1 5 1 2 4 8 16
  5  97 628 0  96 1 5 1 2 4 8 16
  6 595 115 0  30 1 5 1 2 4 8 16
  7 761 617 0  89 1 5 1 2 4 8 16
  8 829 365 0  25 1 5 1 2 4 8 16
  9 753 262 0  45 1 5 1 2 4 8 16
 10 601 478 0   5 1 5 1 2 4 8 16
 11 881 934 0   1 1 5 1 2 4 8 16
 12 788 505 0  17 1 5 1 2 4 8 16
 13 887 108 0  21 1 5 1 2 4 8 16
 14  80 498 0  70 1 5 1 2 4 8 16
 15 375 136 0  43 1 5 1 2 4 8 16
 16 882 266 0  97 1 5 1 2 4 8 16
 17 756 217 0   2 1 5 1 2 4 8 16
 18 938 859 0  55 1 5 1 2 4 8 16
 19  69  22 0  78 1 5 1 2 4 8 16
 20 478 849 0  44 1 5 1 2 4 8 16
 21 247 581 0  71 1 5 1 2 4 8 16
 22 939 571 0  59 1 5 1 2 4 8 16
 23 406 647 0  34 1 5 1 2 4 8 16
 24 361 306 0  16 1 5 1 2 4 8 16
 25  56 605 0  29 1 5 1 2 4 8 16
 26 369 696 0  15 1 5 1 2 4 8 16
 27 789 211 0  72 1 5 1 2 4 8 16
 28 178  57 0  99 1 5 1 2 4 8 16
 29 604 885 0  44 1 5 1 2 4 8 16
 30 340 882 0  91 1 5 1 2 4 8 16
 31 758   5 0  32 1 5 1 2 4 8 16
 32 267 406 0  41 1 5 1 2 4 8 16
 33 893 156 0  12 1 5 1 2 4 8 16
 34 762 600 0  50 1 5 1 2 4 8 16
 35 185 260 0  72 1 5 1 2 4 8 16
 36 926 718 0  60 1 5 1 2 4 8 16
 37 518 444 0  22 1 5 1 2 4 8 16
 38 975 515 0  10 1 5 1 2 4 8 16
 39 417 546 0  27 1 5 1 2 4 8 16
 40 701 444 0  15 1 5 1 2 4 8 16
 41  28 979 0  33 1 5 1 2 4 8 16
 42 922  98 0  13 1 5 1 2 4 8 16
 43 335 694 0  57 1 5 1 2 4 8 16
 44 839 450 0  97 1 5 1 2 4 8 16
 45 778 412 0  34 1 5 1 2 4 8 16
 46  63 713 0  92 1 5 1 2 4 8 16
 47 957 859 0   6 1 5 1 2 4 8 16
 48 888 505 0  90 1 5 1 2 4 8 16
 49 258 349 0  42 1 5 1 2 4 8 16
 50 822 780 0  69 1 5 1 2 4 8 16
 51 739 842 0  31 1 5 1 2 4 8 16
 52 333 255 0   9 1 5 1 2 4 8 16
 53 315  21 0  48 1 5 1 2 4 8 16
 54 300 274 0  57 1 5 1 2 4 8 16
 55 863 150 0  43 1 5 1 2 4 8 16
 56 422 879 0  82 1 5 1 2 4 8 16
 57 603 955 0  49 1 5 1 2 4 8 16
 58 394 482 0   5 1 5 1 2 4 8 16
 59 161 249 0  93 1 5 1 2 4 8 16
 60 642 592 0  59 1 5 1 2 4 8 16
 61 416 143 0   5 1 5 1 2 4 8 16
 62 367 377 0  69 1 5 1 2 4 8 16
 63 770 966 0  64 1 5 1 2 4 8 16
 64 740 786 0  44 1 5 1 2 4 8 16
 65  89 586 0  83 1 5 1 2 4 8 16
 66 307 687 0  14 1 5 1 2 4 8 16
 67 269 959 0  59 1 5 1 2 4 8 16
 68 326 489 0  91 1 5 1 2 4 8 16
 69 924 871 0  42 1 5 1 2 4 8 16
 70 566 489 0   9 1 5 1 2 4 8 16
 71 625 216 0  38 1 5 1 2 4 8 16
 72  48 498 0  21 1 5 1 2 4 8 16
 73 402  87 0  47 1 5 1 2 4 8 16
 74 157 950 0  96 1 5 1 2 4 8 16
 75 128 556 0  30 1 5 1 2 4 8 16
 76  71 677 0   6 1 5 1 2 4 8 16
 77 651 819 0  26 1 5 1 2 4 8 16
 78 311 505 0  35 1 5 1 2 4 8 16
 79 169  98 0  46 1 5 1 2 4 8 16
 80 470 845 0  90 1 5 1 2 4 8 16
 81 685 641 0  62 1 5 1 2 4 8 16
 82 229 144 0  22 1 5 1 2 4 8 16
 83 667 685 0  38 1 5 1 2 4 8 16
 84 422 712 0  61 1 5 1 2 4 8 16
 85 383 949 0  48 1 5 1 2 4 8 16
 86  41 735 0  53 1 5 1 2 4 8 16
 87 489 522 0   8 1 5 1 2 4 8 16
 88 523  26 0  66 1 5 1 2 4 8 16
 89 948 491 0  60 1 5 1 2 4 8 16
 90 171 496 0  14 1 5 1 2 4 8 16
 91 818 114 0  92 1 5 1 2 4 8 16
 92 191 492 0   6 1 5 1 2 4 8 16
 93 696 371 0  15 1 5 1 2 4 8 16
 94 259 297 0  56 1 5 1 2 4 8 16
 95 498 657 0  95 1 5 1 2 4 8 16
 96 648 806 0  18 1 5 1 2 4 8 16
 97 780 504 0   2 1 5 1 2 4 8 16
 98 199 732 0  89 1 5 1 2 4 8 16
 99 859 737 0  69 1 5 1 2 4 8 16
100 189 249 0  23 1 5 1 2 4 8 16
101  74 888 0  49 1 5 1 2 4 8 16
102 910 971 0  39 1 5 1 2 4 8 16
103 511 551 0 100 1 5 1 2 4 8 16
104 791  69 0  88 1 5 1 2 4 8 16
105 259 920 0  51 1 5 1 2 4 8 16
106 614  59 0  18 1 5 1 2 4 8 16
107 943 993 0  41 1 5 1 2 4 8 16
108 874 161 0  41 1 5 1 2 4 8 16
109 822  28 0  22 1 5 1 2 4 8 16
110 638  91 0  28 1 5 1 2 4 8 16
111 723 657 0  68 1 5 1 2 4 8 16
112 132 205 0   5 1 5 1 2 4 8 16
113  63 358 0 100 1 5 1 2 4 8 16
114 625 739 0  55 1 5 1 2 4 8 16
115 607 412 0  96 1 5 1 2 4 8 16
116  31 980 0  29 1 5 1 2 4 8 16
117 171 693 0  17 1 5 1 2 4 8 16
118 311 874 0  88 1 5 1 2 4 8 16
119 582 967 0   3 1 5 1 2 4 8 16
120 958 603 0  50 1 5 1 2 4 8 16
121 431 340 0  64 1 5 1 2 4 8 16
122  94 350 0  88 1 5 1 2 4 8 16
123 824 217 0  39 1 5 1 2 4 8 16
124 317 228 0  25 1 5 1 2 4 8 16
125 633 951 0  48 1 5 1 2 4 8 16
126 908 825 0  21 1 5 1 2 4 8 16
127 973 791 0  78 1 5 1 2 4 8 16
128 232 875 0  99 1 5 1 2 4 8 16
129 880 907 0   3 1 5 1 2 4 8 16
130 965 245 0  90 1 5 1 2 4 8 16
131   0 272 0  85 1 5 1 2 4 8 16
132 265 942 0  64 1 5 1 2 4 8 16
133 448  39 0  47 1 5 1 2 4 8 16
134 854 249 0  48 1 5 1 2 4 8 16
135  35 790 0  87 1 5 1 2 4 8 16
136 936 531 0   5 1 5 1 2 4 8 16
137 205 302 0  65 1 5 1 2 4 8 16
138 807 735 0  75 1 5 1 2 4 8 16
139 211 906 0  17 1 5 1 2 4 8 16
140 114 469 0  88 1 5 1 2 4 8 16
141 600 898 0  76 1 5 1 2 4 8 16
142 878   2 0  78 1 5 1 2 4 8 16
143 216 338 0  75 1 5 1 2 4 8 16
144 751 684 0  71 1 5 1 2 4 8 16
145 171 621 0  59 1 5 1 2 4 8 16
146 258 106 0  25 1 5 1 2 4 8 16
147 769 686 0  59 1 5 1 2 4 8 16
148 314 710 0  37 1 5 1 2 4 8 16
149 167 831 0  91 1 5 1 2 4 8 16
150 387   8 0  35 1 5 1 2 4 8 16
151 808  70 0  73 1 5 1 2 4 8 16
152 318 274 0  30 1 5 1 2 4 8 16
153 189 769 0  24 1 5 1 2 4 8 16
154 405 769 0  49 1 5 1 2 4 8 16
155  84 935 0   9 1 5 1 2 4 8 16
156 675 203 0  52 1 5 1 2 4 8 16
157 551 253 0   6 1 5 1 2 4 8 16
158 777 628 0  19 1 5 1 2 4 8 16
159  65 593 0  15 1 5 1 2 4 8 16
160 951 101 0  21 1 5 1 2 4 8 16
161 962 681 0  25 1 5 1 2 4 8 16
162 878 727 0  50 1 5 1 2 4 8 16
163 563 817 0  20 1 5 1 2 4 8 16
164 276 413 0  10 1 5 1 2 4 8 16
165 310 398 0  18 1 5 1 2 4 8 16
166 908  32 0  30 1 5 1 2 4 8 16
167  30 568 0  20 1 5 1 2 4 8 16
168 468 950 0  52 1 5 1 2 4 8 16
169 546 278 0  61 1 5 1 2 4 8 16
170 849 349 0  27 1 5 1 2 4 8 16
171  62 388 0  58 1 5 1 2 4 8 16
172 858 335 0  56 1 5 1 2 4 8 16
173 308  83 0  95 1 5 1 2 4 8 16
174 987 269 0  36 1 5 1 2 4 8 16
175  26  71 0  47 1 5 1 2 4 8 16
176 422 575 0   8 1 5 1 2 4 8 16
177 251 993 0  47 1 5 1 2 4 8 16
178 334 886 0  39 1 5 1 2 4 8 16
179 226 477 0  46 1 5 1 2 4 8 16
180 841 192 0  57 1 5 1 2 4 8 16
181  64 671 0  47 1 5 1 2 4 8 16
182 809 218 0  85 1 5 1 2 4 8 16
183 216 356 0  91 1 5 1 2 4 8 16
184 517 156 0  78 1 5 1 2 4 8 16
185 717 775 0  78 1 5 1 2 4 8 16
186 820 769 0  27 1 5 1 2 4 8 16
187 545 724 0  97 1 5 1 2 4 8 16
188 545 479 0  37 1 5 1 2 4 8 16
189 611 769 0  40 1 5 1 2 4 8 16
190 261 843 0  29 1 5 1 2 4 8 16
191 560 352 0  36 1 5 1 2 4 8 16
192 621 132 0  12 1 5 1 2 4 8 16
193 772 641 0  21 1 5 1 2 4 8 16
194 624 679 0  66 1 5 1 2 4 8 16
195  88 987 0   3 1 5 1 2 4 8 16
196  78 918 0  49 1 5 1 2 4 8 16
197 108  49 0  26 1 5 1 2 4 8 16
198 799 948 0  55 1 5 1 2 4 8 16
199  16 875 0  48 1 5 1 2 4 8 16
200 737  49 0  99 1 5 1 2 4 8 16
201 935 965 0  12 1 5 1 2 4 8 16
202 203 623 0  54 1 5 1 2 4 8 16
203 961 898 0  13 1 5 1 2 4 8 16
204 264  53 0  39 1 5 1 2 4 8 16
205 222 342 0   8 1 5 1 2 4 8 16
206 390 527 0  77 1 5 1 2 4 8 16
207 990 133 0  51 1 5 1 2 4 8 16
208 669 685 0  94 1 5 1 2 4 8 16
209 757 890 0  23 1 5 1 2 4 8 16
210 399 518 0  92 1 5 1 2 4 8 16
211 758 610 0   1 1 5 1 2 4 8 16
212 804 382 0  63 1 5 1 2 4 8 16
213 962 573 0  67 1 5 1 2 4 8 16
214 234 872 0  23 1 5 1 2 4 8 16
215  62 592 0  15 1 5 1 2 4 8 16
216 990  66 0  84 1 5 1 2 4 8 16
217 752 634 0  56 1 5 1 2 4 8 16
218 228 666 0  86 1 5 1 2 4 8 16
219 263 245 0  20 1 5 1 2 4 8 16
220 758 366 0  79 1 5 1 2 4 8 16
221 742 915 0  18 1 5 1 2 4 8 16
222 733 622 0  81 1 5 1 2 4 8 16
223 443  53 0  27 1 5 1 2 4 8 16
224 403 146 0  68 1 5 1 2 4 8 16
225 766  52 0  66 1 5 1 2 4 8 16
226 202 903 0  26 1 5 1 2 4 8 16
227 620 843 0  46 1 5 1 2 4 8 16
228 220 297 0  25 1 5 1 2 4 8 16
229 285 529 0  20 1 5 1 2 4 8 16
230 652 938 0  94 1 5 1 2 4 8 16
231 996 223 0  74 1 5 1 2 4 8 16
232 457  96 0   8 1 5 1 2 4 8 16
233  58 919 0  62 1 5 1 2 4 8 16
234 953 878 0  39 1 5 1 2 4 8 16
235 962 329 0  13 1 5 1 2 4 8 16
236 804  85 0  74 1 5 1 2 4 8 16
237 716 376 0  65 1 5 1 2 4 8 16
238   0 927 0  96 1 5 1 2 4 8 16
239 294 747 0  65 1 5 1 2 4 8 16
240 617 593 0  91 1 5 1 2 4 8 16
241 687  96 0  40 1 5 1 2 4 8 16
242 670 938 0  11 1 5 1 2 4 8 16
243 352 958 0  85 1 5 1 2 4 8 16
244 223 391 0  99 1 5 1 2 4 8 16
245 765   7 0  62 1 5 1 2 4 8 16
246 223 587 0  81 1 5 1 2 4 8 16
247 461 662 0  60 1 5 1 2 4 8 16
248 107 554 0  33 1 5 1 2 4 8 16
249 202 489 0  79 1 5 1 2 4 8 16
250 959  47 0  22 1 5 1 2 4 8 16
251  57 419 0  33 1 5 1 2 4 8 16
252 387 335 0  90 1 5 1 2 4 8 16
253 741 469 0  33 1 5 1 2 4 8 16
254 436 616 0   4 1 5 1 2 4 8 16
255 500  53 0  40 1 5 1 2 4 8 16
256  49 812 0  18 1 5 1 2 4 8 16
257 116 548 0  53 1 5 1 2 4 8 16
258 953 604 0  16 1 5 1 2 4 8 16
259 521  29 0  33 1 5 1 2 4 8 16
260  66 609 0  28 1 5 1 2 4 8 16
261 229 102 0  52 1 5 1 2 4 8 16
262 791 956 0  55 1 5 1 2 4 8 16
263 279 709 0  95 1 5 1 2 4 8 16
264 860 920 0  77 1 5 1 2 4 8 16
265 928 495 0  62 1 5 1 2 4 8 16
266 589 477 0  69 1 5 1 2 4 8 16
267 460 480 0  19 1 5 1 2 4 8 16
268 292  94 0  68 1 5 1 2 4 8 16
269 993 300 0  15 1 5 1 2 4 8 16
270 279 292 0  43 1 5 1 2 4 8 16
271 384 490 0  84 1 5 1 2 4 8 16
272 101 259 0  74 1 5 1 2 4 8 16
273 830  17 0  94 1 5 1 2 4 8 16
274 438 343 0  63 1 5 1 2 4 8 16
275  32 547 0  62 1 5 1 2 4 8 16
276 153 638 0  83 1 5 1 2 4 8 16
277 134 186 0  78 1 5 1 2 4 8 16
278 218 230 0  74 1 5 1 2 4 8 16
279 788 594 0  52 1 5 1 2 4 8 16
280 529 476 0  21 1 5 1 2 4 8 16
281 297 297 0  24 1 5 1 2 4 8 16
282 814 256 0  12 1 5 1 2 4 8 16
283 654 297 0  21 1 5 1 2 4 8 16
284 380 473 0  56 1 5 1 2 4 8 16
285 455 938 0  89 1 5 1 2 4 8 16
286 695  93 0   3 1 5 1 2 4 8 16
287   5 700 0  64 1 5 1 2 4 8 16
288 319 587 0  41 1 5 1 2 4 8 16
289 916 108 0  99 1 5 1 2 4 8 16
290 149 813 0  24 1 5 1 2 4 8 16
291 760 787 0  27 1 5 1 2 4 8 16
292 743 199 0  86 1 5 1 2 4 8 16
293 703 150 0  41 1 5 1 2 4 8 16
294 925   5 0  30 1 5 1 2 4 8 16
295 670 281 0  83 1 5 1 2 4 8 16
296 830 305 0  66 1 5 1 2 4 8 16
297  91 686 0  13 1 5 1 2 4 8 16
298 593 808 0  82 1 5 1 2 4 8 16
299 802  15 0   6 1 5 1 2 4 8 16
300 893 958 0  97 1 5 1 2 4 8 16
301 374 901 0  76 1 5 1 2 4 8 16
302 748 591 0  81 1 5 1 2 4 8 16
303  10 171 0  19 1 5 1 2 4 8 16
304 846 136 0   3 1 5 1 2 4 8 16
305 418 676 0  83 1 5 1 2 4 8 16
306 198 754 0   6 1 5 1 2 4 8 16
307 386 585 0  40 1 5 1 2 4 8 16
308 402 134 0  83 1 5 1 2 4 8 16
309 466  49 0  38 1 5 1 2 4 8 16
310 890 776 0  66 1 5 1 2 4 8 16
311 274 137 0  18 1 5 1 2 4 8 16
312 404 516 0  67 1 5 1 2 4 8 16
313  34 491 0  60 1 5 1 2 4 8 16
314 564 217 0  54 1 5 1 2 4 8 16
315   2 235 0  37 1 5 1 2 4 8 16
316 857 217 0  11 1 5 1 2 4 8 16
317 735 994 0  27 1 5 1 2 4 8 16
318 802 350 0  73 1 5 1 2 4 8 16
319 540 671 0  37 1 5 1 2 4 8 16
320 524 180 0  73 1 5 1 2 4 8 16
321 564  10 0   2 1 5 1 2 4 8 16
322  44 273 0  72 1 5 1 2 4 8 16
323 919 618 0   2 1 5 1 2 4 8 16
324 791 470 0  32 1 5 1 2 4 8 16
325 619   9 0   0 0 0
326 224 307 0   0 0 0
327 650 565 0   0 0 0
328  41 373 0   0 0 0
329 308 394 0   0 0 0
