2 131 326 2
0 240
0 240
  1 708 633 0  25 1 2 1 2
  2 262  99 0  42 1 2 1 2
  3 419 376 0  37 1 2 1 2
  4 451 835 0  12 1 2 1 2
  5 690 957 0  62 1 2 1 2
  6 939 560 0  54 1 2 1 2
  7 631 154 0  60 1 2 1 2
  8 936 981 0  17 1 2 1 2
  9 613 754 0  94 1 2 1 2
 10 132 678 0  94 1 2 1 2
 11 924 607 0  59 1 2 1 2
 12  16 216 0  94 1 2 1 2
 13 304 938 0  61 1 2 1 2
 14 526  66 0  33 1 2 1 2
 15 406  42 0  63 1 2 1 2
 16 564 648 0   8 1 2 1 2
 17 692 997 0  54 1 2 1 2
 18 234 983 0  76 1 2 1 2
 19 521 510 0  98 1 2 1 2
 20 669 670 0  96 1 2 1 2
 21 862  15 0  74 1 2 1 2
 22 512 122 0  79 1 2 1 2
 23 425 235 0  24 1 2 1 2
 24 932 137 0  24 1 2 1 2
 25  86 373 0  58 1 2 1 2
 26 249  57 0  68 1 2 1 2
 27 795 982 0  82 1 2 1 2
 28 172 327 0  17 1 2 1 2
 29 201 977 0  77 1 2 1 2
 30 832  89 0  21 1 2 1 2
 31 979 964 0  18 1 2 1 2
 32 226 666 0   3 1 2 1 2
 33 971 930 0  37 1 2 1 2
 34 735 460 0  70 1 2 1 2
 35 292 164 0  92 1 2 1 2
 36 987 815 0  74 1 2 1 2
 37 983 167 0  77 1 2 1 2
 38 108 480 0  11 1 2 1 2
 39 886 632 0  72 1 2 1 2
 40 639 335 0  99 1 2 1 2
 41  26 628 0   5 1 2 1 2
 42 756 871 0  79 1 2 1 2
 43 590 240 0  87 1 2 1 2
 44 703  87 0  23 1 2 1 2
 45 293 164 0  25 1 2 1 2
 46 586 339 0  23 1 2 1 2
 47 306 900 0  68 1 2 1 2
 48 748 647 0  76 1 2 1 2
 49 366 755 0  42 1 2 1 2
 50 512 258 0  62 1 2 1 2
 51 146 726 0  16 1 2 1 2
 52 376 221 0   5 1 2 1 2
 53 820 946 0  93 1 2 1 2
 54 296 288 0   2 1 2 1 2
 55 622 105 0  11 1 2 1 2
 56 852 453 0  82 1 2 1 2
 57 781 618 0  38 1 2 1 2
 58 418 415 0  90 1 2 1 2
 59 402 815 0  58 1 2 1 2
 60 189  78 0  98 1 2 1 2
 61 772  80 0  97 1 2 1 2
 62 193 903 0  86 1 2 1 2
 63 549 433 0  90 1 2 1 2
 64  57  92 0  65 1 2 1 2
 65 320  74 0  40 1 2 1 2
 66  21 426 0  72 1 2 1 2
 67 753  37 0  99 1 2 1 2
 68 825 928 0  25 1 2 1 2
 69 133  59 0  80 1 2 1 2
 70 836 397 0  23 1 2 1 2
 71 520 882 0  49 1 2 1 2
 72 800 255 0  12 1 2 1 2
 73 159 909 0  53 1 2 1 2
 74  84 409 0  34 1 2 1 2
 75 398 952 0  50 1 2 1 2
 76 752 479 0  57 1 2 1 2
 77 612 293 0  85 1 2 1 2
 78 356 865 0  20 1 2 1 2
 79 923 278 0   6 1 2 1 2
 80 664 426 0  53 1 2 1 2
 81 711 834 0  41 1 2 1 2
 82 341 124 0  34 1 2 1 2
 83 448 276 0  25 1 2 1 2
 84 595  39 0  83 1 2 1 2
 85 312 730 0  32 1 2 1 2
 86 947 935 0  44 1 2 1 2
 87 234 436 0  68 1 2 1 2
 88 729 298 0  76 1 2 1 2
 89  56 854 0  17 1 2 1 2
 90 765 668 0  84 1 2 1 2
 91 850 869 0   9 1 2 1 2
 92 123 356 0  47 1 2 1 2
 93 478   8 0  73 1 2 1 2
 94 702  73 0  23 1 2 1 2
 95 812 393 0  29 1 2 1 2
 96 677 977 0  43 1 2 1 2
 97 260 580 0   8 1 2 1 2
 98 347 505 0   7 1 2 1 2
 99 108 742 0  19 1 2 1 2
100 529 677 0  15 1 2 1 2
101 613 933 0  12 1 2 1 2
102 174 964 0  50 1 2 1 2
103 245 574 0  77 1 2 1 2
104 751 296 0  53 1 2 1 2
105  43 248 0  76 1 2 1 2
106 472 907 0   7 1 2 1 2
107 777 753 0  33 1 2 1 2
108 456 851 0  18 1 2 1 2
109 516 514 0  72 1 2 1 2
110 291 739 0  81 1 2 1 2
111 169 803 0   5 1 2 1 2
112 985 197 0  10 1 2 1 2
113 743 506 0  21 1 2 1 2
114  71 799 0  66 1 2 1 2
115 608 139 0   5 1 2 1 2
116  14 151 0  54 1 2 1 2
117 915 454 0 100 1 2 1 2
118 300 726 0  44 1 2 1 2
119 810 628 0  76 1 2 1 2
120 423 280 0   7 1 2 1 2
121 959 862 0   5 1 2 1 2
122 946  16 0  16 1 2 1 2
123 714 490 0  81 1 2 1 2
124 285 308 0  76 1 2 1 2
125 782 143 0   1 1 2 1 2
126 275 339 0  74 1 2 1 2
127 884 141 0   5 1 2 1 2
128 768 243 0  54 1 2 1 2
129 520 308 0  56 1 2 1 2
130 995 258 0  31 1 2 1 2
131 184 508 0  57 1 2 1 2
132 697 160 0  42 1 2 1 2
133  61 526 0  21 1 2 1 2
134 479 635 0  76 1 2 1 2
135 573 639 0  74 1 2 1 2
136 346 407 0  20 1 2 1 2
137 899 639 0  75 1 2 1 2
138 749  73 0  78 1 2 1 2
139 413 504 0  62 1 2 1 2
140 156 146 0  70 1 2 1 2
141 253 856 0  52 1 2 1 2
142 140 827 0  53 1 2 1 2
143 954 345 0   5 1 2 1 2
144 467 905 0  97 1 2 1 2
145 845 165 0  70 1 2 1 2
146 623 185 0  26 1 2 1 2
147  44 357 0  32 1 2 1 2
148 339 378 0  58 1 2 1 2
149 151 531 0  88 1 2 1 2
150 220  17 0  47 1 2 1 2
151 118 242 0  63 1 2 1 2
152 828 186 0  36 1 2 1 2
153 331 133 0   1 1 2 1 2
154 884 410 0  42 1 2 1 2
155 582 524 0  59 1 2 1 2
156 656  18 0  47 1 2 1 2
157 253 782 0  37 1 2 1 2
158 885 706 0  60 1 2 1 2
159 155 440 0  29 1 2 1 2
160 209 749 0  82 1 2 1 2
161 168 905 0   1 1 2 1 2
162 543 179 0  28 1 2 1 2
163 671 173 0  69 1 2 1 2
164 248 911 0  93 1 2 1 2
165 598 190 0  16 1 2 1 2
166 797   9 0  25 1 2 1 2
167 445 152 0  69 1 2 1 2
168 819 216 0  98 1 2 1 2
169 977 250 0  43 1 2 1 2
170 589 570 0  27 1 2 1 2
171 628 602 0   1 1 2 1 2
172 462  72 0  45 1 2 1 2
173  71 647 0  64 1 2 1 2
174 225 749 0  98 1 2 1 2
175 689 445 0  51 1 2 1 2
176 376 744 0  83 1 2 1 2
177 665 250 0  74 1 2 1 2
178 303 840 0  83 1 2 1 2
179 266 216 0  10 1 2 1 2
180 719 699 0  86 1 2 1 2
181 647 894 0  94 1 2 1 2
182 824 170 0  22 1 2 1 2
183 864 633 0  85 1 2 1 2
184 423 231 0  73 1 2 1 2
185 281 550 0  84 1 2 1 2
186 929 523 0  76 1 2 1 2
187 122 887 0  44 1 2 1 2
188 260 890 0   3 1 2 1 2
189 473 473 0  89 1 2 1 2
190 215 272 0  37 1 2 1 2
191 373 969 0   2 1 2 1 2
192 251 131 0  18 1 2 1 2
193 660 591 0  46 1 2 1 2
194 920 633 0  79 1 2 1 2
195 564 137 0  94 1 2 1 2
196 308 569 0   4 1 2 1 2
197   2 766 0  68 1 2 1 2
198 961 916 0  82 1 2 1 2
199  65 337 0   3 1 2 1 2
200 736 496 0  25 1 2 1 2
201 104 850 0  75 1 2 1 2
202 943 972 0  75 1 2 1 2
203  91 548 0  50 1 2 1 2
204 182 265 0  63 1 2 1 2
205 405 707 0  53 1 2 1 2
206 814 140 0  48 1 2 1 2
207 217  35 0  65 1 2 1 2
208 305 642 0  30 1 2 1 2
209 110 472 0  40 1 2 1 2
210 532 889 0  47 1 2 1 2
211 837 165 0  61 1 2 1 2
212 708  13 0  47 1 2 1 2
213   0 892 0  27 1 2 1 2
214 390 699 0  38 1 2 1 2
215 858 632 0  28 1 2 1 2
216 455 428 0  15 1 2 1 2
217 444 639 0   6 1 2 1 2
218 280 135 0  48 1 2 1 2
219 398 850 0  33 1 2 1 2
220 719 862 0  88 1 2 1 2
221 314  68 0  76 1 2 1 2
222  51 547 0  45 1 2 1 2
223 898 683 0  90 1 2 1 2
224 667  53 0  23 1 2 1 2
225 191 653 0   3 1 2 1 2
226  31 370 0  54 1 2 1 2
227 460 423 0  87 1 2 1 2
228 413 902 0   8 1 2 1 2
229 573 733 0  78 1 2 1 2
230 309 446 0  49 1 2 1 2
231 981  30 0  62 1 2 1 2
232 619 342 0  54 1 2 1 2
233 107 200 0  54 1 2 1 2
234 943 630 0  19 1 2 1 2
235 239 577 0  32 1 2 1 2
236 136 206 0  30 1 2 1 2
237 679 100 0  56 1 2 1 2
238 559 238 0  11 1 2 1 2
239 680 702 0  12 1 2 1 2
240 186 175 0  47 1 2 1 2
241 763 279 0  34 1 2 1 2
242 208 882 0  35 1 2 1 2
243 994 417 0  18 1 2 1 2
244  78   7 0  64 1 2 1 2
245 837 442 0  90 1 2 1 2
246  39 377 0  25 1 2 1 2
247 491 873 0  71 1 2 1 2
248 517 998 0  38 1 2 1 2
249 997 401 0  44 1 2 1 2
250 550 104 0  80 1 2 1 2
251 486  12 0  96 1 2 1 2
252 200 646 0  77 1 2 1 2
253 376 451 0  99 1 2 1 2
254 612 745 0  26 1 2 1 2
255 669 220 0  16 1 2 1 2
256 190  97 0  78 1 2 1 2
257 551 176 0  20 1 2 1 2
258  20 383 0  18 1 2 1 2
259 271 590 0  31 1 2 1 2
260 236 145 0  52 1 2 1 2
261 802 853 0  13 1 2 1 2
262  63  96 0  46 1 2 1 2
263 825  31 0   7 1 2 1 2
264  66 755 0  20 1 2 1 2
265 128 606 0  30 1 2 1 2
266 479 344 0  94 1 2 1 2
267 172 506 0  22 1 2 1 2
268 143 114 0  41 1 2 1 2
269 830 546 0  20 1 2 1 2
270  87 230 0  89 1 2 1 2
271 852 201 0  66 1 2 1 2
272 798 348 0  16 1 2 1 2
273 377 263 0  18 1 2 1 2
274 566 424 0  79 1 2 1 2
275 837 377 0  92 1 2 1 2
276 994 482 0   5 1 2 1 2
277  46  24 0  37 1 2 1 2
278 638 456 0   8 1 2 1 2
279 873 922 0  49 1 2 1 2
280 586 964 0   4 1 2 1 2
281  75 278 0  77 1 2 1 2
282 525 545 0   1 1 2 1 2
283 352 381 0  23 1 2 1 2
284 621 258 0  40 1 2 1 2
285 242 418 0  91 1 2 1 2
286 958  51 0   1 1 2 1 2
287 804 815 0  70 1 2 1 2
288 287 234 0  88 1 2 1 2
289 510 290 0  26 1 2 1 2
290 701 678 0  28 1 2 1 2
291 812 411 0  85 1 2 1 2
292 801 315 0   3 1 2 1 2
293 602 295 0  84 1 2 1 2
294 437 226 0  30 1 2 1 2
295 177 936 0  65 1 2 1 2
296 751 598 0  95 1 2 1 2
297  19 515 0  72 1 2 1 2
298 123 358 0  50 1 2 1 2
299 139 545 0  33 1 2 1 2
300 616 299 0  66 1 2 1 2
301 775 739 0  39 1 2 1 2
302 359 810 0  96 1 2 1 2
303 872 298 0  35 1 2 1 2
304 388 207 0   6 1 2 1 2
305 723 880 0  68 1 2 1 2
306 568 492 0  35 1 2 1 2
307 532 113 0  87 1 2 1 2
308 698 192 0  64 1 2 1 2
309 881 398 0  24 1 2 1 2
310 623 570 0  57 1 2 1 2
311 982  22 0  70 1 2 1 2
312 843   2 0  45 1 2 1 2
313 832 201 0  53 1 2 1 2
314 400 636 0  33 1 2 1 2
315 947 440 0  16 1 2 1 2
316 229 568 0  64 1 2 1 2
317  26 307 0  68 1 2 1 2
318 748 372 0  65 1 2 1 2
319 415 413 0  89 1 2 1 2
320  52  25 0  85 1 2 1 2
321 372 757 0   8 1 2 1 2
322 354 865 0   9 1 2 1 2
323 851 323 0  43 1 2 1 2
324 995 337 0  33 1 2 1 2
325 218 457 0  36 1 2 1 2
326 252 732 0  74 1 2 1 2
327 411 407 0   0 0 0
328 280 957 0   0 0 0
