2 74 339 4
0 253
0 253
0 253
0 253
  1  650 844 0  35 1 4 1 2 4 8
  2  313 616 0  81 1 4 1 2 4 8
  3  319 891 0  93 1 4 1 2 4 8
  4  217  45 0  59 1 4 1 2 4 8
  5  932 373 0  23 1 4 1 2 4 8
  6   12 293 0  23 1 4 1 2 4 8
  7  282 160 0  69 1 4 1 2 4 8
  8  807 584 0  58 1 4 1 2 4 8
  9   90 807 0  78 1 4 1 2 4 8
 10  869 932 0  30 1 4 1 2 4 8
 11  916  78 0   1 1 4 1 2 4 8
 12  494 311 0  43 1 4 1 2 4 8
 13  262 379 0  30 1 4 1 2 4 8
 14  712  61 0  50 1 4 1 2 4 8
 15  850 620 0  62 1 4 1 2 4 8
 16  251 444 0  65 1 4 1 2 4 8
 17  812 120 0  21 1 4 1 2 4 8
 18  370 322 0  36 1 4 1 2 4 8
 19  108 871 0  45 1 4 1 2 4 8
 20  313 436 0  15 1 4 1 2 4 8
 21  360 594 0  65 1 4 1 2 4 8
 22  789 728 0  94 1 4 1 2 4 8
 23  180 817 0  38 1 4 1 2 4 8
 24  418 820 0  87 1 4 1 2 4 8
 25   40 327 0  68 1 4 1 2 4 8
 26  260 576 0  15 1 4 1 2 4 8
 27  905 330 0  74 1 4 1 2 4 8
 28  527 349 0  68 1 4 1 2 4 8
 29  265 176 0  68 1 4 1 2 4 8
 30  930 637 0  28 1 4 1 2 4 8
 31  520 326 0  79 1 4 1 2 4 8
 32  490 248 0  97 1 4 1 2 4 8
 33  852 803 0  76 1 4 1 2 4 8
 34  769 568 0  44 1 4 1 2 4 8
 35  463 608 0  88 1 4 1 2 4 8
 36  512 291 0  63 1 4 1 2 4 8
 37  165 375 0  88 1 4 1 2 4 8
 38  486  77 0   5 1 4 1 2 4 8
 39  975 762 0  45 1 4 1 2 4 8
 40  972 659 0  98 1 4 1 2 4 8
 41  673 247 0  46 1 4 1 2 4 8
 42  934 637 0  87 1 4 1 2 4 8
 43  855 640 0  48 1 4 1 2 4 8
 44  748 753 0  62 1 4 1 2 4 8
 45  849 385 0  72 1 4 1 2 4 8
 46  244  51 0  60 1 4 1 2 4 8
 47  929 880 0  21 1 4 1 2 4 8
 48  385 517 0  11 1 4 1 2 4 8
 49  953  72 0  53 1 4 1 2 4 8
 50  402 294 0  47 1 4 1 2 4 8
 51  482 856 0  80 1 4 1 2 4 8
 52  936 485 0  99 1 4 1 2 4 8
 53   40 787 0  58 1 4 1 2 4 8
 54   14 785 0  28 1 4 1 2 4 8
 55  197 977 0  45 1 4 1 2 4 8
 56  531 963 0  49 1 4 1 2 4 8
 57  558 500 0  70 1 4 1 2 4 8
 58  462 951 0  67 1 4 1 2 4 8
 59    9 997 0  51 1 4 1 2 4 8
 60  379 516 0  50 1 4 1 2 4 8
 61  224 815 0  91 1 4 1 2 4 8
 62  861 767 0  28 1 4 1 2 4 8
 63  344 873 0  32 1 4 1 2 4 8
 64  606 355 0  70 1 4 1 2 4 8
 65  734 767 0  64 1 4 1 2 4 8
 66  882 162 0  56 1 4 1 2 4 8
 67  238 774 0  89 1 4 1 2 4 8
 68  144 135 0  64 1 4 1 2 4 8
 69  961 209 0  41 1 4 1 2 4 8
 70  477 117 0  23 1 4 1 2 4 8
 71  202 710 0  51 1 4 1 2 4 8
 72  800 584 0  93 1 4 1 2 4 8
 73  481  78 0  50 1 4 1 2 4 8
 74  324 529 0  58 1 4 1 2 4 8
 75  928 863 0  99 1 4 1 2 4 8
 76  578 954 0  20 1 4 1 2 4 8
 77  924 588 0  32 1 4 1 2 4 8
 78  381 187 0  73 1 4 1 2 4 8
 79  319  92 0  11 1 4 1 2 4 8
 80  451 325 0  70 1 4 1 2 4 8
 81  460 435 0  20 1 4 1 2 4 8
 82  333 822 0  27 1 4 1 2 4 8
 83  515 162 0  38 1 4 1 2 4 8
 84  576 327 0  87 1 4 1 2 4 8
 85  214 648 0  73 1 4 1 2 4 8
 86  441  42 0  90 1 4 1 2 4 8
 87  169 891 0  72 1 4 1 2 4 8
 88    6  91 0  10 1 4 1 2 4 8
 89  102 757 0  28 1 4 1 2 4 8
 90  632 964 0  95 1 4 1 2 4 8
 91  433 725 0  20 1 4 1 2 4 8
 92  615 193 0  62 1 4 1 2 4 8
 93  789 236 0  35 1 4 1 2 4 8
 94  925 530 0  14 1 4 1 2 4 8
 95  621 760 0  22 1 4 1 2 4 8
 96  275 618 0  29 1 4 1 2 4 8
 97  430 868 0   7 1 4 1 2 4 8
 98    2  99 0   1 1 4 1 2 4 8
 99  333 381 0  50 1 4 1 2 4 8
100  378 835 0   6 1 4 1 2 4 8
101  361 724 0  39 1 4 1 2 4 8
102  636 479 0  40 1 4 1 2 4 8
103  476 552 0  24 1 4 1 2 4 8
104  323 426 0  23 1 4 1 2 4 8
105  339 250 0  11 1 4 1 2 4 8
106  994 338 0  18 1 4 1 2 4 8
107  937  23 0  26 1 4 1 2 4 8
108  522  48 0  34 1 4 1 2 4 8
109  485 467 0  64 1 4 1 2 4 8
110  104  49 0  18 1 4 1 2 4 8
111  751 275 0  17 1 4 1 2 4 8
112  686 967 0   8 1 4 1 2 4 8
113  688 592 0  22 1 4 1 2 4 8
114  503  76 0  73 1 4 1 2 4 8
115  646 468 0  77 1 4 1 2 4 8
116  571 500 0  57 1 4 1 2 4 8
117  395 688 0  63 1 4 1 2 4 8
118  959 163 0  11 1 4 1 2 4 8
119  918 179 0  95 1 4 1 2 4 8
120   82 650 0  90 1 4 1 2 4 8
121  756 790 0  30 1 4 1 2 4 8
122  492 757 0  53 1 4 1 2 4 8
123  751 635 0  92 1 4 1 2 4 8
124  107 537 0  45 1 4 1 2 4 8
125  828 541 0  43 1 4 1 2 4 8
126  789  14 0  34 1 4 1 2 4 8
127  785  92 0  96 1 4 1 2 4 8
128  697 931 0  22 1 4 1 2 4 8
129  709 611 0  24 1 4 1 2 4 8
130  873 566 0  68 1 4 1 2 4 8
131  963 484 0  94 1 4 1 2 4 8
132   24 239 0  48 1 4 1 2 4 8
133  509 671 0  67 1 4 1 2 4 8
134  617 941 0  77 1 4 1 2 4 8
135  280 187 0  87 1 4 1 2 4 8
136   56 452 0  50 1 4 1 2 4 8
137  132 340 0  11 1 4 1 2 4 8
138  847 726 0  46 1 4 1 2 4 8
139  700 681 0  80 1 4 1 2 4 8
140  680 901 0  81 1 4 1 2 4 8
141  276 473 0 100 1 4 1 2 4 8
142  645 335 0  78 1 4 1 2 4 8
143  711 530 0  59 1 4 1 2 4 8
144  622 366 0  75 1 4 1 2 4 8
145  670 346 0  14 1 4 1 2 4 8
146  251 747 0  74 1 4 1 2 4 8
147  140 715 0  99 1 4 1 2 4 8
148  977 447 0  84 1 4 1 2 4 8
149  993  51 0  82 1 4 1 2 4 8
150  378 219 0  42 1 4 1 2 4 8
151  270 691 0  48 1 4 1 2 4 8
152  577 434 0  58 1 4 1 2 4 8
153  336 342 0   6 1 4 1 2 4 8
154  875 992 0  82 1 4 1 2 4 8
155  156 364 0  68 1 4 1 2 4 8
156  438 757 0   1 1 4 1 2 4 8
157  563 429 0  81 1 4 1 2 4 8
158  666 180 0  76 1 4 1 2 4 8
159    3 412 0  12 1 4 1 2 4 8
160  181 946 0  19 1 4 1 2 4 8
161  381 327 0  39 1 4 1 2 4 8
162  468 416 0  10 1 4 1 2 4 8
163  654 343 0  44 1 4 1 2 4 8
164  255 999 0  95 1 4 1 2 4 8
165  126 375 0  68 1 4 1 2 4 8
166  774  55 0  91 1 4 1 2 4 8
167  980 240 0   6 1 4 1 2 4 8
168  589 201 0   5 1 4 1 2 4 8
169  681 953 0  49 1 4 1 2 4 8
170  353 340 0  35 1 4 1 2 4 8
171  420 986 0  88 1 4 1 2 4 8
172  200 669 0  53 1 4 1 2 4 8
173  879 887 0  11 1 4 1 2 4 8
174  744 731 0  76 1 4 1 2 4 8
175   91  93 0  57 1 4 1 2 4 8
176  861 667 0  27 1 4 1 2 4 8
177  336  94 0  27 1 4 1 2 4 8
178  396 587 0  49 1 4 1 2 4 8
179  252 387 0  44 1 4 1 2 4 8
180   65 190 0  62 1 4 1 2 4 8
181  928 390 0  36 1 4 1 2 4 8
182  653 280 0  83 1 4 1 2 4 8
183  999 700 0  18 1 4 1 2 4 8
184   37 530 0  72 1 4 1 2 4 8
185  580 579 0  53 1 4 1 2 4 8
186  430 567 0  43 1 4 1 2 4 8
187  871 213 0  13 1 4 1 2 4 8
188   31  88 0   3 1 4 1 2 4 8
189  175 975 0  63 1 4 1 2 4 8
190  635 863 0  43 1 4 1 2 4 8
191  712 101 0  77 1 4 1 2 4 8
192  764 586 0  90 1 4 1 2 4 8
193  621 543 0  67 1 4 1 2 4 8
194  860 548 0  11 1 4 1 2 4 8
195  569 811 0  57 1 4 1 2 4 8
196  718 148 0  18 1 4 1 2 4 8
197  851 685 0  88 1 4 1 2 4 8
198  464 696 0  22 1 4 1 2 4 8
199  226 153 0  29 1 4 1 2 4 8
200  111 867 0  84 1 4 1 2 4 8
201  175 737 0  45 1 4 1 2 4 8
202  466 759 0  69 1 4 1 2 4 8
203  690 700 0  71 1 4 1 2 4 8
204  503 444 0  69 1 4 1 2 4 8
205  570 893 0  33 1 4 1 2 4 8
206 1000  92 0  76 1 4 1 2 4 8
207   25 507 0  87 1 4 1 2 4 8
208  876 788 0  84 1 4 1 2 4 8
209  677 519 0  32 1 4 1 2 4 8
210  160 622 0  93 1 4 1 2 4 8
211  983 660 0  48 1 4 1 2 4 8
212  597 906 0  99 1 4 1 2 4 8
213  751 877 0  98 1 4 1 2 4 8
214   18 716 0   9 1 4 1 2 4 8
215   99 631 0  77 1 4 1 2 4 8
216   27 585 0  73 1 4 1 2 4 8
217  555 194 0  35 1 4 1 2 4 8
218  104 595 0  73 1 4 1 2 4 8
219  215  92 0  47 1 4 1 2 4 8
220   98 233 0  66 1 4 1 2 4 8
221  381 916 0  76 1 4 1 2 4 8
222  334 868 0  30 1 4 1 2 4 8
223  551 976 0  30 1 4 1 2 4 8
224   72 105 0  76 1 4 1 2 4 8
225  736 903 0  16 1 4 1 2 4 8
226  745 422 0  82 1 4 1 2 4 8
227  794 860 0  37 1 4 1 2 4 8
228   98 940 0  55 1 4 1 2 4 8
229  821 942 0  54 1 4 1 2 4 8
230  553 475 0  58 1 4 1 2 4 8
231  349 450 0   1 1 4 1 2 4 8
232  684 954 0  15 1 4 1 2 4 8
233  818 462 0  37 1 4 1 2 4 8
234   13 411 0   1 1 4 1 2 4 8
235  961 625 0   6 1 4 1 2 4 8
236  466 943 0  86 1 4 1 2 4 8
237  383 871 0  91 1 4 1 2 4 8
238  633 644 0  72 1 4 1 2 4 8
239  417 415 0  28 1 4 1 2 4 8
240  143 120 0  60 1 4 1 2 4 8
241  425 990 0  29 1 4 1 2 4 8
242  563 848 0  81 1 4 1 2 4 8
243  482 206 0  93 1 4 1 2 4 8
244  861  76 0  82 1 4 1 2 4 8
245  531 407 0  38 1 4 1 2 4 8
246  581 224 0   7 1 4 1 2 4 8
247  330 513 0  91 1 4 1 2 4 8
248  294 870 0  79 1 4 1 2 4 8
249   34 182 0  88 1 4 1 2 4 8
250  357 173 0   4 1 4 1 2 4 8
251  326 451 0  35 1 4 1 2 4 8
252  523 864 0  85 1 4 1 2 4 8
253   54 220 0  85 1 4 1 2 4 8
254   67 601 0  43 1 4 1 2 4 8
255  411 853 0  83 1 4 1 2 4 8
256  604 981 0  14 1 4 1 2 4 8
257  483 575 0  33 1 4 1 2 4 8
258  469 681 0   9 1 4 1 2 4 8
259  277 793 0  13 1 4 1 2 4 8
260  730 387 0  25 1 4 1 2 4 8
261  933 842 0  47 1 4 1 2 4 8
262  532 532 0  67 1 4 1 2 4 8
263  775 445 0  70 1 4 1 2 4 8
264  521 974 0  90 1 4 1 2 4 8
265  882 769 0  99 1 4 1 2 4 8
266  434 332 0  36 1 4 1 2 4 8
267  932 160 0  94 1 4 1 2 4 8
268  393 692 0  54 1 4 1 2 4 8
269  630 628 0  32 1 4 1 2 4 8
270  188 364 0  79 1 4 1 2 4 8
271  130 541 0  86 1 4 1 2 4 8
272  923  99 0  80 1 4 1 2 4 8
273   40 259 0  54 1 4 1 2 4 8
274  515 940 0  19 1 4 1 2 4 8
275  564 305 0  12 1 4 1 2 4 8
276  896 593 0  12 1 4 1 2 4 8
277  349 940 0  34 1 4 1 2 4 8
278  389 468 0  37 1 4 1 2 4 8
279    8 665 0  15 1 4 1 2 4 8
280   35  97 0  41 1 4 1 2 4 8
281  902  80 0  58 1 4 1 2 4 8
282  218 302 0  25 1 4 1 2 4 8
283  599 201 0  12 1 4 1 2 4 8
284  824 945 0  31 1 4 1 2 4 8
285  283 118 0  48 1 4 1 2 4 8
286  896 689 0  20 1 4 1 2 4 8
287  984 146 0  70 1 4 1 2 4 8
288  392 429 0  28 1 4 1 2 4 8
289  111 523 0  61 1 4 1 2 4 8
290   63 417 0  16 1 4 1 2 4 8
291  370  57 0  71 1 4 1 2 4 8
292  386 702 0 100 1 4 1 2 4 8
293  893 308 0  40 1 4 1 2 4 8
294  510  90 0   8 1 4 1 2 4 8
295  269 416 0  32 1 4 1 2 4 8
296  214 665 0  32 1 4 1 2 4 8
297   46 513 0  64 1 4 1 2 4 8
298  362 341 0  60 1 4 1 2 4 8
299   11 851 0  17 1 4 1 2 4 8
300  375 498 0  56 1 4 1 2 4 8
301  233 981 0  77 1 4 1 2 4 8
302  204 462 0  33 1 4 1 2 4 8
303  771 474 0  24 1 4 1 2 4 8
304  487  90 0  32 1 4 1 2 4 8
305  243 686 0  72 1 4 1 2 4 8
306  519 809 0  87 1 4 1 2 4 8
307  309 693 0  97 1 4 1 2 4 8
308  197 779 0  79 1 4 1 2 4 8
309  495  78 0  39 1 4 1 2 4 8
310  870  15 0  86 1 4 1 2 4 8
311  463 513 0  41 1 4 1 2 4 8
312  365 554 0  44 1 4 1 2 4 8
313  575 845 0  68 1 4 1 2 4 8
314  528 777 0  95 1 4 1 2 4 8
315  217 965 0  37 1 4 1 2 4 8
316  611 656 0  31 1 4 1 2 4 8
317  432 483 0  19 1 4 1 2 4 8
318   82 169 0  59 1 4 1 2 4 8
319  254 577 0  77 1 4 1 2 4 8
320  163 562 0  87 1 4 1 2 4 8
321  873 379 0  19 1 4 1 2 4 8
322  607 333 0  50 1 4 1 2 4 8
323  682 688 0  29 1 4 1 2 4 8
324  439 968 0   1 1 4 1 2 4 8
325   12 116 0  59 1 4 1 2 4 8
326  786 698 0  44 1 4 1 2 4 8
327  685  76 0  34 1 4 1 2 4 8
328   87 510 0  95 1 4 1 2 4 8
329  586 981 0  73 1 4 1 2 4 8
330  357 141 0  18 1 4 1 2 4 8
331  998 176 0  37 1 4 1 2 4 8
332  951 591 0  20 1 4 1 2 4 8
333  903 374 0  95 1 4 1 2 4 8
334  674 250 0  92 1 4 1 2 4 8
335  266 567 0  93 1 4 1 2 4 8
336  330 734 0  79 1 4 1 2 4 8
337  767 504 0  18 1 4 1 2 4 8
338  996 803 0  46 1 4 1 2 4 8
339  554 233 0  43 1 4 1 2 4 8
340  289 567 0   0 0 0
341  528 723 0   0 0 0
342  671 628 0   0 0 0
343  612 995 0   0 0 0
