2 51 359 7
0 247
0 247
0 247
0 247
0 247
0 247
0 247
  1 558 787 0   9 1 7 1 2 4 8 16 32 64
  2 396  24 0  48 1 7 1 2 4 8 16 32 64
  3 164 559 0  81 1 7 1 2 4 8 16 32 64
  4 465 889 0  27 1 7 1 2 4 8 16 32 64
  5 990 236 0  78 1 7 1 2 4 8 16 32 64
  6 654 422 0  93 1 7 1 2 4 8 16 32 64
  7 660 527 0  18 1 7 1 2 4 8 16 32 64
  8 251 363 0  86 1 7 1 2 4 8 16 32 64
  9 811 951 0  97 1 7 1 2 4 8 16 32 64
 10 536  73 0  94 1 7 1 2 4 8 16 32 64
 11  35  30 0  15 1 7 1 2 4 8 16 32 64
 12  45 516 0  65 1 7 1 2 4 8 16 32 64
 13 124 472 0  96 1 7 1 2 4 8 16 32 64
 14 120 423 0  83 1 7 1 2 4 8 16 32 64
 15 745 725 0  84 1 7 1 2 4 8 16 32 64
 16 500 650 0  74 1 7 1 2 4 8 16 32 64
 17 607 705 0  38 1 7 1 2 4 8 16 32 64
 18 125 295 0  23 1 7 1 2 4 8 16 32 64
 19 506 306 0  65 1 7 1 2 4 8 16 32 64
 20 184 253 0  48 1 7 1 2 4 8 16 32 64
 21 540 610 0  71 1 7 1 2 4 8 16 32 64
 22 963 468 0  55 1 7 1 2 4 8 16 32 64
 23 863 310 0  52 1 7 1 2 4 8 16 32 64
 24 589  24 0  16 1 7 1 2 4 8 16 32 64
 25 679 376 0  57 1 7 1 2 4 8 16 32 64
 26 821 809 0  19 1 7 1 2 4 8 16 32 64
 27 639 304 0  25 1 7 1 2 4 8 16 32 64
 28 467 278 0  41 1 7 1 2 4 8 16 32 64
 29 274 816 0  64 1 7 1 2 4 8 16 32 64
 30  51 600 0  82 1 7 1 2 4 8 16 32 64
 31 655 619 0  10 1 7 1 2 4 8 16 32 64
 32 921  24 0  52 1 7 1 2 4 8 16 32 64
 33 161 297 0  84 1 7 1 2 4 8 16 32 64
 34  77 714 0  58 1 7 1 2 4 8 16 32 64
 35 748 336 0  42 1 7 1 2 4 8 16 32 64
 36 870 213 0 100 1 7 1 2 4 8 16 32 64
 37 694 166 0  91 1 7 1 2 4 8 16 32 64
 38 605 281 0  76 1 7 1 2 4 8 16 32 64
 39 303 743 0  31 1 7 1 2 4 8 16 32 64
 40 556  46 0  38 1 7 1 2 4 8 16 32 64
 41 465 550 0  34 1 7 1 2 4 8 16 32 64
 42 556 671 0  44 1 7 1 2 4 8 16 32 64
 43 263 353 0  74 1 7 1 2 4 8 16 32 64
 44  34 627 0  71 1 7 1 2 4 8 16 32 64
 45 405 177 0  22 1 7 1 2 4 8 16 32 64
 46 658 659 0  47 1 7 1 2 4 8 16 32 64
 47 675 829 0  68 1 7 1 2 4 8 16 32 64
 48 753 871 0  29 1 7 1 2 4 8 16 32 64
 49 984 935 0  18 1 7 1 2 4 8 16 32 64
 50 934 360 0  56 1 7 1 2 4 8 16 32 64
 51 208 757 0  59 1 7 1 2 4 8 16 32 64
 52  49 873 0  57 1 7 1 2 4 8 16 32 64
 53 926 712 0  45 1 7 1 2 4 8 16 32 64
 54 963 267 0  97 1 7 1 2 4 8 16 32 64
 55 834 885 0  14 1 7 1 2 4 8 16 32 64
 56 826 897 0  19 1 7 1 2 4 8 16 32 64
 57 417 148 0  60 1 7 1 2 4 8 16 32 64
 58 725 213 0  83 1 7 1 2 4 8 16 32 64
 59 357 288 0  78 1 7 1 2 4 8 16 32 64
 60 111 151 0  70 1 7 1 2 4 8 16 32 64
 61 707 342 0  89 1 7 1 2 4 8 16 32 64
 62 750 799 0  66 1 7 1 2 4 8 16 32 64
 63  24  52 0  27 1 7 1 2 4 8 16 32 64
 64 576 602 0  18 1 7 1 2 4 8 16 32 64
 65 824  21 0   5 1 7 1 2 4 8 16 32 64
 66  83 349 0  24 1 7 1 2 4 8 16 32 64
 67 363 866 0  77 1 7 1 2 4 8 16 32 64
 68 501 894 0  70 1 7 1 2 4 8 16 32 64
 69 141 258 0  75 1 7 1 2 4 8 16 32 64
 70 435 518 0   4 1 7 1 2 4 8 16 32 64
 71 909 501 0  14 1 7 1 2 4 8 16 32 64
 72 454 680 0  13 1 7 1 2 4 8 16 32 64
 73 473 461 0  74 1 7 1 2 4 8 16 32 64
 74   8 772 0  87 1 7 1 2 4 8 16 32 64
 75 771 281 0  11 1 7 1 2 4 8 16 32 64
 76 165  46 0  96 1 7 1 2 4 8 16 32 64
 77  79 596 0  49 1 7 1 2 4 8 16 32 64
 78 888 212 0  33 1 7 1 2 4 8 16 32 64
 79 955 179 0  54 1 7 1 2 4 8 16 32 64
 80 140 599 0  58 1 7 1 2 4 8 16 32 64
 81 698 973 0   4 1 7 1 2 4 8 16 32 64
 82  14 551 0  27 1 7 1 2 4 8 16 32 64
 83 607  90 0   2 1 7 1 2 4 8 16 32 64
 84 917 790 0  45 1 7 1 2 4 8 16 32 64
 85 969 894 0  20 1 7 1 2 4 8 16 32 64
 86 722 735 0  16 1 7 1 2 4 8 16 32 64
 87  61 984 0  50 1 7 1 2 4 8 16 32 64
 88 497 109 0  31 1 7 1 2 4 8 16 32 64
 89 707 661 0  86 1 7 1 2 4 8 16 32 64
 90 601 279 0  28 1 7 1 2 4 8 16 32 64
 91 937 956 0  92 1 7 1 2 4 8 16 32 64
 92 222 347 0  94 1 7 1 2 4 8 16 32 64
 93  49 449 0  24 1 7 1 2 4 8 16 32 64
 94 121 692 0  76 1 7 1 2 4 8 16 32 64
 95 569 495 0  37 1 7 1 2 4 8 16 32 64
 96 619 580 0  69 1 7 1 2 4 8 16 32 64
 97 550 143 0  59 1 7 1 2 4 8 16 32 64
 98 873 760 0   2 1 7 1 2 4 8 16 32 64
 99 708 795 0  52 1 7 1 2 4 8 16 32 64
100 475 590 0  69 1 7 1 2 4 8 16 32 64
101 245 374 0  64 1 7 1 2 4 8 16 32 64
102 368 268 0  41 1 7 1 2 4 8 16 32 64
103  20 314 0  84 1 7 1 2 4 8 16 32 64
104 885 795 0  19 1 7 1 2 4 8 16 32 64
105 526 207 0 100 1 7 1 2 4 8 16 32 64
106 973 351 0  28 1 7 1 2 4 8 16 32 64
107 318  46 0  34 1 7 1 2 4 8 16 32 64
108 789 182 0  30 1 7 1 2 4 8 16 32 64
109  34 470 0  21 1 7 1 2 4 8 16 32 64
110 585 565 0  67 1 7 1 2 4 8 16 32 64
111 367 245 0  40 1 7 1 2 4 8 16 32 64
112 685 244 0   4 1 7 1 2 4 8 16 32 64
113 521 797 0  58 1 7 1 2 4 8 16 32 64
114  24  85 0  88 1 7 1 2 4 8 16 32 64
115 983 315 0  73 1 7 1 2 4 8 16 32 64
116 688  94 0  41 1 7 1 2 4 8 16 32 64
117 628 735 0  53 1 7 1 2 4 8 16 32 64
118  17 999 0  59 1 7 1 2 4 8 16 32 64
119 552 205 0  83 1 7 1 2 4 8 16 32 64
120 257 308 0  12 1 7 1 2 4 8 16 32 64
121 724 416 0  83 1 7 1 2 4 8 16 32 64
122 974  39 0  64 1 7 1 2 4 8 16 32 64
123  70 120 0  54 1 7 1 2 4 8 16 32 64
124 992 445 0  24 1 7 1 2 4 8 16 32 64
125 618 319 0  69 1 7 1 2 4 8 16 32 64
126 352 458 0  57 1 7 1 2 4 8 16 32 64
127 297 934 0  39 1 7 1 2 4 8 16 32 64
128 110 397 0  99 1 7 1 2 4 8 16 32 64
129 512 990 0  17 1 7 1 2 4 8 16 32 64
130 760 789 0  10 1 7 1 2 4 8 16 32 64
131 756 847 0  93 1 7 1 2 4 8 16 32 64
132 194 590 0  60 1 7 1 2 4 8 16 32 64
133 273 893 0  46 1 7 1 2 4 8 16 32 64
134 498 492 0  54 1 7 1 2 4 8 16 32 64
135 871 543 0  70 1 7 1 2 4 8 16 32 64
136 651 504 0  17 1 7 1 2 4 8 16 32 64
137  48 609 0  67 1 7 1 2 4 8 16 32 64
138 362  37 0   4 1 7 1 2 4 8 16 32 64
139 341 854 0  28 1 7 1 2 4 8 16 32 64
140 543 872 0  86 1 7 1 2 4 8 16 32 64
141 331 185 0  14 1 7 1 2 4 8 16 32 64
142 356  62 0  11 1 7 1 2 4 8 16 32 64
143 133 860 0  82 1 7 1 2 4 8 16 32 64
144 382 696 0  54 1 7 1 2 4 8 16 32 64
145 636 902 0  27 1 7 1 2 4 8 16 32 64
146 293 717 0  65 1 7 1 2 4 8 16 32 64
147 313 853 0  10 1 7 1 2 4 8 16 32 64
148 768 524 0  60 1 7 1 2 4 8 16 32 64
149 104 100 0  40 1 7 1 2 4 8 16 32 64
150 910 519 0  22 1 7 1 2 4 8 16 32 64
151 163 781 0  37 1 7 1 2 4 8 16 32 64
152 762 148 0  24 1 7 1 2 4 8 16 32 64
153 852 716 0  51 1 7 1 2 4 8 16 32 64
154 141 145 0  19 1 7 1 2 4 8 16 32 64
155 659 700 0  28 1 7 1 2 4 8 16 32 64
156 934 664 0  84 1 7 1 2 4 8 16 32 64
157 693 100 0  50 1 7 1 2 4 8 16 32 64
158 243 807 0  36 1 7 1 2 4 8 16 32 64
159 577 818 0  66 1 7 1 2 4 8 16 32 64
160 521 761 0  46 1 7 1 2 4 8 16 32 64
161 991  80 0  25 1 7 1 2 4 8 16 32 64
162  11  54 0  28 1 7 1 2 4 8 16 32 64
163 922 130 0  31 1 7 1 2 4 8 16 32 64
164 113 303 0  29 1 7 1 2 4 8 16 32 64
165  91 809 0  58 1 7 1 2 4 8 16 32 64
166 739 724 0  35 1 7 1 2 4 8 16 32 64
167 695 546 0  55 1 7 1 2 4 8 16 32 64
168 935 668 0  78 1 7 1 2 4 8 16 32 64
169 781 242 0  41 1 7 1 2 4 8 16 32 64
170 190 239 0   2 1 7 1 2 4 8 16 32 64
171 638 492 0  28 1 7 1 2 4 8 16 32 64
172 744 523 0  88 1 7 1 2 4 8 16 32 64
173 455 178 0  59 1 7 1 2 4 8 16 32 64
174 297 890 0  95 1 7 1 2 4 8 16 32 64
175 421  77 0  97 1 7 1 2 4 8 16 32 64
176 720 948 0  52 1 7 1 2 4 8 16 32 64
177 791 982 0  68 1 7 1 2 4 8 16 32 64
178 693 549 0  80 1 7 1 2 4 8 16 32 64
179 682  45 0  50 1 7 1 2 4 8 16 32 64
180 569 765 0  92 1 7 1 2 4 8 16 32 64
181 916 359 0   5 1 7 1 2 4 8 16 32 64
182  24 514 0  16 1 7 1 2 4 8 16 32 64
183 603 239 0  64 1 7 1 2 4 8 16 32 64
184 190  60 0  46 1 7 1 2 4 8 16 32 64
185 233 887 0  11 1 7 1 2 4 8 16 32 64
186 669 721 0  18 1 7 1 2 4 8 16 32 64
187 101 637 0  94 1 7 1 2 4 8 16 32 64
188  67  55 0  96 1 7 1 2 4 8 16 32 64
189 774 322 0  61 1 7 1 2 4 8 16 32 64
190 708 564 0  92 1 7 1 2 4 8 16 32 64
191 598 801 0  63 1 7 1 2 4 8 16 32 64
192 890 532 0  23 1 7 1 2 4 8 16 32 64
193 151 113 0   8 1 7 1 2 4 8 16 32 64
194 942 188 0  83 1 7 1 2 4 8 16 32 64
195 344 292 0  21 1 7 1 2 4 8 16 32 64
196 531 173 0  14 1 7 1 2 4 8 16 32 64
197 108 151 0  90 1 7 1 2 4 8 16 32 64
198  71 469 0   7 1 7 1 2 4 8 16 32 64
199 585 194 0  29 1 7 1 2 4 8 16 32 64
200 359 141 0  64 1 7 1 2 4 8 16 32 64
201 680 637 0  58 1 7 1 2 4 8 16 32 64
202 138  65 0  69 1 7 1 2 4 8 16 32 64
203 443 223 0  60 1 7 1 2 4 8 16 32 64
204 168 325 0  53 1 7 1 2 4 8 16 32 64
205  24 723 0  71 1 7 1 2 4 8 16 32 64
206 124  17 0  13 1 7 1 2 4 8 16 32 64
207 896 309 0  66 1 7 1 2 4 8 16 32 64
208  15 932 0  28 1 7 1 2 4 8 16 32 64
209  78 434 0  26 1 7 1 2 4 8 16 32 64
210 601 904 0  68 1 7 1 2 4 8 16 32 64
211  96 614 0  40 1 7 1 2 4 8 16 32 64
212 427 350 0  21 1 7 1 2 4 8 16 32 64
213 161 480 0  87 1 7 1 2 4 8 16 32 64
214 795 559 0  53 1 7 1 2 4 8 16 32 64
215 681 455 0 100 1 7 1 2 4 8 16 32 64
216 242 825 0  10 1 7 1 2 4 8 16 32 64
217 186 806 0  67 1 7 1 2 4 8 16 32 64
218 556 944 0  79 1 7 1 2 4 8 16 32 64
219 487 174 0  27 1 7 1 2 4 8 16 32 64
220  85 849 0  96 1 7 1 2 4 8 16 32 64
221 805   2 0  97 1 7 1 2 4 8 16 32 64
222 579 468 0  55 1 7 1 2 4 8 16 32 64
223 953 629 0   2 1 7 1 2 4 8 16 32 64
224 393 624 0  11 1 7 1 2 4 8 16 32 64
225 734 757 0  58 1 7 1 2 4 8 16 32 64
226 360  94 0  88 1 7 1 2 4 8 16 32 64
227 263 156 0  28 1 7 1 2 4 8 16 32 64
228 518 312 0  62 1 7 1 2 4 8 16 32 64
229 581 645 0  58 1 7 1 2 4 8 16 32 64
230 744 873 0  69 1 7 1 2 4 8 16 32 64
231 896 707 0  92 1 7 1 2 4 8 16 32 64
232 281 270 0  97 1 7 1 2 4 8 16 32 64
233 398  83 0  36 1 7 1 2 4 8 16 32 64
234 901 459 0  42 1 7 1 2 4 8 16 32 64
235 487 117 0  86 1 7 1 2 4 8 16 32 64
236 743 571 0   6 1 7 1 2 4 8 16 32 64
237 146 548 0  80 1 7 1 2 4 8 16 32 64
238 994 330 0  34 1 7 1 2 4 8 16 32 64
239 993   8 0  34 1 7 1 2 4 8 16 32 64
240 315 191 0  13 1 7 1 2 4 8 16 32 64
241 285 913 0  86 1 7 1 2 4 8 16 32 64
242 261 589 0  40 1 7 1 2 4 8 16 32 64
243 526 186 0  45 1 7 1 2 4 8 16 32 64
244 385  64 0  35 1 7 1 2 4 8 16 32 64
245 165 691 0  31 1 7 1 2 4 8 16 32 64
246 673 369 0  98 1 7 1 2 4 8 16 32 64
247  57 329 0  87 1 7 1 2 4 8 16 32 64
248 535 751 0  73 1 7 1 2 4 8 16 32 64
249 922 200 0  44 1 7 1 2 4 8 16 32 64
250 565 324 0  87 1 7 1 2 4 8 16 32 64
251 933 535 0 100 1 7 1 2 4 8 16 32 64
252 520 866 0  43 1 7 1 2 4 8 16 32 64
253  10 344 0  36 1 7 1 2 4 8 16 32 64
254 553 538 0  34 1 7 1 2 4 8 16 32 64
255 938 532 0  77 1 7 1 2 4 8 16 32 64
256 609 209 0  81 1 7 1 2 4 8 16 32 64
257 131 765 0  56 1 7 1 2 4 8 16 32 64
258  59 928 0  73 1 7 1 2 4 8 16 32 64
259 418 820 0  48 1 7 1 2 4 8 16 32 64
260 944 616 0  48 1 7 1 2 4 8 16 32 64
261 850 186 0  25 1 7 1 2 4 8 16 32 64
262 743 755 0 100 1 7 1 2 4 8 16 32 64
263 171 255 0  71 1 7 1 2 4 8 16 32 64
264 995 250 0  85 1 7 1 2 4 8 16 32 64
265 482 505 0  48 1 7 1 2 4 8 16 32 64
266 492 489 0  65 1 7 1 2 4 8 16 32 64
267 992 650 0  58 1 7 1 2 4 8 16 32 64
268  45 932 0  26 1 7 1 2 4 8 16 32 64
269 463 927 0  90 1 7 1 2 4 8 16 32 64
270  14 571 0  41 1 7 1 2 4 8 16 32 64
271 246 459 0  36 1 7 1 2 4 8 16 32 64
272 104 950 0  45 1 7 1 2 4 8 16 32 64
273 134 185 0  31 1 7 1 2 4 8 16 32 64
274 699 828 0  90 1 7 1 2 4 8 16 32 64
275 184 979 0   3 1 7 1 2 4 8 16 32 64
276  81  39 0  54 1 7 1 2 4 8 16 32 64
277 871 134 0  82 1 7 1 2 4 8 16 32 64
278 536 654 0  19 1 7 1 2 4 8 16 32 64
279 517 140 0  80 1 7 1 2 4 8 16 32 64
280 579 189 0  17 1 7 1 2 4 8 16 32 64
281  46 628 0  15 1 7 1 2 4 8 16 32 64
282 733 869 0  18 1 7 1 2 4 8 16 32 64
283 921 743 0  94 1 7 1 2 4 8 16 32 64
284 594  66 0  22 1 7 1 2 4 8 16 32 64
285 338 956 0  50 1 7 1 2 4 8 16 32 64
286 157 141 0  62 1 7 1 2 4 8 16 32 64
287 169 393 0  13 1 7 1 2 4 8 16 32 64
288 852 211 0  11 1 7 1 2 4 8 16 32 64
289 153  81 0  93 1 7 1 2 4 8 16 32 64
290 105 909 0  93 1 7 1 2 4 8 16 32 64
291 148 341 0  80 1 7 1 2 4 8 16 32 64
292 947 371 0  53 1 7 1 2 4 8 16 32 64
293 781 939 0   4 1 7 1 2 4 8 16 32 64
294 499 857 0   8 1 7 1 2 4 8 16 32 64
295 854 436 0  85 1 7 1 2 4 8 16 32 64
296 620 357 0  82 1 7 1 2 4 8 16 32 64
297 978 310 0  34 1 7 1 2 4 8 16 32 64
298 535  10 0  61 1 7 1 2 4 8 16 32 64
299 834 628 0  78 1 7 1 2 4 8 16 32 64
300 844 142 0  16 1 7 1 2 4 8 16 32 64
301 310 399 0   1 1 7 1 2 4 8 16 32 64
302 124 412 0  87 1 7 1 2 4 8 16 32 64
303 103 321 0  57 1 7 1 2 4 8 16 32 64
304 790 145 0  67 1 7 1 2 4 8 16 32 64
305 479 472 0  98 1 7 1 2 4 8 16 32 64
306 883 676 0  43 1 7 1 2 4 8 16 32 64
307 937  90 0  65 1 7 1 2 4 8 16 32 64
308 807 347 0  74 1 7 1 2 4 8 16 32 64
309 468 117 0  49 1 7 1 2 4 8 16 32 64
310 126 110 0  30 1 7 1 2 4 8 16 32 64
311 223 737 0   7 1 7 1 2 4 8 16 32 64
312 222 826 0  38 1 7 1 2 4 8 16 32 64
313 259 833 0  33 1 7 1 2 4 8 16 32 64
314 195 174 0  17 1 7 1 2 4 8 16 32 64
315 440 118 0  79 1 7 1 2 4 8 16 32 64
316 707  43 0   4 1 7 1 2 4 8 16 32 64
317 836 678 0  73 1 7 1 2 4 8 16 32 64
318 855 961 0  15 1 7 1 2 4 8 16 32 64
319 971  34 0  58 1 7 1 2 4 8 16 32 64
320 342  27 0   4 1 7 1 2 4 8 16 32 64
321 157 927 0  66 1 7 1 2 4 8 16 32 64
322 392 333 0  62 1 7 1 2 4 8 16 32 64
323 654 736 0  28 1 7 1 2 4 8 16 32 64
324 742  22 0  90 1 7 1 2 4 8 16 32 64
325 913 431 0  16 1 7 1 2 4 8 16 32 64
326 936 512 0  97 1 7 1 2 4 8 16 32 64
327 636 385 0   4 1 7 1 2 4 8 16 32 64
328  38 934 0  48 1 7 1 2 4 8 16 32 64
329 852 373 0  68 1 7 1 2 4 8 16 32 64
330 807 242 0   1 1 7 1 2 4 8 16 32 64
331 843 746 0   8 1 7 1 2 4 8 16 32 64
332 385 783 0  43 1 7 1 2 4 8 16 32 64
333 622 364 0  14 1 7 1 2 4 8 16 32 64
334 455 298 0  37 1 7 1 2 4 8 16 32 64
335 996  26 0  99 1 7 1 2 4 8 16 32 64
336 416 451 0  23 1 7 1 2 4 8 16 32 64
337 758 792 0  58 1 7 1 2 4 8 16 32 64
338 346 976 0  54 1 7 1 2 4 8 16 32 64
339 908   6 0  52 1 7 1 2 4 8 16 32 64
340 218 515 0  51 1 7 1 2 4 8 16 32 64
341  70 618 0  21 1 7 1 2 4 8 16 32 64
342 954 123 0  65 1 7 1 2 4 8 16 32 64
343 765 325 0  46 1 7 1 2 4 8 16 32 64
344  18 593 0  25 1 7 1 2 4 8 16 32 64
345 229 682 0  83 1 7 1 2 4 8 16 32 64
346 735 145 0  14 1 7 1 2 4 8 16 32 64
347 278 616 0  80 1 7 1 2 4 8 16 32 64
348 496 745 0  42 1 7 1 2 4 8 16 32 64
349  42 715 0   4 1 7 1 2 4 8 16 32 64
350 876 177 0  87 1 7 1 2 4 8 16 32 64
351 219 538 0  51 1 7 1 2 4 8 16 32 64
352 618 607 0  75 1 7 1 2 4 8 16 32 64
353  51 442 0  95 1 7 1 2 4 8 16 32 64
354 512  27 0  10 1 7 1 2 4 8 16 32 64
355  66 321 0  54 1 7 1 2 4 8 16 32 64
356 934 107 0  19 1 7 1 2 4 8 16 32 64
357 520 454 0  30 1 7 1 2 4 8 16 32 64
358 128 632 0  21 1 7 1 2 4 8 16 32 64
359 646 410 0  23 1 7 1 2 4 8 16 32 64
360 861 205 0   0 0 0
361 393   2 0   0 0 0
362 393 494 0   0 0 0
363 894 881 0   0 0 0
364 416 221 0   0 0 0
365 849 432 0   0 0 0
366 735 974 0   0 0 0
