2 51 429 7
0 253
0 253
0 253
0 253
0 253
0 253
0 253
  1  664  619 0  31 1 7 1 2 4 8 16 32 64
  2  653  608 0  63 1 7 1 2 4 8 16 32 64
  3  485  358 0  47 1 7 1 2 4 8 16 32 64
  4  771   33 0  30 1 7 1 2 4 8 16 32 64
  5  897   62 0  97 1 7 1 2 4 8 16 32 64
  6  530  265 0  18 1 7 1 2 4 8 16 32 64
  7  470  897 0  13 1 7 1 2 4 8 16 32 64
  8  744   92 0  64 1 7 1 2 4 8 16 32 64
  9  818  315 0  84 1 7 1 2 4 8 16 32 64
 10  517  787 0  22 1 7 1 2 4 8 16 32 64
 11  893  624 0  41 1 7 1 2 4 8 16 32 64
 12  246  861 0  99 1 7 1 2 4 8 16 32 64
 13  836  509 0  19 1 7 1 2 4 8 16 32 64
 14  840  794 0  79 1 7 1 2 4 8 16 32 64
 15  967  974 0  78 1 7 1 2 4 8 16 32 64
 16  366  631 0  47 1 7 1 2 4 8 16 32 64
 17  802   97 0   5 1 7 1 2 4 8 16 32 64
 18  949   34 0  63 1 7 1 2 4 8 16 32 64
 19  156  110 0  98 1 7 1 2 4 8 16 32 64
 20    5   37 0  85 1 7 1 2 4 8 16 32 64
 21  341  469 0  78 1 7 1 2 4 8 16 32 64
 22  469  116 0  43 1 7 1 2 4 8 16 32 64
 23  493  916 0  24 1 7 1 2 4 8 16 32 64
 24  215  624 0  80 1 7 1 2 4 8 16 32 64
 25   63  682 0  91 1 7 1 2 4 8 16 32 64
 26  506  416 0  19 1 7 1 2 4 8 16 32 64
 27  891   99 0  76 1 7 1 2 4 8 16 32 64
 28   52  809 0  38 1 7 1 2 4 8 16 32 64
 29  235  922 0  56 1 7 1 2 4 8 16 32 64
 30   45  823 0  52 1 7 1 2 4 8 16 32 64
 31  676   46 0   4 1 7 1 2 4 8 16 32 64
 32  554  892 0  78 1 7 1 2 4 8 16 32 64
 33  441  593 0  15 1 7 1 2 4 8 16 32 64
 34  307  196 0  40 1 7 1 2 4 8 16 32 64
 35  155  578 0  92 1 7 1 2 4 8 16 32 64
 36  207  360 0  64 1 7 1 2 4 8 16 32 64
 37  920  282 0  65 1 7 1 2 4 8 16 32 64
 38   36  143 0  45 1 7 1 2 4 8 16 32 64
 39  359  472 0  50 1 7 1 2 4 8 16 32 64
 40  574  934 0   5 1 7 1 2 4 8 16 32 64
 41  424  276 0  60 1 7 1 2 4 8 16 32 64
 42  112  531 0  12 1 7 1 2 4 8 16 32 64
 43  548  978 0  12 1 7 1 2 4 8 16 32 64
 44   11  434 0   6 1 7 1 2 4 8 16 32 64
 45  328  418 0  53 1 7 1 2 4 8 16 32 64
 46  527  548 0  94 1 7 1 2 4 8 16 32 64
 47  981  918 0  84 1 7 1 2 4 8 16 32 64
 48  381  708 0  79 1 7 1 2 4 8 16 32 64
 49  743  223 0  36 1 7 1 2 4 8 16 32 64
 50  802  702 0  61 1 7 1 2 4 8 16 32 64
 51  823  165 0  90 1 7 1 2 4 8 16 32 64
 52  734  961 0  57 1 7 1 2 4 8 16 32 64
 53  246  232 0  48 1 7 1 2 4 8 16 32 64
 54  244  181 0  47 1 7 1 2 4 8 16 32 64
 55  770   60 0  26 1 7 1 2 4 8 16 32 64
 56  316  865 0  47 1 7 1 2 4 8 16 32 64
 57  683   89 0   4 1 7 1 2 4 8 16 32 64
 58  116  120 0  17 1 7 1 2 4 8 16 32 64
 59  651  656 0  53 1 7 1 2 4 8 16 32 64
 60  440  577 0   9 1 7 1 2 4 8 16 32 64
 61  608  610 0  16 1 7 1 2 4 8 16 32 64
 62  535  146 0  56 1 7 1 2 4 8 16 32 64
 63  217  584 0  63 1 7 1 2 4 8 16 32 64
 64  334  280 0  14 1 7 1 2 4 8 16 32 64
 65  314   15 0  59 1 7 1 2 4 8 16 32 64
 66  103  116 0  84 1 7 1 2 4 8 16 32 64
 67  212  929 0  13 1 7 1 2 4 8 16 32 64
 68   93  546 0  18 1 7 1 2 4 8 16 32 64
 69  174  662 0  50 1 7 1 2 4 8 16 32 64
 70  835  992 0   9 1 7 1 2 4 8 16 32 64
 71  163  889 0  70 1 7 1 2 4 8 16 32 64
 72  271  128 0  45 1 7 1 2 4 8 16 32 64
 73  313  874 0  14 1 7 1 2 4 8 16 32 64
 74  616  497 0  70 1 7 1 2 4 8 16 32 64
 75  304  152 0  42 1 7 1 2 4 8 16 32 64
 76  374  184 0  32 1 7 1 2 4 8 16 32 64
 77  805  113 0  52 1 7 1 2 4 8 16 32 64
 78  917  704 0  49 1 7 1 2 4 8 16 32 64
 79  242  705 0  50 1 7 1 2 4 8 16 32 64
 80  539  492 0  25 1 7 1 2 4 8 16 32 64
 81  275  280 0  98 1 7 1 2 4 8 16 32 64
 82  706  718 0  80 1 7 1 2 4 8 16 32 64
 83  106  645 0  86 1 7 1 2 4 8 16 32 64
 84  798   76 0  80 1 7 1 2 4 8 16 32 64
 85  997  326 0  19 1 7 1 2 4 8 16 32 64
 86   37  588 0  96 1 7 1 2 4 8 16 32 64
 87  310  596 0  91 1 7 1 2 4 8 16 32 64
 88  810  696 0  78 1 7 1 2 4 8 16 32 64
 89  561  321 0  14 1 7 1 2 4 8 16 32 64
 90  942  766 0  43 1 7 1 2 4 8 16 32 64
 91  774  494 0   2 1 7 1 2 4 8 16 32 64
 92  188  780 0   5 1 7 1 2 4 8 16 32 64
 93  318   29 0   7 1 7 1 2 4 8 16 32 64
 94  795  944 0 100 1 7 1 2 4 8 16 32 64
 95  189  836 0  44 1 7 1 2 4 8 16 32 64
 96   78  479 0  74 1 7 1 2 4 8 16 32 64
 97  668  817 0  11 1 7 1 2 4 8 16 32 64
 98  774  970 0  84 1 7 1 2 4 8 16 32 64
 99  921  122 0   9 1 7 1 2 4 8 16 32 64
100  370  505 0  88 1 7 1 2 4 8 16 32 64
101  576  906 0  96 1 7 1 2 4 8 16 32 64
102  352  325 0  42 1 7 1 2 4 8 16 32 64
103  152   14 0   7 1 7 1 2 4 8 16 32 64
104  622  923 0  24 1 7 1 2 4 8 16 32 64
105  945  602 0  86 1 7 1 2 4 8 16 32 64
106  331  961 0  61 1 7 1 2 4 8 16 32 64
107  961  921 0  25 1 7 1 2 4 8 16 32 64
108  696  437 0  84 1 7 1 2 4 8 16 32 64
109  796  742 0  44 1 7 1 2 4 8 16 32 64
110  701  396 0  11 1 7 1 2 4 8 16 32 64
111  278  910 0  66 1 7 1 2 4 8 16 32 64
112  145  394 0 100 1 7 1 2 4 8 16 32 64
113   72  209 0  99 1 7 1 2 4 8 16 32 64
114  765  915 0  28 1 7 1 2 4 8 16 32 64
115  362  994 0  67 1 7 1 2 4 8 16 32 64
116  282  564 0  58 1 7 1 2 4 8 16 32 64
117  953  941 0  90 1 7 1 2 4 8 16 32 64
118  997  617 0  84 1 7 1 2 4 8 16 32 64
119  694  557 0  76 1 7 1 2 4 8 16 32 64
120  901  543 0  15 1 7 1 2 4 8 16 32 64
121  264  972 0  79 1 7 1 2 4 8 16 32 64
122   10  676 0   1 1 7 1 2 4 8 16 32 64
123  987  917 0  92 1 7 1 2 4 8 16 32 64
124  424  950 0  56 1 7 1 2 4 8 16 32 64
125  514   42 0  44 1 7 1 2 4 8 16 32 64
126  633  879 0  50 1 7 1 2 4 8 16 32 64
127  280  396 0  34 1 7 1 2 4 8 16 32 64
128  670  376 0  63 1 7 1 2 4 8 16 32 64
129  476    0 0  54 1 7 1 2 4 8 16 32 64
130  290  926 0  23 1 7 1 2 4 8 16 32 64
131  674  818 0  36 1 7 1 2 4 8 16 32 64
132  404  227 0  37 1 7 1 2 4 8 16 32 64
133  214  724 0  94 1 7 1 2 4 8 16 32 64
134  858  511 0  62 1 7 1 2 4 8 16 32 64
135  434  265 0  92 1 7 1 2 4 8 16 32 64
136  954   15 0  92 1 7 1 2 4 8 16 32 64
137  455  163 0  88 1 7 1 2 4 8 16 32 64
138  526  195 0  62 1 7 1 2 4 8 16 32 64
139  755  187 0  25 1 7 1 2 4 8 16 32 64
140   38  108 0  58 1 7 1 2 4 8 16 32 64
141  265  770 0  42 1 7 1 2 4 8 16 32 64
142  498  327 0  42 1 7 1 2 4 8 16 32 64
143  259  388 0  80 1 7 1 2 4 8 16 32 64
144  898  562 0   7 1 7 1 2 4 8 16 32 64
145  622   10 0   3 1 7 1 2 4 8 16 32 64
146  707  182 0  12 1 7 1 2 4 8 16 32 64
147  231  613 0  24 1 7 1 2 4 8 16 32 64
148  563  802 0  13 1 7 1 2 4 8 16 32 64
149  935  496 0   9 1 7 1 2 4 8 16 32 64
150  704  831 0  24 1 7 1 2 4 8 16 32 64
151  239  576 0  99 1 7 1 2 4 8 16 32 64
152  801  593 0  52 1 7 1 2 4 8 16 32 64
153  152   32 0  85 1 7 1 2 4 8 16 32 64
154  921  516 0  18 1 7 1 2 4 8 16 32 64
155  562  153 0  69 1 7 1 2 4 8 16 32 64
156  351   58 0  89 1 7 1 2 4 8 16 32 64
157  570  387 0  22 1 7 1 2 4 8 16 32 64
158  663  997 0  38 1 7 1 2 4 8 16 32 64
159  953  478 0  82 1 7 1 2 4 8 16 32 64
160    8  650 0  65 1 7 1 2 4 8 16 32 64
161   55  742 0  47 1 7 1 2 4 8 16 32 64
162  818  901 0  45 1 7 1 2 4 8 16 32 64
163  128  854 0  55 1 7 1 2 4 8 16 32 64
164 1000  812 0  86 1 7 1 2 4 8 16 32 64
165  120  734 0  27 1 7 1 2 4 8 16 32 64
166  541  589 0   3 1 7 1 2 4 8 16 32 64
167  201  819 0  50 1 7 1 2 4 8 16 32 64
168  856  341 0  33 1 7 1 2 4 8 16 32 64
169  632  819 0  89 1 7 1 2 4 8 16 32 64
170  839  381 0  37 1 7 1 2 4 8 16 32 64
171   52  224 0   9 1 7 1 2 4 8 16 32 64
172  861  945 0  41 1 7 1 2 4 8 16 32 64
173  722  709 0  67 1 7 1 2 4 8 16 32 64
174  503  137 0   6 1 7 1 2 4 8 16 32 64
175  862  580 0  61 1 7 1 2 4 8 16 32 64
176  259  218 0  94 1 7 1 2 4 8 16 32 64
177  257  839 0  90 1 7 1 2 4 8 16 32 64
178  472  536 0  55 1 7 1 2 4 8 16 32 64
179  507  912 0  16 1 7 1 2 4 8 16 32 64
180  463  333 0  91 1 7 1 2 4 8 16 32 64
181  200  356 0  14 1 7 1 2 4 8 16 32 64
182  786  193 0   7 1 7 1 2 4 8 16 32 64
183  939  816 0  48 1 7 1 2 4 8 16 32 64
184  422  678 0  44 1 7 1 2 4 8 16 32 64
185  905  278 0  96 1 7 1 2 4 8 16 32 64
186  748  285 0  39 1 7 1 2 4 8 16 32 64
187  326  821 0  95 1 7 1 2 4 8 16 32 64
188  370  193 0  42 1 7 1 2 4 8 16 32 64
189  677  217 0  38 1 7 1 2 4 8 16 32 64
190  107  341 0   7 1 7 1 2 4 8 16 32 64
191  617  344 0  94 1 7 1 2 4 8 16 32 64
192  762  601 0  21 1 7 1 2 4 8 16 32 64
193  394  355 0  39 1 7 1 2 4 8 16 32 64
194  447  759 0  16 1 7 1 2 4 8 16 32 64
195  194  391 0  39 1 7 1 2 4 8 16 32 64
196    5  753 0  10 1 7 1 2 4 8 16 32 64
197  121  740 0  28 1 7 1 2 4 8 16 32 64
198  663  454 0  89 1 7 1 2 4 8 16 32 64
199  474  974 0  38 1 7 1 2 4 8 16 32 64
200  106   26 0  39 1 7 1 2 4 8 16 32 64
201  809  385 0  97 1 7 1 2 4 8 16 32 64
202  475  217 0  58 1 7 1 2 4 8 16 32 64
203  843  307 0  36 1 7 1 2 4 8 16 32 64
204  734  413 0   8 1 7 1 2 4 8 16 32 64
205  392  930 0  29 1 7 1 2 4 8 16 32 64
206  328  965 0  95 1 7 1 2 4 8 16 32 64
207  984  483 0  64 1 7 1 2 4 8 16 32 64
208  301  591 0  51 1 7 1 2 4 8 16 32 64
209  345  403 0  83 1 7 1 2 4 8 16 32 64
210  290   57 0  96 1 7 1 2 4 8 16 32 64
211  295  307 0  86 1 7 1 2 4 8 16 32 64
212  303  364 0   7 1 7 1 2 4 8 16 32 64
213  551  403 0   8 1 7 1 2 4 8 16 32 64
214  860  247 0  34 1 7 1 2 4 8 16 32 64
215  334   99 0  48 1 7 1 2 4 8 16 32 64
216  628  405 0  94 1 7 1 2 4 8 16 32 64
217  759  220 0  44 1 7 1 2 4 8 16 32 64
218  211  294 0  38 1 7 1 2 4 8 16 32 64
219  221  323 0  99 1 7 1 2 4 8 16 32 64
220  474  988 0  71 1 7 1 2 4 8 16 32 64
221  470  237 0  73 1 7 1 2 4 8 16 32 64
222  417  275 0   2 1 7 1 2 4 8 16 32 64
223  122  185 0  99 1 7 1 2 4 8 16 32 64
224  853  705 0   7 1 7 1 2 4 8 16 32 64
225  451  991 0  71 1 7 1 2 4 8 16 32 64
226  749  655 0  41 1 7 1 2 4 8 16 32 64
227  849   88 0  48 1 7 1 2 4 8 16 32 64
228  876  299 0  39 1 7 1 2 4 8 16 32 64
229   81  487 0   1 1 7 1 2 4 8 16 32 64
230  597  658 0  98 1 7 1 2 4 8 16 32 64
231  554  709 0  87 1 7 1 2 4 8 16 32 64
232  459  973 0  33 1 7 1 2 4 8 16 32 64
233  243  311 0  82 1 7 1 2 4 8 16 32 64
234  779  366 0  99 1 7 1 2 4 8 16 32 64
235  714  616 0  37 1 7 1 2 4 8 16 32 64
236  732   74 0   4 1 7 1 2 4 8 16 32 64
237  687  416 0  89 1 7 1 2 4 8 16 32 64
238  130  116 0  89 1 7 1 2 4 8 16 32 64
239  841  394 0  72 1 7 1 2 4 8 16 32 64
240  221   31 0  78 1 7 1 2 4 8 16 32 64
241  242  630 0   1 1 7 1 2 4 8 16 32 64
242   61   27 0  29 1 7 1 2 4 8 16 32 64
243  316  539 0  99 1 7 1 2 4 8 16 32 64
244   25  909 0  36 1 7 1 2 4 8 16 32 64
245  976  995 0  33 1 7 1 2 4 8 16 32 64
246  921   33 0  42 1 7 1 2 4 8 16 32 64
247    6  808 0  79 1 7 1 2 4 8 16 32 64
248  143  621 0  55 1 7 1 2 4 8 16 32 64
249  628   64 0  88 1 7 1 2 4 8 16 32 64
250  494  729 0  71 1 7 1 2 4 8 16 32 64
251  590  760 0  60 1 7 1 2 4 8 16 32 64
252  299  480 0  80 1 7 1 2 4 8 16 32 64
253  418   28 0  98 1 7 1 2 4 8 16 32 64
254  940  692 0  70 1 7 1 2 4 8 16 32 64
255  189  840 0  92 1 7 1 2 4 8 16 32 64
256   67  307 0  45 1 7 1 2 4 8 16 32 64
257  249  985 0  26 1 7 1 2 4 8 16 32 64
258  511  641 0  74 1 7 1 2 4 8 16 32 64
259  272  782 0  80 1 7 1 2 4 8 16 32 64
260  692   94 0  20 1 7 1 2 4 8 16 32 64
261  659  960 0  69 1 7 1 2 4 8 16 32 64
262  375  878 0  83 1 7 1 2 4 8 16 32 64
263  236  295 0  70 1 7 1 2 4 8 16 32 64
264  438  297 0  81 1 7 1 2 4 8 16 32 64
265  704  635 0  64 1 7 1 2 4 8 16 32 64
266  726  311 0  35 1 7 1 2 4 8 16 32 64
267  157  437 0  62 1 7 1 2 4 8 16 32 64
268  784  352 0  49 1 7 1 2 4 8 16 32 64
269  987  660 0  73 1 7 1 2 4 8 16 32 64
270  243  662 0  21 1 7 1 2 4 8 16 32 64
271  874   40 0  26 1 7 1 2 4 8 16 32 64
272  123  832 0  33 1 7 1 2 4 8 16 32 64
273  677  317 0  99 1 7 1 2 4 8 16 32 64
274  685  446 0  60 1 7 1 2 4 8 16 32 64
275  435  524 0  77 1 7 1 2 4 8 16 32 64
276  781  587 0   3 1 7 1 2 4 8 16 32 64
277  575  719 0  49 1 7 1 2 4 8 16 32 64
278  896  261 0  76 1 7 1 2 4 8 16 32 64
279  375  827 0   2 1 7 1 2 4 8 16 32 64
280   48  488 0  24 1 7 1 2 4 8 16 32 64
281  156  854 0  46 1 7 1 2 4 8 16 32 64
282  207  351 0  93 1 7 1 2 4 8 16 32 64
283  627  426 0  56 1 7 1 2 4 8 16 32 64
284  768  671 0  85 1 7 1 2 4 8 16 32 64
285  441  240 0  70 1 7 1 2 4 8 16 32 64
286  771  793 0  39 1 7 1 2 4 8 16 32 64
287  529  951 0  57 1 7 1 2 4 8 16 32 64
288    1  932 0   3 1 7 1 2 4 8 16 32 64
289  594  233 0  76 1 7 1 2 4 8 16 32 64
290  427  799 0  15 1 7 1 2 4 8 16 32 64
291  218   14 0   7 1 7 1 2 4 8 16 32 64
292  545 1000 0  49 1 7 1 2 4 8 16 32 64
293  355  447 0  85 1 7 1 2 4 8 16 32 64
294  880  690 0  61 1 7 1 2 4 8 16 32 64
295  815  522 0  27 1 7 1 2 4 8 16 32 64
296   30  313 0  20 1 7 1 2 4 8 16 32 64
297  222  351 0  72 1 7 1 2 4 8 16 32 64
298  964  985 0  12 1 7 1 2 4 8 16 32 64
299  713  724 0  53 1 7 1 2 4 8 16 32 64
300  416  645 0  44 1 7 1 2 4 8 16 32 64
301  596  221 0  20 1 7 1 2 4 8 16 32 64
302  372  491 0  39 1 7 1 2 4 8 16 32 64
303  113  645 0  59 1 7 1 2 4 8 16 32 64
304   56   95 0  34 1 7 1 2 4 8 16 32 64
305  713    9 0  97 1 7 1 2 4 8 16 32 64
306  767  530 0  54 1 7 1 2 4 8 16 32 64
307  690  633 0  50 1 7 1 2 4 8 16 32 64
308  201  553 0  84 1 7 1 2 4 8 16 32 64
309   19  800 0  28 1 7 1 2 4 8 16 32 64
310  236  792 0  44 1 7 1 2 4 8 16 32 64
311  863    5 0  21 1 7 1 2 4 8 16 32 64
312   61  716 0  12 1 7 1 2 4 8 16 32 64
313  723  617 0  69 1 7 1 2 4 8 16 32 64
314  485  466 0  70 1 7 1 2 4 8 16 32 64
315  453  526 0   4 1 7 1 2 4 8 16 32 64
316   58  154 0  41 1 7 1 2 4 8 16 32 64
317  670  622 0  97 1 7 1 2 4 8 16 32 64
318  530  493 0  66 1 7 1 2 4 8 16 32 64
319  690  998 0  94 1 7 1 2 4 8 16 32 64
320  582  118 0  28 1 7 1 2 4 8 16 32 64
321  359  200 0  64 1 7 1 2 4 8 16 32 64
322  135  341 0  70 1 7 1 2 4 8 16 32 64
323  111  981 0   3 1 7 1 2 4 8 16 32 64
324  948  474 0  78 1 7 1 2 4 8 16 32 64
325  676  195 0  90 1 7 1 2 4 8 16 32 64
326  847  263 0  95 1 7 1 2 4 8 16 32 64
327  688  267 0  84 1 7 1 2 4 8 16 32 64
328  361   74 0  17 1 7 1 2 4 8 16 32 64
329  660  714 0  33 1 7 1 2 4 8 16 32 64
330  818   34 0  21 1 7 1 2 4 8 16 32 64
331  891  131 0  12 1 7 1 2 4 8 16 32 64
332  460  923 0  29 1 7 1 2 4 8 16 32 64
333  600  583 0  29 1 7 1 2 4 8 16 32 64
334  208  786 0  32 1 7 1 2 4 8 16 32 64
335  639   56 0  17 1 7 1 2 4 8 16 32 64
336  105  660 0  46 1 7 1 2 4 8 16 32 64
337  702  751 0  99 1 7 1 2 4 8 16 32 64
338  927  115 0  24 1 7 1 2 4 8 16 32 64
339  858  456 0  96 1 7 1 2 4 8 16 32 64
340  651  794 0  68 1 7 1 2 4 8 16 32 64
341  324  991 0   7 1 7 1 2 4 8 16 32 64
342  665  827 0  56 1 7 1 2 4 8 16 32 64
343   32  320 0  28 1 7 1 2 4 8 16 32 64
344  487  299 0  49 1 7 1 2 4 8 16 32 64
345  489  649 0  39 1 7 1 2 4 8 16 32 64
346   46  693 0  15 1 7 1 2 4 8 16 32 64
347  263  869 0  24 1 7 1 2 4 8 16 32 64
348  973  844 0  97 1 7 1 2 4 8 16 32 64
349   94  911 0  29 1 7 1 2 4 8 16 32 64
350  705  122 0  79 1 7 1 2 4 8 16 32 64
351  549  495 0  33 1 7 1 2 4 8 16 32 64
352  122  513 0  79 1 7 1 2 4 8 16 32 64
353  952  771 0  83 1 7 1 2 4 8 16 32 64
354  448  177 0  54 1 7 1 2 4 8 16 32 64
355   36  878 0  40 1 7 1 2 4 8 16 32 64
356  783  968 0  61 1 7 1 2 4 8 16 32 64
357   91  428 0  96 1 7 1 2 4 8 16 32 64
358   97   51 0  86 1 7 1 2 4 8 16 32 64
359  603  784 0  49 1 7 1 2 4 8 16 32 64
360  872  506 0  36 1 7 1 2 4 8 16 32 64
361  141   65 0  63 1 7 1 2 4 8 16 32 64
362  956  956 0  93 1 7 1 2 4 8 16 32 64
363  220  983 0  26 1 7 1 2 4 8 16 32 64
364  663  855 0  64 1 7 1 2 4 8 16 32 64
365  240  602 0  67 1 7 1 2 4 8 16 32 64
366  905  321 0  95 1 7 1 2 4 8 16 32 64
367  992  150 0  63 1 7 1 2 4 8 16 32 64
368  211  476 0  77 1 7 1 2 4 8 16 32 64
369  932  126 0  67 1 7 1 2 4 8 16 32 64
370  233  729 0  24 1 7 1 2 4 8 16 32 64
371  420  778 0  19 1 7 1 2 4 8 16 32 64
372   99  432 0 100 1 7 1 2 4 8 16 32 64
373  751  702 0   2 1 7 1 2 4 8 16 32 64
374  241  797 0  82 1 7 1 2 4 8 16 32 64
375  264  212 0  17 1 7 1 2 4 8 16 32 64
376  143  546 0  89 1 7 1 2 4 8 16 32 64
377  378  207 0  87 1 7 1 2 4 8 16 32 64
378  588   52 0  59 1 7 1 2 4 8 16 32 64
379  893  992 0  70 1 7 1 2 4 8 16 32 64
380  126  931 0  64 1 7 1 2 4 8 16 32 64
381  158  363 0  26 1 7 1 2 4 8 16 32 64
382  391    3 0  55 1 7 1 2 4 8 16 32 64
383  303  184 0  27 1 7 1 2 4 8 16 32 64
384  384  114 0  33 1 7 1 2 4 8 16 32 64
385  380  649 0   5 1 7 1 2 4 8 16 32 64
386  261   63 0  59 1 7 1 2 4 8 16 32 64
387  107  430 0  86 1 7 1 2 4 8 16 32 64
388  137  222 0  50 1 7 1 2 4 8 16 32 64
389  376  158 0  44 1 7 1 2 4 8 16 32 64
390  467  883 0  15 1 7 1 2 4 8 16 32 64
391  579  559 0  82 1 7 1 2 4 8 16 32 64
392  662  469 0  34 1 7 1 2 4 8 16 32 64
393  532  330 0  80 1 7 1 2 4 8 16 32 64
394  739  929 0  65 1 7 1 2 4 8 16 32 64
395  873  871 0   9 1 7 1 2 4 8 16 32 64
396  466  642 0  38 1 7 1 2 4 8 16 32 64
397   55  800 0  29 1 7 1 2 4 8 16 32 64
398  512  194 0  21 1 7 1 2 4 8 16 32 64
399  806   66 0  54 1 7 1 2 4 8 16 32 64
400   14  630 0  33 1 7 1 2 4 8 16 32 64
401   67  820 0  96 1 7 1 2 4 8 16 32 64
402  163  209 0  77 1 7 1 2 4 8 16 32 64
403  605  143 0  69 1 7 1 2 4 8 16 32 64
404  232  706 0  63 1 7 1 2 4 8 16 32 64
405  571  237 0  66 1 7 1 2 4 8 16 32 64
406  938  698 0  78 1 7 1 2 4 8 16 32 64
407  512  136 0  91 1 7 1 2 4 8 16 32 64
408  268  610 0  53 1 7 1 2 4 8 16 32 64
409  189  992 0  24 1 7 1 2 4 8 16 32 64
410  744  234 0  54 1 7 1 2 4 8 16 32 64
411  891  816 0  58 1 7 1 2 4 8 16 32 64
412  862  844 0   1 1 7 1 2 4 8 16 32 64
413  761  653 0  27 1 7 1 2 4 8 16 32 64
414  855  850 0  52 1 7 1 2 4 8 16 32 64
415  181  352 0  95 1 7 1 2 4 8 16 32 64
416  998  265 0  41 1 7 1 2 4 8 16 32 64
417  223  650 0  28 1 7 1 2 4 8 16 32 64
418  599  220 0  41 1 7 1 2 4 8 16 32 64
419  509    0 0  50 1 7 1 2 4 8 16 32 64
420   58  204 0   7 1 7 1 2 4 8 16 32 64
421  342  524 0  17 1 7 1 2 4 8 16 32 64
422  133  286 0  77 1 7 1 2 4 8 16 32 64
423  885  515 0  32 1 7 1 2 4 8 16 32 64
424  234  319 0  70 1 7 1 2 4 8 16 32 64
425  192  928 0  29 1 7 1 2 4 8 16 32 64
426  706  358 0  70 1 7 1 2 4 8 16 32 64
427  696  555 0  49 1 7 1 2 4 8 16 32 64
428  854  435 0   5 1 7 1 2 4 8 16 32 64
429  383  587 0  32 1 7 1 2 4 8 16 32 64
430  517  660 0   0 0 0
431  886  212 0   0 0 0
432  200  446 0   0 0 0
433  373  153 0   0 0 0
434  647  721 0   0 0 0
435  975  805 0   0 0 0
436  377  299 0   0 0 0
