2 224 510 2
0 247
0 247
  1 366 841 0  98 1 2 1 2
  2 712 202 0  93 1 2 1 2
  3 220 687 0  90 1 2 1 2
  4 680 203 0  75 1 2 1 2
  5 813 106 0 100 1 2 1 2
  6 315 759 0  99 1 2 1 2
  7 187 953 0  65 1 2 1 2
  8 886 536 0  66 1 2 1 2
  9 962  58 0  79 1 2 1 2
 10 437 718 0  73 1 2 1 2
 11 962 856 0  36 1 2 1 2
 12 984 975 0  51 1 2 1 2
 13 224 445 0  91 1 2 1 2
 14 325 770 0  58 1 2 1 2
 15   3 767 0  86 1 2 1 2
 16 495 822 0   3 1 2 1 2
 17  36 884 0  72 1 2 1 2
 18 635 918 0  68 1 2 1 2
 19   4 865 0   8 1 2 1 2
 20 871  41 0  20 1 2 1 2
 21 696 804 0   6 1 2 1 2
 22 238 802 0  64 1 2 1 2
 23 345 700 0  45 1 2 1 2
 24  67   5 0  83 1 2 1 2
 25 176  49 0  26 1 2 1 2
 26  63 476 0  72 1 2 1 2
 27 685 494 0  82 1 2 1 2
 28 110 597 0  93 1 2 1 2
 29 332 846 0  70 1 2 1 2
 30 944 243 0  23 1 2 1 2
 31 258 917 0  91 1 2 1 2
 32 624 258 0  19 1 2 1 2
 33 601 647 0  97 1 2 1 2
 34 292 600 0  89 1 2 1 2
 35 848 476 0  88 1 2 1 2
 36 212 774 0  30 1 2 1 2
 37 901 435 0  25 1 2 1 2
 38 765 367 0  89 1 2 1 2
 39 246 967 0  32 1 2 1 2
 40 870 865 0  70 1 2 1 2
 41 233 512 0  14 1 2 1 2
 42 110 110 0  51 1 2 1 2
 43 432 883 0   7 1 2 1 2
 44 554 722 0  36 1 2 1 2
 45 970  71 0  11 1 2 1 2
 46 451 739 0  76 1 2 1 2
 47 567 427 0  52 1 2 1 2
 48 570 453 0  33 1 2 1 2
 49 941 425 0  76 1 2 1 2
 50 161  80 0   3 1 2 1 2
 51 295 337 0  93 1 2 1 2
 52 101 449 0   3 1 2 1 2
 53 756 483 0  60 1 2 1 2
 54 636 834 0  76 1 2 1 2
 55 399 618 0   5 1 2 1 2
 56 576 482 0  69 1 2 1 2
 57 796 434 0  16 1 2 1 2
 58 233 754 0  17 1 2 1 2
 59  15 845 0  20 1 2 1 2
 60 970 794 0  14 1 2 1 2
 61 848  31 0  79 1 2 1 2
 62 723 365 0   5 1 2 1 2
 63 613 372 0  92 1 2 1 2
 64 382  33 0  83 1 2 1 2
 65 851 580 0  25 1 2 1 2
 66 324 989 0  69 1 2 1 2
 67 455 819 0  86 1 2 1 2
 68 410 248 0  16 1 2 1 2
 69  77 857 0   7 1 2 1 2
 70  47 603 0  68 1 2 1 2
 71 888 569 0  36 1 2 1 2
 72 611 702 0  81 1 2 1 2
 73 793  78 0  45 1 2 1 2
 74 395 545 0  13 1 2 1 2
 75 481 226 0  39 1 2 1 2
 76 208 158 0  38 1 2 1 2
 77 564 352 0  40 1 2 1 2
 78 262 831 0  29 1 2 1 2
 79 820 989 0  54 1 2 1 2
 80 886  37 0  49 1 2 1 2
 81  34 828 0  75 1 2 1 2
 82 323 550 0  86 1 2 1 2
 83  75 365 0  29 1 2 1 2
 84  27  50 0  42 1 2 1 2
 85 634 295 0  61 1 2 1 2
 86 689 138 0  48 1 2 1 2
 87 245  31 0  92 1 2 1 2
 88 305 785 0  35 1 2 1 2
 89 899 776 0  32 1 2 1 2
 90 320  57 0  85 1 2 1 2
 91 794 458 0  26 1 2 1 2
 92   2 606 0  34 1 2 1 2
 93 220 962 0  25 1 2 1 2
 94 480 289 0  55 1 2 1 2
 95 615 384 0  14 1 2 1 2
 96 366 130 0  18 1 2 1 2
 97 373 795 0 100 1 2 1 2
 98 736 575 0  25 1 2 1 2
 99 661 265 0  85 1 2 1 2
100 342 930 0  79 1 2 1 2
101 581 912 0  37 1 2 1 2
102 844 847 0  56 1 2 1 2
103 899 436 0  17 1 2 1 2
104 449 533 0  97 1 2 1 2
105 443 731 0  78 1 2 1 2
106 437 268 0  36 1 2 1 2
107 542 975 0  91 1 2 1 2
108  40 939 0  37 1 2 1 2
109 320 189 0  19 1 2 1 2
110 979 237 0  45 1 2 1 2
111  82 437 0  50 1 2 1 2
112 325 806 0  60 1 2 1 2
113 173 255 0  64 1 2 1 2
114 813 235 0  81 1 2 1 2
115 950 105 0  30 1 2 1 2
116 162 730 0  40 1 2 1 2
117 653 215 0  43 1 2 1 2
118 660 947 0  57 1 2 1 2
119 400 635 0   7 1 2 1 2
120 104 421 0  67 1 2 1 2
121 248 715 0  76 1 2 1 2
122 418 426 0  23 1 2 1 2
123 426 964 0  26 1 2 1 2
124 522 524 0  53 1 2 1 2
125 284  18 0  54 1 2 1 2
126 329  69 0  66 1 2 1 2
127 175 177 0   9 1 2 1 2
128 653 431 0  88 1 2 1 2
129 986 780 0  55 1 2 1 2
130 559 831 0  22 1 2 1 2
131 618 380 0  45 1 2 1 2
132  97 862 0  61 1 2 1 2
133 278 170 0   2 1 2 1 2
134 928 684 0  88 1 2 1 2
135 754 476 0  79 1 2 1 2
136 330 873 0  80 1 2 1 2
137 654 455 0  79 1 2 1 2
138 930  68 0  36 1 2 1 2
139 704 261 0  58 1 2 1 2
140 476 194 0  45 1 2 1 2
141 502 382 0  44 1 2 1 2
142 201  38 0  57 1 2 1 2
143 175 922 0  77 1 2 1 2
144 370 227 0   8 1 2 1 2
145   5 511 0  51 1 2 1 2
146 575 795 0  39 1 2 1 2
147 516 311 0  24 1 2 1 2
148 937 346 0  15 1 2 1 2
149 273 957 0  54 1 2 1 2
150 284  75 0  38 1 2 1 2
151 160 716 0  70 1 2 1 2
152  50 602 0  27 1 2 1 2
153 821 531 0  46 1 2 1 2
154 577 244 0  10 1 2 1 2
155 117 209 0   9 1 2 1 2
156 554 523 0  94 1 2 1 2
157 236 359 0  64 1 2 1 2
158 101 777 0  84 1 2 1 2
159 538 489 0   9 1 2 1 2
160  54 631 0  96 1 2 1 2
161 919 148 0  60 1 2 1 2
162  66  45 0  10 1 2 1 2
163 632 494 0  60 1 2 1 2
164 982 996 0   4 1 2 1 2
165 535 901 0  40 1 2 1 2
166 594 690 0  93 1 2 1 2
167 278 509 0  75 1 2 1 2
168  44 631 0  98 1 2 1 2
169 336 769 0  12 1 2 1 2
170 871 444 0   7 1 2 1 2
171  41 381 0  66 1 2 1 2
172 393 796 0  16 1 2 1 2
173 642 725 0  12 1 2 1 2
174 263 144 0  60 1 2 1 2
175 756 224 0  36 1 2 1 2
176 617 607 0   6 1 2 1 2
177 468 739 0  65 1 2 1 2
178 917 789 0  29 1 2 1 2
179 420 718 0  47 1 2 1 2
180 530 300 0  95 1 2 1 2
181 537  92 0  43 1 2 1 2
182 481  43 0  47 1 2 1 2
183 993 845 0 100 1 2 1 2
184 566 721 0  64 1 2 1 2
185 312 183 0  78 1 2 1 2
186 234 458 0  45 1 2 1 2
187 958 618 0  56 1 2 1 2
188 493 484 0  55 1 2 1 2
189 350 197 0  59 1 2 1 2
190 334 679 0  14 1 2 1 2
191 534  45 0  38 1 2 1 2
192 174 823 0  74 1 2 1 2
193  10 604 0  91 1 2 1 2
194 997  30 0  40 1 2 1 2
195 515 142 0  50 1 2 1 2
196 511 432 0  25 1 2 1 2
197 794 397 0  70 1 2 1 2
198 587 889 0  81 1 2 1 2
199 819 955 0  25 1 2 1 2
200 709 401 0  23 1 2 1 2
201 464 931 0  42 1 2 1 2
202 249 892 0  61 1 2 1 2
203 503 700 0  62 1 2 1 2
204  52 507 0  18 1 2 1 2
205 546 341 0  54 1 2 1 2
206 678  24 0   6 1 2 1 2
207 947  74 0  22 1 2 1 2
208 380 813 0  72 1 2 1 2
209 493 672 0  59 1 2 1 2
210  14 911 0  70 1 2 1 2
211 252 181 0  48 1 2 1 2
212 247 711 0   2 1 2 1 2
213 208 778 0  53 1 2 1 2
214 410 584 0  64 1 2 1 2
215 345 806 0  58 1 2 1 2
216 767 507 0  26 1 2 1 2
217 338 499 0  66 1 2 1 2
218 509  14 0  70 1 2 1 2
219 262 317 0  77 1 2 1 2
220 480  66 0  98 1 2 1 2
221 316  62 0  54 1 2 1 2
222 973 100 0  17 1 2 1 2
223 524 788 0  49 1 2 1 2
224  26 706 0   2 1 2 1 2
225  70 173 0  32 1 2 1 2
226 544 656 0  26 1 2 1 2
227 188 402 0  10 1 2 1 2
228 410 833 0  68 1 2 1 2
229  66 587 0  78 1 2 1 2
230 761 445 0   5 1 2 1 2
231 465 338 0  26 1 2 1 2
232 604 417 0  33 1 2 1 2
233 713 411 0  55 1 2 1 2
234 425 948 0  31 1 2 1 2
235 173 596 0   9 1 2 1 2
236 128  89 0  17 1 2 1 2
237 881  54 0  58 1 2 1 2
238 728 395 0  24 1 2 1 2
239 203 680 0  28 1 2 1 2
240  86 671 0  57 1 2 1 2
241 257 574 0  19 1 2 1 2
242 600 550 0  47 1 2 1 2
243 439 311 0  72 1 2 1 2
244 233 275 0  67 1 2 1 2
245 474 977 0  89 1 2 1 2
246 865 413 0  94 1 2 1 2
247 487 413 0  52 1 2 1 2
248  76 347 0  86 1 2 1 2
249  27 521 0  16 1 2 1 2
250 641 801 0  56 1 2 1 2
251 101 670 0  82 1 2 1 2
252   5 356 0  49 1 2 1 2
253 195 488 0   9 1 2 1 2
254 187 270 0  73 1 2 1 2
255 587 471 0  39 1 2 1 2
256 118 611 0  29 1 2 1 2
257 659 466 0  51 1 2 1 2
258  21 570 0  61 1 2 1 2
259 175 828 0  95 1 2 1 2
260 964 582 0  28 1 2 1 2
261 422 551 0  15 1 2 1 2
262 699 350 0  48 1 2 1 2
263 775 609 0  56 1 2 1 2
264 103 148 0   1 1 2 1 2
265  65 772 0  11 1 2 1 2
266 377 973 0  32 1 2 1 2
267 485 424 0  93 1 2 1 2
268 467 104 0  34 1 2 1 2
269 573 457 0  43 1 2 1 2
270 381 489 0  92 1 2 1 2
271 879 955 0  31 1 2 1 2
272 546 862 0  82 1 2 1 2
273 186 565 0  40 1 2 1 2
274 266 437 0  92 1 2 1 2
275 122 523 0  65 1 2 1 2
276  26 813 0   1 1 2 1 2
277 163 821 0  56 1 2 1 2
278 338 239 0  70 1 2 1 2
279 968 469 0  79 1 2 1 2
280 913  41 0  98 1 2 1 2
281 568  65 0  69 1 2 1 2
282 877 341 0  89 1 2 1 2
283 212 358 0  62 1 2 1 2
284 886 488 0  18 1 2 1 2
285 646 433 0  62 1 2 1 2
286 305 383 0   6 1 2 1 2
287 537 644 0   2 1 2 1 2
288 515  43 0  19 1 2 1 2
289 693 890 0  57 1 2 1 2
290 142 359 0  76 1 2 1 2
291 861 639 0   6 1 2 1 2
292 124 923 0  95 1 2 1 2
293 526 625 0  77 1 2 1 2
294 175 897 0  80 1 2 1 2
295 904 620 0  83 1 2 1 2
296 768 355 0  96 1 2 1 2
297 548 208 0  96 1 2 1 2
298 921 460 0  30 1 2 1 2
299  21 171 0  84 1 2 1 2
300 159 286 0  81 1 2 1 2
301  50 879 0  40 1 2 1 2
302 995 765 0  68 1 2 1 2
303 545 421 0  49 1 2 1 2
304  86 480 0  81 1 2 1 2
305 228 508 0  53 1 2 1 2
306  33 609 0  34 1 2 1 2
307 127 765 0  17 1 2 1 2
308 345  93 0  97 1 2 1 2
309 184 159 0  15 1 2 1 2
310 811 848 0  87 1 2 1 2
311 755 600 0   2 1 2 1 2
312 170 984 0   8 1 2 1 2
313 438 409 0  27 1 2 1 2
314  14  29 0  49 1 2 1 2
315 950 286 0  94 1 2 1 2
316 405 426 0  80 1 2 1 2
317 989 787 0  97 1 2 1 2
318 282  93 0  85 1 2 1 2
319 165 831 0  75 1 2 1 2
320 101 351 0  59 1 2 1 2
321 149 796 0  47 1 2 1 2
322 545 328 0  88 1 2 1 2
323 784 209 0  63 1 2 1 2
324 723 821 0  83 1 2 1 2
325 413 189 0  68 1 2 1 2
326 836 112 0  85 1 2 1 2
327 783 240 0  25 1 2 1 2
328  61 494 0   4 1 2 1 2
329 669 806 0  61 1 2 1 2
330 211 165 0  41 1 2 1 2
331 951 671 0  48 1 2 1 2
332 810 256 0  39 1 2 1 2
333 762 910 0  81 1 2 1 2
334 322 442 0  67 1 2 1 2
335 149 771 0   2 1 2 1 2
336  51 498 0  48 1 2 1 2
337 197 125 0  87 1 2 1 2
338 140 447 0   5 1 2 1 2
339 413 701 0  58 1 2 1 2
340 197 450 0  50 1 2 1 2
341 741 283 0  24 1 2 1 2
342  76 937 0  80 1 2 1 2
343 497 673 0  85 1 2 1 2
344 674 667 0  15 1 2 1 2
345 454 701 0   3 1 2 1 2
346 757 375 0  29 1 2 1 2
347 168 801 0   2 1 2 1 2
348 816 527 0  29 1 2 1 2
349 644 231 0  82 1 2 1 2
350 917 458 0  98 1 2 1 2
351  49 856 0  44 1 2 1 2
352 440 143 0  82 1 2 1 2
353 612 873 0  55 1 2 1 2
354 492 593 0   3 1 2 1 2
355 552 825 0  24 1 2 1 2
356 696 315 0  41 1 2 1 2
357 292 308 0  63 1 2 1 2
358 303 647 0   4 1 2 1 2
359 313 813 0   7 1 2 1 2
360 992 327 0  41 1 2 1 2
361 719  52 0  69 1 2 1 2
362 363 258 0  92 1 2 1 2
363 851 583 0  10 1 2 1 2
364 757 736 0  26 1 2 1 2
365 618 764 0  70 1 2 1 2
366 848 743 0   5 1 2 1 2
367 108 891 0  42 1 2 1 2
368 376 508 0  53 1 2 1 2
369 385 429 0  75 1 2 1 2
370 407 151 0  67 1 2 1 2
371 125 458 0  75 1 2 1 2
372 370 614 0  20 1 2 1 2
373 987 210 0   2 1 2 1 2
374  25 235 0  16 1 2 1 2
375  67 320 0  98 1 2 1 2
376 372 987 0   9 1 2 1 2
377 679 507 0  38 1 2 1 2
378 236 176 0  81 1 2 1 2
379 826 803 0  98 1 2 1 2
380 225 801 0  39 1 2 1 2
381 713 876 0   7 1 2 1 2
382 945 582 0  78 1 2 1 2
383 745 235 0  56 1 2 1 2
384 416 582 0  20 1 2 1 2
385 739 390 0 100 1 2 1 2
386 547  40 0  70 1 2 1 2
387 435  32 0  44 1 2 1 2
388 886 761 0   4 1 2 1 2
389 430  95 0  44 1 2 1 2
390 603 864 0   8 1 2 1 2
391 676 956 0  74 1 2 1 2
392 996 333 0  69 1 2 1 2
393 120 182 0  40 1 2 1 2
394 313 180 0  27 1 2 1 2
395 575 427 0  33 1 2 1 2
396 682 723 0  11 1 2 1 2
397 489 939 0   7 1 2 1 2
398 480   6 0  73 1 2 1 2
399 633 432 0 100 1 2 1 2
400 984  10 0  93 1 2 1 2
401 194 774 0  64 1 2 1 2
402 373 168 0  90 1 2 1 2
403 765 990 0  86 1 2 1 2
404 194 196 0  77 1 2 1 2
405 775 753 0  93 1 2 1 2
406 123 696 0  77 1 2 1 2
407 202 604 0  57 1 2 1 2
408   7 951 0  39 1 2 1 2
409 141 314 0   6 1 2 1 2
410 797 104 0  74 1 2 1 2
411 249 903 0   3 1 2 1 2
412 492 388 0  29 1 2 1 2
413 949 258 0   3 1 2 1 2
414 963 547 0   8 1 2 1 2
415 126 962 0   4 1 2 1 2
416 701 547 0  89 1 2 1 2
417 160 545 0  71 1 2 1 2
418  69 730 0  40 1 2 1 2
419 924 442 0   2 1 2 1 2
420 798 269 0  73 1 2 1 2
421 223 117 0  36 1 2 1 2
422 827 527 0  74 1 2 1 2
423 601 562 0  15 1 2 1 2
424 181 170 0   7 1 2 1 2
425 277 157 0  35 1 2 1 2
426 804 600 0  28 1 2 1 2
427 553 809 0   8 1 2 1 2
428 731 502 0  35 1 2 1 2
429 534 394 0  41 1 2 1 2
430 878 569 0  52 1 2 1 2
431 853  35 0  40 1 2 1 2
432 475 537 0  28 1 2 1 2
433 516 298 0  13 1 2 1 2
434 807 183 0  69 1 2 1 2
435 315 672 0  91 1 2 1 2
436 506 787 0  99 1 2 1 2
437 601 431 0  45 1 2 1 2
438 323 418 0  91 1 2 1 2
439 390 273 0  67 1 2 1 2
440 234 432 0  54 1 2 1 2
441 519 376 0  83 1 2 1 2
442 745  57 0  88 1 2 1 2
443  74 467 0  69 1 2 1 2
444 425 303 0  63 1 2 1 2
445 304 289 0  66 1 2 1 2
446 373  80 0  50 1 2 1 2
447 206 319 0  62 1 2 1 2
448 859 222 0  22 1 2 1 2
449 394 595 0   2 1 2 1 2
450 333 415 0  49 1 2 1 2
451 678 129 0  49 1 2 1 2
452 994  51 0  54 1 2 1 2
453 587 205 0  64 1 2 1 2
454 675  66 0  13 1 2 1 2
455   8 407 0  96 1 2 1 2
456 174 124 0  15 1 2 1 2
457 553 296 0  89 1 2 1 2
458  74 444 0  39 1 2 1 2
459 674 345 0  94 1 2 1 2
460   8 171 0  65 1 2 1 2
461 863 894 0  49 1 2 1 2
462  99 766 0  54 1 2 1 2
463 472 361 0  32 1 2 1 2
464 670  38 0  89 1 2 1 2
465 866 461 0  54 1 2 1 2
466 809 225 0  22 1 2 1 2
467 333 806 0   1 1 2 1 2
468 757 324 0  79 1 2 1 2
469  29 836 0   8 1 2 1 2
470 950 746 0  13 1 2 1 2
471 551 132 0   7 1 2 1 2
472 803 592 0  56 1 2 1 2
473 183 995 0  37 1 2 1 2
474 870 124 0  27 1 2 1 2
475 306 807 0  74 1 2 1 2
476 145 402 0  27 1 2 1 2
477 923  17 0  79 1 2 1 2
478 642 833 0  34 1 2 1 2
479 671 157 0  26 1 2 1 2
480 429   7 0   2 1 2 1 2
481 115 367 0  84 1 2 1 2
482 911 252 0  68 1 2 1 2
483 656 755 0  62 1 2 1 2
484  62 653 0  47 1 2 1 2
485  89 331 0  93 1 2 1 2
486 661 365 0  61 1 2 1 2
487 172 533 0  87 1 2 1 2
488 838 147 0  77 1 2 1 2
489 455 213 0  50 1 2 1 2
490 333 596 0  29 1 2 1 2
491 392 679 0  30 1 2 1 2
492 403 268 0  75 1 2 1 2
493 143 948 0  17 1 2 1 2
494 213 868 0  14 1 2 1 2
495 217 127 0  12 1 2 1 2
496 300 459 0  51 1 2 1 2
497 795 402 0  41 1 2 1 2
498 220 419 0 100 1 2 1 2
499 323 955 0  62 1 2 1 2
500 618 752 0  98 1 2 1 2
501 803 301 0  97 1 2 1 2
502 273 354 0  21 1 2 1 2
503  98 507 0  72 1 2 1 2
504 376 493 0  97 1 2 1 2
505 246  26 0   6 1 2 1 2
506 303 782 0  58 1 2 1 2
507 460 650 0  36 1 2 1 2
508 294 423 0   9 1 2 1 2
509 484  50 0  93 1 2 1 2
510 819 390 0  17 1 2 1 2
511 427 874 0   0 0 0
512  39 316 0   0 0 0
