2 83 540 7
0 249
0 249
0 249
0 249
0 249
0 249
0 249
  1  45 341 0  53 1 7 1 2 4 8 16 32 64
  2 237 819 0  60 1 7 1 2 4 8 16 32 64
  3 900 209 0  23 1 7 1 2 4 8 16 32 64
  4 279   6 0  17 1 7 1 2 4 8 16 32 64
  5 517  20 0  14 1 7 1 2 4 8 16 32 64
  6 313 172 0  71 1 7 1 2 4 8 16 32 64
  7 396 746 0  47 1 7 1 2 4 8 16 32 64
  8 322 659 0  68 1 7 1 2 4 8 16 32 64
  9  16 490 0  15 1 7 1 2 4 8 16 32 64
 10  35 439 0  24 1 7 1 2 4 8 16 32 64
 11 650 423 0  62 1 7 1 2 4 8 16 32 64
 12  34 953 0  40 1 7 1 2 4 8 16 32 64
 13 685 882 0  25 1 7 1 2 4 8 16 32 64
 14 942 232 0  51 1 7 1 2 4 8 16 32 64
 15  54 843 0  77 1 7 1 2 4 8 16 32 64
 16 447 221 0  89 1 7 1 2 4 8 16 32 64
 17  94 855 0  47 1 7 1 2 4 8 16 32 64
 18  63 414 0  21 1 7 1 2 4 8 16 32 64
 19  73 998 0  43 1 7 1 2 4 8 16 32 64
 20 196 524 0  61 1 7 1 2 4 8 16 32 64
 21 811  24 0  28 1 7 1 2 4 8 16 32 64
 22 312 129 0  82 1 7 1 2 4 8 16 32 64
 23 415 286 0  33 1 7 1 2 4 8 16 32 64
 24 254 996 0  90 1 7 1 2 4 8 16 32 64
 25 184 535 0  83 1 7 1 2 4 8 16 32 64
 26  85 778 0  20 1 7 1 2 4 8 16 32 64
 27 674 925 0  55 1 7 1 2 4 8 16 32 64
 28 673 763 0  41 1 7 1 2 4 8 16 32 64
 29 664 507 0  68 1 7 1 2 4 8 16 32 64
 30 950 334 0  51 1 7 1 2 4 8 16 32 64
 31 322 172 0  44 1 7 1 2 4 8 16 32 64
 32 130 329 0  74 1 7 1 2 4 8 16 32 64
 33 159 171 0  98 1 7 1 2 4 8 16 32 64
 34 693 641 0  95 1 7 1 2 4 8 16 32 64
 35 420 986 0  17 1 7 1 2 4 8 16 32 64
 36   3 588 0  87 1 7 1 2 4 8 16 32 64
 37 557 418 0   6 1 7 1 2 4 8 16 32 64
 38 562 724 0  60 1 7 1 2 4 8 16 32 64
 39 223 205 0  41 1 7 1 2 4 8 16 32 64
 40 390 763 0  37 1 7 1 2 4 8 16 32 64
 41 541 847 0  80 1 7 1 2 4 8 16 32 64
 42 333 768 0  26 1 7 1 2 4 8 16 32 64
 43 237 259 0  10 1 7 1 2 4 8 16 32 64
 44 312 631 0  36 1 7 1 2 4 8 16 32 64
 45 129 703 0   7 1 7 1 2 4 8 16 32 64
 46 532 348 0  55 1 7 1 2 4 8 16 32 64
 47 747 958 0  29 1 7 1 2 4 8 16 32 64
 48 485 134 0  86 1 7 1 2 4 8 16 32 64
 49 964 953 0  64 1 7 1 2 4 8 16 32 64
 50 332 621 0  19 1 7 1 2 4 8 16 32 64
 51  66 772 0  34 1 7 1 2 4 8 16 32 64
 52 592 829 0  45 1 7 1 2 4 8 16 32 64
 53 367 733 0  31 1 7 1 2 4 8 16 32 64
 54 815 684 0   7 1 7 1 2 4 8 16 32 64
 55 804 825 0  66 1 7 1 2 4 8 16 32 64
 56  49 978 0  33 1 7 1 2 4 8 16 32 64
 57  43 482 0  21 1 7 1 2 4 8 16 32 64
 58  80 355 0  34 1 7 1 2 4 8 16 32 64
 59 131  71 0  30 1 7 1 2 4 8 16 32 64
 60 758 123 0  99 1 7 1 2 4 8 16 32 64
 61 809  43 0  35 1 7 1 2 4 8 16 32 64
 62 531 972 0  28 1 7 1 2 4 8 16 32 64
 63 153 194 0  55 1 7 1 2 4 8 16 32 64
 64 544 246 0  77 1 7 1 2 4 8 16 32 64
 65 579 204 0  55 1 7 1 2 4 8 16 32 64
 66  53 137 0  46 1 7 1 2 4 8 16 32 64
 67 441 456 0  95 1 7 1 2 4 8 16 32 64
 68 965 652 0  21 1 7 1 2 4 8 16 32 64
 69 155 936 0  66 1 7 1 2 4 8 16 32 64
 70 195 964 0  26 1 7 1 2 4 8 16 32 64
 71 416 876 0  76 1 7 1 2 4 8 16 32 64
 72 186 892 0  52 1 7 1 2 4 8 16 32 64
 73 364 618 0  38 1 7 1 2 4 8 16 32 64
 74  18  90 0   5 1 7 1 2 4 8 16 32 64
 75 820 605 0  19 1 7 1 2 4 8 16 32 64
 76 641 921 0  18 1 7 1 2 4 8 16 32 64
 77 759 237 0  69 1 7 1 2 4 8 16 32 64
 78 752 124 0  75 1 7 1 2 4 8 16 32 64
 79 989 669 0  69 1 7 1 2 4 8 16 32 64
 80 753 168 0  16 1 7 1 2 4 8 16 32 64
 81 615 537 0  77 1 7 1 2 4 8 16 32 64
 82 541 692 0  15 1 7 1 2 4 8 16 32 64
 83  85 302 0  31 1 7 1 2 4 8 16 32 64
 84 910  84 0  88 1 7 1 2 4 8 16 32 64
 85 297   1 0  15 1 7 1 2 4 8 16 32 64
 86 536 746 0  46 1 7 1 2 4 8 16 32 64
 87 164 741 0  63 1 7 1 2 4 8 16 32 64
 88 492   4 0  64 1 7 1 2 4 8 16 32 64
 89 816 501 0  39 1 7 1 2 4 8 16 32 64
 90 974 489 0  53 1 7 1 2 4 8 16 32 64
 91 653 536 0  57 1 7 1 2 4 8 16 32 64
 92 765 592 0  81 1 7 1 2 4 8 16 32 64
 93 325 208 0  19 1 7 1 2 4 8 16 32 64
 94 243 325 0 100 1 7 1 2 4 8 16 32 64
 95  89 992 0  62 1 7 1 2 4 8 16 32 64
 96 731 268 0  57 1 7 1 2 4 8 16 32 64
 97 554 718 0  93 1 7 1 2 4 8 16 32 64
 98 591 987 0  40 1 7 1 2 4 8 16 32 64
 99 178 252 0  68 1 7 1 2 4 8 16 32 64
100 198 642 0  21 1 7 1 2 4 8 16 32 64
101 186 876 0  26 1 7 1 2 4 8 16 32 64
102 450 481 0  99 1 7 1 2 4 8 16 32 64
103 417  27 0   8 1 7 1 2 4 8 16 32 64
104 767 355 0  18 1 7 1 2 4 8 16 32 64
105 897 299 0  70 1 7 1 2 4 8 16 32 64
106  40 826 0  53 1 7 1 2 4 8 16 32 64
107 659 517 0  99 1 7 1 2 4 8 16 32 64
108 282  80 0  50 1 7 1 2 4 8 16 32 64
109 370 490 0   6 1 7 1 2 4 8 16 32 64
110 489  32 0  31 1 7 1 2 4 8 16 32 64
111 462 290 0   6 1 7 1 2 4 8 16 32 64
112 652 226 0  24 1 7 1 2 4 8 16 32 64
113 449 395 0  10 1 7 1 2 4 8 16 32 64
114 361 584 0   9 1 7 1 2 4 8 16 32 64
115 316 415 0  71 1 7 1 2 4 8 16 32 64
116 186 730 0  93 1 7 1 2 4 8 16 32 64
117 146 405 0  34 1 7 1 2 4 8 16 32 64
118 360 800 0  52 1 7 1 2 4 8 16 32 64
119 831  35 0   2 1 7 1 2 4 8 16 32 64
120  71 999 0  93 1 7 1 2 4 8 16 32 64
121 371 767 0  76 1 7 1 2 4 8 16 32 64
122 548 266 0  55 1 7 1 2 4 8 16 32 64
123 867 122 0  92 1 7 1 2 4 8 16 32 64
124 187 902 0  87 1 7 1 2 4 8 16 32 64
125 783 803 0  14 1 7 1 2 4 8 16 32 64
126 984 168 0  15 1 7 1 2 4 8 16 32 64
127 683 921 0  21 1 7 1 2 4 8 16 32 64
128 959 545 0 100 1 7 1 2 4 8 16 32 64
129  79 687 0  91 1 7 1 2 4 8 16 32 64
130 596 402 0  25 1 7 1 2 4 8 16 32 64
131 163 346 0  98 1 7 1 2 4 8 16 32 64
132 856 884 0   5 1 7 1 2 4 8 16 32 64
133 212 243 0  99 1 7 1 2 4 8 16 32 64
134 835 595 0  18 1 7 1 2 4 8 16 32 64
135 321 738 0  52 1 7 1 2 4 8 16 32 64
136 449 418 0  88 1 7 1 2 4 8 16 32 64
137 896 413 0  10 1 7 1 2 4 8 16 32 64
138 834 927 0  49 1 7 1 2 4 8 16 32 64
139 144 840 0  83 1 7 1 2 4 8 16 32 64
140 628  28 0  85 1 7 1 2 4 8 16 32 64
141 859 215 0  57 1 7 1 2 4 8 16 32 64
142 949 435 0  89 1 7 1 2 4 8 16 32 64
143 245 477 0  17 1 7 1 2 4 8 16 32 64
144 854 298 0  40 1 7 1 2 4 8 16 32 64
145  49 724 0  24 1 7 1 2 4 8 16 32 64
146  41 650 0  73 1 7 1 2 4 8 16 32 64
147 341 444 0  34 1 7 1 2 4 8 16 32 64
148 851 135 0  62 1 7 1 2 4 8 16 32 64
149 199 805 0  55 1 7 1 2 4 8 16 32 64
150 298 612 0  71 1 7 1 2 4 8 16 32 64
151 932 531 0  61 1 7 1 2 4 8 16 32 64
152  43 977 0  22 1 7 1 2 4 8 16 32 64
153 668 577 0   3 1 7 1 2 4 8 16 32 64
154  42 735 0  71 1 7 1 2 4 8 16 32 64
155 702 442 0  82 1 7 1 2 4 8 16 32 64
156 188 987 0  83 1 7 1 2 4 8 16 32 64
157 434 727 0  78 1 7 1 2 4 8 16 32 64
158 160 987 0  61 1 7 1 2 4 8 16 32 64
159 908 320 0  67 1 7 1 2 4 8 16 32 64
160 144  81 0  69 1 7 1 2 4 8 16 32 64
161 765 133 0   2 1 7 1 2 4 8 16 32 64
162 228  44 0  51 1 7 1 2 4 8 16 32 64
163 488  29 0  48 1 7 1 2 4 8 16 32 64
164 345 555 0  39 1 7 1 2 4 8 16 32 64
165 579 977 0  96 1 7 1 2 4 8 16 32 64
166 605 787 0  81 1 7 1 2 4 8 16 32 64
167 182 396 0  88 1 7 1 2 4 8 16 32 64
168 142  58 0  84 1 7 1 2 4 8 16 32 64
169 494 257 0  18 1 7 1 2 4 8 16 32 64
170 602 911 0  50 1 7 1 2 4 8 16 32 64
171 261 490 0  55 1 7 1 2 4 8 16 32 64
172 425 417 0  68 1 7 1 2 4 8 16 32 64
173 293  95 0  24 1 7 1 2 4 8 16 32 64
174 273 338 0  20 1 7 1 2 4 8 16 32 64
175 547  46 0  14 1 7 1 2 4 8 16 32 64
176 576 895 0  37 1 7 1 2 4 8 16 32 64
177 304 209 0  45 1 7 1 2 4 8 16 32 64
178 814 632 0  26 1 7 1 2 4 8 16 32 64
179 173 644 0  78 1 7 1 2 4 8 16 32 64
180 766 887 0  29 1 7 1 2 4 8 16 32 64
181 423 691 0  82 1 7 1 2 4 8 16 32 64
182  49 451 0  25 1 7 1 2 4 8 16 32 64
183 221 933 0  48 1 7 1 2 4 8 16 32 64
184 741 396 0  31 1 7 1 2 4 8 16 32 64
185 467 767 0  73 1 7 1 2 4 8 16 32 64
186 344 338 0  98 1 7 1 2 4 8 16 32 64
187 325   9 0  13 1 7 1 2 4 8 16 32 64
188 261 818 0  22 1 7 1 2 4 8 16 32 64
189 956  47 0  82 1 7 1 2 4 8 16 32 64
190 464 450 0  30 1 7 1 2 4 8 16 32 64
191 862 145 0  84 1 7 1 2 4 8 16 32 64
192 699 917 0  18 1 7 1 2 4 8 16 32 64
193 659 870 0   4 1 7 1 2 4 8 16 32 64
194   2 652 0  63 1 7 1 2 4 8 16 32 64
195 486 661 0  23 1 7 1 2 4 8 16 32 64
196 640 352 0  82 1 7 1 2 4 8 16 32 64
197 624 333 0  48 1 7 1 2 4 8 16 32 64
198  46 512 0  90 1 7 1 2 4 8 16 32 64
199 350 517 0  68 1 7 1 2 4 8 16 32 64
200 782 420 0  79 1 7 1 2 4 8 16 32 64
201 758 500 0  98 1 7 1 2 4 8 16 32 64
202 673 458 0  42 1 7 1 2 4 8 16 32 64
203 984 222 0  66 1 7 1 2 4 8 16 32 64
204 309 149 0  22 1 7 1 2 4 8 16 32 64
205 848 187 0  93 1 7 1 2 4 8 16 32 64
206 255 381 0  87 1 7 1 2 4 8 16 32 64
207 629 418 0   2 1 7 1 2 4 8 16 32 64
208 252  37 0  42 1 7 1 2 4 8 16 32 64
209 646  19 0  55 1 7 1 2 4 8 16 32 64
210 628 600 0  16 1 7 1 2 4 8 16 32 64
211 787 277 0  61 1 7 1 2 4 8 16 32 64
212 275 611 0  60 1 7 1 2 4 8 16 32 64
213 422 518 0  15 1 7 1 2 4 8 16 32 64
214 995 707 0  86 1 7 1 2 4 8 16 32 64
215  89 188 0  34 1 7 1 2 4 8 16 32 64
216 277 682 0  74 1 7 1 2 4 8 16 32 64
217 518 871 0  83 1 7 1 2 4 8 16 32 64
218 739 831 0   6 1 7 1 2 4 8 16 32 64
219 600 384 0  59 1 7 1 2 4 8 16 32 64
220 264 533 0  30 1 7 1 2 4 8 16 32 64
221 627 673 0  20 1 7 1 2 4 8 16 32 64
222 547 901 0  71 1 7 1 2 4 8 16 32 64
223 549 535 0  81 1 7 1 2 4 8 16 32 64
224 198  93 0  67 1 7 1 2 4 8 16 32 64
225 631 458 0  50 1 7 1 2 4 8 16 32 64
226 589 305 0  87 1 7 1 2 4 8 16 32 64
227 114 832 0  79 1 7 1 2 4 8 16 32 64
228 113 688 0  25 1 7 1 2 4 8 16 32 64
229 655 602 0  82 1 7 1 2 4 8 16 32 64
230  79 619 0  84 1 7 1 2 4 8 16 32 64
231 179 119 0  49 1 7 1 2 4 8 16 32 64
232 940 518 0  95 1 7 1 2 4 8 16 32 64
233 998 380 0  52 1 7 1 2 4 8 16 32 64
234 926  52 0  54 1 7 1 2 4 8 16 32 64
235 655 538 0  10 1 7 1 2 4 8 16 32 64
236 544  38 0   6 1 7 1 2 4 8 16 32 64
237 523 144 0  84 1 7 1 2 4 8 16 32 64
238 187 914 0  78 1 7 1 2 4 8 16 32 64
239 773 597 0  17 1 7 1 2 4 8 16 32 64
240 384 278 0  29 1 7 1 2 4 8 16 32 64
241 341 964 0  99 1 7 1 2 4 8 16 32 64
242 721 377 0  47 1 7 1 2 4 8 16 32 64
243 827 914 0  27 1 7 1 2 4 8 16 32 64
244 625 827 0  65 1 7 1 2 4 8 16 32 64
245 772  55 0  82 1 7 1 2 4 8 16 32 64
246 314 281 0  73 1 7 1 2 4 8 16 32 64
247 389 314 0  54 1 7 1 2 4 8 16 32 64
248 809 411 0  73 1 7 1 2 4 8 16 32 64
249 494 309 0  49 1 7 1 2 4 8 16 32 64
250 102 381 0  35 1 7 1 2 4 8 16 32 64
251 203 364 0  68 1 7 1 2 4 8 16 32 64
252 350 521 0  57 1 7 1 2 4 8 16 32 64
253 198 275 0  74 1 7 1 2 4 8 16 32 64
254 316 558 0   3 1 7 1 2 4 8 16 32 64
255 412 494 0  84 1 7 1 2 4 8 16 32 64
256 813 133 0  41 1 7 1 2 4 8 16 32 64
257 199 987 0  61 1 7 1 2 4 8 16 32 64
258 691 735 0  26 1 7 1 2 4 8 16 32 64
259 747 675 0 100 1 7 1 2 4 8 16 32 64
260 745 813 0  68 1 7 1 2 4 8 16 32 64
261 903 723 0  15 1 7 1 2 4 8 16 32 64
262 625 832 0  35 1 7 1 2 4 8 16 32 64
263 239 519 0  47 1 7 1 2 4 8 16 32 64
264 721 635 0  33 1 7 1 2 4 8 16 32 64
265 207 662 0   1 1 7 1 2 4 8 16 32 64
266 348 197 0  68 1 7 1 2 4 8 16 32 64
267 186 216 0  95 1 7 1 2 4 8 16 32 64
268 452 608 0  68 1 7 1 2 4 8 16 32 64
269 605 809 0  13 1 7 1 2 4 8 16 32 64
270 432 265 0  56 1 7 1 2 4 8 16 32 64
271 621 898 0  10 1 7 1 2 4 8 16 32 64
272 754 847 0  78 1 7 1 2 4 8 16 32 64
273 992 484 0   3 1 7 1 2 4 8 16 32 64
274 282 282 0  17 1 7 1 2 4 8 16 32 64
275  50 699 0  62 1 7 1 2 4 8 16 32 64
276 134 193 0   4 1 7 1 2 4 8 16 32 64
277 659 765 0  65 1 7 1 2 4 8 16 32 64
278 586 136 0  77 1 7 1 2 4 8 16 32 64
279 215 795 0   3 1 7 1 2 4 8 16 32 64
280 451  45 0  14 1 7 1 2 4 8 16 32 64
281 917 978 0  51 1 7 1 2 4 8 16 32 64
282 236  57 0  22 1 7 1 2 4 8 16 32 64
283 368 507 0  66 1 7 1 2 4 8 16 32 64
284 795 142 0  38 1 7 1 2 4 8 16 32 64
285 557 451 0  95 1 7 1 2 4 8 16 32 64
286 654 608 0  74 1 7 1 2 4 8 16 32 64
287 984 836 0  72 1 7 1 2 4 8 16 32 64
288 614 865 0  28 1 7 1 2 4 8 16 32 64
289 228  99 0   5 1 7 1 2 4 8 16 32 64
290 527 283 0  58 1 7 1 2 4 8 16 32 64
291 151 457 0  20 1 7 1 2 4 8 16 32 64
292 708 278 0  44 1 7 1 2 4 8 16 32 64
293 479 794 0  62 1 7 1 2 4 8 16 32 64
294 304 376 0  51 1 7 1 2 4 8 16 32 64
295 226 917 0  73 1 7 1 2 4 8 16 32 64
296 339 302 0  23 1 7 1 2 4 8 16 32 64
297 552 511 0  40 1 7 1 2 4 8 16 32 64
298 471 136 0  80 1 7 1 2 4 8 16 32 64
299  34 533 0  98 1 7 1 2 4 8 16 32 64
300 973 724 0  43 1 7 1 2 4 8 16 32 64
301 164 263 0  99 1 7 1 2 4 8 16 32 64
302 186 704 0  73 1 7 1 2 4 8 16 32 64
303 598 505 0  21 1 7 1 2 4 8 16 32 64
304 606  31 0   6 1 7 1 2 4 8 16 32 64
305 287 639 0  19 1 7 1 2 4 8 16 32 64
306  65  22 0  33 1 7 1 2 4 8 16 32 64
307 161 538 0   5 1 7 1 2 4 8 16 32 64
308  53 785 0  98 1 7 1 2 4 8 16 32 64
309 131 849 0  22 1 7 1 2 4 8 16 32 64
310 971 549 0  61 1 7 1 2 4 8 16 32 64
311 530 716 0  66 1 7 1 2 4 8 16 32 64
312 807 985 0  92 1 7 1 2 4 8 16 32 64
313 287 705 0   2 1 7 1 2 4 8 16 32 64
314 295   9 0  30 1 7 1 2 4 8 16 32 64
315 615 145 0  37 1 7 1 2 4 8 16 32 64
316 609  18 0  97 1 7 1 2 4 8 16 32 64
317 502 625 0  46 1 7 1 2 4 8 16 32 64
318 699  59 0  49 1 7 1 2 4 8 16 32 64
319 760   0 0  25 1 7 1 2 4 8 16 32 64
320 349 440 0  68 1 7 1 2 4 8 16 32 64
321  64 777 0  38 1 7 1 2 4 8 16 32 64
322 314 597 0  99 1 7 1 2 4 8 16 32 64
323 179 990 0  85 1 7 1 2 4 8 16 32 64
324 574 826 0  90 1 7 1 2 4 8 16 32 64
325 561 536 0  30 1 7 1 2 4 8 16 32 64
326 401 526 0  15 1 7 1 2 4 8 16 32 64
327 989 596 0  85 1 7 1 2 4 8 16 32 64
328 103 614 0  13 1 7 1 2 4 8 16 32 64
329 306 535 0  58 1 7 1 2 4 8 16 32 64
330 719 948 0  53 1 7 1 2 4 8 16 32 64
331 672 929 0  37 1 7 1 2 4 8 16 32 64
332 495 208 0  66 1 7 1 2 4 8 16 32 64
333   8 769 0  78 1 7 1 2 4 8 16 32 64
334 721 424 0  94 1 7 1 2 4 8 16 32 64
335  38 360 0  18 1 7 1 2 4 8 16 32 64
336 898 402 0  38 1 7 1 2 4 8 16 32 64
337 458 939 0 100 1 7 1 2 4 8 16 32 64
338 885 715 0  87 1 7 1 2 4 8 16 32 64
339 687 478 0  50 1 7 1 2 4 8 16 32 64
340 387 158 0  91 1 7 1 2 4 8 16 32 64
341 372 902 0  77 1 7 1 2 4 8 16 32 64
342 605 114 0  85 1 7 1 2 4 8 16 32 64
343  96 430 0   1 1 7 1 2 4 8 16 32 64
344 723 978 0  24 1 7 1 2 4 8 16 32 64
345 275 560 0   9 1 7 1 2 4 8 16 32 64
346 913 806 0  58 1 7 1 2 4 8 16 32 64
347 615  29 0  11 1 7 1 2 4 8 16 32 64
348 596 278 0  42 1 7 1 2 4 8 16 32 64
349 964 404 0   8 1 7 1 2 4 8 16 32 64
350 944 500 0  18 1 7 1 2 4 8 16 32 64
351  54   7 0  26 1 7 1 2 4 8 16 32 64
352 255 568 0   5 1 7 1 2 4 8 16 32 64
353 252 210 0  86 1 7 1 2 4 8 16 32 64
354 526 762 0  22 1 7 1 2 4 8 16 32 64
355 319 947 0  25 1 7 1 2 4 8 16 32 64
356 905 499 0  72 1 7 1 2 4 8 16 32 64
357  43  20 0  33 1 7 1 2 4 8 16 32 64
358 116  59 0  65 1 7 1 2 4 8 16 32 64
359 426 598 0  43 1 7 1 2 4 8 16 32 64
360 714 650 0  30 1 7 1 2 4 8 16 32 64
361 431 911 0  59 1 7 1 2 4 8 16 32 64
362 361 388 0  51 1 7 1 2 4 8 16 32 64
363 259 989 0  37 1 7 1 2 4 8 16 32 64
364   3 673 0  87 1 7 1 2 4 8 16 32 64
365 975 342 0  70 1 7 1 2 4 8 16 32 64
366 384  71 0  19 1 7 1 2 4 8 16 32 64
367 541   9 0  62 1 7 1 2 4 8 16 32 64
368 575 528 0  42 1 7 1 2 4 8 16 32 64
369 489 920 0   7 1 7 1 2 4 8 16 32 64
370 681 513 0  91 1 7 1 2 4 8 16 32 64
371 221 404 0  80 1 7 1 2 4 8 16 32 64
372 587 712 0  48 1 7 1 2 4 8 16 32 64
373 662 461 0  41 1 7 1 2 4 8 16 32 64
374 723 958 0  77 1 7 1 2 4 8 16 32 64
375 691 293 0  68 1 7 1 2 4 8 16 32 64
376 238 981 0  81 1 7 1 2 4 8 16 32 64
377  22 432 0   5 1 7 1 2 4 8 16 32 64
378 360 564 0  45 1 7 1 2 4 8 16 32 64
379 801 559 0  52 1 7 1 2 4 8 16 32 64
380 377 622 0  43 1 7 1 2 4 8 16 32 64
381 659 967 0  12 1 7 1 2 4 8 16 32 64
382 887 355 0  30 1 7 1 2 4 8 16 32 64
383 917 520 0  67 1 7 1 2 4 8 16 32 64
384  10 501 0  20 1 7 1 2 4 8 16 32 64
385 756 997 0  33 1 7 1 2 4 8 16 32 64
386  98 642 0  39 1 7 1 2 4 8 16 32 64
387 156 609 0  15 1 7 1 2 4 8 16 32 64
388  29 131 0  23 1 7 1 2 4 8 16 32 64
389 146 346 0  87 1 7 1 2 4 8 16 32 64
390 224 792 0  36 1 7 1 2 4 8 16 32 64
391 335 637 0   2 1 7 1 2 4 8 16 32 64
392 176 354 0  79 1 7 1 2 4 8 16 32 64
393 434 481 0  34 1 7 1 2 4 8 16 32 64
394 181 278 0  46 1 7 1 2 4 8 16 32 64
395 476 207 0 100 1 7 1 2 4 8 16 32 64
396 271 968 0  10 1 7 1 2 4 8 16 32 64
397  21  73 0  61 1 7 1 2 4 8 16 32 64
398 407 842 0  50 1 7 1 2 4 8 16 32 64
399 176 927 0  82 1 7 1 2 4 8 16 32 64
400 300 452 0  85 1 7 1 2 4 8 16 32 64
401  29 948 0  32 1 7 1 2 4 8 16 32 64
402 351 105 0  62 1 7 1 2 4 8 16 32 64
403  54 533 0  12 1 7 1 2 4 8 16 32 64
404  67 785 0  44 1 7 1 2 4 8 16 32 64
405  64 405 0  54 1 7 1 2 4 8 16 32 64
406  37 387 0  47 1 7 1 2 4 8 16 32 64
407 308 284 0  21 1 7 1 2 4 8 16 32 64
408  39 604 0  56 1 7 1 2 4 8 16 32 64
409 227 700 0  65 1 7 1 2 4 8 16 32 64
410 576 246 0  13 1 7 1 2 4 8 16 32 64
411 815 375 0  64 1 7 1 2 4 8 16 32 64
412 319 158 0  43 1 7 1 2 4 8 16 32 64
413 535 702 0  92 1 7 1 2 4 8 16 32 64
414 326 622 0   8 1 7 1 2 4 8 16 32 64
415 620 773 0  43 1 7 1 2 4 8 16 32 64
416 421 610 0  65 1 7 1 2 4 8 16 32 64
417 442 885 0  52 1 7 1 2 4 8 16 32 64
418 533  15 0  72 1 7 1 2 4 8 16 32 64
419 572 404 0  59 1 7 1 2 4 8 16 32 64
420 169 114 0  94 1 7 1 2 4 8 16 32 64
421  55 335 0  86 1 7 1 2 4 8 16 32 64
422 444 146 0  10 1 7 1 2 4 8 16 32 64
423 799 133 0  72 1 7 1 2 4 8 16 32 64
424 426 862 0  47 1 7 1 2 4 8 16 32 64
425 418 980 0  58 1 7 1 2 4 8 16 32 64
426 709 124 0  35 1 7 1 2 4 8 16 32 64
427 637   6 0  42 1 7 1 2 4 8 16 32 64
428  68 517 0  80 1 7 1 2 4 8 16 32 64
429 561  73 0  64 1 7 1 2 4 8 16 32 64
430 833 864 0   2 1 7 1 2 4 8 16 32 64
431 771 532 0  35 1 7 1 2 4 8 16 32 64
432 232 825 0  68 1 7 1 2 4 8 16 32 64
433 257 636 0  35 1 7 1 2 4 8 16 32 64
434 204 251 0  91 1 7 1 2 4 8 16 32 64
435 135 267 0  44 1 7 1 2 4 8 16 32 64
436  43 340 0  69 1 7 1 2 4 8 16 32 64
437 794 463 0  43 1 7 1 2 4 8 16 32 64
438 928 303 0  70 1 7 1 2 4 8 16 32 64
439 997 118 0  81 1 7 1 2 4 8 16 32 64
440 196 613 0  42 1 7 1 2 4 8 16 32 64
441 949 463 0  99 1 7 1 2 4 8 16 32 64
442 158 270 0  75 1 7 1 2 4 8 16 32 64
443 562 879 0   7 1 7 1 2 4 8 16 32 64
444 200 880 0  52 1 7 1 2 4 8 16 32 64
445 453 960 0  57 1 7 1 2 4 8 16 32 64
446 965 690 0  23 1 7 1 2 4 8 16 32 64
447 530 511 0  95 1 7 1 2 4 8 16 32 64
448 840 781 0  93 1 7 1 2 4 8 16 32 64
449 823 352 0  97 1 7 1 2 4 8 16 32 64
450 697 171 0   9 1 7 1 2 4 8 16 32 64
451 512 786 0  20 1 7 1 2 4 8 16 32 64
452 828 227 0  14 1 7 1 2 4 8 16 32 64
453 498 669 0  94 1 7 1 2 4 8 16 32 64
454 790 992 0  47 1 7 1 2 4 8 16 32 64
455 618 837 0  36 1 7 1 2 4 8 16 32 64
456 923 732 0  75 1 7 1 2 4 8 16 32 64
457 640  56 0  33 1 7 1 2 4 8 16 32 64
458 479 766 0   4 1 7 1 2 4 8 16 32 64
459  13 996 0  52 1 7 1 2 4 8 16 32 64
460 117 151 0  71 1 7 1 2 4 8 16 32 64
461 335 825 0   5 1 7 1 2 4 8 16 32 64
462 367 861 0  97 1 7 1 2 4 8 16 32 64
463 334 604 0  35 1 7 1 2 4 8 16 32 64
464 468 889 0  48 1 7 1 2 4 8 16 32 64
465 444 162 0  18 1 7 1 2 4 8 16 32 64
466 753 330 0   4 1 7 1 2 4 8 16 32 64
467 628 730 0  13 1 7 1 2 4 8 16 32 64
468 226 466 0  12 1 7 1 2 4 8 16 32 64
469 774 129 0  36 1 7 1 2 4 8 16 32 64
470 382 478 0  72 1 7 1 2 4 8 16 32 64
471 819  23 0  60 1 7 1 2 4 8 16 32 64
472 191 667 0  94 1 7 1 2 4 8 16 32 64
473 448 149 0  79 1 7 1 2 4 8 16 32 64
474 575 297 0  68 1 7 1 2 4 8 16 32 64
475 592 402 0  32 1 7 1 2 4 8 16 32 64
476 975 998 0  30 1 7 1 2 4 8 16 32 64
477 731 316 0   8 1 7 1 2 4 8 16 32 64
478 927 414 0   3 1 7 1 2 4 8 16 32 64
479 565 186 0  69 1 7 1 2 4 8 16 32 64
480 737 709 0  94 1 7 1 2 4 8 16 32 64
481 201 661 0  68 1 7 1 2 4 8 16 32 64
482 942 174 0  24 1 7 1 2 4 8 16 32 64
483 587 838 0  95 1 7 1 2 4 8 16 32 64
484 334 631 0  85 1 7 1 2 4 8 16 32 64
485 122   6 0  92 1 7 1 2 4 8 16 32 64
486 705 675 0  78 1 7 1 2 4 8 16 32 64
487 924   6 0  94 1 7 1 2 4 8 16 32 64
488 194 445 0  17 1 7 1 2 4 8 16 32 64
489 404 376 0  39 1 7 1 2 4 8 16 32 64
490  76 963 0  72 1 7 1 2 4 8 16 32 64
491 781 576 0  32 1 7 1 2 4 8 16 32 64
492 352 192 0  49 1 7 1 2 4 8 16 32 64
493 787  54 0  40 1 7 1 2 4 8 16 32 64
494 171  53 0  45 1 7 1 2 4 8 16 32 64
495 579 368 0  31 1 7 1 2 4 8 16 32 64
496 822 808 0  40 1 7 1 2 4 8 16 32 64
497 771 376 0  46 1 7 1 2 4 8 16 32 64
498 318 794 0  28 1 7 1 2 4 8 16 32 64
499 897 346 0  11 1 7 1 2 4 8 16 32 64
500 344 349 0  22 1 7 1 2 4 8 16 32 64
501 801 966 0  54 1 7 1 2 4 8 16 32 64
502 125 392 0  69 1 7 1 2 4 8 16 32 64
503 605 529 0   9 1 7 1 2 4 8 16 32 64
504 124 988 0  41 1 7 1 2 4 8 16 32 64
505 886 955 0  45 1 7 1 2 4 8 16 32 64
506 169 796 0  93 1 7 1 2 4 8 16 32 64
507  10 967 0  71 1 7 1 2 4 8 16 32 64
508 711 915 0  64 1 7 1 2 4 8 16 32 64
509 564 513 0  85 1 7 1 2 4 8 16 32 64
510 549 818 0   5 1 7 1 2 4 8 16 32 64
511 655 553 0   6 1 7 1 2 4 8 16 32 64
512 994 725 0  13 1 7 1 2 4 8 16 32 64
513  76 751 0  14 1 7 1 2 4 8 16 32 64
514 253 472 0  15 1 7 1 2 4 8 16 32 64
515 263 744 0  67 1 7 1 2 4 8 16 32 64
516 436 557 0  52 1 7 1 2 4 8 16 32 64
517 318 235 0  95 1 7 1 2 4 8 16 32 64
518 866 760 0  94 1 7 1 2 4 8 16 32 64
519 909 153 0  39 1 7 1 2 4 8 16 32 64
520  57 940 0  97 1 7 1 2 4 8 16 32 64
521 565 183 0  80 1 7 1 2 4 8 16 32 64
522 358 155 0  75 1 7 1 2 4 8 16 32 64
523  18 556 0  64 1 7 1 2 4 8 16 32 64
524 772 284 0  89 1 7 1 2 4 8 16 32 64
525 979 781 0  56 1 7 1 2 4 8 16 32 64
526 976 610 0  74 1 7 1 2 4 8 16 32 64
527 575 458 0  73 1 7 1 2 4 8 16 32 64
528 218  48 0  71 1 7 1 2 4 8 16 32 64
529 623 180 0  70 1 7 1 2 4 8 16 32 64
530 727 435 0  98 1 7 1 2 4 8 16 32 64
531 343 877 0  59 1 7 1 2 4 8 16 32 64
532 610 794 0  86 1 7 1 2 4 8 16 32 64
533 534  32 0  44 1 7 1 2 4 8 16 32 64
534 997 243 0  13 1 7 1 2 4 8 16 32 64
535 142   8 0  13 1 7 1 2 4 8 16 32 64
536 375 955 0  82 1 7 1 2 4 8 16 32 64
537 563 623 0  79 1 7 1 2 4 8 16 32 64
538 852 308 0  21 1 7 1 2 4 8 16 32 64
539 128 533 0  34 1 7 1 2 4 8 16 32 64
540 800  38 0  67 1 7 1 2 4 8 16 32 64
541 899 841 0   0 0 0
542 865 192 0   0 0 0
543 745 299 0   0 0 0
544 904 109 0   0 0 0
545 968 916 0   0 0 0
546 971 181 0   0 0 0
547 557 732 0   0 0 0
