2 140 692 5
0 240
0 240
0 240
0 240
0 240
  1  690   59 0  22 1 5 1 2 4 8 16
  2  129  606 0  61 1 5 1 2 4 8 16
  3  811  249 0  46 1 5 1 2 4 8 16
  4  336  433 0  21 1 5 1 2 4 8 16
  5  830  811 0  84 1 5 1 2 4 8 16
  6  521  104 0  29 1 5 1 2 4 8 16
  7  584  640 0  40 1 5 1 2 4 8 16
  8  836  122 0  59 1 5 1 2 4 8 16
  9  178  400 0  98 1 5 1 2 4 8 16
 10  168  641 0  53 1 5 1 2 4 8 16
 11  386  355 0  40 1 5 1 2 4 8 16
 12  491  535 0  35 1 5 1 2 4 8 16
 13  646  585 0  93 1 5 1 2 4 8 16
 14  314  110 0  78 1 5 1 2 4 8 16
 15  727  266 0   7 1 5 1 2 4 8 16
 16  274  980 0  16 1 5 1 2 4 8 16
 17  346  631 0  45 1 5 1 2 4 8 16
 18  248  589 0  18 1 5 1 2 4 8 16
 19  334  105 0  19 1 5 1 2 4 8 16
 20  355  532 0   1 1 5 1 2 4 8 16
 21  656  318 0  55 1 5 1 2 4 8 16
 22  579   54 0   9 1 5 1 2 4 8 16
 23  239  243 0  38 1 5 1 2 4 8 16
 24  148  248 0  82 1 5 1 2 4 8 16
 25  202  399 0  56 1 5 1 2 4 8 16
 26  744  900 0  66 1 5 1 2 4 8 16
 27   48  130 0  20 1 5 1 2 4 8 16
 28  377  329 0  17 1 5 1 2 4 8 16
 29  485  130 0  66 1 5 1 2 4 8 16
 30  478   71 0   2 1 5 1 2 4 8 16
 31  750  787 0  28 1 5 1 2 4 8 16
 32  144    1 0  28 1 5 1 2 4 8 16
 33  345  764 0   2 1 5 1 2 4 8 16
 34  621  380 0  86 1 5 1 2 4 8 16
 35  613   26 0  81 1 5 1 2 4 8 16
 36  136  610 0  56 1 5 1 2 4 8 16
 37  442  701 0  26 1 5 1 2 4 8 16
 38  263  188 0  77 1 5 1 2 4 8 16
 39  975  867 0  26 1 5 1 2 4 8 16
 40  175  779 0  26 1 5 1 2 4 8 16
 41  148  518 0  16 1 5 1 2 4 8 16
 42  273  849 0  40 1 5 1 2 4 8 16
 43  517  261 0  82 1 5 1 2 4 8 16
 44  408  578 0  57 1 5 1 2 4 8 16
 45  598  961 0   4 1 5 1 2 4 8 16
 46  968  628 0  67 1 5 1 2 4 8 16
 47  675  301 0  52 1 5 1 2 4 8 16
 48  864  143 0  87 1 5 1 2 4 8 16
 49   19  817 0  22 1 5 1 2 4 8 16
 50  300  966 0  62 1 5 1 2 4 8 16
 51  563  323 0  55 1 5 1 2 4 8 16
 52  847  696 0  83 1 5 1 2 4 8 16
 53  872  803 0  86 1 5 1 2 4 8 16
 54  480  674 0  75 1 5 1 2 4 8 16
 55  482  356 0  23 1 5 1 2 4 8 16
 56  532  265 0  17 1 5 1 2 4 8 16
 57  510  547 0  82 1 5 1 2 4 8 16
 58  755  174 0  37 1 5 1 2 4 8 16
 59  941  546 0  85 1 5 1 2 4 8 16
 60  648  427 0  63 1 5 1 2 4 8 16
 61  157  116 0  83 1 5 1 2 4 8 16
 62  197  711 0  85 1 5 1 2 4 8 16
 63  866  200 0  14 1 5 1 2 4 8 16
 64    0  881 0  95 1 5 1 2 4 8 16
 65  269  858 0  65 1 5 1 2 4 8 16
 66  512  803 0  78 1 5 1 2 4 8 16
 67   38  445 0  69 1 5 1 2 4 8 16
 68  127  860 0  73 1 5 1 2 4 8 16
 69  614  584 0  91 1 5 1 2 4 8 16
 70  996  653 0  14 1 5 1 2 4 8 16
 71  583  844 0  45 1 5 1 2 4 8 16
 72  606  177 0  13 1 5 1 2 4 8 16
 73  575  909 0  11 1 5 1 2 4 8 16
 74   31  496 0  63 1 5 1 2 4 8 16
 75  999  455 0  42 1 5 1 2 4 8 16
 76  561  345 0  80 1 5 1 2 4 8 16
 77  219  280 0  38 1 5 1 2 4 8 16
 78  257  312 0  94 1 5 1 2 4 8 16
 79  687  765 0  53 1 5 1 2 4 8 16
 80  294  331 0  28 1 5 1 2 4 8 16
 81  127  287 0  30 1 5 1 2 4 8 16
 82  428  195 0  59 1 5 1 2 4 8 16
 83   13  201 0  42 1 5 1 2 4 8 16
 84  361  315 0 100 1 5 1 2 4 8 16
 85  562  840 0  52 1 5 1 2 4 8 16
 86  354  985 0  27 1 5 1 2 4 8 16
 87  322  871 0   3 1 5 1 2 4 8 16
 88  471   63 0  65 1 5 1 2 4 8 16
 89  884  875 0  96 1 5 1 2 4 8 16
 90  530   67 0  13 1 5 1 2 4 8 16
 91  710   40 0   4 1 5 1 2 4 8 16
 92  136  301 0  67 1 5 1 2 4 8 16
 93  876  847 0  59 1 5 1 2 4 8 16
 94  774  387 0  46 1 5 1 2 4 8 16
 95  896  963 0  50 1 5 1 2 4 8 16
 96  742  196 0  86 1 5 1 2 4 8 16
 97  980  804 0   6 1 5 1 2 4 8 16
 98  954  998 0  25 1 5 1 2 4 8 16
 99  746  198 0  64 1 5 1 2 4 8 16
100  682  297 0  28 1 5 1 2 4 8 16
101  267   23 0  33 1 5 1 2 4 8 16
102  496  729 0  83 1 5 1 2 4 8 16
103  391  603 0  46 1 5 1 2 4 8 16
104  873   55 0  57 1 5 1 2 4 8 16
105  319  196 0  81 1 5 1 2 4 8 16
106  952  237 0  64 1 5 1 2 4 8 16
107  744  248 0  87 1 5 1 2 4 8 16
108  906  827 0  86 1 5 1 2 4 8 16
109  426  400 0  57 1 5 1 2 4 8 16
110  387  896 0  53 1 5 1 2 4 8 16
111  892  489 0   3 1 5 1 2 4 8 16
112  629  388 0  18 1 5 1 2 4 8 16
113  971  486 0  51 1 5 1 2 4 8 16
114  985  511 0  22 1 5 1 2 4 8 16
115  116   48 0  52 1 5 1 2 4 8 16
116  449  980 0   4 1 5 1 2 4 8 16
117   46  703 0  84 1 5 1 2 4 8 16
118  864  603 0  26 1 5 1 2 4 8 16
119  544  586 0  90 1 5 1 2 4 8 16
120  875  337 0  38 1 5 1 2 4 8 16
121  670  727 0  41 1 5 1 2 4 8 16
122  907  828 0  48 1 5 1 2 4 8 16
123  795 1000 0  92 1 5 1 2 4 8 16
124  739  245 0   7 1 5 1 2 4 8 16
125  294  239 0  61 1 5 1 2 4 8 16
126  425  999 0   9 1 5 1 2 4 8 16
127  882  434 0  73 1 5 1 2 4 8 16
128  135  408 0  25 1 5 1 2 4 8 16
129  817  995 0  78 1 5 1 2 4 8 16
130  157  193 0  37 1 5 1 2 4 8 16
131  363  800 0  78 1 5 1 2 4 8 16
132  846  887 0  94 1 5 1 2 4 8 16
133  491  120 0  11 1 5 1 2 4 8 16
134  155  485 0  20 1 5 1 2 4 8 16
135   51   93 0  46 1 5 1 2 4 8 16
136  617  815 0  80 1 5 1 2 4 8 16
137  406  790 0  88 1 5 1 2 4 8 16
138  315  183 0  55 1 5 1 2 4 8 16
139  522  432 0  94 1 5 1 2 4 8 16
140  364  141 0  54 1 5 1 2 4 8 16
141  529  194 0  84 1 5 1 2 4 8 16
142  524  280 0   9 1 5 1 2 4 8 16
143  893  454 0  32 1 5 1 2 4 8 16
144  947  544 0  60 1 5 1 2 4 8 16
145  460  567 0  76 1 5 1 2 4 8 16
146  893  456 0  51 1 5 1 2 4 8 16
147  305  895 0  20 1 5 1 2 4 8 16
148  294  722 0   7 1 5 1 2 4 8 16
149  375  206 0  40 1 5 1 2 4 8 16
150  770   63 0  20 1 5 1 2 4 8 16
151 1000  754 0  35 1 5 1 2 4 8 16
152  892  957 0  77 1 5 1 2 4 8 16
153  413  712 0  20 1 5 1 2 4 8 16
154    7  343 0  84 1 5 1 2 4 8 16
155  236  952 0  13 1 5 1 2 4 8 16
156  863  213 0  22 1 5 1 2 4 8 16
157  394  812 0  40 1 5 1 2 4 8 16
158  681   43 0  39 1 5 1 2 4 8 16
159  339  151 0  86 1 5 1 2 4 8 16
160  175  331 0  11 1 5 1 2 4 8 16
161   65  523 0  42 1 5 1 2 4 8 16
162  455  777 0 100 1 5 1 2 4 8 16
163  118  935 0  91 1 5 1 2 4 8 16
164  397  475 0  29 1 5 1 2 4 8 16
165  654  746 0  62 1 5 1 2 4 8 16
166  397  859 0  15 1 5 1 2 4 8 16
167  251  306 0  71 1 5 1 2 4 8 16
168  987  150 0  46 1 5 1 2 4 8 16
169  922  334 0  20 1 5 1 2 4 8 16
170  475  623 0   5 1 5 1 2 4 8 16
171  185  286 0  49 1 5 1 2 4 8 16
172  847  542 0  96 1 5 1 2 4 8 16
173   49    3 0  33 1 5 1 2 4 8 16
174  206  888 0  27 1 5 1 2 4 8 16
175  896  996 0  98 1 5 1 2 4 8 16
176  848  712 0  48 1 5 1 2 4 8 16
177  719   92 0  44 1 5 1 2 4 8 16
178  821  432 0  37 1 5 1 2 4 8 16
179   10  750 0  99 1 5 1 2 4 8 16
180  408   41 0  64 1 5 1 2 4 8 16
181  221  345 0   4 1 5 1 2 4 8 16
182  134  311 0  85 1 5 1 2 4 8 16
183   46  166 0  64 1 5 1 2 4 8 16
184  548  534 0  56 1 5 1 2 4 8 16
185  304  886 0  73 1 5 1 2 4 8 16
186  527  630 0  64 1 5 1 2 4 8 16
187  208  844 0  99 1 5 1 2 4 8 16
188  992  170 0  66 1 5 1 2 4 8 16
189  888   36 0  14 1 5 1 2 4 8 16
190  417  735 0  78 1 5 1 2 4 8 16
191  257  272 0  79 1 5 1 2 4 8 16
192  639  730 0  65 1 5 1 2 4 8 16
193  752  275 0  87 1 5 1 2 4 8 16
194  735  681 0  64 1 5 1 2 4 8 16
195  392  977 0  86 1 5 1 2 4 8 16
196  444  264 0  86 1 5 1 2 4 8 16
197  586  480 0  48 1 5 1 2 4 8 16
198  418  273 0  45 1 5 1 2 4 8 16
199  770   44 0  96 1 5 1 2 4 8 16
200  152  527 0  15 1 5 1 2 4 8 16
201  849   30 0  47 1 5 1 2 4 8 16
202  133  387 0  56 1 5 1 2 4 8 16
203  404  758 0  21 1 5 1 2 4 8 16
204  582  103 0  99 1 5 1 2 4 8 16
205   78  217 0  18 1 5 1 2 4 8 16
206  104  317 0   4 1 5 1 2 4 8 16
207  268  396 0  15 1 5 1 2 4 8 16
208  723  728 0  59 1 5 1 2 4 8 16
209  560  849 0  16 1 5 1 2 4 8 16
210  838  154 0   4 1 5 1 2 4 8 16
211  154  809 0  75 1 5 1 2 4 8 16
212  687  558 0  16 1 5 1 2 4 8 16
213  980  759 0  63 1 5 1 2 4 8 16
214  310   27 0  46 1 5 1 2 4 8 16
215   14  277 0   3 1 5 1 2 4 8 16
216  321  402 0  22 1 5 1 2 4 8 16
217  553  615 0  27 1 5 1 2 4 8 16
218  782  354 0  90 1 5 1 2 4 8 16
219  244   18 0   1 1 5 1 2 4 8 16
220  445  980 0  91 1 5 1 2 4 8 16
221  477   17 0   5 1 5 1 2 4 8 16
222  798  907 0  52 1 5 1 2 4 8 16
223  313  198 0  73 1 5 1 2 4 8 16
224  341  964 0   1 1 5 1 2 4 8 16
225  770  256 0  43 1 5 1 2 4 8 16
226   86  615 0  79 1 5 1 2 4 8 16
227  882  526 0  56 1 5 1 2 4 8 16
228  469  509 0  14 1 5 1 2 4 8 16
229  367  513 0  77 1 5 1 2 4 8 16
230  511  867 0   8 1 5 1 2 4 8 16
231  631  880 0  42 1 5 1 2 4 8 16
232  555  428 0  40 1 5 1 2 4 8 16
233  479  194 0   4 1 5 1 2 4 8 16
234  231  609 0  61 1 5 1 2 4 8 16
235  328  931 0  60 1 5 1 2 4 8 16
236  816  828 0  54 1 5 1 2 4 8 16
237  613  389 0  54 1 5 1 2 4 8 16
238  654  335 0  52 1 5 1 2 4 8 16
239  102  734 0  43 1 5 1 2 4 8 16
240  698  692 0   8 1 5 1 2 4 8 16
241  420  352 0  41 1 5 1 2 4 8 16
242  788  107 0  11 1 5 1 2 4 8 16
243  476  166 0  21 1 5 1 2 4 8 16
244  894  753 0  24 1 5 1 2 4 8 16
245  109  252 0  56 1 5 1 2 4 8 16
246  405   31 0  92 1 5 1 2 4 8 16
247  424  794 0  94 1 5 1 2 4 8 16
248  209  744 0  68 1 5 1 2 4 8 16
249  429  439 0  37 1 5 1 2 4 8 16
250  477  703 0  61 1 5 1 2 4 8 16
251  586  619 0  94 1 5 1 2 4 8 16
252  419  237 0  61 1 5 1 2 4 8 16
253  933  854 0  61 1 5 1 2 4 8 16
254  297   19 0  15 1 5 1 2 4 8 16
255   19  505 0  37 1 5 1 2 4 8 16
256  750  742 0  60 1 5 1 2 4 8 16
257  561  368 0  93 1 5 1 2 4 8 16
258  356  513 0  70 1 5 1 2 4 8 16
259  912  561 0   3 1 5 1 2 4 8 16
260  122  349 0  98 1 5 1 2 4 8 16
261  864   95 0  14 1 5 1 2 4 8 16
262   94   72 0  52 1 5 1 2 4 8 16
263  131  616 0  86 1 5 1 2 4 8 16
264  384  202 0  58 1 5 1 2 4 8 16
265  150  373 0  48 1 5 1 2 4 8 16
266  527  249 0  95 1 5 1 2 4 8 16
267  231  577 0   6 1 5 1 2 4 8 16
268  237  751 0  44 1 5 1 2 4 8 16
269  519  388 0  74 1 5 1 2 4 8 16
270  122  117 0  87 1 5 1 2 4 8 16
271  584   46 0  80 1 5 1 2 4 8 16
272  403  431 0  78 1 5 1 2 4 8 16
273  787  933 0  77 1 5 1 2 4 8 16
274  380  477 0   9 1 5 1 2 4 8 16
275  890  818 0   3 1 5 1 2 4 8 16
276  575  819 0  60 1 5 1 2 4 8 16
277  479  182 0  92 1 5 1 2 4 8 16
278  122  615 0  60 1 5 1 2 4 8 16
279   84  179 0  10 1 5 1 2 4 8 16
280  761  929 0  35 1 5 1 2 4 8 16
281  453  792 0  96 1 5 1 2 4 8 16
282  545  790 0  58 1 5 1 2 4 8 16
283  153  339 0  22 1 5 1 2 4 8 16
284  849  566 0  55 1 5 1 2 4 8 16
285  519  781 0  44 1 5 1 2 4 8 16
286  696  386 0   6 1 5 1 2 4 8 16
287  935  812 0  29 1 5 1 2 4 8 16
288  967  223 0 100 1 5 1 2 4 8 16
289   29  230 0  59 1 5 1 2 4 8 16
290  150  525 0  77 1 5 1 2 4 8 16
291  160  898 0  10 1 5 1 2 4 8 16
292   34  835 0   2 1 5 1 2 4 8 16
293  114  506 0  88 1 5 1 2 4 8 16
294  699  590 0  13 1 5 1 2 4 8 16
295  586   58 0  11 1 5 1 2 4 8 16
296  287  839 0  27 1 5 1 2 4 8 16
297  131  221 0  50 1 5 1 2 4 8 16
298  512  967 0  71 1 5 1 2 4 8 16
299   58  918 0  79 1 5 1 2 4 8 16
300  368  786 0  14 1 5 1 2 4 8 16
301  147  795 0  36 1 5 1 2 4 8 16
302  339  926 0  38 1 5 1 2 4 8 16
303  728  580 0  58 1 5 1 2 4 8 16
304  562  536 0  38 1 5 1 2 4 8 16
305  892  714 0  50 1 5 1 2 4 8 16
306  295  428 0  60 1 5 1 2 4 8 16
307  501  496 0  99 1 5 1 2 4 8 16
308  274    6 0  54 1 5 1 2 4 8 16
309  590  738 0  11 1 5 1 2 4 8 16
310  943  899 0  58 1 5 1 2 4 8 16
311  355   22 0  59 1 5 1 2 4 8 16
312   11  744 0  92 1 5 1 2 4 8 16
313  445  789 0  66 1 5 1 2 4 8 16
314  857  837 0  31 1 5 1 2 4 8 16
315  945  381 0  57 1 5 1 2 4 8 16
316   71  936 0  15 1 5 1 2 4 8 16
317  665  643 0  36 1 5 1 2 4 8 16
318  972  419 0  49 1 5 1 2 4 8 16
319  512  548 0   9 1 5 1 2 4 8 16
320  265  730 0  57 1 5 1 2 4 8 16
321  334  874 0  24 1 5 1 2 4 8 16
322   47  508 0  38 1 5 1 2 4 8 16
323  156  679 0  35 1 5 1 2 4 8 16
324  373  437 0   9 1 5 1 2 4 8 16
325  356   32 0  75 1 5 1 2 4 8 16
326  770  601 0  39 1 5 1 2 4 8 16
327  850  964 0  78 1 5 1 2 4 8 16
328  949  570 0  38 1 5 1 2 4 8 16
329  357  388 0  27 1 5 1 2 4 8 16
330  277  244 0  91 1 5 1 2 4 8 16
331  774  485 0  39 1 5 1 2 4 8 16
332  952  313 0  29 1 5 1 2 4 8 16
333  777  707 0  71 1 5 1 2 4 8 16
334  468  367 0  19 1 5 1 2 4 8 16
335  300  488 0  63 1 5 1 2 4 8 16
336  792  581 0  76 1 5 1 2 4 8 16
337  570  546 0  55 1 5 1 2 4 8 16
338  667   68 0  12 1 5 1 2 4 8 16
339  523   22 0  76 1 5 1 2 4 8 16
340  281  744 0  39 1 5 1 2 4 8 16
341  155  765 0  80 1 5 1 2 4 8 16
342  627  724 0  17 1 5 1 2 4 8 16
343  948  363 0  66 1 5 1 2 4 8 16
344   27  608 0  73 1 5 1 2 4 8 16
345  527  593 0  25 1 5 1 2 4 8 16
346  528  782 0  62 1 5 1 2 4 8 16
347  382  121 0  73 1 5 1 2 4 8 16
348  374  104 0  94 1 5 1 2 4 8 16
349  300  613 0  73 1 5 1 2 4 8 16
350  689  537 0  89 1 5 1 2 4 8 16
351  113  283 0  58 1 5 1 2 4 8 16
352  598   85 0  44 1 5 1 2 4 8 16
353  815  620 0  74 1 5 1 2 4 8 16
354  923  358 0  40 1 5 1 2 4 8 16
355  348   62 0  73 1 5 1 2 4 8 16
356  979  136 0  13 1 5 1 2 4 8 16
357  417  711 0  27 1 5 1 2 4 8 16
358  343  772 0  62 1 5 1 2 4 8 16
359  366  905 0  68 1 5 1 2 4 8 16
360  171  209 0   8 1 5 1 2 4 8 16
361  886  164 0  15 1 5 1 2 4 8 16
362  164  326 0  29 1 5 1 2 4 8 16
363  790   21 0  49 1 5 1 2 4 8 16
364  362  565 0  33 1 5 1 2 4 8 16
365  712  225 0  97 1 5 1 2 4 8 16
366  825   49 0  86 1 5 1 2 4 8 16
367  943  861 0  91 1 5 1 2 4 8 16
368  963  423 0  46 1 5 1 2 4 8 16
369  398  565 0  70 1 5 1 2 4 8 16
370   63  905 0 100 1 5 1 2 4 8 16
371  945  344 0  89 1 5 1 2 4 8 16
372  417  172 0  96 1 5 1 2 4 8 16
373  770  322 0  96 1 5 1 2 4 8 16
374  446  463 0  80 1 5 1 2 4 8 16
375  150  796 0  13 1 5 1 2 4 8 16
376  422  595 0  64 1 5 1 2 4 8 16
377  448  336 0  19 1 5 1 2 4 8 16
378  125  121 0  41 1 5 1 2 4 8 16
379  514    6 0  74 1 5 1 2 4 8 16
380  193  751 0  26 1 5 1 2 4 8 16
381  535  905 0  89 1 5 1 2 4 8 16
382   17  877 0  15 1 5 1 2 4 8 16
383  368  485 0  58 1 5 1 2 4 8 16
384  501  277 0  95 1 5 1 2 4 8 16
385  656  592 0   8 1 5 1 2 4 8 16
386  372  266 0  91 1 5 1 2 4 8 16
387  318  411 0  28 1 5 1 2 4 8 16
388  845  361 0  28 1 5 1 2 4 8 16
389   78  935 0  44 1 5 1 2 4 8 16
390  569   75 0  53 1 5 1 2 4 8 16
391  276  574 0   6 1 5 1 2 4 8 16
392  494  236 0  17 1 5 1 2 4 8 16
393  990  837 0  32 1 5 1 2 4 8 16
394  719  730 0  25 1 5 1 2 4 8 16
395  512  341 0  51 1 5 1 2 4 8 16
396   67  353 0   5 1 5 1 2 4 8 16
397  169  399 0  19 1 5 1 2 4 8 16
398  845  984 0  34 1 5 1 2 4 8 16
399  529   41 0  11 1 5 1 2 4 8 16
400  197  484 0  11 1 5 1 2 4 8 16
401  331  840 0  24 1 5 1 2 4 8 16
402  890   46 0  77 1 5 1 2 4 8 16
403  438  650 0  54 1 5 1 2 4 8 16
404   65  474 0  23 1 5 1 2 4 8 16
405  399  539 0  81 1 5 1 2 4 8 16
406  388  362 0   4 1 5 1 2 4 8 16
407  634  878 0  24 1 5 1 2 4 8 16
408  818  512 0  59 1 5 1 2 4 8 16
409  589  599 0  12 1 5 1 2 4 8 16
410  306  432 0  92 1 5 1 2 4 8 16
411  367  651 0  18 1 5 1 2 4 8 16
412  453   43 0  54 1 5 1 2 4 8 16
413  110  667 0  61 1 5 1 2 4 8 16
414  449  625 0  47 1 5 1 2 4 8 16
415  356   28 0  57 1 5 1 2 4 8 16
416  332  531 0  14 1 5 1 2 4 8 16
417   19  923 0  51 1 5 1 2 4 8 16
418  291  244 0  84 1 5 1 2 4 8 16
419   30  657 0  69 1 5 1 2 4 8 16
420  726  804 0  18 1 5 1 2 4 8 16
421  505  710 0   7 1 5 1 2 4 8 16
422  320   13 0  25 1 5 1 2 4 8 16
423  229   90 0  42 1 5 1 2 4 8 16
424  247   91 0  40 1 5 1 2 4 8 16
425  154  178 0  76 1 5 1 2 4 8 16
426  668  626 0  28 1 5 1 2 4 8 16
427  590  944 0 100 1 5 1 2 4 8 16
428  707   85 0  49 1 5 1 2 4 8 16
429  720  626 0  74 1 5 1 2 4 8 16
430  986  163 0  92 1 5 1 2 4 8 16
431  468  323 0  30 1 5 1 2 4 8 16
432  600  796 0  46 1 5 1 2 4 8 16
433  841  741 0  22 1 5 1 2 4 8 16
434  851  311 0  81 1 5 1 2 4 8 16
435  632  611 0  82 1 5 1 2 4 8 16
436  887  548 0  85 1 5 1 2 4 8 16
437  675  771 0  47 1 5 1 2 4 8 16
438  666  877 0  60 1 5 1 2 4 8 16
439  472  379 0  25 1 5 1 2 4 8 16
440  708  397 0  64 1 5 1 2 4 8 16
441  752   28 0  28 1 5 1 2 4 8 16
442  413  492 0  81 1 5 1 2 4 8 16
443  734  742 0  95 1 5 1 2 4 8 16
444  946 1000 0  18 1 5 1 2 4 8 16
445  592  309 0  91 1 5 1 2 4 8 16
446  626  290 0  94 1 5 1 2 4 8 16
447  658  676 0  54 1 5 1 2 4 8 16
448  330  258 0  44 1 5 1 2 4 8 16
449  500   73 0  95 1 5 1 2 4 8 16
450  849  818 0  26 1 5 1 2 4 8 16
451  789  509 0  17 1 5 1 2 4 8 16
452   72  237 0  66 1 5 1 2 4 8 16
453  337  629 0  25 1 5 1 2 4 8 16
454  795  616 0  18 1 5 1 2 4 8 16
455  347  173 0   8 1 5 1 2 4 8 16
456  339  698 0  40 1 5 1 2 4 8 16
457  708   95 0  75 1 5 1 2 4 8 16
458  728  286 0  20 1 5 1 2 4 8 16
459  926  614 0  76 1 5 1 2 4 8 16
460  388  802 0  14 1 5 1 2 4 8 16
461  290  954 0   1 1 5 1 2 4 8 16
462   89  723 0  26 1 5 1 2 4 8 16
463  987  440 0  16 1 5 1 2 4 8 16
464  205  955 0  83 1 5 1 2 4 8 16
465  549  443 0  85 1 5 1 2 4 8 16
466  317  349 0  97 1 5 1 2 4 8 16
467  913  426 0  79 1 5 1 2 4 8 16
468  528  611 0  20 1 5 1 2 4 8 16
469  792  206 0  72 1 5 1 2 4 8 16
470  598  586 0  67 1 5 1 2 4 8 16
471  353  176 0  55 1 5 1 2 4 8 16
472  986  760 0  28 1 5 1 2 4 8 16
473  166  307 0  21 1 5 1 2 4 8 16
474  716  371 0  29 1 5 1 2 4 8 16
475  553  379 0  47 1 5 1 2 4 8 16
476  646  619 0  24 1 5 1 2 4 8 16
477  351  204 0  48 1 5 1 2 4 8 16
478  630  121 0  33 1 5 1 2 4 8 16
479  960  858 0  66 1 5 1 2 4 8 16
480  275  388 0   7 1 5 1 2 4 8 16
481  888  987 0   5 1 5 1 2 4 8 16
482  477  690 0  10 1 5 1 2 4 8 16
483  340  136 0  15 1 5 1 2 4 8 16
484  543  566 0  99 1 5 1 2 4 8 16
485  521   35 0   8 1 5 1 2 4 8 16
486  968  204 0  87 1 5 1 2 4 8 16
487    9  722 0  29 1 5 1 2 4 8 16
488  271  736 0  45 1 5 1 2 4 8 16
489  266  534 0  92 1 5 1 2 4 8 16
490  665  331 0  96 1 5 1 2 4 8 16
491  730  855 0   8 1 5 1 2 4 8 16
492  904  728 0  45 1 5 1 2 4 8 16
493  537  302 0   3 1 5 1 2 4 8 16
494  347  312 0  57 1 5 1 2 4 8 16
495  443  130 0   4 1 5 1 2 4 8 16
496  599  514 0  73 1 5 1 2 4 8 16
497  897  776 0  25 1 5 1 2 4 8 16
498  833  554 0  17 1 5 1 2 4 8 16
499  657  483 0  18 1 5 1 2 4 8 16
500  244  219 0  86 1 5 1 2 4 8 16
501  774   86 0  37 1 5 1 2 4 8 16
502  136  882 0  89 1 5 1 2 4 8 16
503  724  868 0  59 1 5 1 2 4 8 16
504  222  609 0  88 1 5 1 2 4 8 16
505  193  860 0  58 1 5 1 2 4 8 16
506  982  550 0  28 1 5 1 2 4 8 16
507  149  935 0  91 1 5 1 2 4 8 16
508   88  754 0  76 1 5 1 2 4 8 16
509  845  401 0   9 1 5 1 2 4 8 16
510  453  684 0   3 1 5 1 2 4 8 16
511  201  153 0  33 1 5 1 2 4 8 16
512  809  983 0   8 1 5 1 2 4 8 16
513  695  601 0  53 1 5 1 2 4 8 16
514   64  483 0  12 1 5 1 2 4 8 16
515  380   19 0  80 1 5 1 2 4 8 16
516  607  196 0  12 1 5 1 2 4 8 16
517  878  776 0  90 1 5 1 2 4 8 16
518  123  612 0   5 1 5 1 2 4 8 16
519  843  885 0  13 1 5 1 2 4 8 16
520   63  955 0  18 1 5 1 2 4 8 16
521  165  978 0  29 1 5 1 2 4 8 16
522  268   95 0   1 1 5 1 2 4 8 16
523  433  319 0  74 1 5 1 2 4 8 16
524  843  899 0  72 1 5 1 2 4 8 16
525  681  133 0  73 1 5 1 2 4 8 16
526   57  736 0  41 1 5 1 2 4 8 16
527  242  651 0  41 1 5 1 2 4 8 16
528  428  136 0  60 1 5 1 2 4 8 16
529  627  969 0   3 1 5 1 2 4 8 16
530  136  439 0  75 1 5 1 2 4 8 16
531  233  339 0 100 1 5 1 2 4 8 16
532  309  196 0  16 1 5 1 2 4 8 16
533  799  196 0   5 1 5 1 2 4 8 16
534  937  470 0  92 1 5 1 2 4 8 16
535  744  255 0  66 1 5 1 2 4 8 16
536  983  208 0  46 1 5 1 2 4 8 16
537  684  786 0  94 1 5 1 2 4 8 16
538  824  910 0  55 1 5 1 2 4 8 16
539  474  581 0  32 1 5 1 2 4 8 16
540  259  555 0  33 1 5 1 2 4 8 16
541  421   58 0  37 1 5 1 2 4 8 16
542   49  416 0  52 1 5 1 2 4 8 16
543  662  377 0  67 1 5 1 2 4 8 16
544  876  929 0   9 1 5 1 2 4 8 16
545  813  982 0  58 1 5 1 2 4 8 16
546  817  474 0  16 1 5 1 2 4 8 16
547  530  591 0  63 1 5 1 2 4 8 16
548  984  815 0  90 1 5 1 2 4 8 16
549  524  263 0  49 1 5 1 2 4 8 16
550  874  947 0  85 1 5 1 2 4 8 16
551  751  160 0  52 1 5 1 2 4 8 16
552  681  226 0   3 1 5 1 2 4 8 16
553  546  578 0   1 1 5 1 2 4 8 16
554  604  847 0  39 1 5 1 2 4 8 16
555  597   81 0  62 1 5 1 2 4 8 16
556  740  928 0   5 1 5 1 2 4 8 16
557  849  728 0  59 1 5 1 2 4 8 16
558  279  184 0  51 1 5 1 2 4 8 16
559  535  482 0  53 1 5 1 2 4 8 16
560  202  702 0  35 1 5 1 2 4 8 16
561  261  507 0   1 1 5 1 2 4 8 16
562   99  244 0 100 1 5 1 2 4 8 16
563  584  224 0  62 1 5 1 2 4 8 16
564  408  111 0  94 1 5 1 2 4 8 16
565  679  557 0  17 1 5 1 2 4 8 16
566   96  763 0  93 1 5 1 2 4 8 16
567  475  124 0  32 1 5 1 2 4 8 16
568   74  533 0  38 1 5 1 2 4 8 16
569  589  775 0  39 1 5 1 2 4 8 16
570  139  500 0  45 1 5 1 2 4 8 16
571  950    1 0  53 1 5 1 2 4 8 16
572   13  231 0  51 1 5 1 2 4 8 16
573  943  696 0  43 1 5 1 2 4 8 16
574  542  135 0  60 1 5 1 2 4 8 16
575  335  347 0  52 1 5 1 2 4 8 16
576  465  294 0  91 1 5 1 2 4 8 16
577   33  598 0   1 1 5 1 2 4 8 16
578  716  841 0  28 1 5 1 2 4 8 16
579  332  993 0  53 1 5 1 2 4 8 16
580  661  138 0  67 1 5 1 2 4 8 16
581   57  331 0  91 1 5 1 2 4 8 16
582  962  640 0  16 1 5 1 2 4 8 16
583  807  347 0  66 1 5 1 2 4 8 16
584  746  632 0  68 1 5 1 2 4 8 16
585   36  658 0  34 1 5 1 2 4 8 16
586  884  756 0  15 1 5 1 2 4 8 16
587  336  896 0   3 1 5 1 2 4 8 16
588  388  711 0  12 1 5 1 2 4 8 16
589  115  217 0  68 1 5 1 2 4 8 16
590    3  532 0  24 1 5 1 2 4 8 16
591  193  909 0  38 1 5 1 2 4 8 16
592  230  787 0  40 1 5 1 2 4 8 16
593  947  511 0   4 1 5 1 2 4 8 16
594  843  580 0  83 1 5 1 2 4 8 16
595  518  813 0  16 1 5 1 2 4 8 16
596  636   50 0  36 1 5 1 2 4 8 16
597  271  271 0  73 1 5 1 2 4 8 16
598   75  845 0  40 1 5 1 2 4 8 16
599  455  190 0  67 1 5 1 2 4 8 16
600  619  450 0 100 1 5 1 2 4 8 16
601  704  980 0  45 1 5 1 2 4 8 16
602  359  247 0  96 1 5 1 2 4 8 16
603  612   26 0  18 1 5 1 2 4 8 16
604  634  860 0  65 1 5 1 2 4 8 16
605  944   98 0  35 1 5 1 2 4 8 16
606  739  144 0  24 1 5 1 2 4 8 16
607  830  346 0  56 1 5 1 2 4 8 16
608  337  670 0  92 1 5 1 2 4 8 16
609  132  107 0  73 1 5 1 2 4 8 16
610  462  737 0  85 1 5 1 2 4 8 16
611  110  252 0  98 1 5 1 2 4 8 16
612  880   37 0  31 1 5 1 2 4 8 16
613  143  410 0  23 1 5 1 2 4 8 16
614  797  936 0  94 1 5 1 2 4 8 16
615   51  268 0  76 1 5 1 2 4 8 16
616  309  175 0  88 1 5 1 2 4 8 16
617  462    0 0  97 1 5 1 2 4 8 16
618  559  749 0  46 1 5 1 2 4 8 16
619  472  191 0  96 1 5 1 2 4 8 16
620   11   63 0  31 1 5 1 2 4 8 16
621  901  808 0  36 1 5 1 2 4 8 16
622  615  145 0  42 1 5 1 2 4 8 16
623  499  245 0  46 1 5 1 2 4 8 16
624  865  201 0  19 1 5 1 2 4 8 16
625  176   56 0  36 1 5 1 2 4 8 16
626  226   10 0  33 1 5 1 2 4 8 16
627  761  514 0  88 1 5 1 2 4 8 16
628  160  350 0  31 1 5 1 2 4 8 16
629  115  506 0   2 1 5 1 2 4 8 16
630  546  247 0  68 1 5 1 2 4 8 16
631  154  730 0  21 1 5 1 2 4 8 16
632   41  805 0  48 1 5 1 2 4 8 16
633  336  933 0  63 1 5 1 2 4 8 16
634   46   97 0  65 1 5 1 2 4 8 16
635  539  689 0  52 1 5 1 2 4 8 16
636  631  529 0  62 1 5 1 2 4 8 16
637  359  905 0  54 1 5 1 2 4 8 16
638  271  296 0  31 1 5 1 2 4 8 16
639  561  749 0   2 1 5 1 2 4 8 16
640  743  156 0  61 1 5 1 2 4 8 16
641  864  613 0  20 1 5 1 2 4 8 16
642  261  798 0  81 1 5 1 2 4 8 16
643  723  340 0  48 1 5 1 2 4 8 16
644  906  614 0   8 1 5 1 2 4 8 16
645  616  346 0  84 1 5 1 2 4 8 16
646  486  958 0  26 1 5 1 2 4 8 16
647  619  726 0   1 1 5 1 2 4 8 16
648  806  550 0  66 1 5 1 2 4 8 16
649  728  633 0  84 1 5 1 2 4 8 16
650   88  437 0   6 1 5 1 2 4 8 16
651  575  280 0  14 1 5 1 2 4 8 16
652  258  545 0   7 1 5 1 2 4 8 16
653  326  982 0  24 1 5 1 2 4 8 16
654  873   51 0  82 1 5 1 2 4 8 16
655  981  199 0  78 1 5 1 2 4 8 16
656  402  411 0  56 1 5 1 2 4 8 16
657  418  780 0  71 1 5 1 2 4 8 16
658  868  433 0  16 1 5 1 2 4 8 16
659  893  767 0  35 1 5 1 2 4 8 16
660  991  589 0  30 1 5 1 2 4 8 16
661  338  350 0  90 1 5 1 2 4 8 16
662  798  427 0  43 1 5 1 2 4 8 16
663  108  328 0  78 1 5 1 2 4 8 16
664  379    1 0  76 1 5 1 2 4 8 16
665  422  464 0  15 1 5 1 2 4 8 16
666   82  512 0  88 1 5 1 2 4 8 16
667  347  920 0  66 1 5 1 2 4 8 16
668   38  965 0  72 1 5 1 2 4 8 16
669  988   53 0  53 1 5 1 2 4 8 16
670  850  839 0  93 1 5 1 2 4 8 16
671  156  400 0  44 1 5 1 2 4 8 16
672  462  750 0  52 1 5 1 2 4 8 16
673  144  178 0  33 1 5 1 2 4 8 16
674  805  863 0  16 1 5 1 2 4 8 16
675  173  944 0  25 1 5 1 2 4 8 16
676  594  451 0  21 1 5 1 2 4 8 16
677  866  650 0  18 1 5 1 2 4 8 16
678  350  311 0  89 1 5 1 2 4 8 16
679   53  914 0  59 1 5 1 2 4 8 16
680  592  706 0  70 1 5 1 2 4 8 16
681  507  333 0  52 1 5 1 2 4 8 16
682  248  371 0  96 1 5 1 2 4 8 16
683  618  449 0   5 1 5 1 2 4 8 16
684  347  919 0  22 1 5 1 2 4 8 16
685  402  299 0  70 1 5 1 2 4 8 16
686  854  866 0  35 1 5 1 2 4 8 16
687  861  644 0  77 1 5 1 2 4 8 16
688  612  318 0  21 1 5 1 2 4 8 16
689  159   76 0  88 1 5 1 2 4 8 16
690  513  973 0  34 1 5 1 2 4 8 16
691   93  478 0  71 1 5 1 2 4 8 16
692  376  276 0  68 1 5 1 2 4 8 16
693  202  397 0   0 0 0
694   68  842 0   0 0 0
695  644  326 0   0 0 0
696  652  674 0   0 0 0
697   56  874 0   0 0 0
