2 119 903 8
0 249
0 249
0 249
0 249
0 249
0 249
0 249
0 249
  1 908 652 0   8 1 8 1 2 4 8 16 32 64 128
  2 827 621 0  19 1 8 1 2 4 8 16 32 64 128
  3 285 344 0  84 1 8 1 2 4 8 16 32 64 128
  4 684 787 0  25 1 8 1 2 4 8 16 32 64 128
  5  79 919 0  75 1 8 1 2 4 8 16 32 64 128
  6 698 967 0  72 1 8 1 2 4 8 16 32 64 128
  7 950 303 0  32 1 8 1 2 4 8 16 32 64 128
  8 551  86 0  35 1 8 1 2 4 8 16 32 64 128
  9 347 317 0  48 1 8 1 2 4 8 16 32 64 128
 10 216 641 0  53 1 8 1 2 4 8 16 32 64 128
 11 604 421 0  54 1 8 1 2 4 8 16 32 64 128
 12 336 922 0  54 1 8 1 2 4 8 16 32 64 128
 13  27 390 0  25 1 8 1 2 4 8 16 32 64 128
 14 969 532 0  82 1 8 1 2 4 8 16 32 64 128
 15 999 576 0   6 1 8 1 2 4 8 16 32 64 128
 16 235 520 0   3 1 8 1 2 4 8 16 32 64 128
 17 232 563 0  37 1 8 1 2 4 8 16 32 64 128
 18 620 899 0  49 1 8 1 2 4 8 16 32 64 128
 19 440 665 0  47 1 8 1 2 4 8 16 32 64 128
 20 769 636 0  70 1 8 1 2 4 8 16 32 64 128
 21 440 469 0  10 1 8 1 2 4 8 16 32 64 128
 22 287 696 0  68 1 8 1 2 4 8 16 32 64 128
 23 933 304 0  71 1 8 1 2 4 8 16 32 64 128
 24 403 520 0  42 1 8 1 2 4 8 16 32 64 128
 25 822 909 0  87 1 8 1 2 4 8 16 32 64 128
 26 937 341 0   2 1 8 1 2 4 8 16 32 64 128
 27 792 834 0  92 1 8 1 2 4 8 16 32 64 128
 28 255 461 0  38 1 8 1 2 4 8 16 32 64 128
 29 636 666 0  35 1 8 1 2 4 8 16 32 64 128
 30 686   7 0  47 1 8 1 2 4 8 16 32 64 128
 31 255 706 0  58 1 8 1 2 4 8 16 32 64 128
 32 588 541 0  56 1 8 1 2 4 8 16 32 64 128
 33   7 869 0  47 1 8 1 2 4 8 16 32 64 128
 34 222 670 0  30 1 8 1 2 4 8 16 32 64 128
 35 574 189 0  97 1 8 1 2 4 8 16 32 64 128
 36 685 590 0  70 1 8 1 2 4 8 16 32 64 128
 37 790 446 0  38 1 8 1 2 4 8 16 32 64 128
 38 556 257 0   7 1 8 1 2 4 8 16 32 64 128
 39 333  55 0  96 1 8 1 2 4 8 16 32 64 128
 40 599 602 0   9 1 8 1 2 4 8 16 32 64 128
 41 389  56 0  12 1 8 1 2 4 8 16 32 64 128
 42 729 260 0  66 1 8 1 2 4 8 16 32 64 128
 43 385 854 0  84 1 8 1 2 4 8 16 32 64 128
 44 619 275 0  42 1 8 1 2 4 8 16 32 64 128
 45 321 695 0  63 1 8 1 2 4 8 16 32 64 128
 46  97 401 0  17 1 8 1 2 4 8 16 32 64 128
 47 365 165 0  90 1 8 1 2 4 8 16 32 64 128
 48   3 643 0  18 1 8 1 2 4 8 16 32 64 128
 49 327 499 0  62 1 8 1 2 4 8 16 32 64 128
 50 173 446 0  49 1 8 1 2 4 8 16 32 64 128
 51 192 486 0  46 1 8 1 2 4 8 16 32 64 128
 52 603 619 0  86 1 8 1 2 4 8 16 32 64 128
 53 448 449 0 100 1 8 1 2 4 8 16 32 64 128
 54 223 138 0  80 1 8 1 2 4 8 16 32 64 128
 55 179 779 0  88 1 8 1 2 4 8 16 32 64 128
 56 863 409 0  79 1 8 1 2 4 8 16 32 64 128
 57 989 143 0  34 1 8 1 2 4 8 16 32 64 128
 58  57 654 0  15 1 8 1 2 4 8 16 32 64 128
 59 940 424 0   1 1 8 1 2 4 8 16 32 64 128
 60 816 158 0  85 1 8 1 2 4 8 16 32 64 128
 61 895 986 0  26 1 8 1 2 4 8 16 32 64 128
 62 844 574 0   8 1 8 1 2 4 8 16 32 64 128
 63 417 550 0  44 1 8 1 2 4 8 16 32 64 128
 64 686 478 0  45 1 8 1 2 4 8 16 32 64 128
 65  49  75 0  20 1 8 1 2 4 8 16 32 64 128
 66 598 729 0  67 1 8 1 2 4 8 16 32 64 128
 67 925 778 0  90 1 8 1 2 4 8 16 32 64 128
 68 454 871 0  64 1 8 1 2 4 8 16 32 64 128
 69 490  99 0  23 1 8 1 2 4 8 16 32 64 128
 70 359 371 0  95 1 8 1 2 4 8 16 32 64 128
 71 536 179 0  43 1 8 1 2 4 8 16 32 64 128
 72 570  91 0   5 1 8 1 2 4 8 16 32 64 128
 73 519 924 0  28 1 8 1 2 4 8 16 32 64 128
 74 814 780 0  21 1 8 1 2 4 8 16 32 64 128
 75 778 874 0  10 1 8 1 2 4 8 16 32 64 128
 76 772 798 0  74 1 8 1 2 4 8 16 32 64 128
 77 302 109 0   4 1 8 1 2 4 8 16 32 64 128
 78 104  15 0   6 1 8 1 2 4 8 16 32 64 128
 79 169  23 0  71 1 8 1 2 4 8 16 32 64 128
 80 532 769 0  39 1 8 1 2 4 8 16 32 64 128
 81 873 427 0  50 1 8 1 2 4 8 16 32 64 128
 82 452 461 0  17 1 8 1 2 4 8 16 32 64 128
 83 313 324 0  94 1 8 1 2 4 8 16 32 64 128
 84 893 613 0  91 1 8 1 2 4 8 16 32 64 128
 85 265 333 0  69 1 8 1 2 4 8 16 32 64 128
 86 782 794 0  22 1 8 1 2 4 8 16 32 64 128
 87 882 776 0  91 1 8 1 2 4 8 16 32 64 128
 88   0  68 0  91 1 8 1 2 4 8 16 32 64 128
 89 871 118 0  87 1 8 1 2 4 8 16 32 64 128
 90 842 643 0  81 1 8 1 2 4 8 16 32 64 128
 91 953 642 0  82 1 8 1 2 4 8 16 32 64 128
 92 840 472 0   9 1 8 1 2 4 8 16 32 64 128
 93 353 635 0  38 1 8 1 2 4 8 16 32 64 128
 94 887  68 0  17 1 8 1 2 4 8 16 32 64 128
 95  71 370 0  25 1 8 1 2 4 8 16 32 64 128
 96 305 776 0  94 1 8 1 2 4 8 16 32 64 128
 97 944 810 0  79 1 8 1 2 4 8 16 32 64 128
 98 147 598 0 100 1 8 1 2 4 8 16 32 64 128
 99 218 378 0  44 1 8 1 2 4 8 16 32 64 128
100 636 238 0  69 1 8 1 2 4 8 16 32 64 128
101 537 707 0  97 1 8 1 2 4 8 16 32 64 128
102 387 847 0  77 1 8 1 2 4 8 16 32 64 128
103 505 135 0  31 1 8 1 2 4 8 16 32 64 128
104 839 798 0   5 1 8 1 2 4 8 16 32 64 128
105 329 103 0  36 1 8 1 2 4 8 16 32 64 128
106 185 615 0  88 1 8 1 2 4 8 16 32 64 128
107 756 920 0  50 1 8 1 2 4 8 16 32 64 128
108 152 286 0  49 1 8 1 2 4 8 16 32 64 128
109 803 820 0  29 1 8 1 2 4 8 16 32 64 128
110 218 769 0  87 1 8 1 2 4 8 16 32 64 128
111 947 267 0  24 1 8 1 2 4 8 16 32 64 128
112 704 465 0  47 1 8 1 2 4 8 16 32 64 128
113 249 529 0  97 1 8 1 2 4 8 16 32 64 128
114 186 202 0  74 1 8 1 2 4 8 16 32 64 128
115 542 147 0  76 1 8 1 2 4 8 16 32 64 128
116 823 625 0  48 1 8 1 2 4 8 16 32 64 128
117 269 720 0  67 1 8 1 2 4 8 16 32 64 128
118 333 882 0  56 1 8 1 2 4 8 16 32 64 128
119 678  12 0 100 1 8 1 2 4 8 16 32 64 128
120 803 165 0  63 1 8 1 2 4 8 16 32 64 128
121 259 559 0  48 1 8 1 2 4 8 16 32 64 128
122 951 582 0  69 1 8 1 2 4 8 16 32 64 128
123 519 743 0   7 1 8 1 2 4 8 16 32 64 128
124 238 310 0  33 1 8 1 2 4 8 16 32 64 128
125  51  72 0  18 1 8 1 2 4 8 16 32 64 128
126 277 790 0  23 1 8 1 2 4 8 16 32 64 128
127 156 998 0  18 1 8 1 2 4 8 16 32 64 128
128 111 495 0  65 1 8 1 2 4 8 16 32 64 128
129 184 873 0  49 1 8 1 2 4 8 16 32 64 128
130  85 257 0  88 1 8 1 2 4 8 16 32 64 128
131 774 504 0  28 1 8 1 2 4 8 16 32 64 128
132 408 670 0  39 1 8 1 2 4 8 16 32 64 128
133 442 101 0  23 1 8 1 2 4 8 16 32 64 128
134 516 969 0  82 1 8 1 2 4 8 16 32 64 128
135 102 588 0   3 1 8 1 2 4 8 16 32 64 128
136 629 755 0  49 1 8 1 2 4 8 16 32 64 128
137 674 772 0  78 1 8 1 2 4 8 16 32 64 128
138 629 241 0  84 1 8 1 2 4 8 16 32 64 128
139 634 205 0  42 1 8 1 2 4 8 16 32 64 128
140 641 698 0  46 1 8 1 2 4 8 16 32 64 128
141 903 871 0  25 1 8 1 2 4 8 16 32 64 128
142  55 295 0  18 1 8 1 2 4 8 16 32 64 128
143 475 509 0  91 1 8 1 2 4 8 16 32 64 128
144 588  40 0  93 1 8 1 2 4 8 16 32 64 128
145 828 585 0  94 1 8 1 2 4 8 16 32 64 128
146 296 692 0  41 1 8 1 2 4 8 16 32 64 128
147 806 830 0  35 1 8 1 2 4 8 16 32 64 128
148 717 735 0  42 1 8 1 2 4 8 16 32 64 128
149 392 870 0  28 1 8 1 2 4 8 16 32 64 128
150 598 800 0  91 1 8 1 2 4 8 16 32 64 128
151 113 890 0   7 1 8 1 2 4 8 16 32 64 128
152 397 654 0  53 1 8 1 2 4 8 16 32 64 128
153 996 960 0  28 1 8 1 2 4 8 16 32 64 128
154 694 491 0  94 1 8 1 2 4 8 16 32 64 128
155 672 306 0  74 1 8 1 2 4 8 16 32 64 128
156 241 174 0  39 1 8 1 2 4 8 16 32 64 128
157 135 455 0  14 1 8 1 2 4 8 16 32 64 128
158 334 517 0   6 1 8 1 2 4 8 16 32 64 128
159  22 342 0  23 1 8 1 2 4 8 16 32 64 128
160 426 531 0  10 1 8 1 2 4 8 16 32 64 128
161 108 614 0  51 1 8 1 2 4 8 16 32 64 128
162 538 320 0  26 1 8 1 2 4 8 16 32 64 128
163 635 217 0  92 1 8 1 2 4 8 16 32 64 128
164 126 750 0  38 1 8 1 2 4 8 16 32 64 128
165 789 955 0   1 1 8 1 2 4 8 16 32 64 128
166 544 321 0  24 1 8 1 2 4 8 16 32 64 128
167 571 203 0  56 1 8 1 2 4 8 16 32 64 128
168 490 856 0  79 1 8 1 2 4 8 16 32 64 128
169 499 413 0  80 1 8 1 2 4 8 16 32 64 128
170  81 506 0  28 1 8 1 2 4 8 16 32 64 128
171 242 776 0  90 1 8 1 2 4 8 16 32 64 128
172 880 656 0  38 1 8 1 2 4 8 16 32 64 128
173 458 603 0  10 1 8 1 2 4 8 16 32 64 128
174 349 448 0   1 1 8 1 2 4 8 16 32 64 128
175 485 933 0  40 1 8 1 2 4 8 16 32 64 128
176 871 399 0  46 1 8 1 2 4 8 16 32 64 128
177 813 394 0  41 1 8 1 2 4 8 16 32 64 128
178 948 128 0  24 1 8 1 2 4 8 16 32 64 128
179 472  20 0   8 1 8 1 2 4 8 16 32 64 128
180 200 316 0  12 1 8 1 2 4 8 16 32 64 128
181  76 451 0  78 1 8 1 2 4 8 16 32 64 128
182 666 262 0  48 1 8 1 2 4 8 16 32 64 128
183 670 775 0 100 1 8 1 2 4 8 16 32 64 128
184 316 582 0  96 1 8 1 2 4 8 16 32 64 128
185 701 242 0  25 1 8 1 2 4 8 16 32 64 128
186 700 456 0  47 1 8 1 2 4 8 16 32 64 128
187 462 525 0  67 1 8 1 2 4 8 16 32 64 128
188 587 972 0  14 1 8 1 2 4 8 16 32 64 128
189 656  82 0  45 1 8 1 2 4 8 16 32 64 128
190 711  49 0  81 1 8 1 2 4 8 16 32 64 128
191 804 228 0  20 1 8 1 2 4 8 16 32 64 128
192 269 780 0  61 1 8 1 2 4 8 16 32 64 128
193 930 878 0  52 1 8 1 2 4 8 16 32 64 128
194 373 148 0  39 1 8 1 2 4 8 16 32 64 128
195 990 733 0  15 1 8 1 2 4 8 16 32 64 128
196 118 741 0  15 1 8 1 2 4 8 16 32 64 128
197 338 951 0  31 1 8 1 2 4 8 16 32 64 128
198 546 345 0  83 1 8 1 2 4 8 16 32 64 128
199 554 156 0   1 1 8 1 2 4 8 16 32 64 128
200 620 542 0  84 1 8 1 2 4 8 16 32 64 128
201  89 934 0  77 1 8 1 2 4 8 16 32 64 128
202 776  69 0  11 1 8 1 2 4 8 16 32 64 128
203 974  91 0  76 1 8 1 2 4 8 16 32 64 128
204  70 723 0  42 1 8 1 2 4 8 16 32 64 128
205 279 664 0  35 1 8 1 2 4 8 16 32 64 128
206 915 989 0  79 1 8 1 2 4 8 16 32 64 128
207 744 636 0  27 1 8 1 2 4 8 16 32 64 128
208 863 540 0  87 1 8 1 2 4 8 16 32 64 128
209 735 602 0  31 1 8 1 2 4 8 16 32 64 128
210 402 963 0  80 1 8 1 2 4 8 16 32 64 128
211 908 267 0  72 1 8 1 2 4 8 16 32 64 128
212 249 660 0  95 1 8 1 2 4 8 16 32 64 128
213 126  29 0  72 1 8 1 2 4 8 16 32 64 128
214 633 608 0  86 1 8 1 2 4 8 16 32 64 128
215 105 290 0  24 1 8 1 2 4 8 16 32 64 128
216 496 627 0  96 1 8 1 2 4 8 16 32 64 128
217 268 693 0   1 1 8 1 2 4 8 16 32 64 128
218 726 255 0  18 1 8 1 2 4 8 16 32 64 128
219 980 760 0  23 1 8 1 2 4 8 16 32 64 128
220 931 590 0   5 1 8 1 2 4 8 16 32 64 128
221 489 644 0  24 1 8 1 2 4 8 16 32 64 128
222 348 245 0  88 1 8 1 2 4 8 16 32 64 128
223 501 656 0  80 1 8 1 2 4 8 16 32 64 128
224 161 683 0  68 1 8 1 2 4 8 16 32 64 128
225 808 297 0  35 1 8 1 2 4 8 16 32 64 128
226 511 599 0  77 1 8 1 2 4 8 16 32 64 128
227 359 935 0  58 1 8 1 2 4 8 16 32 64 128
228 244 288 0   5 1 8 1 2 4 8 16 32 64 128
229 601 754 0  43 1 8 1 2 4 8 16 32 64 128
230 894 528 0  74 1 8 1 2 4 8 16 32 64 128
231 974 243 0  91 1 8 1 2 4 8 16 32 64 128
232  15 750 0  25 1 8 1 2 4 8 16 32 64 128
233 652 380 0  34 1 8 1 2 4 8 16 32 64 128
234 441 636 0  78 1 8 1 2 4 8 16 32 64 128
235 816 726 0  38 1 8 1 2 4 8 16 32 64 128
236 930 514 0  65 1 8 1 2 4 8 16 32 64 128
237 972 572 0  33 1 8 1 2 4 8 16 32 64 128
238 477 381 0  35 1 8 1 2 4 8 16 32 64 128
239 335 601 0  62 1 8 1 2 4 8 16 32 64 128
240  37 696 0  38 1 8 1 2 4 8 16 32 64 128
241 105 116 0  96 1 8 1 2 4 8 16 32 64 128
242 939 621 0  66 1 8 1 2 4 8 16 32 64 128
243 203 966 0  86 1 8 1 2 4 8 16 32 64 128
244 835 238 0  11 1 8 1 2 4 8 16 32 64 128
245 847  34 0  12 1 8 1 2 4 8 16 32 64 128
246 676 672 0  78 1 8 1 2 4 8 16 32 64 128
247 365 323 0  49 1 8 1 2 4 8 16 32 64 128
248 178 318 0  11 1 8 1 2 4 8 16 32 64 128
249 492 673 0  31 1 8 1 2 4 8 16 32 64 128
250 684 333 0  38 1 8 1 2 4 8 16 32 64 128
251  39 314 0  67 1 8 1 2 4 8 16 32 64 128
252  65 475 0  50 1 8 1 2 4 8 16 32 64 128
253 600 509 0  82 1 8 1 2 4 8 16 32 64 128
254 248 287 0  81 1 8 1 2 4 8 16 32 64 128
255 620 900 0  69 1 8 1 2 4 8 16 32 64 128
256 181 415 0  43 1 8 1 2 4 8 16 32 64 128
257 630  40 0  89 1 8 1 2 4 8 16 32 64 128
258 366 380 0  50 1 8 1 2 4 8 16 32 64 128
259 560 710 0  47 1 8 1 2 4 8 16 32 64 128
260 605 884 0  48 1 8 1 2 4 8 16 32 64 128
261 943   0 0  92 1 8 1 2 4 8 16 32 64 128
262 970 241 0  99 1 8 1 2 4 8 16 32 64 128
263 602 416 0  21 1 8 1 2 4 8 16 32 64 128
264 786 923 0  52 1 8 1 2 4 8 16 32 64 128
265 585 593 0  36 1 8 1 2 4 8 16 32 64 128
266 275 173 0  71 1 8 1 2 4 8 16 32 64 128
267 668 195 0   7 1 8 1 2 4 8 16 32 64 128
268 814 597 0   4 1 8 1 2 4 8 16 32 64 128
269 968  52 0  73 1 8 1 2 4 8 16 32 64 128
270 510 826 0  17 1 8 1 2 4 8 16 32 64 128
271 619 910 0  27 1 8 1 2 4 8 16 32 64 128
272 215 504 0  16 1 8 1 2 4 8 16 32 64 128
273 518 499 0  50 1 8 1 2 4 8 16 32 64 128
274 444 535 0  91 1 8 1 2 4 8 16 32 64 128
275 152  43 0  50 1 8 1 2 4 8 16 32 64 128
276 675 366 0  70 1 8 1 2 4 8 16 32 64 128
277 439 120 0  54 1 8 1 2 4 8 16 32 64 128
278 430 267 0  22 1 8 1 2 4 8 16 32 64 128
279 641  22 0  41 1 8 1 2 4 8 16 32 64 128
280 118 344 0  11 1 8 1 2 4 8 16 32 64 128
281 133 264 0  14 1 8 1 2 4 8 16 32 64 128
282 280 561 0  76 1 8 1 2 4 8 16 32 64 128
283 551 537 0  75 1 8 1 2 4 8 16 32 64 128
284 624 324 0   8 1 8 1 2 4 8 16 32 64 128
285 740 487 0  93 1 8 1 2 4 8 16 32 64 128
286 851 802 0  27 1 8 1 2 4 8 16 32 64 128
287 295 215 0  39 1 8 1 2 4 8 16 32 64 128
288 112 542 0  19 1 8 1 2 4 8 16 32 64 128
289 354 348 0  20 1 8 1 2 4 8 16 32 64 128
290 223 717 0  86 1 8 1 2 4 8 16 32 64 128
291 102 449 0  32 1 8 1 2 4 8 16 32 64 128
292 947 183 0   9 1 8 1 2 4 8 16 32 64 128
293 956 996 0  77 1 8 1 2 4 8 16 32 64 128
294 946  78 0   7 1 8 1 2 4 8 16 32 64 128
295 793 130 0  66 1 8 1 2 4 8 16 32 64 128
296 829 811 0   1 1 8 1 2 4 8 16 32 64 128
297 157   6 0   2 1 8 1 2 4 8 16 32 64 128
298 450 758 0  91 1 8 1 2 4 8 16 32 64 128
299 474 731 0  32 1 8 1 2 4 8 16 32 64 128
300 719 610 0  57 1 8 1 2 4 8 16 32 64 128
301 659 504 0  28 1 8 1 2 4 8 16 32 64 128
302 117 385 0  44 1 8 1 2 4 8 16 32 64 128
303 658 348 0  69 1 8 1 2 4 8 16 32 64 128
304 246 151 0  65 1 8 1 2 4 8 16 32 64 128
305 732   5 0  85 1 8 1 2 4 8 16 32 64 128
306   1 236 0  70 1 8 1 2 4 8 16 32 64 128
307 902 539 0  68 1 8 1 2 4 8 16 32 64 128
308 188 708 0  51 1 8 1 2 4 8 16 32 64 128
309   4 272 0  74 1 8 1 2 4 8 16 32 64 128
310 295 619 0  13 1 8 1 2 4 8 16 32 64 128
311 105 103 0  34 1 8 1 2 4 8 16 32 64 128
312 674 668 0  82 1 8 1 2 4 8 16 32 64 128
313 374   0 0  63 1 8 1 2 4 8 16 32 64 128
314 148 494 0  47 1 8 1 2 4 8 16 32 64 128
315 892 102 0  63 1 8 1 2 4 8 16 32 64 128
316 261 565 0  92 1 8 1 2 4 8 16 32 64 128
317 119 580 0  48 1 8 1 2 4 8 16 32 64 128
318 593 910 0   5 1 8 1 2 4 8 16 32 64 128
319 440 715 0  80 1 8 1 2 4 8 16 32 64 128
320  48 757 0  69 1 8 1 2 4 8 16 32 64 128
321 175 844 0  15 1 8 1 2 4 8 16 32 64 128
322 137 978 0  62 1 8 1 2 4 8 16 32 64 128
323 300 143 0  37 1 8 1 2 4 8 16 32 64 128
324  45 294 0 100 1 8 1 2 4 8 16 32 64 128
325 133 137 0  45 1 8 1 2 4 8 16 32 64 128
326 497 617 0  32 1 8 1 2 4 8 16 32 64 128
327 263 688 0  46 1 8 1 2 4 8 16 32 64 128
328 126 607 0  84 1 8 1 2 4 8 16 32 64 128
329  52 691 0  78 1 8 1 2 4 8 16 32 64 128
330  12 483 0  23 1 8 1 2 4 8 16 32 64 128
331 616 991 0  54 1 8 1 2 4 8 16 32 64 128
332 756 462 0  56 1 8 1 2 4 8 16 32 64 128
333 366 216 0  15 1 8 1 2 4 8 16 32 64 128
334 865 440 0   5 1 8 1 2 4 8 16 32 64 128
335 848 343 0  29 1 8 1 2 4 8 16 32 64 128
336 677 172 0  14 1 8 1 2 4 8 16 32 64 128
337 236 346 0  57 1 8 1 2 4 8 16 32 64 128
338 653 687 0   9 1 8 1 2 4 8 16 32 64 128
339 352 767 0  35 1 8 1 2 4 8 16 32 64 128
340 756  58 0  18 1 8 1 2 4 8 16 32 64 128
341 794 239 0  10 1 8 1 2 4 8 16 32 64 128
342 712 412 0  33 1 8 1 2 4 8 16 32 64 128
343 545 444 0  26 1 8 1 2 4 8 16 32 64 128
344 864 847 0  10 1 8 1 2 4 8 16 32 64 128
345 558 321 0  62 1 8 1 2 4 8 16 32 64 128
346 337  49 0  84 1 8 1 2 4 8 16 32 64 128
347 599 753 0  94 1 8 1 2 4 8 16 32 64 128
348 322 892 0  84 1 8 1 2 4 8 16 32 64 128
349 688 180 0  66 1 8 1 2 4 8 16 32 64 128
350 108 213 0   6 1 8 1 2 4 8 16 32 64 128
351 941 276 0  98 1 8 1 2 4 8 16 32 64 128
352 363  11 0  23 1 8 1 2 4 8 16 32 64 128
353 897 854 0  96 1 8 1 2 4 8 16 32 64 128
354 419 243 0  15 1 8 1 2 4 8 16 32 64 128
355 856 850 0  34 1 8 1 2 4 8 16 32 64 128
356 254 677 0  80 1 8 1 2 4 8 16 32 64 128
357 762 896 0  17 1 8 1 2 4 8 16 32 64 128
358 662 117 0  48 1 8 1 2 4 8 16 32 64 128
359 398 219 0   9 1 8 1 2 4 8 16 32 64 128
360 690 917 0  91 1 8 1 2 4 8 16 32 64 128
361 653 335 0  32 1 8 1 2 4 8 16 32 64 128
362  14 403 0  13 1 8 1 2 4 8 16 32 64 128
363 943 223 0  95 1 8 1 2 4 8 16 32 64 128
364 172 311 0  90 1 8 1 2 4 8 16 32 64 128
365 229 287 0  64 1 8 1 2 4 8 16 32 64 128
366 672 525 0  17 1 8 1 2 4 8 16 32 64 128
367 390 791 0  55 1 8 1 2 4 8 16 32 64 128
368 949 368 0  70 1 8 1 2 4 8 16 32 64 128
369 734 424 0   1 1 8 1 2 4 8 16 32 64 128
370 609 836 0  94 1 8 1 2 4 8 16 32 64 128
371 605 230 0  83 1 8 1 2 4 8 16 32 64 128
372 598 270 0  57 1 8 1 2 4 8 16 32 64 128
373 885 943 0  37 1 8 1 2 4 8 16 32 64 128
374 707 289 0  89 1 8 1 2 4 8 16 32 64 128
375 683 973 0  74 1 8 1 2 4 8 16 32 64 128
376 938 287 0  95 1 8 1 2 4 8 16 32 64 128
377 543 407 0  37 1 8 1 2 4 8 16 32 64 128
378 516 681 0   6 1 8 1 2 4 8 16 32 64 128
379  74 739 0  75 1 8 1 2 4 8 16 32 64 128
380 248 288 0  65 1 8 1 2 4 8 16 32 64 128
381 402 104 0  49 1 8 1 2 4 8 16 32 64 128
382 767 923 0  77 1 8 1 2 4 8 16 32 64 128
383   1 607 0  55 1 8 1 2 4 8 16 32 64 128
384 730 816 0  52 1 8 1 2 4 8 16 32 64 128
385 984 205 0  22 1 8 1 2 4 8 16 32 64 128
386 339 193 0  97 1 8 1 2 4 8 16 32 64 128
387 973 445 0  51 1 8 1 2 4 8 16 32 64 128
388   8 246 0  31 1 8 1 2 4 8 16 32 64 128
389  65 479 0  39 1 8 1 2 4 8 16 32 64 128
390 233 179 0 100 1 8 1 2 4 8 16 32 64 128
391 871  36 0  25 1 8 1 2 4 8 16 32 64 128
392 948 938 0  78 1 8 1 2 4 8 16 32 64 128
393 745 159 0  16 1 8 1 2 4 8 16 32 64 128
394 852 601 0  12 1 8 1 2 4 8 16 32 64 128
395 880 956 0   6 1 8 1 2 4 8 16 32 64 128
396 650 447 0  41 1 8 1 2 4 8 16 32 64 128
397 140 106 0  85 1 8 1 2 4 8 16 32 64 128
398 235 565 0  75 1 8 1 2 4 8 16 32 64 128
399 247 481 0  50 1 8 1 2 4 8 16 32 64 128
400 847 753 0  45 1 8 1 2 4 8 16 32 64 128
401 422 446 0  18 1 8 1 2 4 8 16 32 64 128
402 242  70 0  61 1 8 1 2 4 8 16 32 64 128
403 324 929 0  84 1 8 1 2 4 8 16 32 64 128
404 130 300 0  97 1 8 1 2 4 8 16 32 64 128
405 520 271 0  17 1 8 1 2 4 8 16 32 64 128
406  38 318 0  30 1 8 1 2 4 8 16 32 64 128
407 761 504 0  57 1 8 1 2 4 8 16 32 64 128
408  68 163 0   3 1 8 1 2 4 8 16 32 64 128
409 790 508 0  41 1 8 1 2 4 8 16 32 64 128
410 696 400 0  71 1 8 1 2 4 8 16 32 64 128
411 604 602 0  20 1 8 1 2 4 8 16 32 64 128
412 355 704 0  35 1 8 1 2 4 8 16 32 64 128
413 676 636 0  39 1 8 1 2 4 8 16 32 64 128
414 830 300 0  42 1 8 1 2 4 8 16 32 64 128
415 223 678 0  32 1 8 1 2 4 8 16 32 64 128
416 530 941 0  64 1 8 1 2 4 8 16 32 64 128
417 531 159 0  18 1 8 1 2 4 8 16 32 64 128
418 438 133 0  16 1 8 1 2 4 8 16 32 64 128
419 542 355 0  72 1 8 1 2 4 8 16 32 64 128
420 542 810 0   1 1 8 1 2 4 8 16 32 64 128
421 232 376 0  87 1 8 1 2 4 8 16 32 64 128
422 487 582 0   3 1 8 1 2 4 8 16 32 64 128
423 366 204 0  99 1 8 1 2 4 8 16 32 64 128
424 854 565 0  89 1 8 1 2 4 8 16 32 64 128
425 225 935 0  49 1 8 1 2 4 8 16 32 64 128
426 432 405 0  87 1 8 1 2 4 8 16 32 64 128
427 510   8 0  14 1 8 1 2 4 8 16 32 64 128
428 561 294 0  49 1 8 1 2 4 8 16 32 64 128
429 267  46 0  20 1 8 1 2 4 8 16 32 64 128
430 915 659 0  68 1 8 1 2 4 8 16 32 64 128
431 857 137 0  37 1 8 1 2 4 8 16 32 64 128
432 245 192 0  81 1 8 1 2 4 8 16 32 64 128
433 757 100 0  93 1 8 1 2 4 8 16 32 64 128
434 321 958 0  75 1 8 1 2 4 8 16 32 64 128
435 735 301 0  69 1 8 1 2 4 8 16 32 64 128
436 373 239 0  42 1 8 1 2 4 8 16 32 64 128
437 116 612 0  58 1 8 1 2 4 8 16 32 64 128
438 906 715 0  27 1 8 1 2 4 8 16 32 64 128
439 661 235 0  51 1 8 1 2 4 8 16 32 64 128
440 882 263 0  97 1 8 1 2 4 8 16 32 64 128
441 442 229 0  17 1 8 1 2 4 8 16 32 64 128
442 906 558 0  63 1 8 1 2 4 8 16 32 64 128
443 237 142 0  18 1 8 1 2 4 8 16 32 64 128
444 413 585 0  53 1 8 1 2 4 8 16 32 64 128
445 407 280 0  25 1 8 1 2 4 8 16 32 64 128
446 207 321 0  15 1 8 1 2 4 8 16 32 64 128
447 675 185 0  15 1 8 1 2 4 8 16 32 64 128
448 244 587 0  27 1 8 1 2 4 8 16 32 64 128
449 538 734 0   9 1 8 1 2 4 8 16 32 64 128
450  13 296 0  87 1 8 1 2 4 8 16 32 64 128
451  56 756 0  13 1 8 1 2 4 8 16 32 64 128
452 477 783 0  22 1 8 1 2 4 8 16 32 64 128
453 183 847 0  20 1 8 1 2 4 8 16 32 64 128
454 756 248 0  68 1 8 1 2 4 8 16 32 64 128
455 253 925 0  18 1 8 1 2 4 8 16 32 64 128
456 126 477 0  17 1 8 1 2 4 8 16 32 64 128
457 742 718 0  27 1 8 1 2 4 8 16 32 64 128
458 765 855 0  67 1 8 1 2 4 8 16 32 64 128
459 231 862 0   1 1 8 1 2 4 8 16 32 64 128
460 216 244 0  60 1 8 1 2 4 8 16 32 64 128
461 853 288 0  89 1 8 1 2 4 8 16 32 64 128
462 811 173 0  80 1 8 1 2 4 8 16 32 64 128
463 718  80 0  73 1 8 1 2 4 8 16 32 64 128
464 574 937 0  67 1 8 1 2 4 8 16 32 64 128
465 181 370 0  46 1 8 1 2 4 8 16 32 64 128
466 985 156 0  88 1 8 1 2 4 8 16 32 64 128
467 410 137 0  28 1 8 1 2 4 8 16 32 64 128
468 878 381 0  56 1 8 1 2 4 8 16 32 64 128
469 296 945 0   8 1 8 1 2 4 8 16 32 64 128
470 786 924 0  83 1 8 1 2 4 8 16 32 64 128
471 471 192 0  29 1 8 1 2 4 8 16 32 64 128
472 383 964 0  16 1 8 1 2 4 8 16 32 64 128
473 303 471 0  58 1 8 1 2 4 8 16 32 64 128
474 451 576 0   5 1 8 1 2 4 8 16 32 64 128
475  64 704 0  46 1 8 1 2 4 8 16 32 64 128
476 426 554 0  71 1 8 1 2 4 8 16 32 64 128
477 163 355 0  16 1 8 1 2 4 8 16 32 64 128
478 154 420 0  73 1 8 1 2 4 8 16 32 64 128
479 706 659 0  24 1 8 1 2 4 8 16 32 64 128
480 279 373 0  86 1 8 1 2 4 8 16 32 64 128
481 391 484 0  52 1 8 1 2 4 8 16 32 64 128
482 782 324 0  29 1 8 1 2 4 8 16 32 64 128
483 705 367 0  73 1 8 1 2 4 8 16 32 64 128
484 976 920 0  68 1 8 1 2 4 8 16 32 64 128
485   4 243 0  81 1 8 1 2 4 8 16 32 64 128
486 678 987 0  42 1 8 1 2 4 8 16 32 64 128
487 698 559 0   3 1 8 1 2 4 8 16 32 64 128
488 955 838 0   8 1 8 1 2 4 8 16 32 64 128
489 870 849 0  70 1 8 1 2 4 8 16 32 64 128
490 308 793 0  99 1 8 1 2 4 8 16 32 64 128
491 525 543 0  75 1 8 1 2 4 8 16 32 64 128
492 378 529 0  63 1 8 1 2 4 8 16 32 64 128
493 998  49 0  41 1 8 1 2 4 8 16 32 64 128
494 382  29 0  45 1 8 1 2 4 8 16 32 64 128
495 100 553 0  74 1 8 1 2 4 8 16 32 64 128
496 727 118 0  44 1 8 1 2 4 8 16 32 64 128
497 300 463 0   8 1 8 1 2 4 8 16 32 64 128
498 109 426 0  68 1 8 1 2 4 8 16 32 64 128
499 281  17 0   2 1 8 1 2 4 8 16 32 64 128
500 315 370 0  84 1 8 1 2 4 8 16 32 64 128
501 468 118 0  11 1 8 1 2 4 8 16 32 64 128
502  71 212 0  84 1 8 1 2 4 8 16 32 64 128
503 534 297 0  72 1 8 1 2 4 8 16 32 64 128
504 702 961 0  87 1 8 1 2 4 8 16 32 64 128
505 906 676 0  30 1 8 1 2 4 8 16 32 64 128
506 547 951 0  15 1 8 1 2 4 8 16 32 64 128
507 460 756 0  95 1 8 1 2 4 8 16 32 64 128
508 753 133 0  43 1 8 1 2 4 8 16 32 64 128
509 477 776 0  14 1 8 1 2 4 8 16 32 64 128
510 316 900 0  56 1 8 1 2 4 8 16 32 64 128
511 463 105 0  56 1 8 1 2 4 8 16 32 64 128
512 832 635 0  69 1 8 1 2 4 8 16 32 64 128
513 131 613 0  14 1 8 1 2 4 8 16 32 64 128
514 187 643 0  62 1 8 1 2 4 8 16 32 64 128
515 647 150 0  45 1 8 1 2 4 8 16 32 64 128
516 672 613 0  73 1 8 1 2 4 8 16 32 64 128
517 825 807 0  77 1 8 1 2 4 8 16 32 64 128
518 225 663 0  90 1 8 1 2 4 8 16 32 64 128
519 705 785 0  93 1 8 1 2 4 8 16 32 64 128
520 661 592 0  89 1 8 1 2 4 8 16 32 64 128
521 432 199 0  18 1 8 1 2 4 8 16 32 64 128
522  98 119 0  87 1 8 1 2 4 8 16 32 64 128
523 705 575 0   5 1 8 1 2 4 8 16 32 64 128
524 727 736 0  56 1 8 1 2 4 8 16 32 64 128
525 106 732 0  46 1 8 1 2 4 8 16 32 64 128
526  98 974 0  49 1 8 1 2 4 8 16 32 64 128
527  96 833 0  73 1 8 1 2 4 8 16 32 64 128
528 543 997 0  82 1 8 1 2 4 8 16 32 64 128
529 678 206 0  40 1 8 1 2 4 8 16 32 64 128
530 918 469 0  23 1 8 1 2 4 8 16 32 64 128
531 509 551 0  19 1 8 1 2 4 8 16 32 64 128
532 845 564 0  89 1 8 1 2 4 8 16 32 64 128
533 660  21 0  38 1 8 1 2 4 8 16 32 64 128
534 784 535 0  34 1 8 1 2 4 8 16 32 64 128
535 163 712 0  70 1 8 1 2 4 8 16 32 64 128
536 622 812 0  60 1 8 1 2 4 8 16 32 64 128
537 395 455 0  63 1 8 1 2 4 8 16 32 64 128
538  68  64 0   9 1 8 1 2 4 8 16 32 64 128
539 629 596 0  17 1 8 1 2 4 8 16 32 64 128
540 840 627 0  55 1 8 1 2 4 8 16 32 64 128
541 458 312 0  32 1 8 1 2 4 8 16 32 64 128
542 717  79 0  49 1 8 1 2 4 8 16 32 64 128
543 245 635 0  64 1 8 1 2 4 8 16 32 64 128
544 740 790 0  40 1 8 1 2 4 8 16 32 64 128
545 836 283 0  97 1 8 1 2 4 8 16 32 64 128
546  72 456 0  56 1 8 1 2 4 8 16 32 64 128
547  79  32 0  99 1 8 1 2 4 8 16 32 64 128
548 308 529 0  25 1 8 1 2 4 8 16 32 64 128
549 687 926 0  34 1 8 1 2 4 8 16 32 64 128
550 536 236 0  92 1 8 1 2 4 8 16 32 64 128
551  40  24 0  65 1 8 1 2 4 8 16 32 64 128
552 930 941 0  60 1 8 1 2 4 8 16 32 64 128
553 149 350 0  71 1 8 1 2 4 8 16 32 64 128
554 432 836 0  67 1 8 1 2 4 8 16 32 64 128
555 531 257 0  66 1 8 1 2 4 8 16 32 64 128
556 405 717 0  95 1 8 1 2 4 8 16 32 64 128
557 814 545 0  40 1 8 1 2 4 8 16 32 64 128
558 959 440 0  83 1 8 1 2 4 8 16 32 64 128
559 237 914 0  61 1 8 1 2 4 8 16 32 64 128
560  53 616 0   7 1 8 1 2 4 8 16 32 64 128
561 345 534 0  31 1 8 1 2 4 8 16 32 64 128
562 189 662 0  31 1 8 1 2 4 8 16 32 64 128
563  36 935 0  79 1 8 1 2 4 8 16 32 64 128
564 146 139 0   7 1 8 1 2 4 8 16 32 64 128
565 231 690 0  97 1 8 1 2 4 8 16 32 64 128
566 288 378 0  95 1 8 1 2 4 8 16 32 64 128
567 794 954 0  99 1 8 1 2 4 8 16 32 64 128
568 124 726 0 100 1 8 1 2 4 8 16 32 64 128
569 441 107 0  10 1 8 1 2 4 8 16 32 64 128
570 749 368 0  34 1 8 1 2 4 8 16 32 64 128
571 789 487 0  71 1 8 1 2 4 8 16 32 64 128
572 165 874 0  99 1 8 1 2 4 8 16 32 64 128
573 500 714 0   7 1 8 1 2 4 8 16 32 64 128
574 130 565 0   6 1 8 1 2 4 8 16 32 64 128
575 682 512 0  18 1 8 1 2 4 8 16 32 64 128
576 874 601 0  68 1 8 1 2 4 8 16 32 64 128
577 751 164 0  99 1 8 1 2 4 8 16 32 64 128
578 908 795 0  91 1 8 1 2 4 8 16 32 64 128
579 630  64 0  37 1 8 1 2 4 8 16 32 64 128
580  19 575 0  52 1 8 1 2 4 8 16 32 64 128
581 680 328 0  48 1 8 1 2 4 8 16 32 64 128
582 370 959 0 100 1 8 1 2 4 8 16 32 64 128
583 100 516 0  11 1 8 1 2 4 8 16 32 64 128
584 826  71 0  75 1 8 1 2 4 8 16 32 64 128
585 823 378 0  27 1 8 1 2 4 8 16 32 64 128
586 679 782 0  60 1 8 1 2 4 8 16 32 64 128
587 865 214 0   1 1 8 1 2 4 8 16 32 64 128
588 455 808 0  45 1 8 1 2 4 8 16 32 64 128
589 561 581 0  16 1 8 1 2 4 8 16 32 64 128
590 649  89 0  72 1 8 1 2 4 8 16 32 64 128
591 752 500 0  47 1 8 1 2 4 8 16 32 64 128
592 799 102 0   7 1 8 1 2 4 8 16 32 64 128
593 544 284 0  66 1 8 1 2 4 8 16 32 64 128
594 902 417 0  81 1 8 1 2 4 8 16 32 64 128
595 353 474 0  40 1 8 1 2 4 8 16 32 64 128
596  20  46 0  15 1 8 1 2 4 8 16 32 64 128
597  90 689 0  71 1 8 1 2 4 8 16 32 64 128
598 867 103 0  54 1 8 1 2 4 8 16 32 64 128
599 965 630 0  61 1 8 1 2 4 8 16 32 64 128
600 182 310 0  38 1 8 1 2 4 8 16 32 64 128
601 457  27 0  31 1 8 1 2 4 8 16 32 64 128
602  95 722 0  91 1 8 1 2 4 8 16 32 64 128
603 631 205 0  83 1 8 1 2 4 8 16 32 64 128
604 143 404 0  54 1 8 1 2 4 8 16 32 64 128
605 108 824 0  40 1 8 1 2 4 8 16 32 64 128
606 838 583 0  50 1 8 1 2 4 8 16 32 64 128
607  16 113 0  59 1 8 1 2 4 8 16 32 64 128
608 919 712 0  14 1 8 1 2 4 8 16 32 64 128
609 136 398 0   7 1 8 1 2 4 8 16 32 64 128
610  89 457 0  42 1 8 1 2 4 8 16 32 64 128
611 310 183 0  31 1 8 1 2 4 8 16 32 64 128
612 467 992 0  98 1 8 1 2 4 8 16 32 64 128
613 976   8 0  41 1 8 1 2 4 8 16 32 64 128
614 466 129 0  96 1 8 1 2 4 8 16 32 64 128
615 784 881 0  81 1 8 1 2 4 8 16 32 64 128
616 489 662 0  34 1 8 1 2 4 8 16 32 64 128
617  78 844 0  75 1 8 1 2 4 8 16 32 64 128
618 367 566 0  50 1 8 1 2 4 8 16 32 64 128
619  75 906 0   4 1 8 1 2 4 8 16 32 64 128
620 601 364 0  35 1 8 1 2 4 8 16 32 64 128
621 814  75 0  59 1 8 1 2 4 8 16 32 64 128
622 169  36 0  97 1 8 1 2 4 8 16 32 64 128
623 586 880 0  48 1 8 1 2 4 8 16 32 64 128
624 452 443 0  99 1 8 1 2 4 8 16 32 64 128
625  60 919 0  54 1 8 1 2 4 8 16 32 64 128
626 134 702 0  84 1 8 1 2 4 8 16 32 64 128
627 834 330 0  80 1 8 1 2 4 8 16 32 64 128
628 764 599 0   6 1 8 1 2 4 8 16 32 64 128
629 224 370 0  25 1 8 1 2 4 8 16 32 64 128
630 386 222 0  32 1 8 1 2 4 8 16 32 64 128
631 662 458 0  73 1 8 1 2 4 8 16 32 64 128
632 358 912 0  95 1 8 1 2 4 8 16 32 64 128
633 129  81 0  91 1 8 1 2 4 8 16 32 64 128
634 105  36 0  67 1 8 1 2 4 8 16 32 64 128
635 387 920 0  98 1 8 1 2 4 8 16 32 64 128
636 560 828 0   1 1 8 1 2 4 8 16 32 64 128
637 633 327 0  26 1 8 1 2 4 8 16 32 64 128
638 950 208 0   1 1 8 1 2 4 8 16 32 64 128
639  92 814 0  66 1 8 1 2 4 8 16 32 64 128
640 228 826 0  25 1 8 1 2 4 8 16 32 64 128
641 999 251 0  34 1 8 1 2 4 8 16 32 64 128
642 315 200 0  17 1 8 1 2 4 8 16 32 64 128
643 187 295 0  82 1 8 1 2 4 8 16 32 64 128
644 254   6 0  84 1 8 1 2 4 8 16 32 64 128
645 893 124 0  63 1 8 1 2 4 8 16 32 64 128
646 289 936 0  19 1 8 1 2 4 8 16 32 64 128
647 408 416 0  92 1 8 1 2 4 8 16 32 64 128
648 589 247 0  37 1 8 1 2 4 8 16 32 64 128
649  69 510 0  21 1 8 1 2 4 8 16 32 64 128
650 652 439 0  35 1 8 1 2 4 8 16 32 64 128
651 804  21 0  26 1 8 1 2 4 8 16 32 64 128
652 281 894 0  84 1 8 1 2 4 8 16 32 64 128
653 207 764 0  46 1 8 1 2 4 8 16 32 64 128
654 817 727 0  50 1 8 1 2 4 8 16 32 64 128
655 174 729 0  46 1 8 1 2 4 8 16 32 64 128
656 854 157 0  37 1 8 1 2 4 8 16 32 64 128
657 355   6 0  29 1 8 1 2 4 8 16 32 64 128
658 912 116 0  67 1 8 1 2 4 8 16 32 64 128
659 353 743 0  83 1 8 1 2 4 8 16 32 64 128
660 362 235 0  50 1 8 1 2 4 8 16 32 64 128
661 364 559 0  93 1 8 1 2 4 8 16 32 64 128
662  89 485 0  52 1 8 1 2 4 8 16 32 64 128
663 423 517 0  34 1 8 1 2 4 8 16 32 64 128
664 109 630 0  58 1 8 1 2 4 8 16 32 64 128
665 624 170 0  77 1 8 1 2 4 8 16 32 64 128
666 250 370 0  97 1 8 1 2 4 8 16 32 64 128
667 386 524 0  85 1 8 1 2 4 8 16 32 64 128
668   3   3 0   1 1 8 1 2 4 8 16 32 64 128
669  98 354 0  77 1 8 1 2 4 8 16 32 64 128
670 611  59 0  93 1 8 1 2 4 8 16 32 64 128
671 242 224 0  69 1 8 1 2 4 8 16 32 64 128
672 183  48 0  30 1 8 1 2 4 8 16 32 64 128
673 511 901 0  19 1 8 1 2 4 8 16 32 64 128
674 850 303 0 100 1 8 1 2 4 8 16 32 64 128
675 954 366 0   1 1 8 1 2 4 8 16 32 64 128
676 532 770 0  55 1 8 1 2 4 8 16 32 64 128
677 990 985 0  26 1 8 1 2 4 8 16 32 64 128
678  92 983 0  68 1 8 1 2 4 8 16 32 64 128
679 219 989 0  61 1 8 1 2 4 8 16 32 64 128
680 544 751 0   1 1 8 1 2 4 8 16 32 64 128
681 734 625 0  96 1 8 1 2 4 8 16 32 64 128
682 330  89 0  43 1 8 1 2 4 8 16 32 64 128
683 589 730 0  41 1 8 1 2 4 8 16 32 64 128
684 941 512 0  45 1 8 1 2 4 8 16 32 64 128
685  53 421 0  84 1 8 1 2 4 8 16 32 64 128
686 388 359 0  43 1 8 1 2 4 8 16 32 64 128
687 393 680 0  81 1 8 1 2 4 8 16 32 64 128
688 196 905 0  64 1 8 1 2 4 8 16 32 64 128
689  11  90 0  51 1 8 1 2 4 8 16 32 64 128
690 374 876 0  30 1 8 1 2 4 8 16 32 64 128
691 935 667 0  49 1 8 1 2 4 8 16 32 64 128
692 190 629 0  58 1 8 1 2 4 8 16 32 64 128
693 445 159 0  75 1 8 1 2 4 8 16 32 64 128
694 125 875 0  28 1 8 1 2 4 8 16 32 64 128
695 998 732 0  76 1 8 1 2 4 8 16 32 64 128
696 326 770 0  96 1 8 1 2 4 8 16 32 64 128
697 195 290 0  89 1 8 1 2 4 8 16 32 64 128
698 135 991 0  48 1 8 1 2 4 8 16 32 64 128
699 158 497 0  70 1 8 1 2 4 8 16 32 64 128
700   3 139 0  73 1 8 1 2 4 8 16 32 64 128
701 287 282 0  62 1 8 1 2 4 8 16 32 64 128
702 765  40 0  90 1 8 1 2 4 8 16 32 64 128
703 255 116 0  48 1 8 1 2 4 8 16 32 64 128
704 123 347 0  89 1 8 1 2 4 8 16 32 64 128
705 689 531 0  48 1 8 1 2 4 8 16 32 64 128
706  45 901 0  28 1 8 1 2 4 8 16 32 64 128
707  91 531 0  36 1 8 1 2 4 8 16 32 64 128
708 594 366 0  20 1 8 1 2 4 8 16 32 64 128
709   2 262 0  86 1 8 1 2 4 8 16 32 64 128
710 293 139 0  81 1 8 1 2 4 8 16 32 64 128
711 965 622 0  97 1 8 1 2 4 8 16 32 64 128
712 470 574 0  92 1 8 1 2 4 8 16 32 64 128
713 759 770 0  61 1 8 1 2 4 8 16 32 64 128
714 861 898 0  26 1 8 1 2 4 8 16 32 64 128
715 155 154 0   5 1 8 1 2 4 8 16 32 64 128
716 775 341 0  64 1 8 1 2 4 8 16 32 64 128
717  47  85 0  38 1 8 1 2 4 8 16 32 64 128
718 196 311 0  40 1 8 1 2 4 8 16 32 64 128
719 985 534 0  79 1 8 1 2 4 8 16 32 64 128
720 388 581 0  96 1 8 1 2 4 8 16 32 64 128
721 414 203 0  83 1 8 1 2 4 8 16 32 64 128
722 111 679 0   8 1 8 1 2 4 8 16 32 64 128
723 585 590 0  54 1 8 1 2 4 8 16 32 64 128
724 950 481 0  75 1 8 1 2 4 8 16 32 64 128
725 794 498 0  44 1 8 1 2 4 8 16 32 64 128
726 566 349 0  66 1 8 1 2 4 8 16 32 64 128
727 188 679 0  40 1 8 1 2 4 8 16 32 64 128
728 595 763 0  25 1 8 1 2 4 8 16 32 64 128
729 737 704 0  38 1 8 1 2 4 8 16 32 64 128
730 797 218 0  44 1 8 1 2 4 8 16 32 64 128
731 725 686 0   9 1 8 1 2 4 8 16 32 64 128
732 634 848 0  32 1 8 1 2 4 8 16 32 64 128
733 997 630 0  96 1 8 1 2 4 8 16 32 64 128
734 692 807 0   9 1 8 1 2 4 8 16 32 64 128
735 899 418 0  69 1 8 1 2 4 8 16 32 64 128
736 392  80 0  53 1 8 1 2 4 8 16 32 64 128
737 863 200 0  29 1 8 1 2 4 8 16 32 64 128
738 187 274 0  52 1 8 1 2 4 8 16 32 64 128
739 187 231 0  10 1 8 1 2 4 8 16 32 64 128
740 982 990 0  32 1 8 1 2 4 8 16 32 64 128
741 701 572 0  88 1 8 1 2 4 8 16 32 64 128
742 579 997 0 100 1 8 1 2 4 8 16 32 64 128
743 741 356 0  11 1 8 1 2 4 8 16 32 64 128
744 521 448 0  65 1 8 1 2 4 8 16 32 64 128
745 693 479 0  92 1 8 1 2 4 8 16 32 64 128
746 632 393 0  12 1 8 1 2 4 8 16 32 64 128
747 661 680 0  73 1 8 1 2 4 8 16 32 64 128
748 677 749 0  22 1 8 1 2 4 8 16 32 64 128
749  61 421 0   8 1 8 1 2 4 8 16 32 64 128
750 819 872 0  79 1 8 1 2 4 8 16 32 64 128
751 216 184 0  97 1 8 1 2 4 8 16 32 64 128
752 228  79 0  52 1 8 1 2 4 8 16 32 64 128
753  16 418 0   3 1 8 1 2 4 8 16 32 64 128
754 464  25 0  27 1 8 1 2 4 8 16 32 64 128
755 391 723 0  78 1 8 1 2 4 8 16 32 64 128
756 482  85 0  70 1 8 1 2 4 8 16 32 64 128
757 821 280 0  66 1 8 1 2 4 8 16 32 64 128
758 526 706 0  66 1 8 1 2 4 8 16 32 64 128
759   1 451 0  79 1 8 1 2 4 8 16 32 64 128
760 314 935 0  33 1 8 1 2 4 8 16 32 64 128
761 424 778 0  11 1 8 1 2 4 8 16 32 64 128
762 630 995 0  47 1 8 1 2 4 8 16 32 64 128
763 610 771 0  48 1 8 1 2 4 8 16 32 64 128
764 642 979 0  35 1 8 1 2 4 8 16 32 64 128
765 557  12 0  54 1 8 1 2 4 8 16 32 64 128
766 468 914 0  84 1 8 1 2 4 8 16 32 64 128
767 700 380 0  27 1 8 1 2 4 8 16 32 64 128
768 685 485 0  50 1 8 1 2 4 8 16 32 64 128
769 822  20 0  24 1 8 1 2 4 8 16 32 64 128
770 447 586 0  77 1 8 1 2 4 8 16 32 64 128
771 929 315 0  26 1 8 1 2 4 8 16 32 64 128
772 864 376 0  32 1 8 1 2 4 8 16 32 64 128
773 462 108 0   5 1 8 1 2 4 8 16 32 64 128
774 636 935 0   4 1 8 1 2 4 8 16 32 64 128
775 195 260 0  43 1 8 1 2 4 8 16 32 64 128
776 405 635 0  81 1 8 1 2 4 8 16 32 64 128
777  35 817 0  63 1 8 1 2 4 8 16 32 64 128
778 532 108 0  71 1 8 1 2 4 8 16 32 64 128
779 240 429 0  41 1 8 1 2 4 8 16 32 64 128
780 267 945 0  50 1 8 1 2 4 8 16 32 64 128
781 190  88 0  47 1 8 1 2 4 8 16 32 64 128
782 772 534 0  96 1 8 1 2 4 8 16 32 64 128
783 341 130 0  88 1 8 1 2 4 8 16 32 64 128
784 656 623 0  71 1 8 1 2 4 8 16 32 64 128
785 562 263 0  55 1 8 1 2 4 8 16 32 64 128
786 828 919 0  26 1 8 1 2 4 8 16 32 64 128
787 255 863 0   8 1 8 1 2 4 8 16 32 64 128
788 153 363 0  25 1 8 1 2 4 8 16 32 64 128
789 947 658 0  83 1 8 1 2 4 8 16 32 64 128
790 894 803 0  25 1 8 1 2 4 8 16 32 64 128
791 152 479 0  39 1 8 1 2 4 8 16 32 64 128
792 374 829 0  30 1 8 1 2 4 8 16 32 64 128
793 178 672 0  26 1 8 1 2 4 8 16 32 64 128
794 274 208 0  80 1 8 1 2 4 8 16 32 64 128
795 407 405 0  64 1 8 1 2 4 8 16 32 64 128
796 917 412 0  53 1 8 1 2 4 8 16 32 64 128
797 845 307 0  18 1 8 1 2 4 8 16 32 64 128
798 236  26 0  91 1 8 1 2 4 8 16 32 64 128
799 599 452 0  46 1 8 1 2 4 8 16 32 64 128
800 779 353 0  17 1 8 1 2 4 8 16 32 64 128
801 228 137 0   6 1 8 1 2 4 8 16 32 64 128
802 813 766 0  46 1 8 1 2 4 8 16 32 64 128
803 934 817 0  94 1 8 1 2 4 8 16 32 64 128
804 643 721 0  98 1 8 1 2 4 8 16 32 64 128
805 460 634 0  32 1 8 1 2 4 8 16 32 64 128
806 628 412 0  66 1 8 1 2 4 8 16 32 64 128
807 808  37 0  72 1 8 1 2 4 8 16 32 64 128
808 510 657 0  70 1 8 1 2 4 8 16 32 64 128
809 565  65 0  45 1 8 1 2 4 8 16 32 64 128
810 672 757 0   9 1 8 1 2 4 8 16 32 64 128
811 906 759 0  35 1 8 1 2 4 8 16 32 64 128
812 542 941 0  78 1 8 1 2 4 8 16 32 64 128
813  88 531 0  35 1 8 1 2 4 8 16 32 64 128
814 180 733 0  83 1 8 1 2 4 8 16 32 64 128
815 987  76 0  22 1 8 1 2 4 8 16 32 64 128
816 285 922 0  13 1 8 1 2 4 8 16 32 64 128
817 999 602 0  39 1 8 1 2 4 8 16 32 64 128
818 275 535 0  40 1 8 1 2 4 8 16 32 64 128
819 808 126 0 100 1 8 1 2 4 8 16 32 64 128
820 525  58 0  82 1 8 1 2 4 8 16 32 64 128
821 769 297 0  63 1 8 1 2 4 8 16 32 64 128
822  33 284 0 100 1 8 1 2 4 8 16 32 64 128
823 460 683 0  12 1 8 1 2 4 8 16 32 64 128
824 251 357 0  60 1 8 1 2 4 8 16 32 64 128
825 571 659 0  51 1 8 1 2 4 8 16 32 64 128
826 784 503 0   6 1 8 1 2 4 8 16 32 64 128
827 451 597 0  38 1 8 1 2 4 8 16 32 64 128
828 632 109 0   9 1 8 1 2 4 8 16 32 64 128
829 308 785 0  98 1 8 1 2 4 8 16 32 64 128
830 770  43 0  76 1 8 1 2 4 8 16 32 64 128
831 218 767 0  19 1 8 1 2 4 8 16 32 64 128
832 199 356 0  50 1 8 1 2 4 8 16 32 64 128
833  85  88 0  56 1 8 1 2 4 8 16 32 64 128
834  58 465 0  73 1 8 1 2 4 8 16 32 64 128
835 956 428 0  53 1 8 1 2 4 8 16 32 64 128
836 708 946 0   4 1 8 1 2 4 8 16 32 64 128
837 573 525 0  66 1 8 1 2 4 8 16 32 64 128
838 358 280 0  10 1 8 1 2 4 8 16 32 64 128
839 415 426 0  13 1 8 1 2 4 8 16 32 64 128
840 108 594 0  22 1 8 1 2 4 8 16 32 64 128
841  33 915 0  53 1 8 1 2 4 8 16 32 64 128
842 391 136 0   4 1 8 1 2 4 8 16 32 64 128
843 388 317 0  91 1 8 1 2 4 8 16 32 64 128
844 394 395 0  28 1 8 1 2 4 8 16 32 64 128
845 704 827 0  31 1 8 1 2 4 8 16 32 64 128
846 921 164 0  92 1 8 1 2 4 8 16 32 64 128
847 666 700 0  54 1 8 1 2 4 8 16 32 64 128
848 211 672 0  41 1 8 1 2 4 8 16 32 64 128
849 580  78 0  17 1 8 1 2 4 8 16 32 64 128
850 274 712 0  22 1 8 1 2 4 8 16 32 64 128
851 308 119 0  94 1 8 1 2 4 8 16 32 64 128
852 813 860 0  48 1 8 1 2 4 8 16 32 64 128
853 371 165 0  79 1 8 1 2 4 8 16 32 64 128
854 665 534 0   5 1 8 1 2 4 8 16 32 64 128
855 825  79 0  72 1 8 1 2 4 8 16 32 64 128
856  24 425 0  82 1 8 1 2 4 8 16 32 64 128
857 135 144 0  39 1 8 1 2 4 8 16 32 64 128
858 412 174 0  83 1 8 1 2 4 8 16 32 64 128
859  24 445 0  97 1 8 1 2 4 8 16 32 64 128
860 251 644 0   9 1 8 1 2 4 8 16 32 64 128
861 137 523 0  53 1 8 1 2 4 8 16 32 64 128
862 106 243 0 100 1 8 1 2 4 8 16 32 64 128
863 888 101 0  56 1 8 1 2 4 8 16 32 64 128
864 232 969 0  65 1 8 1 2 4 8 16 32 64 128
865 865 280 0  88 1 8 1 2 4 8 16 32 64 128
866 783 698 0  19 1 8 1 2 4 8 16 32 64 128
867 810 179 0  67 1 8 1 2 4 8 16 32 64 128
868 231 180 0   5 1 8 1 2 4 8 16 32 64 128
869  99 972 0  79 1 8 1 2 4 8 16 32 64 128
870 487 604 0   1 1 8 1 2 4 8 16 32 64 128
871 663 190 0  56 1 8 1 2 4 8 16 32 64 128
872 858 983 0  28 1 8 1 2 4 8 16 32 64 128
873 209 841 0  84 1 8 1 2 4 8 16 32 64 128
874 741 733 0  12 1 8 1 2 4 8 16 32 64 128
875  42 232 0  98 1 8 1 2 4 8 16 32 64 128
876 623 991 0   9 1 8 1 2 4 8 16 32 64 128
877 904 699 0  28 1 8 1 2 4 8 16 32 64 128
878 616 201 0  22 1 8 1 2 4 8 16 32 64 128
879 737 566 0  87 1 8 1 2 4 8 16 32 64 128
880 929 351 0  75 1 8 1 2 4 8 16 32 64 128
881 381 194 0  62 1 8 1 2 4 8 16 32 64 128
882 946 322 0  39 1 8 1 2 4 8 16 32 64 128
883 164 737 0  58 1 8 1 2 4 8 16 32 64 128
884 592 737 0  60 1 8 1 2 4 8 16 32 64 128
885 112 867 0  78 1 8 1 2 4 8 16 32 64 128
886 477 693 0   6 1 8 1 2 4 8 16 32 64 128
887 497 752 0  23 1 8 1 2 4 8 16 32 64 128
888  69 998 0  96 1 8 1 2 4 8 16 32 64 128
889 232 918 0  28 1 8 1 2 4 8 16 32 64 128
890 112 510 0  96 1 8 1 2 4 8 16 32 64 128
891 867 692 0  57 1 8 1 2 4 8 16 32 64 128
892 693  46 0  80 1 8 1 2 4 8 16 32 64 128
893 781 763 0  28 1 8 1 2 4 8 16 32 64 128
894 967 579 0  19 1 8 1 2 4 8 16 32 64 128
895  90 270 0  70 1 8 1 2 4 8 16 32 64 128
896 709 585 0  79 1 8 1 2 4 8 16 32 64 128
897 772 180 0  63 1 8 1 2 4 8 16 32 64 128
898 224  33 0  41 1 8 1 2 4 8 16 32 64 128
899 910 419 0  17 1 8 1 2 4 8 16 32 64 128
900  47 195 0  24 1 8 1 2 4 8 16 32 64 128
901 447 581 0  64 1 8 1 2 4 8 16 32 64 128
902 104 259 0  30 1 8 1 2 4 8 16 32 64 128
903 322 555 0  61 1 8 1 2 4 8 16 32 64 128
904 862 694 0   0 0 0
905 781 149 0   0 0 0
906 378 844 0   0 0 0
907 669 693 0   0 0 0
908  77 977 0   0 0 0
909 733 251 0   0 0 0
910 562 628 0   0 0 0
911  23 483 0   0 0 0
