2 194 1047 5
0 248
0 248
0 248
0 248
0 248
   1  486 821 0  54 1 5 1 2 4 8 16
   2  171 561 0  51 1 5 1 2 4 8 16
   3  229 186 0  71 1 5 1 2 4 8 16
   4  988 896 0  63 1 5 1 2 4 8 16
   5   27 338 0  57 1 5 1 2 4 8 16
   6  313 781 0  71 1 5 1 2 4 8 16
   7  371 104 0   4 1 5 1 2 4 8 16
   8  189 175 0  20 1 5 1 2 4 8 16
   9   49 617 0   3 1 5 1 2 4 8 16
  10  421  83 0  52 1 5 1 2 4 8 16
  11  478 296 0  36 1 5 1 2 4 8 16
  12  467 898 0  58 1 5 1 2 4 8 16
  13  751 460 0  64 1 5 1 2 4 8 16
  14  960 413 0  88 1 5 1 2 4 8 16
  15  309 685 0 100 1 5 1 2 4 8 16
  16  819 852 0  62 1 5 1 2 4 8 16
  17  901 159 0  19 1 5 1 2 4 8 16
  18   48 142 0  29 1 5 1 2 4 8 16
  19  304 293 0  28 1 5 1 2 4 8 16
  20  871 375 0  80 1 5 1 2 4 8 16
  21  360 369 0  35 1 5 1 2 4 8 16
  22  478 275 0  88 1 5 1 2 4 8 16
  23  390 563 0  89 1 5 1 2 4 8 16
  24  890  67 0  61 1 5 1 2 4 8 16
  25  485 607 0  98 1 5 1 2 4 8 16
  26  411 374 0   3 1 5 1 2 4 8 16
  27  326 585 0  78 1 5 1 2 4 8 16
  28  137  95 0  88 1 5 1 2 4 8 16
  29  375 108 0  64 1 5 1 2 4 8 16
  30  845 917 0  15 1 5 1 2 4 8 16
  31  184 635 0  62 1 5 1 2 4 8 16
  32  918 201 0   4 1 5 1 2 4 8 16
  33  647 701 0  31 1 5 1 2 4 8 16
  34  831 717 0  15 1 5 1 2 4 8 16
  35  517 827 0  81 1 5 1 2 4 8 16
  36  164 413 0  65 1 5 1 2 4 8 16
  37  934 928 0   4 1 5 1 2 4 8 16
  38   42 260 0  86 1 5 1 2 4 8 16
  39  369 593 0  44 1 5 1 2 4 8 16
  40  496 552 0  96 1 5 1 2 4 8 16
  41  303 669 0   9 1 5 1 2 4 8 16
  42  512  26 0  96 1 5 1 2 4 8 16
  43  267 331 0  11 1 5 1 2 4 8 16
  44  822 822 0  11 1 5 1 2 4 8 16
  45   31 144 0  73 1 5 1 2 4 8 16
  46  549 568 0  99 1 5 1 2 4 8 16
  47  300 967 0  55 1 5 1 2 4 8 16
  48  568  87 0  64 1 5 1 2 4 8 16
  49  881 397 0  12 1 5 1 2 4 8 16
  50  142 291 0  51 1 5 1 2 4 8 16
  51  849 649 0  15 1 5 1 2 4 8 16
  52  966 826 0  52 1 5 1 2 4 8 16
  53  511  73 0  96 1 5 1 2 4 8 16
  54  174 545 0   9 1 5 1 2 4 8 16
  55  312 289 0  52 1 5 1 2 4 8 16
  56  359 279 0  56 1 5 1 2 4 8 16
  57  730 708 0  82 1 5 1 2 4 8 16
  58  602 106 0  90 1 5 1 2 4 8 16
  59  190 225 0  20 1 5 1 2 4 8 16
  60  146 169 0  45 1 5 1 2 4 8 16
  61  820 661 0  68 1 5 1 2 4 8 16
  62  931 381 0  55 1 5 1 2 4 8 16
  63  821 370 0  78 1 5 1 2 4 8 16
  64  344 902 0  76 1 5 1 2 4 8 16
  65  165 735 0  67 1 5 1 2 4 8 16
  66  821 550 0  91 1 5 1 2 4 8 16
  67  384  29 0  43 1 5 1 2 4 8 16
  68  733  51 0  63 1 5 1 2 4 8 16
  69  664 143 0  40 1 5 1 2 4 8 16
  70  443 331 0  57 1 5 1 2 4 8 16
  71  336  17 0  66 1 5 1 2 4 8 16
  72  850 402 0  59 1 5 1 2 4 8 16
  73  874 605 0  92 1 5 1 2 4 8 16
  74  639  30 0  26 1 5 1 2 4 8 16
  75  667 774 0  15 1 5 1 2 4 8 16
  76  579 679 0  26 1 5 1 2 4 8 16
  77  555 787 0  89 1 5 1 2 4 8 16
  78  705 291 0  33 1 5 1 2 4 8 16
  79  172 781 0  62 1 5 1 2 4 8 16
  80  133 191 0  40 1 5 1 2 4 8 16
  81  812 733 0  82 1 5 1 2 4 8 16
  82  455 719 0  63 1 5 1 2 4 8 16
  83   94 361 0  58 1 5 1 2 4 8 16
  84  674 763 0  15 1 5 1 2 4 8 16
  85  720 304 0  92 1 5 1 2 4 8 16
  86  788 801 0  77 1 5 1 2 4 8 16
  87  422 612 0  49 1 5 1 2 4 8 16
  88  607 171 0  44 1 5 1 2 4 8 16
  89  310 115 0  90 1 5 1 2 4 8 16
  90  174 156 0  44 1 5 1 2 4 8 16
  91  133 637 0  40 1 5 1 2 4 8 16
  92  130 121 0 100 1 5 1 2 4 8 16
  93  943 743 0  59 1 5 1 2 4 8 16
  94  195 520 0  64 1 5 1 2 4 8 16
  95  563 665 0   6 1 5 1 2 4 8 16
  96  146 627 0   5 1 5 1 2 4 8 16
  97  384 742 0  62 1 5 1 2 4 8 16
  98   38 363 0  93 1 5 1 2 4 8 16
  99  306  23 0  49 1 5 1 2 4 8 16
 100  614 909 0  62 1 5 1 2 4 8 16
 101  205  85 0  55 1 5 1 2 4 8 16
 102   99 495 0 100 1 5 1 2 4 8 16
 103  734  36 0  23 1 5 1 2 4 8 16
 104  636 932 0  63 1 5 1 2 4 8 16
 105  857 741 0  57 1 5 1 2 4 8 16
 106  674 607 0  32 1 5 1 2 4 8 16
 107  455 925 0  72 1 5 1 2 4 8 16
 108  299 603 0  67 1 5 1 2 4 8 16
 109   10 878 0  19 1 5 1 2 4 8 16
 110   87 275 0  52 1 5 1 2 4 8 16
 111  197 172 0  70 1 5 1 2 4 8 16
 112  590 835 0   2 1 5 1 2 4 8 16
 113  422 407 0  87 1 5 1 2 4 8 16
 114  360 914 0  51 1 5 1 2 4 8 16
 115   95 900 0  10 1 5 1 2 4 8 16
 116  335 379 0  53 1 5 1 2 4 8 16
 117  793 910 0  90 1 5 1 2 4 8 16
 118  370 418 0  29 1 5 1 2 4 8 16
 119  229 558 0  32 1 5 1 2 4 8 16
 120  666 485 0  57 1 5 1 2 4 8 16
 121  966 251 0  79 1 5 1 2 4 8 16
 122  290 358 0  45 1 5 1 2 4 8 16
 123  639 142 0  57 1 5 1 2 4 8 16
 124   56 336 0  26 1 5 1 2 4 8 16
 125  821 777 0  30 1 5 1 2 4 8 16
 126  249  89 0  29 1 5 1 2 4 8 16
 127  194 710 0  89 1 5 1 2 4 8 16
 128   51 773 0  60 1 5 1 2 4 8 16
 129  758 669 0   7 1 5 1 2 4 8 16
 130  600  63 0  34 1 5 1 2 4 8 16
 131  910 445 0  64 1 5 1 2 4 8 16
 132  137 662 0  19 1 5 1 2 4 8 16
 133  944 446 0   1 1 5 1 2 4 8 16
 134  716 155 0  48 1 5 1 2 4 8 16
 135  847 688 0  74 1 5 1 2 4 8 16
 136  776 505 0  10 1 5 1 2 4 8 16
 137  973  81 0  30 1 5 1 2 4 8 16
 138  742 715 0  88 1 5 1 2 4 8 16
 139  619 344 0  69 1 5 1 2 4 8 16
 140  417 225 0  51 1 5 1 2 4 8 16
 141   46 271 0  97 1 5 1 2 4 8 16
 142  716  97 0  13 1 5 1 2 4 8 16
 143  996 662 0  85 1 5 1 2 4 8 16
 144  936 523 0  61 1 5 1 2 4 8 16
 145  578 937 0  28 1 5 1 2 4 8 16
 146  702 204 0  48 1 5 1 2 4 8 16
 147  668 238 0  33 1 5 1 2 4 8 16
 148  378 482 0  69 1 5 1 2 4 8 16
 149  169 452 0  89 1 5 1 2 4 8 16
 150  911 233 0  96 1 5 1 2 4 8 16
 151  536   4 0  98 1 5 1 2 4 8 16
 152   84 804 0  14 1 5 1 2 4 8 16
 153  765 746 0  43 1 5 1 2 4 8 16
 154  534 553 0  78 1 5 1 2 4 8 16
 155  513 178 0  23 1 5 1 2 4 8 16
 156  185 651 0  71 1 5 1 2 4 8 16
 157  283 350 0  26 1 5 1 2 4 8 16
 158  622 673 0  60 1 5 1 2 4 8 16
 159  834 408 0  35 1 5 1 2 4 8 16
 160   44 478 0  34 1 5 1 2 4 8 16
 161   14 505 0  79 1 5 1 2 4 8 16
 162  118 990 0  36 1 5 1 2 4 8 16
 163  204 882 0  43 1 5 1 2 4 8 16
 164  363 399 0  91 1 5 1 2 4 8 16
 165  508 255 0  97 1 5 1 2 4 8 16
 166  446 170 0  52 1 5 1 2 4 8 16
 167  436 287 0   3 1 5 1 2 4 8 16
 168  780 476 0  34 1 5 1 2 4 8 16
 169  204  29 0  16 1 5 1 2 4 8 16
 170    5 972 0  76 1 5 1 2 4 8 16
 171  968 183 0  75 1 5 1 2 4 8 16
 172  183 586 0  16 1 5 1 2 4 8 16
 173  223 207 0  19 1 5 1 2 4 8 16
 174  570 185 0  52 1 5 1 2 4 8 16
 175  595 503 0  35 1 5 1 2 4 8 16
 176  784 599 0  77 1 5 1 2 4 8 16
 177  849 243 0  84 1 5 1 2 4 8 16
 178  204 309 0   3 1 5 1 2 4 8 16
 179  799 778 0  90 1 5 1 2 4 8 16
 180   54  58 0  15 1 5 1 2 4 8 16
 181  358 713 0  93 1 5 1 2 4 8 16
 182  132 235 0  83 1 5 1 2 4 8 16
 183  444 484 0  57 1 5 1 2 4 8 16
 184  109 500 0  82 1 5 1 2 4 8 16
 185  328 193 0  32 1 5 1 2 4 8 16
 186  348  76 0  96 1 5 1 2 4 8 16
 187  712  60 0  45 1 5 1 2 4 8 16
 188  581 140 0  77 1 5 1 2 4 8 16
 189  188 956 0  74 1 5 1 2 4 8 16
 190  379 306 0  73 1 5 1 2 4 8 16
 191  861 226 0  21 1 5 1 2 4 8 16
 192  252 114 0  67 1 5 1 2 4 8 16
 193  656 748 0  55 1 5 1 2 4 8 16
 194  271 456 0  72 1 5 1 2 4 8 16
 195  417 766 0  75 1 5 1 2 4 8 16
 196  560 999 0  16 1 5 1 2 4 8 16
 197  711 772 0  24 1 5 1 2 4 8 16
 198  616 990 0  10 1 5 1 2 4 8 16
 199  452 882 0  94 1 5 1 2 4 8 16
 200  361 727 0  24 1 5 1 2 4 8 16
 201  556 715 0   8 1 5 1 2 4 8 16
 202  794 962 0  36 1 5 1 2 4 8 16
 203  895 877 0  10 1 5 1 2 4 8 16
 204  829 480 0   3 1 5 1 2 4 8 16
 205  533 324 0  77 1 5 1 2 4 8 16
 206  468 379 0  15 1 5 1 2 4 8 16
 207  555 408 0  95 1 5 1 2 4 8 16
 208  309 656 0  71 1 5 1 2 4 8 16
 209  834 440 0   6 1 5 1 2 4 8 16
 210  749 104 0   8 1 5 1 2 4 8 16
 211  334 943 0  11 1 5 1 2 4 8 16
 212  840 235 0  77 1 5 1 2 4 8 16
 213   63 394 0  74 1 5 1 2 4 8 16
 214  150 269 0  73 1 5 1 2 4 8 16
 215  464 763 0  61 1 5 1 2 4 8 16
 216  614  39 0  31 1 5 1 2 4 8 16
 217  635 536 0  56 1 5 1 2 4 8 16
 218  690 497 0  62 1 5 1 2 4 8 16
 219  885 824 0  72 1 5 1 2 4 8 16
 220  946  88 0  94 1 5 1 2 4 8 16
 221  898 605 0  83 1 5 1 2 4 8 16
 222  741 504 0  59 1 5 1 2 4 8 16
 223  611  39 0  87 1 5 1 2 4 8 16
 224  575 935 0  75 1 5 1 2 4 8 16
 225  645 787 0  98 1 5 1 2 4 8 16
 226  963   0 0   4 1 5 1 2 4 8 16
 227  772  87 0  19 1 5 1 2 4 8 16
 228  195 929 0  63 1 5 1 2 4 8 16
 229  237  61 0  37 1 5 1 2 4 8 16
 230  199  11 0  38 1 5 1 2 4 8 16
 231  525 618 0  18 1 5 1 2 4 8 16
 232  611  21 0  37 1 5 1 2 4 8 16
 233  820   1 0  43 1 5 1 2 4 8 16
 234  614 395 0   8 1 5 1 2 4 8 16
 235  757 905 0  87 1 5 1 2 4 8 16
 236   27 404 0  46 1 5 1 2 4 8 16
 237  614  74 0  54 1 5 1 2 4 8 16
 238  480 854 0  83 1 5 1 2 4 8 16
 239  369 193 0  67 1 5 1 2 4 8 16
 240  974 800 0  24 1 5 1 2 4 8 16
 241  767 807 0  13 1 5 1 2 4 8 16
 242  480 286 0   8 1 5 1 2 4 8 16
 243  887 703 0  98 1 5 1 2 4 8 16
 244  214 576 0  22 1 5 1 2 4 8 16
 245  969  18 0  18 1 5 1 2 4 8 16
 246  846 707 0  76 1 5 1 2 4 8 16
 247  757 866 0  98 1 5 1 2 4 8 16
 248  155 894 0  41 1 5 1 2 4 8 16
 249  241 944 0  78 1 5 1 2 4 8 16
 250  851 198 0  26 1 5 1 2 4 8 16
 251  364 196 0  82 1 5 1 2 4 8 16
 252  814 430 0   1 1 5 1 2 4 8 16
 253  846 100 0  50 1 5 1 2 4 8 16
 254  156 351 0   5 1 5 1 2 4 8 16
 255   37 984 0  11 1 5 1 2 4 8 16
 256  529 255 0  40 1 5 1 2 4 8 16
 257  755 413 0  68 1 5 1 2 4 8 16
 258   67 316 0  66 1 5 1 2 4 8 16
 259  779 764 0  77 1 5 1 2 4 8 16
 260  730 415 0  82 1 5 1 2 4 8 16
 261  665 939 0  49 1 5 1 2 4 8 16
 262  969 484 0  74 1 5 1 2 4 8 16
 263  638 636 0  63 1 5 1 2 4 8 16
 264  823  54 0  42 1 5 1 2 4 8 16
 265  305 461 0  74 1 5 1 2 4 8 16
 266  407 860 0   5 1 5 1 2 4 8 16
 267  642 359 0  84 1 5 1 2 4 8 16
 268  635 227 0  43 1 5 1 2 4 8 16
 269   50 442 0  97 1 5 1 2 4 8 16
 270  993 348 0  40 1 5 1 2 4 8 16
 271  241 782 0  39 1 5 1 2 4 8 16
 272  784 704 0  84 1 5 1 2 4 8 16
 273  649  98 0  68 1 5 1 2 4 8 16
 274  290 834 0  64 1 5 1 2 4 8 16
 275   28 270 0  53 1 5 1 2 4 8 16
 276  147 301 0  66 1 5 1 2 4 8 16
 277  849  62 0  62 1 5 1 2 4 8 16
 278   13  68 0  10 1 5 1 2 4 8 16
 279  406 504 0  83 1 5 1 2 4 8 16
 280  247 718 0  99 1 5 1 2 4 8 16
 281  639 750 0  48 1 5 1 2 4 8 16
 282    7 215 0  55 1 5 1 2 4 8 16
 283   98 246 0  45 1 5 1 2 4 8 16
 284  310 527 0  33 1 5 1 2 4 8 16
 285  998 961 0  31 1 5 1 2 4 8 16
 286   47 884 0  55 1 5 1 2 4 8 16
 287  400 667 0  44 1 5 1 2 4 8 16
 288  646  96 0  53 1 5 1 2 4 8 16
 289  624 765 0  14 1 5 1 2 4 8 16
 290   79 367 0   7 1 5 1 2 4 8 16
 291  720 295 0  75 1 5 1 2 4 8 16
 292  142 825 0  14 1 5 1 2 4 8 16
 293  801 659 0  46 1 5 1 2 4 8 16
 294  662 612 0  19 1 5 1 2 4 8 16
 295  209 591 0  52 1 5 1 2 4 8 16
 296  960  45 0  72 1 5 1 2 4 8 16
 297  459 933 0  97 1 5 1 2 4 8 16
 298  154 900 0  27 1 5 1 2 4 8 16
 299  510 238 0  89 1 5 1 2 4 8 16
 300  694  74 0 100 1 5 1 2 4 8 16
 301  553 496 0 100 1 5 1 2 4 8 16
 302  357  93 0  79 1 5 1 2 4 8 16
 303  696 417 0  82 1 5 1 2 4 8 16
 304  657 821 0  29 1 5 1 2 4 8 16
 305  907 229 0  82 1 5 1 2 4 8 16
 306  515 628 0   2 1 5 1 2 4 8 16
 307  885 530 0  94 1 5 1 2 4 8 16
 308  405 401 0   5 1 5 1 2 4 8 16
 309  685  51 0  40 1 5 1 2 4 8 16
 310  455 628 0  91 1 5 1 2 4 8 16
 311  717 440 0  79 1 5 1 2 4 8 16
 312  869 294 0  86 1 5 1 2 4 8 16
 313  856  94 0  42 1 5 1 2 4 8 16
 314  822 838 0  98 1 5 1 2 4 8 16
 315  412 932 0  35 1 5 1 2 4 8 16
 316  366 598 0   8 1 5 1 2 4 8 16
 317  539   4 0  29 1 5 1 2 4 8 16
 318  623 785 0  17 1 5 1 2 4 8 16
 319  779 205 0  31 1 5 1 2 4 8 16
 320  860 939 0  65 1 5 1 2 4 8 16
 321  288  65 0  80 1 5 1 2 4 8 16
 322  625 324 0  87 1 5 1 2 4 8 16
 323  279 776 0  39 1 5 1 2 4 8 16
 324  624 978 0   4 1 5 1 2 4 8 16
 325  251  68 0  29 1 5 1 2 4 8 16
 326  941 462 0  56 1 5 1 2 4 8 16
 327  754 546 0  73 1 5 1 2 4 8 16
 328  460 620 0  17 1 5 1 2 4 8 16
 329  824 117 0  32 1 5 1 2 4 8 16
 330  220 370 0  70 1 5 1 2 4 8 16
 331  724 736 0  70 1 5 1 2 4 8 16
 332  691 227 0  26 1 5 1 2 4 8 16
 333  359 761 0  76 1 5 1 2 4 8 16
 334  520 379 0  13 1 5 1 2 4 8 16
 335  607 465 0  87 1 5 1 2 4 8 16
 336  608  83 0  23 1 5 1 2 4 8 16
 337  838  39 0   8 1 5 1 2 4 8 16
 338  295 206 0  58 1 5 1 2 4 8 16
 339  535 608 0  41 1 5 1 2 4 8 16
 340  112 737 0  10 1 5 1 2 4 8 16
 341   34 888 0  45 1 5 1 2 4 8 16
 342  181 725 0  14 1 5 1 2 4 8 16
 343  161 645 0  34 1 5 1 2 4 8 16
 344   53 280 0  65 1 5 1 2 4 8 16
 345   44 677 0  44 1 5 1 2 4 8 16
 346  499 100 0  65 1 5 1 2 4 8 16
 347  280 938 0  79 1 5 1 2 4 8 16
 348  374 843 0  69 1 5 1 2 4 8 16
 349  469  70 0  71 1 5 1 2 4 8 16
 350  441 156 0  47 1 5 1 2 4 8 16
 351  294 397 0   5 1 5 1 2 4 8 16
 352  307 509 0  19 1 5 1 2 4 8 16
 353  924 237 0  52 1 5 1 2 4 8 16
 354  500 857 0  30 1 5 1 2 4 8 16
 355  968 226 0  68 1 5 1 2 4 8 16
 356  630 661 0   4 1 5 1 2 4 8 16
 357  740 459 0   5 1 5 1 2 4 8 16
 358  945 396 0  87 1 5 1 2 4 8 16
 359  942 756 0  30 1 5 1 2 4 8 16
 360  965 614 0  65 1 5 1 2 4 8 16
 361  567 894 0  52 1 5 1 2 4 8 16
 362  225 407 0  70 1 5 1 2 4 8 16
 363  516 661 0  82 1 5 1 2 4 8 16
 364  845 878 0  57 1 5 1 2 4 8 16
 365  834 837 0   4 1 5 1 2 4 8 16
 366  730 775 0  34 1 5 1 2 4 8 16
 367   71 246 0  81 1 5 1 2 4 8 16
 368  248 666 0  83 1 5 1 2 4 8 16
 369  924 702 0  11 1 5 1 2 4 8 16
 370  739 355 0  67 1 5 1 2 4 8 16
 371  187 254 0  11 1 5 1 2 4 8 16
 372  528  71 0  28 1 5 1 2 4 8 16
 373  934 253 0  93 1 5 1 2 4 8 16
 374  444  11 0  44 1 5 1 2 4 8 16
 375  439 604 0  27 1 5 1 2 4 8 16
 376  326 215 0  15 1 5 1 2 4 8 16
 377  344 896 0  88 1 5 1 2 4 8 16
 378  718 882 0  37 1 5 1 2 4 8 16
 379  566 681 0  96 1 5 1 2 4 8 16
 380  991 768 0  27 1 5 1 2 4 8 16
 381  805 724 0  60 1 5 1 2 4 8 16
 382  891 956 0  49 1 5 1 2 4 8 16
 383  547 827 0  23 1 5 1 2 4 8 16
 384  161 800 0  62 1 5 1 2 4 8 16
 385  921 755 0  10 1 5 1 2 4 8 16
 386  860 577 0  38 1 5 1 2 4 8 16
 387  575 555 0   7 1 5 1 2 4 8 16
 388  636  60 0  52 1 5 1 2 4 8 16
 389  158  70 0  84 1 5 1 2 4 8 16
 390  767 421 0  51 1 5 1 2 4 8 16
 391  585 835 0  14 1 5 1 2 4 8 16
 392  686 357 0  99 1 5 1 2 4 8 16
 393  831 364 0  94 1 5 1 2 4 8 16
 394  155 358 0   7 1 5 1 2 4 8 16
 395  639 635 0  93 1 5 1 2 4 8 16
 396  450 550 0  50 1 5 1 2 4 8 16
 397  937 381 0  40 1 5 1 2 4 8 16
 398  815 980 0  23 1 5 1 2 4 8 16
 399  119 704 0  42 1 5 1 2 4 8 16
 400  720 319 0  89 1 5 1 2 4 8 16
 401  565 267 0  97 1 5 1 2 4 8 16
 402  349 317 0  64 1 5 1 2 4 8 16
 403  357 211 0  58 1 5 1 2 4 8 16
 404  466 661 0  83 1 5 1 2 4 8 16
 405  673 883 0  78 1 5 1 2 4 8 16
 406  213 272 0  86 1 5 1 2 4 8 16
 407  614 183 0  72 1 5 1 2 4 8 16
 408  933 444 0  57 1 5 1 2 4 8 16
 409  979 408 0  85 1 5 1 2 4 8 16
 410  328  20 0  44 1 5 1 2 4 8 16
 411  607 559 0  14 1 5 1 2 4 8 16
 412   63 158 0  39 1 5 1 2 4 8 16
 413   49 969 0  52 1 5 1 2 4 8 16
 414  663 870 0  94 1 5 1 2 4 8 16
 415  355 201 0  63 1 5 1 2 4 8 16
 416  328 928 0  50 1 5 1 2 4 8 16
 417  319 293 0  34 1 5 1 2 4 8 16
 418  314 742 0  53 1 5 1 2 4 8 16
 419  690 907 0   5 1 5 1 2 4 8 16
 420  956 271 0   1 1 5 1 2 4 8 16
 421  342 879 0  54 1 5 1 2 4 8 16
 422  325 148 0  24 1 5 1 2 4 8 16
 423  427 585 0  57 1 5 1 2 4 8 16
 424  205  26 0  39 1 5 1 2 4 8 16
 425  991 927 0  11 1 5 1 2 4 8 16
 426  930 875 0  49 1 5 1 2 4 8 16
 427  723 450 0  67 1 5 1 2 4 8 16
 428  744 918 0  46 1 5 1 2 4 8 16
 429  626 757 0  33 1 5 1 2 4 8 16
 430  832  39 0  98 1 5 1 2 4 8 16
 431   22 397 0  45 1 5 1 2 4 8 16
 432   11 775 0  23 1 5 1 2 4 8 16
 433  730  85 0  13 1 5 1 2 4 8 16
 434  691 956 0   3 1 5 1 2 4 8 16
 435  614 193 0  16 1 5 1 2 4 8 16
 436  539 941 0  32 1 5 1 2 4 8 16
 437  253  91 0  63 1 5 1 2 4 8 16
 438  838 140 0  45 1 5 1 2 4 8 16
 439   69 529 0  98 1 5 1 2 4 8 16
 440  365 832 0  68 1 5 1 2 4 8 16
 441  376 328 0  11 1 5 1 2 4 8 16
 442  685   7 0  30 1 5 1 2 4 8 16
 443  508 198 0  69 1 5 1 2 4 8 16
 444  145  20 0   6 1 5 1 2 4 8 16
 445  477 701 0  44 1 5 1 2 4 8 16
 446  787 883 0  25 1 5 1 2 4 8 16
 447  898 575 0  15 1 5 1 2 4 8 16
 448  899 789 0  10 1 5 1 2 4 8 16
 449   77 351 0  87 1 5 1 2 4 8 16
 450   91 218 0  62 1 5 1 2 4 8 16
 451  164 697 0  44 1 5 1 2 4 8 16
 452   20 917 0  86 1 5 1 2 4 8 16
 453  272 362 0  58 1 5 1 2 4 8 16
 454   38 396 0  56 1 5 1 2 4 8 16
 455  519 945 0  33 1 5 1 2 4 8 16
 456  800 462 0  85 1 5 1 2 4 8 16
 457  458 329 0  14 1 5 1 2 4 8 16
 458   94 292 0  98 1 5 1 2 4 8 16
 459  890 648 0  77 1 5 1 2 4 8 16
 460   63 334 0  71 1 5 1 2 4 8 16
 461  683 751 0  75 1 5 1 2 4 8 16
 462  511 996 0  54 1 5 1 2 4 8 16
 463  649 500 0  22 1 5 1 2 4 8 16
 464  226 164 0  93 1 5 1 2 4 8 16
 465  402 312 0  75 1 5 1 2 4 8 16
 466  863 397 0  55 1 5 1 2 4 8 16
 467  307 228 0  18 1 5 1 2 4 8 16
 468  244 716 0  53 1 5 1 2 4 8 16
 469  557 125 0   7 1 5 1 2 4 8 16
 470  226 895 0  29 1 5 1 2 4 8 16
 471  701 514 0  21 1 5 1 2 4 8 16
 472  179 624 0  42 1 5 1 2 4 8 16
 473   59 202 0  13 1 5 1 2 4 8 16
 474  278 769 0   4 1 5 1 2 4 8 16
 475  509 865 0  76 1 5 1 2 4 8 16
 476   62  51 0  98 1 5 1 2 4 8 16
 477  336 186 0  82 1 5 1 2 4 8 16
 478  408 450 0  30 1 5 1 2 4 8 16
 479  425 432 0  68 1 5 1 2 4 8 16
 480  788 823 0  15 1 5 1 2 4 8 16
 481   97 117 0  10 1 5 1 2 4 8 16
 482   33 343 0  83 1 5 1 2 4 8 16
 483  499 606 0  47 1 5 1 2 4 8 16
 484   29 625 0  26 1 5 1 2 4 8 16
 485  664 525 0  68 1 5 1 2 4 8 16
 486  101 566 0  33 1 5 1 2 4 8 16
 487  923 326 0   7 1 5 1 2 4 8 16
 488   99 485 0  48 1 5 1 2 4 8 16
 489  404 291 0   5 1 5 1 2 4 8 16
 490  110 910 0  79 1 5 1 2 4 8 16
 491  953 181 0  25 1 5 1 2 4 8 16
 492  498  20 0  36 1 5 1 2 4 8 16
 493  959 521 0  23 1 5 1 2 4 8 16
 494  731 828 0  58 1 5 1 2 4 8 16
 495  891  40 0  84 1 5 1 2 4 8 16
 496   60  95 0  18 1 5 1 2 4 8 16
 497  134 253 0  80 1 5 1 2 4 8 16
 498  325 865 0  53 1 5 1 2 4 8 16
 499  920 237 0  36 1 5 1 2 4 8 16
 500  843 381 0  87 1 5 1 2 4 8 16
 501  472 667 0   8 1 5 1 2 4 8 16
 502  743 699 0  80 1 5 1 2 4 8 16
 503  822 172 0  77 1 5 1 2 4 8 16
 504  518 395 0  67 1 5 1 2 4 8 16
 505  646 836 0  30 1 5 1 2 4 8 16
 506  412 132 0  18 1 5 1 2 4 8 16
 507  755 581 0   8 1 5 1 2 4 8 16
 508  884 374 0  14 1 5 1 2 4 8 16
 509  800 894 0  55 1 5 1 2 4 8 16
 510  200 820 0  47 1 5 1 2 4 8 16
 511  900 542 0  89 1 5 1 2 4 8 16
 512  882  47 0  19 1 5 1 2 4 8 16
 513  593 384 0  53 1 5 1 2 4 8 16
 514  944 184 0  16 1 5 1 2 4 8 16
 515   65 483 0  74 1 5 1 2 4 8 16
 516  396 113 0  77 1 5 1 2 4 8 16
 517  814 693 0  38 1 5 1 2 4 8 16
 518  241 545 0  14 1 5 1 2 4 8 16
 519   54 438 0   6 1 5 1 2 4 8 16
 520  558 195 0  17 1 5 1 2 4 8 16
 521  244 219 0  49 1 5 1 2 4 8 16
 522  299 735 0  88 1 5 1 2 4 8 16
 523  976   2 0  65 1 5 1 2 4 8 16
 524  380 402 0  36 1 5 1 2 4 8 16
 525  624 211 0  31 1 5 1 2 4 8 16
 526   81 984 0  98 1 5 1 2 4 8 16
 527  538 531 0  90 1 5 1 2 4 8 16
 528  598 780 0  16 1 5 1 2 4 8 16
 529  860 197 0  71 1 5 1 2 4 8 16
 530   24 554 0  71 1 5 1 2 4 8 16
 531  657 609 0  77 1 5 1 2 4 8 16
 532  476 989 0  14 1 5 1 2 4 8 16
 533  495 930 0  91 1 5 1 2 4 8 16
 534   64 817 0  67 1 5 1 2 4 8 16
 535  365 774 0  11 1 5 1 2 4 8 16
 536  815 638 0  91 1 5 1 2 4 8 16
 537  408 334 0  11 1 5 1 2 4 8 16
 538  654 128 0  72 1 5 1 2 4 8 16
 539  793 171 0  59 1 5 1 2 4 8 16
 540  736 530 0  71 1 5 1 2 4 8 16
 541  158 454 0  39 1 5 1 2 4 8 16
 542  403 919 0  97 1 5 1 2 4 8 16
 543  121 909 0  72 1 5 1 2 4 8 16
 544  596 778 0  25 1 5 1 2 4 8 16
 545  103 406 0  77 1 5 1 2 4 8 16
 546  655 757 0  92 1 5 1 2 4 8 16
 547  686 215 0  23 1 5 1 2 4 8 16
 548  645  12 0  75 1 5 1 2 4 8 16
 549  834 995 0  11 1 5 1 2 4 8 16
 550   31 427 0  59 1 5 1 2 4 8 16
 551  320 839 0  69 1 5 1 2 4 8 16
 552  161 531 0 100 1 5 1 2 4 8 16
 553  265 832 0  88 1 5 1 2 4 8 16
 554  542 178 0  37 1 5 1 2 4 8 16
 555  598 337 0  99 1 5 1 2 4 8 16
 556  368 778 0  97 1 5 1 2 4 8 16
 557  289 135 0  56 1 5 1 2 4 8 16
 558   55 822 0  20 1 5 1 2 4 8 16
 559  136 175 0  20 1 5 1 2 4 8 16
 560  976 979 0  85 1 5 1 2 4 8 16
 561  910 275 0  65 1 5 1 2 4 8 16
 562  389 349 0   2 1 5 1 2 4 8 16
 563  348 924 0   7 1 5 1 2 4 8 16
 564  614 643 0  39 1 5 1 2 4 8 16
 565  371 269 0  41 1 5 1 2 4 8 16
 566  151 773 0  92 1 5 1 2 4 8 16
 567  274 905 0  69 1 5 1 2 4 8 16
 568  838  54 0  25 1 5 1 2 4 8 16
 569 1000 205 0  36 1 5 1 2 4 8 16
 570   69  87 0  86 1 5 1 2 4 8 16
 571   48 867 0  51 1 5 1 2 4 8 16
 572  140 358 0  58 1 5 1 2 4 8 16
 573  236 634 0  72 1 5 1 2 4 8 16
 574  657 950 0  54 1 5 1 2 4 8 16
 575  337 288 0  89 1 5 1 2 4 8 16
 576  955 772 0  95 1 5 1 2 4 8 16
 577   10 900 0  41 1 5 1 2 4 8 16
 578  236 253 0  89 1 5 1 2 4 8 16
 579  590  29 0  14 1 5 1 2 4 8 16
 580   28 457 0  66 1 5 1 2 4 8 16
 581  363 643 0  44 1 5 1 2 4 8 16
 582  879 306 0  48 1 5 1 2 4 8 16
 583  762 785 0  16 1 5 1 2 4 8 16
 584  637 656 0  58 1 5 1 2 4 8 16
 585  653  56 0  28 1 5 1 2 4 8 16
 586   29 224 0  51 1 5 1 2 4 8 16
 587  302 655 0  84 1 5 1 2 4 8 16
 588  982 289 0   1 1 5 1 2 4 8 16
 589  740 309 0  89 1 5 1 2 4 8 16
 590  410 262 0  75 1 5 1 2 4 8 16
 591   14  63 0  30 1 5 1 2 4 8 16
 592  462 237 0  36 1 5 1 2 4 8 16
 593  633 257 0  22 1 5 1 2 4 8 16
 594  665  49 0  66 1 5 1 2 4 8 16
 595  405 567 0  60 1 5 1 2 4 8 16
 596  318 992 0  35 1 5 1 2 4 8 16
 597  246 280 0  23 1 5 1 2 4 8 16
 598    6 324 0  18 1 5 1 2 4 8 16
 599   41 570 0  51 1 5 1 2 4 8 16
 600  377 984 0  40 1 5 1 2 4 8 16
 601  945  62 0   2 1 5 1 2 4 8 16
 602  444 686 0  47 1 5 1 2 4 8 16
 603  437 725 0  72 1 5 1 2 4 8 16
 604  469 941 0  85 1 5 1 2 4 8 16
 605  758 777 0  92 1 5 1 2 4 8 16
 606   68 231 0  52 1 5 1 2 4 8 16
 607  367 417 0  86 1 5 1 2 4 8 16
 608  782 768 0  24 1 5 1 2 4 8 16
 609  503 538 0  85 1 5 1 2 4 8 16
 610  120 755 0  44 1 5 1 2 4 8 16
 611  309 336 0  47 1 5 1 2 4 8 16
 612  347 164 0   8 1 5 1 2 4 8 16
 613  238 270 0  99 1 5 1 2 4 8 16
 614  768 584 0  24 1 5 1 2 4 8 16
 615  342 326 0  15 1 5 1 2 4 8 16
 616  626 201 0  85 1 5 1 2 4 8 16
 617  975 580 0  79 1 5 1 2 4 8 16
 618  374 702 0  24 1 5 1 2 4 8 16
 619  456 305 0  81 1 5 1 2 4 8 16
 620  910 446 0  74 1 5 1 2 4 8 16
 621  531 426 0  43 1 5 1 2 4 8 16
 622   23 386 0  55 1 5 1 2 4 8 16
 623  283 870 0  70 1 5 1 2 4 8 16
 624  251 934 0  42 1 5 1 2 4 8 16
 625  439  55 0  27 1 5 1 2 4 8 16
 626  201 684 0  21 1 5 1 2 4 8 16
 627  280 905 0  60 1 5 1 2 4 8 16
 628  833 474 0  70 1 5 1 2 4 8 16
 629    4 992 0  32 1 5 1 2 4 8 16
 630   11 661 0  85 1 5 1 2 4 8 16
 631  751 566 0  67 1 5 1 2 4 8 16
 632   69 219 0  53 1 5 1 2 4 8 16
 633  693 627 0  29 1 5 1 2 4 8 16
 634  859 497 0   3 1 5 1 2 4 8 16
 635  968 145 0  37 1 5 1 2 4 8 16
 636  308 960 0  66 1 5 1 2 4 8 16
 637  384 463 0  88 1 5 1 2 4 8 16
 638  250 972 0  95 1 5 1 2 4 8 16
 639   48 872 0  15 1 5 1 2 4 8 16
 640   93 268 0  55 1 5 1 2 4 8 16
 641  286 755 0  87 1 5 1 2 4 8 16
 642  959  37 0  67 1 5 1 2 4 8 16
 643  691 710 0  90 1 5 1 2 4 8 16
 644    5 677 0  56 1 5 1 2 4 8 16
 645  486 372 0  25 1 5 1 2 4 8 16
 646  316 665 0   8 1 5 1 2 4 8 16
 647  832 806 0  66 1 5 1 2 4 8 16
 648  715 125 0  56 1 5 1 2 4 8 16
 649  437 761 0   3 1 5 1 2 4 8 16
 650  801 305 0  32 1 5 1 2 4 8 16
 651  302 201 0  68 1 5 1 2 4 8 16
 652  334  25 0  82 1 5 1 2 4 8 16
 653  294 814 0  46 1 5 1 2 4 8 16
 654  480 722 0  76 1 5 1 2 4 8 16
 655  628 434 0  94 1 5 1 2 4 8 16
 656  688 451 0   9 1 5 1 2 4 8 16
 657  431 932 0  87 1 5 1 2 4 8 16
 658  601 993 0  25 1 5 1 2 4 8 16
 659  992 703 0  85 1 5 1 2 4 8 16
 660  985 943 0   2 1 5 1 2 4 8 16
 661  562 481 0  59 1 5 1 2 4 8 16
 662  878  78 0  74 1 5 1 2 4 8 16
 663  394 955 0  54 1 5 1 2 4 8 16
 664  639  47 0  74 1 5 1 2 4 8 16
 665  970 612 0  61 1 5 1 2 4 8 16
 666  443 475 0  88 1 5 1 2 4 8 16
 667  949 496 0  21 1 5 1 2 4 8 16
 668  610 186 0  69 1 5 1 2 4 8 16
 669   30 682 0  24 1 5 1 2 4 8 16
 670  212 192 0  18 1 5 1 2 4 8 16
 671  764 707 0  14 1 5 1 2 4 8 16
 672   64 348 0  52 1 5 1 2 4 8 16
 673    0 882 0  39 1 5 1 2 4 8 16
 674   41 418 0  49 1 5 1 2 4 8 16
 675  240 448 0  91 1 5 1 2 4 8 16
 676  950 834 0  71 1 5 1 2 4 8 16
 677  384 343 0  48 1 5 1 2 4 8 16
 678   59 392 0  98 1 5 1 2 4 8 16
 679  156 753 0  23 1 5 1 2 4 8 16
 680  416 647 0  61 1 5 1 2 4 8 16
 681  905 333 0  26 1 5 1 2 4 8 16
 682  511 544 0  86 1 5 1 2 4 8 16
 683  476 213 0  28 1 5 1 2 4 8 16
 684  504 677 0  88 1 5 1 2 4 8 16
 685  975 153 0  70 1 5 1 2 4 8 16
 686  569 814 0  88 1 5 1 2 4 8 16
 687  529 541 0   7 1 5 1 2 4 8 16
 688  718 295 0   5 1 5 1 2 4 8 16
 689  510 229 0  95 1 5 1 2 4 8 16
 690  839 625 0   7 1 5 1 2 4 8 16
 691  915 477 0   2 1 5 1 2 4 8 16
 692  633 300 0  20 1 5 1 2 4 8 16
 693  954  43 0  83 1 5 1 2 4 8 16
 694  437 875 0  15 1 5 1 2 4 8 16
 695  232  24 0  78 1 5 1 2 4 8 16
 696   63 667 0  70 1 5 1 2 4 8 16
 697  341 307 0  94 1 5 1 2 4 8 16
 698  960 743 0  48 1 5 1 2 4 8 16
 699  499 519 0  99 1 5 1 2 4 8 16
 700  835 559 0   2 1 5 1 2 4 8 16
 701  163 307 0  62 1 5 1 2 4 8 16
 702  364 978 0  76 1 5 1 2 4 8 16
 703  420  99 0  83 1 5 1 2 4 8 16
 704  551  11 0   9 1 5 1 2 4 8 16
 705  327  55 0  82 1 5 1 2 4 8 16
 706  619 284 0  38 1 5 1 2 4 8 16
 707  668 849 0  48 1 5 1 2 4 8 16
 708  419 523 0  26 1 5 1 2 4 8 16
 709  479 871 0  39 1 5 1 2 4 8 16
 710  164 564 0  92 1 5 1 2 4 8 16
 711  399 511 0  13 1 5 1 2 4 8 16
 712  380 489 0  32 1 5 1 2 4 8 16
 713  487 385 0   5 1 5 1 2 4 8 16
 714  468 371 0 100 1 5 1 2 4 8 16
 715  768 559 0  67 1 5 1 2 4 8 16
 716    9 721 0  88 1 5 1 2 4 8 16
 717  222 947 0   8 1 5 1 2 4 8 16
 718  672  86 0   2 1 5 1 2 4 8 16
 719    3 892 0  78 1 5 1 2 4 8 16
 720  376 240 0  84 1 5 1 2 4 8 16
 721  389 703 0  95 1 5 1 2 4 8 16
 722  245 896 0  15 1 5 1 2 4 8 16
 723  797 124 0  61 1 5 1 2 4 8 16
 724  569 955 0  76 1 5 1 2 4 8 16
 725  887  84 0  27 1 5 1 2 4 8 16
 726  399 987 0  18 1 5 1 2 4 8 16
 727  255  75 0  39 1 5 1 2 4 8 16
 728  847 389 0  16 1 5 1 2 4 8 16
 729  179 668 0  82 1 5 1 2 4 8 16
 730  883 297 0  42 1 5 1 2 4 8 16
 731  738  21 0  82 1 5 1 2 4 8 16
 732  472 621 0  44 1 5 1 2 4 8 16
 733  347  75 0  31 1 5 1 2 4 8 16
 734  352 760 0  34 1 5 1 2 4 8 16
 735  361 556 0  12 1 5 1 2 4 8 16
 736  272   0 0  48 1 5 1 2 4 8 16
 737  303 357 0  43 1 5 1 2 4 8 16
 738  200 225 0  76 1 5 1 2 4 8 16
 739  213 265 0  51 1 5 1 2 4 8 16
 740  853 313 0  80 1 5 1 2 4 8 16
 741   55 810 0  64 1 5 1 2 4 8 16
 742  993 101 0  27 1 5 1 2 4 8 16
 743  761  30 0  70 1 5 1 2 4 8 16
 744   62 276 0  18 1 5 1 2 4 8 16
 745  484 813 0  86 1 5 1 2 4 8 16
 746  927 125 0  79 1 5 1 2 4 8 16
 747  353 558 0  82 1 5 1 2 4 8 16
 748  835  80 0   5 1 5 1 2 4 8 16
 749  318 674 0  51 1 5 1 2 4 8 16
 750  357 741 0  46 1 5 1 2 4 8 16
 751   63  52 0  27 1 5 1 2 4 8 16
 752  932 561 0  89 1 5 1 2 4 8 16
 753  131 299 0  53 1 5 1 2 4 8 16
 754  341 680 0  44 1 5 1 2 4 8 16
 755   46 197 0  19 1 5 1 2 4 8 16
 756   27  59 0  10 1 5 1 2 4 8 16
 757  501 924 0  44 1 5 1 2 4 8 16
 758    5  54 0  92 1 5 1 2 4 8 16
 759  148 696 0  33 1 5 1 2 4 8 16
 760  365  44 0  90 1 5 1 2 4 8 16
 761   91 778 0   2 1 5 1 2 4 8 16
 762  395 151 0  35 1 5 1 2 4 8 16
 763  906 435 0   1 1 5 1 2 4 8 16
 764  346 860 0   4 1 5 1 2 4 8 16
 765   57 848 0  68 1 5 1 2 4 8 16
 766  210 907 0  34 1 5 1 2 4 8 16
 767  357 737 0  71 1 5 1 2 4 8 16
 768  261 201 0  93 1 5 1 2 4 8 16
 769  770 256 0  43 1 5 1 2 4 8 16
 770  533  85 0  35 1 5 1 2 4 8 16
 771  104  91 0  53 1 5 1 2 4 8 16
 772  376 783 0   2 1 5 1 2 4 8 16
 773  229 586 0  13 1 5 1 2 4 8 16
 774  162 527 0  10 1 5 1 2 4 8 16
 775  793 249 0  13 1 5 1 2 4 8 16
 776  901 334 0  57 1 5 1 2 4 8 16
 777  663 695 0  40 1 5 1 2 4 8 16
 778  989 674 0  73 1 5 1 2 4 8 16
 779  883  85 0  42 1 5 1 2 4 8 16
 780  500 517 0  97 1 5 1 2 4 8 16
 781  617 534 0  83 1 5 1 2 4 8 16
 782  471 988 0  90 1 5 1 2 4 8 16
 783  557 621 0  73 1 5 1 2 4 8 16
 784  244 464 0  81 1 5 1 2 4 8 16
 785  492 189 0  96 1 5 1 2 4 8 16
 786  639 197 0  75 1 5 1 2 4 8 16
 787  991 671 0  94 1 5 1 2 4 8 16
 788  454 136 0   5 1 5 1 2 4 8 16
 789  894 287 0  29 1 5 1 2 4 8 16
 790  555   7 0  28 1 5 1 2 4 8 16
 791  425 366 0  65 1 5 1 2 4 8 16
 792   48 781 0  71 1 5 1 2 4 8 16
 793  701 809 0  60 1 5 1 2 4 8 16
 794  510 641 0  70 1 5 1 2 4 8 16
 795  805 878 0  17 1 5 1 2 4 8 16
 796   26 183 0  14 1 5 1 2 4 8 16
 797  245 115 0   2 1 5 1 2 4 8 16
 798  233 222 0  11 1 5 1 2 4 8 16
 799   85   5 0  67 1 5 1 2 4 8 16
 800  204 790 0  20 1 5 1 2 4 8 16
 801  217 437 0  42 1 5 1 2 4 8 16
 802  639 379 0  96 1 5 1 2 4 8 16
 803  874 280 0  37 1 5 1 2 4 8 16
 804  806 407 0  67 1 5 1 2 4 8 16
 805  277 145 0  32 1 5 1 2 4 8 16
 806  952 685 0  91 1 5 1 2 4 8 16
 807  598 981 0  37 1 5 1 2 4 8 16
 808  613 685 0  65 1 5 1 2 4 8 16
 809  678  38 0  25 1 5 1 2 4 8 16
 810  217 633 0  42 1 5 1 2 4 8 16
 811  859 757 0  68 1 5 1 2 4 8 16
 812  329 287 0  27 1 5 1 2 4 8 16
 813  926 561 0  21 1 5 1 2 4 8 16
 814  330 839 0  31 1 5 1 2 4 8 16
 815  358 565 0  12 1 5 1 2 4 8 16
 816  924 907 0  87 1 5 1 2 4 8 16
 817  719 528 0  73 1 5 1 2 4 8 16
 818  107 256 0   9 1 5 1 2 4 8 16
 819  548 814 0  61 1 5 1 2 4 8 16
 820  691 334 0  32 1 5 1 2 4 8 16
 821  743 310 0  78 1 5 1 2 4 8 16
 822  961 656 0  23 1 5 1 2 4 8 16
 823  810 934 0  54 1 5 1 2 4 8 16
 824  590 655 0  12 1 5 1 2 4 8 16
 825  150 826 0   9 1 5 1 2 4 8 16
 826   38 872 0  62 1 5 1 2 4 8 16
 827   83 719 0   1 1 5 1 2 4 8 16
 828  198  96 0  17 1 5 1 2 4 8 16
 829  609 440 0   2 1 5 1 2 4 8 16
 830  423 480 0  24 1 5 1 2 4 8 16
 831  970 593 0  36 1 5 1 2 4 8 16
 832  906 347 0   2 1 5 1 2 4 8 16
 833  327 861 0  78 1 5 1 2 4 8 16
 834  803 185 0  62 1 5 1 2 4 8 16
 835   68 942 0   1 1 5 1 2 4 8 16
 836  745 274 0  17 1 5 1 2 4 8 16
 837  733 240 0  35 1 5 1 2 4 8 16
 838  910 137 0   1 1 5 1 2 4 8 16
 839   65 808 0  37 1 5 1 2 4 8 16
 840  892 115 0  21 1 5 1 2 4 8 16
 841  404 983 0  21 1 5 1 2 4 8 16
 842  243 299 0  53 1 5 1 2 4 8 16
 843  946 804 0  44 1 5 1 2 4 8 16
 844  805 718 0  39 1 5 1 2 4 8 16
 845  328 192 0  85 1 5 1 2 4 8 16
 846  354 920 0  33 1 5 1 2 4 8 16
 847  931 422 0  58 1 5 1 2 4 8 16
 848  623 725 0  49 1 5 1 2 4 8 16
 849  739 881 0  52 1 5 1 2 4 8 16
 850  382 910 0  54 1 5 1 2 4 8 16
 851  383 671 0  82 1 5 1 2 4 8 16
 852  256 634 0  93 1 5 1 2 4 8 16
 853  918 296 0  22 1 5 1 2 4 8 16
 854  887 135 0  77 1 5 1 2 4 8 16
 855   63 261 0  84 1 5 1 2 4 8 16
 856  116 388 0  45 1 5 1 2 4 8 16
 857  588 276 0  84 1 5 1 2 4 8 16
 858  631 949 0  93 1 5 1 2 4 8 16
 859  493 147 0  21 1 5 1 2 4 8 16
 860   17 907 0  80 1 5 1 2 4 8 16
 861  827 620 0  46 1 5 1 2 4 8 16
 862  923 454 0  17 1 5 1 2 4 8 16
 863  812 264 0  60 1 5 1 2 4 8 16
 864  379 108 0  35 1 5 1 2 4 8 16
 865  591  22 0  40 1 5 1 2 4 8 16
 866  404  27 0  78 1 5 1 2 4 8 16
 867  249  84 0   7 1 5 1 2 4 8 16
 868  394  18 0  43 1 5 1 2 4 8 16
 869  371 348 0  94 1 5 1 2 4 8 16
 870  119 131 0  69 1 5 1 2 4 8 16
 871  148  88 0  70 1 5 1 2 4 8 16
 872  734 813 0  86 1 5 1 2 4 8 16
 873  619 605 0  17 1 5 1 2 4 8 16
 874  895 747 0  49 1 5 1 2 4 8 16
 875  400 632 0  26 1 5 1 2 4 8 16
 876  877 696 0  39 1 5 1 2 4 8 16
 877  572 859 0  81 1 5 1 2 4 8 16
 878  330 485 0  96 1 5 1 2 4 8 16
 879    5 959 0  53 1 5 1 2 4 8 16
 880  158  13 0  34 1 5 1 2 4 8 16
 881  557 700 0   1 1 5 1 2 4 8 16
 882  392 760 0  67 1 5 1 2 4 8 16
 883  944 919 0  75 1 5 1 2 4 8 16
 884  452 318 0  30 1 5 1 2 4 8 16
 885  925  16 0  97 1 5 1 2 4 8 16
 886  874 176 0  64 1 5 1 2 4 8 16
 887  832 833 0  56 1 5 1 2 4 8 16
 888  893 180 0  67 1 5 1 2 4 8 16
 889  648 987 0  81 1 5 1 2 4 8 16
 890  745 349 0  45 1 5 1 2 4 8 16
 891  214 261 0  86 1 5 1 2 4 8 16
 892  639 365 0  40 1 5 1 2 4 8 16
 893  347 978 0  58 1 5 1 2 4 8 16
 894   75 482 0  76 1 5 1 2 4 8 16
 895   58 681 0  98 1 5 1 2 4 8 16
 896  493 328 0  35 1 5 1 2 4 8 16
 897  205 289 0  26 1 5 1 2 4 8 16
 898  686 299 0  93 1 5 1 2 4 8 16
 899  638 780 0   6 1 5 1 2 4 8 16
 900  610 627 0  35 1 5 1 2 4 8 16
 901  735  38 0   1 1 5 1 2 4 8 16
 902  859   6 0   2 1 5 1 2 4 8 16
 903   28 349 0  34 1 5 1 2 4 8 16
 904   75 948 0  53 1 5 1 2 4 8 16
 905  296 245 0  50 1 5 1 2 4 8 16
 906  129 760 0  16 1 5 1 2 4 8 16
 907  511 882 0  91 1 5 1 2 4 8 16
 908  422 932 0  85 1 5 1 2 4 8 16
 909  647  15 0   1 1 5 1 2 4 8 16
 910  164 191 0  43 1 5 1 2 4 8 16
 911  881 696 0  43 1 5 1 2 4 8 16
 912  458 979 0  58 1 5 1 2 4 8 16
 913   12 652 0  43 1 5 1 2 4 8 16
 914  451 329 0   5 1 5 1 2 4 8 16
 915  228 294 0  20 1 5 1 2 4 8 16
 916  548   4 0  42 1 5 1 2 4 8 16
 917  740 249 0   4 1 5 1 2 4 8 16
 918  896 334 0  90 1 5 1 2 4 8 16
 919  177 392 0  53 1 5 1 2 4 8 16
 920  851  13 0  19 1 5 1 2 4 8 16
 921   52 793 0  83 1 5 1 2 4 8 16
 922  408 594 0  29 1 5 1 2 4 8 16
 923  942 621 0  27 1 5 1 2 4 8 16
 924  534 121 0  49 1 5 1 2 4 8 16
 925  943 555 0  48 1 5 1 2 4 8 16
 926  457 895 0  40 1 5 1 2 4 8 16
 927  967  42 0  75 1 5 1 2 4 8 16
 928  110 823 0  31 1 5 1 2 4 8 16
 929  127 351 0  56 1 5 1 2 4 8 16
 930  787 415 0  14 1 5 1 2 4 8 16
 931  735 299 0  74 1 5 1 2 4 8 16
 932  697 998 0  40 1 5 1 2 4 8 16
 933  515 410 0  76 1 5 1 2 4 8 16
 934  271 499 0  26 1 5 1 2 4 8 16
 935  207 530 0  19 1 5 1 2 4 8 16
 936  118 570 0  91 1 5 1 2 4 8 16
 937  839 591 0  19 1 5 1 2 4 8 16
 938  450 126 0  94 1 5 1 2 4 8 16
 939  125  56 0  71 1 5 1 2 4 8 16
 940  539 279 0  51 1 5 1 2 4 8 16
 941  827 167 0  47 1 5 1 2 4 8 16
 942  662 999 0  75 1 5 1 2 4 8 16
 943  915 571 0  91 1 5 1 2 4 8 16
 944  645 263 0  80 1 5 1 2 4 8 16
 945  801 897 0   1 1 5 1 2 4 8 16
 946  747 804 0  29 1 5 1 2 4 8 16
 947  163 204 0  54 1 5 1 2 4 8 16
 948   75 853 0  97 1 5 1 2 4 8 16
 949  504 888 0  46 1 5 1 2 4 8 16
 950  944 135 0   1 1 5 1 2 4 8 16
 951  181 866 0  76 1 5 1 2 4 8 16
 952  557 577 0  28 1 5 1 2 4 8 16
 953  685 797 0  40 1 5 1 2 4 8 16
 954  315 379 0  33 1 5 1 2 4 8 16
 955  870 162 0  46 1 5 1 2 4 8 16
 956  832 320 0  28 1 5 1 2 4 8 16
 957  132 668 0   2 1 5 1 2 4 8 16
 958  455 807 0  22 1 5 1 2 4 8 16
 959  279 974 0   3 1 5 1 2 4 8 16
 960  942   4 0  99 1 5 1 2 4 8 16
 961  668 469 0  63 1 5 1 2 4 8 16
 962  924 996 0  33 1 5 1 2 4 8 16
 963  591 617 0  23 1 5 1 2 4 8 16
 964  258 227 0  76 1 5 1 2 4 8 16
 965  364 247 0  22 1 5 1 2 4 8 16
 966  205 637 0  42 1 5 1 2 4 8 16
 967  939 246 0  51 1 5 1 2 4 8 16
 968  974 401 0  38 1 5 1 2 4 8 16
 969  458 252 0  95 1 5 1 2 4 8 16
 970  485 621 0   6 1 5 1 2 4 8 16
 971  902 724 0  90 1 5 1 2 4 8 16
 972  941 676 0  52 1 5 1 2 4 8 16
 973  255 589 0 100 1 5 1 2 4 8 16
 974  986 643 0  43 1 5 1 2 4 8 16
 975  962 481 0  18 1 5 1 2 4 8 16
 976  317 173 0  44 1 5 1 2 4 8 16
 977  276 329 0  98 1 5 1 2 4 8 16
 978  689  17 0  85 1 5 1 2 4 8 16
 979  207 743 0  82 1 5 1 2 4 8 16
 980  709  62 0  40 1 5 1 2 4 8 16
 981  470 167 0  68 1 5 1 2 4 8 16
 982  924 618 0  19 1 5 1 2 4 8 16
 983  720 371 0  52 1 5 1 2 4 8 16
 984  147 648 0  83 1 5 1 2 4 8 16
 985  789 667 0  50 1 5 1 2 4 8 16
 986   88 219 0 100 1 5 1 2 4 8 16
 987  519 412 0   4 1 5 1 2 4 8 16
 988  846 710 0  42 1 5 1 2 4 8 16
 989  676 904 0  19 1 5 1 2 4 8 16
 990  373 689 0  71 1 5 1 2 4 8 16
 991  718  48 0  19 1 5 1 2 4 8 16
 992  530  60 0  43 1 5 1 2 4 8 16
 993  394 602 0  87 1 5 1 2 4 8 16
 994  733 881 0  10 1 5 1 2 4 8 16
 995  683 570 0   6 1 5 1 2 4 8 16
 996   47 470 0  70 1 5 1 2 4 8 16
 997  997 451 0  31 1 5 1 2 4 8 16
 998  493  46 0  60 1 5 1 2 4 8 16
 999   39 168 0  13 1 5 1 2 4 8 16
1000  113 801 0  46 1 5 1 2 4 8 16
1001  957  22 0  95 1 5 1 2 4 8 16
1002  377 935 0  82 1 5 1 2 4 8 16
1003  831 398 0  67 1 5 1 2 4 8 16
1004  970 402 0  17 1 5 1 2 4 8 16
1005   13 512 0  66 1 5 1 2 4 8 16
1006  787 485 0  35 1 5 1 2 4 8 16
1007  148 599 0  86 1 5 1 2 4 8 16
1008   23 525 0  12 1 5 1 2 4 8 16
1009  101 241 0  64 1 5 1 2 4 8 16
1010  148 760 0  26 1 5 1 2 4 8 16
1011  519 845 0  39 1 5 1 2 4 8 16
1012  134 678 0 100 1 5 1 2 4 8 16
1013  932 780 0  87 1 5 1 2 4 8 16
1014  298 126 0  32 1 5 1 2 4 8 16
1015  337 681 0  77 1 5 1 2 4 8 16
1016  280 826 0  29 1 5 1 2 4 8 16
1017  680  32 0  87 1 5 1 2 4 8 16
1018  245 985 0  68 1 5 1 2 4 8 16
1019   54 609 0  93 1 5 1 2 4 8 16
1020  829 807 0  68 1 5 1 2 4 8 16
1021  625 374 0  99 1 5 1 2 4 8 16
1022  416 193 0  11 1 5 1 2 4 8 16
1023   97  36 0  66 1 5 1 2 4 8 16
1024  975 894 0  62 1 5 1 2 4 8 16
1025  521 873 0  65 1 5 1 2 4 8 16
1026  971 452 0  30 1 5 1 2 4 8 16
1027  691 253 0  13 1 5 1 2 4 8 16
1028  881 708 0  60 1 5 1 2 4 8 16
1029  938 227 0  43 1 5 1 2 4 8 16
1030  197 680 0   7 1 5 1 2 4 8 16
1031  497 164 0  99 1 5 1 2 4 8 16
1032  821 365 0  25 1 5 1 2 4 8 16
1033  962 866 0  92 1 5 1 2 4 8 16
1034  915 928 0   2 1 5 1 2 4 8 16
1035  788 846 0  61 1 5 1 2 4 8 16
1036  387 347 0  62 1 5 1 2 4 8 16
1037   98  26 0 100 1 5 1 2 4 8 16
1038  597 927 0  10 1 5 1 2 4 8 16
1039  794 371 0   1 1 5 1 2 4 8 16
1040  579 854 0  28 1 5 1 2 4 8 16
1041  501 693 0  46 1 5 1 2 4 8 16
1042  673 761 0  84 1 5 1 2 4 8 16
1043  990 735 0  70 1 5 1 2 4 8 16
1044  834 582 0   9 1 5 1 2 4 8 16
1045   77 442 0   8 1 5 1 2 4 8 16
1046  241 315 0   4 1 5 1 2 4 8 16
1047  520 966 0  52 1 5 1 2 4 8 16
1048  269 163 0   0 0 0
1049  114 900 0   0 0 0
1050  430 652 0   0 0 0
1051  256 563 0   0 0 0
1052  148 414 0   0 0 0
