2 266 1050 4
0 248
0 248
0 248
0 248
   1 603  153 0   1 1 4 1 2 4 8
   2 118  662 0  85 1 4 1 2 4 8
   3 517  345 0  35 1 4 1 2 4 8
   4 817  370 0   6 1 4 1 2 4 8
   5 267  204 0  67 1 4 1 2 4 8
   6 963   78 0  30 1 4 1 2 4 8
   7 192  960 0  84 1 4 1 2 4 8
   8 623  546 0  42 1 4 1 2 4 8
   9 113  731 0  88 1 4 1 2 4 8
  10  48  748 0  41 1 4 1 2 4 8
  11 756   25 0  23 1 4 1 2 4 8
  12 199  584 0  77 1 4 1 2 4 8
  13 177  567 0  53 1 4 1 2 4 8
  14  21  393 0  82 1 4 1 2 4 8
  15 707   82 0  88 1 4 1 2 4 8
  16 399   76 0  88 1 4 1 2 4 8
  17 516  632 0  86 1 4 1 2 4 8
  18 654  620 0   8 1 4 1 2 4 8
  19  12  399 0   1 1 4 1 2 4 8
  20 898  504 0  98 1 4 1 2 4 8
  21 596  667 0  91 1 4 1 2 4 8
  22 383  718 0  77 1 4 1 2 4 8
  23 509  714 0  42 1 4 1 2 4 8
  24 573  679 0  25 1 4 1 2 4 8
  25 447  949 0  30 1 4 1 2 4 8
  26  19  977 0  15 1 4 1 2 4 8
  27 313  464 0  35 1 4 1 2 4 8
  28 780  518 0  40 1 4 1 2 4 8
  29 979  845 0  49 1 4 1 2 4 8
  30  10  487 0  98 1 4 1 2 4 8
  31  49  486 0  95 1 4 1 2 4 8
  32 273  524 0  20 1 4 1 2 4 8
  33  21   86 0  22 1 4 1 2 4 8
  34 975  545 0  92 1 4 1 2 4 8
  35 127  646 0  96 1 4 1 2 4 8
  36 172  143 0   3 1 4 1 2 4 8
  37 122  281 0 100 1 4 1 2 4 8
  38 207  327 0  17 1 4 1 2 4 8
  39 761  836 0  56 1 4 1 2 4 8
  40 278  679 0  76 1 4 1 2 4 8
  41 856  141 0  82 1 4 1 2 4 8
  42 691  886 0   9 1 4 1 2 4 8
  43 219  572 0  80 1 4 1 2 4 8
  44 816   23 0   5 1 4 1 2 4 8
  45 690   74 0  99 1 4 1 2 4 8
  46 218  619 0  37 1 4 1 2 4 8
  47 187  105 0  12 1 4 1 2 4 8
  48 757  549 0 100 1 4 1 2 4 8
  49 831  839 0  75 1 4 1 2 4 8
  50 769  433 0  50 1 4 1 2 4 8
  51   3  180 0  62 1 4 1 2 4 8
  52 538  169 0  53 1 4 1 2 4 8
  53 533  767 0  74 1 4 1 2 4 8
  54 577  461 0  24 1 4 1 2 4 8
  55 138  439 0  49 1 4 1 2 4 8
  56 994  756 0  23 1 4 1 2 4 8
  57 138  512 0  42 1 4 1 2 4 8
  58 446   82 0  57 1 4 1 2 4 8
  59 451  409 0  74 1 4 1 2 4 8
  60 208   61 0  91 1 4 1 2 4 8
  61 237  465 0  85 1 4 1 2 4 8
  62 131  719 0 100 1 4 1 2 4 8
  63 609  333 0  55 1 4 1 2 4 8
  64 703  701 0  27 1 4 1 2 4 8
  65 118   67 0  67 1 4 1 2 4 8
  66 519  858 0  38 1 4 1 2 4 8
  67 698  771 0  92 1 4 1 2 4 8
  68 430   34 0  29 1 4 1 2 4 8
  69 819  451 0  60 1 4 1 2 4 8
  70 998  240 0  90 1 4 1 2 4 8
  71  81  319 0  65 1 4 1 2 4 8
  72 734  942 0  95 1 4 1 2 4 8
  73 599  339 0  42 1 4 1 2 4 8
  74 820  117 0  52 1 4 1 2 4 8
  75 985  315 0  74 1 4 1 2 4 8
  76 242  636 0  37 1 4 1 2 4 8
  77 777  121 0  86 1 4 1 2 4 8
  78 269  500 0  60 1 4 1 2 4 8
  79 512  278 0  69 1 4 1 2 4 8
  80 143  491 0  73 1 4 1 2 4 8
  81 843    8 0  84 1 4 1 2 4 8
  82  71  294 0   7 1 4 1 2 4 8
  83 208   60 0  59 1 4 1 2 4 8
  84  65  476 0  59 1 4 1 2 4 8
  85 205  335 0   4 1 4 1 2 4 8
  86 148   58 0  67 1 4 1 2 4 8
  87 793  636 0  71 1 4 1 2 4 8
  88  78  384 0  91 1 4 1 2 4 8
  89 723  888 0  50 1 4 1 2 4 8
  90 107  629 0  96 1 4 1 2 4 8
  91 767  849 0  88 1 4 1 2 4 8
  92 308  654 0  71 1 4 1 2 4 8
  93 509  729 0  64 1 4 1 2 4 8
  94 302  743 0  15 1 4 1 2 4 8
  95 220  592 0  49 1 4 1 2 4 8
  96 527  579 0   4 1 4 1 2 4 8
  97 242  742 0  17 1 4 1 2 4 8
  98 537  561 0  23 1 4 1 2 4 8
  99 606  823 0  85 1 4 1 2 4 8
 100 481  896 0  59 1 4 1 2 4 8
 101 892  512 0  81 1 4 1 2 4 8
 102 519  595 0  26 1 4 1 2 4 8
 103 712  531 0  29 1 4 1 2 4 8
 104 157  564 0  69 1 4 1 2 4 8
 105 435   50 0  69 1 4 1 2 4 8
 106 802  250 0  74 1 4 1 2 4 8
 107 439  882 0  48 1 4 1 2 4 8
 108 593    7 0  24 1 4 1 2 4 8
 109 204  162 0  17 1 4 1 2 4 8
 110 323 1000 0   3 1 4 1 2 4 8
 111 247  626 0  97 1 4 1 2 4 8
 112 705  926 0   6 1 4 1 2 4 8
 113 451  374 0   8 1 4 1 2 4 8
 114 516   62 0  20 1 4 1 2 4 8
 115 217  812 0  23 1 4 1 2 4 8
 116 130  702 0   9 1 4 1 2 4 8
 117 964  739 0  65 1 4 1 2 4 8
 118 706  662 0  62 1 4 1 2 4 8
 119 966   10 0  20 1 4 1 2 4 8
 120 733   88 0  13 1 4 1 2 4 8
 121 834   51 0  40 1 4 1 2 4 8
 122 491  171 0  24 1 4 1 2 4 8
 123 436  621 0  62 1 4 1 2 4 8
 124 769  246 0   4 1 4 1 2 4 8
 125 644  757 0  92 1 4 1 2 4 8
 126 857  490 0  65 1 4 1 2 4 8
 127 309  582 0   6 1 4 1 2 4 8
 128 428  330 0  69 1 4 1 2 4 8
 129 115  286 0  76 1 4 1 2 4 8
 130 998   76 0  25 1 4 1 2 4 8
 131  73  979 0   1 1 4 1 2 4 8
 132 122   49 0  26 1 4 1 2 4 8
 133  35  665 0  61 1 4 1 2 4 8
 134 216   38 0  69 1 4 1 2 4 8
 135 721  416 0  39 1 4 1 2 4 8
 136 332  526 0  22 1 4 1 2 4 8
 137 790  215 0  12 1 4 1 2 4 8
 138 296   44 0   6 1 4 1 2 4 8
 139  95  722 0  10 1 4 1 2 4 8
 140 608   71 0  85 1 4 1 2 4 8
 141 336  592 0  77 1 4 1 2 4 8
 142 282  380 0  38 1 4 1 2 4 8
 143 921  458 0  18 1 4 1 2 4 8
 144 955  399 0  52 1 4 1 2 4 8
 145 451  748 0  87 1 4 1 2 4 8
 146 308  727 0  36 1 4 1 2 4 8
 147  73  689 0  65 1 4 1 2 4 8
 148 347  152 0  54 1 4 1 2 4 8
 149  91  352 0  31 1 4 1 2 4 8
 150  99   91 0   7 1 4 1 2 4 8
 151 513   50 0  63 1 4 1 2 4 8
 152  38  708 0  89 1 4 1 2 4 8
 153 631  149 0  89 1 4 1 2 4 8
 154 497  332 0  50 1 4 1 2 4 8
 155  80  898 0  41 1 4 1 2 4 8
 156 899   10 0  10 1 4 1 2 4 8
 157 582   72 0  10 1 4 1 2 4 8
 158  54  955 0  65 1 4 1 2 4 8
 159 230  380 0  61 1 4 1 2 4 8
 160 430  363 0  84 1 4 1 2 4 8
 161 329  578 0  80 1 4 1 2 4 8
 162 880  513 0  59 1 4 1 2 4 8
 163 150  909 0  92 1 4 1 2 4 8
 164 927  772 0   9 1 4 1 2 4 8
 165 104  938 0  39 1 4 1 2 4 8
 166 640  883 0   5 1 4 1 2 4 8
 167 974  499 0  12 1 4 1 2 4 8
 168 873  223 0  57 1 4 1 2 4 8
 169 673  394 0  51 1 4 1 2 4 8
 170 720  843 0  24 1 4 1 2 4 8
 171 442  524 0  82 1 4 1 2 4 8
 172 611  621 0  99 1 4 1 2 4 8
 173 203  315 0  42 1 4 1 2 4 8
 174 713  500 0  60 1 4 1 2 4 8
 175 687  405 0  29 1 4 1 2 4 8
 176 916  407 0  35 1 4 1 2 4 8
 177 254  109 0  84 1 4 1 2 4 8
 178 654  393 0  52 1 4 1 2 4 8
 179  74   53 0  58 1 4 1 2 4 8
 180 842  683 0  80 1 4 1 2 4 8
 181 687  505 0  24 1 4 1 2 4 8
 182 776  974 0  28 1 4 1 2 4 8
 183 439  739 0  26 1 4 1 2 4 8
 184 728  614 0  53 1 4 1 2 4 8
 185 796  666 0  52 1 4 1 2 4 8
 186 445  958 0  81 1 4 1 2 4 8
 187 836  907 0  89 1 4 1 2 4 8
 188 193  213 0  58 1 4 1 2 4 8
 189 215  469 0  17 1 4 1 2 4 8
 190 320  922 0  21 1 4 1 2 4 8
 191 208  309 0  81 1 4 1 2 4 8
 192 294  489 0  60 1 4 1 2 4 8
 193 936  297 0  48 1 4 1 2 4 8
 194 615  541 0  25 1 4 1 2 4 8
 195  32  360 0  92 1 4 1 2 4 8
 196 167   11 0  39 1 4 1 2 4 8
 197 627  175 0  21 1 4 1 2 4 8
 198 858  437 0  35 1 4 1 2 4 8
 199 624  157 0   4 1 4 1 2 4 8
 200 210  401 0  34 1 4 1 2 4 8
 201  42  876 0  79 1 4 1 2 4 8
 202 513  434 0  80 1 4 1 2 4 8
 203 242  723 0  29 1 4 1 2 4 8
 204 423  884 0  92 1 4 1 2 4 8
 205 937   26 0  62 1 4 1 2 4 8
 206 429  235 0  27 1 4 1 2 4 8
 207  87  655 0  36 1 4 1 2 4 8
 208 712  717 0  20 1 4 1 2 4 8
 209 549  685 0  94 1 4 1 2 4 8
 210 529  556 0  48 1 4 1 2 4 8
 211 810  972 0  44 1 4 1 2 4 8
 212 467  671 0  60 1 4 1 2 4 8
 213  15  201 0  18 1 4 1 2 4 8
 214 348   84 0  85 1 4 1 2 4 8
 215 129  861 0  39 1 4 1 2 4 8
 216 523  154 0  22 1 4 1 2 4 8
 217  65  301 0  97 1 4 1 2 4 8
 218 617  835 0  53 1 4 1 2 4 8
 219 187  422 0  89 1 4 1 2 4 8
 220  39  496 0   3 1 4 1 2 4 8
 221 813  723 0  56 1 4 1 2 4 8
 222 111  102 0  88 1 4 1 2 4 8
 223 670  738 0  98 1 4 1 2 4 8
 224 126  524 0  50 1 4 1 2 4 8
 225 325  602 0  31 1 4 1 2 4 8
 226 228  817 0  53 1 4 1 2 4 8
 227 409  793 0  13 1 4 1 2 4 8
 228 458  538 0  38 1 4 1 2 4 8
 229 444  740 0  40 1 4 1 2 4 8
 230 352  950 0   5 1 4 1 2 4 8
 231 779   69 0  86 1 4 1 2 4 8
 232 160  308 0  11 1 4 1 2 4 8
 233 640  260 0  51 1 4 1 2 4 8
 234 796  507 0  21 1 4 1 2 4 8
 235 423  583 0  19 1 4 1 2 4 8
 236 344  359 0  53 1 4 1 2 4 8
 237 619  258 0  48 1 4 1 2 4 8
 238 721  698 0  29 1 4 1 2 4 8
 239 700  246 0  29 1 4 1 2 4 8
 240 480  632 0  65 1 4 1 2 4 8
 241 482  481 0  55 1 4 1 2 4 8
 242 280  740 0  30 1 4 1 2 4 8
 243 788  596 0  91 1 4 1 2 4 8
 244 394  679 0  48 1 4 1 2 4 8
 245 895  828 0  51 1 4 1 2 4 8
 246 356  696 0  40 1 4 1 2 4 8
 247 300  768 0  50 1 4 1 2 4 8
 248 919  898 0  23 1 4 1 2 4 8
 249 100  843 0  58 1 4 1 2 4 8
 250 948  127 0  44 1 4 1 2 4 8
 251  60  238 0  76 1 4 1 2 4 8
 252 566  519 0  14 1 4 1 2 4 8
 253 428  844 0  55 1 4 1 2 4 8
 254 170  103 0  50 1 4 1 2 4 8
 255 336  266 0  98 1 4 1 2 4 8
 256 235  123 0  45 1 4 1 2 4 8
 257 537  800 0   6 1 4 1 2 4 8
 258 285   67 0  92 1 4 1 2 4 8
 259 360   62 0  91 1 4 1 2 4 8
 260 503  432 0  83 1 4 1 2 4 8
 261 460  107 0  19 1 4 1 2 4 8
 262 356  747 0  53 1 4 1 2 4 8
 263 302  197 0  26 1 4 1 2 4 8
 264 483  976 0  62 1 4 1 2 4 8
 265 311  149 0  76 1 4 1 2 4 8
 266 244   63 0  33 1 4 1 2 4 8
 267 837  779 0  65 1 4 1 2 4 8
 268 712  425 0  65 1 4 1 2 4 8
 269 765    0 0  86 1 4 1 2 4 8
 270 699   84 0  39 1 4 1 2 4 8
 271 114  105 0  16 1 4 1 2 4 8
 272 630   69 0  75 1 4 1 2 4 8
 273 775  798 0  32 1 4 1 2 4 8
 274 752  788 0  93 1 4 1 2 4 8
 275  95  590 0  98 1 4 1 2 4 8
 276  53  413 0  34 1 4 1 2 4 8
 277 672  467 0  83 1 4 1 2 4 8
 278 208  538 0  21 1 4 1 2 4 8
 279  81  976 0  32 1 4 1 2 4 8
 280 266  369 0  22 1 4 1 2 4 8
 281 158  339 0  96 1 4 1 2 4 8
 282 401   87 0  60 1 4 1 2 4 8
 283 634  380 0  12 1 4 1 2 4 8
 284 239  371 0  58 1 4 1 2 4 8
 285 647   26 0  74 1 4 1 2 4 8
 286 719  391 0  64 1 4 1 2 4 8
 287 772  429 0   8 1 4 1 2 4 8
 288 352   90 0  31 1 4 1 2 4 8
 289 852  720 0  21 1 4 1 2 4 8
 290  15  517 0  55 1 4 1 2 4 8
 291 583  906 0  86 1 4 1 2 4 8
 292 736  945 0  17 1 4 1 2 4 8
 293 315  211 0  20 1 4 1 2 4 8
 294 265  805 0  53 1 4 1 2 4 8
 295 777  673 0  12 1 4 1 2 4 8
 296 216  185 0  29 1 4 1 2 4 8
 297 607  900 0  87 1 4 1 2 4 8
 298 469  175 0   8 1 4 1 2 4 8
 299 655  619 0  33 1 4 1 2 4 8
 300 808  962 0  92 1 4 1 2 4 8
 301 379  944 0  42 1 4 1 2 4 8
 302 692  385 0   3 1 4 1 2 4 8
 303 560  247 0  22 1 4 1 2 4 8
 304 877   34 0   3 1 4 1 2 4 8
 305  96  702 0  89 1 4 1 2 4 8
 306  25  666 0  45 1 4 1 2 4 8
 307  82  941 0  14 1 4 1 2 4 8
 308 990  287 0  75 1 4 1 2 4 8
 309 201  664 0  32 1 4 1 2 4 8
 310 314  696 0  85 1 4 1 2 4 8
 311 196  268 0  20 1 4 1 2 4 8
 312 401  922 0 100 1 4 1 2 4 8
 313 428  280 0  41 1 4 1 2 4 8
 314 481  870 0  96 1 4 1 2 4 8
 315 773  803 0  73 1 4 1 2 4 8
 316 671  772 0  50 1 4 1 2 4 8
 317 561  394 0  89 1 4 1 2 4 8
 318 875  808 0  99 1 4 1 2 4 8
 319 927  332 0  46 1 4 1 2 4 8
 320 470   27 0  56 1 4 1 2 4 8
 321 530  451 0  38 1 4 1 2 4 8
 322 533  447 0  61 1 4 1 2 4 8
 323 470  382 0  14 1 4 1 2 4 8
 324 561  136 0  10 1 4 1 2 4 8
 325 776  944 0  73 1 4 1 2 4 8
 326 600  894 0   4 1 4 1 2 4 8
 327  25  549 0  51 1 4 1 2 4 8
 328 593  922 0  31 1 4 1 2 4 8
 329 925  547 0  54 1 4 1 2 4 8
 330 694  599 0  35 1 4 1 2 4 8
 331 426  832 0   6 1 4 1 2 4 8
 332 928  309 0  30 1 4 1 2 4 8
 333 306  287 0  76 1 4 1 2 4 8
 334 119  905 0  28 1 4 1 2 4 8
 335 155  299 0  35 1 4 1 2 4 8
 336 976  155 0  96 1 4 1 2 4 8
 337 788  735 0  83 1 4 1 2 4 8
 338 850  844 0  89 1 4 1 2 4 8
 339 185  596 0  54 1 4 1 2 4 8
 340 805  499 0  47 1 4 1 2 4 8
 341 637  552 0  56 1 4 1 2 4 8
 342 632  170 0  27 1 4 1 2 4 8
 343 223  995 0  98 1 4 1 2 4 8
 344 433  398 0  33 1 4 1 2 4 8
 345 650   96 0  66 1 4 1 2 4 8
 346  62  747 0  32 1 4 1 2 4 8
 347 715  534 0  24 1 4 1 2 4 8
 348 512  492 0  80 1 4 1 2 4 8
 349  93   49 0  74 1 4 1 2 4 8
 350 248  732 0  48 1 4 1 2 4 8
 351 295  227 0  55 1 4 1 2 4 8
 352 675  380 0  48 1 4 1 2 4 8
 353 681  584 0  86 1 4 1 2 4 8
 354 196  846 0  97 1 4 1 2 4 8
 355 133  716 0   2 1 4 1 2 4 8
 356 569  362 0  73 1 4 1 2 4 8
 357 176  130 0  33 1 4 1 2 4 8
 358 543  546 0  96 1 4 1 2 4 8
 359 939  435 0  40 1 4 1 2 4 8
 360 682  684 0  81 1 4 1 2 4 8
 361 495  375 0  86 1 4 1 2 4 8
 362 555  295 0  18 1 4 1 2 4 8
 363 563  362 0  92 1 4 1 2 4 8
 364 308  646 0  74 1 4 1 2 4 8
 365 426  345 0  52 1 4 1 2 4 8
 366 180  695 0  80 1 4 1 2 4 8
 367 874  874 0   2 1 4 1 2 4 8
 368 728  812 0  47 1 4 1 2 4 8
 369  58  453 0  98 1 4 1 2 4 8
 370 557  731 0   4 1 4 1 2 4 8
 371 545  659 0  67 1 4 1 2 4 8
 372 187  491 0  53 1 4 1 2 4 8
 373 364  495 0  30 1 4 1 2 4 8
 374 701  833 0  28 1 4 1 2 4 8
 375 901  614 0  19 1 4 1 2 4 8
 376 693  804 0  67 1 4 1 2 4 8
 377 984  796 0   8 1 4 1 2 4 8
 378 586  182 0  91 1 4 1 2 4 8
 379 234  337 0  76 1 4 1 2 4 8
 380 980  164 0  99 1 4 1 2 4 8
 381 210  711 0  40 1 4 1 2 4 8
 382 231  789 0 100 1 4 1 2 4 8
 383 565  273 0  68 1 4 1 2 4 8
 384 459   43 0  58 1 4 1 2 4 8
 385 634  130 0  76 1 4 1 2 4 8
 386  26  284 0  34 1 4 1 2 4 8
 387 673  556 0  74 1 4 1 2 4 8
 388  85  878 0  52 1 4 1 2 4 8
 389 819  634 0  91 1 4 1 2 4 8
 390 109  943 0  85 1 4 1 2 4 8
 391 936  809 0  18 1 4 1 2 4 8
 392 731  871 0  62 1 4 1 2 4 8
 393 288  306 0  21 1 4 1 2 4 8
 394 619  507 0  19 1 4 1 2 4 8
 395 477  748 0  77 1 4 1 2 4 8
 396 315  175 0  13 1 4 1 2 4 8
 397 658  133 0  87 1 4 1 2 4 8
 398 146  991 0  72 1 4 1 2 4 8
 399 359  791 0  91 1 4 1 2 4 8
 400 497  622 0  87 1 4 1 2 4 8
 401 945  350 0  68 1 4 1 2 4 8
 402 297  660 0  33 1 4 1 2 4 8
 403 454  559 0  40 1 4 1 2 4 8
 404   7  749 0  91 1 4 1 2 4 8
 405 991  880 0  28 1 4 1 2 4 8
 406  46  462 0   8 1 4 1 2 4 8
 407 640  583 0  20 1 4 1 2 4 8
 408 545  552 0  46 1 4 1 2 4 8
 409 840  895 0  86 1 4 1 2 4 8
 410 352  926 0  33 1 4 1 2 4 8
 411 825  324 0  98 1 4 1 2 4 8
 412 291  459 0  45 1 4 1 2 4 8
 413 473  744 0  73 1 4 1 2 4 8
 414  73   16 0  66 1 4 1 2 4 8
 415 887  725 0  94 1 4 1 2 4 8
 416 533  478 0  67 1 4 1 2 4 8
 417 893  642 0  68 1 4 1 2 4 8
 418 896  238 0  58 1 4 1 2 4 8
 419 385  927 0  29 1 4 1 2 4 8
 420 616  970 0  43 1 4 1 2 4 8
 421 655  952 0  87 1 4 1 2 4 8
 422 743   95 0  68 1 4 1 2 4 8
 423 908  188 0  33 1 4 1 2 4 8
 424  23  943 0   5 1 4 1 2 4 8
 425 439  875 0  71 1 4 1 2 4 8
 426 111  905 0  45 1 4 1 2 4 8
 427 286  120 0  26 1 4 1 2 4 8
 428 195  880 0  40 1 4 1 2 4 8
 429 773  568 0  20 1 4 1 2 4 8
 430 929  916 0  40 1 4 1 2 4 8
 431  65  388 0  60 1 4 1 2 4 8
 432 933  349 0  85 1 4 1 2 4 8
 433 281   47 0  15 1 4 1 2 4 8
 434 249  519 0  16 1 4 1 2 4 8
 435 446  862 0  65 1 4 1 2 4 8
 436 494  897 0  49 1 4 1 2 4 8
 437 429  547 0   9 1 4 1 2 4 8
 438 996  734 0  40 1 4 1 2 4 8
 439 880  822 0  32 1 4 1 2 4 8
 440 660  267 0  38 1 4 1 2 4 8
 441 578  277 0  49 1 4 1 2 4 8
 442 910  936 0  91 1 4 1 2 4 8
 443 602  536 0  98 1 4 1 2 4 8
 444 198  653 0  55 1 4 1 2 4 8
 445 788   11 0  66 1 4 1 2 4 8
 446 762   67 0  98 1 4 1 2 4 8
 447 581  185 0  77 1 4 1 2 4 8
 448 394  183 0  11 1 4 1 2 4 8
 449 178  857 0  44 1 4 1 2 4 8
 450 227  873 0  13 1 4 1 2 4 8
 451 983   63 0   7 1 4 1 2 4 8
 452 248  738 0  50 1 4 1 2 4 8
 453 655  597 0  87 1 4 1 2 4 8
 454 107   62 0  77 1 4 1 2 4 8
 455  56  411 0   1 1 4 1 2 4 8
 456 122  660 0  72 1 4 1 2 4 8
 457 906  188 0  64 1 4 1 2 4 8
 458 695  726 0  76 1 4 1 2 4 8
 459 116   12 0  37 1 4 1 2 4 8
 460 998  859 0  91 1 4 1 2 4 8
 461 189  601 0  79 1 4 1 2 4 8
 462 253  637 0   4 1 4 1 2 4 8
 463 284  501 0  73 1 4 1 2 4 8
 464 337  189 0  16 1 4 1 2 4 8
 465  99  988 0  84 1 4 1 2 4 8
 466 931  905 0  64 1 4 1 2 4 8
 467 819  890 0  54 1 4 1 2 4 8
 468 444  302 0  61 1 4 1 2 4 8
 469 110   15 0  83 1 4 1 2 4 8
 470 622  147 0  14 1 4 1 2 4 8
 471 427   47 0  26 1 4 1 2 4 8
 472 220  123 0  85 1 4 1 2 4 8
 473 139  354 0  85 1 4 1 2 4 8
 474 467  181 0   3 1 4 1 2 4 8
 475  76  551 0  54 1 4 1 2 4 8
 476 135  657 0  20 1 4 1 2 4 8
 477 691  247 0  49 1 4 1 2 4 8
 478 772  871 0  63 1 4 1 2 4 8
 479 450  576 0  20 1 4 1 2 4 8
 480 552  658 0   2 1 4 1 2 4 8
 481 263  691 0  25 1 4 1 2 4 8
 482 121  506 0  19 1 4 1 2 4 8
 483 813  990 0  47 1 4 1 2 4 8
 484 581  629 0  33 1 4 1 2 4 8
 485  86  342 0 100 1 4 1 2 4 8
 486 179  626 0  24 1 4 1 2 4 8
 487 623  552 0  78 1 4 1 2 4 8
 488 915  993 0  80 1 4 1 2 4 8
 489 598  710 0  26 1 4 1 2 4 8
 490 640  848 0  67 1 4 1 2 4 8
 491 380  494 0  53 1 4 1 2 4 8
 492 728  465 0  67 1 4 1 2 4 8
 493 486   11 0  77 1 4 1 2 4 8
 494 681  383 0   6 1 4 1 2 4 8
 495 255   97 0  91 1 4 1 2 4 8
 496 351  884 0  69 1 4 1 2 4 8
 497 740  958 0  93 1 4 1 2 4 8
 498 338  943 0   7 1 4 1 2 4 8
 499 174  745 0  72 1 4 1 2 4 8
 500 400  450 0  44 1 4 1 2 4 8
 501  51  178 0  83 1 4 1 2 4 8
 502 555  234 0  72 1 4 1 2 4 8
 503 198  785 0  20 1 4 1 2 4 8
 504 947   22 0  73 1 4 1 2 4 8
 505 192  237 0  36 1 4 1 2 4 8
 506 625  641 0  99 1 4 1 2 4 8
 507 907  734 0  67 1 4 1 2 4 8
 508 382  433 0  55 1 4 1 2 4 8
 509 999  600 0  50 1 4 1 2 4 8
 510   3  378 0   8 1 4 1 2 4 8
 511 509  611 0   3 1 4 1 2 4 8
 512 118  534 0  25 1 4 1 2 4 8
 513 639  314 0  94 1 4 1 2 4 8
 514 499  328 0  68 1 4 1 2 4 8
 515 124  112 0  94 1 4 1 2 4 8
 516 977  196 0  64 1 4 1 2 4 8
 517 344  360 0  76 1 4 1 2 4 8
 518 896  987 0  32 1 4 1 2 4 8
 519 881  731 0  80 1 4 1 2 4 8
 520 650  551 0  61 1 4 1 2 4 8
 521 720  970 0  42 1 4 1 2 4 8
 522 863  231 0  85 1 4 1 2 4 8
 523 767  531 0  65 1 4 1 2 4 8
 524 221  643 0  29 1 4 1 2 4 8
 525 673  288 0  57 1 4 1 2 4 8
 526 507  626 0  48 1 4 1 2 4 8
 527 251  375 0  84 1 4 1 2 4 8
 528 824  198 0   2 1 4 1 2 4 8
 529 153   95 0  79 1 4 1 2 4 8
 530 474  645 0   5 1 4 1 2 4 8
 531 714  455 0  24 1 4 1 2 4 8
 532 791  193 0  18 1 4 1 2 4 8
 533 768  773 0  17 1 4 1 2 4 8
 534 264  213 0  91 1 4 1 2 4 8
 535 629  881 0  14 1 4 1 2 4 8
 536 841  613 0  12 1 4 1 2 4 8
 537 402  918 0  65 1 4 1 2 4 8
 538  77  991 0  26 1 4 1 2 4 8
 539 445    8 0  83 1 4 1 2 4 8
 540 922  766 0  81 1 4 1 2 4 8
 541 608  400 0  40 1 4 1 2 4 8
 542 206   11 0  12 1 4 1 2 4 8
 543 620  210 0  44 1 4 1 2 4 8
 544 880  570 0  45 1 4 1 2 4 8
 545  44  629 0  64 1 4 1 2 4 8
 546 497  383 0  71 1 4 1 2 4 8
 547 980  531 0  37 1 4 1 2 4 8
 548 502  325 0  89 1 4 1 2 4 8
 549  29  837 0   5 1 4 1 2 4 8
 550 868  714 0  77 1 4 1 2 4 8
 551   6   33 0  73 1 4 1 2 4 8
 552 797  813 0  32 1 4 1 2 4 8
 553 573  841 0   9 1 4 1 2 4 8
 554 492  134 0  93 1 4 1 2 4 8
 555 538  396 0   2 1 4 1 2 4 8
 556 405  411 0  42 1 4 1 2 4 8
 557 908  632 0  54 1 4 1 2 4 8
 558 428  708 0  40 1 4 1 2 4 8
 559 797  525 0  16 1 4 1 2 4 8
 560 688   14 0  92 1 4 1 2 4 8
 561 460  309 0  75 1 4 1 2 4 8
 562 580  993 0  11 1 4 1 2 4 8
 563 342  887 0  34 1 4 1 2 4 8
 564 159   37 0  98 1 4 1 2 4 8
 565 972  327 0  98 1 4 1 2 4 8
 566 112  516 0  22 1 4 1 2 4 8
 567 867  406 0  59 1 4 1 2 4 8
 568 722  936 0  83 1 4 1 2 4 8
 569 874  144 0  12 1 4 1 2 4 8
 570 533  672 0  27 1 4 1 2 4 8
 571 595  212 0  24 1 4 1 2 4 8
 572 353  215 0  94 1 4 1 2 4 8
 573 745  104 0  12 1 4 1 2 4 8
 574 903  419 0  93 1 4 1 2 4 8
 575 458   94 0  48 1 4 1 2 4 8
 576 399  160 0  81 1 4 1 2 4 8
 577 517  203 0  54 1 4 1 2 4 8
 578 576  625 0   3 1 4 1 2 4 8
 579 173    8 0  41 1 4 1 2 4 8
 580 762  569 0  94 1 4 1 2 4 8
 581 604  929 0  36 1 4 1 2 4 8
 582 445  112 0  16 1 4 1 2 4 8
 583 164  804 0  44 1 4 1 2 4 8
 584 446  355 0  55 1 4 1 2 4 8
 585  41  979 0  26 1 4 1 2 4 8
 586 667  732 0  72 1 4 1 2 4 8
 587 723  928 0  76 1 4 1 2 4 8
 588 655  940 0   7 1 4 1 2 4 8
 589 938  593 0  76 1 4 1 2 4 8
 590 295  830 0  88 1 4 1 2 4 8
 591 905  793 0  79 1 4 1 2 4 8
 592 270  914 0  54 1 4 1 2 4 8
 593 880  969 0   5 1 4 1 2 4 8
 594 584  590 0  10 1 4 1 2 4 8
 595 644   93 0  93 1 4 1 2 4 8
 596  84   10 0  98 1 4 1 2 4 8
 597 576   64 0  71 1 4 1 2 4 8
 598 401  566 0  33 1 4 1 2 4 8
 599 335   24 0   7 1 4 1 2 4 8
 600 183  746 0  23 1 4 1 2 4 8
 601 126    0 0  17 1 4 1 2 4 8
 602 792  870 0  75 1 4 1 2 4 8
 603 696  696 0  29 1 4 1 2 4 8
 604 639  667 0  83 1 4 1 2 4 8
 605   9  635 0  72 1 4 1 2 4 8
 606 760  743 0  66 1 4 1 2 4 8
 607 822  253 0  91 1 4 1 2 4 8
 608  25   35 0  30 1 4 1 2 4 8
 609 865  955 0  48 1 4 1 2 4 8
 610 384  446 0  83 1 4 1 2 4 8
 611 347  353 0  85 1 4 1 2 4 8
 612 421  801 0   5 1 4 1 2 4 8
 613 174  513 0  53 1 4 1 2 4 8
 614 715  319 0  33 1 4 1 2 4 8
 615 688  982 0  48 1 4 1 2 4 8
 616  54   74 0  50 1 4 1 2 4 8
 617 816  604 0  42 1 4 1 2 4 8
 618 169  637 0   8 1 4 1 2 4 8
 619 279  420 0  40 1 4 1 2 4 8
 620 595  944 0  59 1 4 1 2 4 8
 621 981  263 0  59 1 4 1 2 4 8
 622 639  263 0  31 1 4 1 2 4 8
 623 646  103 0  36 1 4 1 2 4 8
 624 157  212 0  35 1 4 1 2 4 8
 625 103  920 0  12 1 4 1 2 4 8
 626 637  851 0  27 1 4 1 2 4 8
 627  48  998 0  77 1 4 1 2 4 8
 628 152  349 0  60 1 4 1 2 4 8
 629 415  685 0  25 1 4 1 2 4 8
 630 215  290 0   6 1 4 1 2 4 8
 631  59  941 0  51 1 4 1 2 4 8
 632 835   45 0  67 1 4 1 2 4 8
 633  53  768 0  39 1 4 1 2 4 8
 634 845  161 0  89 1 4 1 2 4 8
 635 620  890 0  12 1 4 1 2 4 8
 636  31  507 0   6 1 4 1 2 4 8
 637 818  376 0  45 1 4 1 2 4 8
 638 156  895 0   9 1 4 1 2 4 8
 639 126  554 0  15 1 4 1 2 4 8
 640 182  566 0  22 1 4 1 2 4 8
 641 134  805 0  62 1 4 1 2 4 8
 642 957  478 0  86 1 4 1 2 4 8
 643 208  268 0  64 1 4 1 2 4 8
 644 951  674 0  55 1 4 1 2 4 8
 645 132  506 0  90 1 4 1 2 4 8
 646 803  923 0  79 1 4 1 2 4 8
 647 816  903 0  69 1 4 1 2 4 8
 648 632  194 0  65 1 4 1 2 4 8
 649 746  639 0  72 1 4 1 2 4 8
 650 205  242 0  46 1 4 1 2 4 8
 651 160    5 0  73 1 4 1 2 4 8
 652 622  238 0   5 1 4 1 2 4 8
 653 709  384 0  70 1 4 1 2 4 8
 654 522  207 0  69 1 4 1 2 4 8
 655 917  278 0  88 1 4 1 2 4 8
 656   8  239 0  61 1 4 1 2 4 8
 657  64  390 0   4 1 4 1 2 4 8
 658 353   28 0  77 1 4 1 2 4 8
 659 819  711 0  46 1 4 1 2 4 8
 660 869  609 0  88 1 4 1 2 4 8
 661 319   72 0  14 1 4 1 2 4 8
 662 956  299 0  51 1 4 1 2 4 8
 663 786  452 0  53 1 4 1 2 4 8
 664 276  926 0   2 1 4 1 2 4 8
 665 228  183 0  86 1 4 1 2 4 8
 666 343  818 0  48 1 4 1 2 4 8
 667  59  834 0  22 1 4 1 2 4 8
 668 767  959 0  69 1 4 1 2 4 8
 669 492  236 0  21 1 4 1 2 4 8
 670 381  339 0  57 1 4 1 2 4 8
 671 327  100 0  87 1 4 1 2 4 8
 672 277   91 0  89 1 4 1 2 4 8
 673 229  564 0  20 1 4 1 2 4 8
 674 581  865 0  26 1 4 1 2 4 8
 675  80  115 0  81 1 4 1 2 4 8
 676 424  296 0  19 1 4 1 2 4 8
 677 822  525 0  68 1 4 1 2 4 8
 678 360  301 0  25 1 4 1 2 4 8
 679 497  956 0  38 1 4 1 2 4 8
 680 729  678 0  71 1 4 1 2 4 8
 681 860  830 0  23 1 4 1 2 4 8
 682  28  450 0  46 1 4 1 2 4 8
 683 423  461 0  28 1 4 1 2 4 8
 684 528  755 0  52 1 4 1 2 4 8
 685 701  105 0  40 1 4 1 2 4 8
 686 328   91 0  35 1 4 1 2 4 8
 687 908   76 0  28 1 4 1 2 4 8
 688 991  163 0  25 1 4 1 2 4 8
 689 310  685 0  42 1 4 1 2 4 8
 690 258  221 0  31 1 4 1 2 4 8
 691 841  422 0  48 1 4 1 2 4 8
 692 157  311 0  32 1 4 1 2 4 8
 693 533  738 0  76 1 4 1 2 4 8
 694 144  992 0  87 1 4 1 2 4 8
 695 537  287 0  90 1 4 1 2 4 8
 696 984  776 0   7 1 4 1 2 4 8
 697 437  390 0  92 1 4 1 2 4 8
 698 357    4 0  96 1 4 1 2 4 8
 699 802  368 0  20 1 4 1 2 4 8
 700 104  634 0  64 1 4 1 2 4 8
 701 647  209 0  29 1 4 1 2 4 8
 702 558  179 0  28 1 4 1 2 4 8
 703 862  574 0   6 1 4 1 2 4 8
 704 423  363 0   7 1 4 1 2 4 8
 705 290  678 0 100 1 4 1 2 4 8
 706 791  453 0  40 1 4 1 2 4 8
 707 948  901 0  58 1 4 1 2 4 8
 708 432  473 0  34 1 4 1 2 4 8
 709 362  822 0  58 1 4 1 2 4 8
 710 984  651 0  58 1 4 1 2 4 8
 711 544  466 0  10 1 4 1 2 4 8
 712  88  745 0  62 1 4 1 2 4 8
 713 780  357 0  86 1 4 1 2 4 8
 714 218  209 0  28 1 4 1 2 4 8
 715 707  624 0  40 1 4 1 2 4 8
 716 893  680 0  43 1 4 1 2 4 8
 717 939  295 0 100 1 4 1 2 4 8
 718 687  995 0  18 1 4 1 2 4 8
 719 143  605 0  67 1 4 1 2 4 8
 720 306  170 0  70 1 4 1 2 4 8
 721 312  872 0  68 1 4 1 2 4 8
 722 649  730 0  34 1 4 1 2 4 8
 723 231  103 0  74 1 4 1 2 4 8
 724 230  694 0  86 1 4 1 2 4 8
 725 460  226 0  57 1 4 1 2 4 8
 726  16  425 0  72 1 4 1 2 4 8
 727 658  642 0  59 1 4 1 2 4 8
 728 546    5 0  23 1 4 1 2 4 8
 729 821  688 0  68 1 4 1 2 4 8
 730 373  627 0  56 1 4 1 2 4 8
 731 364  100 0   3 1 4 1 2 4 8
 732 754   22 0  80 1 4 1 2 4 8
 733 273  531 0   5 1 4 1 2 4 8
 734 931  536 0  14 1 4 1 2 4 8
 735 693  262 0  35 1 4 1 2 4 8
 736 328  138 0  86 1 4 1 2 4 8
 737 253  648 0  54 1 4 1 2 4 8
 738 930  794 0  92 1 4 1 2 4 8
 739 926  353 0  67 1 4 1 2 4 8
 740 620  700 0  46 1 4 1 2 4 8
 741 819  220 0  56 1 4 1 2 4 8
 742 743  747 0  51 1 4 1 2 4 8
 743 276  636 0   2 1 4 1 2 4 8
 744 797   21 0  45 1 4 1 2 4 8
 745 954  141 0   3 1 4 1 2 4 8
 746 177   71 0  62 1 4 1 2 4 8
 747 343  410 0  98 1 4 1 2 4 8
 748 535  516 0  51 1 4 1 2 4 8
 749 326   81 0  46 1 4 1 2 4 8
 750 524  594 0  88 1 4 1 2 4 8
 751 422  636 0  41 1 4 1 2 4 8
 752 660  688 0  12 1 4 1 2 4 8
 753 859  925 0  87 1 4 1 2 4 8
 754 845  774 0  79 1 4 1 2 4 8
 755 282  745 0   9 1 4 1 2 4 8
 756 979  771 0  31 1 4 1 2 4 8
 757  20  977 0  41 1 4 1 2 4 8
 758 299  981 0  23 1 4 1 2 4 8
 759 449  364 0  96 1 4 1 2 4 8
 760 480  498 0  79 1 4 1 2 4 8
 761 107  331 0  16 1 4 1 2 4 8
 762 470  945 0  56 1 4 1 2 4 8
 763 895  974 0  47 1 4 1 2 4 8
 764 743  287 0  24 1 4 1 2 4 8
 765 305  665 0  10 1 4 1 2 4 8
 766 183   30 0  53 1 4 1 2 4 8
 767 944  224 0  43 1 4 1 2 4 8
 768 596   79 0  30 1 4 1 2 4 8
 769 633  676 0  63 1 4 1 2 4 8
 770 614  706 0  85 1 4 1 2 4 8
 771 654  719 0  26 1 4 1 2 4 8
 772 630  426 0  86 1 4 1 2 4 8
 773 449  414 0  95 1 4 1 2 4 8
 774 359  272 0  33 1 4 1 2 4 8
 775 919  792 0  42 1 4 1 2 4 8
 776 491  616 0  55 1 4 1 2 4 8
 777 110  875 0  76 1 4 1 2 4 8
 778 565  692 0  11 1 4 1 2 4 8
 779 583    8 0  91 1 4 1 2 4 8
 780 805  432 0  33 1 4 1 2 4 8
 781  16  680 0  22 1 4 1 2 4 8
 782 211  185 0  24 1 4 1 2 4 8
 783 364  996 0  48 1 4 1 2 4 8
 784 502  191 0  31 1 4 1 2 4 8
 785 454  914 0  14 1 4 1 2 4 8
 786 123  972 0  82 1 4 1 2 4 8
 787  58  288 0   8 1 4 1 2 4 8
 788 595  714 0  56 1 4 1 2 4 8
 789 583   58 0  57 1 4 1 2 4 8
 790 783  805 0  49 1 4 1 2 4 8
 791 586  754 0  16 1 4 1 2 4 8
 792 448  785 0  89 1 4 1 2 4 8
 793 353  275 0  26 1 4 1 2 4 8
 794 865  852 0  12 1 4 1 2 4 8
 795 461  801 0  89 1 4 1 2 4 8
 796 852  562 0  72 1 4 1 2 4 8
 797 949  193 0  80 1 4 1 2 4 8
 798 884  562 0  20 1 4 1 2 4 8
 799 234  986 0  16 1 4 1 2 4 8
 800 977  905 0  76 1 4 1 2 4 8
 801 575  229 0   6 1 4 1 2 4 8
 802 641  133 0  63 1 4 1 2 4 8
 803 116  417 0  98 1 4 1 2 4 8
 804 194  679 0  42 1 4 1 2 4 8
 805 196  738 0  71 1 4 1 2 4 8
 806 943  251 0  95 1 4 1 2 4 8
 807 580  985 0  24 1 4 1 2 4 8
 808 729  192 0  41 1 4 1 2 4 8
 809 360  940 0  71 1 4 1 2 4 8
 810 305  462 0  43 1 4 1 2 4 8
 811 870  445 0  90 1 4 1 2 4 8
 812 173    4 0  28 1 4 1 2 4 8
 813 391  613 0  74 1 4 1 2 4 8
 814 309  193 0  15 1 4 1 2 4 8
 815  71  415 0  61 1 4 1 2 4 8
 816 137  732 0  72 1 4 1 2 4 8
 817 324  575 0  38 1 4 1 2 4 8
 818 504  929 0  48 1 4 1 2 4 8
 819 171  998 0   2 1 4 1 2 4 8
 820 283  128 0  51 1 4 1 2 4 8
 821  69  429 0  76 1 4 1 2 4 8
 822 694  655 0  33 1 4 1 2 4 8
 823 975  779 0   8 1 4 1 2 4 8
 824 106  540 0   1 1 4 1 2 4 8
 825 404  489 0  83 1 4 1 2 4 8
 826 632  827 0 100 1 4 1 2 4 8
 827 395  546 0   7 1 4 1 2 4 8
 828 315   91 0   9 1 4 1 2 4 8
 829 431  321 0  19 1 4 1 2 4 8
 830 695  682 0  49 1 4 1 2 4 8
 831 866  578 0  61 1 4 1 2 4 8
 832 306  356 0  65 1 4 1 2 4 8
 833 732  278 0  37 1 4 1 2 4 8
 834  38  484 0  41 1 4 1 2 4 8
 835 185  556 0  32 1 4 1 2 4 8
 836 772   32 0  83 1 4 1 2 4 8
 837 261  328 0  80 1 4 1 2 4 8
 838 227  115 0  73 1 4 1 2 4 8
 839 158  240 0   1 1 4 1 2 4 8
 840  31  799 0  63 1 4 1 2 4 8
 841 274  583 0  25 1 4 1 2 4 8
 842 219  634 0  33 1 4 1 2 4 8
 843 476  592 0  57 1 4 1 2 4 8
 844 752  959 0  57 1 4 1 2 4 8
 845 545  880 0  47 1 4 1 2 4 8
 846 274  479 0  70 1 4 1 2 4 8
 847 327  560 0  51 1 4 1 2 4 8
 848 949  367 0  44 1 4 1 2 4 8
 849  43   37 0  70 1 4 1 2 4 8
 850  89    2 0  95 1 4 1 2 4 8
 851 613  671 0  36 1 4 1 2 4 8
 852 809  407 0  83 1 4 1 2 4 8
 853 492   61 0  94 1 4 1 2 4 8
 854 925  782 0  99 1 4 1 2 4 8
 855  24  486 0  52 1 4 1 2 4 8
 856 930  694 0  13 1 4 1 2 4 8
 857  73  810 0  15 1 4 1 2 4 8
 858 497  890 0  10 1 4 1 2 4 8
 859 356  733 0  24 1 4 1 2 4 8
 860 378   84 0  37 1 4 1 2 4 8
 861  85  465 0  62 1 4 1 2 4 8
 862  81  385 0  60 1 4 1 2 4 8
 863 488  355 0  83 1 4 1 2 4 8
 864 421   71 0  37 1 4 1 2 4 8
 865 413  924 0  75 1 4 1 2 4 8
 866 802  215 0  10 1 4 1 2 4 8
 867 193  849 0   2 1 4 1 2 4 8
 868 365  604 0  16 1 4 1 2 4 8
 869 871   44 0  13 1 4 1 2 4 8
 870 990  899 0  64 1 4 1 2 4 8
 871  23  897 0  98 1 4 1 2 4 8
 872  79   64 0  32 1 4 1 2 4 8
 873 531  428 0  77 1 4 1 2 4 8
 874 398  635 0  80 1 4 1 2 4 8
 875 141  289 0  54 1 4 1 2 4 8
 876  10  539 0  62 1 4 1 2 4 8
 877 218  452 0  65 1 4 1 2 4 8
 878  30   43 0  42 1 4 1 2 4 8
 879 894  518 0   6 1 4 1 2 4 8
 880 157  548 0  62 1 4 1 2 4 8
 881  62  347 0  84 1 4 1 2 4 8
 882 564  653 0  21 1 4 1 2 4 8
 883  32  227 0  85 1 4 1 2 4 8
 884 974   89 0  32 1 4 1 2 4 8
 885 541  733 0  42 1 4 1 2 4 8
 886  86  870 0  14 1 4 1 2 4 8
 887 545   28 0  59 1 4 1 2 4 8
 888 602  820 0  64 1 4 1 2 4 8
 889 493  404 0   7 1 4 1 2 4 8
 890 713  637 0  52 1 4 1 2 4 8
 891 571  635 0  83 1 4 1 2 4 8
 892 622   51 0  62 1 4 1 2 4 8
 893 782  742 0   2 1 4 1 2 4 8
 894 649  983 0  69 1 4 1 2 4 8
 895 535  345 0  32 1 4 1 2 4 8
 896 753  236 0  66 1 4 1 2 4 8
 897 460  924 0  65 1 4 1 2 4 8
 898 721  683 0  28 1 4 1 2 4 8
 899 326  548 0  52 1 4 1 2 4 8
 900 600  346 0  17 1 4 1 2 4 8
 901 939  842 0  12 1 4 1 2 4 8
 902 838  367 0  15 1 4 1 2 4 8
 903 981  164 0   9 1 4 1 2 4 8
 904 803  234 0  15 1 4 1 2 4 8
 905 465  624 0  82 1 4 1 2 4 8
 906 487   36 0  22 1 4 1 2 4 8
 907 776  224 0  47 1 4 1 2 4 8
 908 850  690 0  22 1 4 1 2 4 8
 909  66  776 0  64 1 4 1 2 4 8
 910 902  307 0   2 1 4 1 2 4 8
 911 386  424 0  61 1 4 1 2 4 8
 912  14  991 0  46 1 4 1 2 4 8
 913 177  472 0  29 1 4 1 2 4 8
 914 236  101 0  98 1 4 1 2 4 8
 915 525   12 0  69 1 4 1 2 4 8
 916  66  132 0  51 1 4 1 2 4 8
 917 657  513 0  41 1 4 1 2 4 8
 918 723  421 0  56 1 4 1 2 4 8
 919 124  566 0  70 1 4 1 2 4 8
 920 288  285 0  55 1 4 1 2 4 8
 921 886  668 0  97 1 4 1 2 4 8
 922 592  311 0  43 1 4 1 2 4 8
 923 690   94 0  39 1 4 1 2 4 8
 924 898  387 0  20 1 4 1 2 4 8
 925 139  707 0  60 1 4 1 2 4 8
 926 465  332 0  89 1 4 1 2 4 8
 927 690  401 0   4 1 4 1 2 4 8
 928 972  492 0  73 1 4 1 2 4 8
 929 433  708 0  67 1 4 1 2 4 8
 930 503  347 0  26 1 4 1 2 4 8
 931 737  288 0  91 1 4 1 2 4 8
 932  41  670 0  39 1 4 1 2 4 8
 933 276  864 0   5 1 4 1 2 4 8
 934 909  460 0  22 1 4 1 2 4 8
 935  86  444 0  58 1 4 1 2 4 8
 936 101  751 0   8 1 4 1 2 4 8
 937 832  395 0  60 1 4 1 2 4 8
 938 609  276 0  31 1 4 1 2 4 8
 939 128  286 0  92 1 4 1 2 4 8
 940 988  167 0  92 1 4 1 2 4 8
 941   4  303 0  89 1 4 1 2 4 8
 942   6  932 0  24 1 4 1 2 4 8
 943 367  776 0  98 1 4 1 2 4 8
 944 602  648 0  39 1 4 1 2 4 8
 945 128   35 0  82 1 4 1 2 4 8
 946 454  403 0  47 1 4 1 2 4 8
 947 668  789 0  94 1 4 1 2 4 8
 948 542  915 0  49 1 4 1 2 4 8
 949 941  953 0  78 1 4 1 2 4 8
 950 266  891 0   3 1 4 1 2 4 8
 951 190  385 0  80 1 4 1 2 4 8
 952 650  543 0  68 1 4 1 2 4 8
 953  70  787 0  32 1 4 1 2 4 8
 954 908  221 0  88 1 4 1 2 4 8
 955 847  656 0  52 1 4 1 2 4 8
 956  58  293 0  91 1 4 1 2 4 8
 957 153   43 0  11 1 4 1 2 4 8
 958 347  357 0  34 1 4 1 2 4 8
 959 718  239 0  54 1 4 1 2 4 8
 960 949  386 0  81 1 4 1 2 4 8
 961  97  189 0  73 1 4 1 2 4 8
 962 875  288 0  23 1 4 1 2 4 8
 963 391   67 0  11 1 4 1 2 4 8
 964  31  671 0   9 1 4 1 2 4 8
 965 661  596 0   5 1 4 1 2 4 8
 966  45  834 0  39 1 4 1 2 4 8
 967 944  350 0  43 1 4 1 2 4 8
 968  11  333 0  19 1 4 1 2 4 8
 969 717  430 0  78 1 4 1 2 4 8
 970 369  413 0  62 1 4 1 2 4 8
 971 906  250 0  52 1 4 1 2 4 8
 972 136  614 0  68 1 4 1 2 4 8
 973 677  487 0  92 1 4 1 2 4 8
 974 709  631 0  58 1 4 1 2 4 8
 975 276  276 0  98 1 4 1 2 4 8
 976 349  797 0  24 1 4 1 2 4 8
 977 983  872 0  31 1 4 1 2 4 8
 978 905  120 0  72 1 4 1 2 4 8
 979 492  437 0  53 1 4 1 2 4 8
 980 936  504 0  51 1 4 1 2 4 8
 981 663  398 0  52 1 4 1 2 4 8
 982 937   63 0  70 1 4 1 2 4 8
 983 666  629 0  77 1 4 1 2 4 8
 984 106  887 0  76 1 4 1 2 4 8
 985 749  965 0  70 1 4 1 2 4 8
 986 554  402 0  81 1 4 1 2 4 8
 987 949  175 0  77 1 4 1 2 4 8
 988 542  967 0  85 1 4 1 2 4 8
 989   4  633 0  88 1 4 1 2 4 8
 990 814  296 0  12 1 4 1 2 4 8
 991 903  943 0  66 1 4 1 2 4 8
 992 585  934 0  83 1 4 1 2 4 8
 993 185  504 0   9 1 4 1 2 4 8
 994 423  156 0  56 1 4 1 2 4 8
 995 459  271 0  82 1 4 1 2 4 8
 996 342  803 0  65 1 4 1 2 4 8
 997 154  760 0  29 1 4 1 2 4 8
 998 173  175 0  92 1 4 1 2 4 8
 999  20  427 0  60 1 4 1 2 4 8
1000 111  846 0  52 1 4 1 2 4 8
1001 868  762 0  16 1 4 1 2 4 8
1002 622  654 0  86 1 4 1 2 4 8
1003 411  199 0  26 1 4 1 2 4 8
1004 138  730 0  40 1 4 1 2 4 8
1005 764  152 0  10 1 4 1 2 4 8
1006 304  195 0  16 1 4 1 2 4 8
1007 862  619 0  99 1 4 1 2 4 8
1008 366  615 0  15 1 4 1 2 4 8
1009 990  464 0  83 1 4 1 2 4 8
1010 672  435 0  98 1 4 1 2 4 8
1011 759  552 0  42 1 4 1 2 4 8
1012 105   49 0  36 1 4 1 2 4 8
1013 986  968 0  22 1 4 1 2 4 8
1014 551  831 0  27 1 4 1 2 4 8
1015 720  604 0  68 1 4 1 2 4 8
1016 954  494 0   7 1 4 1 2 4 8
1017 465  388 0   8 1 4 1 2 4 8
1018 320  991 0  96 1 4 1 2 4 8
1019 222  501 0  69 1 4 1 2 4 8
1020 637   42 0  37 1 4 1 2 4 8
1021 366  941 0  49 1 4 1 2 4 8
1022 520  820 0  74 1 4 1 2 4 8
1023 546   69 0  81 1 4 1 2 4 8
1024 372  371 0   1 1 4 1 2 4 8
1025 493  488 0  39 1 4 1 2 4 8
1026 406  558 0  54 1 4 1 2 4 8
1027 732  952 0  53 1 4 1 2 4 8
1028 863  398 0  40 1 4 1 2 4 8
1029 352  578 0  78 1 4 1 2 4 8
1030  98  593 0  37 1 4 1 2 4 8
1031 267  327 0   9 1 4 1 2 4 8
1032 256  540 0  81 1 4 1 2 4 8
1033 930  554 0  36 1 4 1 2 4 8
1034 701  749 0  44 1 4 1 2 4 8
1035 557  414 0  52 1 4 1 2 4 8
1036 738  456 0  58 1 4 1 2 4 8
1037 373  939 0  62 1 4 1 2 4 8
1038 444  976 0  70 1 4 1 2 4 8
1039 663  381 0  81 1 4 1 2 4 8
1040 599  680 0  67 1 4 1 2 4 8
1041 463   30 0  45 1 4 1 2 4 8
1042 635  744 0  55 1 4 1 2 4 8
1043 570  214 0  85 1 4 1 2 4 8
1044 736  964 0  33 1 4 1 2 4 8
1045 630  979 0   7 1 4 1 2 4 8
1046 260  254 0   5 1 4 1 2 4 8
1047 284  249 0  12 1 4 1 2 4 8
1048 855  570 0  16 1 4 1 2 4 8
1049 608   38 0   2 1 4 1 2 4 8
1050 463  621 0  27 1 4 1 2 4 8
1051 262  731 0   0 0 0
1052 613  216 0   0 0 0
1053 309  419 0   0 0 0
1054 992   96 0   0 0 0
