2 108 1109 10
0 256
0 256
0 256
0 256
0 256
0 256
0 256
0 256
0 256
0 256
   1  792  846 0  32 1 10 1 2 4 8 16 32 64 128 256 512
   2   75  624 0  48 1 10 1 2 4 8 16 32 64 128 256 512
   3   97  130 0  85 1 10 1 2 4 8 16 32 64 128 256 512
   4  611  863 0   7 1 10 1 2 4 8 16 32 64 128 256 512
   5  483  660 0  82 1 10 1 2 4 8 16 32 64 128 256 512
   6  467  923 0  92 1 10 1 2 4 8 16 32 64 128 256 512
   7  854  200 0   9 1 10 1 2 4 8 16 32 64 128 256 512
   8  701   45 0  90 1 10 1 2 4 8 16 32 64 128 256 512
   9  808  877 0  85 1 10 1 2 4 8 16 32 64 128 256 512
  10  160  348 0  38 1 10 1 2 4 8 16 32 64 128 256 512
  11  753  171 0  58 1 10 1 2 4 8 16 32 64 128 256 512
  12    8  636 0  45 1 10 1 2 4 8 16 32 64 128 256 512
  13  684  158 0  86 1 10 1 2 4 8 16 32 64 128 256 512
  14  852  444 0  26 1 10 1 2 4 8 16 32 64 128 256 512
  15  450  825 0  92 1 10 1 2 4 8 16 32 64 128 256 512
  16  634  611 0  32 1 10 1 2 4 8 16 32 64 128 256 512
  17  301  746 0  94 1 10 1 2 4 8 16 32 64 128 256 512
  18  478  742 0  12 1 10 1 2 4 8 16 32 64 128 256 512
  19  767  205 0  10 1 10 1 2 4 8 16 32 64 128 256 512
  20  267   67 0  26 1 10 1 2 4 8 16 32 64 128 256 512
  21  736  229 0   4 1 10 1 2 4 8 16 32 64 128 256 512
  22  637  657 0  21 1 10 1 2 4 8 16 32 64 128 256 512
  23   12  218 0  73 1 10 1 2 4 8 16 32 64 128 256 512
  24  180   96 0  12 1 10 1 2 4 8 16 32 64 128 256 512
  25  959  478 0  15 1 10 1 2 4 8 16 32 64 128 256 512
  26  704   47 0  15 1 10 1 2 4 8 16 32 64 128 256 512
  27  658  538 0   8 1 10 1 2 4 8 16 32 64 128 256 512
  28  881  478 0  50 1 10 1 2 4 8 16 32 64 128 256 512
  29  389  336 0   8 1 10 1 2 4 8 16 32 64 128 256 512
  30  827  521 0  67 1 10 1 2 4 8 16 32 64 128 256 512
  31  414   84 0   1 1 10 1 2 4 8 16 32 64 128 256 512
  32  279  556 0  47 1 10 1 2 4 8 16 32 64 128 256 512
  33  856  758 0  90 1 10 1 2 4 8 16 32 64 128 256 512
  34  397  288 0  25 1 10 1 2 4 8 16 32 64 128 256 512
  35  655  269 0  93 1 10 1 2 4 8 16 32 64 128 256 512
  36  439  450 0   7 1 10 1 2 4 8 16 32 64 128 256 512
  37  171  580 0  62 1 10 1 2 4 8 16 32 64 128 256 512
  38   47  847 0  37 1 10 1 2 4 8 16 32 64 128 256 512
  39   20  565 0  31 1 10 1 2 4 8 16 32 64 128 256 512
  40  346  839 0   1 1 10 1 2 4 8 16 32 64 128 256 512
  41  985  178 0  68 1 10 1 2 4 8 16 32 64 128 256 512
  42  749  774 0  36 1 10 1 2 4 8 16 32 64 128 256 512
  43  520  224 0  20 1 10 1 2 4 8 16 32 64 128 256 512
  44  759  372 0  80 1 10 1 2 4 8 16 32 64 128 256 512
  45  494  162 0  54 1 10 1 2 4 8 16 32 64 128 256 512
  46    7  902 0  36 1 10 1 2 4 8 16 32 64 128 256 512
  47  885  543 0  90 1 10 1 2 4 8 16 32 64 128 256 512
  48  922  755 0  36 1 10 1 2 4 8 16 32 64 128 256 512
  49   57  818 0  21 1 10 1 2 4 8 16 32 64 128 256 512
  50   20  698 0  85 1 10 1 2 4 8 16 32 64 128 256 512
  51  829  398 0  22 1 10 1 2 4 8 16 32 64 128 256 512
  52  715  458 0  73 1 10 1 2 4 8 16 32 64 128 256 512
  53  712  293 0  94 1 10 1 2 4 8 16 32 64 128 256 512
  54  836  777 0   5 1 10 1 2 4 8 16 32 64 128 256 512
  55  988  772 0  55 1 10 1 2 4 8 16 32 64 128 256 512
  56  608  598 0  80 1 10 1 2 4 8 16 32 64 128 256 512
  57  950  523 0  91 1 10 1 2 4 8 16 32 64 128 256 512
  58  792  462 0  99 1 10 1 2 4 8 16 32 64 128 256 512
  59   35  532 0  26 1 10 1 2 4 8 16 32 64 128 256 512
  60    0  695 0  46 1 10 1 2 4 8 16 32 64 128 256 512
  61   87  927 0  25 1 10 1 2 4 8 16 32 64 128 256 512
  62  200  724 0  89 1 10 1 2 4 8 16 32 64 128 256 512
  63  757  883 0  42 1 10 1 2 4 8 16 32 64 128 256 512
  64  489  870 0  36 1 10 1 2 4 8 16 32 64 128 256 512
  65  293  703 0  97 1 10 1 2 4 8 16 32 64 128 256 512
  66  736  600 0  60 1 10 1 2 4 8 16 32 64 128 256 512
  67  242  512 0  73 1 10 1 2 4 8 16 32 64 128 256 512
  68  969  792 0  97 1 10 1 2 4 8 16 32 64 128 256 512
  69   53  547 0  74 1 10 1 2 4 8 16 32 64 128 256 512
  70  946  218 0  17 1 10 1 2 4 8 16 32 64 128 256 512
  71  726  594 0  76 1 10 1 2 4 8 16 32 64 128 256 512
  72  309   96 0  72 1 10 1 2 4 8 16 32 64 128 256 512
  73  125  145 0  52 1 10 1 2 4 8 16 32 64 128 256 512
  74  991  741 0  91 1 10 1 2 4 8 16 32 64 128 256 512
  75  115  122 0  57 1 10 1 2 4 8 16 32 64 128 256 512
  76  392  397 0  96 1 10 1 2 4 8 16 32 64 128 256 512
  77  799   10 0  73 1 10 1 2 4 8 16 32 64 128 256 512
  78  865  540 0  24 1 10 1 2 4 8 16 32 64 128 256 512
  79  144   61 0  50 1 10 1 2 4 8 16 32 64 128 256 512
  80  615  153 0  79 1 10 1 2 4 8 16 32 64 128 256 512
  81   71  595 0  66 1 10 1 2 4 8 16 32 64 128 256 512
  82  656  161 0  74 1 10 1 2 4 8 16 32 64 128 256 512
  83  368  137 0   2 1 10 1 2 4 8 16 32 64 128 256 512
  84  321  738 0  37 1 10 1 2 4 8 16 32 64 128 256 512
  85  806  276 0  11 1 10 1 2 4 8 16 32 64 128 256 512
  86  584  572 0  64 1 10 1 2 4 8 16 32 64 128 256 512
  87  185  605 0  80 1 10 1 2 4 8 16 32 64 128 256 512
  88  350  584 0 100 1 10 1 2 4 8 16 32 64 128 256 512
  89  474  465 0  55 1 10 1 2 4 8 16 32 64 128 256 512
  90  898  226 0  20 1 10 1 2 4 8 16 32 64 128 256 512
  91  954  783 0  31 1 10 1 2 4 8 16 32 64 128 256 512
  92  442  821 0  45 1 10 1 2 4 8 16 32 64 128 256 512
  93  877  897 0  24 1 10 1 2 4 8 16 32 64 128 256 512
  94  762   16 0  45 1 10 1 2 4 8 16 32 64 128 256 512
  95  723  560 0  25 1 10 1 2 4 8 16 32 64 128 256 512
  96  200  621 0  27 1 10 1 2 4 8 16 32 64 128 256 512
  97  492  557 0  25 1 10 1 2 4 8 16 32 64 128 256 512
  98   44  431 0  64 1 10 1 2 4 8 16 32 64 128 256 512
  99  669  607 0  74 1 10 1 2 4 8 16 32 64 128 256 512
 100  460   98 0  18 1 10 1 2 4 8 16 32 64 128 256 512
 101   33  960 0  29 1 10 1 2 4 8 16 32 64 128 256 512
 102  735  683 0  22 1 10 1 2 4 8 16 32 64 128 256 512
 103  138  419 0  75 1 10 1 2 4 8 16 32 64 128 256 512
 104  914  780 0  52 1 10 1 2 4 8 16 32 64 128 256 512
 105   29  812 0  58 1 10 1 2 4 8 16 32 64 128 256 512
 106  220  700 0  80 1 10 1 2 4 8 16 32 64 128 256 512
 107  415  169 0  64 1 10 1 2 4 8 16 32 64 128 256 512
 108  445  896 0  56 1 10 1 2 4 8 16 32 64 128 256 512
 109  438  846 0  51 1 10 1 2 4 8 16 32 64 128 256 512
 110  982  626 0  42 1 10 1 2 4 8 16 32 64 128 256 512
 111  941  522 0   8 1 10 1 2 4 8 16 32 64 128 256 512
 112  998  332 0  77 1 10 1 2 4 8 16 32 64 128 256 512
 113  909  126 0  76 1 10 1 2 4 8 16 32 64 128 256 512
 114  152  903 0  23 1 10 1 2 4 8 16 32 64 128 256 512
 115  454  411 0  44 1 10 1 2 4 8 16 32 64 128 256 512
 116  666  987 0  62 1 10 1 2 4 8 16 32 64 128 256 512
 117  491  760 0  72 1 10 1 2 4 8 16 32 64 128 256 512
 118  228  924 0  14 1 10 1 2 4 8 16 32 64 128 256 512
 119  336  575 0  34 1 10 1 2 4 8 16 32 64 128 256 512
 120  442  300 0  77 1 10 1 2 4 8 16 32 64 128 256 512
 121  539  393 0  38 1 10 1 2 4 8 16 32 64 128 256 512
 122   65  694 0   9 1 10 1 2 4 8 16 32 64 128 256 512
 123  162  363 0  16 1 10 1 2 4 8 16 32 64 128 256 512
 124  724  816 0  97 1 10 1 2 4 8 16 32 64 128 256 512
 125  588  462 0  10 1 10 1 2 4 8 16 32 64 128 256 512
 126  109  516 0  31 1 10 1 2 4 8 16 32 64 128 256 512
 127  582  372 0  19 1 10 1 2 4 8 16 32 64 128 256 512
 128  350  699 0  69 1 10 1 2 4 8 16 32 64 128 256 512
 129  169  457 0  18 1 10 1 2 4 8 16 32 64 128 256 512
 130  352  708 0  35 1 10 1 2 4 8 16 32 64 128 256 512
 131   47  796 0   2 1 10 1 2 4 8 16 32 64 128 256 512
 132  544  593 0  91 1 10 1 2 4 8 16 32 64 128 256 512
 133  719   85 0  75 1 10 1 2 4 8 16 32 64 128 256 512
 134  686  275 0  48 1 10 1 2 4 8 16 32 64 128 256 512
 135  934  606 0  31 1 10 1 2 4 8 16 32 64 128 256 512
 136  466  469 0  88 1 10 1 2 4 8 16 32 64 128 256 512
 137  339  305 0  16 1 10 1 2 4 8 16 32 64 128 256 512
 138  467  113 0  11 1 10 1 2 4 8 16 32 64 128 256 512
 139  531  843 0  82 1 10 1 2 4 8 16 32 64 128 256 512
 140   20   31 0  44 1 10 1 2 4 8 16 32 64 128 256 512
 141  727  389 0  59 1 10 1 2 4 8 16 32 64 128 256 512
 142  154  638 0  61 1 10 1 2 4 8 16 32 64 128 256 512
 143  456  912 0  54 1 10 1 2 4 8 16 32 64 128 256 512
 144  495  927 0  66 1 10 1 2 4 8 16 32 64 128 256 512
 145  233   63 0  86 1 10 1 2 4 8 16 32 64 128 256 512
 146  716  618 0  45 1 10 1 2 4 8 16 32 64 128 256 512
 147  686  483 0  96 1 10 1 2 4 8 16 32 64 128 256 512
 148  797   87 0  33 1 10 1 2 4 8 16 32 64 128 256 512
 149  756  303 0  11 1 10 1 2 4 8 16 32 64 128 256 512
 150   94  418 0  39 1 10 1 2 4 8 16 32 64 128 256 512
 151  105  914 0  77 1 10 1 2 4 8 16 32 64 128 256 512
 152  941  643 0 100 1 10 1 2 4 8 16 32 64 128 256 512
 153   37  842 0  15 1 10 1 2 4 8 16 32 64 128 256 512
 154  521  963 0  34 1 10 1 2 4 8 16 32 64 128 256 512
 155  517  944 0  57 1 10 1 2 4 8 16 32 64 128 256 512
 156  186  574 0  81 1 10 1 2 4 8 16 32 64 128 256 512
 157  534  738 0 100 1 10 1 2 4 8 16 32 64 128 256 512
 158  769  161 0  39 1 10 1 2 4 8 16 32 64 128 256 512
 159  630  205 0  36 1 10 1 2 4 8 16 32 64 128 256 512
 160  690  158 0  94 1 10 1 2 4 8 16 32 64 128 256 512
 161  654  599 0  15 1 10 1 2 4 8 16 32 64 128 256 512
 162   22  936 0  68 1 10 1 2 4 8 16 32 64 128 256 512
 163  860  396 0  16 1 10 1 2 4 8 16 32 64 128 256 512
 164  418  107 0  98 1 10 1 2 4 8 16 32 64 128 256 512
 165  320  838 0  41 1 10 1 2 4 8 16 32 64 128 256 512
 166  614    5 0  60 1 10 1 2 4 8 16 32 64 128 256 512
 167  120  963 0  91 1 10 1 2 4 8 16 32 64 128 256 512
 168  636  780 0  14 1 10 1 2 4 8 16 32 64 128 256 512
 169  423  712 0  86 1 10 1 2 4 8 16 32 64 128 256 512
 170  286  298 0  77 1 10 1 2 4 8 16 32 64 128 256 512
 171  185  487 0  26 1 10 1 2 4 8 16 32 64 128 256 512
 172  927   19 0   4 1 10 1 2 4 8 16 32 64 128 256 512
 173  446  309 0 100 1 10 1 2 4 8 16 32 64 128 256 512
 174  625  230 0  73 1 10 1 2 4 8 16 32 64 128 256 512
 175  869  840 0  48 1 10 1 2 4 8 16 32 64 128 256 512
 176  136  357 0  96 1 10 1 2 4 8 16 32 64 128 256 512
 177  822  771 0  11 1 10 1 2 4 8 16 32 64 128 256 512
 178  458  367 0  43 1 10 1 2 4 8 16 32 64 128 256 512
 179  139  820 0  47 1 10 1 2 4 8 16 32 64 128 256 512
 180  451  305 0  50 1 10 1 2 4 8 16 32 64 128 256 512
 181  323  879 0  47 1 10 1 2 4 8 16 32 64 128 256 512
 182  188  637 0   5 1 10 1 2 4 8 16 32 64 128 256 512
 183  263  917 0  27 1 10 1 2 4 8 16 32 64 128 256 512
 184  740  569 0  68 1 10 1 2 4 8 16 32 64 128 256 512
 185  526   95 0   2 1 10 1 2 4 8 16 32 64 128 256 512
 186  465  404 0   9 1 10 1 2 4 8 16 32 64 128 256 512
 187  943  739 0  51 1 10 1 2 4 8 16 32 64 128 256 512
 188  146  582 0  27 1 10 1 2 4 8 16 32 64 128 256 512
 189  354  689 0  24 1 10 1 2 4 8 16 32 64 128 256 512
 190   77  561 0  73 1 10 1 2 4 8 16 32 64 128 256 512
 191  302  368 0  77 1 10 1 2 4 8 16 32 64 128 256 512
 192  903  138 0  59 1 10 1 2 4 8 16 32 64 128 256 512
 193  792  947 0  23 1 10 1 2 4 8 16 32 64 128 256 512
 194  201  815 0  25 1 10 1 2 4 8 16 32 64 128 256 512
 195  546  986 0  57 1 10 1 2 4 8 16 32 64 128 256 512
 196  581   14 0  57 1 10 1 2 4 8 16 32 64 128 256 512
 197  643  469 0   7 1 10 1 2 4 8 16 32 64 128 256 512
 198  495  173 0   8 1 10 1 2 4 8 16 32 64 128 256 512
 199  509  350 0  25 1 10 1 2 4 8 16 32 64 128 256 512
 200  261  172 0  97 1 10 1 2 4 8 16 32 64 128 256 512
 201  853  700 0   8 1 10 1 2 4 8 16 32 64 128 256 512
 202  816  920 0  36 1 10 1 2 4 8 16 32 64 128 256 512
 203  777  347 0  60 1 10 1 2 4 8 16 32 64 128 256 512
 204  307  568 0  68 1 10 1 2 4 8 16 32 64 128 256 512
 205  441  623 0  61 1 10 1 2 4 8 16 32 64 128 256 512
 206  241  282 0  99 1 10 1 2 4 8 16 32 64 128 256 512
 207  863  299 0  51 1 10 1 2 4 8 16 32 64 128 256 512
 208   88  529 0  80 1 10 1 2 4 8 16 32 64 128 256 512
 209  601  357 0  57 1 10 1 2 4 8 16 32 64 128 256 512
 210  962  374 0  15 1 10 1 2 4 8 16 32 64 128 256 512
 211  551  850 0  96 1 10 1 2 4 8 16 32 64 128 256 512
 212  383  798 0  89 1 10 1 2 4 8 16 32 64 128 256 512
 213   15  383 0  37 1 10 1 2 4 8 16 32 64 128 256 512
 214  741  342 0  90 1 10 1 2 4 8 16 32 64 128 256 512
 215  798  277 0  24 1 10 1 2 4 8 16 32 64 128 256 512
 216  334  122 0  44 1 10 1 2 4 8 16 32 64 128 256 512
 217  779  677 0  40 1 10 1 2 4 8 16 32 64 128 256 512
 218  664  611 0  31 1 10 1 2 4 8 16 32 64 128 256 512
 219  677  975 0  42 1 10 1 2 4 8 16 32 64 128 256 512
 220  480  603 0  41 1 10 1 2 4 8 16 32 64 128 256 512
 221  352  631 0  29 1 10 1 2 4 8 16 32 64 128 256 512
 222  566  522 0  57 1 10 1 2 4 8 16 32 64 128 256 512
 223  648  582 0  38 1 10 1 2 4 8 16 32 64 128 256 512
 224  134  521 0  95 1 10 1 2 4 8 16 32 64 128 256 512
 225   54  205 0   7 1 10 1 2 4 8 16 32 64 128 256 512
 226  754  423 0  64 1 10 1 2 4 8 16 32 64 128 256 512
 227  965  837 0  94 1 10 1 2 4 8 16 32 64 128 256 512
 228  969  460 0  91 1 10 1 2 4 8 16 32 64 128 256 512
 229  941  839 0  79 1 10 1 2 4 8 16 32 64 128 256 512
 230  210  434 0   3 1 10 1 2 4 8 16 32 64 128 256 512
 231  400  709 0 100 1 10 1 2 4 8 16 32 64 128 256 512
 232  234  459 0  72 1 10 1 2 4 8 16 32 64 128 256 512
 233  527 1000 0  93 1 10 1 2 4 8 16 32 64 128 256 512
 234  415  543 0  82 1 10 1 2 4 8 16 32 64 128 256 512
 235  722  558 0  45 1 10 1 2 4 8 16 32 64 128 256 512
 236  353  484 0  73 1 10 1 2 4 8 16 32 64 128 256 512
 237  521  111 0  96 1 10 1 2 4 8 16 32 64 128 256 512
 238  653  484 0  77 1 10 1 2 4 8 16 32 64 128 256 512
 239  902  997 0   5 1 10 1 2 4 8 16 32 64 128 256 512
 240  784  328 0   7 1 10 1 2 4 8 16 32 64 128 256 512
 241  563   63 0  58 1 10 1 2 4 8 16 32 64 128 256 512
 242  227  744 0  50 1 10 1 2 4 8 16 32 64 128 256 512
 243  371    7 0  70 1 10 1 2 4 8 16 32 64 128 256 512
 244  708  369 0  60 1 10 1 2 4 8 16 32 64 128 256 512
 245  416  841 0  89 1 10 1 2 4 8 16 32 64 128 256 512
 246  940  745 0  43 1 10 1 2 4 8 16 32 64 128 256 512
 247  266  437 0   3 1 10 1 2 4 8 16 32 64 128 256 512
 248  952  348 0  37 1 10 1 2 4 8 16 32 64 128 256 512
 249  824  341 0  43 1 10 1 2 4 8 16 32 64 128 256 512
 250   81  319 0  56 1 10 1 2 4 8 16 32 64 128 256 512
 251   63  852 0  90 1 10 1 2 4 8 16 32 64 128 256 512
 252  420   78 0  50 1 10 1 2 4 8 16 32 64 128 256 512
 253  451   36 0  36 1 10 1 2 4 8 16 32 64 128 256 512
 254  418   89 0  27 1 10 1 2 4 8 16 32 64 128 256 512
 255  357  147 0   9 1 10 1 2 4 8 16 32 64 128 256 512
 256  812  496 0  27 1 10 1 2 4 8 16 32 64 128 256 512
 257  879  142 0  84 1 10 1 2 4 8 16 32 64 128 256 512
 258  934  199 0  89 1 10 1 2 4 8 16 32 64 128 256 512
 259  621  348 0  92 1 10 1 2 4 8 16 32 64 128 256 512
 260  582  981 0  69 1 10 1 2 4 8 16 32 64 128 256 512
 261  697  213 0  67 1 10 1 2 4 8 16 32 64 128 256 512
 262  765  129 0  82 1 10 1 2 4 8 16 32 64 128 256 512
 263  376   18 0  26 1 10 1 2 4 8 16 32 64 128 256 512
 264  866  463 0   6 1 10 1 2 4 8 16 32 64 128 256 512
 265  495  773 0  88 1 10 1 2 4 8 16 32 64 128 256 512
 266  975  240 0  14 1 10 1 2 4 8 16 32 64 128 256 512
 267  857  956 0  86 1 10 1 2 4 8 16 32 64 128 256 512
 268  789  654 0  56 1 10 1 2 4 8 16 32 64 128 256 512
 269   57  939 0  31 1 10 1 2 4 8 16 32 64 128 256 512
 270  448  232 0  60 1 10 1 2 4 8 16 32 64 128 256 512
 271  250  650 0  88 1 10 1 2 4 8 16 32 64 128 256 512
 272  159  935 0  66 1 10 1 2 4 8 16 32 64 128 256 512
 273  219  696 0  25 1 10 1 2 4 8 16 32 64 128 256 512
 274  792  114 0   2 1 10 1 2 4 8 16 32 64 128 256 512
 275   33    0 0  66 1 10 1 2 4 8 16 32 64 128 256 512
 276  777  169 0  24 1 10 1 2 4 8 16 32 64 128 256 512
 277  690  693 0  49 1 10 1 2 4 8 16 32 64 128 256 512
 278  687  213 0  16 1 10 1 2 4 8 16 32 64 128 256 512
 279  173  711 0 100 1 10 1 2 4 8 16 32 64 128 256 512
 280  641  688 0  95 1 10 1 2 4 8 16 32 64 128 256 512
 281  531  516 0  68 1 10 1 2 4 8 16 32 64 128 256 512
 282  841  386 0  86 1 10 1 2 4 8 16 32 64 128 256 512
 283  152  945 0  71 1 10 1 2 4 8 16 32 64 128 256 512
 284  884   54 0  41 1 10 1 2 4 8 16 32 64 128 256 512
 285  694  333 0  73 1 10 1 2 4 8 16 32 64 128 256 512
 286  223  819 0  22 1 10 1 2 4 8 16 32 64 128 256 512
 287  165  594 0  31 1 10 1 2 4 8 16 32 64 128 256 512
 288  169  703 0  83 1 10 1 2 4 8 16 32 64 128 256 512
 289  357  244 0  23 1 10 1 2 4 8 16 32 64 128 256 512
 290   41  846 0  85 1 10 1 2 4 8 16 32 64 128 256 512
 291  814  343 0  77 1 10 1 2 4 8 16 32 64 128 256 512
 292  385  584 0  29 1 10 1 2 4 8 16 32 64 128 256 512
 293  847  497 0  46 1 10 1 2 4 8 16 32 64 128 256 512
 294  220  495 0  68 1 10 1 2 4 8 16 32 64 128 256 512
 295  942  911 0  55 1 10 1 2 4 8 16 32 64 128 256 512
 296  389  730 0  50 1 10 1 2 4 8 16 32 64 128 256 512
 297  348  947 0  90 1 10 1 2 4 8 16 32 64 128 256 512
 298  480  657 0  30 1 10 1 2 4 8 16 32 64 128 256 512
 299  385  997 0  36 1 10 1 2 4 8 16 32 64 128 256 512
 300  582  698 0  48 1 10 1 2 4 8 16 32 64 128 256 512
 301   49   28 0  60 1 10 1 2 4 8 16 32 64 128 256 512
 302  560  554 0  91 1 10 1 2 4 8 16 32 64 128 256 512
 303  588  837 0  34 1 10 1 2 4 8 16 32 64 128 256 512
 304  917  865 0  82 1 10 1 2 4 8 16 32 64 128 256 512
 305  256  828 0  20 1 10 1 2 4 8 16 32 64 128 256 512
 306   18  407 0  73 1 10 1 2 4 8 16 32 64 128 256 512
 307  992  576 0  59 1 10 1 2 4 8 16 32 64 128 256 512
 308  903  473 0  21 1 10 1 2 4 8 16 32 64 128 256 512
 309  241  107 0  70 1 10 1 2 4 8 16 32 64 128 256 512
 310  525  146 0  47 1 10 1 2 4 8 16 32 64 128 256 512
 311  325  786 0  20 1 10 1 2 4 8 16 32 64 128 256 512
 312  521  735 0  97 1 10 1 2 4 8 16 32 64 128 256 512
 313  995  649 0  55 1 10 1 2 4 8 16 32 64 128 256 512
 314  589  661 0  86 1 10 1 2 4 8 16 32 64 128 256 512
 315  417  850 0  78 1 10 1 2 4 8 16 32 64 128 256 512
 316  187  421 0  90 1 10 1 2 4 8 16 32 64 128 256 512
 317  430  262 0  88 1 10 1 2 4 8 16 32 64 128 256 512
 318  688  843 0  41 1 10 1 2 4 8 16 32 64 128 256 512
 319  776  822 0  57 1 10 1 2 4 8 16 32 64 128 256 512
 320  669  120 0  78 1 10 1 2 4 8 16 32 64 128 256 512
 321  815  858 0  63 1 10 1 2 4 8 16 32 64 128 256 512
 322  328  406 0  94 1 10 1 2 4 8 16 32 64 128 256 512
 323  637  646 0  48 1 10 1 2 4 8 16 32 64 128 256 512
 324  693  664 0  50 1 10 1 2 4 8 16 32 64 128 256 512
 325  231  124 0 100 1 10 1 2 4 8 16 32 64 128 256 512
 326  752  709 0   9 1 10 1 2 4 8 16 32 64 128 256 512
 327  697  519 0  26 1 10 1 2 4 8 16 32 64 128 256 512
 328  482  652 0  19 1 10 1 2 4 8 16 32 64 128 256 512
 329  458  338 0 100 1 10 1 2 4 8 16 32 64 128 256 512
 330  529  784 0  47 1 10 1 2 4 8 16 32 64 128 256 512
 331  275  380 0  74 1 10 1 2 4 8 16 32 64 128 256 512
 332  757  354 0   8 1 10 1 2 4 8 16 32 64 128 256 512
 333  759  581 0  69 1 10 1 2 4 8 16 32 64 128 256 512
 334  397  438 0  25 1 10 1 2 4 8 16 32 64 128 256 512
 335  998  531 0  60 1 10 1 2 4 8 16 32 64 128 256 512
 336  647  716 0   5 1 10 1 2 4 8 16 32 64 128 256 512
 337  925  383 0  28 1 10 1 2 4 8 16 32 64 128 256 512
 338  645  465 0  50 1 10 1 2 4 8 16 32 64 128 256 512
 339   44   29 0  92 1 10 1 2 4 8 16 32 64 128 256 512
 340  358  878 0  23 1 10 1 2 4 8 16 32 64 128 256 512
 341  454  176 0  34 1 10 1 2 4 8 16 32 64 128 256 512
 342   80   89 0  41 1 10 1 2 4 8 16 32 64 128 256 512
 343  786  519 0  37 1 10 1 2 4 8 16 32 64 128 256 512
 344  889  233 0  46 1 10 1 2 4 8 16 32 64 128 256 512
 345  674  477 0  80 1 10 1 2 4 8 16 32 64 128 256 512
 346  900  699 0  58 1 10 1 2 4 8 16 32 64 128 256 512
 347  838  895 0  14 1 10 1 2 4 8 16 32 64 128 256 512
 348  586  959 0  71 1 10 1 2 4 8 16 32 64 128 256 512
 349  213  909 0   4 1 10 1 2 4 8 16 32 64 128 256 512
 350  365  997 0   6 1 10 1 2 4 8 16 32 64 128 256 512
 351  443  689 0  75 1 10 1 2 4 8 16 32 64 128 256 512
 352  947  146 0  78 1 10 1 2 4 8 16 32 64 128 256 512
 353  142  794 0 100 1 10 1 2 4 8 16 32 64 128 256 512
 354  590  905 0  30 1 10 1 2 4 8 16 32 64 128 256 512
 355  482  395 0  64 1 10 1 2 4 8 16 32 64 128 256 512
 356  151  250 0  25 1 10 1 2 4 8 16 32 64 128 256 512
 357  641  267 0  72 1 10 1 2 4 8 16 32 64 128 256 512
 358  284  927 0  80 1 10 1 2 4 8 16 32 64 128 256 512
 359  408  785 0  57 1 10 1 2 4 8 16 32 64 128 256 512
 360  446  494 0  11 1 10 1 2 4 8 16 32 64 128 256 512
 361  288  419 0  62 1 10 1 2 4 8 16 32 64 128 256 512
 362  473  274 0  92 1 10 1 2 4 8 16 32 64 128 256 512
 363  541  169 0  73 1 10 1 2 4 8 16 32 64 128 256 512
 364  891  660 0  59 1 10 1 2 4 8 16 32 64 128 256 512
 365  898  679 0  96 1 10 1 2 4 8 16 32 64 128 256 512
 366  840   45 0  29 1 10 1 2 4 8 16 32 64 128 256 512
 367  202  658 0  37 1 10 1 2 4 8 16 32 64 128 256 512
 368  790  305 0  63 1 10 1 2 4 8 16 32 64 128 256 512
 369  536  265 0  57 1 10 1 2 4 8 16 32 64 128 256 512
 370  680  390 0   8 1 10 1 2 4 8 16 32 64 128 256 512
 371  652  597 0   9 1 10 1 2 4 8 16 32 64 128 256 512
 372  106  885 0   7 1 10 1 2 4 8 16 32 64 128 256 512
 373  439  363 0  53 1 10 1 2 4 8 16 32 64 128 256 512
 374  933  397 0  38 1 10 1 2 4 8 16 32 64 128 256 512
 375  990  312 0   7 1 10 1 2 4 8 16 32 64 128 256 512
 376  758  999 0  53 1 10 1 2 4 8 16 32 64 128 256 512
 377  429  404 0  93 1 10 1 2 4 8 16 32 64 128 256 512
 378  172  560 0  82 1 10 1 2 4 8 16 32 64 128 256 512
 379  761  937 0  10 1 10 1 2 4 8 16 32 64 128 256 512
 380  425  243 0  98 1 10 1 2 4 8 16 32 64 128 256 512
 381  979  702 0  29 1 10 1 2 4 8 16 32 64 128 256 512
 382  688  758 0  77 1 10 1 2 4 8 16 32 64 128 256 512
 383  511  861 0  54 1 10 1 2 4 8 16 32 64 128 256 512
 384  915   72 0  94 1 10 1 2 4 8 16 32 64 128 256 512
 385   10  516 0  43 1 10 1 2 4 8 16 32 64 128 256 512
 386   13  527 0   8 1 10 1 2 4 8 16 32 64 128 256 512
 387  791  136 0  40 1 10 1 2 4 8 16 32 64 128 256 512
 388  709  798 0  53 1 10 1 2 4 8 16 32 64 128 256 512
 389  147  925 0  71 1 10 1 2 4 8 16 32 64 128 256 512
 390   50   22 0  91 1 10 1 2 4 8 16 32 64 128 256 512
 391  535  707 0  69 1 10 1 2 4 8 16 32 64 128 256 512
 392  188  765 0  80 1 10 1 2 4 8 16 32 64 128 256 512
 393  459  993 0  55 1 10 1 2 4 8 16 32 64 128 256 512
 394  394  212 0  50 1 10 1 2 4 8 16 32 64 128 256 512
 395  159  325 0  25 1 10 1 2 4 8 16 32 64 128 256 512
 396  943  996 0  66 1 10 1 2 4 8 16 32 64 128 256 512
 397  394  635 0   3 1 10 1 2 4 8 16 32 64 128 256 512
 398  186  354 0  69 1 10 1 2 4 8 16 32 64 128 256 512
 399  165  260 0  85 1 10 1 2 4 8 16 32 64 128 256 512
 400   18  645 0  69 1 10 1 2 4 8 16 32 64 128 256 512
 401   19  544 0  23 1 10 1 2 4 8 16 32 64 128 256 512
 402   73  726 0  67 1 10 1 2 4 8 16 32 64 128 256 512
 403  601  248 0  55 1 10 1 2 4 8 16 32 64 128 256 512
 404  951  242 0  87 1 10 1 2 4 8 16 32 64 128 256 512
 405  440  925 0  75 1 10 1 2 4 8 16 32 64 128 256 512
 406  180  631 0  65 1 10 1 2 4 8 16 32 64 128 256 512
 407  222  362 0  24 1 10 1 2 4 8 16 32 64 128 256 512
 408  387  339 0  25 1 10 1 2 4 8 16 32 64 128 256 512
 409  731  830 0  95 1 10 1 2 4 8 16 32 64 128 256 512
 410  244  281 0  88 1 10 1 2 4 8 16 32 64 128 256 512
 411  300  387 0  69 1 10 1 2 4 8 16 32 64 128 256 512
 412  986  174 0   9 1 10 1 2 4 8 16 32 64 128 256 512
 413  828  282 0  49 1 10 1 2 4 8 16 32 64 128 256 512
 414  961  200 0  63 1 10 1 2 4 8 16 32 64 128 256 512
 415  355  731 0   7 1 10 1 2 4 8 16 32 64 128 256 512
 416  670  795 0  77 1 10 1 2 4 8 16 32 64 128 256 512
 417  900  988 0  30 1 10 1 2 4 8 16 32 64 128 256 512
 418  647  543 0  65 1 10 1 2 4 8 16 32 64 128 256 512
 419  207  807 0  70 1 10 1 2 4 8 16 32 64 128 256 512
 420  222  661 0  63 1 10 1 2 4 8 16 32 64 128 256 512
 421  326  303 0  56 1 10 1 2 4 8 16 32 64 128 256 512
 422  358  996 0  61 1 10 1 2 4 8 16 32 64 128 256 512
 423  455  727 0  31 1 10 1 2 4 8 16 32 64 128 256 512
 424  971   77 0  81 1 10 1 2 4 8 16 32 64 128 256 512
 425  921  435 0  96 1 10 1 2 4 8 16 32 64 128 256 512
 426  587  688 0  62 1 10 1 2 4 8 16 32 64 128 256 512
 427  742  242 0  18 1 10 1 2 4 8 16 32 64 128 256 512
 428  166  639 0  82 1 10 1 2 4 8 16 32 64 128 256 512
 429  700  614 0  31 1 10 1 2 4 8 16 32 64 128 256 512
 430  587  433 0  20 1 10 1 2 4 8 16 32 64 128 256 512
 431   39  801 0  35 1 10 1 2 4 8 16 32 64 128 256 512
 432  910  654 0  46 1 10 1 2 4 8 16 32 64 128 256 512
 433   54   29 0  20 1 10 1 2 4 8 16 32 64 128 256 512
 434  451  871 0  90 1 10 1 2 4 8 16 32 64 128 256 512
 435  767  901 0  65 1 10 1 2 4 8 16 32 64 128 256 512
 436  998  425 0  36 1 10 1 2 4 8 16 32 64 128 256 512
 437  843  600 0  70 1 10 1 2 4 8 16 32 64 128 256 512
 438  864  935 0  98 1 10 1 2 4 8 16 32 64 128 256 512
 439   65  962 0  75 1 10 1 2 4 8 16 32 64 128 256 512
 440  454   36 0  21 1 10 1 2 4 8 16 32 64 128 256 512
 441  527  859 0  37 1 10 1 2 4 8 16 32 64 128 256 512
 442  672  893 0   8 1 10 1 2 4 8 16 32 64 128 256 512
 443  248  848 0  85 1 10 1 2 4 8 16 32 64 128 256 512
 444  581  748 0  89 1 10 1 2 4 8 16 32 64 128 256 512
 445  251  501 0  29 1 10 1 2 4 8 16 32 64 128 256 512
 446  686  671 0  63 1 10 1 2 4 8 16 32 64 128 256 512
 447  866  873 0  53 1 10 1 2 4 8 16 32 64 128 256 512
 448  423  326 0  68 1 10 1 2 4 8 16 32 64 128 256 512
 449  831  812 0  61 1 10 1 2 4 8 16 32 64 128 256 512
 450   65  564 0  16 1 10 1 2 4 8 16 32 64 128 256 512
 451  671  692 0  55 1 10 1 2 4 8 16 32 64 128 256 512
 452  278  938 0   1 1 10 1 2 4 8 16 32 64 128 256 512
 453  243  121 0  27 1 10 1 2 4 8 16 32 64 128 256 512
 454   71  888 0  47 1 10 1 2 4 8 16 32 64 128 256 512
 455  535  748 0  98 1 10 1 2 4 8 16 32 64 128 256 512
 456  242   22 0   7 1 10 1 2 4 8 16 32 64 128 256 512
 457  935  512 0  17 1 10 1 2 4 8 16 32 64 128 256 512
 458  799  818 0  27 1 10 1 2 4 8 16 32 64 128 256 512
 459  786  474 0  33 1 10 1 2 4 8 16 32 64 128 256 512
 460  404  596 0  46 1 10 1 2 4 8 16 32 64 128 256 512
 461   14  755 0  80 1 10 1 2 4 8 16 32 64 128 256 512
 462  137  347 0  42 1 10 1 2 4 8 16 32 64 128 256 512
 463  294   90 0  91 1 10 1 2 4 8 16 32 64 128 256 512
 464  157  409 0  92 1 10 1 2 4 8 16 32 64 128 256 512
 465   61  402 0  28 1 10 1 2 4 8 16 32 64 128 256 512
 466  677  419 0  85 1 10 1 2 4 8 16 32 64 128 256 512
 467  965  785 0  61 1 10 1 2 4 8 16 32 64 128 256 512
 468  755  936 0  77 1 10 1 2 4 8 16 32 64 128 256 512
 469  111  454 0  37 1 10 1 2 4 8 16 32 64 128 256 512
 470  472  215 0  11 1 10 1 2 4 8 16 32 64 128 256 512
 471  347  255 0  95 1 10 1 2 4 8 16 32 64 128 256 512
 472  739  882 0  40 1 10 1 2 4 8 16 32 64 128 256 512
 473  468  313 0  42 1 10 1 2 4 8 16 32 64 128 256 512
 474  726  887 0  17 1 10 1 2 4 8 16 32 64 128 256 512
 475   30  516 0  62 1 10 1 2 4 8 16 32 64 128 256 512
 476  607  905 0  33 1 10 1 2 4 8 16 32 64 128 256 512
 477  622   32 0  17 1 10 1 2 4 8 16 32 64 128 256 512
 478  788  503 0  66 1 10 1 2 4 8 16 32 64 128 256 512
 479  488  363 0   5 1 10 1 2 4 8 16 32 64 128 256 512
 480  135  238 0  39 1 10 1 2 4 8 16 32 64 128 256 512
 481 1000  233 0  32 1 10 1 2 4 8 16 32 64 128 256 512
 482  569  121 0  62 1 10 1 2 4 8 16 32 64 128 256 512
 483  270  523 0  78 1 10 1 2 4 8 16 32 64 128 256 512
 484  973  324 0  22 1 10 1 2 4 8 16 32 64 128 256 512
 485  670  467 0  62 1 10 1 2 4 8 16 32 64 128 256 512
 486  828  300 0  58 1 10 1 2 4 8 16 32 64 128 256 512
 487  794  526 0  61 1 10 1 2 4 8 16 32 64 128 256 512
 488  755  838 0  76 1 10 1 2 4 8 16 32 64 128 256 512
 489  996  654 0 100 1 10 1 2 4 8 16 32 64 128 256 512
 490  186   25 0  90 1 10 1 2 4 8 16 32 64 128 256 512
 491  685  442 0  79 1 10 1 2 4 8 16 32 64 128 256 512
 492   17   71 0  52 1 10 1 2 4 8 16 32 64 128 256 512
 493  680  906 0  34 1 10 1 2 4 8 16 32 64 128 256 512
 494  639  219 0  31 1 10 1 2 4 8 16 32 64 128 256 512
 495  940  122 0  55 1 10 1 2 4 8 16 32 64 128 256 512
 496  642  243 0  93 1 10 1 2 4 8 16 32 64 128 256 512
 497    1  702 0  62 1 10 1 2 4 8 16 32 64 128 256 512
 498   88  194 0  35 1 10 1 2 4 8 16 32 64 128 256 512
 499  934  375 0  34 1 10 1 2 4 8 16 32 64 128 256 512
 500   77  501 0  91 1 10 1 2 4 8 16 32 64 128 256 512
 501   99  843 0  11 1 10 1 2 4 8 16 32 64 128 256 512
 502  976  687 0  61 1 10 1 2 4 8 16 32 64 128 256 512
 503  918  796 0  78 1 10 1 2 4 8 16 32 64 128 256 512
 504  869  436 0  91 1 10 1 2 4 8 16 32 64 128 256 512
 505  941  235 0  73 1 10 1 2 4 8 16 32 64 128 256 512
 506  419  579 0  13 1 10 1 2 4 8 16 32 64 128 256 512
 507  232  151 0  88 1 10 1 2 4 8 16 32 64 128 256 512
 508  560  275 0   3 1 10 1 2 4 8 16 32 64 128 256 512
 509  742  403 0  66 1 10 1 2 4 8 16 32 64 128 256 512
 510  383  119 0  74 1 10 1 2 4 8 16 32 64 128 256 512
 511  105  779 0  43 1 10 1 2 4 8 16 32 64 128 256 512
 512  875  839 0  21 1 10 1 2 4 8 16 32 64 128 256 512
 513  671  776 0  41 1 10 1 2 4 8 16 32 64 128 256 512
 514  148  772 0  93 1 10 1 2 4 8 16 32 64 128 256 512
 515  954  653 0  51 1 10 1 2 4 8 16 32 64 128 256 512
 516   79  568 0  94 1 10 1 2 4 8 16 32 64 128 256 512
 517  357  343 0  87 1 10 1 2 4 8 16 32 64 128 256 512
 518  328  907 0  29 1 10 1 2 4 8 16 32 64 128 256 512
 519  862  127 0  97 1 10 1 2 4 8 16 32 64 128 256 512
 520  313  548 0  16 1 10 1 2 4 8 16 32 64 128 256 512
 521  390  806 0  45 1 10 1 2 4 8 16 32 64 128 256 512
 522   77  888 0  62 1 10 1 2 4 8 16 32 64 128 256 512
 523  514  997 0  76 1 10 1 2 4 8 16 32 64 128 256 512
 524  180  333 0  89 1 10 1 2 4 8 16 32 64 128 256 512
 525  455  914 0   6 1 10 1 2 4 8 16 32 64 128 256 512
 526  933  161 0  63 1 10 1 2 4 8 16 32 64 128 256 512
 527  343  825 0  69 1 10 1 2 4 8 16 32 64 128 256 512
 528  976  193 0  82 1 10 1 2 4 8 16 32 64 128 256 512
 529  137  246 0  26 1 10 1 2 4 8 16 32 64 128 256 512
 530  898  700 0  99 1 10 1 2 4 8 16 32 64 128 256 512
 531  503  586 0  86 1 10 1 2 4 8 16 32 64 128 256 512
 532  145  164 0  56 1 10 1 2 4 8 16 32 64 128 256 512
 533  965   93 0  80 1 10 1 2 4 8 16 32 64 128 256 512
 534  258  490 0  85 1 10 1 2 4 8 16 32 64 128 256 512
 535  914  921 0  20 1 10 1 2 4 8 16 32 64 128 256 512
 536  743  766 0  51 1 10 1 2 4 8 16 32 64 128 256 512
 537  596  510 0  86 1 10 1 2 4 8 16 32 64 128 256 512
 538  520  242 0  83 1 10 1 2 4 8 16 32 64 128 256 512
 539  403  465 0  47 1 10 1 2 4 8 16 32 64 128 256 512
 540  384  958 0  36 1 10 1 2 4 8 16 32 64 128 256 512
 541  969  172 0  67 1 10 1 2 4 8 16 32 64 128 256 512
 542  530  506 0  76 1 10 1 2 4 8 16 32 64 128 256 512
 543  565  676 0  79 1 10 1 2 4 8 16 32 64 128 256 512
 544  781  497 0 100 1 10 1 2 4 8 16 32 64 128 256 512
 545  514  628 0  49 1 10 1 2 4 8 16 32 64 128 256 512
 546  550  891 0  43 1 10 1 2 4 8 16 32 64 128 256 512
 547  438  384 0  78 1 10 1 2 4 8 16 32 64 128 256 512
 548  184  506 0  99 1 10 1 2 4 8 16 32 64 128 256 512
 549  685  683 0   3 1 10 1 2 4 8 16 32 64 128 256 512
 550  420  532 0  42 1 10 1 2 4 8 16 32 64 128 256 512
 551  797  403 0  96 1 10 1 2 4 8 16 32 64 128 256 512
 552  552  973 0  82 1 10 1 2 4 8 16 32 64 128 256 512
 553  535  565 0  65 1 10 1 2 4 8 16 32 64 128 256 512
 554  428  834 0  93 1 10 1 2 4 8 16 32 64 128 256 512
 555  377  779 0  50 1 10 1 2 4 8 16 32 64 128 256 512
 556  994  506 0  22 1 10 1 2 4 8 16 32 64 128 256 512
 557  947  585 0  69 1 10 1 2 4 8 16 32 64 128 256 512
 558  767  356 0  56 1 10 1 2 4 8 16 32 64 128 256 512
 559  972  505 0  45 1 10 1 2 4 8 16 32 64 128 256 512
 560  722  209 0  29 1 10 1 2 4 8 16 32 64 128 256 512
 561   58  491 0  96 1 10 1 2 4 8 16 32 64 128 256 512
 562    4  221 0  22 1 10 1 2 4 8 16 32 64 128 256 512
 563  407  358 0  18 1 10 1 2 4 8 16 32 64 128 256 512
 564  448  914 0  39 1 10 1 2 4 8 16 32 64 128 256 512
 565  654  241 0  44 1 10 1 2 4 8 16 32 64 128 256 512
 566  666  206 0  58 1 10 1 2 4 8 16 32 64 128 256 512
 567  377   53 0  89 1 10 1 2 4 8 16 32 64 128 256 512
 568  364  978 0  23 1 10 1 2 4 8 16 32 64 128 256 512
 569  624  960 0   7 1 10 1 2 4 8 16 32 64 128 256 512
 570  411  766 0  33 1 10 1 2 4 8 16 32 64 128 256 512
 571  742  456 0  58 1 10 1 2 4 8 16 32 64 128 256 512
 572  955  462 0  35 1 10 1 2 4 8 16 32 64 128 256 512
 573  674  375 0  88 1 10 1 2 4 8 16 32 64 128 256 512
 574  268  864 0  91 1 10 1 2 4 8 16 32 64 128 256 512
 575  616  257 0  80 1 10 1 2 4 8 16 32 64 128 256 512
 576  480  176 0  54 1 10 1 2 4 8 16 32 64 128 256 512
 577  582  992 0  48 1 10 1 2 4 8 16 32 64 128 256 512
 578   59  446 0  45 1 10 1 2 4 8 16 32 64 128 256 512
 579  844  776 0  93 1 10 1 2 4 8 16 32 64 128 256 512
 580  638  703 0  32 1 10 1 2 4 8 16 32 64 128 256 512
 581  299  178 0  40 1 10 1 2 4 8 16 32 64 128 256 512
 582  469  481 0  39 1 10 1 2 4 8 16 32 64 128 256 512
 583  273  492 0  36 1 10 1 2 4 8 16 32 64 128 256 512
 584  352   83 0  61 1 10 1 2 4 8 16 32 64 128 256 512
 585  231  571 0   6 1 10 1 2 4 8 16 32 64 128 256 512
 586  872  846 0  10 1 10 1 2 4 8 16 32 64 128 256 512
 587   72  446 0  97 1 10 1 2 4 8 16 32 64 128 256 512
 588  206  769 0  61 1 10 1 2 4 8 16 32 64 128 256 512
 589  101  923 0   9 1 10 1 2 4 8 16 32 64 128 256 512
 590  890  750 0  57 1 10 1 2 4 8 16 32 64 128 256 512
 591   22  311 0   1 1 10 1 2 4 8 16 32 64 128 256 512
 592  198  780 0  72 1 10 1 2 4 8 16 32 64 128 256 512
 593  231  843 0  16 1 10 1 2 4 8 16 32 64 128 256 512
 594  185  335 0  45 1 10 1 2 4 8 16 32 64 128 256 512
 595  636  974 0  12 1 10 1 2 4 8 16 32 64 128 256 512
 596  567  573 0  18 1 10 1 2 4 8 16 32 64 128 256 512
 597  459  560 0  76 1 10 1 2 4 8 16 32 64 128 256 512
 598   19  686 0  80 1 10 1 2 4 8 16 32 64 128 256 512
 599  899  659 0  55 1 10 1 2 4 8 16 32 64 128 256 512
 600  865  803 0  52 1 10 1 2 4 8 16 32 64 128 256 512
 601  479  741 0  18 1 10 1 2 4 8 16 32 64 128 256 512
 602  675  419 0  39 1 10 1 2 4 8 16 32 64 128 256 512
 603  532  782 0  86 1 10 1 2 4 8 16 32 64 128 256 512
 604  695  154 0  93 1 10 1 2 4 8 16 32 64 128 256 512
 605  437  628 0  46 1 10 1 2 4 8 16 32 64 128 256 512
 606  417   54 0  12 1 10 1 2 4 8 16 32 64 128 256 512
 607   83  815 0  23 1 10 1 2 4 8 16 32 64 128 256 512
 608  840  383 0  20 1 10 1 2 4 8 16 32 64 128 256 512
 609  820  794 0  12 1 10 1 2 4 8 16 32 64 128 256 512
 610  701  169 0  78 1 10 1 2 4 8 16 32 64 128 256 512
 611  555  299 0  67 1 10 1 2 4 8 16 32 64 128 256 512
 612  297  861 0  75 1 10 1 2 4 8 16 32 64 128 256 512
 613   91  549 0  88 1 10 1 2 4 8 16 32 64 128 256 512
 614  515  952 0  54 1 10 1 2 4 8 16 32 64 128 256 512
 615  450  300 0  34 1 10 1 2 4 8 16 32 64 128 256 512
 616  659  648 0  38 1 10 1 2 4 8 16 32 64 128 256 512
 617  728  862 0  94 1 10 1 2 4 8 16 32 64 128 256 512
 618  496  106 0  27 1 10 1 2 4 8 16 32 64 128 256 512
 619  151  340 0  55 1 10 1 2 4 8 16 32 64 128 256 512
 620  188   33 0  86 1 10 1 2 4 8 16 32 64 128 256 512
 621  270  103 0  80 1 10 1 2 4 8 16 32 64 128 256 512
 622  812  958 0  65 1 10 1 2 4 8 16 32 64 128 256 512
 623  594  333 0  82 1 10 1 2 4 8 16 32 64 128 256 512
 624  822  130 0  84 1 10 1 2 4 8 16 32 64 128 256 512
 625  798  415 0  45 1 10 1 2 4 8 16 32 64 128 256 512
 626  992  769 0  60 1 10 1 2 4 8 16 32 64 128 256 512
 627  519  371 0  15 1 10 1 2 4 8 16 32 64 128 256 512
 628  191  576 0  44 1 10 1 2 4 8 16 32 64 128 256 512
 629  520   54 0  76 1 10 1 2 4 8 16 32 64 128 256 512
 630  175  893 0  23 1 10 1 2 4 8 16 32 64 128 256 512
 631  925  854 0  87 1 10 1 2 4 8 16 32 64 128 256 512
 632  468  306 0  21 1 10 1 2 4 8 16 32 64 128 256 512
 633  321  517 0   9 1 10 1 2 4 8 16 32 64 128 256 512
 634  324  866 0  12 1 10 1 2 4 8 16 32 64 128 256 512
 635  132  919 0  98 1 10 1 2 4 8 16 32 64 128 256 512
 636  870  125 0   3 1 10 1 2 4 8 16 32 64 128 256 512
 637   40   70 0  27 1 10 1 2 4 8 16 32 64 128 256 512
 638  938  915 0  58 1 10 1 2 4 8 16 32 64 128 256 512
 639  562  993 0  93 1 10 1 2 4 8 16 32 64 128 256 512
 640  336  489 0  87 1 10 1 2 4 8 16 32 64 128 256 512
 641  635  217 0  26 1 10 1 2 4 8 16 32 64 128 256 512
 642  593  268 0  51 1 10 1 2 4 8 16 32 64 128 256 512
 643  507  688 0  20 1 10 1 2 4 8 16 32 64 128 256 512
 644  559  258 0  64 1 10 1 2 4 8 16 32 64 128 256 512
 645  626  311 0  47 1 10 1 2 4 8 16 32 64 128 256 512
 646  649  941 0  62 1 10 1 2 4 8 16 32 64 128 256 512
 647  555  138 0  38 1 10 1 2 4 8 16 32 64 128 256 512
 648  625  234 0   2 1 10 1 2 4 8 16 32 64 128 256 512
 649 1000  728 0  74 1 10 1 2 4 8 16 32 64 128 256 512
 650  996  845 0  42 1 10 1 2 4 8 16 32 64 128 256 512
 651  990  374 0  41 1 10 1 2 4 8 16 32 64 128 256 512
 652  253  310 0  31 1 10 1 2 4 8 16 32 64 128 256 512
 653  932  618 0  75 1 10 1 2 4 8 16 32 64 128 256 512
 654  137    3 0  50 1 10 1 2 4 8 16 32 64 128 256 512
 655  343  892 0  34 1 10 1 2 4 8 16 32 64 128 256 512
 656  285  764 0  49 1 10 1 2 4 8 16 32 64 128 256 512
 657  336  964 0  68 1 10 1 2 4 8 16 32 64 128 256 512
 658  504  685 0  51 1 10 1 2 4 8 16 32 64 128 256 512
 659  319  372 0   2 1 10 1 2 4 8 16 32 64 128 256 512
 660   27  353 0  17 1 10 1 2 4 8 16 32 64 128 256 512
 661  671   54 0   5 1 10 1 2 4 8 16 32 64 128 256 512
 662  480  884 0  44 1 10 1 2 4 8 16 32 64 128 256 512
 663  374   18 0  59 1 10 1 2 4 8 16 32 64 128 256 512
 664  350  846 0  67 1 10 1 2 4 8 16 32 64 128 256 512
 665  674  418 0  18 1 10 1 2 4 8 16 32 64 128 256 512
 666  146  379 0  96 1 10 1 2 4 8 16 32 64 128 256 512
 667  945  554 0  52 1 10 1 2 4 8 16 32 64 128 256 512
 668  376  884 0  81 1 10 1 2 4 8 16 32 64 128 256 512
 669  612  801 0  96 1 10 1 2 4 8 16 32 64 128 256 512
 670  950  320 0  43 1 10 1 2 4 8 16 32 64 128 256 512
 671  677  497 0  96 1 10 1 2 4 8 16 32 64 128 256 512
 672  227  230 0  49 1 10 1 2 4 8 16 32 64 128 256 512
 673  894   82 0   3 1 10 1 2 4 8 16 32 64 128 256 512
 674  386  493 0  46 1 10 1 2 4 8 16 32 64 128 256 512
 675  950  733 0  58 1 10 1 2 4 8 16 32 64 128 256 512
 676  672   93 0  81 1 10 1 2 4 8 16 32 64 128 256 512
 677  143  871 0  40 1 10 1 2 4 8 16 32 64 128 256 512
 678  593  935 0  50 1 10 1 2 4 8 16 32 64 128 256 512
 679  390  315 0  21 1 10 1 2 4 8 16 32 64 128 256 512
 680  293  945 0  78 1 10 1 2 4 8 16 32 64 128 256 512
 681  641  875 0  78 1 10 1 2 4 8 16 32 64 128 256 512
 682  970  249 0  41 1 10 1 2 4 8 16 32 64 128 256 512
 683  438  297 0  20 1 10 1 2 4 8 16 32 64 128 256 512
 684  938  659 0  48 1 10 1 2 4 8 16 32 64 128 256 512
 685  996  599 0  46 1 10 1 2 4 8 16 32 64 128 256 512
 686  672  209 0  71 1 10 1 2 4 8 16 32 64 128 256 512
 687  941  192 0  26 1 10 1 2 4 8 16 32 64 128 256 512
 688  960  427 0  35 1 10 1 2 4 8 16 32 64 128 256 512
 689  157  177 0  93 1 10 1 2 4 8 16 32 64 128 256 512
 690  338  675 0   3 1 10 1 2 4 8 16 32 64 128 256 512
 691  382  791 0  90 1 10 1 2 4 8 16 32 64 128 256 512
 692  697  680 0  56 1 10 1 2 4 8 16 32 64 128 256 512
 693  670  336 0  73 1 10 1 2 4 8 16 32 64 128 256 512
 694   46  497 0  60 1 10 1 2 4 8 16 32 64 128 256 512
 695   44  541 0  93 1 10 1 2 4 8 16 32 64 128 256 512
 696  190  686 0  91 1 10 1 2 4 8 16 32 64 128 256 512
 697  589  338 0  56 1 10 1 2 4 8 16 32 64 128 256 512
 698  843  608 0  66 1 10 1 2 4 8 16 32 64 128 256 512
 699  635  238 0  30 1 10 1 2 4 8 16 32 64 128 256 512
 700  347  669 0  31 1 10 1 2 4 8 16 32 64 128 256 512
 701  698   89 0  15 1 10 1 2 4 8 16 32 64 128 256 512
 702  712   67 0  40 1 10 1 2 4 8 16 32 64 128 256 512
 703   39   48 0  86 1 10 1 2 4 8 16 32 64 128 256 512
 704  423  795 0   2 1 10 1 2 4 8 16 32 64 128 256 512
 705  237  516 0  91 1 10 1 2 4 8 16 32 64 128 256 512
 706   33  884 0  19 1 10 1 2 4 8 16 32 64 128 256 512
 707  444  883 0  41 1 10 1 2 4 8 16 32 64 128 256 512
 708  378  217 0  74 1 10 1 2 4 8 16 32 64 128 256 512
 709   54   83 0  52 1 10 1 2 4 8 16 32 64 128 256 512
 710  592  764 0  67 1 10 1 2 4 8 16 32 64 128 256 512
 711  168  282 0  38 1 10 1 2 4 8 16 32 64 128 256 512
 712  357   10 0  33 1 10 1 2 4 8 16 32 64 128 256 512
 713  145  678 0  78 1 10 1 2 4 8 16 32 64 128 256 512
 714   21  240 0  97 1 10 1 2 4 8 16 32 64 128 256 512
 715  790  472 0  29 1 10 1 2 4 8 16 32 64 128 256 512
 716  371  516 0  94 1 10 1 2 4 8 16 32 64 128 256 512
 717  756  485 0  77 1 10 1 2 4 8 16 32 64 128 256 512
 718  671  323 0  44 1 10 1 2 4 8 16 32 64 128 256 512
 719  835  504 0  64 1 10 1 2 4 8 16 32 64 128 256 512
 720  573  551 0  90 1 10 1 2 4 8 16 32 64 128 256 512
 721  622  184 0  39 1 10 1 2 4 8 16 32 64 128 256 512
 722  642  168 0  41 1 10 1 2 4 8 16 32 64 128 256 512
 723  621  985 0  60 1 10 1 2 4 8 16 32 64 128 256 512
 724  303   41 0  92 1 10 1 2 4 8 16 32 64 128 256 512
 725  233  312 0  93 1 10 1 2 4 8 16 32 64 128 256 512
 726  922    7 0  78 1 10 1 2 4 8 16 32 64 128 256 512
 727  112  725 0  55 1 10 1 2 4 8 16 32 64 128 256 512
 728  746  679 0  91 1 10 1 2 4 8 16 32 64 128 256 512
 729  472  117 0  65 1 10 1 2 4 8 16 32 64 128 256 512
 730  967   36 0   9 1 10 1 2 4 8 16 32 64 128 256 512
 731  877  954 0  38 1 10 1 2 4 8 16 32 64 128 256 512
 732  596  375 0  29 1 10 1 2 4 8 16 32 64 128 256 512
 733  484   66 0  85 1 10 1 2 4 8 16 32 64 128 256 512
 734  807  459 0  90 1 10 1 2 4 8 16 32 64 128 256 512
 735  307  470 0  75 1 10 1 2 4 8 16 32 64 128 256 512
 736  977  163 0  29 1 10 1 2 4 8 16 32 64 128 256 512
 737  298  258 0  83 1 10 1 2 4 8 16 32 64 128 256 512
 738  931   43 0  31 1 10 1 2 4 8 16 32 64 128 256 512
 739  680  825 0   1 1 10 1 2 4 8 16 32 64 128 256 512
 740  897  983 0  25 1 10 1 2 4 8 16 32 64 128 256 512
 741  305  318 0  92 1 10 1 2 4 8 16 32 64 128 256 512
 742  222  801 0  91 1 10 1 2 4 8 16 32 64 128 256 512
 743  816  784 0  13 1 10 1 2 4 8 16 32 64 128 256 512
 744    6  960 0  88 1 10 1 2 4 8 16 32 64 128 256 512
 745  398  415 0  94 1 10 1 2 4 8 16 32 64 128 256 512
 746  506  709 0  30 1 10 1 2 4 8 16 32 64 128 256 512
 747  146  610 0   9 1 10 1 2 4 8 16 32 64 128 256 512
 748   19  972 0  98 1 10 1 2 4 8 16 32 64 128 256 512
 749  582  666 0  48 1 10 1 2 4 8 16 32 64 128 256 512
 750  800  579 0  31 1 10 1 2 4 8 16 32 64 128 256 512
 751  806  571 0  38 1 10 1 2 4 8 16 32 64 128 256 512
 752  552  993 0  34 1 10 1 2 4 8 16 32 64 128 256 512
 753  716  671 0  64 1 10 1 2 4 8 16 32 64 128 256 512
 754    3  836 0   2 1 10 1 2 4 8 16 32 64 128 256 512
 755  731  135 0  10 1 10 1 2 4 8 16 32 64 128 256 512
 756  374  701 0  40 1 10 1 2 4 8 16 32 64 128 256 512
 757  622  474 0  66 1 10 1 2 4 8 16 32 64 128 256 512
 758  287   82 0   4 1 10 1 2 4 8 16 32 64 128 256 512
 759  529   85 0  95 1 10 1 2 4 8 16 32 64 128 256 512
 760  641  283 0  31 1 10 1 2 4 8 16 32 64 128 256 512
 761  613  714 0  10 1 10 1 2 4 8 16 32 64 128 256 512
 762  574  775 0  87 1 10 1 2 4 8 16 32 64 128 256 512
 763  441  395 0  20 1 10 1 2 4 8 16 32 64 128 256 512
 764  945  714 0  83 1 10 1 2 4 8 16 32 64 128 256 512
 765  761  465 0  38 1 10 1 2 4 8 16 32 64 128 256 512
 766  797  711 0  15 1 10 1 2 4 8 16 32 64 128 256 512
 767  697  585 0   8 1 10 1 2 4 8 16 32 64 128 256 512
 768  746  953 0  18 1 10 1 2 4 8 16 32 64 128 256 512
 769  304  114 0  65 1 10 1 2 4 8 16 32 64 128 256 512
 770  798   16 0  26 1 10 1 2 4 8 16 32 64 128 256 512
 771   93  611 0  10 1 10 1 2 4 8 16 32 64 128 256 512
 772  605   16 0  79 1 10 1 2 4 8 16 32 64 128 256 512
 773  132  941 0  71 1 10 1 2 4 8 16 32 64 128 256 512
 774  536  515 0  29 1 10 1 2 4 8 16 32 64 128 256 512
 775  247  542 0  88 1 10 1 2 4 8 16 32 64 128 256 512
 776    2  364 0  37 1 10 1 2 4 8 16 32 64 128 256 512
 777  193  807 0  22 1 10 1 2 4 8 16 32 64 128 256 512
 778  541  624 0  35 1 10 1 2 4 8 16 32 64 128 256 512
 779  673   16 0  20 1 10 1 2 4 8 16 32 64 128 256 512
 780   76  207 0  56 1 10 1 2 4 8 16 32 64 128 256 512
 781  335  656 0  11 1 10 1 2 4 8 16 32 64 128 256 512
 782  294  393 0  70 1 10 1 2 4 8 16 32 64 128 256 512
 783  756  603 0  54 1 10 1 2 4 8 16 32 64 128 256 512
 784  710  785 0  86 1 10 1 2 4 8 16 32 64 128 256 512
 785  873  455 0  42 1 10 1 2 4 8 16 32 64 128 256 512
 786  119  687 0  37 1 10 1 2 4 8 16 32 64 128 256 512
 787  795  275 0  30 1 10 1 2 4 8 16 32 64 128 256 512
 788  443  592 0  92 1 10 1 2 4 8 16 32 64 128 256 512
 789  626  483 0  71 1 10 1 2 4 8 16 32 64 128 256 512
 790   90  381 0   6 1 10 1 2 4 8 16 32 64 128 256 512
 791  124  573 0  43 1 10 1 2 4 8 16 32 64 128 256 512
 792  231  270 0  30 1 10 1 2 4 8 16 32 64 128 256 512
 793  645  606 0  12 1 10 1 2 4 8 16 32 64 128 256 512
 794  464  570 0  67 1 10 1 2 4 8 16 32 64 128 256 512
 795  186  984 0  13 1 10 1 2 4 8 16 32 64 128 256 512
 796  260  219 0  36 1 10 1 2 4 8 16 32 64 128 256 512
 797  509  778 0  65 1 10 1 2 4 8 16 32 64 128 256 512
 798  534  486 0  41 1 10 1 2 4 8 16 32 64 128 256 512
 799  422  985 0  59 1 10 1 2 4 8 16 32 64 128 256 512
 800   19  797 0  26 1 10 1 2 4 8 16 32 64 128 256 512
 801  503  826 0  54 1 10 1 2 4 8 16 32 64 128 256 512
 802  927  370 0 100 1 10 1 2 4 8 16 32 64 128 256 512
 803  126  213 0   6 1 10 1 2 4 8 16 32 64 128 256 512
 804  592   85 0  99 1 10 1 2 4 8 16 32 64 128 256 512
 805  922  573 0  58 1 10 1 2 4 8 16 32 64 128 256 512
 806  161  140 0  27 1 10 1 2 4 8 16 32 64 128 256 512
 807  716  738 0  65 1 10 1 2 4 8 16 32 64 128 256 512
 808  223  261 0  24 1 10 1 2 4 8 16 32 64 128 256 512
 809  855   39 0   7 1 10 1 2 4 8 16 32 64 128 256 512
 810  519  731 0  88 1 10 1 2 4 8 16 32 64 128 256 512
 811  125  610 0  65 1 10 1 2 4 8 16 32 64 128 256 512
 812  340  873 0  41 1 10 1 2 4 8 16 32 64 128 256 512
 813  333  881 0  75 1 10 1 2 4 8 16 32 64 128 256 512
 814  549  404 0  87 1 10 1 2 4 8 16 32 64 128 256 512
 815  438  586 0  84 1 10 1 2 4 8 16 32 64 128 256 512
 816  589  911 0  16 1 10 1 2 4 8 16 32 64 128 256 512
 817   56  801 0  68 1 10 1 2 4 8 16 32 64 128 256 512
 818    2  311 0  46 1 10 1 2 4 8 16 32 64 128 256 512
 819  330  143 0  34 1 10 1 2 4 8 16 32 64 128 256 512
 820  856  216 0  61 1 10 1 2 4 8 16 32 64 128 256 512
 821  417  362 0  37 1 10 1 2 4 8 16 32 64 128 256 512
 822  476  312 0  99 1 10 1 2 4 8 16 32 64 128 256 512
 823  623  576 0  97 1 10 1 2 4 8 16 32 64 128 256 512
 824  523  607 0  76 1 10 1 2 4 8 16 32 64 128 256 512
 825  988  599 0  14 1 10 1 2 4 8 16 32 64 128 256 512
 826  294  539 0  83 1 10 1 2 4 8 16 32 64 128 256 512
 827  923   33 0  93 1 10 1 2 4 8 16 32 64 128 256 512
 828  796  568 0  80 1 10 1 2 4 8 16 32 64 128 256 512
 829  851   56 0  31 1 10 1 2 4 8 16 32 64 128 256 512
 830  622  637 0  39 1 10 1 2 4 8 16 32 64 128 256 512
 831  405  278 0  94 1 10 1 2 4 8 16 32 64 128 256 512
 832  147  546 0  28 1 10 1 2 4 8 16 32 64 128 256 512
 833  589  700 0  40 1 10 1 2 4 8 16 32 64 128 256 512
 834  652  281 0  68 1 10 1 2 4 8 16 32 64 128 256 512
 835  397  850 0  92 1 10 1 2 4 8 16 32 64 128 256 512
 836  679  687 0  76 1 10 1 2 4 8 16 32 64 128 256 512
 837   61  519 0  59 1 10 1 2 4 8 16 32 64 128 256 512
 838  372  369 0  64 1 10 1 2 4 8 16 32 64 128 256 512
 839  242  473 0  87 1 10 1 2 4 8 16 32 64 128 256 512
 840  416  920 0  79 1 10 1 2 4 8 16 32 64 128 256 512
 841   27    1 0  80 1 10 1 2 4 8 16 32 64 128 256 512
 842  211  612 0  15 1 10 1 2 4 8 16 32 64 128 256 512
 843  415  959 0  17 1 10 1 2 4 8 16 32 64 128 256 512
 844  164   54 0  23 1 10 1 2 4 8 16 32 64 128 256 512
 845  273  953 0   4 1 10 1 2 4 8 16 32 64 128 256 512
 846  366  681 0  93 1 10 1 2 4 8 16 32 64 128 256 512
 847  201  907 0  47 1 10 1 2 4 8 16 32 64 128 256 512
 848  162   97 0  26 1 10 1 2 4 8 16 32 64 128 256 512
 849  890  287 0  41 1 10 1 2 4 8 16 32 64 128 256 512
 850  237  816 0  39 1 10 1 2 4 8 16 32 64 128 256 512
 851  324  329 0  26 1 10 1 2 4 8 16 32 64 128 256 512
 852  551  517 0  99 1 10 1 2 4 8 16 32 64 128 256 512
 853  325  872 0  54 1 10 1 2 4 8 16 32 64 128 256 512
 854   53  124 0  44 1 10 1 2 4 8 16 32 64 128 256 512
 855  667   57 0  97 1 10 1 2 4 8 16 32 64 128 256 512
 856  678  891 0  43 1 10 1 2 4 8 16 32 64 128 256 512
 857  905  675 0  90 1 10 1 2 4 8 16 32 64 128 256 512
 858  336  315 0  87 1 10 1 2 4 8 16 32 64 128 256 512
 859   22  717 0  25 1 10 1 2 4 8 16 32 64 128 256 512
 860  351  203 0  47 1 10 1 2 4 8 16 32 64 128 256 512
 861  297  307 0  34 1 10 1 2 4 8 16 32 64 128 256 512
 862  141  297 0  45 1 10 1 2 4 8 16 32 64 128 256 512
 863  371  433 0  79 1 10 1 2 4 8 16 32 64 128 256 512
 864   38  911 0  88 1 10 1 2 4 8 16 32 64 128 256 512
 865   60  949 0  32 1 10 1 2 4 8 16 32 64 128 256 512
 866  681  436 0  46 1 10 1 2 4 8 16 32 64 128 256 512
 867  843  543 0  16 1 10 1 2 4 8 16 32 64 128 256 512
 868  482  635 0  84 1 10 1 2 4 8 16 32 64 128 256 512
 869  305  496 0  62 1 10 1 2 4 8 16 32 64 128 256 512
 870  910  636 0  44 1 10 1 2 4 8 16 32 64 128 256 512
 871  953  434 0  80 1 10 1 2 4 8 16 32 64 128 256 512
 872  787  299 0  41 1 10 1 2 4 8 16 32 64 128 256 512
 873  206  733 0  91 1 10 1 2 4 8 16 32 64 128 256 512
 874  895  262 0  39 1 10 1 2 4 8 16 32 64 128 256 512
 875  464  144 0  59 1 10 1 2 4 8 16 32 64 128 256 512
 876   84   83 0  68 1 10 1 2 4 8 16 32 64 128 256 512
 877  734  982 0  92 1 10 1 2 4 8 16 32 64 128 256 512
 878  464  519 0  55 1 10 1 2 4 8 16 32 64 128 256 512
 879   30  257 0  14 1 10 1 2 4 8 16 32 64 128 256 512
 880  459  689 0  29 1 10 1 2 4 8 16 32 64 128 256 512
 881  163  353 0   7 1 10 1 2 4 8 16 32 64 128 256 512
 882  598   50 0  11 1 10 1 2 4 8 16 32 64 128 256 512
 883  969  817 0  71 1 10 1 2 4 8 16 32 64 128 256 512
 884  884  534 0  92 1 10 1 2 4 8 16 32 64 128 256 512
 885  470  176 0  42 1 10 1 2 4 8 16 32 64 128 256 512
 886  436  630 0  92 1 10 1 2 4 8 16 32 64 128 256 512
 887  631  568 0  22 1 10 1 2 4 8 16 32 64 128 256 512
 888  533  810 0  36 1 10 1 2 4 8 16 32 64 128 256 512
 889  698  327 0  56 1 10 1 2 4 8 16 32 64 128 256 512
 890  604  118 0  89 1 10 1 2 4 8 16 32 64 128 256 512
 891  604  115 0  40 1 10 1 2 4 8 16 32 64 128 256 512
 892  866  478 0  94 1 10 1 2 4 8 16 32 64 128 256 512
 893  458  809 0  85 1 10 1 2 4 8 16 32 64 128 256 512
 894  814  112 0  63 1 10 1 2 4 8 16 32 64 128 256 512
 895  648  482 0  57 1 10 1 2 4 8 16 32 64 128 256 512
 896  972  993 0  31 1 10 1 2 4 8 16 32 64 128 256 512
 897  518  533 0  15 1 10 1 2 4 8 16 32 64 128 256 512
 898  432   48 0  81 1 10 1 2 4 8 16 32 64 128 256 512
 899  501  724 0  69 1 10 1 2 4 8 16 32 64 128 256 512
 900  191  871 0  75 1 10 1 2 4 8 16 32 64 128 256 512
 901  368  295 0  90 1 10 1 2 4 8 16 32 64 128 256 512
 902  229  145 0  18 1 10 1 2 4 8 16 32 64 128 256 512
 903  458  965 0  83 1 10 1 2 4 8 16 32 64 128 256 512
 904  445  112 0  74 1 10 1 2 4 8 16 32 64 128 256 512
 905  500  773 0  30 1 10 1 2 4 8 16 32 64 128 256 512
 906   40  121 0  82 1 10 1 2 4 8 16 32 64 128 256 512
 907  431  998 0  10 1 10 1 2 4 8 16 32 64 128 256 512
 908  718  924 0  13 1 10 1 2 4 8 16 32 64 128 256 512
 909  455  603 0  11 1 10 1 2 4 8 16 32 64 128 256 512
 910  409  384 0  98 1 10 1 2 4 8 16 32 64 128 256 512
 911  488  603 0   8 1 10 1 2 4 8 16 32 64 128 256 512
 912  731  985 0  61 1 10 1 2 4 8 16 32 64 128 256 512
 913  340  835 0  77 1 10 1 2 4 8 16 32 64 128 256 512
 914  271  296 0  80 1 10 1 2 4 8 16 32 64 128 256 512
 915  874   94 0  85 1 10 1 2 4 8 16 32 64 128 256 512
 916  422  783 0  15 1 10 1 2 4 8 16 32 64 128 256 512
 917  519  151 0  94 1 10 1 2 4 8 16 32 64 128 256 512
 918  633  909 0   3 1 10 1 2 4 8 16 32 64 128 256 512
 919  523  642 0   6 1 10 1 2 4 8 16 32 64 128 256 512
 920  927    2 0  56 1 10 1 2 4 8 16 32 64 128 256 512
 921  771  379 0  61 1 10 1 2 4 8 16 32 64 128 256 512
 922  202  817 0  55 1 10 1 2 4 8 16 32 64 128 256 512
 923  454  573 0  47 1 10 1 2 4 8 16 32 64 128 256 512
 924  590  198 0  33 1 10 1 2 4 8 16 32 64 128 256 512
 925  307  128 0  60 1 10 1 2 4 8 16 32 64 128 256 512
 926  689  932 0  45 1 10 1 2 4 8 16 32 64 128 256 512
 927   80  954 0  57 1 10 1 2 4 8 16 32 64 128 256 512
 928  634  802 0   1 1 10 1 2 4 8 16 32 64 128 256 512
 929  362  929 0  40 1 10 1 2 4 8 16 32 64 128 256 512
 930  929  578 0   9 1 10 1 2 4 8 16 32 64 128 256 512
 931  686  876 0  32 1 10 1 2 4 8 16 32 64 128 256 512
 932  883  863 0  76 1 10 1 2 4 8 16 32 64 128 256 512
 933  189  298 0  66 1 10 1 2 4 8 16 32 64 128 256 512
 934  134  866 0  75 1 10 1 2 4 8 16 32 64 128 256 512
 935  507  405 0   1 1 10 1 2 4 8 16 32 64 128 256 512
 936   61   76 0  57 1 10 1 2 4 8 16 32 64 128 256 512
 937  243  769 0  22 1 10 1 2 4 8 16 32 64 128 256 512
 938  835  669 0  41 1 10 1 2 4 8 16 32 64 128 256 512
 939    5  263 0  94 1 10 1 2 4 8 16 32 64 128 256 512
 940  361  872 0  41 1 10 1 2 4 8 16 32 64 128 256 512
 941   47  544 0  72 1 10 1 2 4 8 16 32 64 128 256 512
 942  287  241 0  61 1 10 1 2 4 8 16 32 64 128 256 512
 943  792  145 0  28 1 10 1 2 4 8 16 32 64 128 256 512
 944  221  309 0  72 1 10 1 2 4 8 16 32 64 128 256 512
 945   57  196 0  85 1 10 1 2 4 8 16 32 64 128 256 512
 946  619  678 0  87 1 10 1 2 4 8 16 32 64 128 256 512
 947  671  365 0  16 1 10 1 2 4 8 16 32 64 128 256 512
 948  727  392 0  20 1 10 1 2 4 8 16 32 64 128 256 512
 949  849  396 0  15 1 10 1 2 4 8 16 32 64 128 256 512
 950  492  361 0  20 1 10 1 2 4 8 16 32 64 128 256 512
 951  515   33 0  59 1 10 1 2 4 8 16 32 64 128 256 512
 952  451  856 0  20 1 10 1 2 4 8 16 32 64 128 256 512
 953  463  166 0  56 1 10 1 2 4 8 16 32 64 128 256 512
 954  657  321 0  95 1 10 1 2 4 8 16 32 64 128 256 512
 955  960  101 0  64 1 10 1 2 4 8 16 32 64 128 256 512
 956  508  393 0  80 1 10 1 2 4 8 16 32 64 128 256 512
 957  402  446 0  64 1 10 1 2 4 8 16 32 64 128 256 512
 958  796  752 0  73 1 10 1 2 4 8 16 32 64 128 256 512
 959  419  814 0  21 1 10 1 2 4 8 16 32 64 128 256 512
 960  843  362 0  93 1 10 1 2 4 8 16 32 64 128 256 512
 961  600  334 0  93 1 10 1 2 4 8 16 32 64 128 256 512
 962  648  222 0  79 1 10 1 2 4 8 16 32 64 128 256 512
 963  431  648 0  79 1 10 1 2 4 8 16 32 64 128 256 512
 964  594   34 0  80 1 10 1 2 4 8 16 32 64 128 256 512
 965  755  696 0  42 1 10 1 2 4 8 16 32 64 128 256 512
 966  248  160 0   3 1 10 1 2 4 8 16 32 64 128 256 512
 967  177  533 0  18 1 10 1 2 4 8 16 32 64 128 256 512
 968   39  863 0  15 1 10 1 2 4 8 16 32 64 128 256 512
 969  695  261 0 100 1 10 1 2 4 8 16 32 64 128 256 512
 970  297  644 0  32 1 10 1 2 4 8 16 32 64 128 256 512
 971  803  185 0  52 1 10 1 2 4 8 16 32 64 128 256 512
 972  600  980 0  98 1 10 1 2 4 8 16 32 64 128 256 512
 973  797  763 0  65 1 10 1 2 4 8 16 32 64 128 256 512
 974  780  946 0  84 1 10 1 2 4 8 16 32 64 128 256 512
 975  411  914 0  75 1 10 1 2 4 8 16 32 64 128 256 512
 976  723  291 0  15 1 10 1 2 4 8 16 32 64 128 256 512
 977  521  526 0  92 1 10 1 2 4 8 16 32 64 128 256 512
 978  682    5 0  59 1 10 1 2 4 8 16 32 64 128 256 512
 979  207  605 0   1 1 10 1 2 4 8 16 32 64 128 256 512
 980  445  970 0  37 1 10 1 2 4 8 16 32 64 128 256 512
 981  220  805 0  80 1 10 1 2 4 8 16 32 64 128 256 512
 982  127  454 0   9 1 10 1 2 4 8 16 32 64 128 256 512
 983  232  959 0  96 1 10 1 2 4 8 16 32 64 128 256 512
 984   11  829 0  31 1 10 1 2 4 8 16 32 64 128 256 512
 985   93   74 0   5 1 10 1 2 4 8 16 32 64 128 256 512
 986  733  461 0  42 1 10 1 2 4 8 16 32 64 128 256 512
 987  612  413 0  67 1 10 1 2 4 8 16 32 64 128 256 512
 988  416  749 0  50 1 10 1 2 4 8 16 32 64 128 256 512
 989  847  586 0  73 1 10 1 2 4 8 16 32 64 128 256 512
 990  585  541 0  65 1 10 1 2 4 8 16 32 64 128 256 512
 991  807  968 0  76 1 10 1 2 4 8 16 32 64 128 256 512
 992  560  274 0  13 1 10 1 2 4 8 16 32 64 128 256 512
 993  245  983 0  51 1 10 1 2 4 8 16 32 64 128 256 512
 994  672  335 0   1 1 10 1 2 4 8 16 32 64 128 256 512
 995  738  264 0  65 1 10 1 2 4 8 16 32 64 128 256 512
 996  616  159 0   2 1 10 1 2 4 8 16 32 64 128 256 512
 997  101  927 0  27 1 10 1 2 4 8 16 32 64 128 256 512
 998  626  401 0  85 1 10 1 2 4 8 16 32 64 128 256 512
 999  817  300 0  25 1 10 1 2 4 8 16 32 64 128 256 512
1000   24  183 0  82 1 10 1 2 4 8 16 32 64 128 256 512
1001    8  441 0  31 1 10 1 2 4 8 16 32 64 128 256 512
1002  434  222 0  63 1 10 1 2 4 8 16 32 64 128 256 512
1003   77  188 0  70 1 10 1 2 4 8 16 32 64 128 256 512
1004  731  641 0   9 1 10 1 2 4 8 16 32 64 128 256 512
1005  963  760 0  13 1 10 1 2 4 8 16 32 64 128 256 512
1006  460   87 0  76 1 10 1 2 4 8 16 32 64 128 256 512
1007  925  159 0  48 1 10 1 2 4 8 16 32 64 128 256 512
1008   64   41 0  96 1 10 1 2 4 8 16 32 64 128 256 512
1009  332   19 0  56 1 10 1 2 4 8 16 32 64 128 256 512
1010  367  937 0  20 1 10 1 2 4 8 16 32 64 128 256 512
1011  540  153 0   5 1 10 1 2 4 8 16 32 64 128 256 512
1012  973  243 0  30 1 10 1 2 4 8 16 32 64 128 256 512
1013  560   55 0  20 1 10 1 2 4 8 16 32 64 128 256 512
1014  896  843 0  86 1 10 1 2 4 8 16 32 64 128 256 512
1015  712   94 0  36 1 10 1 2 4 8 16 32 64 128 256 512
1016  192  347 0  34 1 10 1 2 4 8 16 32 64 128 256 512
1017  501   29 0  90 1 10 1 2 4 8 16 32 64 128 256 512
1018  342  643 0 100 1 10 1 2 4 8 16 32 64 128 256 512
1019  987  479 0  39 1 10 1 2 4 8 16 32 64 128 256 512
1020  556  536 0  32 1 10 1 2 4 8 16 32 64 128 256 512
1021  500  346 0  50 1 10 1 2 4 8 16 32 64 128 256 512
1022   27  194 0  59 1 10 1 2 4 8 16 32 64 128 256 512
1023  697  384 0  73 1 10 1 2 4 8 16 32 64 128 256 512
1024  221  230 0  30 1 10 1 2 4 8 16 32 64 128 256 512
1025    5  117 0  84 1 10 1 2 4 8 16 32 64 128 256 512
1026  431  955 0  64 1 10 1 2 4 8 16 32 64 128 256 512
1027  357  759 0  63 1 10 1 2 4 8 16 32 64 128 256 512
1028  463  978 0  46 1 10 1 2 4 8 16 32 64 128 256 512
1029  229  102 0  59 1 10 1 2 4 8 16 32 64 128 256 512
1030  181  465 0  97 1 10 1 2 4 8 16 32 64 128 256 512
1031  624  898 0  26 1 10 1 2 4 8 16 32 64 128 256 512
1032  122  734 0  41 1 10 1 2 4 8 16 32 64 128 256 512
1033  223  725 0  23 1 10 1 2 4 8 16 32 64 128 256 512
1034   21    4 0  51 1 10 1 2 4 8 16 32 64 128 256 512
1035  310  951 0   7 1 10 1 2 4 8 16 32 64 128 256 512
1036   30  438 0  56 1 10 1 2 4 8 16 32 64 128 256 512
1037  230  907 0  99 1 10 1 2 4 8 16 32 64 128 256 512
1038  599  658 0  94 1 10 1 2 4 8 16 32 64 128 256 512
1039  254  165 0  85 1 10 1 2 4 8 16 32 64 128 256 512
1040  322    2 0  35 1 10 1 2 4 8 16 32 64 128 256 512
1041   41  687 0  96 1 10 1 2 4 8 16 32 64 128 256 512
1042  250   10 0   1 1 10 1 2 4 8 16 32 64 128 256 512
1043  908  597 0  34 1 10 1 2 4 8 16 32 64 128 256 512
1044    9   70 0  22 1 10 1 2 4 8 16 32 64 128 256 512
1045  367  525 0  98 1 10 1 2 4 8 16 32 64 128 256 512
1046    0  567 0  99 1 10 1 2 4 8 16 32 64 128 256 512
1047  441  711 0  72 1 10 1 2 4 8 16 32 64 128 256 512
1048  631  588 0   3 1 10 1 2 4 8 16 32 64 128 256 512
1049  169  880 0  42 1 10 1 2 4 8 16 32 64 128 256 512
1050  417  106 0  19 1 10 1 2 4 8 16 32 64 128 256 512
1051  297  562 0  87 1 10 1 2 4 8 16 32 64 128 256 512
1052   58  663 0   3 1 10 1 2 4 8 16 32 64 128 256 512
1053  257    5 0  85 1 10 1 2 4 8 16 32 64 128 256 512
1054  684   66 0  82 1 10 1 2 4 8 16 32 64 128 256 512
1055  982  485 0  23 1 10 1 2 4 8 16 32 64 128 256 512
1056  524   85 0  12 1 10 1 2 4 8 16 32 64 128 256 512
1057  322  735 0   6 1 10 1 2 4 8 16 32 64 128 256 512
1058  756  260 0  91 1 10 1 2 4 8 16 32 64 128 256 512
1059  389  704 0  15 1 10 1 2 4 8 16 32 64 128 256 512
1060  884  850 0  51 1 10 1 2 4 8 16 32 64 128 256 512
1061  321  387 0  21 1 10 1 2 4 8 16 32 64 128 256 512
1062  941  639 0   3 1 10 1 2 4 8 16 32 64 128 256 512
1063  448  909 0  94 1 10 1 2 4 8 16 32 64 128 256 512
1064  271  500 0  55 1 10 1 2 4 8 16 32 64 128 256 512
1065  854  521 0  96 1 10 1 2 4 8 16 32 64 128 256 512
1066  930  704 0  55 1 10 1 2 4 8 16 32 64 128 256 512
1067  251  371 0   4 1 10 1 2 4 8 16 32 64 128 256 512
1068  850  594 0  26 1 10 1 2 4 8 16 32 64 128 256 512
1069  217  245 0   5 1 10 1 2 4 8 16 32 64 128 256 512
1070  152  614 0  90 1 10 1 2 4 8 16 32 64 128 256 512
1071  921  225 0   9 1 10 1 2 4 8 16 32 64 128 256 512
1072  713  629 0  17 1 10 1 2 4 8 16 32 64 128 256 512
1073  961  113 0  78 1 10 1 2 4 8 16 32 64 128 256 512
1074  731  607 0  36 1 10 1 2 4 8 16 32 64 128 256 512
1075   74  175 0  82 1 10 1 2 4 8 16 32 64 128 256 512
1076  857  289 0  58 1 10 1 2 4 8 16 32 64 128 256 512
1077  732  871 0  87 1 10 1 2 4 8 16 32 64 128 256 512
1078  412  252 0   5 1 10 1 2 4 8 16 32 64 128 256 512
1079  724  246 0  68 1 10 1 2 4 8 16 32 64 128 256 512
1080  857  413 0  27 1 10 1 2 4 8 16 32 64 128 256 512
1081  777  230 0  26 1 10 1 2 4 8 16 32 64 128 256 512
1082  467  664 0  69 1 10 1 2 4 8 16 32 64 128 256 512
1083  202  331 0  86 1 10 1 2 4 8 16 32 64 128 256 512
1084  822  109 0  77 1 10 1 2 4 8 16 32 64 128 256 512
1085  656  683 0  99 1 10 1 2 4 8 16 32 64 128 256 512
1086  591  979 0   4 1 10 1 2 4 8 16 32 64 128 256 512
1087   57  947 0  28 1 10 1 2 4 8 16 32 64 128 256 512
1088  979  245 0  31 1 10 1 2 4 8 16 32 64 128 256 512
1089  499  232 0  73 1 10 1 2 4 8 16 32 64 128 256 512
1090  396  570 0  14 1 10 1 2 4 8 16 32 64 128 256 512
1091  309  480 0   5 1 10 1 2 4 8 16 32 64 128 256 512
1092  180  891 0   1 1 10 1 2 4 8 16 32 64 128 256 512
1093  303  630 0  14 1 10 1 2 4 8 16 32 64 128 256 512
1094  203  509 0  84 1 10 1 2 4 8 16 32 64 128 256 512
1095  263  164 0  58 1 10 1 2 4 8 16 32 64 128 256 512
1096  208  966 0  89 1 10 1 2 4 8 16 32 64 128 256 512
1097  304  646 0  11 1 10 1 2 4 8 16 32 64 128 256 512
1098  311  759 0  20 1 10 1 2 4 8 16 32 64 128 256 512
1099  145  906 0  96 1 10 1 2 4 8 16 32 64 128 256 512
1100  159  808 0  88 1 10 1 2 4 8 16 32 64 128 256 512
1101  696  880 0 100 1 10 1 2 4 8 16 32 64 128 256 512
1102  369  270 0  71 1 10 1 2 4 8 16 32 64 128 256 512
1103   80  305 0  24 1 10 1 2 4 8 16 32 64 128 256 512
1104  457  790 0  25 1 10 1 2 4 8 16 32 64 128 256 512
1105  360  525 0  30 1 10 1 2 4 8 16 32 64 128 256 512
1106  468  722 0  57 1 10 1 2 4 8 16 32 64 128 256 512
1107  581  736 0  51 1 10 1 2 4 8 16 32 64 128 256 512
1108  655  619 0  48 1 10 1 2 4 8 16 32 64 128 256 512
1109  476  510 0  90 1 10 1 2 4 8 16 32 64 128 256 512
1110  521  582 0   0 0  0
1111  480  778 0   0 0  0
1112  162  564 0   0 0  0
1113   38  136 0   0 0  0
1114  114  509 0   0 0  0
1115  385  506 0   0 0  0
1116  443  631 0   0 0  0
1117  832  721 0   0 0  0
1118  909  122 0   0 0  0
1119  478  996 0   0 0  0
