2 133 1195 7
0 250
0 250
0 250
0 250
0 250
0 250
0 250
   1   35  729 0  19 1 7 1 2 4 8 16 32 64
   2   48  797 0  87 1 7 1 2 4 8 16 32 64
   3  194  595 0  62 1 7 1 2 4 8 16 32 64
   4  681  833 0  31 1 7 1 2 4 8 16 32 64
   5  487 1000 0   4 1 7 1 2 4 8 16 32 64
   6  292  948 0  47 1 7 1 2 4 8 16 32 64
   7  544  807 0  61 1 7 1 2 4 8 16 32 64
   8  756  244 0  89 1 7 1 2 4 8 16 32 64
   9  863  586 0  96 1 7 1 2 4 8 16 32 64
  10  108   19 0  49 1 7 1 2 4 8 16 32 64
  11  340  893 0  42 1 7 1 2 4 8 16 32 64
  12  737   33 0  67 1 7 1 2 4 8 16 32 64
  13  119  554 0   7 1 7 1 2 4 8 16 32 64
  14  986  176 0  78 1 7 1 2 4 8 16 32 64
  15    5  633 0  41 1 7 1 2 4 8 16 32 64
  16  820  444 0  23 1 7 1 2 4 8 16 32 64
  17  635  776 0  17 1 7 1 2 4 8 16 32 64
  18  648  682 0  12 1 7 1 2 4 8 16 32 64
  19  358  231 0  47 1 7 1 2 4 8 16 32 64
  20  260  603 0  18 1 7 1 2 4 8 16 32 64
  21  917  863 0  18 1 7 1 2 4 8 16 32 64
  22  863   42 0  58 1 7 1 2 4 8 16 32 64
  23  662  566 0   7 1 7 1 2 4 8 16 32 64
  24  478  105 0  81 1 7 1 2 4 8 16 32 64
  25  363  628 0  92 1 7 1 2 4 8 16 32 64
  26  269  751 0  54 1 7 1 2 4 8 16 32 64
  27  714  978 0  44 1 7 1 2 4 8 16 32 64
  28  259  612 0  46 1 7 1 2 4 8 16 32 64
  29  554  742 0  74 1 7 1 2 4 8 16 32 64
  30  998  863 0  14 1 7 1 2 4 8 16 32 64
  31  808  544 0   8 1 7 1 2 4 8 16 32 64
  32  487  885 0  26 1 7 1 2 4 8 16 32 64
  33  607  905 0  64 1 7 1 2 4 8 16 32 64
  34  705  721 0  98 1 7 1 2 4 8 16 32 64
  35  247  260 0  26 1 7 1 2 4 8 16 32 64
  36  321  890 0  54 1 7 1 2 4 8 16 32 64
  37   61  829 0  16 1 7 1 2 4 8 16 32 64
  38  237  630 0  83 1 7 1 2 4 8 16 32 64
  39  786  754 0  80 1 7 1 2 4 8 16 32 64
  40  844  862 0  55 1 7 1 2 4 8 16 32 64
  41  513  343 0  12 1 7 1 2 4 8 16 32 64
  42  109  145 0  31 1 7 1 2 4 8 16 32 64
  43  834   73 0  94 1 7 1 2 4 8 16 32 64
  44  566  603 0  27 1 7 1 2 4 8 16 32 64
  45  440  760 0  13 1 7 1 2 4 8 16 32 64
  46  944  994 0  20 1 7 1 2 4 8 16 32 64
  47  359  390 0  24 1 7 1 2 4 8 16 32 64
  48  915  711 0  35 1 7 1 2 4 8 16 32 64
  49  516  815 0  61 1 7 1 2 4 8 16 32 64
  50   78  185 0  52 1 7 1 2 4 8 16 32 64
  51  315   62 0  20 1 7 1 2 4 8 16 32 64
  52  172  604 0  37 1 7 1 2 4 8 16 32 64
  53  277  219 0  28 1 7 1 2 4 8 16 32 64
  54  672   99 0  34 1 7 1 2 4 8 16 32 64
  55  701  310 0  59 1 7 1 2 4 8 16 32 64
  56  173  731 0  66 1 7 1 2 4 8 16 32 64
  57  247  847 0  10 1 7 1 2 4 8 16 32 64
  58  786  272 0  40 1 7 1 2 4 8 16 32 64
  59  724  946 0  19 1 7 1 2 4 8 16 32 64
  60  325  227 0  34 1 7 1 2 4 8 16 32 64
  61  226  987 0  96 1 7 1 2 4 8 16 32 64
  62  304  194 0  12 1 7 1 2 4 8 16 32 64
  63  245  623 0   4 1 7 1 2 4 8 16 32 64
  64  344  593 0  34 1 7 1 2 4 8 16 32 64
  65  779  833 0  55 1 7 1 2 4 8 16 32 64
  66  487  924 0  44 1 7 1 2 4 8 16 32 64
  67  583  339 0  10 1 7 1 2 4 8 16 32 64
  68  286  501 0  13 1 7 1 2 4 8 16 32 64
  69  929  799 0  34 1 7 1 2 4 8 16 32 64
  70  593  623 0  29 1 7 1 2 4 8 16 32 64
  71   62  641 0  22 1 7 1 2 4 8 16 32 64
  72  485   78 0  78 1 7 1 2 4 8 16 32 64
  73  292  950 0  48 1 7 1 2 4 8 16 32 64
  74  193  500 0  82 1 7 1 2 4 8 16 32 64
  75  556  651 0  41 1 7 1 2 4 8 16 32 64
  76  741  347 0  64 1 7 1 2 4 8 16 32 64
  77  329   78 0  41 1 7 1 2 4 8 16 32 64
  78  711  767 0  85 1 7 1 2 4 8 16 32 64
  79  102  567 0  14 1 7 1 2 4 8 16 32 64
  80  487  445 0  57 1 7 1 2 4 8 16 32 64
  81  731  970 0  95 1 7 1 2 4 8 16 32 64
  82  794    3 0  97 1 7 1 2 4 8 16 32 64
  83  392  947 0  39 1 7 1 2 4 8 16 32 64
  84  593   83 0  54 1 7 1 2 4 8 16 32 64
  85  318  890 0  80 1 7 1 2 4 8 16 32 64
  86  166  233 0  33 1 7 1 2 4 8 16 32 64
  87  718  912 0  42 1 7 1 2 4 8 16 32 64
  88  741  670 0   7 1 7 1 2 4 8 16 32 64
  89  280  177 0  80 1 7 1 2 4 8 16 32 64
  90  526  646 0   5 1 7 1 2 4 8 16 32 64
  91  116  487 0  89 1 7 1 2 4 8 16 32 64
  92  966  503 0  54 1 7 1 2 4 8 16 32 64
  93   31  475 0  99 1 7 1 2 4 8 16 32 64
  94  171  679 0  97 1 7 1 2 4 8 16 32 64
  95  272   10 0  28 1 7 1 2 4 8 16 32 64
  96  318  471 0  69 1 7 1 2 4 8 16 32 64
  97  578  118 0  99 1 7 1 2 4 8 16 32 64
  98  650   66 0  79 1 7 1 2 4 8 16 32 64
  99  751  905 0   6 1 7 1 2 4 8 16 32 64
 100  282   52 0  16 1 7 1 2 4 8 16 32 64
 101  215  650 0   1 1 7 1 2 4 8 16 32 64
 102  398  473 0  54 1 7 1 2 4 8 16 32 64
 103  863  157 0  38 1 7 1 2 4 8 16 32 64
 104  915  360 0  39 1 7 1 2 4 8 16 32 64
 105  829   60 0  37 1 7 1 2 4 8 16 32 64
 106  283  794 0  44 1 7 1 2 4 8 16 32 64
 107  984  643 0  72 1 7 1 2 4 8 16 32 64
 108  569  176 0  67 1 7 1 2 4 8 16 32 64
 109   93  450 0  92 1 7 1 2 4 8 16 32 64
 110  935  880 0  11 1 7 1 2 4 8 16 32 64
 111  100  277 0  35 1 7 1 2 4 8 16 32 64
 112  626  542 0  86 1 7 1 2 4 8 16 32 64
 113  773  272 0  39 1 7 1 2 4 8 16 32 64
 114  494  622 0   3 1 7 1 2 4 8 16 32 64
 115  673  758 0  68 1 7 1 2 4 8 16 32 64
 116  377  925 0  94 1 7 1 2 4 8 16 32 64
 117  970  771 0  88 1 7 1 2 4 8 16 32 64
 118  100  245 0  76 1 7 1 2 4 8 16 32 64
 119  370  946 0  91 1 7 1 2 4 8 16 32 64
 120  561  677 0  41 1 7 1 2 4 8 16 32 64
 121  398  614 0  81 1 7 1 2 4 8 16 32 64
 122  429  972 0  25 1 7 1 2 4 8 16 32 64
 123  791  277 0  11 1 7 1 2 4 8 16 32 64
 124  961  377 0  41 1 7 1 2 4 8 16 32 64
 125   21  328 0  82 1 7 1 2 4 8 16 32 64
 126  896  958 0  44 1 7 1 2 4 8 16 32 64
 127  509  409 0  66 1 7 1 2 4 8 16 32 64
 128  391  878 0  87 1 7 1 2 4 8 16 32 64
 129  802  982 0  85 1 7 1 2 4 8 16 32 64
 130  273  493 0  20 1 7 1 2 4 8 16 32 64
 131  832  787 0  13 1 7 1 2 4 8 16 32 64
 132  362  571 0  72 1 7 1 2 4 8 16 32 64
 133  309   62 0  45 1 7 1 2 4 8 16 32 64
 134  107   67 0   9 1 7 1 2 4 8 16 32 64
 135  129  788 0  77 1 7 1 2 4 8 16 32 64
 136  328  248 0  75 1 7 1 2 4 8 16 32 64
 137  358  680 0  13 1 7 1 2 4 8 16 32 64
 138  411  766 0  19 1 7 1 2 4 8 16 32 64
 139  549  231 0  48 1 7 1 2 4 8 16 32 64
 140  444  371 0  76 1 7 1 2 4 8 16 32 64
 141  715  914 0  79 1 7 1 2 4 8 16 32 64
 142  615  995 0   6 1 7 1 2 4 8 16 32 64
 143   99  187 0   2 1 7 1 2 4 8 16 32 64
 144  117  916 0  50 1 7 1 2 4 8 16 32 64
 145  312   10 0  78 1 7 1 2 4 8 16 32 64
 146  284  705 0   9 1 7 1 2 4 8 16 32 64
 147  199  430 0  23 1 7 1 2 4 8 16 32 64
 148  778  332 0  15 1 7 1 2 4 8 16 32 64
 149  448   69 0  49 1 7 1 2 4 8 16 32 64
 150   59  493 0   5 1 7 1 2 4 8 16 32 64
 151  480  477 0  94 1 7 1 2 4 8 16 32 64
 152  601  340 0  23 1 7 1 2 4 8 16 32 64
 153  689  728 0  87 1 7 1 2 4 8 16 32 64
 154  201  130 0  43 1 7 1 2 4 8 16 32 64
 155  630  212 0   9 1 7 1 2 4 8 16 32 64
 156  899  597 0  96 1 7 1 2 4 8 16 32 64
 157  137   54 0  31 1 7 1 2 4 8 16 32 64
 158  892  889 0  90 1 7 1 2 4 8 16 32 64
 159  746  803 0  84 1 7 1 2 4 8 16 32 64
 160   85  483 0  84 1 7 1 2 4 8 16 32 64
 161   71    2 0  36 1 7 1 2 4 8 16 32 64
 162  633  545 0  36 1 7 1 2 4 8 16 32 64
 163  170    1 0 100 1 7 1 2 4 8 16 32 64
 164  486  985 0  14 1 7 1 2 4 8 16 32 64
 165  302  154 0  55 1 7 1 2 4 8 16 32 64
 166  145   65 0  47 1 7 1 2 4 8 16 32 64
 167  812  911 0  18 1 7 1 2 4 8 16 32 64
 168  425  126 0  44 1 7 1 2 4 8 16 32 64
 169  629  384 0  12 1 7 1 2 4 8 16 32 64
 170  411  350 0 100 1 7 1 2 4 8 16 32 64
 171   89   81 0  10 1 7 1 2 4 8 16 32 64
 172  321  155 0  51 1 7 1 2 4 8 16 32 64
 173  134  606 0  30 1 7 1 2 4 8 16 32 64
 174  644  832 0   5 1 7 1 2 4 8 16 32 64
 175  652  415 0   8 1 7 1 2 4 8 16 32 64
 176  203  387 0  72 1 7 1 2 4 8 16 32 64
 177  366  393 0   2 1 7 1 2 4 8 16 32 64
 178  492  960 0  47 1 7 1 2 4 8 16 32 64
 179  932  833 0  21 1 7 1 2 4 8 16 32 64
 180  282  554 0  54 1 7 1 2 4 8 16 32 64
 181  157  253 0  39 1 7 1 2 4 8 16 32 64
 182  834  329 0   5 1 7 1 2 4 8 16 32 64
 183  704  588 0   5 1 7 1 2 4 8 16 32 64
 184  143  344 0  29 1 7 1 2 4 8 16 32 64
 185  978  530 0  56 1 7 1 2 4 8 16 32 64
 186  638  680 0  29 1 7 1 2 4 8 16 32 64
 187  512  931 0  82 1 7 1 2 4 8 16 32 64
 188  586  744 0  29 1 7 1 2 4 8 16 32 64
 189  105  714 0  27 1 7 1 2 4 8 16 32 64
 190  368  476 0  50 1 7 1 2 4 8 16 32 64
 191    2  469 0  93 1 7 1 2 4 8 16 32 64
 192  369    9 0  39 1 7 1 2 4 8 16 32 64
 193  877  685 0  72 1 7 1 2 4 8 16 32 64
 194  795  534 0  32 1 7 1 2 4 8 16 32 64
 195  276  492 0  82 1 7 1 2 4 8 16 32 64
 196  523   16 0  39 1 7 1 2 4 8 16 32 64
 197   16  418 0  86 1 7 1 2 4 8 16 32 64
 198  379  488 0  27 1 7 1 2 4 8 16 32 64
 199  269   90 0  42 1 7 1 2 4 8 16 32 64
 200  617  662 0  98 1 7 1 2 4 8 16 32 64
 201  635  980 0  94 1 7 1 2 4 8 16 32 64
 202  505  312 0  65 1 7 1 2 4 8 16 32 64
 203  396  989 0  66 1 7 1 2 4 8 16 32 64
 204  104  538 0  71 1 7 1 2 4 8 16 32 64
 205  962  953 0   7 1 7 1 2 4 8 16 32 64
 206  718  481 0  72 1 7 1 2 4 8 16 32 64
 207  203  194 0  35 1 7 1 2 4 8 16 32 64
 208  704  917 0  98 1 7 1 2 4 8 16 32 64
 209  261  309 0   3 1 7 1 2 4 8 16 32 64
 210  951  133 0  90 1 7 1 2 4 8 16 32 64
 211   80  237 0  92 1 7 1 2 4 8 16 32 64
 212  781  343 0  56 1 7 1 2 4 8 16 32 64
 213  382  154 0  56 1 7 1 2 4 8 16 32 64
 214  987  575 0  68 1 7 1 2 4 8 16 32 64
 215  948  190 0  60 1 7 1 2 4 8 16 32 64
 216   38  670 0  11 1 7 1 2 4 8 16 32 64
 217  918  402 0  22 1 7 1 2 4 8 16 32 64
 218  765  418 0  85 1 7 1 2 4 8 16 32 64
 219  488   49 0  97 1 7 1 2 4 8 16 32 64
 220  990  551 0  28 1 7 1 2 4 8 16 32 64
 221  798   16 0  49 1 7 1 2 4 8 16 32 64
 222  440   84 0  13 1 7 1 2 4 8 16 32 64
 223  705  786 0  71 1 7 1 2 4 8 16 32 64
 224  439  441 0  13 1 7 1 2 4 8 16 32 64
 225  535  397 0   2 1 7 1 2 4 8 16 32 64
 226  408  952 0  95 1 7 1 2 4 8 16 32 64
 227  252  443 0  77 1 7 1 2 4 8 16 32 64
 228  859  458 0  80 1 7 1 2 4 8 16 32 64
 229  781  480 0  74 1 7 1 2 4 8 16 32 64
 230  791  476 0  56 1 7 1 2 4 8 16 32 64
 231  323  246 0  56 1 7 1 2 4 8 16 32 64
 232  520  356 0  10 1 7 1 2 4 8 16 32 64
 233  110  819 0  77 1 7 1 2 4 8 16 32 64
 234  779  530 0  87 1 7 1 2 4 8 16 32 64
 235  425   51 0 100 1 7 1 2 4 8 16 32 64
 236  501  252 0  17 1 7 1 2 4 8 16 32 64
 237  968  411 0   7 1 7 1 2 4 8 16 32 64
 238  412  234 0  56 1 7 1 2 4 8 16 32 64
 239  730  652 0  84 1 7 1 2 4 8 16 32 64
 240  422  516 0  76 1 7 1 2 4 8 16 32 64
 241   96   90 0  33 1 7 1 2 4 8 16 32 64
 242   10  831 0   7 1 7 1 2 4 8 16 32 64
 243  784  595 0  60 1 7 1 2 4 8 16 32 64
 244  368  962 0  84 1 7 1 2 4 8 16 32 64
 245  893  384 0  69 1 7 1 2 4 8 16 32 64
 246  175  198 0  59 1 7 1 2 4 8 16 32 64
 247  343  101 0  73 1 7 1 2 4 8 16 32 64
 248  978  931 0  16 1 7 1 2 4 8 16 32 64
 249  388  224 0  71 1 7 1 2 4 8 16 32 64
 250  890  337 0  86 1 7 1 2 4 8 16 32 64
 251  680   92 0  54 1 7 1 2 4 8 16 32 64
 252  999  962 0  38 1 7 1 2 4 8 16 32 64
 253  209  784 0  68 1 7 1 2 4 8 16 32 64
 254  848  290 0  35 1 7 1 2 4 8 16 32 64
 255  331  599 0  87 1 7 1 2 4 8 16 32 64
 256  697  687 0  37 1 7 1 2 4 8 16 32 64
 257  534  773 0  56 1 7 1 2 4 8 16 32 64
 258  260  678 0  36 1 7 1 2 4 8 16 32 64
 259  338  484 0  58 1 7 1 2 4 8 16 32 64
 260  692  602 0  22 1 7 1 2 4 8 16 32 64
 261  378  305 0  18 1 7 1 2 4 8 16 32 64
 262   64  620 0  44 1 7 1 2 4 8 16 32 64
 263  571  686 0  54 1 7 1 2 4 8 16 32 64
 264  781  422 0   4 1 7 1 2 4 8 16 32 64
 265  140  741 0  97 1 7 1 2 4 8 16 32 64
 266  916  233 0  48 1 7 1 2 4 8 16 32 64
 267  599  461 0  18 1 7 1 2 4 8 16 32 64
 268  896   62 0  13 1 7 1 2 4 8 16 32 64
 269  436  422 0  58 1 7 1 2 4 8 16 32 64
 270  396  827 0  98 1 7 1 2 4 8 16 32 64
 271 1000   13 0  28 1 7 1 2 4 8 16 32 64
 272  878  468 0  41 1 7 1 2 4 8 16 32 64
 273  315  650 0  75 1 7 1 2 4 8 16 32 64
 274    9  519 0  44 1 7 1 2 4 8 16 32 64
 275  952  577 0  23 1 7 1 2 4 8 16 32 64
 276  383  828 0  38 1 7 1 2 4 8 16 32 64
 277  550  998 0  17 1 7 1 2 4 8 16 32 64
 278  864  322 0  18 1 7 1 2 4 8 16 32 64
 279  163  730 0  71 1 7 1 2 4 8 16 32 64
 280  212  962 0  69 1 7 1 2 4 8 16 32 64
 281   88  839 0  54 1 7 1 2 4 8 16 32 64
 282  684    9 0  88 1 7 1 2 4 8 16 32 64
 283  633  992 0  40 1 7 1 2 4 8 16 32 64
 284  765  453 0  66 1 7 1 2 4 8 16 32 64
 285  989  175 0  37 1 7 1 2 4 8 16 32 64
 286  534  449 0  16 1 7 1 2 4 8 16 32 64
 287  164  128 0  47 1 7 1 2 4 8 16 32 64
 288  963  112 0  66 1 7 1 2 4 8 16 32 64
 289  809  601 0  16 1 7 1 2 4 8 16 32 64
 290  571  859 0  23 1 7 1 2 4 8 16 32 64
 291  303  573 0  79 1 7 1 2 4 8 16 32 64
 292  143   15 0  20 1 7 1 2 4 8 16 32 64
 293  930  870 0   5 1 7 1 2 4 8 16 32 64
 294  944  539 0   7 1 7 1 2 4 8 16 32 64
 295  635  134 0  50 1 7 1 2 4 8 16 32 64
 296  955  251 0  64 1 7 1 2 4 8 16 32 64
 297  602  367 0  99 1 7 1 2 4 8 16 32 64
 298  569   59 0  37 1 7 1 2 4 8 16 32 64
 299  551  331 0  33 1 7 1 2 4 8 16 32 64
 300  879  764 0  37 1 7 1 2 4 8 16 32 64
 301  335  968 0  83 1 7 1 2 4 8 16 32 64
 302  644   42 0  81 1 7 1 2 4 8 16 32 64
 303  724  342 0  50 1 7 1 2 4 8 16 32 64
 304  183  716 0  38 1 7 1 2 4 8 16 32 64
 305  413  395 0  80 1 7 1 2 4 8 16 32 64
 306  960   99 0  12 1 7 1 2 4 8 16 32 64
 307   91  547 0  84 1 7 1 2 4 8 16 32 64
 308   62   95 0  37 1 7 1 2 4 8 16 32 64
 309   91  821 0  36 1 7 1 2 4 8 16 32 64
 310  791  512 0  68 1 7 1 2 4 8 16 32 64
 311  534  370 0  65 1 7 1 2 4 8 16 32 64
 312  769  392 0  73 1 7 1 2 4 8 16 32 64
 313  745  597 0  94 1 7 1 2 4 8 16 32 64
 314  885  443 0  11 1 7 1 2 4 8 16 32 64
 315  443  127 0  14 1 7 1 2 4 8 16 32 64
 316  442  360 0  49 1 7 1 2 4 8 16 32 64
 317  917  807 0  51 1 7 1 2 4 8 16 32 64
 318  957  927 0  13 1 7 1 2 4 8 16 32 64
 319  808  631 0   2 1 7 1 2 4 8 16 32 64
 320  757   45 0  36 1 7 1 2 4 8 16 32 64
 321  922  615 0  45 1 7 1 2 4 8 16 32 64
 322  573  801 0  75 1 7 1 2 4 8 16 32 64
 323  320  235 0  82 1 7 1 2 4 8 16 32 64
 324  248  764 0  16 1 7 1 2 4 8 16 32 64
 325  994  674 0  51 1 7 1 2 4 8 16 32 64
 326  134  965 0  45 1 7 1 2 4 8 16 32 64
 327  924  575 0  57 1 7 1 2 4 8 16 32 64
 328  226  353 0  94 1 7 1 2 4 8 16 32 64
 329  706  277 0  19 1 7 1 2 4 8 16 32 64
 330  563  186 0  64 1 7 1 2 4 8 16 32 64
 331  409  275 0  60 1 7 1 2 4 8 16 32 64
 332  218  767 0  78 1 7 1 2 4 8 16 32 64
 333  436  200 0  63 1 7 1 2 4 8 16 32 64
 334  494  843 0  31 1 7 1 2 4 8 16 32 64
 335  978  538 0  62 1 7 1 2 4 8 16 32 64
 336  388  402 0  80 1 7 1 2 4 8 16 32 64
 337  466  818 0  76 1 7 1 2 4 8 16 32 64
 338  553  248 0  75 1 7 1 2 4 8 16 32 64
 339  630  774 0  93 1 7 1 2 4 8 16 32 64
 340  677  324 0  33 1 7 1 2 4 8 16 32 64
 341  487  531 0  60 1 7 1 2 4 8 16 32 64
 342   35  957 0  90 1 7 1 2 4 8 16 32 64
 343  375  172 0  99 1 7 1 2 4 8 16 32 64
 344  533  220 0  25 1 7 1 2 4 8 16 32 64
 345  366  818 0  29 1 7 1 2 4 8 16 32 64
 346  941  112 0  74 1 7 1 2 4 8 16 32 64
 347  230  316 0  74 1 7 1 2 4 8 16 32 64
 348  413  798 0  98 1 7 1 2 4 8 16 32 64
 349  754  448 0  41 1 7 1 2 4 8 16 32 64
 350  494  479 0  87 1 7 1 2 4 8 16 32 64
 351  377  939 0  75 1 7 1 2 4 8 16 32 64
 352  350  840 0  17 1 7 1 2 4 8 16 32 64
 353  686  500 0  37 1 7 1 2 4 8 16 32 64
 354  737  432 0  84 1 7 1 2 4 8 16 32 64
 355  654  832 0  86 1 7 1 2 4 8 16 32 64
 356  784  735 0  66 1 7 1 2 4 8 16 32 64
 357  904  227 0  11 1 7 1 2 4 8 16 32 64
 358  934  852 0  79 1 7 1 2 4 8 16 32 64
 359  460  882 0  77 1 7 1 2 4 8 16 32 64
 360  505  571 0  46 1 7 1 2 4 8 16 32 64
 361  262   46 0  84 1 7 1 2 4 8 16 32 64
 362  469  451 0  85 1 7 1 2 4 8 16 32 64
 363   66  985 0  31 1 7 1 2 4 8 16 32 64
 364  513  202 0  10 1 7 1 2 4 8 16 32 64
 365  931  421 0  49 1 7 1 2 4 8 16 32 64
 366  927   71 0  34 1 7 1 2 4 8 16 32 64
 367  803  863 0  67 1 7 1 2 4 8 16 32 64
 368  605   17 0  15 1 7 1 2 4 8 16 32 64
 369  813  551 0   6 1 7 1 2 4 8 16 32 64
 370   70   77 0  74 1 7 1 2 4 8 16 32 64
 371  165   40 0  94 1 7 1 2 4 8 16 32 64
 372  520  224 0  36 1 7 1 2 4 8 16 32 64
 373   89  622 0  80 1 7 1 2 4 8 16 32 64
 374   23  418 0  74 1 7 1 2 4 8 16 32 64
 375  447  946 0  50 1 7 1 2 4 8 16 32 64
 376  939  364 0  88 1 7 1 2 4 8 16 32 64
 377  270  110 0  87 1 7 1 2 4 8 16 32 64
 378  136  336 0  38 1 7 1 2 4 8 16 32 64
 379   25  948 0  70 1 7 1 2 4 8 16 32 64
 380  369  732 0  31 1 7 1 2 4 8 16 32 64
 381    6  295 0   4 1 7 1 2 4 8 16 32 64
 382  460  824 0  12 1 7 1 2 4 8 16 32 64
 383  439  500 0  65 1 7 1 2 4 8 16 32 64
 384  404  261 0  16 1 7 1 2 4 8 16 32 64
 385  114  486 0   1 1 7 1 2 4 8 16 32 64
 386  855  863 0  15 1 7 1 2 4 8 16 32 64
 387  434  266 0  12 1 7 1 2 4 8 16 32 64
 388  403  532 0   4 1 7 1 2 4 8 16 32 64
 389  569  607 0  67 1 7 1 2 4 8 16 32 64
 390  173   91 0  92 1 7 1 2 4 8 16 32 64
 391  426  153 0  67 1 7 1 2 4 8 16 32 64
 392  756  428 0  61 1 7 1 2 4 8 16 32 64
 393  907   71 0  42 1 7 1 2 4 8 16 32 64
 394  302  426 0  33 1 7 1 2 4 8 16 32 64
 395  923  429 0  34 1 7 1 2 4 8 16 32 64
 396  687  876 0  19 1 7 1 2 4 8 16 32 64
 397  726  499 0  81 1 7 1 2 4 8 16 32 64
 398  993  996 0  90 1 7 1 2 4 8 16 32 64
 399  290  263 0  68 1 7 1 2 4 8 16 32 64
 400  956   25 0  13 1 7 1 2 4 8 16 32 64
 401  478  554 0   8 1 7 1 2 4 8 16 32 64
 402  469  850 0  45 1 7 1 2 4 8 16 32 64
 403  224  169 0  44 1 7 1 2 4 8 16 32 64
 404  532  845 0  95 1 7 1 2 4 8 16 32 64
 405  852  763 0   8 1 7 1 2 4 8 16 32 64
 406  257  646 0 100 1 7 1 2 4 8 16 32 64
 407   90  972 0  92 1 7 1 2 4 8 16 32 64
 408  137  342 0   7 1 7 1 2 4 8 16 32 64
 409   54  492 0  96 1 7 1 2 4 8 16 32 64
 410  318    8 0   2 1 7 1 2 4 8 16 32 64
 411  639  158 0  36 1 7 1 2 4 8 16 32 64
 412  731  649 0  13 1 7 1 2 4 8 16 32 64
 413  925  831 0  41 1 7 1 2 4 8 16 32 64
 414   94  939 0  11 1 7 1 2 4 8 16 32 64
 415  145  198 0  90 1 7 1 2 4 8 16 32 64
 416  604  865 0  34 1 7 1 2 4 8 16 32 64
 417  128  269 0  88 1 7 1 2 4 8 16 32 64
 418  958  876 0  44 1 7 1 2 4 8 16 32 64
 419  719  159 0   4 1 7 1 2 4 8 16 32 64
 420  472  913 0  71 1 7 1 2 4 8 16 32 64
 421   44  221 0  28 1 7 1 2 4 8 16 32 64
 422  513  737 0  70 1 7 1 2 4 8 16 32 64
 423  628  363 0  24 1 7 1 2 4 8 16 32 64
 424  269  163 0  21 1 7 1 2 4 8 16 32 64
 425  859  938 0   1 1 7 1 2 4 8 16 32 64
 426  988  167 0  31 1 7 1 2 4 8 16 32 64
 427  579    3 0  73 1 7 1 2 4 8 16 32 64
 428  521  979 0  44 1 7 1 2 4 8 16 32 64
 429  187  322 0   4 1 7 1 2 4 8 16 32 64
 430  890  638 0  38 1 7 1 2 4 8 16 32 64
 431  375  354 0  73 1 7 1 2 4 8 16 32 64
 432  119  323 0  36 1 7 1 2 4 8 16 32 64
 433   93  886 0  53 1 7 1 2 4 8 16 32 64
 434  359  232 0  41 1 7 1 2 4 8 16 32 64
 435  533  735 0  51 1 7 1 2 4 8 16 32 64
 436  272   35 0  70 1 7 1 2 4 8 16 32 64
 437  113  781 0  63 1 7 1 2 4 8 16 32 64
 438  563  735 0  71 1 7 1 2 4 8 16 32 64
 439   70  821 0  10 1 7 1 2 4 8 16 32 64
 440  953  552 0  49 1 7 1 2 4 8 16 32 64
 441  752  532 0  81 1 7 1 2 4 8 16 32 64
 442  103  467 0  10 1 7 1 2 4 8 16 32 64
 443  150   36 0  96 1 7 1 2 4 8 16 32 64
 444   24  816 0  61 1 7 1 2 4 8 16 32 64
 445  277   85 0  78 1 7 1 2 4 8 16 32 64
 446  734  619 0   8 1 7 1 2 4 8 16 32 64
 447  507  292 0  36 1 7 1 2 4 8 16 32 64
 448  780  577 0  45 1 7 1 2 4 8 16 32 64
 449  238  867 0   7 1 7 1 2 4 8 16 32 64
 450  824  862 0  93 1 7 1 2 4 8 16 32 64
 451  949  242 0  34 1 7 1 2 4 8 16 32 64
 452  887  347 0  56 1 7 1 2 4 8 16 32 64
 453  475  748 0  39 1 7 1 2 4 8 16 32 64
 454  745  814 0  86 1 7 1 2 4 8 16 32 64
 455  219  811 0  28 1 7 1 2 4 8 16 32 64
 456  449  519 0 100 1 7 1 2 4 8 16 32 64
 457  561  288 0  56 1 7 1 2 4 8 16 32 64
 458  172  173 0  92 1 7 1 2 4 8 16 32 64
 459  968  687 0  25 1 7 1 2 4 8 16 32 64
 460  717  538 0  78 1 7 1 2 4 8 16 32 64
 461   35   31 0  86 1 7 1 2 4 8 16 32 64
 462  168  720 0  80 1 7 1 2 4 8 16 32 64
 463  352  317 0  22 1 7 1 2 4 8 16 32 64
 464  419   71 0  48 1 7 1 2 4 8 16 32 64
 465  174  905 0  49 1 7 1 2 4 8 16 32 64
 466  273   99 0  37 1 7 1 2 4 8 16 32 64
 467  160  629 0  43 1 7 1 2 4 8 16 32 64
 468  925  240 0  21 1 7 1 2 4 8 16 32 64
 469  444  668 0   7 1 7 1 2 4 8 16 32 64
 470  540  353 0  19 1 7 1 2 4 8 16 32 64
 471  575  875 0  41 1 7 1 2 4 8 16 32 64
 472  124  498 0  97 1 7 1 2 4 8 16 32 64
 473  988  350 0  17 1 7 1 2 4 8 16 32 64
 474  996  779 0  67 1 7 1 2 4 8 16 32 64
 475   13  781 0  36 1 7 1 2 4 8 16 32 64
 476  112  605 0  96 1 7 1 2 4 8 16 32 64
 477  481  149 0  68 1 7 1 2 4 8 16 32 64
 478  592  908 0  17 1 7 1 2 4 8 16 32 64
 479  991  651 0  80 1 7 1 2 4 8 16 32 64
 480   86  343 0  54 1 7 1 2 4 8 16 32 64
 481  697  388 0  68 1 7 1 2 4 8 16 32 64
 482  256  562 0  34 1 7 1 2 4 8 16 32 64
 483  684  616 0  92 1 7 1 2 4 8 16 32 64
 484  888  983 0  16 1 7 1 2 4 8 16 32 64
 485  269   23 0  62 1 7 1 2 4 8 16 32 64
 486  543   76 0  85 1 7 1 2 4 8 16 32 64
 487  444  156 0  84 1 7 1 2 4 8 16 32 64
 488  251  584 0  29 1 7 1 2 4 8 16 32 64
 489  890  225 0  34 1 7 1 2 4 8 16 32 64
 490  106  190 0  93 1 7 1 2 4 8 16 32 64
 491  576  924 0  23 1 7 1 2 4 8 16 32 64
 492  390  436 0  88 1 7 1 2 4 8 16 32 64
 493  978  223 0  35 1 7 1 2 4 8 16 32 64
 494  366  335 0  90 1 7 1 2 4 8 16 32 64
 495  175  768 0  30 1 7 1 2 4 8 16 32 64
 496  124  143 0  73 1 7 1 2 4 8 16 32 64
 497  644  754 0  91 1 7 1 2 4 8 16 32 64
 498  785  616 0  20 1 7 1 2 4 8 16 32 64
 499  788  509 0  19 1 7 1 2 4 8 16 32 64
 500   77  664 0  92 1 7 1 2 4 8 16 32 64
 501  122  406 0  87 1 7 1 2 4 8 16 32 64
 502  924  658 0  88 1 7 1 2 4 8 16 32 64
 503  387  312 0  49 1 7 1 2 4 8 16 32 64
 504  384  892 0  62 1 7 1 2 4 8 16 32 64
 505   63  354 0  40 1 7 1 2 4 8 16 32 64
 506  964  122 0  22 1 7 1 2 4 8 16 32 64
 507  145  967 0  74 1 7 1 2 4 8 16 32 64
 508  824   14 0  61 1 7 1 2 4 8 16 32 64
 509   61   31 0  40 1 7 1 2 4 8 16 32 64
 510  446  398 0  59 1 7 1 2 4 8 16 32 64
 511  842  998 0   1 1 7 1 2 4 8 16 32 64
 512  966  296 0  47 1 7 1 2 4 8 16 32 64
 513  205  163 0  77 1 7 1 2 4 8 16 32 64
 514  164  559 0  24 1 7 1 2 4 8 16 32 64
 515  204  550 0  52 1 7 1 2 4 8 16 32 64
 516  332  308 0  94 1 7 1 2 4 8 16 32 64
 517  487  386 0  98 1 7 1 2 4 8 16 32 64
 518  530  260 0  64 1 7 1 2 4 8 16 32 64
 519  851  748 0  95 1 7 1 2 4 8 16 32 64
 520  972  782 0  39 1 7 1 2 4 8 16 32 64
 521  627  880 0  26 1 7 1 2 4 8 16 32 64
 522  580  982 0  25 1 7 1 2 4 8 16 32 64
 523  659  923 0  92 1 7 1 2 4 8 16 32 64
 524  615  123 0   7 1 7 1 2 4 8 16 32 64
 525  181  876 0  15 1 7 1 2 4 8 16 32 64
 526  480  900 0  82 1 7 1 2 4 8 16 32 64
 527  635  903 0   3 1 7 1 2 4 8 16 32 64
 528  526  195 0  98 1 7 1 2 4 8 16 32 64
 529   43  703 0  64 1 7 1 2 4 8 16 32 64
 530   39  501 0  86 1 7 1 2 4 8 16 32 64
 531  137  715 0  63 1 7 1 2 4 8 16 32 64
 532  805  598 0   2 1 7 1 2 4 8 16 32 64
 533  204  947 0  81 1 7 1 2 4 8 16 32 64
 534  468  886 0  62 1 7 1 2 4 8 16 32 64
 535  210  909 0  41 1 7 1 2 4 8 16 32 64
 536  616  519 0  56 1 7 1 2 4 8 16 32 64
 537  769  941 0  55 1 7 1 2 4 8 16 32 64
 538  900  722 0  24 1 7 1 2 4 8 16 32 64
 539  143  488 0  78 1 7 1 2 4 8 16 32 64
 540  162  110 0  52 1 7 1 2 4 8 16 32 64
 541  775  141 0  59 1 7 1 2 4 8 16 32 64
 542  534  404 0  27 1 7 1 2 4 8 16 32 64
 543  217  592 0   2 1 7 1 2 4 8 16 32 64
 544  557   72 0  24 1 7 1 2 4 8 16 32 64
 545  111  737 0  63 1 7 1 2 4 8 16 32 64
 546   87  322 0  26 1 7 1 2 4 8 16 32 64
 547  496  394 0  84 1 7 1 2 4 8 16 32 64
 548  736  991 0  93 1 7 1 2 4 8 16 32 64
 549  560  999 0  48 1 7 1 2 4 8 16 32 64
 550   23  361 0  93 1 7 1 2 4 8 16 32 64
 551  611  438 0  49 1 7 1 2 4 8 16 32 64
 552  298  738 0  37 1 7 1 2 4 8 16 32 64
 553   23  493 0  52 1 7 1 2 4 8 16 32 64
 554  211  494 0  33 1 7 1 2 4 8 16 32 64
 555  540  237 0  47 1 7 1 2 4 8 16 32 64
 556  515   76 0  12 1 7 1 2 4 8 16 32 64
 557  780  504 0  52 1 7 1 2 4 8 16 32 64
 558  376  778 0  94 1 7 1 2 4 8 16 32 64
 559  284  691 0  15 1 7 1 2 4 8 16 32 64
 560  872  681 0  67 1 7 1 2 4 8 16 32 64
 561  995   38 0  96 1 7 1 2 4 8 16 32 64
 562   20  488 0   2 1 7 1 2 4 8 16 32 64
 563  924  249 0  86 1 7 1 2 4 8 16 32 64
 564  859  415 0  21 1 7 1 2 4 8 16 32 64
 565   74  892 0  14 1 7 1 2 4 8 16 32 64
 566  914  125 0  35 1 7 1 2 4 8 16 32 64
 567  682   74 0  14 1 7 1 2 4 8 16 32 64
 568  973   24 0  62 1 7 1 2 4 8 16 32 64
 569   75  307 0  60 1 7 1 2 4 8 16 32 64
 570  655  514 0  58 1 7 1 2 4 8 16 32 64
 571  600  818 0  33 1 7 1 2 4 8 16 32 64
 572  294  929 0  65 1 7 1 2 4 8 16 32 64
 573   70  179 0   7 1 7 1 2 4 8 16 32 64
 574  875  203 0  51 1 7 1 2 4 8 16 32 64
 575  103  310 0  20 1 7 1 2 4 8 16 32 64
 576   95  154 0  90 1 7 1 2 4 8 16 32 64
 577  130  240 0  71 1 7 1 2 4 8 16 32 64
 578   85  975 0  65 1 7 1 2 4 8 16 32 64
 579  875  375 0  47 1 7 1 2 4 8 16 32 64
 580  258  102 0  92 1 7 1 2 4 8 16 32 64
 581  352   55 0  29 1 7 1 2 4 8 16 32 64
 582   60  115 0  47 1 7 1 2 4 8 16 32 64
 583  341  528 0  37 1 7 1 2 4 8 16 32 64
 584  876  758 0  20 1 7 1 2 4 8 16 32 64
 585  365  317 0  38 1 7 1 2 4 8 16 32 64
 586  973  645 0  69 1 7 1 2 4 8 16 32 64
 587  349  655 0  70 1 7 1 2 4 8 16 32 64
 588   85  160 0  64 1 7 1 2 4 8 16 32 64
 589  191   99 0  80 1 7 1 2 4 8 16 32 64
 590  984  559 0  20 1 7 1 2 4 8 16 32 64
 591  899  515 0  95 1 7 1 2 4 8 16 32 64
 592  349  646 0  85 1 7 1 2 4 8 16 32 64
 593  875  733 0  19 1 7 1 2 4 8 16 32 64
 594  402  382 0  71 1 7 1 2 4 8 16 32 64
 595  922  257 0  15 1 7 1 2 4 8 16 32 64
 596  194  818 0  58 1 7 1 2 4 8 16 32 64
 597  622  465 0  33 1 7 1 2 4 8 16 32 64
 598  119  400 0  93 1 7 1 2 4 8 16 32 64
 599  596  741 0  45 1 7 1 2 4 8 16 32 64
 600  961  969 0  35 1 7 1 2 4 8 16 32 64
 601   59  573 0  36 1 7 1 2 4 8 16 32 64
 602  831  870 0  73 1 7 1 2 4 8 16 32 64
 603  985  763 0  66 1 7 1 2 4 8 16 32 64
 604  246  693 0  72 1 7 1 2 4 8 16 32 64
 605  891  790 0  92 1 7 1 2 4 8 16 32 64
 606  664  419 0  64 1 7 1 2 4 8 16 32 64
 607  468  616 0  33 1 7 1 2 4 8 16 32 64
 608  320  910 0  42 1 7 1 2 4 8 16 32 64
 609  910  831 0  53 1 7 1 2 4 8 16 32 64
 610  733   95 0  81 1 7 1 2 4 8 16 32 64
 611  831   94 0  91 1 7 1 2 4 8 16 32 64
 612  947  402 0  82 1 7 1 2 4 8 16 32 64
 613  922  682 0  74 1 7 1 2 4 8 16 32 64
 614  504  305 0   5 1 7 1 2 4 8 16 32 64
 615  498  748 0  82 1 7 1 2 4 8 16 32 64
 616  494  279 0  89 1 7 1 2 4 8 16 32 64
 617  595  450 0  62 1 7 1 2 4 8 16 32 64
 618  882  502 0  73 1 7 1 2 4 8 16 32 64
 619  433  961 0  92 1 7 1 2 4 8 16 32 64
 620  539  424 0  67 1 7 1 2 4 8 16 32 64
 621  879  729 0  60 1 7 1 2 4 8 16 32 64
 622  890  487 0  69 1 7 1 2 4 8 16 32 64
 623  373  614 0  81 1 7 1 2 4 8 16 32 64
 624  581   12 0  44 1 7 1 2 4 8 16 32 64
 625  308  669 0  28 1 7 1 2 4 8 16 32 64
 626   27  351 0  88 1 7 1 2 4 8 16 32 64
 627  485  159 0  57 1 7 1 2 4 8 16 32 64
 628  169  367 0  90 1 7 1 2 4 8 16 32 64
 629  192  106 0  13 1 7 1 2 4 8 16 32 64
 630  488  616 0  18 1 7 1 2 4 8 16 32 64
 631  147  107 0  61 1 7 1 2 4 8 16 32 64
 632  626  239 0  64 1 7 1 2 4 8 16 32 64
 633  637  146 0  74 1 7 1 2 4 8 16 32 64
 634  326   82 0  98 1 7 1 2 4 8 16 32 64
 635  527  686 0  15 1 7 1 2 4 8 16 32 64
 636  298  566 0  76 1 7 1 2 4 8 16 32 64
 637  910  492 0  59 1 7 1 2 4 8 16 32 64
 638  687  504 0  83 1 7 1 2 4 8 16 32 64
 639  598  113 0  43 1 7 1 2 4 8 16 32 64
 640  209  105 0  21 1 7 1 2 4 8 16 32 64
 641  315  639 0   5 1 7 1 2 4 8 16 32 64
 642  232  249 0   2 1 7 1 2 4 8 16 32 64
 643  562  899 0  17 1 7 1 2 4 8 16 32 64
 644  598  927 0  51 1 7 1 2 4 8 16 32 64
 645  348  748 0  42 1 7 1 2 4 8 16 32 64
 646  751  792 0  45 1 7 1 2 4 8 16 32 64
 647  537  961 0  69 1 7 1 2 4 8 16 32 64
 648  581    3 0  93 1 7 1 2 4 8 16 32 64
 649   62  132 0  82 1 7 1 2 4 8 16 32 64
 650  598  168 0  43 1 7 1 2 4 8 16 32 64
 651  437  498 0  78 1 7 1 2 4 8 16 32 64
 652  970  453 0  99 1 7 1 2 4 8 16 32 64
 653  105  642 0  14 1 7 1 2 4 8 16 32 64
 654  525  364 0  66 1 7 1 2 4 8 16 32 64
 655  747  908 0  75 1 7 1 2 4 8 16 32 64
 656  867  717 0  12 1 7 1 2 4 8 16 32 64
 657  128  505 0  40 1 7 1 2 4 8 16 32 64
 658  927  952 0  24 1 7 1 2 4 8 16 32 64
 659  815  513 0  76 1 7 1 2 4 8 16 32 64
 660  975  775 0  63 1 7 1 2 4 8 16 32 64
 661  599  717 0  42 1 7 1 2 4 8 16 32 64
 662  882  546 0  58 1 7 1 2 4 8 16 32 64
 663  180  138 0  96 1 7 1 2 4 8 16 32 64
 664   91  300 0  29 1 7 1 2 4 8 16 32 64
 665  904  958 0  15 1 7 1 2 4 8 16 32 64
 666  928  838 0  70 1 7 1 2 4 8 16 32 64
 667  808  358 0  67 1 7 1 2 4 8 16 32 64
 668  998  168 0  99 1 7 1 2 4 8 16 32 64
 669  293   45 0  56 1 7 1 2 4 8 16 32 64
 670  117  795 0  50 1 7 1 2 4 8 16 32 64
 671  161  835 0  59 1 7 1 2 4 8 16 32 64
 672  307  464 0  63 1 7 1 2 4 8 16 32 64
 673  171  234 0   6 1 7 1 2 4 8 16 32 64
 674  141  336 0  31 1 7 1 2 4 8 16 32 64
 675  666  740 0  22 1 7 1 2 4 8 16 32 64
 676  458  136 0  47 1 7 1 2 4 8 16 32 64
 677  511  741 0  29 1 7 1 2 4 8 16 32 64
 678  565  858 0  83 1 7 1 2 4 8 16 32 64
 679  939  465 0  44 1 7 1 2 4 8 16 32 64
 680  542  881 0  47 1 7 1 2 4 8 16 32 64
 681  856  403 0  98 1 7 1 2 4 8 16 32 64
 682  902  230 0  36 1 7 1 2 4 8 16 32 64
 683  727  497 0  42 1 7 1 2 4 8 16 32 64
 684   41   64 0  37 1 7 1 2 4 8 16 32 64
 685  807  270 0  53 1 7 1 2 4 8 16 32 64
 686  309  484 0  63 1 7 1 2 4 8 16 32 64
 687  132  674 0  62 1 7 1 2 4 8 16 32 64
 688  623  128 0  78 1 7 1 2 4 8 16 32 64
 689   62   85 0   8 1 7 1 2 4 8 16 32 64
 690  324  465 0  23 1 7 1 2 4 8 16 32 64
 691  361  463 0  16 1 7 1 2 4 8 16 32 64
 692  503  861 0  73 1 7 1 2 4 8 16 32 64
 693  907   54 0   4 1 7 1 2 4 8 16 32 64
 694  889  321 0  88 1 7 1 2 4 8 16 32 64
 695  667  457 0  29 1 7 1 2 4 8 16 32 64
 696  118  911 0  70 1 7 1 2 4 8 16 32 64
 697  328   63 0  15 1 7 1 2 4 8 16 32 64
 698  149  985 0  18 1 7 1 2 4 8 16 32 64
 699  283  431 0  22 1 7 1 2 4 8 16 32 64
 700  711   25 0  88 1 7 1 2 4 8 16 32 64
 701  574   72 0  77 1 7 1 2 4 8 16 32 64
 702  144  122 0  66 1 7 1 2 4 8 16 32 64
 703  590  386 0  87 1 7 1 2 4 8 16 32 64
 704  631  376 0  57 1 7 1 2 4 8 16 32 64
 705  972  265 0  37 1 7 1 2 4 8 16 32 64
 706    3   92 0  70 1 7 1 2 4 8 16 32 64
 707  840  543 0  70 1 7 1 2 4 8 16 32 64
 708  757  534 0  75 1 7 1 2 4 8 16 32 64
 709  130  919 0  54 1 7 1 2 4 8 16 32 64
 710  777  824 0  59 1 7 1 2 4 8 16 32 64
 711   53  204 0  24 1 7 1 2 4 8 16 32 64
 712  907  853 0  54 1 7 1 2 4 8 16 32 64
 713  203  528 0  92 1 7 1 2 4 8 16 32 64
 714  694  553 0  49 1 7 1 2 4 8 16 32 64
 715   71  595 0  58 1 7 1 2 4 8 16 32 64
 716  192   13 0  70 1 7 1 2 4 8 16 32 64
 717  947  299 0  89 1 7 1 2 4 8 16 32 64
 718  608  246 0  75 1 7 1 2 4 8 16 32 64
 719  632  575 0  49 1 7 1 2 4 8 16 32 64
 720  689  371 0  84 1 7 1 2 4 8 16 32 64
 721  150  528 0  63 1 7 1 2 4 8 16 32 64
 722  537  871 0  43 1 7 1 2 4 8 16 32 64
 723  667  693 0   3 1 7 1 2 4 8 16 32 64
 724  572  923 0  15 1 7 1 2 4 8 16 32 64
 725  701  424 0  31 1 7 1 2 4 8 16 32 64
 726  519  611 0  80 1 7 1 2 4 8 16 32 64
 727  243  544 0  35 1 7 1 2 4 8 16 32 64
 728  170  264 0  81 1 7 1 2 4 8 16 32 64
 729  536  405 0  58 1 7 1 2 4 8 16 32 64
 730  388  426 0  84 1 7 1 2 4 8 16 32 64
 731  304  841 0  13 1 7 1 2 4 8 16 32 64
 732  753  393 0  91 1 7 1 2 4 8 16 32 64
 733  598  724 0  66 1 7 1 2 4 8 16 32 64
 734  129  497 0  25 1 7 1 2 4 8 16 32 64
 735  964  564 0  43 1 7 1 2 4 8 16 32 64
 736  399  693 0  69 1 7 1 2 4 8 16 32 64
 737  152  885 0  81 1 7 1 2 4 8 16 32 64
 738  704  587 0  85 1 7 1 2 4 8 16 32 64
 739  479  485 0  75 1 7 1 2 4 8 16 32 64
 740  270  807 0  58 1 7 1 2 4 8 16 32 64
 741  979  904 0  42 1 7 1 2 4 8 16 32 64
 742  664  208 0  43 1 7 1 2 4 8 16 32 64
 743  973  383 0  21 1 7 1 2 4 8 16 32 64
 744  195  333 0   7 1 7 1 2 4 8 16 32 64
 745  171  395 0   2 1 7 1 2 4 8 16 32 64
 746   98  169 0  27 1 7 1 2 4 8 16 32 64
 747  702  500 0  34 1 7 1 2 4 8 16 32 64
 748  261  811 0  35 1 7 1 2 4 8 16 32 64
 749  259  947 0   9 1 7 1 2 4 8 16 32 64
 750   91  433 0  75 1 7 1 2 4 8 16 32 64
 751  691  415 0  11 1 7 1 2 4 8 16 32 64
 752  582  929 0  72 1 7 1 2 4 8 16 32 64
 753  266   49 0  28 1 7 1 2 4 8 16 32 64
 754   13  493 0  90 1 7 1 2 4 8 16 32 64
 755  266  611 0  53 1 7 1 2 4 8 16 32 64
 756  328  816 0  63 1 7 1 2 4 8 16 32 64
 757  428  113 0  47 1 7 1 2 4 8 16 32 64
 758  839  114 0  71 1 7 1 2 4 8 16 32 64
 759  160  830 0   6 1 7 1 2 4 8 16 32 64
 760  467  845 0  61 1 7 1 2 4 8 16 32 64
 761  882  339 0  73 1 7 1 2 4 8 16 32 64
 762  699  160 0  86 1 7 1 2 4 8 16 32 64
 763  894  998 0  37 1 7 1 2 4 8 16 32 64
 764  843  331 0  17 1 7 1 2 4 8 16 32 64
 765  784  183 0  19 1 7 1 2 4 8 16 32 64
 766  840  193 0  55 1 7 1 2 4 8 16 32 64
 767  582  978 0  34 1 7 1 2 4 8 16 32 64
 768  398  745 0  68 1 7 1 2 4 8 16 32 64
 769   76  802 0  55 1 7 1 2 4 8 16 32 64
 770  597  242 0  59 1 7 1 2 4 8 16 32 64
 771  720  289 0  95 1 7 1 2 4 8 16 32 64
 772  231  831 0  63 1 7 1 2 4 8 16 32 64
 773  572  721 0  49 1 7 1 2 4 8 16 32 64
 774  792  444 0   7 1 7 1 2 4 8 16 32 64
 775   17  530 0  54 1 7 1 2 4 8 16 32 64
 776  395  258 0  87 1 7 1 2 4 8 16 32 64
 777  746  889 0  14 1 7 1 2 4 8 16 32 64
 778   51  212 0  14 1 7 1 2 4 8 16 32 64
 779  201  680 0  47 1 7 1 2 4 8 16 32 64
 780  338  202 0  19 1 7 1 2 4 8 16 32 64
 781  600  824 0  14 1 7 1 2 4 8 16 32 64
 782  947  362 0  35 1 7 1 2 4 8 16 32 64
 783  999  465 0  18 1 7 1 2 4 8 16 32 64
 784  647   14 0  32 1 7 1 2 4 8 16 32 64
 785  160  596 0  11 1 7 1 2 4 8 16 32 64
 786   56  741 0  12 1 7 1 2 4 8 16 32 64
 787  619  767 0  59 1 7 1 2 4 8 16 32 64
 788  206  151 0   9 1 7 1 2 4 8 16 32 64
 789  195  650 0  94 1 7 1 2 4 8 16 32 64
 790  303  582 0  70 1 7 1 2 4 8 16 32 64
 791  636  105 0  87 1 7 1 2 4 8 16 32 64
 792  488  541 0  65 1 7 1 2 4 8 16 32 64
 793   55  905 0  87 1 7 1 2 4 8 16 32 64
 794  612  976 0  72 1 7 1 2 4 8 16 32 64
 795  752  550 0  76 1 7 1 2 4 8 16 32 64
 796  810  774 0  51 1 7 1 2 4 8 16 32 64
 797  606  894 0  56 1 7 1 2 4 8 16 32 64
 798   11  323 0  11 1 7 1 2 4 8 16 32 64
 799  438  297 0  82 1 7 1 2 4 8 16 32 64
 800  350  740 0  54 1 7 1 2 4 8 16 32 64
 801  847  328 0  31 1 7 1 2 4 8 16 32 64
 802  480  646 0   8 1 7 1 2 4 8 16 32 64
 803  836  919 0 100 1 7 1 2 4 8 16 32 64
 804  790  366 0  90 1 7 1 2 4 8 16 32 64
 805  784   14 0  45 1 7 1 2 4 8 16 32 64
 806  933  154 0  46 1 7 1 2 4 8 16 32 64
 807  421  667 0  61 1 7 1 2 4 8 16 32 64
 808  670  230 0  51 1 7 1 2 4 8 16 32 64
 809  573  441 0  10 1 7 1 2 4 8 16 32 64
 810  563  478 0  78 1 7 1 2 4 8 16 32 64
 811  495  981 0  48 1 7 1 2 4 8 16 32 64
 812  327  891 0  68 1 7 1 2 4 8 16 32 64
 813  870  523 0  49 1 7 1 2 4 8 16 32 64
 814  761  974 0  53 1 7 1 2 4 8 16 32 64
 815  300  581 0  87 1 7 1 2 4 8 16 32 64
 816  569  931 0  72 1 7 1 2 4 8 16 32 64
 817  476  847 0  53 1 7 1 2 4 8 16 32 64
 818  507  349 0  23 1 7 1 2 4 8 16 32 64
 819  831  251 0  51 1 7 1 2 4 8 16 32 64
 820  274  284 0  10 1 7 1 2 4 8 16 32 64
 821  589  860 0  17 1 7 1 2 4 8 16 32 64
 822  974  153 0  78 1 7 1 2 4 8 16 32 64
 823    2  696 0  89 1 7 1 2 4 8 16 32 64
 824  321  263 0  67 1 7 1 2 4 8 16 32 64
 825  632  860 0  10 1 7 1 2 4 8 16 32 64
 826  162  148 0  55 1 7 1 2 4 8 16 32 64
 827  905  905 0  48 1 7 1 2 4 8 16 32 64
 828  377  706 0  75 1 7 1 2 4 8 16 32 64
 829  832   21 0  63 1 7 1 2 4 8 16 32 64
 830  937  653 0  78 1 7 1 2 4 8 16 32 64
 831  767  800 0  54 1 7 1 2 4 8 16 32 64
 832  558  733 0  23 1 7 1 2 4 8 16 32 64
 833  561  353 0  29 1 7 1 2 4 8 16 32 64
 834  336  592 0  11 1 7 1 2 4 8 16 32 64
 835  795  587 0  12 1 7 1 2 4 8 16 32 64
 836  149  157 0  16 1 7 1 2 4 8 16 32 64
 837  484  158 0  50 1 7 1 2 4 8 16 32 64
 838  219  603 0  77 1 7 1 2 4 8 16 32 64
 839  722  671 0  79 1 7 1 2 4 8 16 32 64
 840  271  628 0  69 1 7 1 2 4 8 16 32 64
 841  846  597 0  64 1 7 1 2 4 8 16 32 64
 842  698  947 0   5 1 7 1 2 4 8 16 32 64
 843   12  883 0  31 1 7 1 2 4 8 16 32 64
 844   27   43 0  93 1 7 1 2 4 8 16 32 64
 845  808  608 0  23 1 7 1 2 4 8 16 32 64
 846  760  189 0  96 1 7 1 2 4 8 16 32 64
 847  641  374 0  11 1 7 1 2 4 8 16 32 64
 848  147  354 0  99 1 7 1 2 4 8 16 32 64
 849  591  113 0  33 1 7 1 2 4 8 16 32 64
 850 1000  510 0  84 1 7 1 2 4 8 16 32 64
 851  549 1000 0  53 1 7 1 2 4 8 16 32 64
 852  290  452 0  96 1 7 1 2 4 8 16 32 64
 853  928  833 0  36 1 7 1 2 4 8 16 32 64
 854  850  855 0  47 1 7 1 2 4 8 16 32 64
 855  984  526 0  30 1 7 1 2 4 8 16 32 64
 856  295  881 0  47 1 7 1 2 4 8 16 32 64
 857  294  974 0  20 1 7 1 2 4 8 16 32 64
 858  965  168 0  78 1 7 1 2 4 8 16 32 64
 859  293  690 0  33 1 7 1 2 4 8 16 32 64
 860  162  791 0  90 1 7 1 2 4 8 16 32 64
 861  752  271 0  80 1 7 1 2 4 8 16 32 64
 862  445  405 0   2 1 7 1 2 4 8 16 32 64
 863  509  384 0   4 1 7 1 2 4 8 16 32 64
 864  946  257 0  22 1 7 1 2 4 8 16 32 64
 865  374   84 0   7 1 7 1 2 4 8 16 32 64
 866  942  604 0  99 1 7 1 2 4 8 16 32 64
 867  226  491 0  91 1 7 1 2 4 8 16 32 64
 868  175  912 0  13 1 7 1 2 4 8 16 32 64
 869  472  909 0  36 1 7 1 2 4 8 16 32 64
 870  182  148 0  31 1 7 1 2 4 8 16 32 64
 871  265  589 0  98 1 7 1 2 4 8 16 32 64
 872  303  203 0  33 1 7 1 2 4 8 16 32 64
 873  217  355 0  12 1 7 1 2 4 8 16 32 64
 874  787  919 0   2 1 7 1 2 4 8 16 32 64
 875  424  212 0  17 1 7 1 2 4 8 16 32 64
 876  515  684 0   8 1 7 1 2 4 8 16 32 64
 877  972  989 0  40 1 7 1 2 4 8 16 32 64
 878  964  724 0  69 1 7 1 2 4 8 16 32 64
 879  799  713 0  15 1 7 1 2 4 8 16 32 64
 880  497  904 0  68 1 7 1 2 4 8 16 32 64
 881   63  844 0  67 1 7 1 2 4 8 16 32 64
 882  516  160 0 100 1 7 1 2 4 8 16 32 64
 883  932  661 0  76 1 7 1 2 4 8 16 32 64
 884  298  897 0  91 1 7 1 2 4 8 16 32 64
 885  659  561 0   9 1 7 1 2 4 8 16 32 64
 886  789  779 0  97 1 7 1 2 4 8 16 32 64
 887  899  557 0  58 1 7 1 2 4 8 16 32 64
 888  519  773 0  24 1 7 1 2 4 8 16 32 64
 889  706  764 0  92 1 7 1 2 4 8 16 32 64
 890  826  374 0  64 1 7 1 2 4 8 16 32 64
 891  365  200 0  47 1 7 1 2 4 8 16 32 64
 892   95  281 0  23 1 7 1 2 4 8 16 32 64
 893  472  205 0   7 1 7 1 2 4 8 16 32 64
 894  598  878 0  11 1 7 1 2 4 8 16 32 64
 895  391  834 0  37 1 7 1 2 4 8 16 32 64
 896  369  284 0  92 1 7 1 2 4 8 16 32 64
 897  374   30 0  76 1 7 1 2 4 8 16 32 64
 898   68  876 0  71 1 7 1 2 4 8 16 32 64
 899  738  276 0  51 1 7 1 2 4 8 16 32 64
 900  508  461 0   4 1 7 1 2 4 8 16 32 64
 901    9  700 0   1 1 7 1 2 4 8 16 32 64
 902  623   68 0   7 1 7 1 2 4 8 16 32 64
 903  687  646 0   7 1 7 1 2 4 8 16 32 64
 904  239  214 0  14 1 7 1 2 4 8 16 32 64
 905  713  923 0  14 1 7 1 2 4 8 16 32 64
 906   92  808 0  25 1 7 1 2 4 8 16 32 64
 907  146  279 0  75 1 7 1 2 4 8 16 32 64
 908  940  178 0  23 1 7 1 2 4 8 16 32 64
 909  244  919 0   8 1 7 1 2 4 8 16 32 64
 910  519  651 0  15 1 7 1 2 4 8 16 32 64
 911   93  121 0  21 1 7 1 2 4 8 16 32 64
 912  885  291 0  24 1 7 1 2 4 8 16 32 64
 913  548  266 0  71 1 7 1 2 4 8 16 32 64
 914  628  282 0  86 1 7 1 2 4 8 16 32 64
 915  929  679 0  39 1 7 1 2 4 8 16 32 64
 916  981  432 0  16 1 7 1 2 4 8 16 32 64
 917  442  690 0  24 1 7 1 2 4 8 16 32 64
 918  134  437 0  91 1 7 1 2 4 8 16 32 64
 919  467  869 0  41 1 7 1 2 4 8 16 32 64
 920   14  600 0  23 1 7 1 2 4 8 16 32 64
 921  709  295 0  80 1 7 1 2 4 8 16 32 64
 922  650  406 0  92 1 7 1 2 4 8 16 32 64
 923  801  416 0 100 1 7 1 2 4 8 16 32 64
 924  537  235 0  36 1 7 1 2 4 8 16 32 64
 925  504   76 0  20 1 7 1 2 4 8 16 32 64
 926   72  614 0  67 1 7 1 2 4 8 16 32 64
 927  806  537 0  50 1 7 1 2 4 8 16 32 64
 928  979  726 0  11 1 7 1 2 4 8 16 32 64
 929  441  768 0  90 1 7 1 2 4 8 16 32 64
 930  277  549 0 100 1 7 1 2 4 8 16 32 64
 931   13  688 0  18 1 7 1 2 4 8 16 32 64
 932  803  614 0  96 1 7 1 2 4 8 16 32 64
 933  235  293 0  76 1 7 1 2 4 8 16 32 64
 934   16  895 0  73 1 7 1 2 4 8 16 32 64
 935  854  710 0  91 1 7 1 2 4 8 16 32 64
 936  329   32 0  92 1 7 1 2 4 8 16 32 64
 937  205  106 0  71 1 7 1 2 4 8 16 32 64
 938  522  129 0  67 1 7 1 2 4 8 16 32 64
 939  722  609 0  81 1 7 1 2 4 8 16 32 64
 940  616  165 0  71 1 7 1 2 4 8 16 32 64
 941  429  465 0  52 1 7 1 2 4 8 16 32 64
 942  668  418 0  49 1 7 1 2 4 8 16 32 64
 943  260  310 0  65 1 7 1 2 4 8 16 32 64
 944  714  102 0  64 1 7 1 2 4 8 16 32 64
 945  164  507 0  30 1 7 1 2 4 8 16 32 64
 946  394  411 0  92 1 7 1 2 4 8 16 32 64
 947  850  852 0  29 1 7 1 2 4 8 16 32 64
 948  411  954 0  21 1 7 1 2 4 8 16 32 64
 949  714  446 0  33 1 7 1 2 4 8 16 32 64
 950   65  331 0   7 1 7 1 2 4 8 16 32 64
 951  794  145 0  69 1 7 1 2 4 8 16 32 64
 952  789  225 0  41 1 7 1 2 4 8 16 32 64
 953  112  383 0 100 1 7 1 2 4 8 16 32 64
 954  519  912 0  71 1 7 1 2 4 8 16 32 64
 955  971  903 0  27 1 7 1 2 4 8 16 32 64
 956  253  786 0   7 1 7 1 2 4 8 16 32 64
 957  959  889 0  57 1 7 1 2 4 8 16 32 64
 958    2  452 0  87 1 7 1 2 4 8 16 32 64
 959  130  342 0  60 1 7 1 2 4 8 16 32 64
 960  143  540 0  48 1 7 1 2 4 8 16 32 64
 961  735  307 0  74 1 7 1 2 4 8 16 32 64
 962  167  800 0  89 1 7 1 2 4 8 16 32 64
 963  556  909 0  22 1 7 1 2 4 8 16 32 64
 964  137  425 0  21 1 7 1 2 4 8 16 32 64
 965  586  650 0  39 1 7 1 2 4 8 16 32 64
 966  384  689 0   1 1 7 1 2 4 8 16 32 64
 967  136  715 0  43 1 7 1 2 4 8 16 32 64
 968  564  692 0  49 1 7 1 2 4 8 16 32 64
 969  123  651 0  25 1 7 1 2 4 8 16 32 64
 970  231  600 0  85 1 7 1 2 4 8 16 32 64
 971  383  153 0   5 1 7 1 2 4 8 16 32 64
 972  244  584 0  43 1 7 1 2 4 8 16 32 64
 973  710  774 0  15 1 7 1 2 4 8 16 32 64
 974  801  808 0  40 1 7 1 2 4 8 16 32 64
 975  982  240 0  79 1 7 1 2 4 8 16 32 64
 976  904  745 0  33 1 7 1 2 4 8 16 32 64
 977  707    6 0  36 1 7 1 2 4 8 16 32 64
 978  152  321 0  80 1 7 1 2 4 8 16 32 64
 979  834  645 0  86 1 7 1 2 4 8 16 32 64
 980  859  204 0  98 1 7 1 2 4 8 16 32 64
 981  897  289 0  18 1 7 1 2 4 8 16 32 64
 982  494  699 0   2 1 7 1 2 4 8 16 32 64
 983  961  928 0  96 1 7 1 2 4 8 16 32 64
 984  547  971 0  62 1 7 1 2 4 8 16 32 64
 985  269  543 0  97 1 7 1 2 4 8 16 32 64
 986  264  602 0  88 1 7 1 2 4 8 16 32 64
 987  452  480 0  86 1 7 1 2 4 8 16 32 64
 988  795  114 0   6 1 7 1 2 4 8 16 32 64
 989   17  198 0  20 1 7 1 2 4 8 16 32 64
 990  425  205 0  69 1 7 1 2 4 8 16 32 64
 991  304  885 0  77 1 7 1 2 4 8 16 32 64
 992  222   82 0  66 1 7 1 2 4 8 16 32 64
 993  294  278 0  86 1 7 1 2 4 8 16 32 64
 994  734  915 0  50 1 7 1 2 4 8 16 32 64
 995  381  196 0  81 1 7 1 2 4 8 16 32 64
 996  567  608 0  63 1 7 1 2 4 8 16 32 64
 997   60   18 0  62 1 7 1 2 4 8 16 32 64
 998  794  611 0  48 1 7 1 2 4 8 16 32 64
 999  945  763 0  46 1 7 1 2 4 8 16 32 64
1000  534  110 0  36 1 7 1 2 4 8 16 32 64
1001  832  994 0  23 1 7 1 2 4 8 16 32 64
1002  192  742 0  27 1 7 1 2 4 8 16 32 64
1003   15  674 0  97 1 7 1 2 4 8 16 32 64
1004  219  327 0   6 1 7 1 2 4 8 16 32 64
1005  332  325 0  87 1 7 1 2 4 8 16 32 64
1006  523  366 0  62 1 7 1 2 4 8 16 32 64
1007  311  240 0  45 1 7 1 2 4 8 16 32 64
1008  730  605 0   7 1 7 1 2 4 8 16 32 64
1009   10   10 0  85 1 7 1 2 4 8 16 32 64
1010  917  263 0  78 1 7 1 2 4 8 16 32 64
1011  550  173 0  47 1 7 1 2 4 8 16 32 64
1012   12  154 0  77 1 7 1 2 4 8 16 32 64
1013  421  507 0  97 1 7 1 2 4 8 16 32 64
1014   15   57 0  95 1 7 1 2 4 8 16 32 64
1015  518  231 0  52 1 7 1 2 4 8 16 32 64
1016  656  622 0  71 1 7 1 2 4 8 16 32 64
1017  762   12 0  85 1 7 1 2 4 8 16 32 64
1018  428   47 0  52 1 7 1 2 4 8 16 32 64
1019  215  592 0  60 1 7 1 2 4 8 16 32 64
1020  570  337 0  63 1 7 1 2 4 8 16 32 64
1021  555  816 0   9 1 7 1 2 4 8 16 32 64
1022  331  249 0  56 1 7 1 2 4 8 16 32 64
1023  645  256 0  68 1 7 1 2 4 8 16 32 64
1024  135   61 0  82 1 7 1 2 4 8 16 32 64
1025  367   64 0  48 1 7 1 2 4 8 16 32 64
1026  538  934 0  15 1 7 1 2 4 8 16 32 64
1027  797  282 0  59 1 7 1 2 4 8 16 32 64
1028  640  905 0  20 1 7 1 2 4 8 16 32 64
1029  501  508 0  21 1 7 1 2 4 8 16 32 64
1030   55  273 0  74 1 7 1 2 4 8 16 32 64
1031    2  444 0   4 1 7 1 2 4 8 16 32 64
1032  638  934 0  55 1 7 1 2 4 8 16 32 64
1033  830  275 0  81 1 7 1 2 4 8 16 32 64
1034  359  400 0  48 1 7 1 2 4 8 16 32 64
1035  978  649 0  20 1 7 1 2 4 8 16 32 64
1036  311  695 0  42 1 7 1 2 4 8 16 32 64
1037   10  429 0   1 1 7 1 2 4 8 16 32 64
1038  605  377 0  56 1 7 1 2 4 8 16 32 64
1039  693  255 0  33 1 7 1 2 4 8 16 32 64
1040  660  643 0  84 1 7 1 2 4 8 16 32 64
1041  505  578 0  98 1 7 1 2 4 8 16 32 64
1042  793  596 0  92 1 7 1 2 4 8 16 32 64
1043  447  587 0  33 1 7 1 2 4 8 16 32 64
1044  296  115 0  14 1 7 1 2 4 8 16 32 64
1045   97  547 0  39 1 7 1 2 4 8 16 32 64
1046  644   72 0  93 1 7 1 2 4 8 16 32 64
1047  594  874 0  47 1 7 1 2 4 8 16 32 64
1048  836  433 0   6 1 7 1 2 4 8 16 32 64
1049   76  698 0  27 1 7 1 2 4 8 16 32 64
1050  825  436 0  85 1 7 1 2 4 8 16 32 64
1051  249   88 0  76 1 7 1 2 4 8 16 32 64
1052  348  989 0  72 1 7 1 2 4 8 16 32 64
1053  567   63 0  23 1 7 1 2 4 8 16 32 64
1054  415  310 0  92 1 7 1 2 4 8 16 32 64
1055  708  808 0  15 1 7 1 2 4 8 16 32 64
1056  404  926 0  64 1 7 1 2 4 8 16 32 64
1057  694   55 0  68 1 7 1 2 4 8 16 32 64
1058    1  454 0  53 1 7 1 2 4 8 16 32 64
1059  501  333 0   7 1 7 1 2 4 8 16 32 64
1060  377  799 0  41 1 7 1 2 4 8 16 32 64
1061  159  872 0  40 1 7 1 2 4 8 16 32 64
1062  808  862 0  80 1 7 1 2 4 8 16 32 64
1063  219  809 0  92 1 7 1 2 4 8 16 32 64
1064  243   96 0  39 1 7 1 2 4 8 16 32 64
1065  238  320 0  58 1 7 1 2 4 8 16 32 64
1066  572  203 0  73 1 7 1 2 4 8 16 32 64
1067  881   80 0  48 1 7 1 2 4 8 16 32 64
1068  648  645 0   9 1 7 1 2 4 8 16 32 64
1069  516  755 0  92 1 7 1 2 4 8 16 32 64
1070  803  343 0  28 1 7 1 2 4 8 16 32 64
1071  279  983 0  67 1 7 1 2 4 8 16 32 64
1072  265  665 0  89 1 7 1 2 4 8 16 32 64
1073  562   10 0  50 1 7 1 2 4 8 16 32 64
1074  620  310 0  97 1 7 1 2 4 8 16 32 64
1075   66  976 0  27 1 7 1 2 4 8 16 32 64
1076  173   63 0  82 1 7 1 2 4 8 16 32 64
1077   46  610 0  12 1 7 1 2 4 8 16 32 64
1078  114  882 0  94 1 7 1 2 4 8 16 32 64
1079  821  630 0   3 1 7 1 2 4 8 16 32 64
1080  934  225 0  47 1 7 1 2 4 8 16 32 64
1081   37  988 0  33 1 7 1 2 4 8 16 32 64
1082  976  906 0   9 1 7 1 2 4 8 16 32 64
1083  138  262 0  69 1 7 1 2 4 8 16 32 64
1084  914  201 0  97 1 7 1 2 4 8 16 32 64
1085  581  882 0  36 1 7 1 2 4 8 16 32 64
1086  716  206 0  97 1 7 1 2 4 8 16 32 64
1087   75  443 0  36 1 7 1 2 4 8 16 32 64
1088  260   59 0  52 1 7 1 2 4 8 16 32 64
1089   58  359 0  43 1 7 1 2 4 8 16 32 64
1090  549   24 0  68 1 7 1 2 4 8 16 32 64
1091  310 1000 0   2 1 7 1 2 4 8 16 32 64
1092  986  437 0  34 1 7 1 2 4 8 16 32 64
1093   36  560 0  66 1 7 1 2 4 8 16 32 64
1094  832  897 0  82 1 7 1 2 4 8 16 32 64
1095   48  193 0  26 1 7 1 2 4 8 16 32 64
1096  951  260 0  30 1 7 1 2 4 8 16 32 64
1097  909  923 0   2 1 7 1 2 4 8 16 32 64
1098    5  885 0  54 1 7 1 2 4 8 16 32 64
1099   49  308 0  56 1 7 1 2 4 8 16 32 64
1100  679  524 0  56 1 7 1 2 4 8 16 32 64
1101  453  469 0  78 1 7 1 2 4 8 16 32 64
1102  276  342 0   2 1 7 1 2 4 8 16 32 64
1103  388  895 0  30 1 7 1 2 4 8 16 32 64
1104  309  759 0  21 1 7 1 2 4 8 16 32 64
1105  478  367 0  98 1 7 1 2 4 8 16 32 64
1106  917  611 0  37 1 7 1 2 4 8 16 32 64
1107  177   34 0  41 1 7 1 2 4 8 16 32 64
1108  164  799 0  59 1 7 1 2 4 8 16 32 64
1109  836  297 0  50 1 7 1 2 4 8 16 32 64
1110  686  288 0  62 1 7 1 2 4 8 16 32 64
1111  616  682 0  42 1 7 1 2 4 8 16 32 64
1112  974  466 0  16 1 7 1 2 4 8 16 32 64
1113  841  467 0  66 1 7 1 2 4 8 16 32 64
1114  955  104 0  91 1 7 1 2 4 8 16 32 64
1115  446  820 0  39 1 7 1 2 4 8 16 32 64
1116  635  322 0  33 1 7 1 2 4 8 16 32 64
1117  949  285 0  70 1 7 1 2 4 8 16 32 64
1118  752  991 0  23 1 7 1 2 4 8 16 32 64
1119  575  141 0  67 1 7 1 2 4 8 16 32 64
1120  459  161 0  15 1 7 1 2 4 8 16 32 64
1121  260  849 0  97 1 7 1 2 4 8 16 32 64
1122  502  920 0  18 1 7 1 2 4 8 16 32 64
1123  706  321 0  21 1 7 1 2 4 8 16 32 64
1124   56   18 0  33 1 7 1 2 4 8 16 32 64
1125   38  541 0  48 1 7 1 2 4 8 16 32 64
1126  940  596 0  34 1 7 1 2 4 8 16 32 64
1127  626   47 0  71 1 7 1 2 4 8 16 32 64
1128  263  868 0  55 1 7 1 2 4 8 16 32 64
1129  753  397 0  62 1 7 1 2 4 8 16 32 64
1130  713  794 0  25 1 7 1 2 4 8 16 32 64
1131  919  933 0  75 1 7 1 2 4 8 16 32 64
1132  907  937 0  70 1 7 1 2 4 8 16 32 64
1133  404  257 0  49 1 7 1 2 4 8 16 32 64
1134  865  358 0   5 1 7 1 2 4 8 16 32 64
1135  724  210 0  19 1 7 1 2 4 8 16 32 64
1136  273  171 0  35 1 7 1 2 4 8 16 32 64
1137  619   72 0  74 1 7 1 2 4 8 16 32 64
1138  618  648 0  32 1 7 1 2 4 8 16 32 64
1139  660  695 0  13 1 7 1 2 4 8 16 32 64
1140  525  737 0  77 1 7 1 2 4 8 16 32 64
1141  612  629 0  57 1 7 1 2 4 8 16 32 64
1142  384  922 0  40 1 7 1 2 4 8 16 32 64
1143  688  844 0  41 1 7 1 2 4 8 16 32 64
1144  268    7 0  85 1 7 1 2 4 8 16 32 64
1145  429  527 0  18 1 7 1 2 4 8 16 32 64
1146  350  343 0  10 1 7 1 2 4 8 16 32 64
1147   49  560 0 100 1 7 1 2 4 8 16 32 64
1148  581   34 0  89 1 7 1 2 4 8 16 32 64
1149  130  809 0  47 1 7 1 2 4 8 16 32 64
1150   18  351 0  54 1 7 1 2 4 8 16 32 64
1151  680  560 0  77 1 7 1 2 4 8 16 32 64
1152  622  816 0  91 1 7 1 2 4 8 16 32 64
1153  859  163 0  86 1 7 1 2 4 8 16 32 64
1154   69  902 0  36 1 7 1 2 4 8 16 32 64
1155  543  532 0  98 1 7 1 2 4 8 16 32 64
1156  762  964 0  86 1 7 1 2 4 8 16 32 64
1157   27  642 0  22 1 7 1 2 4 8 16 32 64
1158  921  581 0  26 1 7 1 2 4 8 16 32 64
1159  285  112 0  66 1 7 1 2 4 8 16 32 64
1160  266  833 0  98 1 7 1 2 4 8 16 32 64
1161  452  257 0   6 1 7 1 2 4 8 16 32 64
1162  339  131 0   2 1 7 1 2 4 8 16 32 64
1163  847  490 0  95 1 7 1 2 4 8 16 32 64
1164  958  829 0  34 1 7 1 2 4 8 16 32 64
1165  114  432 0  72 1 7 1 2 4 8 16 32 64
1166  391   46 0  59 1 7 1 2 4 8 16 32 64
1167  570  848 0  47 1 7 1 2 4 8 16 32 64
1168  962  638 0  77 1 7 1 2 4 8 16 32 64
1169  369  924 0  11 1 7 1 2 4 8 16 32 64
1170  896  955 0  45 1 7 1 2 4 8 16 32 64
1171  872  321 0  64 1 7 1 2 4 8 16 32 64
1172  635  971 0  25 1 7 1 2 4 8 16 32 64
1173  411   54 0  13 1 7 1 2 4 8 16 32 64
1174  385  229 0  62 1 7 1 2 4 8 16 32 64
1175  227  588 0  21 1 7 1 2 4 8 16 32 64
1176   99  283 0   2 1 7 1 2 4 8 16 32 64
1177   98  414 0  19 1 7 1 2 4 8 16 32 64
1178  488  146 0  48 1 7 1 2 4 8 16 32 64
1179  530  964 0  63 1 7 1 2 4 8 16 32 64
1180  473  972 0  54 1 7 1 2 4 8 16 32 64
1181  675  881 0  23 1 7 1 2 4 8 16 32 64
1182  834  263 0  47 1 7 1 2 4 8 16 32 64
1183  141  448 0   4 1 7 1 2 4 8 16 32 64
1184  181  157 0  44 1 7 1 2 4 8 16 32 64
1185   99  315 0  15 1 7 1 2 4 8 16 32 64
1186  180  653 0  90 1 7 1 2 4 8 16 32 64
1187  580  584 0  80 1 7 1 2 4 8 16 32 64
1188  361  852 0  74 1 7 1 2 4 8 16 32 64
1189    0  591 0  87 1 7 1 2 4 8 16 32 64
1190  994  656 0  52 1 7 1 2 4 8 16 32 64
1191  954  504 0  76 1 7 1 2 4 8 16 32 64
1192    3  571 0  99 1 7 1 2 4 8 16 32 64
1193  663  514 0  52 1 7 1 2 4 8 16 32 64
1194  943  527 0  95 1 7 1 2 4 8 16 32 64
1195  699  204 0  82 1 7 1 2 4 8 16 32 64
1196  321  889 0   0 0 0
1197  321  429 0   0 0 0
1198  245  329 0   0 0 0
1199  325  484 0   0 0 0
1200  624  188 0   0 0 0
1201  824  229 0   0 0 0
1202  483  264 0   0 0 0
