2 114 1235 9
0 243
0 243
0 243
0 243
0 243
0 243
0 243
0 243
0 243
   1  736  880 0  70 1 9 1 2 4 8 16 32 64 128 256
   2  835  265 0  90 1 9 1 2 4 8 16 32 64 128 256
   3  859  861 0  52 1 9 1 2 4 8 16 32 64 128 256
   4  562  846 0  20 1 9 1 2 4 8 16 32 64 128 256
   5  751  726 0  17 1 9 1 2 4 8 16 32 64 128 256
   6  781  334 0  76 1 9 1 2 4 8 16 32 64 128 256
   7  221  275 0  20 1 9 1 2 4 8 16 32 64 128 256
   8  213  569 0  86 1 9 1 2 4 8 16 32 64 128 256
   9  396  560 0  61 1 9 1 2 4 8 16 32 64 128 256
  10  601  417 0  11 1 9 1 2 4 8 16 32 64 128 256
  11  908  605 0  60 1 9 1 2 4 8 16 32 64 128 256
  12  184  739 0  86 1 9 1 2 4 8 16 32 64 128 256
  13  186  347 0  87 1 9 1 2 4 8 16 32 64 128 256
  14  371   13 0  71 1 9 1 2 4 8 16 32 64 128 256
  15  643  375 0  39 1 9 1 2 4 8 16 32 64 128 256
  16  341  529 0  46 1 9 1 2 4 8 16 32 64 128 256
  17  847  554 0  68 1 9 1 2 4 8 16 32 64 128 256
  18  685  895 0  50 1 9 1 2 4 8 16 32 64 128 256
  19  583   71 0  70 1 9 1 2 4 8 16 32 64 128 256
  20  814  738 0  67 1 9 1 2 4 8 16 32 64 128 256
  21  996  702 0  44 1 9 1 2 4 8 16 32 64 128 256
  22  501  247 0  74 1 9 1 2 4 8 16 32 64 128 256
  23  113  873 0  70 1 9 1 2 4 8 16 32 64 128 256
  24  261  331 0  84 1 9 1 2 4 8 16 32 64 128 256
  25  576  506 0   6 1 9 1 2 4 8 16 32 64 128 256
  26  187   32 0  81 1 9 1 2 4 8 16 32 64 128 256
  27  424  362 0  50 1 9 1 2 4 8 16 32 64 128 256
  28  650  869 0   2 1 9 1 2 4 8 16 32 64 128 256
  29  574  141 0  21 1 9 1 2 4 8 16 32 64 128 256
  30  419  293 0  92 1 9 1 2 4 8 16 32 64 128 256
  31  169   35 0  82 1 9 1 2 4 8 16 32 64 128 256
  32  745  257 0  99 1 9 1 2 4 8 16 32 64 128 256
  33  223  399 0  92 1 9 1 2 4 8 16 32 64 128 256
  34  991  857 0  16 1 9 1 2 4 8 16 32 64 128 256
  35   69  528 0  97 1 9 1 2 4 8 16 32 64 128 256
  36  370  582 0  42 1 9 1 2 4 8 16 32 64 128 256
  37  701  408 0   3 1 9 1 2 4 8 16 32 64 128 256
  38  386  462 0   4 1 9 1 2 4 8 16 32 64 128 256
  39  318   51 0  25 1 9 1 2 4 8 16 32 64 128 256
  40  244   12 0  76 1 9 1 2 4 8 16 32 64 128 256
  41  425   61 0  89 1 9 1 2 4 8 16 32 64 128 256
  42  149  785 0  45 1 9 1 2 4 8 16 32 64 128 256
  43  695  187 0  78 1 9 1 2 4 8 16 32 64 128 256
  44  664  403 0  69 1 9 1 2 4 8 16 32 64 128 256
  45   76  111 0  15 1 9 1 2 4 8 16 32 64 128 256
  46  213  884 0  46 1 9 1 2 4 8 16 32 64 128 256
  47  641  919 0  13 1 9 1 2 4 8 16 32 64 128 256
  48  376  591 0  31 1 9 1 2 4 8 16 32 64 128 256
  49  182  862 0  10 1 9 1 2 4 8 16 32 64 128 256
  50  752  466 0  16 1 9 1 2 4 8 16 32 64 128 256
  51  562  228 0  95 1 9 1 2 4 8 16 32 64 128 256
  52  211  254 0   6 1 9 1 2 4 8 16 32 64 128 256
  53  193  263 0  41 1 9 1 2 4 8 16 32 64 128 256
  54   76   62 0  35 1 9 1 2 4 8 16 32 64 128 256
  55  689  534 0  16 1 9 1 2 4 8 16 32 64 128 256
  56  396  997 0  86 1 9 1 2 4 8 16 32 64 128 256
  57  187  468 0  78 1 9 1 2 4 8 16 32 64 128 256
  58  215  579 0  24 1 9 1 2 4 8 16 32 64 128 256
  59  669  293 0  84 1 9 1 2 4 8 16 32 64 128 256
  60  138  703 0   3 1 9 1 2 4 8 16 32 64 128 256
  61  565  856 0  74 1 9 1 2 4 8 16 32 64 128 256
  62   39  215 0  91 1 9 1 2 4 8 16 32 64 128 256
  63  956  625 0  23 1 9 1 2 4 8 16 32 64 128 256
  64  499  140 0  71 1 9 1 2 4 8 16 32 64 128 256
  65  559  346 0  10 1 9 1 2 4 8 16 32 64 128 256
  66  641  551 0  34 1 9 1 2 4 8 16 32 64 128 256
  67  905  803 0  92 1 9 1 2 4 8 16 32 64 128 256
  68  115  304 0  23 1 9 1 2 4 8 16 32 64 128 256
  69  913  964 0  33 1 9 1 2 4 8 16 32 64 128 256
  70  319   22 0  46 1 9 1 2 4 8 16 32 64 128 256
  71  633  913 0  88 1 9 1 2 4 8 16 32 64 128 256
  72  891  286 0  34 1 9 1 2 4 8 16 32 64 128 256
  73  445  809 0  54 1 9 1 2 4 8 16 32 64 128 256
  74  742  924 0 100 1 9 1 2 4 8 16 32 64 128 256
  75  657   32 0  85 1 9 1 2 4 8 16 32 64 128 256
  76   56  298 0  20 1 9 1 2 4 8 16 32 64 128 256
  77   76  760 0  29 1 9 1 2 4 8 16 32 64 128 256
  78  351  901 0  14 1 9 1 2 4 8 16 32 64 128 256
  79  922  545 0 100 1 9 1 2 4 8 16 32 64 128 256
  80  681  440 0  70 1 9 1 2 4 8 16 32 64 128 256
  81  694  119 0  91 1 9 1 2 4 8 16 32 64 128 256
  82  104  632 0  40 1 9 1 2 4 8 16 32 64 128 256
  83  279  282 0  63 1 9 1 2 4 8 16 32 64 128 256
  84  133  338 0  14 1 9 1 2 4 8 16 32 64 128 256
  85  205   14 0  79 1 9 1 2 4 8 16 32 64 128 256
  86  864  640 0  74 1 9 1 2 4 8 16 32 64 128 256
  87  850  595 0  53 1 9 1 2 4 8 16 32 64 128 256
  88  987  654 0  95 1 9 1 2 4 8 16 32 64 128 256
  89  105  537 0  62 1 9 1 2 4 8 16 32 64 128 256
  90  278  367 0  54 1 9 1 2 4 8 16 32 64 128 256
  91  377 1000 0  31 1 9 1 2 4 8 16 32 64 128 256
  92  214   54 0  25 1 9 1 2 4 8 16 32 64 128 256
  93  475  958 0  10 1 9 1 2 4 8 16 32 64 128 256
  94  715  432 0  95 1 9 1 2 4 8 16 32 64 128 256
  95  954   96 0  24 1 9 1 2 4 8 16 32 64 128 256
  96  531  928 0  17 1 9 1 2 4 8 16 32 64 128 256
  97  112  965 0   6 1 9 1 2 4 8 16 32 64 128 256
  98  170  307 0  32 1 9 1 2 4 8 16 32 64 128 256
  99   19   73 0  56 1 9 1 2 4 8 16 32 64 128 256
 100  805  413 0   7 1 9 1 2 4 8 16 32 64 128 256
 101  573  821 0  22 1 9 1 2 4 8 16 32 64 128 256
 102  211  394 0  94 1 9 1 2 4 8 16 32 64 128 256
 103  374  519 0  83 1 9 1 2 4 8 16 32 64 128 256
 104  668  347 0  40 1 9 1 2 4 8 16 32 64 128 256
 105  999  969 0  40 1 9 1 2 4 8 16 32 64 128 256
 106  130  327 0  54 1 9 1 2 4 8 16 32 64 128 256
 107  153  280 0  41 1 9 1 2 4 8 16 32 64 128 256
 108   40  498 0  32 1 9 1 2 4 8 16 32 64 128 256
 109  945  223 0  30 1 9 1 2 4 8 16 32 64 128 256
 110  470  636 0  97 1 9 1 2 4 8 16 32 64 128 256
 111  447   50 0  23 1 9 1 2 4 8 16 32 64 128 256
 112  982  710 0  27 1 9 1 2 4 8 16 32 64 128 256
 113  481  278 0  64 1 9 1 2 4 8 16 32 64 128 256
 114  395  306 0  33 1 9 1 2 4 8 16 32 64 128 256
 115  107  106 0  36 1 9 1 2 4 8 16 32 64 128 256
 116  645   39 0  53 1 9 1 2 4 8 16 32 64 128 256
 117  634  338 0  92 1 9 1 2 4 8 16 32 64 128 256
 118  925  290 0  24 1 9 1 2 4 8 16 32 64 128 256
 119  979   23 0  36 1 9 1 2 4 8 16 32 64 128 256
 120  286  344 0  64 1 9 1 2 4 8 16 32 64 128 256
 121  402  482 0   6 1 9 1 2 4 8 16 32 64 128 256
 122   76  822 0  92 1 9 1 2 4 8 16 32 64 128 256
 123  206  718 0  54 1 9 1 2 4 8 16 32 64 128 256
 124  520  750 0  28 1 9 1 2 4 8 16 32 64 128 256
 125  690  188 0  39 1 9 1 2 4 8 16 32 64 128 256
 126  308  241 0  46 1 9 1 2 4 8 16 32 64 128 256
 127  356  900 0   4 1 9 1 2 4 8 16 32 64 128 256
 128  474  923 0  56 1 9 1 2 4 8 16 32 64 128 256
 129  924  552 0  11 1 9 1 2 4 8 16 32 64 128 256
 130  282  888 0  29 1 9 1 2 4 8 16 32 64 128 256
 131  581  647 0  18 1 9 1 2 4 8 16 32 64 128 256
 132  244  977 0  66 1 9 1 2 4 8 16 32 64 128 256
 133  760  901 0  13 1 9 1 2 4 8 16 32 64 128 256
 134  271   10 0  39 1 9 1 2 4 8 16 32 64 128 256
 135  752  929 0  98 1 9 1 2 4 8 16 32 64 128 256
 136  422  478 0  63 1 9 1 2 4 8 16 32 64 128 256
 137  804  486 0  19 1 9 1 2 4 8 16 32 64 128 256
 138  356  863 0  35 1 9 1 2 4 8 16 32 64 128 256
 139  682  743 0  38 1 9 1 2 4 8 16 32 64 128 256
 140  671  809 0  82 1 9 1 2 4 8 16 32 64 128 256
 141  230  384 0  58 1 9 1 2 4 8 16 32 64 128 256
 142  390  272 0  95 1 9 1 2 4 8 16 32 64 128 256
 143  972  169 0   5 1 9 1 2 4 8 16 32 64 128 256
 144  804  261 0  39 1 9 1 2 4 8 16 32 64 128 256
 145  593  268 0  69 1 9 1 2 4 8 16 32 64 128 256
 146  821  339 0  84 1 9 1 2 4 8 16 32 64 128 256
 147   99  585 0  25 1 9 1 2 4 8 16 32 64 128 256
 148  391   36 0  10 1 9 1 2 4 8 16 32 64 128 256
 149  712  283 0  14 1 9 1 2 4 8 16 32 64 128 256
 150  715  402 0  76 1 9 1 2 4 8 16 32 64 128 256
 151  719  614 0 100 1 9 1 2 4 8 16 32 64 128 256
 152  392   17 0  57 1 9 1 2 4 8 16 32 64 128 256
 153  372  270 0   4 1 9 1 2 4 8 16 32 64 128 256
 154   18  835 0  81 1 9 1 2 4 8 16 32 64 128 256
 155  325   81 0  85 1 9 1 2 4 8 16 32 64 128 256
 156  594  849 0   9 1 9 1 2 4 8 16 32 64 128 256
 157  810  294 0  89 1 9 1 2 4 8 16 32 64 128 256
 158  629  179 0  91 1 9 1 2 4 8 16 32 64 128 256
 159  578  960 0  79 1 9 1 2 4 8 16 32 64 128 256
 160  694  225 0  96 1 9 1 2 4 8 16 32 64 128 256
 161  878  273 0  97 1 9 1 2 4 8 16 32 64 128 256
 162  163  122 0  98 1 9 1 2 4 8 16 32 64 128 256
 163  538   74 0  46 1 9 1 2 4 8 16 32 64 128 256
 164  615  239 0  44 1 9 1 2 4 8 16 32 64 128 256
 165  110  756 0  43 1 9 1 2 4 8 16 32 64 128 256
 166  357  513 0  40 1 9 1 2 4 8 16 32 64 128 256
 167  820  323 0  23 1 9 1 2 4 8 16 32 64 128 256
 168  246  289 0  46 1 9 1 2 4 8 16 32 64 128 256
 169  223  171 0  64 1 9 1 2 4 8 16 32 64 128 256
 170    8  156 0   5 1 9 1 2 4 8 16 32 64 128 256
 171  782  521 0   3 1 9 1 2 4 8 16 32 64 128 256
 172  561  502 0  34 1 9 1 2 4 8 16 32 64 128 256
 173  796  605 0  61 1 9 1 2 4 8 16 32 64 128 256
 174  716  802 0  47 1 9 1 2 4 8 16 32 64 128 256
 175  962  789 0  45 1 9 1 2 4 8 16 32 64 128 256
 176  201  153 0  31 1 9 1 2 4 8 16 32 64 128 256
 177  478  180 0  59 1 9 1 2 4 8 16 32 64 128 256
 178  940  967 0  80 1 9 1 2 4 8 16 32 64 128 256
 179  496  639 0  85 1 9 1 2 4 8 16 32 64 128 256
 180  267   43 0 100 1 9 1 2 4 8 16 32 64 128 256
 181  496  110 0  69 1 9 1 2 4 8 16 32 64 128 256
 182  577   67 0  65 1 9 1 2 4 8 16 32 64 128 256
 183  582  934 0  20 1 9 1 2 4 8 16 32 64 128 256
 184  417  457 0  65 1 9 1 2 4 8 16 32 64 128 256
 185  395  228 0  53 1 9 1 2 4 8 16 32 64 128 256
 186  476  418 0  45 1 9 1 2 4 8 16 32 64 128 256
 187  177  844 0  78 1 9 1 2 4 8 16 32 64 128 256
 188  585  560 0  54 1 9 1 2 4 8 16 32 64 128 256
 189  422  909 0  28 1 9 1 2 4 8 16 32 64 128 256
 190  859  895 0   1 1 9 1 2 4 8 16 32 64 128 256
 191   31  590 0   2 1 9 1 2 4 8 16 32 64 128 256
 192   89  204 0   8 1 9 1 2 4 8 16 32 64 128 256
 193  808  721 0  33 1 9 1 2 4 8 16 32 64 128 256
 194  165  586 0  77 1 9 1 2 4 8 16 32 64 128 256
 195  185  241 0  81 1 9 1 2 4 8 16 32 64 128 256
 196  118  238 0  25 1 9 1 2 4 8 16 32 64 128 256
 197  171  760 0  73 1 9 1 2 4 8 16 32 64 128 256
 198  161  667 0   5 1 9 1 2 4 8 16 32 64 128 256
 199  109   95 0  11 1 9 1 2 4 8 16 32 64 128 256
 200  386  706 0   6 1 9 1 2 4 8 16 32 64 128 256
 201  681  123 0   1 1 9 1 2 4 8 16 32 64 128 256
 202  533  221 0  58 1 9 1 2 4 8 16 32 64 128 256
 203  225   16 0  94 1 9 1 2 4 8 16 32 64 128 256
 204  606  490 0  24 1 9 1 2 4 8 16 32 64 128 256
 205  910  551 0  24 1 9 1 2 4 8 16 32 64 128 256
 206  157  397 0  64 1 9 1 2 4 8 16 32 64 128 256
 207  605  733 0  77 1 9 1 2 4 8 16 32 64 128 256
 208  297  346 0  48 1 9 1 2 4 8 16 32 64 128 256
 209  644  597 0  67 1 9 1 2 4 8 16 32 64 128 256
 210  633    6 0  12 1 9 1 2 4 8 16 32 64 128 256
 211  777   98 0  75 1 9 1 2 4 8 16 32 64 128 256
 212  672  885 0  92 1 9 1 2 4 8 16 32 64 128 256
 213  499  763 0  99 1 9 1 2 4 8 16 32 64 128 256
 214  516  221 0  27 1 9 1 2 4 8 16 32 64 128 256
 215  241  887 0  29 1 9 1 2 4 8 16 32 64 128 256
 216  929   55 0  21 1 9 1 2 4 8 16 32 64 128 256
 217   98   72 0  66 1 9 1 2 4 8 16 32 64 128 256
 218  486  716 0   6 1 9 1 2 4 8 16 32 64 128 256
 219  295  764 0   9 1 9 1 2 4 8 16 32 64 128 256
 220  807  524 0  44 1 9 1 2 4 8 16 32 64 128 256
 221  712  750 0  32 1 9 1 2 4 8 16 32 64 128 256
 222  732  670 0  17 1 9 1 2 4 8 16 32 64 128 256
 223  951  946 0  78 1 9 1 2 4 8 16 32 64 128 256
 224  778  851 0  51 1 9 1 2 4 8 16 32 64 128 256
 225  458   96 0  22 1 9 1 2 4 8 16 32 64 128 256
 226  950  374 0  19 1 9 1 2 4 8 16 32 64 128 256
 227   71   63 0 100 1 9 1 2 4 8 16 32 64 128 256
 228  544  872 0  83 1 9 1 2 4 8 16 32 64 128 256
 229  103  436 0  57 1 9 1 2 4 8 16 32 64 128 256
 230  941  842 0  37 1 9 1 2 4 8 16 32 64 128 256
 231  930  334 0  82 1 9 1 2 4 8 16 32 64 128 256
 232  364  674 0  95 1 9 1 2 4 8 16 32 64 128 256
 233  195  230 0  64 1 9 1 2 4 8 16 32 64 128 256
 234  112  865 0  13 1 9 1 2 4 8 16 32 64 128 256
 235  641  162 0  16 1 9 1 2 4 8 16 32 64 128 256
 236  672  914 0  64 1 9 1 2 4 8 16 32 64 128 256
 237  426   69 0  24 1 9 1 2 4 8 16 32 64 128 256
 238  992  822 0  43 1 9 1 2 4 8 16 32 64 128 256
 239  653  473 0  21 1 9 1 2 4 8 16 32 64 128 256
 240  923  329 0  79 1 9 1 2 4 8 16 32 64 128 256
 241  126  834 0  33 1 9 1 2 4 8 16 32 64 128 256
 242  102  784 0  15 1 9 1 2 4 8 16 32 64 128 256
 243  663  747 0  64 1 9 1 2 4 8 16 32 64 128 256
 244  629  820 0  11 1 9 1 2 4 8 16 32 64 128 256
 245  970   35 0  74 1 9 1 2 4 8 16 32 64 128 256
 246   68  247 0  38 1 9 1 2 4 8 16 32 64 128 256
 247  851  137 0   3 1 9 1 2 4 8 16 32 64 128 256
 248  907  362 0   5 1 9 1 2 4 8 16 32 64 128 256
 249   24  120 0  49 1 9 1 2 4 8 16 32 64 128 256
 250  644  772 0  51 1 9 1 2 4 8 16 32 64 128 256
 251  350  399 0  43 1 9 1 2 4 8 16 32 64 128 256
 252   88   33 0  90 1 9 1 2 4 8 16 32 64 128 256
 253  611  608 0  55 1 9 1 2 4 8 16 32 64 128 256
 254   93  126 0  86 1 9 1 2 4 8 16 32 64 128 256
 255  521  905 0  32 1 9 1 2 4 8 16 32 64 128 256
 256  194  843 0  27 1 9 1 2 4 8 16 32 64 128 256
 257  577  102 0  45 1 9 1 2 4 8 16 32 64 128 256
 258  333  886 0  16 1 9 1 2 4 8 16 32 64 128 256
 259  758  418 0  29 1 9 1 2 4 8 16 32 64 128 256
 260  100  315 0  56 1 9 1 2 4 8 16 32 64 128 256
 261  688   66 0  85 1 9 1 2 4 8 16 32 64 128 256
 262  773  344 0  32 1 9 1 2 4 8 16 32 64 128 256
 263  593  906 0  16 1 9 1 2 4 8 16 32 64 128 256
 264  524  527 0  29 1 9 1 2 4 8 16 32 64 128 256
 265   63   32 0  82 1 9 1 2 4 8 16 32 64 128 256
 266  645  776 0  19 1 9 1 2 4 8 16 32 64 128 256
 267  317  899 0  87 1 9 1 2 4 8 16 32 64 128 256
 268  740  603 0  32 1 9 1 2 4 8 16 32 64 128 256
 269   79  122 0  81 1 9 1 2 4 8 16 32 64 128 256
 270  559  856 0  16 1 9 1 2 4 8 16 32 64 128 256
 271  112  324 0  96 1 9 1 2 4 8 16 32 64 128 256
 272  268  287 0  89 1 9 1 2 4 8 16 32 64 128 256
 273  946  754 0  72 1 9 1 2 4 8 16 32 64 128 256
 274  633  540 0  36 1 9 1 2 4 8 16 32 64 128 256
 275  134  212 0  30 1 9 1 2 4 8 16 32 64 128 256
 276  524  214 0   4 1 9 1 2 4 8 16 32 64 128 256
 277  627  974 0  43 1 9 1 2 4 8 16 32 64 128 256
 278    1  620 0  74 1 9 1 2 4 8 16 32 64 128 256
 279  699  608 0  92 1 9 1 2 4 8 16 32 64 128 256
 280  883  210 0  57 1 9 1 2 4 8 16 32 64 128 256
 281  795  515 0  53 1 9 1 2 4 8 16 32 64 128 256
 282  552  253 0  13 1 9 1 2 4 8 16 32 64 128 256
 283   85   97 0  22 1 9 1 2 4 8 16 32 64 128 256
 284  718  801 0  10 1 9 1 2 4 8 16 32 64 128 256
 285  481  412 0  13 1 9 1 2 4 8 16 32 64 128 256
 286  122  300 0  28 1 9 1 2 4 8 16 32 64 128 256
 287   87  282 0  34 1 9 1 2 4 8 16 32 64 128 256
 288  725  134 0  96 1 9 1 2 4 8 16 32 64 128 256
 289  964  386 0  74 1 9 1 2 4 8 16 32 64 128 256
 290  433  296 0  42 1 9 1 2 4 8 16 32 64 128 256
 291  175  875 0  38 1 9 1 2 4 8 16 32 64 128 256
 292  909   71 0  76 1 9 1 2 4 8 16 32 64 128 256
 293  250  131 0  38 1 9 1 2 4 8 16 32 64 128 256
 294  789   48 0  35 1 9 1 2 4 8 16 32 64 128 256
 295  312  612 0  81 1 9 1 2 4 8 16 32 64 128 256
 296  943  804 0  78 1 9 1 2 4 8 16 32 64 128 256
 297  964  662 0  75 1 9 1 2 4 8 16 32 64 128 256
 298  942  519 0  46 1 9 1 2 4 8 16 32 64 128 256
 299  640  655 0  12 1 9 1 2 4 8 16 32 64 128 256
 300  132  873 0  99 1 9 1 2 4 8 16 32 64 128 256
 301   86  945 0  35 1 9 1 2 4 8 16 32 64 128 256
 302  795   36 0  22 1 9 1 2 4 8 16 32 64 128 256
 303    1  103 0  83 1 9 1 2 4 8 16 32 64 128 256
 304  179  738 0  72 1 9 1 2 4 8 16 32 64 128 256
 305  645  182 0  23 1 9 1 2 4 8 16 32 64 128 256
 306   50   21 0  50 1 9 1 2 4 8 16 32 64 128 256
 307   77  912 0  72 1 9 1 2 4 8 16 32 64 128 256
 308  302  524 0   7 1 9 1 2 4 8 16 32 64 128 256
 309  389  171 0  57 1 9 1 2 4 8 16 32 64 128 256
 310  709  554 0  13 1 9 1 2 4 8 16 32 64 128 256
 311   42  516 0  41 1 9 1 2 4 8 16 32 64 128 256
 312  314  495 0  69 1 9 1 2 4 8 16 32 64 128 256
 313  511  562 0  37 1 9 1 2 4 8 16 32 64 128 256
 314   84  293 0  16 1 9 1 2 4 8 16 32 64 128 256
 315  514   62 0  53 1 9 1 2 4 8 16 32 64 128 256
 316  432  582 0  15 1 9 1 2 4 8 16 32 64 128 256
 317  314  847 0  93 1 9 1 2 4 8 16 32 64 128 256
 318  179  151 0   5 1 9 1 2 4 8 16 32 64 128 256
 319  849  391 0  45 1 9 1 2 4 8 16 32 64 128 256
 320  170  227 0  93 1 9 1 2 4 8 16 32 64 128 256
 321  867  768 0  71 1 9 1 2 4 8 16 32 64 128 256
 322  672  585 0  87 1 9 1 2 4 8 16 32 64 128 256
 323  208  941 0  22 1 9 1 2 4 8 16 32 64 128 256
 324  878  541 0  87 1 9 1 2 4 8 16 32 64 128 256
 325  299  892 0  79 1 9 1 2 4 8 16 32 64 128 256
 326  123  239 0   6 1 9 1 2 4 8 16 32 64 128 256
 327  722  153 0  54 1 9 1 2 4 8 16 32 64 128 256
 328  227  593 0  81 1 9 1 2 4 8 16 32 64 128 256
 329  595  789 0  63 1 9 1 2 4 8 16 32 64 128 256
 330  400  844 0  56 1 9 1 2 4 8 16 32 64 128 256
 331  572  971 0  98 1 9 1 2 4 8 16 32 64 128 256
 332   67  519 0  85 1 9 1 2 4 8 16 32 64 128 256
 333  310  972 0   8 1 9 1 2 4 8 16 32 64 128 256
 334  444  873 0  21 1 9 1 2 4 8 16 32 64 128 256
 335  834  596 0   4 1 9 1 2 4 8 16 32 64 128 256
 336   92  856 0  93 1 9 1 2 4 8 16 32 64 128 256
 337  557  815 0  27 1 9 1 2 4 8 16 32 64 128 256
 338  702  188 0  82 1 9 1 2 4 8 16 32 64 128 256
 339  991  261 0   5 1 9 1 2 4 8 16 32 64 128 256
 340  379  859 0  77 1 9 1 2 4 8 16 32 64 128 256
 341  839  875 0  35 1 9 1 2 4 8 16 32 64 128 256
 342  716  140 0  34 1 9 1 2 4 8 16 32 64 128 256
 343  990  853 0  96 1 9 1 2 4 8 16 32 64 128 256
 344  969  630 0  83 1 9 1 2 4 8 16 32 64 128 256
 345  569  229 0  87 1 9 1 2 4 8 16 32 64 128 256
 346  921  759 0  30 1 9 1 2 4 8 16 32 64 128 256
 347  246  669 0   1 1 9 1 2 4 8 16 32 64 128 256
 348  158  267 0  45 1 9 1 2 4 8 16 32 64 128 256
 349  467  744 0   2 1 9 1 2 4 8 16 32 64 128 256
 350  879  978 0   4 1 9 1 2 4 8 16 32 64 128 256
 351  656  631 0  18 1 9 1 2 4 8 16 32 64 128 256
 352  354   75 0  36 1 9 1 2 4 8 16 32 64 128 256
 353  441  181 0  19 1 9 1 2 4 8 16 32 64 128 256
 354  312   75 0  82 1 9 1 2 4 8 16 32 64 128 256
 355   85  508 0  85 1 9 1 2 4 8 16 32 64 128 256
 356  275  474 0  52 1 9 1 2 4 8 16 32 64 128 256
 357  858  444 0  61 1 9 1 2 4 8 16 32 64 128 256
 358  560   64 0  93 1 9 1 2 4 8 16 32 64 128 256
 359  794  117 0  79 1 9 1 2 4 8 16 32 64 128 256
 360  709  138 0  69 1 9 1 2 4 8 16 32 64 128 256
 361   62  500 0  59 1 9 1 2 4 8 16 32 64 128 256
 362  733  548 0  23 1 9 1 2 4 8 16 32 64 128 256
 363  668  696 0  87 1 9 1 2 4 8 16 32 64 128 256
 364  170  644 0  30 1 9 1 2 4 8 16 32 64 128 256
 365  100  867 0  93 1 9 1 2 4 8 16 32 64 128 256
 366  966  233 0  12 1 9 1 2 4 8 16 32 64 128 256
 367  823  237 0  76 1 9 1 2 4 8 16 32 64 128 256
 368  108   42 0  37 1 9 1 2 4 8 16 32 64 128 256
 369  428  884 0  58 1 9 1 2 4 8 16 32 64 128 256
 370  170  526 0  50 1 9 1 2 4 8 16 32 64 128 256
 371  771  214 0  77 1 9 1 2 4 8 16 32 64 128 256
 372  703   30 0  45 1 9 1 2 4 8 16 32 64 128 256
 373   45   51 0  17 1 9 1 2 4 8 16 32 64 128 256
 374  682  566 0  93 1 9 1 2 4 8 16 32 64 128 256
 375  373   60 0  67 1 9 1 2 4 8 16 32 64 128 256
 376  109  834 0  17 1 9 1 2 4 8 16 32 64 128 256
 377  294   97 0  32 1 9 1 2 4 8 16 32 64 128 256
 378  547  233 0  21 1 9 1 2 4 8 16 32 64 128 256
 379  732  228 0  86 1 9 1 2 4 8 16 32 64 128 256
 380   86  968 0  27 1 9 1 2 4 8 16 32 64 128 256
 381  794  355 0  40 1 9 1 2 4 8 16 32 64 128 256
 382  434  465 0  42 1 9 1 2 4 8 16 32 64 128 256
 383  705  754 0  90 1 9 1 2 4 8 16 32 64 128 256
 384  530  399 0   8 1 9 1 2 4 8 16 32 64 128 256
 385  646  291 0  56 1 9 1 2 4 8 16 32 64 128 256
 386  751  143 0  77 1 9 1 2 4 8 16 32 64 128 256
 387  685  929 0  23 1 9 1 2 4 8 16 32 64 128 256
 388  915  534 0  70 1 9 1 2 4 8 16 32 64 128 256
 389  503  406 0  95 1 9 1 2 4 8 16 32 64 128 256
 390  518  115 0  21 1 9 1 2 4 8 16 32 64 128 256
 391  933  159 0   5 1 9 1 2 4 8 16 32 64 128 256
 392  676  589 0  31 1 9 1 2 4 8 16 32 64 128 256
 393   51  673 0  93 1 9 1 2 4 8 16 32 64 128 256
 394  609  179 0  40 1 9 1 2 4 8 16 32 64 128 256
 395  103  872 0  87 1 9 1 2 4 8 16 32 64 128 256
 396  494   82 0  54 1 9 1 2 4 8 16 32 64 128 256
 397  416  270 0  12 1 9 1 2 4 8 16 32 64 128 256
 398  982  183 0  48 1 9 1 2 4 8 16 32 64 128 256
 399  636  667 0   3 1 9 1 2 4 8 16 32 64 128 256
 400  626  893 0  32 1 9 1 2 4 8 16 32 64 128 256
 401  378  807 0  31 1 9 1 2 4 8 16 32 64 128 256
 402  687  898 0  72 1 9 1 2 4 8 16 32 64 128 256
 403  618  259 0  36 1 9 1 2 4 8 16 32 64 128 256
 404  137  250 0  40 1 9 1 2 4 8 16 32 64 128 256
 405  823  448 0  90 1 9 1 2 4 8 16 32 64 128 256
 406    5  175 0  49 1 9 1 2 4 8 16 32 64 128 256
 407  766  430 0  96 1 9 1 2 4 8 16 32 64 128 256
 408  841   20 0  28 1 9 1 2 4 8 16 32 64 128 256
 409  859  261 0  39 1 9 1 2 4 8 16 32 64 128 256
 410  736  375 0  63 1 9 1 2 4 8 16 32 64 128 256
 411  266  945 0  38 1 9 1 2 4 8 16 32 64 128 256
 412  867  990 0   9 1 9 1 2 4 8 16 32 64 128 256
 413  141  395 0  98 1 9 1 2 4 8 16 32 64 128 256
 414  837  714 0  34 1 9 1 2 4 8 16 32 64 128 256
 415  806  829 0  57 1 9 1 2 4 8 16 32 64 128 256
 416  312  425 0  23 1 9 1 2 4 8 16 32 64 128 256
 417   13  177 0  48 1 9 1 2 4 8 16 32 64 128 256
 418   90  332 0  41 1 9 1 2 4 8 16 32 64 128 256
 419   86  897 0  18 1 9 1 2 4 8 16 32 64 128 256
 420  762  437 0  20 1 9 1 2 4 8 16 32 64 128 256
 421  613  454 0   4 1 9 1 2 4 8 16 32 64 128 256
 422  556  895 0   2 1 9 1 2 4 8 16 32 64 128 256
 423   30   35 0  83 1 9 1 2 4 8 16 32 64 128 256
 424   30  124 0  60 1 9 1 2 4 8 16 32 64 128 256
 425  698  675 0  73 1 9 1 2 4 8 16 32 64 128 256
 426   27  643 0  68 1 9 1 2 4 8 16 32 64 128 256
 427  414  259 0  74 1 9 1 2 4 8 16 32 64 128 256
 428  204  475 0  58 1 9 1 2 4 8 16 32 64 128 256
 429  727  567 0  71 1 9 1 2 4 8 16 32 64 128 256
 430  534  879 0  78 1 9 1 2 4 8 16 32 64 128 256
 431  478  552 0  36 1 9 1 2 4 8 16 32 64 128 256
 432  624   47 0  87 1 9 1 2 4 8 16 32 64 128 256
 433  612  777 0  25 1 9 1 2 4 8 16 32 64 128 256
 434   28  518 0  34 1 9 1 2 4 8 16 32 64 128 256
 435  112  572 0  66 1 9 1 2 4 8 16 32 64 128 256
 436  917  398 0  73 1 9 1 2 4 8 16 32 64 128 256
 437  694  488 0  75 1 9 1 2 4 8 16 32 64 128 256
 438  755  405 0  12 1 9 1 2 4 8 16 32 64 128 256
 439  454  118 0   5 1 9 1 2 4 8 16 32 64 128 256
 440  478  348 0  43 1 9 1 2 4 8 16 32 64 128 256
 441  238    4 0  47 1 9 1 2 4 8 16 32 64 128 256
 442  520  377 0  29 1 9 1 2 4 8 16 32 64 128 256
 443  166  214 0  31 1 9 1 2 4 8 16 32 64 128 256
 444  299  172 0  79 1 9 1 2 4 8 16 32 64 128 256
 445  905  861 0  21 1 9 1 2 4 8 16 32 64 128 256
 446  635  663 0  42 1 9 1 2 4 8 16 32 64 128 256
 447  825  193 0  41 1 9 1 2 4 8 16 32 64 128 256
 448  155  152 0  71 1 9 1 2 4 8 16 32 64 128 256
 449  997  320 0  34 1 9 1 2 4 8 16 32 64 128 256
 450   45  720 0  39 1 9 1 2 4 8 16 32 64 128 256
 451  418  927 0  74 1 9 1 2 4 8 16 32 64 128 256
 452  494  402 0  85 1 9 1 2 4 8 16 32 64 128 256
 453  854  597 0  46 1 9 1 2 4 8 16 32 64 128 256
 454  981  713 0   3 1 9 1 2 4 8 16 32 64 128 256
 455  865  861 0   4 1 9 1 2 4 8 16 32 64 128 256
 456  426  993 0  63 1 9 1 2 4 8 16 32 64 128 256
 457  396  101 0  55 1 9 1 2 4 8 16 32 64 128 256
 458  424  178 0  39 1 9 1 2 4 8 16 32 64 128 256
 459  579  599 0 100 1 9 1 2 4 8 16 32 64 128 256
 460  558  603 0  15 1 9 1 2 4 8 16 32 64 128 256
 461  624  664 0  96 1 9 1 2 4 8 16 32 64 128 256
 462  231  322 0 100 1 9 1 2 4 8 16 32 64 128 256
 463  956  126 0  94 1 9 1 2 4 8 16 32 64 128 256
 464  530  138 0  22 1 9 1 2 4 8 16 32 64 128 256
 465  789  708 0  46 1 9 1 2 4 8 16 32 64 128 256
 466  279  310 0  31 1 9 1 2 4 8 16 32 64 128 256
 467  463  155 0  31 1 9 1 2 4 8 16 32 64 128 256
 468  732  730 0  72 1 9 1 2 4 8 16 32 64 128 256
 469  769  698 0  48 1 9 1 2 4 8 16 32 64 128 256
 470  123  227 0  41 1 9 1 2 4 8 16 32 64 128 256
 471  566    8 0  48 1 9 1 2 4 8 16 32 64 128 256
 472   20  237 0  61 1 9 1 2 4 8 16 32 64 128 256
 473  384  251 0  62 1 9 1 2 4 8 16 32 64 128 256
 474  845  473 0  38 1 9 1 2 4 8 16 32 64 128 256
 475  384  212 0  40 1 9 1 2 4 8 16 32 64 128 256
 476  319  850 0  15 1 9 1 2 4 8 16 32 64 128 256
 477  987  558 0  39 1 9 1 2 4 8 16 32 64 128 256
 478  213  341 0  91 1 9 1 2 4 8 16 32 64 128 256
 479  250  922 0  97 1 9 1 2 4 8 16 32 64 128 256
 480  858  605 0  35 1 9 1 2 4 8 16 32 64 128 256
 481  167  103 0  31 1 9 1 2 4 8 16 32 64 128 256
 482  972   78 0  61 1 9 1 2 4 8 16 32 64 128 256
 483  683  732 0  51 1 9 1 2 4 8 16 32 64 128 256
 484  667  850 0  71 1 9 1 2 4 8 16 32 64 128 256
 485  769  679 0  23 1 9 1 2 4 8 16 32 64 128 256
 486  941  811 0  40 1 9 1 2 4 8 16 32 64 128 256
 487  727  786 0  13 1 9 1 2 4 8 16 32 64 128 256
 488  718  383 0  22 1 9 1 2 4 8 16 32 64 128 256
 489  393  839 0  54 1 9 1 2 4 8 16 32 64 128 256
 490  614  802 0  87 1 9 1 2 4 8 16 32 64 128 256
 491   98  314 0  23 1 9 1 2 4 8 16 32 64 128 256
 492  139  843 0  32 1 9 1 2 4 8 16 32 64 128 256
 493  691   53 0  53 1 9 1 2 4 8 16 32 64 128 256
 494  254  877 0  79 1 9 1 2 4 8 16 32 64 128 256
 495  184  362 0 100 1 9 1 2 4 8 16 32 64 128 256
 496  244  192 0   2 1 9 1 2 4 8 16 32 64 128 256
 497  780  112 0  78 1 9 1 2 4 8 16 32 64 128 256
 498  320   60 0   6 1 9 1 2 4 8 16 32 64 128 256
 499  528  386 0   5 1 9 1 2 4 8 16 32 64 128 256
 500  339  525 0   6 1 9 1 2 4 8 16 32 64 128 256
 501  628  524 0  72 1 9 1 2 4 8 16 32 64 128 256
 502  774  872 0  51 1 9 1 2 4 8 16 32 64 128 256
 503  347  851 0  15 1 9 1 2 4 8 16 32 64 128 256
 504  926  133 0  89 1 9 1 2 4 8 16 32 64 128 256
 505  394  280 0  56 1 9 1 2 4 8 16 32 64 128 256
 506  732  952 0  30 1 9 1 2 4 8 16 32 64 128 256
 507  767  422 0  80 1 9 1 2 4 8 16 32 64 128 256
 508  757   92 0  33 1 9 1 2 4 8 16 32 64 128 256
 509  373  180 0  82 1 9 1 2 4 8 16 32 64 128 256
 510  748  693 0  12 1 9 1 2 4 8 16 32 64 128 256
 511  639    2 0  41 1 9 1 2 4 8 16 32 64 128 256
 512  817  345 0  75 1 9 1 2 4 8 16 32 64 128 256
 513  124  575 0  64 1 9 1 2 4 8 16 32 64 128 256
 514  388  332 0  22 1 9 1 2 4 8 16 32 64 128 256
 515  894  208 0  18 1 9 1 2 4 8 16 32 64 128 256
 516  506  393 0  87 1 9 1 2 4 8 16 32 64 128 256
 517  485  809 0  93 1 9 1 2 4 8 16 32 64 128 256
 518  980  473 0  21 1 9 1 2 4 8 16 32 64 128 256
 519  440  835 0  33 1 9 1 2 4 8 16 32 64 128 256
 520  677  623 0  80 1 9 1 2 4 8 16 32 64 128 256
 521  712  501 0  32 1 9 1 2 4 8 16 32 64 128 256
 522  500  746 0  88 1 9 1 2 4 8 16 32 64 128 256
 523   17  137 0  77 1 9 1 2 4 8 16 32 64 128 256
 524   53  192 0  62 1 9 1 2 4 8 16 32 64 128 256
 525  588  633 0  46 1 9 1 2 4 8 16 32 64 128 256
 526  834  586 0  20 1 9 1 2 4 8 16 32 64 128 256
 527  467  569 0  49 1 9 1 2 4 8 16 32 64 128 256
 528  954  733 0  89 1 9 1 2 4 8 16 32 64 128 256
 529  124  791 0  78 1 9 1 2 4 8 16 32 64 128 256
 530  790    6 0  36 1 9 1 2 4 8 16 32 64 128 256
 531  162  412 0  44 1 9 1 2 4 8 16 32 64 128 256
 532  661  184 0  12 1 9 1 2 4 8 16 32 64 128 256
 533  533  403 0  87 1 9 1 2 4 8 16 32 64 128 256
 534  346  573 0   6 1 9 1 2 4 8 16 32 64 128 256
 535  113  278 0  99 1 9 1 2 4 8 16 32 64 128 256
 536  661  778 0  70 1 9 1 2 4 8 16 32 64 128 256
 537  449  984 0  87 1 9 1 2 4 8 16 32 64 128 256
 538  382  303 0  57 1 9 1 2 4 8 16 32 64 128 256
 539  986  746 0  29 1 9 1 2 4 8 16 32 64 128 256
 540  465  817 0  22 1 9 1 2 4 8 16 32 64 128 256
 541  332  319 0  65 1 9 1 2 4 8 16 32 64 128 256
 542  429  911 0  48 1 9 1 2 4 8 16 32 64 128 256
 543   16  233 0  68 1 9 1 2 4 8 16 32 64 128 256
 544  160  882 0  87 1 9 1 2 4 8 16 32 64 128 256
 545   37  631 0  50 1 9 1 2 4 8 16 32 64 128 256
 546  720  192 0  24 1 9 1 2 4 8 16 32 64 128 256
 547  302  123 0  63 1 9 1 2 4 8 16 32 64 128 256
 548  249  607 0  50 1 9 1 2 4 8 16 32 64 128 256
 549  854  525 0  29 1 9 1 2 4 8 16 32 64 128 256
 550  938  747 0  68 1 9 1 2 4 8 16 32 64 128 256
 551  961  478 0   7 1 9 1 2 4 8 16 32 64 128 256
 552  891  169 0  16 1 9 1 2 4 8 16 32 64 128 256
 553  273  591 0  36 1 9 1 2 4 8 16 32 64 128 256
 554  422    8 0  39 1 9 1 2 4 8 16 32 64 128 256
 555  622  576 0  79 1 9 1 2 4 8 16 32 64 128 256
 556  857  244 0  97 1 9 1 2 4 8 16 32 64 128 256
 557  650  254 0  51 1 9 1 2 4 8 16 32 64 128 256
 558   42  329 0  29 1 9 1 2 4 8 16 32 64 128 256
 559  216  832 0  11 1 9 1 2 4 8 16 32 64 128 256
 560  857  685 0  99 1 9 1 2 4 8 16 32 64 128 256
 561  204  399 0   4 1 9 1 2 4 8 16 32 64 128 256
 562  475  112 0  28 1 9 1 2 4 8 16 32 64 128 256
 563  345  550 0  46 1 9 1 2 4 8 16 32 64 128 256
 564  640  157 0  45 1 9 1 2 4 8 16 32 64 128 256
 565  919  367 0  97 1 9 1 2 4 8 16 32 64 128 256
 566  302  506 0  54 1 9 1 2 4 8 16 32 64 128 256
 567  646  936 0  76 1 9 1 2 4 8 16 32 64 128 256
 568  648  674 0  28 1 9 1 2 4 8 16 32 64 128 256
 569   95  708 0  50 1 9 1 2 4 8 16 32 64 128 256
 570  553  958 0   7 1 9 1 2 4 8 16 32 64 128 256
 571  788  295 0  50 1 9 1 2 4 8 16 32 64 128 256
 572  115  117 0  71 1 9 1 2 4 8 16 32 64 128 256
 573  539  428 0  32 1 9 1 2 4 8 16 32 64 128 256
 574   98  538 0  93 1 9 1 2 4 8 16 32 64 128 256
 575  256  481 0  18 1 9 1 2 4 8 16 32 64 128 256
 576  775   74 0  30 1 9 1 2 4 8 16 32 64 128 256
 577  330  977 0  41 1 9 1 2 4 8 16 32 64 128 256
 578  397  348 0  50 1 9 1 2 4 8 16 32 64 128 256
 579  137  729 0  95 1 9 1 2 4 8 16 32 64 128 256
 580  503  178 0  53 1 9 1 2 4 8 16 32 64 128 256
 581  470  143 0  46 1 9 1 2 4 8 16 32 64 128 256
 582  594  146 0  96 1 9 1 2 4 8 16 32 64 128 256
 583  168  684 0  77 1 9 1 2 4 8 16 32 64 128 256
 584  903  655 0  86 1 9 1 2 4 8 16 32 64 128 256
 585  668  829 0  43 1 9 1 2 4 8 16 32 64 128 256
 586  255  551 0  98 1 9 1 2 4 8 16 32 64 128 256
 587  944  417 0  71 1 9 1 2 4 8 16 32 64 128 256
 588  819  488 0  84 1 9 1 2 4 8 16 32 64 128 256
 589  843   12 0  11 1 9 1 2 4 8 16 32 64 128 256
 590  704  570 0  20 1 9 1 2 4 8 16 32 64 128 256
 591  709  557 0   3 1 9 1 2 4 8 16 32 64 128 256
 592  354  611 0  72 1 9 1 2 4 8 16 32 64 128 256
 593  601  327 0  69 1 9 1 2 4 8 16 32 64 128 256
 594  249   56 0  42 1 9 1 2 4 8 16 32 64 128 256
 595  400  263 0   1 1 9 1 2 4 8 16 32 64 128 256
 596  398  775 0  18 1 9 1 2 4 8 16 32 64 128 256
 597  535  344 0  56 1 9 1 2 4 8 16 32 64 128 256
 598  306  210 0  10 1 9 1 2 4 8 16 32 64 128 256
 599   78   40 0  99 1 9 1 2 4 8 16 32 64 128 256
 600  643  638 0  58 1 9 1 2 4 8 16 32 64 128 256
 601  249  796 0  13 1 9 1 2 4 8 16 32 64 128 256
 602   17   30 0  83 1 9 1 2 4 8 16 32 64 128 256
 603  561  306 0  17 1 9 1 2 4 8 16 32 64 128 256
 604  612  946 0  47 1 9 1 2 4 8 16 32 64 128 256
 605  439  913 0   7 1 9 1 2 4 8 16 32 64 128 256
 606  140  514 0   4 1 9 1 2 4 8 16 32 64 128 256
 607  861  774 0  90 1 9 1 2 4 8 16 32 64 128 256
 608  252  667 0  87 1 9 1 2 4 8 16 32 64 128 256
 609  689  662 0   8 1 9 1 2 4 8 16 32 64 128 256
 610  212  837 0  83 1 9 1 2 4 8 16 32 64 128 256
 611  735  108 0  59 1 9 1 2 4 8 16 32 64 128 256
 612  776  238 0  15 1 9 1 2 4 8 16 32 64 128 256
 613  146  857 0  81 1 9 1 2 4 8 16 32 64 128 256
 614  174  207 0  62 1 9 1 2 4 8 16 32 64 128 256
 615  146   49 0   1 1 9 1 2 4 8 16 32 64 128 256
 616  235  106 0  13 1 9 1 2 4 8 16 32 64 128 256
 617  109   27 0  22 1 9 1 2 4 8 16 32 64 128 256
 618  954  967 0  82 1 9 1 2 4 8 16 32 64 128 256
 619   75  398 0  38 1 9 1 2 4 8 16 32 64 128 256
 620  566  390 0  43 1 9 1 2 4 8 16 32 64 128 256
 621  255  113 0  65 1 9 1 2 4 8 16 32 64 128 256
 622  413  236 0  46 1 9 1 2 4 8 16 32 64 128 256
 623  296  320 0  12 1 9 1 2 4 8 16 32 64 128 256
 624  423  376 0  63 1 9 1 2 4 8 16 32 64 128 256
 625  975  412 0  92 1 9 1 2 4 8 16 32 64 128 256
 626  866  833 0  15 1 9 1 2 4 8 16 32 64 128 256
 627  814  171 0  47 1 9 1 2 4 8 16 32 64 128 256
 628  292  595 0   3 1 9 1 2 4 8 16 32 64 128 256
 629  560  567 0  80 1 9 1 2 4 8 16 32 64 128 256
 630   23  402 0  20 1 9 1 2 4 8 16 32 64 128 256
 631  586  467 0  82 1 9 1 2 4 8 16 32 64 128 256
 632  708  536 0  42 1 9 1 2 4 8 16 32 64 128 256
 633  606  344 0  91 1 9 1 2 4 8 16 32 64 128 256
 634  223  173 0  19 1 9 1 2 4 8 16 32 64 128 256
 635  551   24 0  55 1 9 1 2 4 8 16 32 64 128 256
 636  698  292 0   2 1 9 1 2 4 8 16 32 64 128 256
 637  587  665 0   9 1 9 1 2 4 8 16 32 64 128 256
 638   75  641 0  82 1 9 1 2 4 8 16 32 64 128 256
 639  161  534 0  55 1 9 1 2 4 8 16 32 64 128 256
 640  316  570 0  76 1 9 1 2 4 8 16 32 64 128 256
 641  595  916 0  62 1 9 1 2 4 8 16 32 64 128 256
 642  639  139 0  63 1 9 1 2 4 8 16 32 64 128 256
 643  407  253 0  62 1 9 1 2 4 8 16 32 64 128 256
 644  751  576 0  82 1 9 1 2 4 8 16 32 64 128 256
 645  725  731 0  35 1 9 1 2 4 8 16 32 64 128 256
 646   10   28 0  97 1 9 1 2 4 8 16 32 64 128 256
 647   99   16 0  64 1 9 1 2 4 8 16 32 64 128 256
 648  879  962 0  93 1 9 1 2 4 8 16 32 64 128 256
 649  177   40 0  56 1 9 1 2 4 8 16 32 64 128 256
 650  222  985 0  41 1 9 1 2 4 8 16 32 64 128 256
 651  426  793 0  88 1 9 1 2 4 8 16 32 64 128 256
 652  677  844 0  40 1 9 1 2 4 8 16 32 64 128 256
 653  127  536 0  69 1 9 1 2 4 8 16 32 64 128 256
 654  987  541 0  34 1 9 1 2 4 8 16 32 64 128 256
 655  625  934 0  46 1 9 1 2 4 8 16 32 64 128 256
 656   76  952 0  78 1 9 1 2 4 8 16 32 64 128 256
 657  533  690 0  70 1 9 1 2 4 8 16 32 64 128 256
 658  633  887 0  72 1 9 1 2 4 8 16 32 64 128 256
 659  993  617 0  92 1 9 1 2 4 8 16 32 64 128 256
 660  437  105 0  28 1 9 1 2 4 8 16 32 64 128 256
 661   74  146 0  12 1 9 1 2 4 8 16 32 64 128 256
 662  231   63 0   8 1 9 1 2 4 8 16 32 64 128 256
 663  830  789 0  43 1 9 1 2 4 8 16 32 64 128 256
 664  228  460 0  59 1 9 1 2 4 8 16 32 64 128 256
 665  227  892 0   9 1 9 1 2 4 8 16 32 64 128 256
 666   42  166 0  99 1 9 1 2 4 8 16 32 64 128 256
 667  173  679 0  46 1 9 1 2 4 8 16 32 64 128 256
 668  409  358 0  13 1 9 1 2 4 8 16 32 64 128 256
 669  642  258 0  26 1 9 1 2 4 8 16 32 64 128 256
 670  816  144 0  28 1 9 1 2 4 8 16 32 64 128 256
 671   92  393 0  42 1 9 1 2 4 8 16 32 64 128 256
 672  636  980 0   3 1 9 1 2 4 8 16 32 64 128 256
 673  597  284 0  80 1 9 1 2 4 8 16 32 64 128 256
 674  434  957 0   8 1 9 1 2 4 8 16 32 64 128 256
 675  972  442 0  44 1 9 1 2 4 8 16 32 64 128 256
 676  628  885 0  24 1 9 1 2 4 8 16 32 64 128 256
 677  921  131 0  37 1 9 1 2 4 8 16 32 64 128 256
 678  782  692 0  26 1 9 1 2 4 8 16 32 64 128 256
 679  395  343 0  91 1 9 1 2 4 8 16 32 64 128 256
 680   80  646 0  78 1 9 1 2 4 8 16 32 64 128 256
 681  809  235 0  68 1 9 1 2 4 8 16 32 64 128 256
 682  304  433 0  59 1 9 1 2 4 8 16 32 64 128 256
 683  374  418 0  13 1 9 1 2 4 8 16 32 64 128 256
 684  772  592 0  65 1 9 1 2 4 8 16 32 64 128 256
 685  562  724 0  10 1 9 1 2 4 8 16 32 64 128 256
 686   34  807 0  80 1 9 1 2 4 8 16 32 64 128 256
 687  386  600 0  67 1 9 1 2 4 8 16 32 64 128 256
 688  137  970 0  11 1 9 1 2 4 8 16 32 64 128 256
 689  746  219 0  49 1 9 1 2 4 8 16 32 64 128 256
 690  981  729 0  48 1 9 1 2 4 8 16 32 64 128 256
 691  860  387 0  98 1 9 1 2 4 8 16 32 64 128 256
 692   89  133 0  89 1 9 1 2 4 8 16 32 64 128 256
 693  835  307 0  30 1 9 1 2 4 8 16 32 64 128 256
 694  752  282 0  91 1 9 1 2 4 8 16 32 64 128 256
 695  878  753 0  23 1 9 1 2 4 8 16 32 64 128 256
 696  572  238 0  85 1 9 1 2 4 8 16 32 64 128 256
 697  921  819 0  34 1 9 1 2 4 8 16 32 64 128 256
 698  154   62 0  70 1 9 1 2 4 8 16 32 64 128 256
 699  586  553 0  88 1 9 1 2 4 8 16 32 64 128 256
 700  751  312 0  59 1 9 1 2 4 8 16 32 64 128 256
 701  815  324 0  57 1 9 1 2 4 8 16 32 64 128 256
 702  777   87 0  42 1 9 1 2 4 8 16 32 64 128 256
 703  755  380 0   5 1 9 1 2 4 8 16 32 64 128 256
 704  291   66 0  76 1 9 1 2 4 8 16 32 64 128 256
 705  673   79 0  74 1 9 1 2 4 8 16 32 64 128 256
 706  554  286 0  84 1 9 1 2 4 8 16 32 64 128 256
 707  374   60 0  82 1 9 1 2 4 8 16 32 64 128 256
 708  963  435 0  25 1 9 1 2 4 8 16 32 64 128 256
 709  488  643 0  48 1 9 1 2 4 8 16 32 64 128 256
 710  635  205 0  23 1 9 1 2 4 8 16 32 64 128 256
 711  172  308 0  88 1 9 1 2 4 8 16 32 64 128 256
 712   81  460 0  52 1 9 1 2 4 8 16 32 64 128 256
 713  593  697 0  67 1 9 1 2 4 8 16 32 64 128 256
 714  819  794 0  51 1 9 1 2 4 8 16 32 64 128 256
 715  546  828 0  72 1 9 1 2 4 8 16 32 64 128 256
 716  280  400 0  20 1 9 1 2 4 8 16 32 64 128 256
 717  856  353 0  34 1 9 1 2 4 8 16 32 64 128 256
 718  228  314 0  99 1 9 1 2 4 8 16 32 64 128 256
 719  803  356 0  69 1 9 1 2 4 8 16 32 64 128 256
 720  452  265 0  14 1 9 1 2 4 8 16 32 64 128 256
 721  269  549 0  74 1 9 1 2 4 8 16 32 64 128 256
 722  997  315 0  93 1 9 1 2 4 8 16 32 64 128 256
 723  807  918 0  38 1 9 1 2 4 8 16 32 64 128 256
 724  530  880 0   2 1 9 1 2 4 8 16 32 64 128 256
 725  438  516 0  99 1 9 1 2 4 8 16 32 64 128 256
 726  486  517 0 100 1 9 1 2 4 8 16 32 64 128 256
 727  764  815 0  76 1 9 1 2 4 8 16 32 64 128 256
 728  515  413 0  71 1 9 1 2 4 8 16 32 64 128 256
 729  392  886 0 100 1 9 1 2 4 8 16 32 64 128 256
 730  619  179 0  65 1 9 1 2 4 8 16 32 64 128 256
 731  772  252 0  19 1 9 1 2 4 8 16 32 64 128 256
 732  551   76 0  21 1 9 1 2 4 8 16 32 64 128 256
 733  584  165 0  72 1 9 1 2 4 8 16 32 64 128 256
 734  768  770 0  81 1 9 1 2 4 8 16 32 64 128 256
 735  226  618 0  22 1 9 1 2 4 8 16 32 64 128 256
 736  512  729 0  42 1 9 1 2 4 8 16 32 64 128 256
 737   63  938 0  54 1 9 1 2 4 8 16 32 64 128 256
 738  426  573 0  80 1 9 1 2 4 8 16 32 64 128 256
 739  425  379 0  63 1 9 1 2 4 8 16 32 64 128 256
 740  950  987 0  18 1 9 1 2 4 8 16 32 64 128 256
 741  217  260 0  96 1 9 1 2 4 8 16 32 64 128 256
 742  151  815 0  38 1 9 1 2 4 8 16 32 64 128 256
 743  477  283 0  68 1 9 1 2 4 8 16 32 64 128 256
 744  946  766 0  89 1 9 1 2 4 8 16 32 64 128 256
 745  859  696 0 100 1 9 1 2 4 8 16 32 64 128 256
 746  116  441 0  89 1 9 1 2 4 8 16 32 64 128 256
 747   84  220 0  40 1 9 1 2 4 8 16 32 64 128 256
 748  605   43 0  52 1 9 1 2 4 8 16 32 64 128 256
 749  111  667 0  34 1 9 1 2 4 8 16 32 64 128 256
 750  260  522 0  48 1 9 1 2 4 8 16 32 64 128 256
 751  320  985 0  56 1 9 1 2 4 8 16 32 64 128 256
 752  443  371 0  12 1 9 1 2 4 8 16 32 64 128 256
 753  648  983 0   3 1 9 1 2 4 8 16 32 64 128 256
 754  221  497 0  55 1 9 1 2 4 8 16 32 64 128 256
 755  888  356 0  22 1 9 1 2 4 8 16 32 64 128 256
 756  832  626 0  92 1 9 1 2 4 8 16 32 64 128 256
 757  661  982 0  41 1 9 1 2 4 8 16 32 64 128 256
 758  161  751 0  63 1 9 1 2 4 8 16 32 64 128 256
 759  251  337 0  43 1 9 1 2 4 8 16 32 64 128 256
 760  714  596 0  62 1 9 1 2 4 8 16 32 64 128 256
 761  189  476 0  43 1 9 1 2 4 8 16 32 64 128 256
 762  322  978 0  79 1 9 1 2 4 8 16 32 64 128 256
 763  212  978 0  30 1 9 1 2 4 8 16 32 64 128 256
 764  546  656 0  87 1 9 1 2 4 8 16 32 64 128 256
 765  836  122 0   1 1 9 1 2 4 8 16 32 64 128 256
 766  109  415 0  38 1 9 1 2 4 8 16 32 64 128 256
 767  941  552 0  88 1 9 1 2 4 8 16 32 64 128 256
 768  834  587 0  47 1 9 1 2 4 8 16 32 64 128 256
 769  245  343 0  12 1 9 1 2 4 8 16 32 64 128 256
 770  273  714 0  67 1 9 1 2 4 8 16 32 64 128 256
 771  370  782 0  55 1 9 1 2 4 8 16 32 64 128 256
 772  476  703 0  29 1 9 1 2 4 8 16 32 64 128 256
 773  774  488 0  64 1 9 1 2 4 8 16 32 64 128 256
 774  243  691 0  97 1 9 1 2 4 8 16 32 64 128 256
 775  973  903 0  57 1 9 1 2 4 8 16 32 64 128 256
 776   68  770 0  65 1 9 1 2 4 8 16 32 64 128 256
 777  591  894 0  87 1 9 1 2 4 8 16 32 64 128 256
 778   24   82 0  29 1 9 1 2 4 8 16 32 64 128 256
 779  125  917 0  81 1 9 1 2 4 8 16 32 64 128 256
 780  383  874 0  53 1 9 1 2 4 8 16 32 64 128 256
 781   57  699 0  31 1 9 1 2 4 8 16 32 64 128 256
 782  528   65 0  65 1 9 1 2 4 8 16 32 64 128 256
 783  895  869 0  23 1 9 1 2 4 8 16 32 64 128 256
 784  587  171 0   1 1 9 1 2 4 8 16 32 64 128 256
 785  657  215 0  39 1 9 1 2 4 8 16 32 64 128 256
 786  798  459 0  65 1 9 1 2 4 8 16 32 64 128 256
 787  895  522 0  85 1 9 1 2 4 8 16 32 64 128 256
 788  406  828 0  43 1 9 1 2 4 8 16 32 64 128 256
 789   14  998 0  74 1 9 1 2 4 8 16 32 64 128 256
 790  795  155 0   2 1 9 1 2 4 8 16 32 64 128 256
 791  166  964 0  33 1 9 1 2 4 8 16 32 64 128 256
 792  865  321 0  36 1 9 1 2 4 8 16 32 64 128 256
 793  418  462 0  46 1 9 1 2 4 8 16 32 64 128 256
 794  220  508 0  36 1 9 1 2 4 8 16 32 64 128 256
 795   17  468 0  60 1 9 1 2 4 8 16 32 64 128 256
 796  640   77 0   3 1 9 1 2 4 8 16 32 64 128 256
 797  901  171 0  30 1 9 1 2 4 8 16 32 64 128 256
 798  165  594 0   8 1 9 1 2 4 8 16 32 64 128 256
 799  172  705 0  50 1 9 1 2 4 8 16 32 64 128 256
 800  210  500 0  64 1 9 1 2 4 8 16 32 64 128 256
 801  590  257 0  71 1 9 1 2 4 8 16 32 64 128 256
 802  100  308 0  34 1 9 1 2 4 8 16 32 64 128 256
 803   60  945 0  12 1 9 1 2 4 8 16 32 64 128 256
 804   68  296 0  76 1 9 1 2 4 8 16 32 64 128 256
 805  410  880 0  56 1 9 1 2 4 8 16 32 64 128 256
 806  555  494 0  40 1 9 1 2 4 8 16 32 64 128 256
 807  496  912 0  23 1 9 1 2 4 8 16 32 64 128 256
 808  712  109 0  64 1 9 1 2 4 8 16 32 64 128 256
 809  810  831 0   7 1 9 1 2 4 8 16 32 64 128 256
 810  991  398 0  50 1 9 1 2 4 8 16 32 64 128 256
 811  735  459 0  88 1 9 1 2 4 8 16 32 64 128 256
 812  700  695 0  14 1 9 1 2 4 8 16 32 64 128 256
 813   10  995 0  51 1 9 1 2 4 8 16 32 64 128 256
 814  620  897 0  57 1 9 1 2 4 8 16 32 64 128 256
 815  441  619 0  17 1 9 1 2 4 8 16 32 64 128 256
 816   93  504 0  54 1 9 1 2 4 8 16 32 64 128 256
 817  913  165 0  72 1 9 1 2 4 8 16 32 64 128 256
 818  425  537 0  13 1 9 1 2 4 8 16 32 64 128 256
 819  819  341 0  30 1 9 1 2 4 8 16 32 64 128 256
 820  531  997 0  84 1 9 1 2 4 8 16 32 64 128 256
 821   26  792 0  82 1 9 1 2 4 8 16 32 64 128 256
 822  569  564 0  69 1 9 1 2 4 8 16 32 64 128 256
 823  103  356 0  26 1 9 1 2 4 8 16 32 64 128 256
 824  342  546 0  41 1 9 1 2 4 8 16 32 64 128 256
 825  153  332 0  45 1 9 1 2 4 8 16 32 64 128 256
 826  617    4 0  17 1 9 1 2 4 8 16 32 64 128 256
 827  897  415 0  19 1 9 1 2 4 8 16 32 64 128 256
 828  368  428 0  30 1 9 1 2 4 8 16 32 64 128 256
 829  975  526 0   8 1 9 1 2 4 8 16 32 64 128 256
 830  282  576 0  28 1 9 1 2 4 8 16 32 64 128 256
 831  161  535 0  92 1 9 1 2 4 8 16 32 64 128 256
 832  528  615 0  70 1 9 1 2 4 8 16 32 64 128 256
 833   58   73 0  91 1 9 1 2 4 8 16 32 64 128 256
 834  700  320 0  29 1 9 1 2 4 8 16 32 64 128 256
 835  361   96 0  31 1 9 1 2 4 8 16 32 64 128 256
 836  524  674 0  77 1 9 1 2 4 8 16 32 64 128 256
 837  936  261 0  82 1 9 1 2 4 8 16 32 64 128 256
 838  392  915 0  39 1 9 1 2 4 8 16 32 64 128 256
 839   53  373 0  82 1 9 1 2 4 8 16 32 64 128 256
 840  611  682 0  97 1 9 1 2 4 8 16 32 64 128 256
 841  754  165 0   6 1 9 1 2 4 8 16 32 64 128 256
 842  666  632 0  73 1 9 1 2 4 8 16 32 64 128 256
 843   19  764 0  69 1 9 1 2 4 8 16 32 64 128 256
 844  702  752 0  96 1 9 1 2 4 8 16 32 64 128 256
 845  547  424 0  21 1 9 1 2 4 8 16 32 64 128 256
 846  383  520 0  91 1 9 1 2 4 8 16 32 64 128 256
 847  775  604 0  18 1 9 1 2 4 8 16 32 64 128 256
 848  907  555 0  19 1 9 1 2 4 8 16 32 64 128 256
 849  657   41 0   1 1 9 1 2 4 8 16 32 64 128 256
 850  966  158 0  88 1 9 1 2 4 8 16 32 64 128 256
 851   35  388 0  46 1 9 1 2 4 8 16 32 64 128 256
 852  147  985 0  80 1 9 1 2 4 8 16 32 64 128 256
 853   46  785 0  19 1 9 1 2 4 8 16 32 64 128 256
 854  388  155 0  87 1 9 1 2 4 8 16 32 64 128 256
 855  763   89 0  36 1 9 1 2 4 8 16 32 64 128 256
 856  741  200 0  34 1 9 1 2 4 8 16 32 64 128 256
 857  366  128 0  92 1 9 1 2 4 8 16 32 64 128 256
 858  222  472 0  62 1 9 1 2 4 8 16 32 64 128 256
 859  587   14 0   8 1 9 1 2 4 8 16 32 64 128 256
 860   22   21 0  71 1 9 1 2 4 8 16 32 64 128 256
 861  762  533 0  55 1 9 1 2 4 8 16 32 64 128 256
 862  571  723 0  46 1 9 1 2 4 8 16 32 64 128 256
 863  216  699 0   5 1 9 1 2 4 8 16 32 64 128 256
 864  177  477 0   8 1 9 1 2 4 8 16 32 64 128 256
 865  194  332 0  26 1 9 1 2 4 8 16 32 64 128 256
 866  232    9 0  49 1 9 1 2 4 8 16 32 64 128 256
 867  924  196 0  62 1 9 1 2 4 8 16 32 64 128 256
 868  838  994 0  75 1 9 1 2 4 8 16 32 64 128 256
 869  210  607 0  96 1 9 1 2 4 8 16 32 64 128 256
 870  234  547 0  94 1 9 1 2 4 8 16 32 64 128 256
 871  741  203 0  17 1 9 1 2 4 8 16 32 64 128 256
 872  468  341 0  13 1 9 1 2 4 8 16 32 64 128 256
 873  439  237 0  53 1 9 1 2 4 8 16 32 64 128 256
 874  739  837 0  34 1 9 1 2 4 8 16 32 64 128 256
 875  642  829 0  80 1 9 1 2 4 8 16 32 64 128 256
 876   73  135 0  23 1 9 1 2 4 8 16 32 64 128 256
 877  672    2 0  13 1 9 1 2 4 8 16 32 64 128 256
 878  165  690 0  46 1 9 1 2 4 8 16 32 64 128 256
 879  772  604 0  61 1 9 1 2 4 8 16 32 64 128 256
 880  138  121 0  38 1 9 1 2 4 8 16 32 64 128 256
 881  885  417 0   1 1 9 1 2 4 8 16 32 64 128 256
 882  365  998 0   3 1 9 1 2 4 8 16 32 64 128 256
 883  888  760 0  52 1 9 1 2 4 8 16 32 64 128 256
 884  398  366 0  76 1 9 1 2 4 8 16 32 64 128 256
 885  789  385 0  80 1 9 1 2 4 8 16 32 64 128 256
 886  733  387 0  89 1 9 1 2 4 8 16 32 64 128 256
 887  270  761 0  19 1 9 1 2 4 8 16 32 64 128 256
 888  775  888 0  98 1 9 1 2 4 8 16 32 64 128 256
 889  543  618 0   2 1 9 1 2 4 8 16 32 64 128 256
 890  603  946 0  42 1 9 1 2 4 8 16 32 64 128 256
 891  453  469 0  52 1 9 1 2 4 8 16 32 64 128 256
 892   12  528 0  62 1 9 1 2 4 8 16 32 64 128 256
 893  734  234 0  18 1 9 1 2 4 8 16 32 64 128 256
 894  224  921 0   4 1 9 1 2 4 8 16 32 64 128 256
 895  143   11 0  80 1 9 1 2 4 8 16 32 64 128 256
 896  293  870 0  11 1 9 1 2 4 8 16 32 64 128 256
 897  390  360 0  47 1 9 1 2 4 8 16 32 64 128 256
 898  380  388 0  67 1 9 1 2 4 8 16 32 64 128 256
 899  235  892 0  24 1 9 1 2 4 8 16 32 64 128 256
 900  572  774 0  64 1 9 1 2 4 8 16 32 64 128 256
 901  425  675 0  22 1 9 1 2 4 8 16 32 64 128 256
 902  733  255 0  68 1 9 1 2 4 8 16 32 64 128 256
 903  327  501 0  37 1 9 1 2 4 8 16 32 64 128 256
 904  482  461 0  36 1 9 1 2 4 8 16 32 64 128 256
 905  317  900 0  93 1 9 1 2 4 8 16 32 64 128 256
 906  870  100 0   4 1 9 1 2 4 8 16 32 64 128 256
 907  542  545 0  40 1 9 1 2 4 8 16 32 64 128 256
 908  234  257 0  62 1 9 1 2 4 8 16 32 64 128 256
 909  321  940 0  53 1 9 1 2 4 8 16 32 64 128 256
 910  520  963 0  93 1 9 1 2 4 8 16 32 64 128 256
 911  656  828 0  54 1 9 1 2 4 8 16 32 64 128 256
 912  999  793 0  56 1 9 1 2 4 8 16 32 64 128 256
 913  505  489 0   1 1 9 1 2 4 8 16 32 64 128 256
 914  212   29 0  14 1 9 1 2 4 8 16 32 64 128 256
 915  449  537 0 100 1 9 1 2 4 8 16 32 64 128 256
 916  324  772 0  38 1 9 1 2 4 8 16 32 64 128 256
 917  747  116 0   6 1 9 1 2 4 8 16 32 64 128 256
 918 1000  943 0  12 1 9 1 2 4 8 16 32 64 128 256
 919  944  414 0  76 1 9 1 2 4 8 16 32 64 128 256
 920  911  414 0  69 1 9 1 2 4 8 16 32 64 128 256
 921  680  832 0  24 1 9 1 2 4 8 16 32 64 128 256
 922  343  554 0  70 1 9 1 2 4 8 16 32 64 128 256
 923  614  611 0  41 1 9 1 2 4 8 16 32 64 128 256
 924  308  120 0  71 1 9 1 2 4 8 16 32 64 128 256
 925  770  689 0  32 1 9 1 2 4 8 16 32 64 128 256
 926  418  946 0  99 1 9 1 2 4 8 16 32 64 128 256
 927  768  735 0  26 1 9 1 2 4 8 16 32 64 128 256
 928  306  643 0  41 1 9 1 2 4 8 16 32 64 128 256
 929  190  852 0  82 1 9 1 2 4 8 16 32 64 128 256
 930  879  208 0  30 1 9 1 2 4 8 16 32 64 128 256
 931  188  783 0  42 1 9 1 2 4 8 16 32 64 128 256
 932  185  253 0  38 1 9 1 2 4 8 16 32 64 128 256
 933  995  884 0  19 1 9 1 2 4 8 16 32 64 128 256
 934  882  260 0  66 1 9 1 2 4 8 16 32 64 128 256
 935  535  471 0   1 1 9 1 2 4 8 16 32 64 128 256
 936  335  770 0  27 1 9 1 2 4 8 16 32 64 128 256
 937   18  581 0  19 1 9 1 2 4 8 16 32 64 128 256
 938  274  492 0  45 1 9 1 2 4 8 16 32 64 128 256
 939  363  342 0  86 1 9 1 2 4 8 16 32 64 128 256
 940   50  256 0  10 1 9 1 2 4 8 16 32 64 128 256
 941  714  144 0  32 1 9 1 2 4 8 16 32 64 128 256
 942   60  124 0  80 1 9 1 2 4 8 16 32 64 128 256
 943  454   85 0  86 1 9 1 2 4 8 16 32 64 128 256
 944  877  177 0  52 1 9 1 2 4 8 16 32 64 128 256
 945  943  305 0  32 1 9 1 2 4 8 16 32 64 128 256
 946  599  539 0  34 1 9 1 2 4 8 16 32 64 128 256
 947  910  627 0  96 1 9 1 2 4 8 16 32 64 128 256
 948  977  672 0  20 1 9 1 2 4 8 16 32 64 128 256
 949  430  178 0  69 1 9 1 2 4 8 16 32 64 128 256
 950  915  471 0  61 1 9 1 2 4 8 16 32 64 128 256
 951  468  338 0  11 1 9 1 2 4 8 16 32 64 128 256
 952  793  856 0  15 1 9 1 2 4 8 16 32 64 128 256
 953  565  417 0  19 1 9 1 2 4 8 16 32 64 128 256
 954  648  171 0  66 1 9 1 2 4 8 16 32 64 128 256
 955  898  460 0  73 1 9 1 2 4 8 16 32 64 128 256
 956  797  730 0  77 1 9 1 2 4 8 16 32 64 128 256
 957  545  419 0  18 1 9 1 2 4 8 16 32 64 128 256
 958   93  160 0  39 1 9 1 2 4 8 16 32 64 128 256
 959  624  880 0  93 1 9 1 2 4 8 16 32 64 128 256
 960  109  832 0  99 1 9 1 2 4 8 16 32 64 128 256
 961  683  823 0  40 1 9 1 2 4 8 16 32 64 128 256
 962  641  700 0  78 1 9 1 2 4 8 16 32 64 128 256
 963  883  321 0  45 1 9 1 2 4 8 16 32 64 128 256
 964  447  425 0  32 1 9 1 2 4 8 16 32 64 128 256
 965  516  259 0  68 1 9 1 2 4 8 16 32 64 128 256
 966  617  979 0  67 1 9 1 2 4 8 16 32 64 128 256
 967  201  337 0  29 1 9 1 2 4 8 16 32 64 128 256
 968  774  866 0   4 1 9 1 2 4 8 16 32 64 128 256
 969  397  325 0  72 1 9 1 2 4 8 16 32 64 128 256
 970  741  875 0  14 1 9 1 2 4 8 16 32 64 128 256
 971  884  631 0  28 1 9 1 2 4 8 16 32 64 128 256
 972   39  663 0  42 1 9 1 2 4 8 16 32 64 128 256
 973  636  114 0  45 1 9 1 2 4 8 16 32 64 128 256
 974  238  250 0  44 1 9 1 2 4 8 16 32 64 128 256
 975  935  339 0  53 1 9 1 2 4 8 16 32 64 128 256
 976  408  698 0  16 1 9 1 2 4 8 16 32 64 128 256
 977  569  275 0  85 1 9 1 2 4 8 16 32 64 128 256
 978  713  344 0  26 1 9 1 2 4 8 16 32 64 128 256
 979  718  475 0  29 1 9 1 2 4 8 16 32 64 128 256
 980  710  211 0  32 1 9 1 2 4 8 16 32 64 128 256
 981  150  331 0   1 1 9 1 2 4 8 16 32 64 128 256
 982  696  974 0  90 1 9 1 2 4 8 16 32 64 128 256
 983  811  975 0  30 1 9 1 2 4 8 16 32 64 128 256
 984  831  662 0  29 1 9 1 2 4 8 16 32 64 128 256
 985  954  402 0  91 1 9 1 2 4 8 16 32 64 128 256
 986  666  834 0  65 1 9 1 2 4 8 16 32 64 128 256
 987  403  187 0  84 1 9 1 2 4 8 16 32 64 128 256
 988   20  526 0   9 1 9 1 2 4 8 16 32 64 128 256
 989   58  542 0   5 1 9 1 2 4 8 16 32 64 128 256
 990  889  749 0   6 1 9 1 2 4 8 16 32 64 128 256
 991  737  853 0  77 1 9 1 2 4 8 16 32 64 128 256
 992  776  578 0  26 1 9 1 2 4 8 16 32 64 128 256
 993  293  130 0  75 1 9 1 2 4 8 16 32 64 128 256
 994   38  733 0  44 1 9 1 2 4 8 16 32 64 128 256
 995  456  682 0  36 1 9 1 2 4 8 16 32 64 128 256
 996   28   16 0   3 1 9 1 2 4 8 16 32 64 128 256
 997  539  979 0  88 1 9 1 2 4 8 16 32 64 128 256
 998  757  527 0  78 1 9 1 2 4 8 16 32 64 128 256
 999  344  513 0  94 1 9 1 2 4 8 16 32 64 128 256
1000  636  416 0   8 1 9 1 2 4 8 16 32 64 128 256
1001  146  150 0  20 1 9 1 2 4 8 16 32 64 128 256
1002  974  105 0  30 1 9 1 2 4 8 16 32 64 128 256
1003  980  336 0  37 1 9 1 2 4 8 16 32 64 128 256
1004  817  202 0  75 1 9 1 2 4 8 16 32 64 128 256
1005   63   70 0   6 1 9 1 2 4 8 16 32 64 128 256
1006  395  983 0  63 1 9 1 2 4 8 16 32 64 128 256
1007  648  365 0  22 1 9 1 2 4 8 16 32 64 128 256
1008  838  779 0  73 1 9 1 2 4 8 16 32 64 128 256
1009  742  904 0  30 1 9 1 2 4 8 16 32 64 128 256
1010  633  717 0  47 1 9 1 2 4 8 16 32 64 128 256
1011  461  893 0  17 1 9 1 2 4 8 16 32 64 128 256
1012  184  863 0  13 1 9 1 2 4 8 16 32 64 128 256
1013  412  676 0  79 1 9 1 2 4 8 16 32 64 128 256
1014  398  295 0   8 1 9 1 2 4 8 16 32 64 128 256
1015  966  217 0  21 1 9 1 2 4 8 16 32 64 128 256
1016  704  920 0  67 1 9 1 2 4 8 16 32 64 128 256
1017  929  784 0  15 1 9 1 2 4 8 16 32 64 128 256
1018  204  222 0  48 1 9 1 2 4 8 16 32 64 128 256
1019  439  587 0  59 1 9 1 2 4 8 16 32 64 128 256
1020   44  334 0  19 1 9 1 2 4 8 16 32 64 128 256
1021  311   36 0  76 1 9 1 2 4 8 16 32 64 128 256
1022  947  674 0   8 1 9 1 2 4 8 16 32 64 128 256
1023  219  506 0  69 1 9 1 2 4 8 16 32 64 128 256
1024  476  629 0  86 1 9 1 2 4 8 16 32 64 128 256
1025  224  582 0  34 1 9 1 2 4 8 16 32 64 128 256
1026  533  550 0  79 1 9 1 2 4 8 16 32 64 128 256
1027  522  671 0  95 1 9 1 2 4 8 16 32 64 128 256
1028  346  531 0  99 1 9 1 2 4 8 16 32 64 128 256
1029  770  149 0  84 1 9 1 2 4 8 16 32 64 128 256
1030  536  955 0   6 1 9 1 2 4 8 16 32 64 128 256
1031  932  113 0  69 1 9 1 2 4 8 16 32 64 128 256
1032   71  595 0  99 1 9 1 2 4 8 16 32 64 128 256
1033  953  556 0  51 1 9 1 2 4 8 16 32 64 128 256
1034  613  357 0  54 1 9 1 2 4 8 16 32 64 128 256
1035  890  410 0  98 1 9 1 2 4 8 16 32 64 128 256
1036  407  849 0  32 1 9 1 2 4 8 16 32 64 128 256
1037  852  969 0  64 1 9 1 2 4 8 16 32 64 128 256
1038  100  382 0  13 1 9 1 2 4 8 16 32 64 128 256
1039  456  380 0  57 1 9 1 2 4 8 16 32 64 128 256
1040  330  608 0  23 1 9 1 2 4 8 16 32 64 128 256
1041  622  838 0  98 1 9 1 2 4 8 16 32 64 128 256
1042  571  402 0   3 1 9 1 2 4 8 16 32 64 128 256
1043  979  894 0  11 1 9 1 2 4 8 16 32 64 128 256
1044  154  221 0  33 1 9 1 2 4 8 16 32 64 128 256
1045  500  567 0  21 1 9 1 2 4 8 16 32 64 128 256
1046  214  140 0  92 1 9 1 2 4 8 16 32 64 128 256
1047  196  727 0   9 1 9 1 2 4 8 16 32 64 128 256
1048  344  244 0  87 1 9 1 2 4 8 16 32 64 128 256
1049  745  636 0  58 1 9 1 2 4 8 16 32 64 128 256
1050   97  244 0  92 1 9 1 2 4 8 16 32 64 128 256
1051  478  444 0  83 1 9 1 2 4 8 16 32 64 128 256
1052  875  613 0  21 1 9 1 2 4 8 16 32 64 128 256
1053  440  736 0  27 1 9 1 2 4 8 16 32 64 128 256
1054  633  571 0   7 1 9 1 2 4 8 16 32 64 128 256
1055  572  289 0  87 1 9 1 2 4 8 16 32 64 128 256
1056  359  667 0  89 1 9 1 2 4 8 16 32 64 128 256
1057  504  305 0  66 1 9 1 2 4 8 16 32 64 128 256
1058   35  419 0  57 1 9 1 2 4 8 16 32 64 128 256
1059  848  998 0  98 1 9 1 2 4 8 16 32 64 128 256
1060  353  376 0  56 1 9 1 2 4 8 16 32 64 128 256
1061    1  494 0   5 1 9 1 2 4 8 16 32 64 128 256
1062  909   78 0  10 1 9 1 2 4 8 16 32 64 128 256
1063  604  762 0  36 1 9 1 2 4 8 16 32 64 128 256
1064  720  137 0  38 1 9 1 2 4 8 16 32 64 128 256
1065  652  570 0  31 1 9 1 2 4 8 16 32 64 128 256
1066  404  257 0  58 1 9 1 2 4 8 16 32 64 128 256
1067  959  777 0  31 1 9 1 2 4 8 16 32 64 128 256
1068  907  722 0   6 1 9 1 2 4 8 16 32 64 128 256
1069  558  650 0  18 1 9 1 2 4 8 16 32 64 128 256
1070  837  107 0  74 1 9 1 2 4 8 16 32 64 128 256
1071  443  738 0  29 1 9 1 2 4 8 16 32 64 128 256
1072  329  357 0  25 1 9 1 2 4 8 16 32 64 128 256
1073  583  539 0  83 1 9 1 2 4 8 16 32 64 128 256
1074  112   64 0  55 1 9 1 2 4 8 16 32 64 128 256
1075  738  799 0  25 1 9 1 2 4 8 16 32 64 128 256
1076  703  247 0  67 1 9 1 2 4 8 16 32 64 128 256
1077  156  813 0   9 1 9 1 2 4 8 16 32 64 128 256
1078  896   13 0  21 1 9 1 2 4 8 16 32 64 128 256
1079  573  432 0  31 1 9 1 2 4 8 16 32 64 128 256
1080  236  544 0  86 1 9 1 2 4 8 16 32 64 128 256
1081  168  711 0  25 1 9 1 2 4 8 16 32 64 128 256
1082   11  938 0  83 1 9 1 2 4 8 16 32 64 128 256
1083  580  596 0  50 1 9 1 2 4 8 16 32 64 128 256
1084  424  623 0 100 1 9 1 2 4 8 16 32 64 128 256
1085  638  981 0  44 1 9 1 2 4 8 16 32 64 128 256
1086  390  667 0  61 1 9 1 2 4 8 16 32 64 128 256
1087  163  401 0  25 1 9 1 2 4 8 16 32 64 128 256
1088  165  528 0  33 1 9 1 2 4 8 16 32 64 128 256
1089   31  290 0  97 1 9 1 2 4 8 16 32 64 128 256
1090  699  429 0  25 1 9 1 2 4 8 16 32 64 128 256
1091  153  477 0  83 1 9 1 2 4 8 16 32 64 128 256
1092  731  430 0  88 1 9 1 2 4 8 16 32 64 128 256
1093   29  220 0  75 1 9 1 2 4 8 16 32 64 128 256
1094  748  893 0  86 1 9 1 2 4 8 16 32 64 128 256
1095  784  139 0  58 1 9 1 2 4 8 16 32 64 128 256
1096  377  306 0  11 1 9 1 2 4 8 16 32 64 128 256
1097  732  686 0   5 1 9 1 2 4 8 16 32 64 128 256
1098  254  785 0  86 1 9 1 2 4 8 16 32 64 128 256
1099  981  775 0  85 1 9 1 2 4 8 16 32 64 128 256
1100  894  615 0  48 1 9 1 2 4 8 16 32 64 128 256
1101  869  415 0  10 1 9 1 2 4 8 16 32 64 128 256
1102  373  986 0  61 1 9 1 2 4 8 16 32 64 128 256
1103  555  511 0  80 1 9 1 2 4 8 16 32 64 128 256
1104  986  306 0  89 1 9 1 2 4 8 16 32 64 128 256
1105   25  965 0  11 1 9 1 2 4 8 16 32 64 128 256
1106  190  801 0  69 1 9 1 2 4 8 16 32 64 128 256
1107  451  684 0  30 1 9 1 2 4 8 16 32 64 128 256
1108  543  508 0   7 1 9 1 2 4 8 16 32 64 128 256
1109  983   90 0  76 1 9 1 2 4 8 16 32 64 128 256
1110   81  343 0  35 1 9 1 2 4 8 16 32 64 128 256
1111   21  410 0   8 1 9 1 2 4 8 16 32 64 128 256
1112  796  330 0  92 1 9 1 2 4 8 16 32 64 128 256
1113  309  683 0  95 1 9 1 2 4 8 16 32 64 128 256
1114  943  345 0  55 1 9 1 2 4 8 16 32 64 128 256
1115  304  373 0  89 1 9 1 2 4 8 16 32 64 128 256
1116  993  727 0  95 1 9 1 2 4 8 16 32 64 128 256
1117  854  346 0  32 1 9 1 2 4 8 16 32 64 128 256
1118  612  806 0  12 1 9 1 2 4 8 16 32 64 128 256
1119  536  567 0  36 1 9 1 2 4 8 16 32 64 128 256
1120  970   53 0  54 1 9 1 2 4 8 16 32 64 128 256
1121  123  205 0  56 1 9 1 2 4 8 16 32 64 128 256
1122  371  603 0  32 1 9 1 2 4 8 16 32 64 128 256
1123  373  769 0  14 1 9 1 2 4 8 16 32 64 128 256
1124  544  410 0  83 1 9 1 2 4 8 16 32 64 128 256
1125   30  753 0  22 1 9 1 2 4 8 16 32 64 128 256
1126  460  170 0  83 1 9 1 2 4 8 16 32 64 128 256
1127  157   90 0   8 1 9 1 2 4 8 16 32 64 128 256
1128  733  439 0  32 1 9 1 2 4 8 16 32 64 128 256
1129  150  235 0   2 1 9 1 2 4 8 16 32 64 128 256
1130  637  167 0  15 1 9 1 2 4 8 16 32 64 128 256
1131  915  248 0  47 1 9 1 2 4 8 16 32 64 128 256
1132  715  999 0  81 1 9 1 2 4 8 16 32 64 128 256
1133  466  868 0  77 1 9 1 2 4 8 16 32 64 128 256
1134  540  709 0   1 1 9 1 2 4 8 16 32 64 128 256
1135  900  762 0  20 1 9 1 2 4 8 16 32 64 128 256
1136  925  347 0  83 1 9 1 2 4 8 16 32 64 128 256
1137  127  730 0  49 1 9 1 2 4 8 16 32 64 128 256
1138  591  155 0  50 1 9 1 2 4 8 16 32 64 128 256
1139  449  685 0  55 1 9 1 2 4 8 16 32 64 128 256
1140   76  421 0  28 1 9 1 2 4 8 16 32 64 128 256
1141  725  142 0  44 1 9 1 2 4 8 16 32 64 128 256
1142  297  530 0  19 1 9 1 2 4 8 16 32 64 128 256
1143  224  472 0  23 1 9 1 2 4 8 16 32 64 128 256
1144  891  638 0   2 1 9 1 2 4 8 16 32 64 128 256
1145  582  860 0  47 1 9 1 2 4 8 16 32 64 128 256
1146  576  322 0  89 1 9 1 2 4 8 16 32 64 128 256
1147  838  597 0  34 1 9 1 2 4 8 16 32 64 128 256
1148  158  794 0  12 1 9 1 2 4 8 16 32 64 128 256
1149  550  107 0  75 1 9 1 2 4 8 16 32 64 128 256
1150  934  469 0  88 1 9 1 2 4 8 16 32 64 128 256
1151  319  593 0  93 1 9 1 2 4 8 16 32 64 128 256
1152  486  412 0  79 1 9 1 2 4 8 16 32 64 128 256
1153  753  479 0  73 1 9 1 2 4 8 16 32 64 128 256
1154  529  942 0  57 1 9 1 2 4 8 16 32 64 128 256
1155  749  308 0  62 1 9 1 2 4 8 16 32 64 128 256
1156  744  176 0  85 1 9 1 2 4 8 16 32 64 128 256
1157    3  683 0  53 1 9 1 2 4 8 16 32 64 128 256
1158  805  938 0  89 1 9 1 2 4 8 16 32 64 128 256
1159  688  553 0  48 1 9 1 2 4 8 16 32 64 128 256
1160  944  784 0   8 1 9 1 2 4 8 16 32 64 128 256
1161  425  620 0  17 1 9 1 2 4 8 16 32 64 128 256
1162   55  395 0  36 1 9 1 2 4 8 16 32 64 128 256
1163   25  771 0  78 1 9 1 2 4 8 16 32 64 128 256
1164  568  710 0   4 1 9 1 2 4 8 16 32 64 128 256
1165  473  384 0  17 1 9 1 2 4 8 16 32 64 128 256
1166  738  803 0  59 1 9 1 2 4 8 16 32 64 128 256
1167  551  680 0  60 1 9 1 2 4 8 16 32 64 128 256
1168  230  732 0  73 1 9 1 2 4 8 16 32 64 128 256
1169  649   75 0   9 1 9 1 2 4 8 16 32 64 128 256
1170  910  883 0  50 1 9 1 2 4 8 16 32 64 128 256
1171  390  899 0  86 1 9 1 2 4 8 16 32 64 128 256
1172  575  758 0  90 1 9 1 2 4 8 16 32 64 128 256
1173  395  510 0  90 1 9 1 2 4 8 16 32 64 128 256
1174  525  833 0  90 1 9 1 2 4 8 16 32 64 128 256
1175  154    3 0 100 1 9 1 2 4 8 16 32 64 128 256
1176  271  641 0  69 1 9 1 2 4 8 16 32 64 128 256
1177  885  518 0  45 1 9 1 2 4 8 16 32 64 128 256
1178  730  770 0  86 1 9 1 2 4 8 16 32 64 128 256
1179  326  934 0  37 1 9 1 2 4 8 16 32 64 128 256
1180  182  376 0  34 1 9 1 2 4 8 16 32 64 128 256
1181  851  239 0  18 1 9 1 2 4 8 16 32 64 128 256
1182   23  390 0  75 1 9 1 2 4 8 16 32 64 128 256
1183  729  630 0  41 1 9 1 2 4 8 16 32 64 128 256
1184   97  664 0  76 1 9 1 2 4 8 16 32 64 128 256
1185  367  719 0  41 1 9 1 2 4 8 16 32 64 128 256
1186  982  730 0   8 1 9 1 2 4 8 16 32 64 128 256
1187  728  668 0  88 1 9 1 2 4 8 16 32 64 128 256
1188  540  914 0  83 1 9 1 2 4 8 16 32 64 128 256
1189  882   46 0  54 1 9 1 2 4 8 16 32 64 128 256
1190  398    1 0  19 1 9 1 2 4 8 16 32 64 128 256
1191  709  651 0  30 1 9 1 2 4 8 16 32 64 128 256
1192  940  910 0  69 1 9 1 2 4 8 16 32 64 128 256
1193  801  957 0  92 1 9 1 2 4 8 16 32 64 128 256
1194  266  325 0  19 1 9 1 2 4 8 16 32 64 128 256
1195  939  813 0  52 1 9 1 2 4 8 16 32 64 128 256
1196  878  748 0  41 1 9 1 2 4 8 16 32 64 128 256
1197  820  207 0  87 1 9 1 2 4 8 16 32 64 128 256
1198  929  103 0   1 1 9 1 2 4 8 16 32 64 128 256
1199  730  643 0  76 1 9 1 2 4 8 16 32 64 128 256
1200  519   64 0  37 1 9 1 2 4 8 16 32 64 128 256
1201  334  813 0  74 1 9 1 2 4 8 16 32 64 128 256
1202  486  608 0  76 1 9 1 2 4 8 16 32 64 128 256
1203  127   70 0  19 1 9 1 2 4 8 16 32 64 128 256
1204  777  133 0  34 1 9 1 2 4 8 16 32 64 128 256
1205  317  517 0  55 1 9 1 2 4 8 16 32 64 128 256
1206  803  589 0  92 1 9 1 2 4 8 16 32 64 128 256
1207  768  776 0  52 1 9 1 2 4 8 16 32 64 128 256
1208  187   64 0  83 1 9 1 2 4 8 16 32 64 128 256
1209  590  633 0  88 1 9 1 2 4 8 16 32 64 128 256
1210   68  368 0   3 1 9 1 2 4 8 16 32 64 128 256
1211  847  234 0  72 1 9 1 2 4 8 16 32 64 128 256
1212   55  688 0  19 1 9 1 2 4 8 16 32 64 128 256
1213  974  570 0   5 1 9 1 2 4 8 16 32 64 128 256
1214   18  193 0   9 1 9 1 2 4 8 16 32 64 128 256
1215  714  405 0  79 1 9 1 2 4 8 16 32 64 128 256
1216  613   89 0  89 1 9 1 2 4 8 16 32 64 128 256
1217  263  426 0  39 1 9 1 2 4 8 16 32 64 128 256
1218  204  596 0  15 1 9 1 2 4 8 16 32 64 128 256
1219  859  852 0  19 1 9 1 2 4 8 16 32 64 128 256
1220   92  300 0  79 1 9 1 2 4 8 16 32 64 128 256
1221  447   70 0  51 1 9 1 2 4 8 16 32 64 128 256
1222   82  844 0  85 1 9 1 2 4 8 16 32 64 128 256
1223  659  791 0   7 1 9 1 2 4 8 16 32 64 128 256
1224  102   14 0  71 1 9 1 2 4 8 16 32 64 128 256
1225  702  648 0  67 1 9 1 2 4 8 16 32 64 128 256
1226  949   69 0  29 1 9 1 2 4 8 16 32 64 128 256
1227  772  512 0  44 1 9 1 2 4 8 16 32 64 128 256
1228  221  176 0  24 1 9 1 2 4 8 16 32 64 128 256
1229   31  209 0  62 1 9 1 2 4 8 16 32 64 128 256
1230  974  144 0  65 1 9 1 2 4 8 16 32 64 128 256
1231  933  847 0  61 1 9 1 2 4 8 16 32 64 128 256
1232  793  397 0  37 1 9 1 2 4 8 16 32 64 128 256
1233  385  261 0  23 1 9 1 2 4 8 16 32 64 128 256
1234  810  406 0  70 1 9 1 2 4 8 16 32 64 128 256
1235  635  587 0  68 1 9 1 2 4 8 16 32 64 128 256
1236   27  980 0   0 0 0
1237  919  512 0   0 0 0
1238  769  192 0   0 0 0
1239   77  577 0   0 0 0
1240  365  166 0   0 0 0
1241  707  602 0   0 0 0
1242  535  661 0   0 0 0
1243  476  364 0   0 0 0
1244  839  697 0   0 0 0
