2 166 1288 7
0 256
0 256
0 256
0 256
0 256
0 256
0 256
   1  448  342 0  65 1 7 1 2 4 8 16 32 64
   2  212   71 0  86 1 7 1 2 4 8 16 32 64
   3  107   59 0  75 1 7 1 2 4 8 16 32 64
   4  391  920 0  83 1 7 1 2 4 8 16 32 64
   5  879  678 0  98 1 7 1 2 4 8 16 32 64
   6  530  572 0   2 1 7 1 2 4 8 16 32 64
   7   88  202 0  63 1 7 1 2 4 8 16 32 64
   8   42  615 0  98 1 7 1 2 4 8 16 32 64
   9  779  728 0  20 1 7 1 2 4 8 16 32 64
  10  689  150 0  85 1 7 1 2 4 8 16 32 64
  11  850  152 0  81 1 7 1 2 4 8 16 32 64
  12  530  859 0  45 1 7 1 2 4 8 16 32 64
  13  453  586 0  10 1 7 1 2 4 8 16 32 64
  14  656  447 0  26 1 7 1 2 4 8 16 32 64
  15  863  450 0  97 1 7 1 2 4 8 16 32 64
  16  481  482 0  47 1 7 1 2 4 8 16 32 64
  17  777  675 0  55 1 7 1 2 4 8 16 32 64
  18  521  978 0  87 1 7 1 2 4 8 16 32 64
  19  890   50 0  82 1 7 1 2 4 8 16 32 64
  20  433  872 0  68 1 7 1 2 4 8 16 32 64
  21  775   49 0  63 1 7 1 2 4 8 16 32 64
  22  489  157 0  17 1 7 1 2 4 8 16 32 64
  23  273  970 0  98 1 7 1 2 4 8 16 32 64
  24  460  617 0  12 1 7 1 2 4 8 16 32 64
  25  827  875 0  83 1 7 1 2 4 8 16 32 64
  26  265  781 0  78 1 7 1 2 4 8 16 32 64
  27  160  248 0  22 1 7 1 2 4 8 16 32 64
  28  266  252 0  54 1 7 1 2 4 8 16 32 64
  29  274  430 0  96 1 7 1 2 4 8 16 32 64
  30  580  575 0  55 1 7 1 2 4 8 16 32 64
  31  807  487 0  32 1 7 1 2 4 8 16 32 64
  32  492  464 0  61 1 7 1 2 4 8 16 32 64
  33  301  985 0   2 1 7 1 2 4 8 16 32 64
  34  456  978 0  81 1 7 1 2 4 8 16 32 64
  35  422   87 0  91 1 7 1 2 4 8 16 32 64
  36  903  185 0  41 1 7 1 2 4 8 16 32 64
  37  395  160 0  73 1 7 1 2 4 8 16 32 64
  38  983  603 0  31 1 7 1 2 4 8 16 32 64
  39  517  279 0  29 1 7 1 2 4 8 16 32 64
  40  626  524 0  31 1 7 1 2 4 8 16 32 64
  41  399  115 0  18 1 7 1 2 4 8 16 32 64
  42  387  311 0  86 1 7 1 2 4 8 16 32 64
  43  503  564 0  76 1 7 1 2 4 8 16 32 64
  44  416  834 0   3 1 7 1 2 4 8 16 32 64
  45  343  651 0  88 1 7 1 2 4 8 16 32 64
  46  761   43 0   6 1 7 1 2 4 8 16 32 64
  47  169  185 0  68 1 7 1 2 4 8 16 32 64
  48  420  321 0  62 1 7 1 2 4 8 16 32 64
  49  490  604 0  32 1 7 1 2 4 8 16 32 64
  50   35  873 0  49 1 7 1 2 4 8 16 32 64
  51  909  695 0  89 1 7 1 2 4 8 16 32 64
  52  796  345 0  13 1 7 1 2 4 8 16 32 64
  53  106  787 0  84 1 7 1 2 4 8 16 32 64
  54  395  453 0  56 1 7 1 2 4 8 16 32 64
  55  311  553 0   2 1 7 1 2 4 8 16 32 64
  56  101   26 0   9 1 7 1 2 4 8 16 32 64
  57  108   25 0  85 1 7 1 2 4 8 16 32 64
  58  823   82 0  52 1 7 1 2 4 8 16 32 64
  59   38  657 0  74 1 7 1 2 4 8 16 32 64
  60  765  405 0  69 1 7 1 2 4 8 16 32 64
  61  432  428 0  28 1 7 1 2 4 8 16 32 64
  62  398  431 0  43 1 7 1 2 4 8 16 32 64
  63   94  543 0  35 1 7 1 2 4 8 16 32 64
  64   19  195 0  73 1 7 1 2 4 8 16 32 64
  65  106  934 0  80 1 7 1 2 4 8 16 32 64
  66   36  560 0  61 1 7 1 2 4 8 16 32 64
  67  703 1000 0  84 1 7 1 2 4 8 16 32 64
  68  883  505 0  11 1 7 1 2 4 8 16 32 64
  69  522  231 0  37 1 7 1 2 4 8 16 32 64
  70  798  900 0  12 1 7 1 2 4 8 16 32 64
  71  227  505 0  48 1 7 1 2 4 8 16 32 64
  72  152  201 0  74 1 7 1 2 4 8 16 32 64
  73   15  175 0  15 1 7 1 2 4 8 16 32 64
  74  185  797 0  27 1 7 1 2 4 8 16 32 64
  75  750  864 0  32 1 7 1 2 4 8 16 32 64
  76  330  943 0  52 1 7 1 2 4 8 16 32 64
  77  134  319 0  40 1 7 1 2 4 8 16 32 64
  78  652  922 0  25 1 7 1 2 4 8 16 32 64
  79  110  982 0  19 1 7 1 2 4 8 16 32 64
  80   16  581 0  41 1 7 1 2 4 8 16 32 64
  81  545   89 0  54 1 7 1 2 4 8 16 32 64
  82  290  585 0  94 1 7 1 2 4 8 16 32 64
  83  624  691 0  52 1 7 1 2 4 8 16 32 64
  84  406  361 0  77 1 7 1 2 4 8 16 32 64
  85  947  441 0  40 1 7 1 2 4 8 16 32 64
  86  882  743 0  47 1 7 1 2 4 8 16 32 64
  87  167  592 0  53 1 7 1 2 4 8 16 32 64
  88  526  553 0  89 1 7 1 2 4 8 16 32 64
  89  355  787 0  50 1 7 1 2 4 8 16 32 64
  90  790  219 0  93 1 7 1 2 4 8 16 32 64
  91   31  947 0  55 1 7 1 2 4 8 16 32 64
  92  415  644 0  94 1 7 1 2 4 8 16 32 64
  93  834  152 0  12 1 7 1 2 4 8 16 32 64
  94  480  861 0  53 1 7 1 2 4 8 16 32 64
  95  315  507 0  42 1 7 1 2 4 8 16 32 64
  96    5   79 0  82 1 7 1 2 4 8 16 32 64
  97  285  238 0  68 1 7 1 2 4 8 16 32 64
  98  312  694 0  67 1 7 1 2 4 8 16 32 64
  99  792  947 0  37 1 7 1 2 4 8 16 32 64
 100  161    4 0  79 1 7 1 2 4 8 16 32 64
 101  224  982 0  16 1 7 1 2 4 8 16 32 64
 102  674  501 0   5 1 7 1 2 4 8 16 32 64
 103  334  109 0  88 1 7 1 2 4 8 16 32 64
 104  926  560 0  94 1 7 1 2 4 8 16 32 64
 105  134  503 0  26 1 7 1 2 4 8 16 32 64
 106  685  869 0  49 1 7 1 2 4 8 16 32 64
 107    7  329 0  28 1 7 1 2 4 8 16 32 64
 108  237  227 0  66 1 7 1 2 4 8 16 32 64
 109  916   81 0  23 1 7 1 2 4 8 16 32 64
 110  773  942 0  68 1 7 1 2 4 8 16 32 64
 111  728   30 0  52 1 7 1 2 4 8 16 32 64
 112   73   32 0  61 1 7 1 2 4 8 16 32 64
 113  277   18 0  16 1 7 1 2 4 8 16 32 64
 114  602  648 0  98 1 7 1 2 4 8 16 32 64
 115  210  389 0  22 1 7 1 2 4 8 16 32 64
 116  798  485 0  56 1 7 1 2 4 8 16 32 64
 117  234  745 0  34 1 7 1 2 4 8 16 32 64
 118  802  424 0  92 1 7 1 2 4 8 16 32 64
 119  639  890 0  15 1 7 1 2 4 8 16 32 64
 120  962  301 0  94 1 7 1 2 4 8 16 32 64
 121  978  432 0  44 1 7 1 2 4 8 16 32 64
 122  957  616 0  97 1 7 1 2 4 8 16 32 64
 123   81  753 0  17 1 7 1 2 4 8 16 32 64
 124  236  640 0  71 1 7 1 2 4 8 16 32 64
 125  409  579 0  85 1 7 1 2 4 8 16 32 64
 126  253  630 0  35 1 7 1 2 4 8 16 32 64
 127  329  810 0  11 1 7 1 2 4 8 16 32 64
 128  789  970 0  41 1 7 1 2 4 8 16 32 64
 129  306  422 0  61 1 7 1 2 4 8 16 32 64
 130  884  156 0  76 1 7 1 2 4 8 16 32 64
 131  636 1000 0  95 1 7 1 2 4 8 16 32 64
 132  655  411 0  18 1 7 1 2 4 8 16 32 64
 133  922  723 0  47 1 7 1 2 4 8 16 32 64
 134  182  386 0  70 1 7 1 2 4 8 16 32 64
 135  498  913 0   2 1 7 1 2 4 8 16 32 64
 136  933  574 0  27 1 7 1 2 4 8 16 32 64
 137  970  866 0  52 1 7 1 2 4 8 16 32 64
 138  166  282 0  80 1 7 1 2 4 8 16 32 64
 139  984  343 0  52 1 7 1 2 4 8 16 32 64
 140  274  492 0  91 1 7 1 2 4 8 16 32 64
 141  180  586 0   8 1 7 1 2 4 8 16 32 64
 142  571  292 0  16 1 7 1 2 4 8 16 32 64
 143  723  797 0  82 1 7 1 2 4 8 16 32 64
 144  412  806 0  51 1 7 1 2 4 8 16 32 64
 145  545  264 0  81 1 7 1 2 4 8 16 32 64
 146  370  625 0  24 1 7 1 2 4 8 16 32 64
 147   25  643 0  33 1 7 1 2 4 8 16 32 64
 148   43  811 0  50 1 7 1 2 4 8 16 32 64
 149  782  180 0  64 1 7 1 2 4 8 16 32 64
 150  730  319 0  74 1 7 1 2 4 8 16 32 64
 151  911  645 0  10 1 7 1 2 4 8 16 32 64
 152   59  910 0  87 1 7 1 2 4 8 16 32 64
 153  640   19 0  28 1 7 1 2 4 8 16 32 64
 154  497   38 0  25 1 7 1 2 4 8 16 32 64
 155  421   83 0  89 1 7 1 2 4 8 16 32 64
 156  172  750 0   8 1 7 1 2 4 8 16 32 64
 157  413  247 0  83 1 7 1 2 4 8 16 32 64
 158  519   81 0  17 1 7 1 2 4 8 16 32 64
 159  598  837 0  58 1 7 1 2 4 8 16 32 64
 160   25  855 0  23 1 7 1 2 4 8 16 32 64
 161  600  121 0  98 1 7 1 2 4 8 16 32 64
 162   20   81 0  54 1 7 1 2 4 8 16 32 64
 163  557   57 0  75 1 7 1 2 4 8 16 32 64
 164  102  528 0  18 1 7 1 2 4 8 16 32 64
 165  370  772 0  76 1 7 1 2 4 8 16 32 64
 166  841   28 0  77 1 7 1 2 4 8 16 32 64
 167  812  337 0  78 1 7 1 2 4 8 16 32 64
 168  407  467 0  46 1 7 1 2 4 8 16 32 64
 169  732  164 0  79 1 7 1 2 4 8 16 32 64
 170  814  632 0  88 1 7 1 2 4 8 16 32 64
 171  236  955 0  63 1 7 1 2 4 8 16 32 64
 172  224  327 0  89 1 7 1 2 4 8 16 32 64
 173  669   50 0  72 1 7 1 2 4 8 16 32 64
 174  142  322 0  43 1 7 1 2 4 8 16 32 64
 175  139  780 0  16 1 7 1 2 4 8 16 32 64
 176  523  292 0  11 1 7 1 2 4 8 16 32 64
 177  882  486 0  58 1 7 1 2 4 8 16 32 64
 178  874  912 0  99 1 7 1 2 4 8 16 32 64
 179   98  188 0  86 1 7 1 2 4 8 16 32 64
 180  265  515 0  86 1 7 1 2 4 8 16 32 64
 181  655  148 0  10 1 7 1 2 4 8 16 32 64
 182  525  938 0  95 1 7 1 2 4 8 16 32 64
 183  767  888 0  11 1 7 1 2 4 8 16 32 64
 184  428  174 0  95 1 7 1 2 4 8 16 32 64
 185  683 1000 0   3 1 7 1 2 4 8 16 32 64
 186  676  365 0  14 1 7 1 2 4 8 16 32 64
 187  763   69 0  18 1 7 1 2 4 8 16 32 64
 188   81  652 0  84 1 7 1 2 4 8 16 32 64
 189  911   63 0  79 1 7 1 2 4 8 16 32 64
 190  373  473 0  21 1 7 1 2 4 8 16 32 64
 191  503  768 0  42 1 7 1 2 4 8 16 32 64
 192  998  431 0  97 1 7 1 2 4 8 16 32 64
 193  710   37 0  66 1 7 1 2 4 8 16 32 64
 194  200   25 0  89 1 7 1 2 4 8 16 32 64
 195  204   67 0  74 1 7 1 2 4 8 16 32 64
 196  608  159 0   3 1 7 1 2 4 8 16 32 64
 197  750  689 0  78 1 7 1 2 4 8 16 32 64
 198  844  613 0  87 1 7 1 2 4 8 16 32 64
 199  599  675 0  25 1 7 1 2 4 8 16 32 64
 200  929  354 0   7 1 7 1 2 4 8 16 32 64
 201  448  767 0  50 1 7 1 2 4 8 16 32 64
 202  883  507 0  29 1 7 1 2 4 8 16 32 64
 203  527  914 0  45 1 7 1 2 4 8 16 32 64
 204  366  258 0  71 1 7 1 2 4 8 16 32 64
 205   56  545 0  28 1 7 1 2 4 8 16 32 64
 206  210  513 0  35 1 7 1 2 4 8 16 32 64
 207   79  535 0   1 1 7 1 2 4 8 16 32 64
 208  732  103 0  15 1 7 1 2 4 8 16 32 64
 209  870  812 0   3 1 7 1 2 4 8 16 32 64
 210  165  268 0  43 1 7 1 2 4 8 16 32 64
 211  406  319 0   9 1 7 1 2 4 8 16 32 64
 212  793  240 0  87 1 7 1 2 4 8 16 32 64
 213  846  659 0  78 1 7 1 2 4 8 16 32 64
 214  644  520 0  56 1 7 1 2 4 8 16 32 64
 215  128  482 0  55 1 7 1 2 4 8 16 32 64
 216  541  182 0  93 1 7 1 2 4 8 16 32 64
 217  139  398 0  72 1 7 1 2 4 8 16 32 64
 218  863  505 0   1 1 7 1 2 4 8 16 32 64
 219  893  602 0  60 1 7 1 2 4 8 16 32 64
 220  729  574 0  93 1 7 1 2 4 8 16 32 64
 221  724  565 0  91 1 7 1 2 4 8 16 32 64
 222  199  791 0   9 1 7 1 2 4 8 16 32 64
 223  662  821 0  78 1 7 1 2 4 8 16 32 64
 224  532  155 0  11 1 7 1 2 4 8 16 32 64
 225  749  774 0  13 1 7 1 2 4 8 16 32 64
 226  250   63 0  80 1 7 1 2 4 8 16 32 64
 227   12  476 0  22 1 7 1 2 4 8 16 32 64
 228  930  109 0   1 1 7 1 2 4 8 16 32 64
 229  750  545 0  79 1 7 1 2 4 8 16 32 64
 230  927  998 0  89 1 7 1 2 4 8 16 32 64
 231    9  536 0  87 1 7 1 2 4 8 16 32 64
 232   97  341 0  82 1 7 1 2 4 8 16 32 64
 233  205  350 0  32 1 7 1 2 4 8 16 32 64
 234  363  860 0  92 1 7 1 2 4 8 16 32 64
 235  695  625 0  49 1 7 1 2 4 8 16 32 64
 236  231  650 0  16 1 7 1 2 4 8 16 32 64
 237  844  394 0  23 1 7 1 2 4 8 16 32 64
 238  183  557 0  14 1 7 1 2 4 8 16 32 64
 239  556  872 0  47 1 7 1 2 4 8 16 32 64
 240  877  627 0  80 1 7 1 2 4 8 16 32 64
 241  154  458 0  85 1 7 1 2 4 8 16 32 64
 242  245    2 0  78 1 7 1 2 4 8 16 32 64
 243  756  186 0  85 1 7 1 2 4 8 16 32 64
 244  729  933 0  42 1 7 1 2 4 8 16 32 64
 245  708  494 0  40 1 7 1 2 4 8 16 32 64
 246  976  104 0  23 1 7 1 2 4 8 16 32 64
 247  461  679 0  57 1 7 1 2 4 8 16 32 64
 248  390  177 0  95 1 7 1 2 4 8 16 32 64
 249  505  298 0  98 1 7 1 2 4 8 16 32 64
 250  956  135 0  39 1 7 1 2 4 8 16 32 64
 251  797  539 0  33 1 7 1 2 4 8 16 32 64
 252  314  506 0  51 1 7 1 2 4 8 16 32 64
 253  570   95 0  43 1 7 1 2 4 8 16 32 64
 254  160  709 0  72 1 7 1 2 4 8 16 32 64
 255  247    4 0  10 1 7 1 2 4 8 16 32 64
 256  197  308 0  18 1 7 1 2 4 8 16 32 64
 257  480   26 0  63 1 7 1 2 4 8 16 32 64
 258  765  527 0  35 1 7 1 2 4 8 16 32 64
 259 1000  942 0  30 1 7 1 2 4 8 16 32 64
 260  365  875 0  80 1 7 1 2 4 8 16 32 64
 261  420  535 0  48 1 7 1 2 4 8 16 32 64
 262  422  973 0  12 1 7 1 2 4 8 16 32 64
 263  399  917 0  38 1 7 1 2 4 8 16 32 64
 264  689  378 0  16 1 7 1 2 4 8 16 32 64
 265  763  375 0  72 1 7 1 2 4 8 16 32 64
 266  177  182 0  92 1 7 1 2 4 8 16 32 64
 267  739  999 0  31 1 7 1 2 4 8 16 32 64
 268  242   19 0  33 1 7 1 2 4 8 16 32 64
 269   80  526 0  15 1 7 1 2 4 8 16 32 64
 270  448  884 0  61 1 7 1 2 4 8 16 32 64
 271  610  216 0  84 1 7 1 2 4 8 16 32 64
 272   21  820 0  87 1 7 1 2 4 8 16 32 64
 273  504  673 0  15 1 7 1 2 4 8 16 32 64
 274  204  730 0   9 1 7 1 2 4 8 16 32 64
 275  906  631 0  65 1 7 1 2 4 8 16 32 64
 276  689  473 0  88 1 7 1 2 4 8 16 32 64
 277  615  578 0  80 1 7 1 2 4 8 16 32 64
 278  496  845 0  87 1 7 1 2 4 8 16 32 64
 279  442  913 0   8 1 7 1 2 4 8 16 32 64
 280  716  277 0  10 1 7 1 2 4 8 16 32 64
 281  520  587 0  23 1 7 1 2 4 8 16 32 64
 282  448  214 0  19 1 7 1 2 4 8 16 32 64
 283  697  429 0  53 1 7 1 2 4 8 16 32 64
 284  898  425 0  83 1 7 1 2 4 8 16 32 64
 285  682  551 0  97 1 7 1 2 4 8 16 32 64
 286   45  887 0  41 1 7 1 2 4 8 16 32 64
 287  168  827 0  65 1 7 1 2 4 8 16 32 64
 288  310  952 0  83 1 7 1 2 4 8 16 32 64
 289  644   24 0  21 1 7 1 2 4 8 16 32 64
 290  362  484 0  29 1 7 1 2 4 8 16 32 64
 291  495  108 0  24 1 7 1 2 4 8 16 32 64
 292  323  511 0  73 1 7 1 2 4 8 16 32 64
 293   36   19 0  94 1 7 1 2 4 8 16 32 64
 294  352  812 0  18 1 7 1 2 4 8 16 32 64
 295  224  992 0  52 1 7 1 2 4 8 16 32 64
 296  886  615 0  19 1 7 1 2 4 8 16 32 64
 297  964  917 0  90 1 7 1 2 4 8 16 32 64
 298  349  920 0  96 1 7 1 2 4 8 16 32 64
 299  774  714 0  52 1 7 1 2 4 8 16 32 64
 300  440  117 0  41 1 7 1 2 4 8 16 32 64
 301  183  754 0  99 1 7 1 2 4 8 16 32 64
 302  594  700 0  68 1 7 1 2 4 8 16 32 64
 303  930  132 0  48 1 7 1 2 4 8 16 32 64
 304  307  809 0  15 1 7 1 2 4 8 16 32 64
 305  197  603 0  11 1 7 1 2 4 8 16 32 64
 306  122   85 0   5 1 7 1 2 4 8 16 32 64
 307  909  974 0  79 1 7 1 2 4 8 16 32 64
 308  598  448 0  75 1 7 1 2 4 8 16 32 64
 309  960  332 0  63 1 7 1 2 4 8 16 32 64
 310  490  195 0  73 1 7 1 2 4 8 16 32 64
 311  887  740 0   4 1 7 1 2 4 8 16 32 64
 312  367  189 0 100 1 7 1 2 4 8 16 32 64
 313  873  648 0  20 1 7 1 2 4 8 16 32 64
 314  994  137 0  89 1 7 1 2 4 8 16 32 64
 315  719  926 0  53 1 7 1 2 4 8 16 32 64
 316  264   61 0  16 1 7 1 2 4 8 16 32 64
 317  132  446 0  95 1 7 1 2 4 8 16 32 64
 318  238  346 0  47 1 7 1 2 4 8 16 32 64
 319  447   19 0  38 1 7 1 2 4 8 16 32 64
 320  624  437 0  51 1 7 1 2 4 8 16 32 64
 321  496  973 0  66 1 7 1 2 4 8 16 32 64
 322  844  205 0  77 1 7 1 2 4 8 16 32 64
 323  482  544 0  98 1 7 1 2 4 8 16 32 64
 324  153  509 0  88 1 7 1 2 4 8 16 32 64
 325  688  247 0  26 1 7 1 2 4 8 16 32 64
 326  765  109 0  61 1 7 1 2 4 8 16 32 64
 327  823  337 0  61 1 7 1 2 4 8 16 32 64
 328  726   20 0  89 1 7 1 2 4 8 16 32 64
 329  970  343 0  51 1 7 1 2 4 8 16 32 64
 330  848  650 0  74 1 7 1 2 4 8 16 32 64
 331  816  916 0  68 1 7 1 2 4 8 16 32 64
 332  714  454 0  23 1 7 1 2 4 8 16 32 64
 333  249  350 0  16 1 7 1 2 4 8 16 32 64
 334  742  755 0   6 1 7 1 2 4 8 16 32 64
 335  470  549 0   5 1 7 1 2 4 8 16 32 64
 336  715  265 0   1 1 7 1 2 4 8 16 32 64
 337  297  816 0  96 1 7 1 2 4 8 16 32 64
 338  626  536 0  87 1 7 1 2 4 8 16 32 64
 339  558  372 0  99 1 7 1 2 4 8 16 32 64
 340  845  215 0  45 1 7 1 2 4 8 16 32 64
 341  527  915 0  67 1 7 1 2 4 8 16 32 64
 342  918  720 0  91 1 7 1 2 4 8 16 32 64
 343  185  340 0  49 1 7 1 2 4 8 16 32 64
 344  962  422 0  39 1 7 1 2 4 8 16 32 64
 345  853  758 0  47 1 7 1 2 4 8 16 32 64
 346   42  840 0  30 1 7 1 2 4 8 16 32 64
 347  493  818 0  49 1 7 1 2 4 8 16 32 64
 348  339  789 0 100 1 7 1 2 4 8 16 32 64
 349  523  773 0   4 1 7 1 2 4 8 16 32 64
 350  385   41 0  49 1 7 1 2 4 8 16 32 64
 351  618    4 0  41 1 7 1 2 4 8 16 32 64
 352  777  835 0  11 1 7 1 2 4 8 16 32 64
 353  599  880 0  80 1 7 1 2 4 8 16 32 64
 354  617  994 0  90 1 7 1 2 4 8 16 32 64
 355  776  216 0   8 1 7 1 2 4 8 16 32 64
 356  478  839 0  90 1 7 1 2 4 8 16 32 64
 357  412  971 0  70 1 7 1 2 4 8 16 32 64
 358    3  964 0  92 1 7 1 2 4 8 16 32 64
 359  839  759 0  41 1 7 1 2 4 8 16 32 64
 360  299  808 0  88 1 7 1 2 4 8 16 32 64
 361   81  151 0  91 1 7 1 2 4 8 16 32 64
 362  632  881 0  34 1 7 1 2 4 8 16 32 64
 363  660  481 0   5 1 7 1 2 4 8 16 32 64
 364  341  176 0  56 1 7 1 2 4 8 16 32 64
 365  485  322 0  18 1 7 1 2 4 8 16 32 64
 366  546  681 0  92 1 7 1 2 4 8 16 32 64
 367  914  532 0  89 1 7 1 2 4 8 16 32 64
 368  290  409 0  18 1 7 1 2 4 8 16 32 64
 369  403  783 0  84 1 7 1 2 4 8 16 32 64
 370  405  433 0  36 1 7 1 2 4 8 16 32 64
 371  877  723 0  12 1 7 1 2 4 8 16 32 64
 372  718  130 0   6 1 7 1 2 4 8 16 32 64
 373  603  852 0  18 1 7 1 2 4 8 16 32 64
 374  692  738 0   1 1 7 1 2 4 8 16 32 64
 375  236  464 0  23 1 7 1 2 4 8 16 32 64
 376   29  407 0  15 1 7 1 2 4 8 16 32 64
 377  565  345 0  22 1 7 1 2 4 8 16 32 64
 378  407  351 0  91 1 7 1 2 4 8 16 32 64
 379  419  240 0  26 1 7 1 2 4 8 16 32 64
 380  624  641 0  31 1 7 1 2 4 8 16 32 64
 381  874  641 0  50 1 7 1 2 4 8 16 32 64
 382   55  128 0  27 1 7 1 2 4 8 16 32 64
 383  890  509 0  77 1 7 1 2 4 8 16 32 64
 384  119   26 0  88 1 7 1 2 4 8 16 32 64
 385  623  278 0  29 1 7 1 2 4 8 16 32 64
 386  644  961 0  98 1 7 1 2 4 8 16 32 64
 387  432  558 0  64 1 7 1 2 4 8 16 32 64
 388  224   39 0  99 1 7 1 2 4 8 16 32 64
 389  414  147 0   6 1 7 1 2 4 8 16 32 64
 390  232  924 0  50 1 7 1 2 4 8 16 32 64
 391  824  746 0  81 1 7 1 2 4 8 16 32 64
 392  275  665 0  78 1 7 1 2 4 8 16 32 64
 393  411   73 0  64 1 7 1 2 4 8 16 32 64
 394  928   56 0  52 1 7 1 2 4 8 16 32 64
 395  391  631 0  86 1 7 1 2 4 8 16 32 64
 396  421  239 0  30 1 7 1 2 4 8 16 32 64
 397  735   66 0  51 1 7 1 2 4 8 16 32 64
 398  380  161 0  91 1 7 1 2 4 8 16 32 64
 399  120  764 0  19 1 7 1 2 4 8 16 32 64
 400  776  870 0  31 1 7 1 2 4 8 16 32 64
 401 1000   57 0  82 1 7 1 2 4 8 16 32 64
 402  910  252 0  34 1 7 1 2 4 8 16 32 64
 403  677  904 0  94 1 7 1 2 4 8 16 32 64
 404  566  647 0  19 1 7 1 2 4 8 16 32 64
 405  410  558 0  99 1 7 1 2 4 8 16 32 64
 406  543  446 0  71 1 7 1 2 4 8 16 32 64
 407  272  188 0  44 1 7 1 2 4 8 16 32 64
 408  598  651 0  26 1 7 1 2 4 8 16 32 64
 409  198  461 0  72 1 7 1 2 4 8 16 32 64
 410  254  243 0  84 1 7 1 2 4 8 16 32 64
 411  117  666 0  64 1 7 1 2 4 8 16 32 64
 412  441  210 0  76 1 7 1 2 4 8 16 32 64
 413   63  476 0  58 1 7 1 2 4 8 16 32 64
 414  236   56 0  93 1 7 1 2 4 8 16 32 64
 415   44  107 0  17 1 7 1 2 4 8 16 32 64
 416  341   33 0  89 1 7 1 2 4 8 16 32 64
 417  537  452 0  21 1 7 1 2 4 8 16 32 64
 418  347   24 0  83 1 7 1 2 4 8 16 32 64
 419  491  986 0  45 1 7 1 2 4 8 16 32 64
 420  830  391 0  76 1 7 1 2 4 8 16 32 64
 421  825   34 0  94 1 7 1 2 4 8 16 32 64
 422  837   54 0  51 1 7 1 2 4 8 16 32 64
 423  736  569 0  27 1 7 1 2 4 8 16 32 64
 424  870  341 0  75 1 7 1 2 4 8 16 32 64
 425  360  393 0  67 1 7 1 2 4 8 16 32 64
 426  726  114 0  82 1 7 1 2 4 8 16 32 64
 427   74  325 0  18 1 7 1 2 4 8 16 32 64
 428  566  509 0  31 1 7 1 2 4 8 16 32 64
 429  621  220 0  95 1 7 1 2 4 8 16 32 64
 430    3  493 0  51 1 7 1 2 4 8 16 32 64
 431    0  189 0 100 1 7 1 2 4 8 16 32 64
 432  728  704 0  30 1 7 1 2 4 8 16 32 64
 433  533  216 0   3 1 7 1 2 4 8 16 32 64
 434   27  433 0   2 1 7 1 2 4 8 16 32 64
 435  186  844 0   9 1 7 1 2 4 8 16 32 64
 436  820    0 0  97 1 7 1 2 4 8 16 32 64
 437  679  730 0  82 1 7 1 2 4 8 16 32 64
 438  846  146 0  11 1 7 1 2 4 8 16 32 64
 439  763  653 0  81 1 7 1 2 4 8 16 32 64
 440  393  756 0  39 1 7 1 2 4 8 16 32 64
 441  818  165 0 100 1 7 1 2 4 8 16 32 64
 442  871  560 0  16 1 7 1 2 4 8 16 32 64
 443  790  684 0  81 1 7 1 2 4 8 16 32 64
 444  357  706 0 100 1 7 1 2 4 8 16 32 64
 445  673  625 0  32 1 7 1 2 4 8 16 32 64
 446  129  351 0  95 1 7 1 2 4 8 16 32 64
 447   22  681 0  73 1 7 1 2 4 8 16 32 64
 448  651  582 0   7 1 7 1 2 4 8 16 32 64
 449  669  363 0  11 1 7 1 2 4 8 16 32 64
 450   74  897 0  47 1 7 1 2 4 8 16 32 64
 451  775  662 0  49 1 7 1 2 4 8 16 32 64
 452  352  372 0  86 1 7 1 2 4 8 16 32 64
 453  548  880 0  92 1 7 1 2 4 8 16 32 64
 454  574  204 0   9 1 7 1 2 4 8 16 32 64
 455  626  463 0  37 1 7 1 2 4 8 16 32 64
 456  757  276 0  44 1 7 1 2 4 8 16 32 64
 457  707  173 0  78 1 7 1 2 4 8 16 32 64
 458  971  512 0  18 1 7 1 2 4 8 16 32 64
 459  370  724 0  40 1 7 1 2 4 8 16 32 64
 460  663   74 0  73 1 7 1 2 4 8 16 32 64
 461  361  421 0  76 1 7 1 2 4 8 16 32 64
 462  927  217 0   2 1 7 1 2 4 8 16 32 64
 463  678  545 0  42 1 7 1 2 4 8 16 32 64
 464  402  761 0  58 1 7 1 2 4 8 16 32 64
 465  248  904 0  52 1 7 1 2 4 8 16 32 64
 466  938  292 0  13 1 7 1 2 4 8 16 32 64
 467  620  906 0 100 1 7 1 2 4 8 16 32 64
 468  814  852 0  15 1 7 1 2 4 8 16 32 64
 469  676    0 0  34 1 7 1 2 4 8 16 32 64
 470  776   62 0  29 1 7 1 2 4 8 16 32 64
 471  662  301 0  81 1 7 1 2 4 8 16 32 64
 472  493  326 0  76 1 7 1 2 4 8 16 32 64
 473  179  583 0  91 1 7 1 2 4 8 16 32 64
 474  142  399 0  39 1 7 1 2 4 8 16 32 64
 475  468  384 0  85 1 7 1 2 4 8 16 32 64
 476  946  760 0   1 1 7 1 2 4 8 16 32 64
 477  912  578 0  31 1 7 1 2 4 8 16 32 64
 478  245  120 0  45 1 7 1 2 4 8 16 32 64
 479  761  427 0  45 1 7 1 2 4 8 16 32 64
 480  438  500 0   9 1 7 1 2 4 8 16 32 64
 481  269  829 0  36 1 7 1 2 4 8 16 32 64
 482  779  325 0  34 1 7 1 2 4 8 16 32 64
 483  881  764 0  91 1 7 1 2 4 8 16 32 64
 484  246  206 0  26 1 7 1 2 4 8 16 32 64
 485  173  777 0  49 1 7 1 2 4 8 16 32 64
 486  505  528 0  70 1 7 1 2 4 8 16 32 64
 487  259  581 0  34 1 7 1 2 4 8 16 32 64
 488  186  698 0   4 1 7 1 2 4 8 16 32 64
 489  119  745 0  22 1 7 1 2 4 8 16 32 64
 490  433  884 0  62 1 7 1 2 4 8 16 32 64
 491  886  764 0  42 1 7 1 2 4 8 16 32 64
 492  244  905 0  95 1 7 1 2 4 8 16 32 64
 493  996  847 0  45 1 7 1 2 4 8 16 32 64
 494  122  725 0  61 1 7 1 2 4 8 16 32 64
 495  239  336 0  50 1 7 1 2 4 8 16 32 64
 496  798   61 0  30 1 7 1 2 4 8 16 32 64
 497  945  568 0  92 1 7 1 2 4 8 16 32 64
 498  820  917 0  56 1 7 1 2 4 8 16 32 64
 499  454  103 0  46 1 7 1 2 4 8 16 32 64
 500  123  182 0  37 1 7 1 2 4 8 16 32 64
 501  437  134 0  77 1 7 1 2 4 8 16 32 64
 502   34  616 0  12 1 7 1 2 4 8 16 32 64
 503  505  728 0  67 1 7 1 2 4 8 16 32 64
 504  863  298 0  89 1 7 1 2 4 8 16 32 64
 505  453  578 0   3 1 7 1 2 4 8 16 32 64
 506  937  547 0  73 1 7 1 2 4 8 16 32 64
 507  813  694 0  74 1 7 1 2 4 8 16 32 64
 508  157  385 0  50 1 7 1 2 4 8 16 32 64
 509   11  170 0  91 1 7 1 2 4 8 16 32 64
 510  160   12 0  28 1 7 1 2 4 8 16 32 64
 511  232  128 0  56 1 7 1 2 4 8 16 32 64
 512  884  384 0  41 1 7 1 2 4 8 16 32 64
 513   58   17 0   1 1 7 1 2 4 8 16 32 64
 514  121  403 0  76 1 7 1 2 4 8 16 32 64
 515  890  399 0  75 1 7 1 2 4 8 16 32 64
 516  914  493 0  27 1 7 1 2 4 8 16 32 64
 517  742  606 0  19 1 7 1 2 4 8 16 32 64
 518  788  767 0   7 1 7 1 2 4 8 16 32 64
 519   46  944 0  49 1 7 1 2 4 8 16 32 64
 520  184  515 0  37 1 7 1 2 4 8 16 32 64
 521  770  940 0   3 1 7 1 2 4 8 16 32 64
 522  597  707 0  45 1 7 1 2 4 8 16 32 64
 523  427  146 0  57 1 7 1 2 4 8 16 32 64
 524  972  408 0  20 1 7 1 2 4 8 16 32 64
 525   99  581 0  11 1 7 1 2 4 8 16 32 64
 526  618   55 0  53 1 7 1 2 4 8 16 32 64
 527  899  864 0  15 1 7 1 2 4 8 16 32 64
 528  604  116 0  27 1 7 1 2 4 8 16 32 64
 529  170  756 0  44 1 7 1 2 4 8 16 32 64
 530  889  546 0  49 1 7 1 2 4 8 16 32 64
 531  114  678 0  14 1 7 1 2 4 8 16 32 64
 532  425  225 0  72 1 7 1 2 4 8 16 32 64
 533  784  352 0  13 1 7 1 2 4 8 16 32 64
 534  426  956 0  21 1 7 1 2 4 8 16 32 64
 535   51  261 0  93 1 7 1 2 4 8 16 32 64
 536  776  369 0  46 1 7 1 2 4 8 16 32 64
 537   57  318 0  93 1 7 1 2 4 8 16 32 64
 538  872  976 0  15 1 7 1 2 4 8 16 32 64
 539  800  841 0  72 1 7 1 2 4 8 16 32 64
 540  230  524 0  90 1 7 1 2 4 8 16 32 64
 541  307  210 0   9 1 7 1 2 4 8 16 32 64
 542  483  108 0  19 1 7 1 2 4 8 16 32 64
 543  877  309 0  56 1 7 1 2 4 8 16 32 64
 544  504   46 0  68 1 7 1 2 4 8 16 32 64
 545  768  536 0  29 1 7 1 2 4 8 16 32 64
 546  275  499 0  29 1 7 1 2 4 8 16 32 64
 547  455  187 0  54 1 7 1 2 4 8 16 32 64
 548   67  539 0  60 1 7 1 2 4 8 16 32 64
 549  315  217 0  67 1 7 1 2 4 8 16 32 64
 550   92  845 0  96 1 7 1 2 4 8 16 32 64
 551  502  308 0   5 1 7 1 2 4 8 16 32 64
 552   25  379 0  58 1 7 1 2 4 8 16 32 64
 553  214  338 0  48 1 7 1 2 4 8 16 32 64
 554  533  169 0  82 1 7 1 2 4 8 16 32 64
 555  739  912 0  22 1 7 1 2 4 8 16 32 64
 556  112  147 0  52 1 7 1 2 4 8 16 32 64
 557  908  808 0  22 1 7 1 2 4 8 16 32 64
 558   35   81 0  81 1 7 1 2 4 8 16 32 64
 559  376  262 0  12 1 7 1 2 4 8 16 32 64
 560   57  303 0  98 1 7 1 2 4 8 16 32 64
 561  208  840 0  88 1 7 1 2 4 8 16 32 64
 562  677  425 0  93 1 7 1 2 4 8 16 32 64
 563  985  638 0  96 1 7 1 2 4 8 16 32 64
 564  969  533 0  12 1 7 1 2 4 8 16 32 64
 565  252  882 0  29 1 7 1 2 4 8 16 32 64
 566  148  698 0  40 1 7 1 2 4 8 16 32 64
 567  655  330 0  66 1 7 1 2 4 8 16 32 64
 568  306  894 0  58 1 7 1 2 4 8 16 32 64
 569  584  537 0  22 1 7 1 2 4 8 16 32 64
 570  535  628 0  33 1 7 1 2 4 8 16 32 64
 571  217    7 0  59 1 7 1 2 4 8 16 32 64
 572  685  249 0  41 1 7 1 2 4 8 16 32 64
 573  573  300 0  29 1 7 1 2 4 8 16 32 64
 574  169  403 0  82 1 7 1 2 4 8 16 32 64
 575  364  535 0  20 1 7 1 2 4 8 16 32 64
 576  685  509 0  12 1 7 1 2 4 8 16 32 64
 577  282  542 0  57 1 7 1 2 4 8 16 32 64
 578  484  660 0   1 1 7 1 2 4 8 16 32 64
 579  397  406 0   3 1 7 1 2 4 8 16 32 64
 580  776  408 0  98 1 7 1 2 4 8 16 32 64
 581  875  231 0  64 1 7 1 2 4 8 16 32 64
 582  571  849 0  19 1 7 1 2 4 8 16 32 64
 583  935  643 0  92 1 7 1 2 4 8 16 32 64
 584  476   42 0  25 1 7 1 2 4 8 16 32 64
 585  242  587 0  43 1 7 1 2 4 8 16 32 64
 586  262  407 0  86 1 7 1 2 4 8 16 32 64
 587  333  714 0  82 1 7 1 2 4 8 16 32 64
 588  984  931 0  34 1 7 1 2 4 8 16 32 64
 589  650  951 0  82 1 7 1 2 4 8 16 32 64
 590  225   81 0  98 1 7 1 2 4 8 16 32 64
 591   59  623 0   9 1 7 1 2 4 8 16 32 64
 592  539  664 0  91 1 7 1 2 4 8 16 32 64
 593  728  535 0  50 1 7 1 2 4 8 16 32 64
 594  568  627 0  63 1 7 1 2 4 8 16 32 64
 595  790  372 0  17 1 7 1 2 4 8 16 32 64
 596  765  906 0  82 1 7 1 2 4 8 16 32 64
 597  816  703 0  79 1 7 1 2 4 8 16 32 64
 598  231  858 0   7 1 7 1 2 4 8 16 32 64
 599  381  415 0  70 1 7 1 2 4 8 16 32 64
 600  114  140 0  77 1 7 1 2 4 8 16 32 64
 601  730  904 0  43 1 7 1 2 4 8 16 32 64
 602   87  358 0  77 1 7 1 2 4 8 16 32 64
 603  656   13 0  13 1 7 1 2 4 8 16 32 64
 604  337  649 0  47 1 7 1 2 4 8 16 32 64
 605  263  584 0  22 1 7 1 2 4 8 16 32 64
 606  570  910 0  53 1 7 1 2 4 8 16 32 64
 607  784  457 0  67 1 7 1 2 4 8 16 32 64
 608  899  992 0  88 1 7 1 2 4 8 16 32 64
 609  816  946 0  83 1 7 1 2 4 8 16 32 64
 610  982  765 0  99 1 7 1 2 4 8 16 32 64
 611  122  102 0  67 1 7 1 2 4 8 16 32 64
 612  209   89 0  12 1 7 1 2 4 8 16 32 64
 613  317  110 0  82 1 7 1 2 4 8 16 32 64
 614   22  578 0  22 1 7 1 2 4 8 16 32 64
 615  247  696 0  29 1 7 1 2 4 8 16 32 64
 616  640  331 0  34 1 7 1 2 4 8 16 32 64
 617  769   58 0  72 1 7 1 2 4 8 16 32 64
 618  482  966 0  73 1 7 1 2 4 8 16 32 64
 619  952  861 0  13 1 7 1 2 4 8 16 32 64
 620  815  713 0  75 1 7 1 2 4 8 16 32 64
 621  693  433 0  83 1 7 1 2 4 8 16 32 64
 622  159  510 0  63 1 7 1 2 4 8 16 32 64
 623  306  230 0  85 1 7 1 2 4 8 16 32 64
 624  475  149 0  28 1 7 1 2 4 8 16 32 64
 625   74  481 0  98 1 7 1 2 4 8 16 32 64
 626  781  631 0  14 1 7 1 2 4 8 16 32 64
 627  247  327 0  65 1 7 1 2 4 8 16 32 64
 628  263   36 0   6 1 7 1 2 4 8 16 32 64
 629   87  151 0  69 1 7 1 2 4 8 16 32 64
 630  132  153 0  61 1 7 1 2 4 8 16 32 64
 631  563  659 0  69 1 7 1 2 4 8 16 32 64
 632  919  649 0  48 1 7 1 2 4 8 16 32 64
 633  467  278 0  92 1 7 1 2 4 8 16 32 64
 634  372  954 0  36 1 7 1 2 4 8 16 32 64
 635  652  160 0  55 1 7 1 2 4 8 16 32 64
 636  704  931 0   8 1 7 1 2 4 8 16 32 64
 637  320   49 0  63 1 7 1 2 4 8 16 32 64
 638  650  109 0  27 1 7 1 2 4 8 16 32 64
 639  698  449 0  91 1 7 1 2 4 8 16 32 64
 640  288  322 0  93 1 7 1 2 4 8 16 32 64
 641  203  984 0   8 1 7 1 2 4 8 16 32 64
 642  174  939 0  76 1 7 1 2 4 8 16 32 64
 643  632  880 0  34 1 7 1 2 4 8 16 32 64
 644  923  678 0  92 1 7 1 2 4 8 16 32 64
 645  877  818 0  23 1 7 1 2 4 8 16 32 64
 646  368  353 0  39 1 7 1 2 4 8 16 32 64
 647  744  473 0  48 1 7 1 2 4 8 16 32 64
 648  316  627 0  16 1 7 1 2 4 8 16 32 64
 649  711  541 0  35 1 7 1 2 4 8 16 32 64
 650  611   31 0  58 1 7 1 2 4 8 16 32 64
 651  376  747 0  21 1 7 1 2 4 8 16 32 64
 652  444  893 0  26 1 7 1 2 4 8 16 32 64
 653  808  326 0  51 1 7 1 2 4 8 16 32 64
 654  558  714 0  11 1 7 1 2 4 8 16 32 64
 655  135  705 0  21 1 7 1 2 4 8 16 32 64
 656  101  959 0  56 1 7 1 2 4 8 16 32 64
 657  436  273 0  11 1 7 1 2 4 8 16 32 64
 658  314  777 0  67 1 7 1 2 4 8 16 32 64
 659   81  804 0  95 1 7 1 2 4 8 16 32 64
 660  421  962 0  83 1 7 1 2 4 8 16 32 64
 661  907  578 0  67 1 7 1 2 4 8 16 32 64
 662   85  904 0  39 1 7 1 2 4 8 16 32 64
 663  853  947 0  17 1 7 1 2 4 8 16 32 64
 664   24  971 0  78 1 7 1 2 4 8 16 32 64
 665  230  808 0  23 1 7 1 2 4 8 16 32 64
 666  642  403 0  63 1 7 1 2 4 8 16 32 64
 667  141  194 0  32 1 7 1 2 4 8 16 32 64
 668  253  520 0  12 1 7 1 2 4 8 16 32 64
 669  202   75 0   1 1 7 1 2 4 8 16 32 64
 670  775  604 0  59 1 7 1 2 4 8 16 32 64
 671  890   40 0  34 1 7 1 2 4 8 16 32 64
 672   36  114 0  18 1 7 1 2 4 8 16 32 64
 673  256  786 0  19 1 7 1 2 4 8 16 32 64
 674  608  186 0  23 1 7 1 2 4 8 16 32 64
 675  702  158 0  15 1 7 1 2 4 8 16 32 64
 676  748  266 0  41 1 7 1 2 4 8 16 32 64
 677  868  350 0  30 1 7 1 2 4 8 16 32 64
 678  383  268 0  23 1 7 1 2 4 8 16 32 64
 679  844  117 0  91 1 7 1 2 4 8 16 32 64
 680   77  326 0  85 1 7 1 2 4 8 16 32 64
 681  414  190 0  17 1 7 1 2 4 8 16 32 64
 682  183  611 0  91 1 7 1 2 4 8 16 32 64
 683  877  418 0  93 1 7 1 2 4 8 16 32 64
 684  447  960 0   4 1 7 1 2 4 8 16 32 64
 685  484  910 0  75 1 7 1 2 4 8 16 32 64
 686  661  322 0  59 1 7 1 2 4 8 16 32 64
 687  850  353 0  31 1 7 1 2 4 8 16 32 64
 688   97  289 0  62 1 7 1 2 4 8 16 32 64
 689  904  843 0   2 1 7 1 2 4 8 16 32 64
 690  783  680 0  70 1 7 1 2 4 8 16 32 64
 691   94    9 0  39 1 7 1 2 4 8 16 32 64
 692  110  106 0  33 1 7 1 2 4 8 16 32 64
 693  800  684 0  94 1 7 1 2 4 8 16 32 64
 694  234  209 0  13 1 7 1 2 4 8 16 32 64
 695  470  220 0  98 1 7 1 2 4 8 16 32 64
 696  763  563 0  34 1 7 1 2 4 8 16 32 64
 697   46  512 0  48 1 7 1 2 4 8 16 32 64
 698  503  871 0  98 1 7 1 2 4 8 16 32 64
 699  369  189 0  29 1 7 1 2 4 8 16 32 64
 700  723  239 0  11 1 7 1 2 4 8 16 32 64
 701  436  592 0  28 1 7 1 2 4 8 16 32 64
 702  887   81 0  16 1 7 1 2 4 8 16 32 64
 703  978  485 0  15 1 7 1 2 4 8 16 32 64
 704  996  519 0  50 1 7 1 2 4 8 16 32 64
 705  819  802 0   3 1 7 1 2 4 8 16 32 64
 706   34  465 0  54 1 7 1 2 4 8 16 32 64
 707  962  675 0  10 1 7 1 2 4 8 16 32 64
 708  880  832 0  61 1 7 1 2 4 8 16 32 64
 709  163  901 0  11 1 7 1 2 4 8 16 32 64
 710    8  179 0  28 1 7 1 2 4 8 16 32 64
 711  431  955 0  61 1 7 1 2 4 8 16 32 64
 712  871  980 0  13 1 7 1 2 4 8 16 32 64
 713  105  253 0  38 1 7 1 2 4 8 16 32 64
 714  229  922 0  68 1 7 1 2 4 8 16 32 64
 715  495  481 0   7 1 7 1 2 4 8 16 32 64
 716  270   39 0  97 1 7 1 2 4 8 16 32 64
 717  481  720 0  56 1 7 1 2 4 8 16 32 64
 718  141  928 0  99 1 7 1 2 4 8 16 32 64
 719  806  740 0  89 1 7 1 2 4 8 16 32 64
 720  673  912 0  36 1 7 1 2 4 8 16 32 64
 721  577  184 0  59 1 7 1 2 4 8 16 32 64
 722  467  139 0  62 1 7 1 2 4 8 16 32 64
 723  176    1 0  46 1 7 1 2 4 8 16 32 64
 724  344  235 0  78 1 7 1 2 4 8 16 32 64
 725  127  882 0  51 1 7 1 2 4 8 16 32 64
 726  568   23 0  36 1 7 1 2 4 8 16 32 64
 727  773  146 0  86 1 7 1 2 4 8 16 32 64
 728  300   48 0  64 1 7 1 2 4 8 16 32 64
 729  711  343 0  33 1 7 1 2 4 8 16 32 64
 730  623  947 0  95 1 7 1 2 4 8 16 32 64
 731  693  574 0  73 1 7 1 2 4 8 16 32 64
 732  924  928 0  87 1 7 1 2 4 8 16 32 64
 733  645  225 0  94 1 7 1 2 4 8 16 32 64
 734  468   97 0  74 1 7 1 2 4 8 16 32 64
 735  713  423 0  83 1 7 1 2 4 8 16 32 64
 736  625  593 0  91 1 7 1 2 4 8 16 32 64
 737  430  480 0  38 1 7 1 2 4 8 16 32 64
 738  842  162 0  55 1 7 1 2 4 8 16 32 64
 739  515  637 0  34 1 7 1 2 4 8 16 32 64
 740  595  685 0  54 1 7 1 2 4 8 16 32 64
 741  254  637 0  20 1 7 1 2 4 8 16 32 64
 742  464  883 0  99 1 7 1 2 4 8 16 32 64
 743  475  509 0   7 1 7 1 2 4 8 16 32 64
 744  593  655 0  59 1 7 1 2 4 8 16 32 64
 745  718  519 0  95 1 7 1 2 4 8 16 32 64
 746  565  267 0  92 1 7 1 2 4 8 16 32 64
 747  482  508 0  92 1 7 1 2 4 8 16 32 64
 748  534  177 0  75 1 7 1 2 4 8 16 32 64
 749  242  267 0  73 1 7 1 2 4 8 16 32 64
 750  240  289 0  85 1 7 1 2 4 8 16 32 64
 751  863  457 0 100 1 7 1 2 4 8 16 32 64
 752  533  280 0  26 1 7 1 2 4 8 16 32 64
 753  257  804 0  15 1 7 1 2 4 8 16 32 64
 754  997  631 0  48 1 7 1 2 4 8 16 32 64
 755  346  678 0  67 1 7 1 2 4 8 16 32 64
 756  271  612 0  10 1 7 1 2 4 8 16 32 64
 757  312  544 0  21 1 7 1 2 4 8 16 32 64
 758  650  629 0  71 1 7 1 2 4 8 16 32 64
 759  478  783 0  45 1 7 1 2 4 8 16 32 64
 760  897  308 0  67 1 7 1 2 4 8 16 32 64
 761  931  983 0   9 1 7 1 2 4 8 16 32 64
 762  988  715 0  93 1 7 1 2 4 8 16 32 64
 763   39  542 0  49 1 7 1 2 4 8 16 32 64
 764  973  873 0  54 1 7 1 2 4 8 16 32 64
 765  984   94 0  73 1 7 1 2 4 8 16 32 64
 766  781  151 0   4 1 7 1 2 4 8 16 32 64
 767   79  634 0   2 1 7 1 2 4 8 16 32 64
 768  402  949 0  91 1 7 1 2 4 8 16 32 64
 769  809  673 0  40 1 7 1 2 4 8 16 32 64
 770  571  837 0   5 1 7 1 2 4 8 16 32 64
 771  517  474 0  96 1 7 1 2 4 8 16 32 64
 772  579  104 0  86 1 7 1 2 4 8 16 32 64
 773  484  386 0   3 1 7 1 2 4 8 16 32 64
 774  952  954 0  89 1 7 1 2 4 8 16 32 64
 775  417  815 0  31 1 7 1 2 4 8 16 32 64
 776  994  683 0  20 1 7 1 2 4 8 16 32 64
 777   94  299 0  64 1 7 1 2 4 8 16 32 64
 778  909  373 0  81 1 7 1 2 4 8 16 32 64
 779  368  887 0  90 1 7 1 2 4 8 16 32 64
 780  909  467 0  12 1 7 1 2 4 8 16 32 64
 781  869  741 0  45 1 7 1 2 4 8 16 32 64
 782  777  888 0  94 1 7 1 2 4 8 16 32 64
 783  727  898 0  79 1 7 1 2 4 8 16 32 64
 784  984  795 0  15 1 7 1 2 4 8 16 32 64
 785  800  715 0  56 1 7 1 2 4 8 16 32 64
 786  705  457 0  72 1 7 1 2 4 8 16 32 64
 787  766  159 0  95 1 7 1 2 4 8 16 32 64
 788  698  202 0  33 1 7 1 2 4 8 16 32 64
 789  864   69 0  40 1 7 1 2 4 8 16 32 64
 790  831  292 0  96 1 7 1 2 4 8 16 32 64
 791  991  239 0  58 1 7 1 2 4 8 16 32 64
 792  707  105 0  55 1 7 1 2 4 8 16 32 64
 793  750  923 0  97 1 7 1 2 4 8 16 32 64
 794  554  105 0  37 1 7 1 2 4 8 16 32 64
 795  567  905 0  36 1 7 1 2 4 8 16 32 64
 796  634  535 0  51 1 7 1 2 4 8 16 32 64
 797  978  737 0  41 1 7 1 2 4 8 16 32 64
 798  481  342 0  61 1 7 1 2 4 8 16 32 64
 799  904  460 0  41 1 7 1 2 4 8 16 32 64
 800  373  843 0  30 1 7 1 2 4 8 16 32 64
 801  593  712 0  75 1 7 1 2 4 8 16 32 64
 802  655  691 0  95 1 7 1 2 4 8 16 32 64
 803  829  992 0  56 1 7 1 2 4 8 16 32 64
 804  521    6 0  75 1 7 1 2 4 8 16 32 64
 805  452  996 0  84 1 7 1 2 4 8 16 32 64
 806  472  154 0  73 1 7 1 2 4 8 16 32 64
 807  160  851 0  65 1 7 1 2 4 8 16 32 64
 808  634  163 0  19 1 7 1 2 4 8 16 32 64
 809  549  290 0  31 1 7 1 2 4 8 16 32 64
 810  729  617 0  83 1 7 1 2 4 8 16 32 64
 811  809  773 0  27 1 7 1 2 4 8 16 32 64
 812  463  324 0  86 1 7 1 2 4 8 16 32 64
 813  538  926 0  44 1 7 1 2 4 8 16 32 64
 814   21  901 0  68 1 7 1 2 4 8 16 32 64
 815  866    8 0  95 1 7 1 2 4 8 16 32 64
 816  847  185 0  53 1 7 1 2 4 8 16 32 64
 817  454  621 0  54 1 7 1 2 4 8 16 32 64
 818  440  206 0  17 1 7 1 2 4 8 16 32 64
 819   82  719 0  43 1 7 1 2 4 8 16 32 64
 820  714   57 0  27 1 7 1 2 4 8 16 32 64
 821  503  311 0  35 1 7 1 2 4 8 16 32 64
 822  514  973 0  72 1 7 1 2 4 8 16 32 64
 823  929  389 0  73 1 7 1 2 4 8 16 32 64
 824  546  177 0  59 1 7 1 2 4 8 16 32 64
 825  446  977 0  37 1 7 1 2 4 8 16 32 64
 826  909  948 0  97 1 7 1 2 4 8 16 32 64
 827  238  780 0  57 1 7 1 2 4 8 16 32 64
 828  667  107 0  47 1 7 1 2 4 8 16 32 64
 829   32  202 0  10 1 7 1 2 4 8 16 32 64
 830  568  276 0  78 1 7 1 2 4 8 16 32 64
 831  502  831 0  50 1 7 1 2 4 8 16 32 64
 832  282  616 0  59 1 7 1 2 4 8 16 32 64
 833  770  210 0  31 1 7 1 2 4 8 16 32 64
 834  688  526 0  55 1 7 1 2 4 8 16 32 64
 835  984  791 0  99 1 7 1 2 4 8 16 32 64
 836  207  384 0  91 1 7 1 2 4 8 16 32 64
 837  623  384 0  75 1 7 1 2 4 8 16 32 64
 838  352  405 0  96 1 7 1 2 4 8 16 32 64
 839  433  385 0  65 1 7 1 2 4 8 16 32 64
 840  658  453 0  51 1 7 1 2 4 8 16 32 64
 841  927  787 0  76 1 7 1 2 4 8 16 32 64
 842   65  311 0  25 1 7 1 2 4 8 16 32 64
 843   38  320 0  68 1 7 1 2 4 8 16 32 64
 844  367  509 0  98 1 7 1 2 4 8 16 32 64
 845  174  258 0  82 1 7 1 2 4 8 16 32 64
 846  232  583 0   8 1 7 1 2 4 8 16 32 64
 847  957  388 0  14 1 7 1 2 4 8 16 32 64
 848  573  893 0  74 1 7 1 2 4 8 16 32 64
 849   38  401 0  66 1 7 1 2 4 8 16 32 64
 850  533  300 0  49 1 7 1 2 4 8 16 32 64
 851  729  622 0  78 1 7 1 2 4 8 16 32 64
 852  866  260 0  38 1 7 1 2 4 8 16 32 64
 853   11  939 0  89 1 7 1 2 4 8 16 32 64
 854  294  645 0  73 1 7 1 2 4 8 16 32 64
 855  898  932 0  26 1 7 1 2 4 8 16 32 64
 856  329   86 0  49 1 7 1 2 4 8 16 32 64
 857   45  502 0  79 1 7 1 2 4 8 16 32 64
 858  774  785 0  10 1 7 1 2 4 8 16 32 64
 859  887  611 0  99 1 7 1 2 4 8 16 32 64
 860  404  539 0  39 1 7 1 2 4 8 16 32 64
 861  674  204 0  52 1 7 1 2 4 8 16 32 64
 862  206  960 0  80 1 7 1 2 4 8 16 32 64
 863  381   38 0  56 1 7 1 2 4 8 16 32 64
 864   39  883 0  58 1 7 1 2 4 8 16 32 64
 865  682   49 0  65 1 7 1 2 4 8 16 32 64
 866  979  847 0   3 1 7 1 2 4 8 16 32 64
 867  114  649 0  84 1 7 1 2 4 8 16 32 64
 868  356  748 0  82 1 7 1 2 4 8 16 32 64
 869  390  608 0  58 1 7 1 2 4 8 16 32 64
 870  539  422 0  11 1 7 1 2 4 8 16 32 64
 871   22  943 0  71 1 7 1 2 4 8 16 32 64
 872  218  142 0  67 1 7 1 2 4 8 16 32 64
 873  517   61 0  95 1 7 1 2 4 8 16 32 64
 874  249  527 0  15 1 7 1 2 4 8 16 32 64
 875  550  857 0  65 1 7 1 2 4 8 16 32 64
 876  441  754 0  94 1 7 1 2 4 8 16 32 64
 877  965  899 0  97 1 7 1 2 4 8 16 32 64
 878  274  927 0  46 1 7 1 2 4 8 16 32 64
 879   60   52 0  43 1 7 1 2 4 8 16 32 64
 880  117  433 0  87 1 7 1 2 4 8 16 32 64
 881  685  997 0  90 1 7 1 2 4 8 16 32 64
 882  370  721 0  66 1 7 1 2 4 8 16 32 64
 883  516  516 0  24 1 7 1 2 4 8 16 32 64
 884  986  166 0  93 1 7 1 2 4 8 16 32 64
 885  195  791 0   8 1 7 1 2 4 8 16 32 64
 886  791  148 0  66 1 7 1 2 4 8 16 32 64
 887  238  115 0  15 1 7 1 2 4 8 16 32 64
 888  314  591 0  36 1 7 1 2 4 8 16 32 64
 889  449  642 0  61 1 7 1 2 4 8 16 32 64
 890  569   46 0  11 1 7 1 2 4 8 16 32 64
 891  218  698 0  37 1 7 1 2 4 8 16 32 64
 892  186  987 0  58 1 7 1 2 4 8 16 32 64
 893  839  738 0  91 1 7 1 2 4 8 16 32 64
 894  411  477 0  28 1 7 1 2 4 8 16 32 64
 895  296  346 0  97 1 7 1 2 4 8 16 32 64
 896  987  849 0  48 1 7 1 2 4 8 16 32 64
 897  631  618 0  79 1 7 1 2 4 8 16 32 64
 898  245  327 0  35 1 7 1 2 4 8 16 32 64
 899  608  212 0  69 1 7 1 2 4 8 16 32 64
 900  132  650 0  61 1 7 1 2 4 8 16 32 64
 901  783  988 0  29 1 7 1 2 4 8 16 32 64
 902  937   91 0  10 1 7 1 2 4 8 16 32 64
 903  271  497 0  74 1 7 1 2 4 8 16 32 64
 904   90  180 0  67 1 7 1 2 4 8 16 32 64
 905  484  960 0  16 1 7 1 2 4 8 16 32 64
 906  732  675 0  27 1 7 1 2 4 8 16 32 64
 907  863  711 0   8 1 7 1 2 4 8 16 32 64
 908  905  311 0   9 1 7 1 2 4 8 16 32 64
 909   21  981 0  51 1 7 1 2 4 8 16 32 64
 910  591  953 0  97 1 7 1 2 4 8 16 32 64
 911  890  346 0  19 1 7 1 2 4 8 16 32 64
 912  373  765 0  80 1 7 1 2 4 8 16 32 64
 913   61  600 0  95 1 7 1 2 4 8 16 32 64
 914  675  136 0  88 1 7 1 2 4 8 16 32 64
 915  848  941 0  56 1 7 1 2 4 8 16 32 64
 916  424  180 0  52 1 7 1 2 4 8 16 32 64
 917  634  139 0   5 1 7 1 2 4 8 16 32 64
 918   53  745 0  96 1 7 1 2 4 8 16 32 64
 919  757  310 0  45 1 7 1 2 4 8 16 32 64
 920   65  746 0  39 1 7 1 2 4 8 16 32 64
 921  392  604 0  52 1 7 1 2 4 8 16 32 64
 922  977  582 0  96 1 7 1 2 4 8 16 32 64
 923  243  927 0  54 1 7 1 2 4 8 16 32 64
 924  379  455 0  32 1 7 1 2 4 8 16 32 64
 925  310  759 0  51 1 7 1 2 4 8 16 32 64
 926  958  334 0  19 1 7 1 2 4 8 16 32 64
 927  142  343 0  46 1 7 1 2 4 8 16 32 64
 928  278  151 0  17 1 7 1 2 4 8 16 32 64
 929  751  566 0  61 1 7 1 2 4 8 16 32 64
 930  663  517 0  37 1 7 1 2 4 8 16 32 64
 931  402  317 0  74 1 7 1 2 4 8 16 32 64
 932  611  955 0  30 1 7 1 2 4 8 16 32 64
 933  665  380 0   7 1 7 1 2 4 8 16 32 64
 934  728   40 0  58 1 7 1 2 4 8 16 32 64
 935  710  759 0   5 1 7 1 2 4 8 16 32 64
 936  510  505 0  84 1 7 1 2 4 8 16 32 64
 937  211  578 0  66 1 7 1 2 4 8 16 32 64
 938  613  730 0  18 1 7 1 2 4 8 16 32 64
 939  166  153 0  99 1 7 1 2 4 8 16 32 64
 940  818   52 0  67 1 7 1 2 4 8 16 32 64
 941  924  338 0   4 1 7 1 2 4 8 16 32 64
 942  728  873 0  14 1 7 1 2 4 8 16 32 64
 943  166  754 0  80 1 7 1 2 4 8 16 32 64
 944  993  982 0  44 1 7 1 2 4 8 16 32 64
 945  928  164 0  84 1 7 1 2 4 8 16 32 64
 946  222  895 0  72 1 7 1 2 4 8 16 32 64
 947  146  654 0  85 1 7 1 2 4 8 16 32 64
 948  618  325 0  16 1 7 1 2 4 8 16 32 64
 949   57  839 0  14 1 7 1 2 4 8 16 32 64
 950  520  695 0  50 1 7 1 2 4 8 16 32 64
 951    6  995 0  87 1 7 1 2 4 8 16 32 64
 952  762  442 0  24 1 7 1 2 4 8 16 32 64
 953  315  385 0  38 1 7 1 2 4 8 16 32 64
 954  207  565 0  26 1 7 1 2 4 8 16 32 64
 955  172  662 0  76 1 7 1 2 4 8 16 32 64
 956  133  176 0  89 1 7 1 2 4 8 16 32 64
 957  505  956 0  39 1 7 1 2 4 8 16 32 64
 958  423  646 0  30 1 7 1 2 4 8 16 32 64
 959  610  497 0  39 1 7 1 2 4 8 16 32 64
 960  396   42 0  69 1 7 1 2 4 8 16 32 64
 961  273  768 0  87 1 7 1 2 4 8 16 32 64
 962  922  409 0  31 1 7 1 2 4 8 16 32 64
 963  850  284 0  24 1 7 1 2 4 8 16 32 64
 964  762  170 0   1 1 7 1 2 4 8 16 32 64
 965  194  705 0  66 1 7 1 2 4 8 16 32 64
 966   81  419 0  53 1 7 1 2 4 8 16 32 64
 967  973  748 0  76 1 7 1 2 4 8 16 32 64
 968  586  281 0  94 1 7 1 2 4 8 16 32 64
 969  802  206 0  66 1 7 1 2 4 8 16 32 64
 970  743  731 0  22 1 7 1 2 4 8 16 32 64
 971  302  417 0  55 1 7 1 2 4 8 16 32 64
 972  951  234 0   4 1 7 1 2 4 8 16 32 64
 973  295   11 0   1 1 7 1 2 4 8 16 32 64
 974  874  969 0  34 1 7 1 2 4 8 16 32 64
 975  421  921 0  77 1 7 1 2 4 8 16 32 64
 976  815  733 0  82 1 7 1 2 4 8 16 32 64
 977  595  763 0  97 1 7 1 2 4 8 16 32 64
 978  981  421 0  74 1 7 1 2 4 8 16 32 64
 979  859  730 0  41 1 7 1 2 4 8 16 32 64
 980   20   30 0   4 1 7 1 2 4 8 16 32 64
 981  118   91 0  10 1 7 1 2 4 8 16 32 64
 982  186  615 0  52 1 7 1 2 4 8 16 32 64
 983  207  867 0  43 1 7 1 2 4 8 16 32 64
 984  728  180 0  86 1 7 1 2 4 8 16 32 64
 985  704  349 0  75 1 7 1 2 4 8 16 32 64
 986  499   53 0  34 1 7 1 2 4 8 16 32 64
 987  910   57 0  39 1 7 1 2 4 8 16 32 64
 988  586  810 0   4 1 7 1 2 4 8 16 32 64
 989  688   97 0  43 1 7 1 2 4 8 16 32 64
 990  984  446 0   8 1 7 1 2 4 8 16 32 64
 991  806  676 0  88 1 7 1 2 4 8 16 32 64
 992  288  472 0  57 1 7 1 2 4 8 16 32 64
 993   31  712 0  93 1 7 1 2 4 8 16 32 64
 994  543  906 0  28 1 7 1 2 4 8 16 32 64
 995   85  325 0  76 1 7 1 2 4 8 16 32 64
 996  897  414 0  96 1 7 1 2 4 8 16 32 64
 997  119  553 0  56 1 7 1 2 4 8 16 32 64
 998  784  800 0  20 1 7 1 2 4 8 16 32 64
 999  946  999 0  53 1 7 1 2 4 8 16 32 64
1000  676  330 0  47 1 7 1 2 4 8 16 32 64
1001  229  503 0  69 1 7 1 2 4 8 16 32 64
1002  417  399 0 100 1 7 1 2 4 8 16 32 64
1003   15  509 0  43 1 7 1 2 4 8 16 32 64
1004  296  895 0  77 1 7 1 2 4 8 16 32 64
1005  154  367 0  80 1 7 1 2 4 8 16 32 64
1006  552  537 0  76 1 7 1 2 4 8 16 32 64
1007  306   38 0  75 1 7 1 2 4 8 16 32 64
1008   34  433 0  24 1 7 1 2 4 8 16 32 64
1009  137  753 0  74 1 7 1 2 4 8 16 32 64
1010  306  516 0  78 1 7 1 2 4 8 16 32 64
1011  377  478 0  81 1 7 1 2 4 8 16 32 64
1012  641  299 0  95 1 7 1 2 4 8 16 32 64
1013  582  202 0  10 1 7 1 2 4 8 16 32 64
1014  417  177 0  33 1 7 1 2 4 8 16 32 64
1015  198  467 0  91 1 7 1 2 4 8 16 32 64
1016  614  255 0   2 1 7 1 2 4 8 16 32 64
1017  437  537 0  79 1 7 1 2 4 8 16 32 64
1018  541  116 0  60 1 7 1 2 4 8 16 32 64
1019  190  679 0  83 1 7 1 2 4 8 16 32 64
1020  835   27 0  97 1 7 1 2 4 8 16 32 64
1021   60  381 0  49 1 7 1 2 4 8 16 32 64
1022  973  307 0  84 1 7 1 2 4 8 16 32 64
1023  408  978 0  19 1 7 1 2 4 8 16 32 64
1024  217  256 0  83 1 7 1 2 4 8 16 32 64
1025   66  814 0  13 1 7 1 2 4 8 16 32 64
1026  957  458 0  27 1 7 1 2 4 8 16 32 64
1027  576  152 0  69 1 7 1 2 4 8 16 32 64
1028  651   42 0  70 1 7 1 2 4 8 16 32 64
1029  256  133 0  95 1 7 1 2 4 8 16 32 64
1030  674  812 0  13 1 7 1 2 4 8 16 32 64
1031  945  526 0  66 1 7 1 2 4 8 16 32 64
1032  733  221 0  21 1 7 1 2 4 8 16 32 64
1033  768  294 0  62 1 7 1 2 4 8 16 32 64
1034  332  308 0  71 1 7 1 2 4 8 16 32 64
1035  612  111 0  88 1 7 1 2 4 8 16 32 64
1036  125  296 0  10 1 7 1 2 4 8 16 32 64
1037  185  439 0  47 1 7 1 2 4 8 16 32 64
1038  939  511 0  21 1 7 1 2 4 8 16 32 64
1039  847  383 0  54 1 7 1 2 4 8 16 32 64
1040   48  756 0  19 1 7 1 2 4 8 16 32 64
1041  440   22 0  76 1 7 1 2 4 8 16 32 64
1042  506  708 0  61 1 7 1 2 4 8 16 32 64
1043  353  366 0  96 1 7 1 2 4 8 16 32 64
1044  747  794 0  38 1 7 1 2 4 8 16 32 64
1045  560  702 0  88 1 7 1 2 4 8 16 32 64
1046  253  325 0  98 1 7 1 2 4 8 16 32 64
1047  345   37 0  73 1 7 1 2 4 8 16 32 64
1048   83  744 0  63 1 7 1 2 4 8 16 32 64
1049   85  753 0  52 1 7 1 2 4 8 16 32 64
1050  468  178 0  23 1 7 1 2 4 8 16 32 64
1051  770  444 0  74 1 7 1 2 4 8 16 32 64
1052  436  263 0  17 1 7 1 2 4 8 16 32 64
1053  756  972 0  22 1 7 1 2 4 8 16 32 64
1054  860  650 0  91 1 7 1 2 4 8 16 32 64
1055  171  127 0  24 1 7 1 2 4 8 16 32 64
1056  700  515 0  63 1 7 1 2 4 8 16 32 64
1057  403  248 0  73 1 7 1 2 4 8 16 32 64
1058  140  456 0  70 1 7 1 2 4 8 16 32 64
1059   58   97 0  44 1 7 1 2 4 8 16 32 64
1060   93  867 0  41 1 7 1 2 4 8 16 32 64
1061  859  628 0  21 1 7 1 2 4 8 16 32 64
1062  348  916 0   7 1 7 1 2 4 8 16 32 64
1063  873   49 0  56 1 7 1 2 4 8 16 32 64
1064  636  847 0  95 1 7 1 2 4 8 16 32 64
1065  386  433 0  33 1 7 1 2 4 8 16 32 64
1066  968  759 0  68 1 7 1 2 4 8 16 32 64
1067  209  686 0  84 1 7 1 2 4 8 16 32 64
1068  951  821 0  34 1 7 1 2 4 8 16 32 64
1069  433  272 0  15 1 7 1 2 4 8 16 32 64
1070  292  328 0  88 1 7 1 2 4 8 16 32 64
1071  330  100 0  99 1 7 1 2 4 8 16 32 64
1072  542  790 0  25 1 7 1 2 4 8 16 32 64
1073  642  909 0  52 1 7 1 2 4 8 16 32 64
1074  672  889 0   2 1 7 1 2 4 8 16 32 64
1075  348  661 0  50 1 7 1 2 4 8 16 32 64
1076  319  473 0  52 1 7 1 2 4 8 16 32 64
1077  923  821 0  79 1 7 1 2 4 8 16 32 64
1078  229  127 0  79 1 7 1 2 4 8 16 32 64
1079  837   62 0  17 1 7 1 2 4 8 16 32 64
1080  582  961 0  70 1 7 1 2 4 8 16 32 64
1081  319  245 0  13 1 7 1 2 4 8 16 32 64
1082  116   40 0  66 1 7 1 2 4 8 16 32 64
1083  907  157 0  40 1 7 1 2 4 8 16 32 64
1084   49  363 0  47 1 7 1 2 4 8 16 32 64
1085  919   29 0  38 1 7 1 2 4 8 16 32 64
1086   28  272 0  55 1 7 1 2 4 8 16 32 64
1087  960  462 0  97 1 7 1 2 4 8 16 32 64
1088  301  619 0  83 1 7 1 2 4 8 16 32 64
1089   77  852 0  23 1 7 1 2 4 8 16 32 64
1090  473  137 0  33 1 7 1 2 4 8 16 32 64
1091  691  828 0  99 1 7 1 2 4 8 16 32 64
1092  346   97 0  15 1 7 1 2 4 8 16 32 64
1093  753  963 0   8 1 7 1 2 4 8 16 32 64
1094  895  687 0  44 1 7 1 2 4 8 16 32 64
1095   58  425 0   9 1 7 1 2 4 8 16 32 64
1096  196  210 0  11 1 7 1 2 4 8 16 32 64
1097  845  952 0  76 1 7 1 2 4 8 16 32 64
1098  403  461 0  39 1 7 1 2 4 8 16 32 64
1099  990  661 0  48 1 7 1 2 4 8 16 32 64
1100  366  499 0  19 1 7 1 2 4 8 16 32 64
1101  236  470 0  34 1 7 1 2 4 8 16 32 64
1102  792  719 0   7 1 7 1 2 4 8 16 32 64
1103  744  664 0  83 1 7 1 2 4 8 16 32 64
1104  263  339 0   8 1 7 1 2 4 8 16 32 64
1105   80   84 0  75 1 7 1 2 4 8 16 32 64
1106  101  900 0  17 1 7 1 2 4 8 16 32 64
1107  385  926 0  79 1 7 1 2 4 8 16 32 64
1108  241  921 0  16 1 7 1 2 4 8 16 32 64
1109  983   52 0  77 1 7 1 2 4 8 16 32 64
1110  441  671 0   1 1 7 1 2 4 8 16 32 64
1111   21  320 0  10 1 7 1 2 4 8 16 32 64
1112  710  746 0  94 1 7 1 2 4 8 16 32 64
1113  769  379 0  41 1 7 1 2 4 8 16 32 64
1114   79  516 0  94 1 7 1 2 4 8 16 32 64
1115  111  847 0  55 1 7 1 2 4 8 16 32 64
1116  463  467 0  20 1 7 1 2 4 8 16 32 64
1117  573  677 0  34 1 7 1 2 4 8 16 32 64
1118  969  245 0  44 1 7 1 2 4 8 16 32 64
1119  230  899 0   1 1 7 1 2 4 8 16 32 64
1120  811  601 0  37 1 7 1 2 4 8 16 32 64
1121  225   52 0  10 1 7 1 2 4 8 16 32 64
1122  152  611 0   7 1 7 1 2 4 8 16 32 64
1123  363  893 0  30 1 7 1 2 4 8 16 32 64
1124  797  114 0  51 1 7 1 2 4 8 16 32 64
1125  919  731 0  90 1 7 1 2 4 8 16 32 64
1126  377  844 0  69 1 7 1 2 4 8 16 32 64
1127  369  289 0  32 1 7 1 2 4 8 16 32 64
1128  895  313 0  62 1 7 1 2 4 8 16 32 64
1129  565  543 0  65 1 7 1 2 4 8 16 32 64
1130  513  483 0  74 1 7 1 2 4 8 16 32 64
1131  451  772 0  29 1 7 1 2 4 8 16 32 64
1132  639  483 0  30 1 7 1 2 4 8 16 32 64
1133  720  608 0  90 1 7 1 2 4 8 16 32 64
1134  289  528 0  12 1 7 1 2 4 8 16 32 64
1135  588  214 0  17 1 7 1 2 4 8 16 32 64
1136  150  928 0  20 1 7 1 2 4 8 16 32 64
1137  174  164 0  69 1 7 1 2 4 8 16 32 64
1138  222  547 0  81 1 7 1 2 4 8 16 32 64
1139  997  213 0   4 1 7 1 2 4 8 16 32 64
1140   66  949 0  78 1 7 1 2 4 8 16 32 64
1141  248  644 0  51 1 7 1 2 4 8 16 32 64
1142  110  611 0  47 1 7 1 2 4 8 16 32 64
1143   19  943 0  44 1 7 1 2 4 8 16 32 64
1144  458  386 0   4 1 7 1 2 4 8 16 32 64
1145  706  669 0  46 1 7 1 2 4 8 16 32 64
1146  173  133 0  61 1 7 1 2 4 8 16 32 64
1147  899  326 0  45 1 7 1 2 4 8 16 32 64
1148  761  973 0  82 1 7 1 2 4 8 16 32 64
1149   33  132 0  96 1 7 1 2 4 8 16 32 64
1150  871  532 0  78 1 7 1 2 4 8 16 32 64
1151  135  963 0   7 1 7 1 2 4 8 16 32 64
1152  778  800 0   8 1 7 1 2 4 8 16 32 64
1153  335  170 0  87 1 7 1 2 4 8 16 32 64
1154   56  936 0  73 1 7 1 2 4 8 16 32 64
1155  620  627 0   2 1 7 1 2 4 8 16 32 64
1156  288  590 0  68 1 7 1 2 4 8 16 32 64
1157  368  948 0 100 1 7 1 2 4 8 16 32 64
1158  231  951 0  78 1 7 1 2 4 8 16 32 64
1159  977  916 0  75 1 7 1 2 4 8 16 32 64
1160  697  255 0  56 1 7 1 2 4 8 16 32 64
1161  454  983 0  12 1 7 1 2 4 8 16 32 64
1162   97  186 0  95 1 7 1 2 4 8 16 32 64
1163  654  813 0   8 1 7 1 2 4 8 16 32 64
1164  153  229 0  14 1 7 1 2 4 8 16 32 64
1165  438   85 0  32 1 7 1 2 4 8 16 32 64
1166  621  697 0  48 1 7 1 2 4 8 16 32 64
1167  680  151 0  57 1 7 1 2 4 8 16 32 64
1168  832  495 0  97 1 7 1 2 4 8 16 32 64
1169  762  958 0  31 1 7 1 2 4 8 16 32 64
1170  911  637 0   1 1 7 1 2 4 8 16 32 64
1171  456  517 0  22 1 7 1 2 4 8 16 32 64
1172  512   38 0  49 1 7 1 2 4 8 16 32 64
1173  563  879 0  87 1 7 1 2 4 8 16 32 64
1174  171  508 0  97 1 7 1 2 4 8 16 32 64
1175  477  128 0  42 1 7 1 2 4 8 16 32 64
1176  195  260 0  51 1 7 1 2 4 8 16 32 64
1177  349  327 0   1 1 7 1 2 4 8 16 32 64
1178  835  378 0  10 1 7 1 2 4 8 16 32 64
1179  140  124 0  87 1 7 1 2 4 8 16 32 64
1180  127  394 0  65 1 7 1 2 4 8 16 32 64
1181  315  929 0  97 1 7 1 2 4 8 16 32 64
1182   48  966 0   9 1 7 1 2 4 8 16 32 64
1183  685   78 0  58 1 7 1 2 4 8 16 32 64
1184  332  893 0  84 1 7 1 2 4 8 16 32 64
1185  705  702 0   9 1 7 1 2 4 8 16 32 64
1186  448  660 0  13 1 7 1 2 4 8 16 32 64
1187  168  496 0  14 1 7 1 2 4 8 16 32 64
1188  781  326 0  84 1 7 1 2 4 8 16 32 64
1189  826  457 0  37 1 7 1 2 4 8 16 32 64
1190  786  214 0  85 1 7 1 2 4 8 16 32 64
1191  566  601 0  97 1 7 1 2 4 8 16 32 64
1192  789  138 0  64 1 7 1 2 4 8 16 32 64
1193  943  718 0  35 1 7 1 2 4 8 16 32 64
1194  783  377 0  21 1 7 1 2 4 8 16 32 64
1195  284  593 0  82 1 7 1 2 4 8 16 32 64
1196  289  453 0  10 1 7 1 2 4 8 16 32 64
1197  307 1000 0 100 1 7 1 2 4 8 16 32 64
1198  453  728 0  74 1 7 1 2 4 8 16 32 64
1199  524  905 0  63 1 7 1 2 4 8 16 32 64
1200   84   78 0  14 1 7 1 2 4 8 16 32 64
1201  545  525 0  76 1 7 1 2 4 8 16 32 64
1202  256  981 0  82 1 7 1 2 4 8 16 32 64
1203   54  532 0  47 1 7 1 2 4 8 16 32 64
1204  561  254 0  23 1 7 1 2 4 8 16 32 64
1205  288  464 0  74 1 7 1 2 4 8 16 32 64
1206  576  643 0  91 1 7 1 2 4 8 16 32 64
1207  871  846 0  94 1 7 1 2 4 8 16 32 64
1208  349  978 0  29 1 7 1 2 4 8 16 32 64
1209  348  457 0  71 1 7 1 2 4 8 16 32 64
1210  998  202 0  33 1 7 1 2 4 8 16 32 64
1211  716  751 0  67 1 7 1 2 4 8 16 32 64
1212  565  166 0  65 1 7 1 2 4 8 16 32 64
1213  335  786 0  94 1 7 1 2 4 8 16 32 64
1214  927  117 0  24 1 7 1 2 4 8 16 32 64
1215  382   19 0  37 1 7 1 2 4 8 16 32 64
1216  511  566 0   8 1 7 1 2 4 8 16 32 64
1217  101  386 0  31 1 7 1 2 4 8 16 32 64
1218  196  719 0  34 1 7 1 2 4 8 16 32 64
1219  387   94 0  28 1 7 1 2 4 8 16 32 64
1220  841  498 0  95 1 7 1 2 4 8 16 32 64
1221  560  869 0  56 1 7 1 2 4 8 16 32 64
1222  879  495 0  35 1 7 1 2 4 8 16 32 64
1223  967  726 0  87 1 7 1 2 4 8 16 32 64
1224  901  759 0  63 1 7 1 2 4 8 16 32 64
1225  691  759 0  83 1 7 1 2 4 8 16 32 64
1226  899  929 0   1 1 7 1 2 4 8 16 32 64
1227  848  204 0  51 1 7 1 2 4 8 16 32 64
1228  249  247 0  10 1 7 1 2 4 8 16 32 64
1229    7  404 0  11 1 7 1 2 4 8 16 32 64
1230  550  336 0  39 1 7 1 2 4 8 16 32 64
1231    8  967 0  25 1 7 1 2 4 8 16 32 64
1232  805  928 0   6 1 7 1 2 4 8 16 32 64
1233  964  413 0  77 1 7 1 2 4 8 16 32 64
1234  614  679 0  27 1 7 1 2 4 8 16 32 64
1235  500  272 0  58 1 7 1 2 4 8 16 32 64
1236  216   90 0  97 1 7 1 2 4 8 16 32 64
1237  352  172 0  38 1 7 1 2 4 8 16 32 64
1238  399  364 0  89 1 7 1 2 4 8 16 32 64
1239   73  535 0  58 1 7 1 2 4 8 16 32 64
1240  446  611 0   4 1 7 1 2 4 8 16 32 64
1241  616  654 0  43 1 7 1 2 4 8 16 32 64
1242  486  349 0  52 1 7 1 2 4 8 16 32 64
1243  365  879 0  21 1 7 1 2 4 8 16 32 64
1244  195  544 0  32 1 7 1 2 4 8 16 32 64
1245  330  111 0  21 1 7 1 2 4 8 16 32 64
1246  189  181 0  20 1 7 1 2 4 8 16 32 64
1247  256  147 0  51 1 7 1 2 4 8 16 32 64
1248  831  738 0  67 1 7 1 2 4 8 16 32 64
1249  218  553 0  25 1 7 1 2 4 8 16 32 64
1250  930  329 0  58 1 7 1 2 4 8 16 32 64
1251  827  583 0  68 1 7 1 2 4 8 16 32 64
1252  711   70 0  71 1 7 1 2 4 8 16 32 64
1253  796  222 0  63 1 7 1 2 4 8 16 32 64
1254  440  658 0  24 1 7 1 2 4 8 16 32 64
1255  569  133 0  11 1 7 1 2 4 8 16 32 64
1256  586  800 0  90 1 7 1 2 4 8 16 32 64
1257  961  194 0  38 1 7 1 2 4 8 16 32 64
1258  511  113 0  87 1 7 1 2 4 8 16 32 64
1259   65  378 0  91 1 7 1 2 4 8 16 32 64
1260  958  135 0  89 1 7 1 2 4 8 16 32 64
1261  196  351 0  24 1 7 1 2 4 8 16 32 64
1262  696  603 0   1 1 7 1 2 4 8 16 32 64
1263  379  200 0  97 1 7 1 2 4 8 16 32 64
1264  745  762 0  56 1 7 1 2 4 8 16 32 64
1265  381  217 0  59 1 7 1 2 4 8 16 32 64
1266  130  945 0  75 1 7 1 2 4 8 16 32 64
1267  804  946 0  83 1 7 1 2 4 8 16 32 64
1268  259  913 0  31 1 7 1 2 4 8 16 32 64
1269  843  525 0  58 1 7 1 2 4 8 16 32 64
1270  997  975 0  74 1 7 1 2 4 8 16 32 64
1271  567  573 0  96 1 7 1 2 4 8 16 32 64
1272  814  119 0  42 1 7 1 2 4 8 16 32 64
1273  589  180 0  82 1 7 1 2 4 8 16 32 64
1274  941  904 0  76 1 7 1 2 4 8 16 32 64
1275  457  251 0  94 1 7 1 2 4 8 16 32 64
1276   79  135 0  42 1 7 1 2 4 8 16 32 64
1277  245  388 0  38 1 7 1 2 4 8 16 32 64
1278  869  975 0  63 1 7 1 2 4 8 16 32 64
1279  583  426 0  27 1 7 1 2 4 8 16 32 64
1280  144  337 0  52 1 7 1 2 4 8 16 32 64
1281  828  790 0  99 1 7 1 2 4 8 16 32 64
1282  549   56 0  77 1 7 1 2 4 8 16 32 64
1283  648  793 0  23 1 7 1 2 4 8 16 32 64
1284  322  725 0  62 1 7 1 2 4 8 16 32 64
1285  214  707 0  75 1 7 1 2 4 8 16 32 64
1286  147  929 0  98 1 7 1 2 4 8 16 32 64
1287  720  954 0  10 1 7 1 2 4 8 16 32 64
1288  604  622 0  43 1 7 1 2 4 8 16 32 64
1289  714  613 0   0 0 0
1290  453  198 0   0 0 0
1291  942  807 0   0 0 0
1292  960  746 0   0 0 0
1293  211  107 0   0 0 0
1294  544  329 0   0 0 0
1295  539  221 0   0 0 0
