2 121 1334 8
0 242
0 242
0 242
0 242
0 242
0 242
0 242
0 242
   1 554  131 0  85 1 8 1 2 4 8 16 32 64 128
   2  60  658 0  70 1 8 1 2 4 8 16 32 64 128
   3 121  876 0  23 1 8 1 2 4 8 16 32 64 128
   4 126  853 0  35 1 8 1 2 4 8 16 32 64 128
   5 896   25 0  38 1 8 1 2 4 8 16 32 64 128
   6 421   61 0  49 1 8 1 2 4 8 16 32 64 128
   7 729  754 0  39 1 8 1 2 4 8 16 32 64 128
   8 312  941 0  65 1 8 1 2 4 8 16 32 64 128
   9 866  427 0  11 1 8 1 2 4 8 16 32 64 128
  10 677  900 0  33 1 8 1 2 4 8 16 32 64 128
  11 705  759 0  45 1 8 1 2 4 8 16 32 64 128
  12 210  478 0  70 1 8 1 2 4 8 16 32 64 128
  13 123  432 0  69 1 8 1 2 4 8 16 32 64 128
  14  40  677 0  34 1 8 1 2 4 8 16 32 64 128
  15 291  284 0  39 1 8 1 2 4 8 16 32 64 128
  16 813  405 0  68 1 8 1 2 4 8 16 32 64 128
  17 507  887 0  72 1 8 1 2 4 8 16 32 64 128
  18 931  149 0  74 1 8 1 2 4 8 16 32 64 128
  19 947  374 0   3 1 8 1 2 4 8 16 32 64 128
  20 443  517 0  68 1 8 1 2 4 8 16 32 64 128
  21 146  156 0  61 1 8 1 2 4 8 16 32 64 128
  22 576  628 0  89 1 8 1 2 4 8 16 32 64 128
  23 293  285 0  75 1 8 1 2 4 8 16 32 64 128
  24 513  952 0  19 1 8 1 2 4 8 16 32 64 128
  25 915  998 0  60 1 8 1 2 4 8 16 32 64 128
  26  98  850 0  64 1 8 1 2 4 8 16 32 64 128
  27 760  803 0  48 1 8 1 2 4 8 16 32 64 128
  28  94  106 0  33 1 8 1 2 4 8 16 32 64 128
  29 675  427 0  85 1 8 1 2 4 8 16 32 64 128
  30 445  522 0  34 1 8 1 2 4 8 16 32 64 128
  31 544   48 0  77 1 8 1 2 4 8 16 32 64 128
  32 467   94 0  64 1 8 1 2 4 8 16 32 64 128
  33 788  715 0   2 1 8 1 2 4 8 16 32 64 128
  34 489  350 0  15 1 8 1 2 4 8 16 32 64 128
  35 248  385 0  81 1 8 1 2 4 8 16 32 64 128
  36 873  919 0  15 1 8 1 2 4 8 16 32 64 128
  37 975  763 0   1 1 8 1 2 4 8 16 32 64 128
  38 524   89 0  94 1 8 1 2 4 8 16 32 64 128
  39 225  139 0  12 1 8 1 2 4 8 16 32 64 128
  40 962  860 0  72 1 8 1 2 4 8 16 32 64 128
  41 873  591 0   8 1 8 1 2 4 8 16 32 64 128
  42 903  673 0   9 1 8 1 2 4 8 16 32 64 128
  43 434  169 0  62 1 8 1 2 4 8 16 32 64 128
  44 217  379 0 100 1 8 1 2 4 8 16 32 64 128
  45 710  125 0  22 1 8 1 2 4 8 16 32 64 128
  46 485  492 0  91 1 8 1 2 4 8 16 32 64 128
  47  52  255 0  79 1 8 1 2 4 8 16 32 64 128
  48 887  494 0  19 1 8 1 2 4 8 16 32 64 128
  49 528  789 0  59 1 8 1 2 4 8 16 32 64 128
  50  68  447 0  88 1 8 1 2 4 8 16 32 64 128
  51  29  358 0  18 1 8 1 2 4 8 16 32 64 128
  52  40  776 0  20 1 8 1 2 4 8 16 32 64 128
  53 624  886 0  73 1 8 1 2 4 8 16 32 64 128
  54 645   23 0  33 1 8 1 2 4 8 16 32 64 128
  55  22  596 0  34 1 8 1 2 4 8 16 32 64 128
  56 805  798 0  69 1 8 1 2 4 8 16 32 64 128
  57 707  983 0  56 1 8 1 2 4 8 16 32 64 128
  58 330  279 0  52 1 8 1 2 4 8 16 32 64 128
  59 586  682 0  47 1 8 1 2 4 8 16 32 64 128
  60 489  217 0  25 1 8 1 2 4 8 16 32 64 128
  61 449   56 0  92 1 8 1 2 4 8 16 32 64 128
  62  24  164 0 100 1 8 1 2 4 8 16 32 64 128
  63 561  980 0  69 1 8 1 2 4 8 16 32 64 128
  64 551   56 0  10 1 8 1 2 4 8 16 32 64 128
  65 445  422 0  64 1 8 1 2 4 8 16 32 64 128
  66 784  799 0  93 1 8 1 2 4 8 16 32 64 128
  67 262  176 0  80 1 8 1 2 4 8 16 32 64 128
  68 277   70 0  19 1 8 1 2 4 8 16 32 64 128
  69 342  160 0  88 1 8 1 2 4 8 16 32 64 128
  70 615  419 0  49 1 8 1 2 4 8 16 32 64 128
  71 259  117 0   7 1 8 1 2 4 8 16 32 64 128
  72 909  362 0  12 1 8 1 2 4 8 16 32 64 128
  73 410  830 0  42 1 8 1 2 4 8 16 32 64 128
  74 523  111 0  63 1 8 1 2 4 8 16 32 64 128
  75 895  630 0  17 1 8 1 2 4 8 16 32 64 128
  76 879  699 0 100 1 8 1 2 4 8 16 32 64 128
  77 365  235 0  71 1 8 1 2 4 8 16 32 64 128
  78 362  159 0  27 1 8 1 2 4 8 16 32 64 128
  79 712  954 0  88 1 8 1 2 4 8 16 32 64 128
  80 966  245 0  66 1 8 1 2 4 8 16 32 64 128
  81  40  749 0  77 1 8 1 2 4 8 16 32 64 128
  82 989  840 0  17 1 8 1 2 4 8 16 32 64 128
  83 566  365 0  76 1 8 1 2 4 8 16 32 64 128
  84  70   11 0  46 1 8 1 2 4 8 16 32 64 128
  85 988  363 0  81 1 8 1 2 4 8 16 32 64 128
  86 219  858 0  53 1 8 1 2 4 8 16 32 64 128
  87 395    4 0  21 1 8 1 2 4 8 16 32 64 128
  88 277   19 0  82 1 8 1 2 4 8 16 32 64 128
  89 543  811 0  41 1 8 1 2 4 8 16 32 64 128
  90 410  948 0   4 1 8 1 2 4 8 16 32 64 128
  91 380  993 0   2 1 8 1 2 4 8 16 32 64 128
  92 713  832 0  76 1 8 1 2 4 8 16 32 64 128
  93  17  144 0  76 1 8 1 2 4 8 16 32 64 128
  94 668  691 0  65 1 8 1 2 4 8 16 32 64 128
  95 588  413 0  88 1 8 1 2 4 8 16 32 64 128
  96 307  463 0  41 1 8 1 2 4 8 16 32 64 128
  97 438  857 0  41 1 8 1 2 4 8 16 32 64 128
  98 631  619 0  88 1 8 1 2 4 8 16 32 64 128
  99 717  635 0  62 1 8 1 2 4 8 16 32 64 128
 100  50  226 0  84 1 8 1 2 4 8 16 32 64 128
 101  21  137 0  53 1 8 1 2 4 8 16 32 64 128
 102 978  244 0  19 1 8 1 2 4 8 16 32 64 128
 103  72   21 0  40 1 8 1 2 4 8 16 32 64 128
 104 543  350 0  80 1 8 1 2 4 8 16 32 64 128
 105 610  506 0  91 1 8 1 2 4 8 16 32 64 128
 106 476  403 0  22 1 8 1 2 4 8 16 32 64 128
 107 836  415 0  22 1 8 1 2 4 8 16 32 64 128
 108   8  303 0  96 1 8 1 2 4 8 16 32 64 128
 109 600  178 0  94 1 8 1 2 4 8 16 32 64 128
 110 225  570 0  32 1 8 1 2 4 8 16 32 64 128
 111 285  672 0   3 1 8 1 2 4 8 16 32 64 128
 112 607  688 0  42 1 8 1 2 4 8 16 32 64 128
 113 436  220 0  22 1 8 1 2 4 8 16 32 64 128
 114 392  359 0  19 1 8 1 2 4 8 16 32 64 128
 115 832  565 0  77 1 8 1 2 4 8 16 32 64 128
 116 206  939 0  92 1 8 1 2 4 8 16 32 64 128
 117 781  453 0   2 1 8 1 2 4 8 16 32 64 128
 118 198  175 0  86 1 8 1 2 4 8 16 32 64 128
 119  67  589 0  41 1 8 1 2 4 8 16 32 64 128
 120 596  917 0  42 1 8 1 2 4 8 16 32 64 128
 121 142  688 0  37 1 8 1 2 4 8 16 32 64 128
 122 598  681 0  47 1 8 1 2 4 8 16 32 64 128
 123 897   66 0  67 1 8 1 2 4 8 16 32 64 128
 124 114  949 0  24 1 8 1 2 4 8 16 32 64 128
 125 452  310 0  34 1 8 1 2 4 8 16 32 64 128
 126 595  776 0  16 1 8 1 2 4 8 16 32 64 128
 127 616  580 0  61 1 8 1 2 4 8 16 32 64 128
 128 322   45 0  78 1 8 1 2 4 8 16 32 64 128
 129 706  356 0  57 1 8 1 2 4 8 16 32 64 128
 130 362  809 0  15 1 8 1 2 4 8 16 32 64 128
 131 634  163 0  28 1 8 1 2 4 8 16 32 64 128
 132 408  281 0  85 1 8 1 2 4 8 16 32 64 128
 133 865  683 0   4 1 8 1 2 4 8 16 32 64 128
 134 572  126 0   6 1 8 1 2 4 8 16 32 64 128
 135 473  957 0  13 1 8 1 2 4 8 16 32 64 128
 136 942   50 0  69 1 8 1 2 4 8 16 32 64 128
 137 821  362 0  63 1 8 1 2 4 8 16 32 64 128
 138 657  326 0  53 1 8 1 2 4 8 16 32 64 128
 139 856  421 0  69 1 8 1 2 4 8 16 32 64 128
 140 210  480 0  96 1 8 1 2 4 8 16 32 64 128
 141 364  394 0  91 1 8 1 2 4 8 16 32 64 128
 142 807  740 0  74 1 8 1 2 4 8 16 32 64 128
 143 139  146 0  74 1 8 1 2 4 8 16 32 64 128
 144 662  776 0  65 1 8 1 2 4 8 16 32 64 128
 145 598  986 0  37 1 8 1 2 4 8 16 32 64 128
 146 210  562 0  46 1 8 1 2 4 8 16 32 64 128
 147 419  958 0  30 1 8 1 2 4 8 16 32 64 128
 148 159  672 0  37 1 8 1 2 4 8 16 32 64 128
 149 582  107 0  46 1 8 1 2 4 8 16 32 64 128
 150 743  744 0  44 1 8 1 2 4 8 16 32 64 128
 151 996  988 0  90 1 8 1 2 4 8 16 32 64 128
 152  15  844 0  70 1 8 1 2 4 8 16 32 64 128
 153 753  264 0  40 1 8 1 2 4 8 16 32 64 128
 154 464  675 0  27 1 8 1 2 4 8 16 32 64 128
 155 981  273 0  91 1 8 1 2 4 8 16 32 64 128
 156 671  640 0  56 1 8 1 2 4 8 16 32 64 128
 157 784  794 0  59 1 8 1 2 4 8 16 32 64 128
 158  76  834 0  58 1 8 1 2 4 8 16 32 64 128
 159 662  456 0  91 1 8 1 2 4 8 16 32 64 128
 160 409  112 0  38 1 8 1 2 4 8 16 32 64 128
 161 615  373 0  40 1 8 1 2 4 8 16 32 64 128
 162 161  409 0   1 1 8 1 2 4 8 16 32 64 128
 163 927  108 0  77 1 8 1 2 4 8 16 32 64 128
 164 370  441 0  90 1 8 1 2 4 8 16 32 64 128
 165  54   38 0  87 1 8 1 2 4 8 16 32 64 128
 166 965  459 0  40 1 8 1 2 4 8 16 32 64 128
 167 781  704 0  32 1 8 1 2 4 8 16 32 64 128
 168  83  232 0  55 1 8 1 2 4 8 16 32 64 128
 169 288  991 0  76 1 8 1 2 4 8 16 32 64 128
 170 469   41 0  40 1 8 1 2 4 8 16 32 64 128
 171 104   34 0  45 1 8 1 2 4 8 16 32 64 128
 172 453  944 0  25 1 8 1 2 4 8 16 32 64 128
 173 811  846 0  98 1 8 1 2 4 8 16 32 64 128
 174 480  259 0  53 1 8 1 2 4 8 16 32 64 128
 175 496  279 0  29 1 8 1 2 4 8 16 32 64 128
 176 278  476 0  20 1 8 1 2 4 8 16 32 64 128
 177 951  679 0   4 1 8 1 2 4 8 16 32 64 128
 178 390  586 0  13 1 8 1 2 4 8 16 32 64 128
 179 272  335 0  83 1 8 1 2 4 8 16 32 64 128
 180 227  752 0  72 1 8 1 2 4 8 16 32 64 128
 181 542  786 0  70 1 8 1 2 4 8 16 32 64 128
 182 130  459 0  39 1 8 1 2 4 8 16 32 64 128
 183 412  396 0  53 1 8 1 2 4 8 16 32 64 128
 184 622  224 0  87 1 8 1 2 4 8 16 32 64 128
 185 555  169 0   4 1 8 1 2 4 8 16 32 64 128
 186 478   60 0  10 1 8 1 2 4 8 16 32 64 128
 187 101  399 0  25 1 8 1 2 4 8 16 32 64 128
 188  95  596 0  93 1 8 1 2 4 8 16 32 64 128
 189 355  313 0  34 1 8 1 2 4 8 16 32 64 128
 190 886  229 0  31 1 8 1 2 4 8 16 32 64 128
 191 623  542 0  39 1 8 1 2 4 8 16 32 64 128
 192 981   36 0  77 1 8 1 2 4 8 16 32 64 128
 193 424  444 0  15 1 8 1 2 4 8 16 32 64 128
 194  96  882 0  31 1 8 1 2 4 8 16 32 64 128
 195 277  251 0  22 1 8 1 2 4 8 16 32 64 128
 196 577  638 0  61 1 8 1 2 4 8 16 32 64 128
 197 778  783 0  51 1 8 1 2 4 8 16 32 64 128
 198 969  663 0  13 1 8 1 2 4 8 16 32 64 128
 199 860  130 0  48 1 8 1 2 4 8 16 32 64 128
 200  53   83 0  88 1 8 1 2 4 8 16 32 64 128
 201 320   92 0  62 1 8 1 2 4 8 16 32 64 128
 202 654  915 0  65 1 8 1 2 4 8 16 32 64 128
 203 476  254 0  49 1 8 1 2 4 8 16 32 64 128
 204 275  795 0  73 1 8 1 2 4 8 16 32 64 128
 205 988  504 0  47 1 8 1 2 4 8 16 32 64 128
 206  56  358 0   7 1 8 1 2 4 8 16 32 64 128
 207 173   47 0  36 1 8 1 2 4 8 16 32 64 128
 208 826   76 0  77 1 8 1 2 4 8 16 32 64 128
 209 746  732 0   3 1 8 1 2 4 8 16 32 64 128
 210 832  270 0  83 1 8 1 2 4 8 16 32 64 128
 211 319  514 0  19 1 8 1 2 4 8 16 32 64 128
 212 248  311 0  69 1 8 1 2 4 8 16 32 64 128
 213 825  253 0  72 1 8 1 2 4 8 16 32 64 128
 214 443   95 0  57 1 8 1 2 4 8 16 32 64 128
 215  14  290 0  86 1 8 1 2 4 8 16 32 64 128
 216 263  530 0  16 1 8 1 2 4 8 16 32 64 128
 217 492  945 0  26 1 8 1 2 4 8 16 32 64 128
 218 790  450 0  34 1 8 1 2 4 8 16 32 64 128
 219 330  197 0  37 1 8 1 2 4 8 16 32 64 128
 220 191  101 0  93 1 8 1 2 4 8 16 32 64 128
 221 399  665 0   2 1 8 1 2 4 8 16 32 64 128
 222 869  258 0  41 1 8 1 2 4 8 16 32 64 128
 223 297  576 0  57 1 8 1 2 4 8 16 32 64 128
 224 487  636 0  77 1 8 1 2 4 8 16 32 64 128
 225 249  520 0   5 1 8 1 2 4 8 16 32 64 128
 226 479   36 0  60 1 8 1 2 4 8 16 32 64 128
 227  83  240 0  61 1 8 1 2 4 8 16 32 64 128
 228  23  957 0  42 1 8 1 2 4 8 16 32 64 128
 229 232  712 0  31 1 8 1 2 4 8 16 32 64 128
 230 126  452 0  95 1 8 1 2 4 8 16 32 64 128
 231 189   54 0  97 1 8 1 2 4 8 16 32 64 128
 232 972  718 0  24 1 8 1 2 4 8 16 32 64 128
 233 614  219 0  60 1 8 1 2 4 8 16 32 64 128
 234 476  429 0  22 1 8 1 2 4 8 16 32 64 128
 235 511  670 0  18 1 8 1 2 4 8 16 32 64 128
 236 399  223 0   1 1 8 1 2 4 8 16 32 64 128
 237 650  576 0  35 1 8 1 2 4 8 16 32 64 128
 238 777   42 0  97 1 8 1 2 4 8 16 32 64 128
 239 182  618 0  83 1 8 1 2 4 8 16 32 64 128
 240 984  875 0  15 1 8 1 2 4 8 16 32 64 128
 241 625  198 0  10 1 8 1 2 4 8 16 32 64 128
 242 290  281 0  45 1 8 1 2 4 8 16 32 64 128
 243 897  656 0  80 1 8 1 2 4 8 16 32 64 128
 244 667  690 0  72 1 8 1 2 4 8 16 32 64 128
 245  50  612 0  88 1 8 1 2 4 8 16 32 64 128
 246 440  157 0  65 1 8 1 2 4 8 16 32 64 128
 247 665  870 0  30 1 8 1 2 4 8 16 32 64 128
 248  30  659 0  75 1 8 1 2 4 8 16 32 64 128
 249 117   63 0  21 1 8 1 2 4 8 16 32 64 128
 250 941  485 0  91 1 8 1 2 4 8 16 32 64 128
 251 332  712 0  46 1 8 1 2 4 8 16 32 64 128
 252   7  767 0  47 1 8 1 2 4 8 16 32 64 128
 253 687  223 0  15 1 8 1 2 4 8 16 32 64 128
 254 152  541 0  29 1 8 1 2 4 8 16 32 64 128
 255 641  769 0  38 1 8 1 2 4 8 16 32 64 128
 256 688   37 0   5 1 8 1 2 4 8 16 32 64 128
 257 427  961 0  17 1 8 1 2 4 8 16 32 64 128
 258 814  778 0  71 1 8 1 2 4 8 16 32 64 128
 259 581  710 0  73 1 8 1 2 4 8 16 32 64 128
 260 414   11 0  91 1 8 1 2 4 8 16 32 64 128
 261 394  714 0  90 1 8 1 2 4 8 16 32 64 128
 262 626  356 0  65 1 8 1 2 4 8 16 32 64 128
 263   5  143 0  41 1 8 1 2 4 8 16 32 64 128
 264 438  699 0  49 1 8 1 2 4 8 16 32 64 128
 265 119  331 0  76 1 8 1 2 4 8 16 32 64 128
 266 779  210 0  57 1 8 1 2 4 8 16 32 64 128
 267 984  463 0  30 1 8 1 2 4 8 16 32 64 128
 268 108  403 0  74 1 8 1 2 4 8 16 32 64 128
 269  64  483 0  84 1 8 1 2 4 8 16 32 64 128
 270 500  672 0  11 1 8 1 2 4 8 16 32 64 128
 271 775  816 0  67 1 8 1 2 4 8 16 32 64 128
 272 481   45 0  26 1 8 1 2 4 8 16 32 64 128
 273 778  862 0  71 1 8 1 2 4 8 16 32 64 128
 274 938  641 0  14 1 8 1 2 4 8 16 32 64 128
 275 591  348 0  92 1 8 1 2 4 8 16 32 64 128
 276 813  451 0  57 1 8 1 2 4 8 16 32 64 128
 277 630  913 0   9 1 8 1 2 4 8 16 32 64 128
 278 368  445 0  86 1 8 1 2 4 8 16 32 64 128
 279 331  840 0  58 1 8 1 2 4 8 16 32 64 128
 280 479  675 0  57 1 8 1 2 4 8 16 32 64 128
 281 701  329 0  58 1 8 1 2 4 8 16 32 64 128
 282 845  218 0  82 1 8 1 2 4 8 16 32 64 128
 283 206  659 0  79 1 8 1 2 4 8 16 32 64 128
 284 980  673 0  89 1 8 1 2 4 8 16 32 64 128
 285 687    2 0  59 1 8 1 2 4 8 16 32 64 128
 286 534  490 0   2 1 8 1 2 4 8 16 32 64 128
 287 787  704 0  71 1 8 1 2 4 8 16 32 64 128
 288 132   39 0  60 1 8 1 2 4 8 16 32 64 128
 289 514  229 0  75 1 8 1 2 4 8 16 32 64 128
 290 343  929 0   3 1 8 1 2 4 8 16 32 64 128
 291 984  167 0  46 1 8 1 2 4 8 16 32 64 128
 292  68  710 0  99 1 8 1 2 4 8 16 32 64 128
 293 772  142 0  11 1 8 1 2 4 8 16 32 64 128
 294 115  969 0  34 1 8 1 2 4 8 16 32 64 128
 295 383  131 0  27 1 8 1 2 4 8 16 32 64 128
 296 237  521 0  94 1 8 1 2 4 8 16 32 64 128
 297  74  112 0  40 1 8 1 2 4 8 16 32 64 128
 298 810  241 0  95 1 8 1 2 4 8 16 32 64 128
 299 445  542 0  95 1 8 1 2 4 8 16 32 64 128
 300 104  889 0  24 1 8 1 2 4 8 16 32 64 128
 301 806  397 0  35 1 8 1 2 4 8 16 32 64 128
 302 421  313 0   9 1 8 1 2 4 8 16 32 64 128
 303  74  184 0   7 1 8 1 2 4 8 16 32 64 128
 304 971  759 0  13 1 8 1 2 4 8 16 32 64 128
 305 971  898 0  75 1 8 1 2 4 8 16 32 64 128
 306 571  199 0  52 1 8 1 2 4 8 16 32 64 128
 307 296  994 0  75 1 8 1 2 4 8 16 32 64 128
 308  40  537 0  55 1 8 1 2 4 8 16 32 64 128
 309 992  667 0  56 1 8 1 2 4 8 16 32 64 128
 310 981  185 0  31 1 8 1 2 4 8 16 32 64 128
 311  69  635 0  42 1 8 1 2 4 8 16 32 64 128
 312 724  496 0  63 1 8 1 2 4 8 16 32 64 128
 313 165  713 0   1 1 8 1 2 4 8 16 32 64 128
 314 544  143 0  73 1 8 1 2 4 8 16 32 64 128
 315 196  127 0  96 1 8 1 2 4 8 16 32 64 128
 316 712  540 0  36 1 8 1 2 4 8 16 32 64 128
 317 912  469 0  63 1 8 1 2 4 8 16 32 64 128
 318   9  659 0  55 1 8 1 2 4 8 16 32 64 128
 319 788  421 0  58 1 8 1 2 4 8 16 32 64 128
 320  78  459 0  81 1 8 1 2 4 8 16 32 64 128
 321 373  459 0  87 1 8 1 2 4 8 16 32 64 128
 322  80  737 0  90 1 8 1 2 4 8 16 32 64 128
 323 954  337 0  84 1 8 1 2 4 8 16 32 64 128
 324 798  985 0  89 1 8 1 2 4 8 16 32 64 128
 325 436  656 0  97 1 8 1 2 4 8 16 32 64 128
 326 988  111 0  66 1 8 1 2 4 8 16 32 64 128
 327 139  111 0  73 1 8 1 2 4 8 16 32 64 128
 328 958  672 0  72 1 8 1 2 4 8 16 32 64 128
 329   9  836 0   4 1 8 1 2 4 8 16 32 64 128
 330 466  651 0  12 1 8 1 2 4 8 16 32 64 128
 331 167  594 0  46 1 8 1 2 4 8 16 32 64 128
 332 717  943 0  91 1 8 1 2 4 8 16 32 64 128
 333 593  905 0  38 1 8 1 2 4 8 16 32 64 128
 334 993  757 0  50 1 8 1 2 4 8 16 32 64 128
 335 204   59 0  73 1 8 1 2 4 8 16 32 64 128
 336 105  248 0  75 1 8 1 2 4 8 16 32 64 128
 337 742  529 0  57 1 8 1 2 4 8 16 32 64 128
 338 865  586 0  81 1 8 1 2 4 8 16 32 64 128
 339 542  294 0  65 1 8 1 2 4 8 16 32 64 128
 340 553  576 0  14 1 8 1 2 4 8 16 32 64 128
 341 132  229 0  63 1 8 1 2 4 8 16 32 64 128
 342 566  595 0  13 1 8 1 2 4 8 16 32 64 128
 343 663  322 0  43 1 8 1 2 4 8 16 32 64 128
 344 958  746 0  21 1 8 1 2 4 8 16 32 64 128
 345 375  186 0  79 1 8 1 2 4 8 16 32 64 128
 346 904  901 0  53 1 8 1 2 4 8 16 32 64 128
 347 508  847 0  95 1 8 1 2 4 8 16 32 64 128
 348 914  645 0  25 1 8 1 2 4 8 16 32 64 128
 349 368  130 0  91 1 8 1 2 4 8 16 32 64 128
 350 540  996 0  86 1 8 1 2 4 8 16 32 64 128
 351 754   26 0  36 1 8 1 2 4 8 16 32 64 128
 352 557  988 0  92 1 8 1 2 4 8 16 32 64 128
 353 691  612 0  81 1 8 1 2 4 8 16 32 64 128
 354 488  749 0  82 1 8 1 2 4 8 16 32 64 128
 355 595  813 0  89 1 8 1 2 4 8 16 32 64 128
 356  95  629 0  63 1 8 1 2 4 8 16 32 64 128
 357 260  210 0  96 1 8 1 2 4 8 16 32 64 128
 358 438  671 0  26 1 8 1 2 4 8 16 32 64 128
 359 850  897 0  39 1 8 1 2 4 8 16 32 64 128
 360 704  883 0  65 1 8 1 2 4 8 16 32 64 128
 361 954  642 0  55 1 8 1 2 4 8 16 32 64 128
 362 627  242 0  63 1 8 1 2 4 8 16 32 64 128
 363 266  317 0   9 1 8 1 2 4 8 16 32 64 128
 364 668  210 0  43 1 8 1 2 4 8 16 32 64 128
 365 699  931 0  29 1 8 1 2 4 8 16 32 64 128
 366 532  993 0  36 1 8 1 2 4 8 16 32 64 128
 367  86    9 0   1 1 8 1 2 4 8 16 32 64 128
 368 108  956 0  41 1 8 1 2 4 8 16 32 64 128
 369 568    4 0  63 1 8 1 2 4 8 16 32 64 128
 370 890  888 0  16 1 8 1 2 4 8 16 32 64 128
 371 954  179 0  64 1 8 1 2 4 8 16 32 64 128
 372 969  313 0  52 1 8 1 2 4 8 16 32 64 128
 373 884  961 0  71 1 8 1 2 4 8 16 32 64 128
 374 273  863 0  28 1 8 1 2 4 8 16 32 64 128
 375 639  717 0  52 1 8 1 2 4 8 16 32 64 128
 376 606  296 0  13 1 8 1 2 4 8 16 32 64 128
 377  41   93 0  30 1 8 1 2 4 8 16 32 64 128
 378 629  851 0  38 1 8 1 2 4 8 16 32 64 128
 379  60  234 0  22 1 8 1 2 4 8 16 32 64 128
 380 734   23 0  26 1 8 1 2 4 8 16 32 64 128
 381 753  748 0  97 1 8 1 2 4 8 16 32 64 128
 382 394  739 0  64 1 8 1 2 4 8 16 32 64 128
 383 404  220 0  42 1 8 1 2 4 8 16 32 64 128
 384 589  581 0  70 1 8 1 2 4 8 16 32 64 128
 385 441  519 0  28 1 8 1 2 4 8 16 32 64 128
 386 168  354 0  90 1 8 1 2 4 8 16 32 64 128
 387 270  483 0  86 1 8 1 2 4 8 16 32 64 128
 388 297  432 0  98 1 8 1 2 4 8 16 32 64 128
 389 128  955 0  15 1 8 1 2 4 8 16 32 64 128
 390 935  776 0   6 1 8 1 2 4 8 16 32 64 128
 391 391  867 0  57 1 8 1 2 4 8 16 32 64 128
 392 610  924 0  36 1 8 1 2 4 8 16 32 64 128
 393 902  633 0   8 1 8 1 2 4 8 16 32 64 128
 394 866  103 0  47 1 8 1 2 4 8 16 32 64 128
 395 759   14 0  77 1 8 1 2 4 8 16 32 64 128
 396 116  186 0  62 1 8 1 2 4 8 16 32 64 128
 397 706  340 0  26 1 8 1 2 4 8 16 32 64 128
 398 451  595 0  51 1 8 1 2 4 8 16 32 64 128
 399 862  276 0  58 1 8 1 2 4 8 16 32 64 128
 400 232  129 0  80 1 8 1 2 4 8 16 32 64 128
 401 328  603 0  20 1 8 1 2 4 8 16 32 64 128
 402 935  533 0  51 1 8 1 2 4 8 16 32 64 128
 403 940  362 0  17 1 8 1 2 4 8 16 32 64 128
 404 167  416 0  78 1 8 1 2 4 8 16 32 64 128
 405 491  874 0   5 1 8 1 2 4 8 16 32 64 128
 406 826  738 0  26 1 8 1 2 4 8 16 32 64 128
 407  55  558 0  66 1 8 1 2 4 8 16 32 64 128
 408 903  899 0  16 1 8 1 2 4 8 16 32 64 128
 409 722  896 0  46 1 8 1 2 4 8 16 32 64 128
 410 460  295 0  47 1 8 1 2 4 8 16 32 64 128
 411 571  263 0  53 1 8 1 2 4 8 16 32 64 128
 412 976  439 0  13 1 8 1 2 4 8 16 32 64 128
 413 682  189 0  80 1 8 1 2 4 8 16 32 64 128
 414 442  873 0  65 1 8 1 2 4 8 16 32 64 128
 415 270   79 0  38 1 8 1 2 4 8 16 32 64 128
 416 747  375 0  80 1 8 1 2 4 8 16 32 64 128
 417 598  732 0  96 1 8 1 2 4 8 16 32 64 128
 418 215  949 0  42 1 8 1 2 4 8 16 32 64 128
 419 821  912 0  28 1 8 1 2 4 8 16 32 64 128
 420 809  579 0  47 1 8 1 2 4 8 16 32 64 128
 421 837  310 0  84 1 8 1 2 4 8 16 32 64 128
 422 786  512 0  61 1 8 1 2 4 8 16 32 64 128
 423 823  761 0  47 1 8 1 2 4 8 16 32 64 128
 424  57  891 0   7 1 8 1 2 4 8 16 32 64 128
 425   9  591 0  23 1 8 1 2 4 8 16 32 64 128
 426 773  347 0  36 1 8 1 2 4 8 16 32 64 128
 427 430  767 0   5 1 8 1 2 4 8 16 32 64 128
 428 312  515 0  63 1 8 1 2 4 8 16 32 64 128
 429 598  943 0  60 1 8 1 2 4 8 16 32 64 128
 430 884  982 0   9 1 8 1 2 4 8 16 32 64 128
 431 917  215 0  69 1 8 1 2 4 8 16 32 64 128
 432 563  695 0  50 1 8 1 2 4 8 16 32 64 128
 433 877  824 0  92 1 8 1 2 4 8 16 32 64 128
 434 695  330 0  83 1 8 1 2 4 8 16 32 64 128
 435 742  129 0  83 1 8 1 2 4 8 16 32 64 128
 436 466  509 0  49 1 8 1 2 4 8 16 32 64 128
 437 993  111 0  28 1 8 1 2 4 8 16 32 64 128
 438 748  957 0  23 1 8 1 2 4 8 16 32 64 128
 439 673  180 0  11 1 8 1 2 4 8 16 32 64 128
 440  49   12 0  64 1 8 1 2 4 8 16 32 64 128
 441 967  782 0  67 1 8 1 2 4 8 16 32 64 128
 442 933  453 0  70 1 8 1 2 4 8 16 32 64 128
 443 463  915 0  80 1 8 1 2 4 8 16 32 64 128
 444 458  367 0  64 1 8 1 2 4 8 16 32 64 128
 445 960  971 0  96 1 8 1 2 4 8 16 32 64 128
 446 939  102 0  67 1 8 1 2 4 8 16 32 64 128
 447 855  315 0  88 1 8 1 2 4 8 16 32 64 128
 448 665  385 0  93 1 8 1 2 4 8 16 32 64 128
 449 918  883 0  50 1 8 1 2 4 8 16 32 64 128
 450 584   59 0  86 1 8 1 2 4 8 16 32 64 128
 451 776  914 0  77 1 8 1 2 4 8 16 32 64 128
 452 721  868 0  48 1 8 1 2 4 8 16 32 64 128
 453 264  317 0  18 1 8 1 2 4 8 16 32 64 128
 454 385  203 0  17 1 8 1 2 4 8 16 32 64 128
 455 771   28 0  82 1 8 1 2 4 8 16 32 64 128
 456 936  641 0  33 1 8 1 2 4 8 16 32 64 128
 457 535  224 0  90 1 8 1 2 4 8 16 32 64 128
 458 885  265 0  65 1 8 1 2 4 8 16 32 64 128
 459 757  257 0   3 1 8 1 2 4 8 16 32 64 128
 460 875  672 0  15 1 8 1 2 4 8 16 32 64 128
 461 769  733 0  42 1 8 1 2 4 8 16 32 64 128
 462 409  653 0  48 1 8 1 2 4 8 16 32 64 128
 463 606  211 0  81 1 8 1 2 4 8 16 32 64 128
 464 949  390 0   6 1 8 1 2 4 8 16 32 64 128
 465 714  642 0  14 1 8 1 2 4 8 16 32 64 128
 466 891  683 0   1 1 8 1 2 4 8 16 32 64 128
 467 395  316 0  51 1 8 1 2 4 8 16 32 64 128
 468 281   93 0  45 1 8 1 2 4 8 16 32 64 128
 469 851   82 0  38 1 8 1 2 4 8 16 32 64 128
 470 586   42 0  29 1 8 1 2 4 8 16 32 64 128
 471  91  661 0   1 1 8 1 2 4 8 16 32 64 128
 472 156  484 0  44 1 8 1 2 4 8 16 32 64 128
 473 628  107 0   6 1 8 1 2 4 8 16 32 64 128
 474 450  782 0   5 1 8 1 2 4 8 16 32 64 128
 475 519  567 0  88 1 8 1 2 4 8 16 32 64 128
 476 156  510 0  35 1 8 1 2 4 8 16 32 64 128
 477 744  712 0  79 1 8 1 2 4 8 16 32 64 128
 478 628  875 0  90 1 8 1 2 4 8 16 32 64 128
 479  59  133 0  43 1 8 1 2 4 8 16 32 64 128
 480 565  377 0  40 1 8 1 2 4 8 16 32 64 128
 481 693  295 0  35 1 8 1 2 4 8 16 32 64 128
 482  17  259 0  32 1 8 1 2 4 8 16 32 64 128
 483  20  740 0   5 1 8 1 2 4 8 16 32 64 128
 484 986  321 0  10 1 8 1 2 4 8 16 32 64 128
 485 421  811 0   8 1 8 1 2 4 8 16 32 64 128
 486 655  371 0   9 1 8 1 2 4 8 16 32 64 128
 487 758  976 0  75 1 8 1 2 4 8 16 32 64 128
 488 375  902 0  31 1 8 1 2 4 8 16 32 64 128
 489 100  780 0   1 1 8 1 2 4 8 16 32 64 128
 490 262  340 0  29 1 8 1 2 4 8 16 32 64 128
 491  55  653 0  13 1 8 1 2 4 8 16 32 64 128
 492 354  575 0  89 1 8 1 2 4 8 16 32 64 128
 493 539  542 0  57 1 8 1 2 4 8 16 32 64 128
 494 404  906 0  31 1 8 1 2 4 8 16 32 64 128
 495 207  509 0  44 1 8 1 2 4 8 16 32 64 128
 496 103  299 0  47 1 8 1 2 4 8 16 32 64 128
 497 330  640 0  74 1 8 1 2 4 8 16 32 64 128
 498 373  411 0  18 1 8 1 2 4 8 16 32 64 128
 499 700  449 0  68 1 8 1 2 4 8 16 32 64 128
 500 376  981 0  89 1 8 1 2 4 8 16 32 64 128
 501 227  312 0  71 1 8 1 2 4 8 16 32 64 128
 502 848   35 0  91 1 8 1 2 4 8 16 32 64 128
 503 378  709 0  63 1 8 1 2 4 8 16 32 64 128
 504 697  139 0  24 1 8 1 2 4 8 16 32 64 128
 505 114   85 0  31 1 8 1 2 4 8 16 32 64 128
 506 822  537 0  52 1 8 1 2 4 8 16 32 64 128
 507 127  168 0  87 1 8 1 2 4 8 16 32 64 128
 508 558   11 0   7 1 8 1 2 4 8 16 32 64 128
 509 173  588 0  36 1 8 1 2 4 8 16 32 64 128
 510 512  307 0  79 1 8 1 2 4 8 16 32 64 128
 511  21   37 0  89 1 8 1 2 4 8 16 32 64 128
 512 477  577 0  57 1 8 1 2 4 8 16 32 64 128
 513 399  337 0  45 1 8 1 2 4 8 16 32 64 128
 514  19  185 0  77 1 8 1 2 4 8 16 32 64 128
 515 227  762 0  13 1 8 1 2 4 8 16 32 64 128
 516 491  450 0  60 1 8 1 2 4 8 16 32 64 128
 517 622  594 0  66 1 8 1 2 4 8 16 32 64 128
 518 208  759 0   8 1 8 1 2 4 8 16 32 64 128
 519 323   40 0  34 1 8 1 2 4 8 16 32 64 128
 520 511  998 0  54 1 8 1 2 4 8 16 32 64 128
 521 516  952 0  13 1 8 1 2 4 8 16 32 64 128
 522 796  164 0  76 1 8 1 2 4 8 16 32 64 128
 523 699  982 0 100 1 8 1 2 4 8 16 32 64 128
 524 686  634 0  82 1 8 1 2 4 8 16 32 64 128
 525 243  233 0  21 1 8 1 2 4 8 16 32 64 128
 526 677  597 0  33 1 8 1 2 4 8 16 32 64 128
 527 318  527 0  77 1 8 1 2 4 8 16 32 64 128
 528 695   93 0  48 1 8 1 2 4 8 16 32 64 128
 529 518  344 0  14 1 8 1 2 4 8 16 32 64 128
 530 917   66 0  10 1 8 1 2 4 8 16 32 64 128
 531 806  540 0  18 1 8 1 2 4 8 16 32 64 128
 532 778  269 0  64 1 8 1 2 4 8 16 32 64 128
 533  84  732 0  51 1 8 1 2 4 8 16 32 64 128
 534 284  893 0  98 1 8 1 2 4 8 16 32 64 128
 535 695  488 0  60 1 8 1 2 4 8 16 32 64 128
 536 192  877 0  28 1 8 1 2 4 8 16 32 64 128
 537 272  844 0  61 1 8 1 2 4 8 16 32 64 128
 538 765  102 0  12 1 8 1 2 4 8 16 32 64 128
 539 910  673 0  18 1 8 1 2 4 8 16 32 64 128
 540 554  738 0  23 1 8 1 2 4 8 16 32 64 128
 541   3  275 0  51 1 8 1 2 4 8 16 32 64 128
 542 837  178 0  42 1 8 1 2 4 8 16 32 64 128
 543 458  126 0  14 1 8 1 2 4 8 16 32 64 128
 544 216   91 0  56 1 8 1 2 4 8 16 32 64 128
 545 926    8 0  28 1 8 1 2 4 8 16 32 64 128
 546  94  335 0  81 1 8 1 2 4 8 16 32 64 128
 547 352  846 0  66 1 8 1 2 4 8 16 32 64 128
 548 572  440 0  16 1 8 1 2 4 8 16 32 64 128
 549 424  459 0  41 1 8 1 2 4 8 16 32 64 128
 550 332  552 0  17 1 8 1 2 4 8 16 32 64 128
 551 964  625 0  19 1 8 1 2 4 8 16 32 64 128
 552 921  130 0  26 1 8 1 2 4 8 16 32 64 128
 553 809   92 0  19 1 8 1 2 4 8 16 32 64 128
 554 479  316 0  21 1 8 1 2 4 8 16 32 64 128
 555 768  978 0  23 1 8 1 2 4 8 16 32 64 128
 556 926   94 0  84 1 8 1 2 4 8 16 32 64 128
 557 400  422 0  20 1 8 1 2 4 8 16 32 64 128
 558 608  130 0  47 1 8 1 2 4 8 16 32 64 128
 559 341  928 0  41 1 8 1 2 4 8 16 32 64 128
 560 613  979 0  48 1 8 1 2 4 8 16 32 64 128
 561 571  641 0  12 1 8 1 2 4 8 16 32 64 128
 562 544  605 0  89 1 8 1 2 4 8 16 32 64 128
 563 431  451 0  86 1 8 1 2 4 8 16 32 64 128
 564 935  197 0  30 1 8 1 2 4 8 16 32 64 128
 565 909  149 0   8 1 8 1 2 4 8 16 32 64 128
 566 192  200 0  27 1 8 1 2 4 8 16 32 64 128
 567 231  187 0  90 1 8 1 2 4 8 16 32 64 128
 568 584  383 0  38 1 8 1 2 4 8 16 32 64 128
 569  43  487 0  23 1 8 1 2 4 8 16 32 64 128
 570 182  822 0  29 1 8 1 2 4 8 16 32 64 128
 571 450  315 0  83 1 8 1 2 4 8 16 32 64 128
 572  32  479 0  79 1 8 1 2 4 8 16 32 64 128
 573 423  112 0  73 1 8 1 2 4 8 16 32 64 128
 574 445  347 0  80 1 8 1 2 4 8 16 32 64 128
 575 731   73 0  91 1 8 1 2 4 8 16 32 64 128
 576 611  566 0  11 1 8 1 2 4 8 16 32 64 128
 577 500  552 0  72 1 8 1 2 4 8 16 32 64 128
 578 878  158 0  41 1 8 1 2 4 8 16 32 64 128
 579 803  648 0  13 1 8 1 2 4 8 16 32 64 128
 580 622  729 0  77 1 8 1 2 4 8 16 32 64 128
 581 768  353 0  66 1 8 1 2 4 8 16 32 64 128
 582  95  703 0  81 1 8 1 2 4 8 16 32 64 128
 583 237  568 0  19 1 8 1 2 4 8 16 32 64 128
 584 633  633 0   7 1 8 1 2 4 8 16 32 64 128
 585 377   15 0  15 1 8 1 2 4 8 16 32 64 128
 586 665  441 0  22 1 8 1 2 4 8 16 32 64 128
 587 562  832 0  25 1 8 1 2 4 8 16 32 64 128
 588 595  857 0  43 1 8 1 2 4 8 16 32 64 128
 589 344   64 0  83 1 8 1 2 4 8 16 32 64 128
 590  22  806 0  21 1 8 1 2 4 8 16 32 64 128
 591 620  373 0  53 1 8 1 2 4 8 16 32 64 128
 592  51  476 0   5 1 8 1 2 4 8 16 32 64 128
 593 293  655 0  15 1 8 1 2 4 8 16 32 64 128
 594 211  144 0  68 1 8 1 2 4 8 16 32 64 128
 595 433  129 0  91 1 8 1 2 4 8 16 32 64 128
 596 516   46 0  14 1 8 1 2 4 8 16 32 64 128
 597 757  568 0  54 1 8 1 2 4 8 16 32 64 128
 598 462  450 0  93 1 8 1 2 4 8 16 32 64 128
 599 854  525 0  43 1 8 1 2 4 8 16 32 64 128
 600 989  858 0  87 1 8 1 2 4 8 16 32 64 128
 601 282  444 0  86 1 8 1 2 4 8 16 32 64 128
 602 623  371 0  74 1 8 1 2 4 8 16 32 64 128
 603 535  951 0  73 1 8 1 2 4 8 16 32 64 128
 604 789  704 0  57 1 8 1 2 4 8 16 32 64 128
 605 164  858 0  33 1 8 1 2 4 8 16 32 64 128
 606 311  493 0  13 1 8 1 2 4 8 16 32 64 128
 607 680  262 0  24 1 8 1 2 4 8 16 32 64 128
 608 314  515 0   4 1 8 1 2 4 8 16 32 64 128
 609 825  834 0  83 1 8 1 2 4 8 16 32 64 128
 610 304    1 0  26 1 8 1 2 4 8 16 32 64 128
 611 366  787 0   6 1 8 1 2 4 8 16 32 64 128
 612 790  740 0  61 1 8 1 2 4 8 16 32 64 128
 613 531  872 0  43 1 8 1 2 4 8 16 32 64 128
 614 956  810 0  75 1 8 1 2 4 8 16 32 64 128
 615 292  504 0  52 1 8 1 2 4 8 16 32 64 128
 616 765  505 0  15 1 8 1 2 4 8 16 32 64 128
 617 754  478 0   2 1 8 1 2 4 8 16 32 64 128
 618 461  910 0  11 1 8 1 2 4 8 16 32 64 128
 619 693  637 0  29 1 8 1 2 4 8 16 32 64 128
 620 313  197 0  12 1 8 1 2 4 8 16 32 64 128
 621  12  663 0  18 1 8 1 2 4 8 16 32 64 128
 622 819  920 0  31 1 8 1 2 4 8 16 32 64 128
 623 791  992 0  35 1 8 1 2 4 8 16 32 64 128
 624 724  311 0  47 1 8 1 2 4 8 16 32 64 128
 625 397  875 0   5 1 8 1 2 4 8 16 32 64 128
 626 786  123 0  36 1 8 1 2 4 8 16 32 64 128
 627 222  565 0  32 1 8 1 2 4 8 16 32 64 128
 628 402  826 0  95 1 8 1 2 4 8 16 32 64 128
 629 980  827 0  97 1 8 1 2 4 8 16 32 64 128
 630 584  580 0  56 1 8 1 2 4 8 16 32 64 128
 631 507  160 0  20 1 8 1 2 4 8 16 32 64 128
 632 828  241 0  16 1 8 1 2 4 8 16 32 64 128
 633 324  788 0  68 1 8 1 2 4 8 16 32 64 128
 634 521  624 0  54 1 8 1 2 4 8 16 32 64 128
 635 644  511 0  16 1 8 1 2 4 8 16 32 64 128
 636 963  191 0  27 1 8 1 2 4 8 16 32 64 128
 637 741   32 0  79 1 8 1 2 4 8 16 32 64 128
 638 386  353 0  19 1 8 1 2 4 8 16 32 64 128
 639 562  439 0   7 1 8 1 2 4 8 16 32 64 128
 640 581  165 0  32 1 8 1 2 4 8 16 32 64 128
 641 818  512 0  23 1 8 1 2 4 8 16 32 64 128
 642 292  104 0  48 1 8 1 2 4 8 16 32 64 128
 643 961   93 0  43 1 8 1 2 4 8 16 32 64 128
 644  53  350 0  53 1 8 1 2 4 8 16 32 64 128
 645 130  844 0  19 1 8 1 2 4 8 16 32 64 128
 646 566  939 0  30 1 8 1 2 4 8 16 32 64 128
 647 983  821 0  16 1 8 1 2 4 8 16 32 64 128
 648 572  114 0  47 1 8 1 2 4 8 16 32 64 128
 649 740  957 0   1 1 8 1 2 4 8 16 32 64 128
 650 360  955 0  59 1 8 1 2 4 8 16 32 64 128
 651  50  133 0  57 1 8 1 2 4 8 16 32 64 128
 652 344  315 0  66 1 8 1 2 4 8 16 32 64 128
 653 841  653 0  25 1 8 1 2 4 8 16 32 64 128
 654 990  555 0  83 1 8 1 2 4 8 16 32 64 128
 655 446  926 0   3 1 8 1 2 4 8 16 32 64 128
 656 807  351 0  28 1 8 1 2 4 8 16 32 64 128
 657 250  157 0  73 1 8 1 2 4 8 16 32 64 128
 658 642  630 0  94 1 8 1 2 4 8 16 32 64 128
 659 121   88 0  36 1 8 1 2 4 8 16 32 64 128
 660 588   44 0  84 1 8 1 2 4 8 16 32 64 128
 661 865  926 0  57 1 8 1 2 4 8 16 32 64 128
 662 755  725 0  80 1 8 1 2 4 8 16 32 64 128
 663 656  725 0  67 1 8 1 2 4 8 16 32 64 128
 664 744  254 0   3 1 8 1 2 4 8 16 32 64 128
 665 942  565 0  18 1 8 1 2 4 8 16 32 64 128
 666 787  633 0  18 1 8 1 2 4 8 16 32 64 128
 667 175  263 0  58 1 8 1 2 4 8 16 32 64 128
 668 746  136 0  22 1 8 1 2 4 8 16 32 64 128
 669 796  611 0  74 1 8 1 2 4 8 16 32 64 128
 670 749  292 0   9 1 8 1 2 4 8 16 32 64 128
 671 688  415 0  49 1 8 1 2 4 8 16 32 64 128
 672 978  360 0  52 1 8 1 2 4 8 16 32 64 128
 673 769  870 0  82 1 8 1 2 4 8 16 32 64 128
 674  44  960 0  72 1 8 1 2 4 8 16 32 64 128
 675 670  817 0  86 1 8 1 2 4 8 16 32 64 128
 676 597  341 0   7 1 8 1 2 4 8 16 32 64 128
 677  33  558 0  67 1 8 1 2 4 8 16 32 64 128
 678 323  624 0  56 1 8 1 2 4 8 16 32 64 128
 679 526   43 0  62 1 8 1 2 4 8 16 32 64 128
 680 449  479 0   2 1 8 1 2 4 8 16 32 64 128
 681 378   29 0  14 1 8 1 2 4 8 16 32 64 128
 682 660  502 0  94 1 8 1 2 4 8 16 32 64 128
 683 298  235 0  87 1 8 1 2 4 8 16 32 64 128
 684  10  576 0  17 1 8 1 2 4 8 16 32 64 128
 685 289  600 0  44 1 8 1 2 4 8 16 32 64 128
 686  97  944 0   6 1 8 1 2 4 8 16 32 64 128
 687 495  580 0  15 1 8 1 2 4 8 16 32 64 128
 688 437  350 0  35 1 8 1 2 4 8 16 32 64 128
 689 804   42 0  40 1 8 1 2 4 8 16 32 64 128
 690 381  199 0  60 1 8 1 2 4 8 16 32 64 128
 691 762  259 0  62 1 8 1 2 4 8 16 32 64 128
 692 831  941 0  63 1 8 1 2 4 8 16 32 64 128
 693 857  254 0  33 1 8 1 2 4 8 16 32 64 128
 694 229  552 0  86 1 8 1 2 4 8 16 32 64 128
 695  16   77 0  72 1 8 1 2 4 8 16 32 64 128
 696 474  584 0  70 1 8 1 2 4 8 16 32 64 128
 697 666  944 0  82 1 8 1 2 4 8 16 32 64 128
 698 354    6 0   1 1 8 1 2 4 8 16 32 64 128
 699 597  824 0  17 1 8 1 2 4 8 16 32 64 128
 700 586  183 0  77 1 8 1 2 4 8 16 32 64 128
 701 565  878 0  30 1 8 1 2 4 8 16 32 64 128
 702 153   41 0  77 1 8 1 2 4 8 16 32 64 128
 703 724   56 0  48 1 8 1 2 4 8 16 32 64 128
 704 924  561 0  40 1 8 1 2 4 8 16 32 64 128
 705 429  284 0  55 1 8 1 2 4 8 16 32 64 128
 706 952  631 0   2 1 8 1 2 4 8 16 32 64 128
 707 721  115 0   3 1 8 1 2 4 8 16 32 64 128
 708 802  192 0  95 1 8 1 2 4 8 16 32 64 128
 709 477  471 0  70 1 8 1 2 4 8 16 32 64 128
 710 321  471 0  53 1 8 1 2 4 8 16 32 64 128
 711 529   83 0  83 1 8 1 2 4 8 16 32 64 128
 712 729  319 0  48 1 8 1 2 4 8 16 32 64 128
 713 894   10 0  35 1 8 1 2 4 8 16 32 64 128
 714 773  387 0  18 1 8 1 2 4 8 16 32 64 128
 715  78  876 0  22 1 8 1 2 4 8 16 32 64 128
 716 166  642 0  62 1 8 1 2 4 8 16 32 64 128
 717 562   23 0  30 1 8 1 2 4 8 16 32 64 128
 718 929   38 0  22 1 8 1 2 4 8 16 32 64 128
 719 527  331 0  98 1 8 1 2 4 8 16 32 64 128
 720 985  438 0  75 1 8 1 2 4 8 16 32 64 128
 721 939  225 0  16 1 8 1 2 4 8 16 32 64 128
 722 932  379 0  67 1 8 1 2 4 8 16 32 64 128
 723 585  579 0  15 1 8 1 2 4 8 16 32 64 128
 724 489  450 0  31 1 8 1 2 4 8 16 32 64 128
 725 484  763 0  62 1 8 1 2 4 8 16 32 64 128
 726  44  934 0   8 1 8 1 2 4 8 16 32 64 128
 727 471   96 0  54 1 8 1 2 4 8 16 32 64 128
 728 337  799 0  88 1 8 1 2 4 8 16 32 64 128
 729 260  900 0  16 1 8 1 2 4 8 16 32 64 128
 730 650  151 0  78 1 8 1 2 4 8 16 32 64 128
 731 862  483 0  97 1 8 1 2 4 8 16 32 64 128
 732 921  352 0  85 1 8 1 2 4 8 16 32 64 128
 733 303    4 0  48 1 8 1 2 4 8 16 32 64 128
 734 355  815 0  66 1 8 1 2 4 8 16 32 64 128
 735 185  176 0  78 1 8 1 2 4 8 16 32 64 128
 736 697  791 0  60 1 8 1 2 4 8 16 32 64 128
 737 705   51 0  99 1 8 1 2 4 8 16 32 64 128
 738 570  189 0  74 1 8 1 2 4 8 16 32 64 128
 739 476  183 0  94 1 8 1 2 4 8 16 32 64 128
 740 890  180 0  74 1 8 1 2 4 8 16 32 64 128
 741 560  601 0  62 1 8 1 2 4 8 16 32 64 128
 742 646  983 0  24 1 8 1 2 4 8 16 32 64 128
 743 923  353 0  82 1 8 1 2 4 8 16 32 64 128
 744 961   74 0  96 1 8 1 2 4 8 16 32 64 128
 745 525  115 0  30 1 8 1 2 4 8 16 32 64 128
 746 810  762 0  51 1 8 1 2 4 8 16 32 64 128
 747 174  972 0  66 1 8 1 2 4 8 16 32 64 128
 748  74  949 0  55 1 8 1 2 4 8 16 32 64 128
 749 217   62 0  12 1 8 1 2 4 8 16 32 64 128
 750  74  199 0  99 1 8 1 2 4 8 16 32 64 128
 751 499  507 0  43 1 8 1 2 4 8 16 32 64 128
 752 361  885 0  71 1 8 1 2 4 8 16 32 64 128
 753 679  725 0  98 1 8 1 2 4 8 16 32 64 128
 754 227  773 0  88 1 8 1 2 4 8 16 32 64 128
 755 376   16 0  16 1 8 1 2 4 8 16 32 64 128
 756 597  642 0  67 1 8 1 2 4 8 16 32 64 128
 757 577  391 0  89 1 8 1 2 4 8 16 32 64 128
 758 447  856 0  62 1 8 1 2 4 8 16 32 64 128
 759 300  412 0  19 1 8 1 2 4 8 16 32 64 128
 760 867  715 0  11 1 8 1 2 4 8 16 32 64 128
 761 940  162 0  32 1 8 1 2 4 8 16 32 64 128
 762 157  581 0  57 1 8 1 2 4 8 16 32 64 128
 763 404  549 0   2 1 8 1 2 4 8 16 32 64 128
 764 120  199 0  26 1 8 1 2 4 8 16 32 64 128
 765 631  461 0  68 1 8 1 2 4 8 16 32 64 128
 766 484    7 0  75 1 8 1 2 4 8 16 32 64 128
 767 547  759 0  52 1 8 1 2 4 8 16 32 64 128
 768 931  785 0  75 1 8 1 2 4 8 16 32 64 128
 769 950  183 0  12 1 8 1 2 4 8 16 32 64 128
 770 506  746 0  75 1 8 1 2 4 8 16 32 64 128
 771 395  246 0  66 1 8 1 2 4 8 16 32 64 128
 772 613  642 0   2 1 8 1 2 4 8 16 32 64 128
 773 798  842 0  59 1 8 1 2 4 8 16 32 64 128
 774 757  224 0  57 1 8 1 2 4 8 16 32 64 128
 775 177  957 0  99 1 8 1 2 4 8 16 32 64 128
 776 544  783 0  17 1 8 1 2 4 8 16 32 64 128
 777 562  299 0  95 1 8 1 2 4 8 16 32 64 128
 778 372  506 0  94 1 8 1 2 4 8 16 32 64 128
 779 506  481 0  42 1 8 1 2 4 8 16 32 64 128
 780 860  529 0  76 1 8 1 2 4 8 16 32 64 128
 781   3  981 0  32 1 8 1 2 4 8 16 32 64 128
 782 926  607 0   6 1 8 1 2 4 8 16 32 64 128
 783 484  980 0  72 1 8 1 2 4 8 16 32 64 128
 784 784  326 0  67 1 8 1 2 4 8 16 32 64 128
 785 797  572 0  24 1 8 1 2 4 8 16 32 64 128
 786 480  253 0  42 1 8 1 2 4 8 16 32 64 128
 787 816   71 0  11 1 8 1 2 4 8 16 32 64 128
 788 725  880 0  28 1 8 1 2 4 8 16 32 64 128
 789 216  253 0  74 1 8 1 2 4 8 16 32 64 128
 790 523  107 0  58 1 8 1 2 4 8 16 32 64 128
 791  98  484 0  52 1 8 1 2 4 8 16 32 64 128
 792 969    2 0  77 1 8 1 2 4 8 16 32 64 128
 793 381  460 0  92 1 8 1 2 4 8 16 32 64 128
 794 614   33 0  37 1 8 1 2 4 8 16 32 64 128
 795 911  703 0  37 1 8 1 2 4 8 16 32 64 128
 796 687  364 0   2 1 8 1 2 4 8 16 32 64 128
 797 168  283 0  87 1 8 1 2 4 8 16 32 64 128
 798 382  835 0  64 1 8 1 2 4 8 16 32 64 128
 799 408    0 0  70 1 8 1 2 4 8 16 32 64 128
 800 175  127 0  73 1 8 1 2 4 8 16 32 64 128
 801 459  601 0   8 1 8 1 2 4 8 16 32 64 128
 802 290   97 0  13 1 8 1 2 4 8 16 32 64 128
 803 241  873 0  36 1 8 1 2 4 8 16 32 64 128
 804 299  754 0  70 1 8 1 2 4 8 16 32 64 128
 805  57  946 0   1 1 8 1 2 4 8 16 32 64 128
 806 503  351 0  30 1 8 1 2 4 8 16 32 64 128
 807 603  859 0  97 1 8 1 2 4 8 16 32 64 128
 808 925  152 0  45 1 8 1 2 4 8 16 32 64 128
 809 570  965 0  30 1 8 1 2 4 8 16 32 64 128
 810 687  867 0  13 1 8 1 2 4 8 16 32 64 128
 811 469  946 0  21 1 8 1 2 4 8 16 32 64 128
 812 729  272 0  96 1 8 1 2 4 8 16 32 64 128
 813 320  555 0  15 1 8 1 2 4 8 16 32 64 128
 814 658  158 0  89 1 8 1 2 4 8 16 32 64 128
 815 709   19 0  10 1 8 1 2 4 8 16 32 64 128
 816 623  343 0  91 1 8 1 2 4 8 16 32 64 128
 817 261  213 0  73 1 8 1 2 4 8 16 32 64 128
 818 976   90 0  88 1 8 1 2 4 8 16 32 64 128
 819 375   67 0  59 1 8 1 2 4 8 16 32 64 128
 820 179  651 0  44 1 8 1 2 4 8 16 32 64 128
 821 851  672 0  95 1 8 1 2 4 8 16 32 64 128
 822 747  658 0  71 1 8 1 2 4 8 16 32 64 128
 823 746  404 0  55 1 8 1 2 4 8 16 32 64 128
 824 897  670 0  18 1 8 1 2 4 8 16 32 64 128
 825 874  584 0  44 1 8 1 2 4 8 16 32 64 128
 826 909  531 0  89 1 8 1 2 4 8 16 32 64 128
 827 870  191 0  65 1 8 1 2 4 8 16 32 64 128
 828 805  190 0  99 1 8 1 2 4 8 16 32 64 128
 829 565  559 0  38 1 8 1 2 4 8 16 32 64 128
 830 733   24 0  96 1 8 1 2 4 8 16 32 64 128
 831 723  160 0  72 1 8 1 2 4 8 16 32 64 128
 832 584  871 0  82 1 8 1 2 4 8 16 32 64 128
 833  92   71 0  42 1 8 1 2 4 8 16 32 64 128
 834 717  650 0  24 1 8 1 2 4 8 16 32 64 128
 835 914  497 0  36 1 8 1 2 4 8 16 32 64 128
 836 774  800 0  33 1 8 1 2 4 8 16 32 64 128
 837 448  691 0  16 1 8 1 2 4 8 16 32 64 128
 838   9  441 0  61 1 8 1 2 4 8 16 32 64 128
 839 587  920 0  53 1 8 1 2 4 8 16 32 64 128
 840 951  425 0  82 1 8 1 2 4 8 16 32 64 128
 841 389  557 0   7 1 8 1 2 4 8 16 32 64 128
 842 304  186 0  64 1 8 1 2 4 8 16 32 64 128
 843 771  441 0  72 1 8 1 2 4 8 16 32 64 128
 844 613  154 0  51 1 8 1 2 4 8 16 32 64 128
 845 847  451 0   3 1 8 1 2 4 8 16 32 64 128
 846 550  759 0  32 1 8 1 2 4 8 16 32 64 128
 847 464  809 0  15 1 8 1 2 4 8 16 32 64 128
 848  65  346 0  50 1 8 1 2 4 8 16 32 64 128
 849  21   21 0  91 1 8 1 2 4 8 16 32 64 128
 850   0  539 0   8 1 8 1 2 4 8 16 32 64 128
 851 783   13 0  75 1 8 1 2 4 8 16 32 64 128
 852 660   49 0   1 1 8 1 2 4 8 16 32 64 128
 853 890  280 0  91 1 8 1 2 4 8 16 32 64 128
 854 800  301 0  33 1 8 1 2 4 8 16 32 64 128
 855 741  608 0  13 1 8 1 2 4 8 16 32 64 128
 856 431  185 0  99 1 8 1 2 4 8 16 32 64 128
 857 115  689 0  62 1 8 1 2 4 8 16 32 64 128
 858 708    8 0  73 1 8 1 2 4 8 16 32 64 128
 859  45  251 0   5 1 8 1 2 4 8 16 32 64 128
 860 359  569 0  45 1 8 1 2 4 8 16 32 64 128
 861 780  111 0  67 1 8 1 2 4 8 16 32 64 128
 862 843  276 0  12 1 8 1 2 4 8 16 32 64 128
 863 928  604 0  49 1 8 1 2 4 8 16 32 64 128
 864 208  504 0   4 1 8 1 2 4 8 16 32 64 128
 865 414  985 0  34 1 8 1 2 4 8 16 32 64 128
 866  25  967 0  70 1 8 1 2 4 8 16 32 64 128
 867 158   49 0  99 1 8 1 2 4 8 16 32 64 128
 868 600  544 0  27 1 8 1 2 4 8 16 32 64 128
 869 794  450 0  53 1 8 1 2 4 8 16 32 64 128
 870 201  576 0  86 1 8 1 2 4 8 16 32 64 128
 871 189   69 0  33 1 8 1 2 4 8 16 32 64 128
 872 189  576 0   3 1 8 1 2 4 8 16 32 64 128
 873  54  661 0  72 1 8 1 2 4 8 16 32 64 128
 874 825  849 0  63 1 8 1 2 4 8 16 32 64 128
 875 470  449 0  81 1 8 1 2 4 8 16 32 64 128
 876 297   14 0  84 1 8 1 2 4 8 16 32 64 128
 877 639  168 0  24 1 8 1 2 4 8 16 32 64 128
 878 931  733 0  26 1 8 1 2 4 8 16 32 64 128
 879 934  354 0  98 1 8 1 2 4 8 16 32 64 128
 880 471  811 0  56 1 8 1 2 4 8 16 32 64 128
 881 173  175 0  31 1 8 1 2 4 8 16 32 64 128
 882 245  326 0  65 1 8 1 2 4 8 16 32 64 128
 883 460   19 0  31 1 8 1 2 4 8 16 32 64 128
 884 129  640 0  80 1 8 1 2 4 8 16 32 64 128
 885 355  467 0  41 1 8 1 2 4 8 16 32 64 128
 886 679  700 0  18 1 8 1 2 4 8 16 32 64 128
 887 592   65 0  47 1 8 1 2 4 8 16 32 64 128
 888 721  646 0   8 1 8 1 2 4 8 16 32 64 128
 889 845  151 0  49 1 8 1 2 4 8 16 32 64 128
 890 483  962 0   7 1 8 1 2 4 8 16 32 64 128
 891   8  228 0  93 1 8 1 2 4 8 16 32 64 128
 892 739  923 0  89 1 8 1 2 4 8 16 32 64 128
 893 871  165 0   3 1 8 1 2 4 8 16 32 64 128
 894  66  648 0  96 1 8 1 2 4 8 16 32 64 128
 895 393  541 0   1 1 8 1 2 4 8 16 32 64 128
 896 275  752 0  73 1 8 1 2 4 8 16 32 64 128
 897 576  485 0  16 1 8 1 2 4 8 16 32 64 128
 898  49  433 0  32 1 8 1 2 4 8 16 32 64 128
 899 802   68 0  71 1 8 1 2 4 8 16 32 64 128
 900 231  462 0   6 1 8 1 2 4 8 16 32 64 128
 901 224  436 0  45 1 8 1 2 4 8 16 32 64 128
 902 715  196 0  19 1 8 1 2 4 8 16 32 64 128
 903 297  406 0  11 1 8 1 2 4 8 16 32 64 128
 904  38  518 0  57 1 8 1 2 4 8 16 32 64 128
 905 206  577 0  59 1 8 1 2 4 8 16 32 64 128
 906 151   57 0  87 1 8 1 2 4 8 16 32 64 128
 907 369  628 0  86 1 8 1 2 4 8 16 32 64 128
 908 158  722 0  20 1 8 1 2 4 8 16 32 64 128
 909 359  808 0  75 1 8 1 2 4 8 16 32 64 128
 910 340  543 0  59 1 8 1 2 4 8 16 32 64 128
 911  31  296 0  66 1 8 1 2 4 8 16 32 64 128
 912  69  247 0  78 1 8 1 2 4 8 16 32 64 128
 913 571  197 0  10 1 8 1 2 4 8 16 32 64 128
 914 977   46 0   9 1 8 1 2 4 8 16 32 64 128
 915 597  803 0  44 1 8 1 2 4 8 16 32 64 128
 916 197  880 0  43 1 8 1 2 4 8 16 32 64 128
 917 580  802 0  50 1 8 1 2 4 8 16 32 64 128
 918 982  817 0  67 1 8 1 2 4 8 16 32 64 128
 919 213  889 0   3 1 8 1 2 4 8 16 32 64 128
 920 541  128 0  58 1 8 1 2 4 8 16 32 64 128
 921 741  278 0  48 1 8 1 2 4 8 16 32 64 128
 922 647  413 0  68 1 8 1 2 4 8 16 32 64 128
 923 913  111 0  42 1 8 1 2 4 8 16 32 64 128
 924 243  890 0  14 1 8 1 2 4 8 16 32 64 128
 925 603  302 0  10 1 8 1 2 4 8 16 32 64 128
 926 163  287 0  58 1 8 1 2 4 8 16 32 64 128
 927 108  897 0   5 1 8 1 2 4 8 16 32 64 128
 928 818  870 0  70 1 8 1 2 4 8 16 32 64 128
 929 118  132 0  65 1 8 1 2 4 8 16 32 64 128
 930 672  905 0  23 1 8 1 2 4 8 16 32 64 128
 931 102  178 0  36 1 8 1 2 4 8 16 32 64 128
 932 734  868 0  37 1 8 1 2 4 8 16 32 64 128
 933 857  517 0  26 1 8 1 2 4 8 16 32 64 128
 934 394  270 0  67 1 8 1 2 4 8 16 32 64 128
 935 903  302 0  19 1 8 1 2 4 8 16 32 64 128
 936 716  445 0  43 1 8 1 2 4 8 16 32 64 128
 937 984  473 0  39 1 8 1 2 4 8 16 32 64 128
 938 698  559 0  78 1 8 1 2 4 8 16 32 64 128
 939 307  498 0  98 1 8 1 2 4 8 16 32 64 128
 940 824  868 0  78 1 8 1 2 4 8 16 32 64 128
 941 327  367 0  94 1 8 1 2 4 8 16 32 64 128
 942 847  444 0  56 1 8 1 2 4 8 16 32 64 128
 943  83  329 0  10 1 8 1 2 4 8 16 32 64 128
 944 406  941 0  81 1 8 1 2 4 8 16 32 64 128
 945 799  216 0  10 1 8 1 2 4 8 16 32 64 128
 946 324  768 0  91 1 8 1 2 4 8 16 32 64 128
 947 260  276 0  40 1 8 1 2 4 8 16 32 64 128
 948 676  190 0  37 1 8 1 2 4 8 16 32 64 128
 949 770  742 0  64 1 8 1 2 4 8 16 32 64 128
 950 110  883 0  50 1 8 1 2 4 8 16 32 64 128
 951 674  614 0  19 1 8 1 2 4 8 16 32 64 128
 952 283  813 0 100 1 8 1 2 4 8 16 32 64 128
 953 158  221 0  76 1 8 1 2 4 8 16 32 64 128
 954 832  992 0  48 1 8 1 2 4 8 16 32 64 128
 955 449  429 0  85 1 8 1 2 4 8 16 32 64 128
 956 189  579 0  50 1 8 1 2 4 8 16 32 64 128
 957 902  108 0   4 1 8 1 2 4 8 16 32 64 128
 958 840  776 0   3 1 8 1 2 4 8 16 32 64 128
 959 980  771 0  15 1 8 1 2 4 8 16 32 64 128
 960 521  639 0  99 1 8 1 2 4 8 16 32 64 128
 961 547   21 0  40 1 8 1 2 4 8 16 32 64 128
 962 174    0 0  15 1 8 1 2 4 8 16 32 64 128
 963 584  378 0  23 1 8 1 2 4 8 16 32 64 128
 964 715  538 0  54 1 8 1 2 4 8 16 32 64 128
 965 540  798 0  33 1 8 1 2 4 8 16 32 64 128
 966 102   37 0  92 1 8 1 2 4 8 16 32 64 128
 967 326  298 0  21 1 8 1 2 4 8 16 32 64 128
 968 122  307 0  48 1 8 1 2 4 8 16 32 64 128
 969 749  336 0  67 1 8 1 2 4 8 16 32 64 128
 970 791   84 0  66 1 8 1 2 4 8 16 32 64 128
 971 353  375 0  96 1 8 1 2 4 8 16 32 64 128
 972 795  623 0  80 1 8 1 2 4 8 16 32 64 128
 973 994  768 0  13 1 8 1 2 4 8 16 32 64 128
 974 349  158 0  64 1 8 1 2 4 8 16 32 64 128
 975 599  224 0  39 1 8 1 2 4 8 16 32 64 128
 976 360  338 0  46 1 8 1 2 4 8 16 32 64 128
 977 945  645 0  84 1 8 1 2 4 8 16 32 64 128
 978 233  741 0  24 1 8 1 2 4 8 16 32 64 128
 979  93  643 0   3 1 8 1 2 4 8 16 32 64 128
 980 230  956 0  60 1 8 1 2 4 8 16 32 64 128
 981 880  444 0  43 1 8 1 2 4 8 16 32 64 128
 982 544  190 0  52 1 8 1 2 4 8 16 32 64 128
 983 302  387 0  29 1 8 1 2 4 8 16 32 64 128
 984 237  385 0   2 1 8 1 2 4 8 16 32 64 128
 985 250  567 0  49 1 8 1 2 4 8 16 32 64 128
 986 755  760 0  75 1 8 1 2 4 8 16 32 64 128
 987 997  376 0  43 1 8 1 2 4 8 16 32 64 128
 988 885   12 0  57 1 8 1 2 4 8 16 32 64 128
 989 545    9 0  43 1 8 1 2 4 8 16 32 64 128
 990 899  519 0  99 1 8 1 2 4 8 16 32 64 128
 991 610  784 0   5 1 8 1 2 4 8 16 32 64 128
 992 996  952 0  65 1 8 1 2 4 8 16 32 64 128
 993 706  607 0  91 1 8 1 2 4 8 16 32 64 128
 994 901  552 0  36 1 8 1 2 4 8 16 32 64 128
 995 144  270 0  93 1 8 1 2 4 8 16 32 64 128
 996 941  424 0  89 1 8 1 2 4 8 16 32 64 128
 997 257  545 0  93 1 8 1 2 4 8 16 32 64 128
 998 533  543 0  67 1 8 1 2 4 8 16 32 64 128
 999 436  919 0  81 1 8 1 2 4 8 16 32 64 128
1000 133  402 0  10 1 8 1 2 4 8 16 32 64 128
1001  86  180 0  21 1 8 1 2 4 8 16 32 64 128
1002 558  374 0  13 1 8 1 2 4 8 16 32 64 128
1003 389  335 0  54 1 8 1 2 4 8 16 32 64 128
1004 912  257 0  58 1 8 1 2 4 8 16 32 64 128
1005 542  448 0  16 1 8 1 2 4 8 16 32 64 128
1006 873  254 0  25 1 8 1 2 4 8 16 32 64 128
1007 772  961 0  40 1 8 1 2 4 8 16 32 64 128
1008  95  765 0  71 1 8 1 2 4 8 16 32 64 128
1009 610  323 0  54 1 8 1 2 4 8 16 32 64 128
1010 672   71 0  79 1 8 1 2 4 8 16 32 64 128
1011 163  947 0  98 1 8 1 2 4 8 16 32 64 128
1012 887  466 0  11 1 8 1 2 4 8 16 32 64 128
1013  84  374 0  58 1 8 1 2 4 8 16 32 64 128
1014 645  437 0  49 1 8 1 2 4 8 16 32 64 128
1015 397  552 0  56 1 8 1 2 4 8 16 32 64 128
1016 609  938 0  57 1 8 1 2 4 8 16 32 64 128
1017 970  227 0  65 1 8 1 2 4 8 16 32 64 128
1018 118  492 0  34 1 8 1 2 4 8 16 32 64 128
1019  67  926 0  60 1 8 1 2 4 8 16 32 64 128
1020 996  453 0  88 1 8 1 2 4 8 16 32 64 128
1021 886  571 0  49 1 8 1 2 4 8 16 32 64 128
1022 287  946 0  93 1 8 1 2 4 8 16 32 64 128
1023  23  832 0  24 1 8 1 2 4 8 16 32 64 128
1024 735  566 0   6 1 8 1 2 4 8 16 32 64 128
1025 563   43 0  18 1 8 1 2 4 8 16 32 64 128
1026 537  102 0  42 1 8 1 2 4 8 16 32 64 128
1027  65  741 0  15 1 8 1 2 4 8 16 32 64 128
1028 564  205 0  85 1 8 1 2 4 8 16 32 64 128
1029 764    6 0  41 1 8 1 2 4 8 16 32 64 128
1030 193  337 0  25 1 8 1 2 4 8 16 32 64 128
1031 364  629 0  22 1 8 1 2 4 8 16 32 64 128
1032 881  761 0  71 1 8 1 2 4 8 16 32 64 128
1033 957   43 0   8 1 8 1 2 4 8 16 32 64 128
1034 907  199 0  94 1 8 1 2 4 8 16 32 64 128
1035 805   43 0  58 1 8 1 2 4 8 16 32 64 128
1036 892  605 0  50 1 8 1 2 4 8 16 32 64 128
1037 751  670 0   6 1 8 1 2 4 8 16 32 64 128
1038 658  390 0   3 1 8 1 2 4 8 16 32 64 128
1039 347  253 0  82 1 8 1 2 4 8 16 32 64 128
1040 252  634 0  98 1 8 1 2 4 8 16 32 64 128
1041  55  317 0  28 1 8 1 2 4 8 16 32 64 128
1042 142  883 0  57 1 8 1 2 4 8 16 32 64 128
1043 282  825 0  16 1 8 1 2 4 8 16 32 64 128
1044  55  562 0  93 1 8 1 2 4 8 16 32 64 128
1045 777  214 0  98 1 8 1 2 4 8 16 32 64 128
1046 859  766 0  85 1 8 1 2 4 8 16 32 64 128
1047 616  604 0  38 1 8 1 2 4 8 16 32 64 128
1048  34  871 0  46 1 8 1 2 4 8 16 32 64 128
1049 437  396 0  77 1 8 1 2 4 8 16 32 64 128
1050 423  636 0  16 1 8 1 2 4 8 16 32 64 128
1051   0  837 0  68 1 8 1 2 4 8 16 32 64 128
1052 778  215 0  55 1 8 1 2 4 8 16 32 64 128
1053 357   62 0  15 1 8 1 2 4 8 16 32 64 128
1054 248  116 0  74 1 8 1 2 4 8 16 32 64 128
1055 297  795 0  34 1 8 1 2 4 8 16 32 64 128
1056 517  415 0  20 1 8 1 2 4 8 16 32 64 128
1057 568  683 0  90 1 8 1 2 4 8 16 32 64 128
1058 130  639 0  82 1 8 1 2 4 8 16 32 64 128
1059  51  443 0   8 1 8 1 2 4 8 16 32 64 128
1060 321  856 0  22 1 8 1 2 4 8 16 32 64 128
1061 514  183 0  73 1 8 1 2 4 8 16 32 64 128
1062 771  756 0  99 1 8 1 2 4 8 16 32 64 128
1063 307  183 0  10 1 8 1 2 4 8 16 32 64 128
1064 579  859 0  83 1 8 1 2 4 8 16 32 64 128
1065 403  174 0  23 1 8 1 2 4 8 16 32 64 128
1066 948  618 0  92 1 8 1 2 4 8 16 32 64 128
1067 784  244 0  16 1 8 1 2 4 8 16 32 64 128
1068 189  475 0  43 1 8 1 2 4 8 16 32 64 128
1069 845  978 0  85 1 8 1 2 4 8 16 32 64 128
1070 416  998 0  51 1 8 1 2 4 8 16 32 64 128
1071 150  760 0  37 1 8 1 2 4 8 16 32 64 128
1072 202  458 0  83 1 8 1 2 4 8 16 32 64 128
1073 499   85 0  23 1 8 1 2 4 8 16 32 64 128
1074 119  258 0  59 1 8 1 2 4 8 16 32 64 128
1075 274  477 0  11 1 8 1 2 4 8 16 32 64 128
1076 150  924 0  25 1 8 1 2 4 8 16 32 64 128
1077  31  323 0  69 1 8 1 2 4 8 16 32 64 128
1078 441  733 0  50 1 8 1 2 4 8 16 32 64 128
1079 900  980 0   2 1 8 1 2 4 8 16 32 64 128
1080   7  330 0  24 1 8 1 2 4 8 16 32 64 128
1081 574  925 0  35 1 8 1 2 4 8 16 32 64 128
1082 494  323 0  38 1 8 1 2 4 8 16 32 64 128
1083 186  417 0  23 1 8 1 2 4 8 16 32 64 128
1084 300  691 0  45 1 8 1 2 4 8 16 32 64 128
1085 334  429 0  34 1 8 1 2 4 8 16 32 64 128
1086  30  198 0  26 1 8 1 2 4 8 16 32 64 128
1087 131  975 0  56 1 8 1 2 4 8 16 32 64 128
1088 811  295 0  51 1 8 1 2 4 8 16 32 64 128
1089 452  367 0  15 1 8 1 2 4 8 16 32 64 128
1090 746   63 0  29 1 8 1 2 4 8 16 32 64 128
1091 783  815 0  16 1 8 1 2 4 8 16 32 64 128
1092 786   19 0  93 1 8 1 2 4 8 16 32 64 128
1093 372  944 0  77 1 8 1 2 4 8 16 32 64 128
1094 946  412 0  61 1 8 1 2 4 8 16 32 64 128
1095  66  665 0  72 1 8 1 2 4 8 16 32 64 128
1096 324  258 0  45 1 8 1 2 4 8 16 32 64 128
1097 680  219 0  36 1 8 1 2 4 8 16 32 64 128
1098 322  150 0  51 1 8 1 2 4 8 16 32 64 128
1099 932  611 0  32 1 8 1 2 4 8 16 32 64 128
1100  73  290 0  54 1 8 1 2 4 8 16 32 64 128
1101 552  339 0  59 1 8 1 2 4 8 16 32 64 128
1102  71  637 0  43 1 8 1 2 4 8 16 32 64 128
1103 948  115 0   7 1 8 1 2 4 8 16 32 64 128
1104 376  189 0  63 1 8 1 2 4 8 16 32 64 128
1105 867   79 0  99 1 8 1 2 4 8 16 32 64 128
1106 523  208 0  42 1 8 1 2 4 8 16 32 64 128
1107 604  566 0  99 1 8 1 2 4 8 16 32 64 128
1108 522  505 0  50 1 8 1 2 4 8 16 32 64 128
1109 627  370 0  45 1 8 1 2 4 8 16 32 64 128
1110 514   33 0  39 1 8 1 2 4 8 16 32 64 128
1111 772  945 0  89 1 8 1 2 4 8 16 32 64 128
1112 622  787 0  74 1 8 1 2 4 8 16 32 64 128
1113 860  206 0   4 1 8 1 2 4 8 16 32 64 128
1114 544  346 0  50 1 8 1 2 4 8 16 32 64 128
1115 300  401 0  53 1 8 1 2 4 8 16 32 64 128
1116 912  920 0  33 1 8 1 2 4 8 16 32 64 128
1117  65   35 0   1 1 8 1 2 4 8 16 32 64 128
1118 353   57 0  97 1 8 1 2 4 8 16 32 64 128
1119 882  289 0  53 1 8 1 2 4 8 16 32 64 128
1120 452  810 0  37 1 8 1 2 4 8 16 32 64 128
1121 400  697 0  41 1 8 1 2 4 8 16 32 64 128
1122 285   62 0  60 1 8 1 2 4 8 16 32 64 128
1123 474  706 0  25 1 8 1 2 4 8 16 32 64 128
1124 357   46 0  29 1 8 1 2 4 8 16 32 64 128
1125 589  571 0  80 1 8 1 2 4 8 16 32 64 128
1126 809  515 0   9 1 8 1 2 4 8 16 32 64 128
1127 287  488 0  34 1 8 1 2 4 8 16 32 64 128
1128 278  494 0  99 1 8 1 2 4 8 16 32 64 128
1129 238  429 0  37 1 8 1 2 4 8 16 32 64 128
1130  31  400 0  44 1 8 1 2 4 8 16 32 64 128
1131 433  103 0  85 1 8 1 2 4 8 16 32 64 128
1132 596  304 0  41 1 8 1 2 4 8 16 32 64 128
1133 539  710 0  22 1 8 1 2 4 8 16 32 64 128
1134 213  617 0  62 1 8 1 2 4 8 16 32 64 128
1135 701  347 0  93 1 8 1 2 4 8 16 32 64 128
1136 707  567 0  48 1 8 1 2 4 8 16 32 64 128
1137   6  493 0  77 1 8 1 2 4 8 16 32 64 128
1138 864  217 0  94 1 8 1 2 4 8 16 32 64 128
1139 297   71 0  36 1 8 1 2 4 8 16 32 64 128
1140 852  659 0  94 1 8 1 2 4 8 16 32 64 128
1141 800  446 0  89 1 8 1 2 4 8 16 32 64 128
1142 262  810 0  36 1 8 1 2 4 8 16 32 64 128
1143 485  933 0  19 1 8 1 2 4 8 16 32 64 128
1144 674   71 0  56 1 8 1 2 4 8 16 32 64 128
1145 970  478 0  29 1 8 1 2 4 8 16 32 64 128
1146 685  891 0  13 1 8 1 2 4 8 16 32 64 128
1147 604  361 0  39 1 8 1 2 4 8 16 32 64 128
1148 823  417 0  88 1 8 1 2 4 8 16 32 64 128
1149 270  554 0  96 1 8 1 2 4 8 16 32 64 128
1150 254   36 0  21 1 8 1 2 4 8 16 32 64 128
1151 613  374 0  14 1 8 1 2 4 8 16 32 64 128
1152 696  910 0  37 1 8 1 2 4 8 16 32 64 128
1153 887  684 0  59 1 8 1 2 4 8 16 32 64 128
1154 450  998 0   4 1 8 1 2 4 8 16 32 64 128
1155 252  972 0  61 1 8 1 2 4 8 16 32 64 128
1156 507  679 0   4 1 8 1 2 4 8 16 32 64 128
1157 168  268 0  76 1 8 1 2 4 8 16 32 64 128
1158 550  260 0  66 1 8 1 2 4 8 16 32 64 128
1159 799  685 0  89 1 8 1 2 4 8 16 32 64 128
1160 482  527 0  29 1 8 1 2 4 8 16 32 64 128
1161 738  798 0  71 1 8 1 2 4 8 16 32 64 128
1162 263  655 0  34 1 8 1 2 4 8 16 32 64 128
1163 425   60 0  91 1 8 1 2 4 8 16 32 64 128
1164 476  994 0  41 1 8 1 2 4 8 16 32 64 128
1165 127  359 0  34 1 8 1 2 4 8 16 32 64 128
1166 749  341 0  56 1 8 1 2 4 8 16 32 64 128
1167  54  679 0  97 1 8 1 2 4 8 16 32 64 128
1168 127  511 0  60 1 8 1 2 4 8 16 32 64 128
1169 288   98 0  34 1 8 1 2 4 8 16 32 64 128
1170 907  719 0  66 1 8 1 2 4 8 16 32 64 128
1171 736  259 0   4 1 8 1 2 4 8 16 32 64 128
1172 741  194 0   9 1 8 1 2 4 8 16 32 64 128
1173 846  855 0  67 1 8 1 2 4 8 16 32 64 128
1174 120   17 0  97 1 8 1 2 4 8 16 32 64 128
1175  59   71 0  83 1 8 1 2 4 8 16 32 64 128
1176 417   42 0  45 1 8 1 2 4 8 16 32 64 128
1177   3  286 0   1 1 8 1 2 4 8 16 32 64 128
1178 699  847 0  12 1 8 1 2 4 8 16 32 64 128
1179  13  822 0  41 1 8 1 2 4 8 16 32 64 128
1180 986  287 0  82 1 8 1 2 4 8 16 32 64 128
1181 933  306 0  12 1 8 1 2 4 8 16 32 64 128
1182 138  696 0  12 1 8 1 2 4 8 16 32 64 128
1183 676  976 0  72 1 8 1 2 4 8 16 32 64 128
1184 332  785 0  18 1 8 1 2 4 8 16 32 64 128
1185 745  449 0  87 1 8 1 2 4 8 16 32 64 128
1186  65  424 0  74 1 8 1 2 4 8 16 32 64 128
1187 942   98 0  52 1 8 1 2 4 8 16 32 64 128
1188 359  424 0  21 1 8 1 2 4 8 16 32 64 128
1189 404  905 0  89 1 8 1 2 4 8 16 32 64 128
1190 750  202 0  87 1 8 1 2 4 8 16 32 64 128
1191 855  317 0  50 1 8 1 2 4 8 16 32 64 128
1192 536  217 0  60 1 8 1 2 4 8 16 32 64 128
1193 611  418 0  31 1 8 1 2 4 8 16 32 64 128
1194 533  432 0  13 1 8 1 2 4 8 16 32 64 128
1195 579  822 0   7 1 8 1 2 4 8 16 32 64 128
1196 379  604 0  45 1 8 1 2 4 8 16 32 64 128
1197 393  846 0  83 1 8 1 2 4 8 16 32 64 128
1198 439  958 0  86 1 8 1 2 4 8 16 32 64 128
1199 104  323 0  87 1 8 1 2 4 8 16 32 64 128
1200 747  737 0  53 1 8 1 2 4 8 16 32 64 128
1201 324  716 0   6 1 8 1 2 4 8 16 32 64 128
1202 311   86 0  36 1 8 1 2 4 8 16 32 64 128
1203  13  348 0  60 1 8 1 2 4 8 16 32 64 128
1204 323  336 0  30 1 8 1 2 4 8 16 32 64 128
1205 145  521 0  31 1 8 1 2 4 8 16 32 64 128
1206 714  701 0  98 1 8 1 2 4 8 16 32 64 128
1207 128  246 0  69 1 8 1 2 4 8 16 32 64 128
1208 417  231 0  60 1 8 1 2 4 8 16 32 64 128
1209 138  842 0  47 1 8 1 2 4 8 16 32 64 128
1210 235  872 0  62 1 8 1 2 4 8 16 32 64 128
1211 857  477 0  78 1 8 1 2 4 8 16 32 64 128
1212 586 1000 0  61 1 8 1 2 4 8 16 32 64 128
1213  10   28 0  64 1 8 1 2 4 8 16 32 64 128
1214 400  762 0  17 1 8 1 2 4 8 16 32 64 128
1215 595  319 0  40 1 8 1 2 4 8 16 32 64 128
1216  50  653 0  14 1 8 1 2 4 8 16 32 64 128
1217 522  149 0   3 1 8 1 2 4 8 16 32 64 128
1218 884  894 0  13 1 8 1 2 4 8 16 32 64 128
1219 670  961 0  46 1 8 1 2 4 8 16 32 64 128
1220 398   22 0   2 1 8 1 2 4 8 16 32 64 128
1221 124  385 0  26 1 8 1 2 4 8 16 32 64 128
1222 607  209 0  70 1 8 1 2 4 8 16 32 64 128
1223 924  819 0  82 1 8 1 2 4 8 16 32 64 128
1224 171  830 0  24 1 8 1 2 4 8 16 32 64 128
1225 554  273 0   9 1 8 1 2 4 8 16 32 64 128
1226 229  503 0  87 1 8 1 2 4 8 16 32 64 128
1227 908  475 0  81 1 8 1 2 4 8 16 32 64 128
1228 562  809 0  13 1 8 1 2 4 8 16 32 64 128
1229 757  800 0  84 1 8 1 2 4 8 16 32 64 128
1230 846   43 0  56 1 8 1 2 4 8 16 32 64 128
1231 297  387 0  21 1 8 1 2 4 8 16 32 64 128
1232 615  774 0  25 1 8 1 2 4 8 16 32 64 128
1233 720  887 0  56 1 8 1 2 4 8 16 32 64 128
1234 843  421 0  91 1 8 1 2 4 8 16 32 64 128
1235 696  189 0  85 1 8 1 2 4 8 16 32 64 128
1236 618  903 0  98 1 8 1 2 4 8 16 32 64 128
1237 473  943 0   7 1 8 1 2 4 8 16 32 64 128
1238 731  520 0   4 1 8 1 2 4 8 16 32 64 128
1239 297  690 0  62 1 8 1 2 4 8 16 32 64 128
1240 700  793 0  61 1 8 1 2 4 8 16 32 64 128
1241 701  887 0  81 1 8 1 2 4 8 16 32 64 128
1242 123  822 0  41 1 8 1 2 4 8 16 32 64 128
1243 726  561 0  42 1 8 1 2 4 8 16 32 64 128
1244 735  989 0  54 1 8 1 2 4 8 16 32 64 128
1245  34  574 0  39 1 8 1 2 4 8 16 32 64 128
1246  43  656 0  80 1 8 1 2 4 8 16 32 64 128
1247  79  728 0  46 1 8 1 2 4 8 16 32 64 128
1248 969  652 0  46 1 8 1 2 4 8 16 32 64 128
1249 185  664 0  73 1 8 1 2 4 8 16 32 64 128
1250 146  991 0  77 1 8 1 2 4 8 16 32 64 128
1251 873  997 0  42 1 8 1 2 4 8 16 32 64 128
1252 509  541 0  49 1 8 1 2 4 8 16 32 64 128
1253  60  398 0  74 1 8 1 2 4 8 16 32 64 128
1254 756  344 0  48 1 8 1 2 4 8 16 32 64 128
1255 400  702 0   1 1 8 1 2 4 8 16 32 64 128
1256 841  641 0  33 1 8 1 2 4 8 16 32 64 128
1257 367  305 0  40 1 8 1 2 4 8 16 32 64 128
1258 418  391 0  50 1 8 1 2 4 8 16 32 64 128
1259 961  616 0  50 1 8 1 2 4 8 16 32 64 128
1260 827  680 0  82 1 8 1 2 4 8 16 32 64 128
1261 282   18 0  55 1 8 1 2 4 8 16 32 64 128
1262 819  919 0  65 1 8 1 2 4 8 16 32 64 128
1263 381   32 0  15 1 8 1 2 4 8 16 32 64 128
1264 601   94 0  44 1 8 1 2 4 8 16 32 64 128
1265 351  173 0  29 1 8 1 2 4 8 16 32 64 128
1266 538  746 0  39 1 8 1 2 4 8 16 32 64 128
1267 916  758 0   9 1 8 1 2 4 8 16 32 64 128
1268 570  204 0  24 1 8 1 2 4 8 16 32 64 128
1269 385  566 0  62 1 8 1 2 4 8 16 32 64 128
1270  19  146 0  55 1 8 1 2 4 8 16 32 64 128
1271 913  193 0  28 1 8 1 2 4 8 16 32 64 128
1272 371  926 0  54 1 8 1 2 4 8 16 32 64 128
1273 582  663 0  85 1 8 1 2 4 8 16 32 64 128
1274 277  777 0  17 1 8 1 2 4 8 16 32 64 128
1275 976  390 0  40 1 8 1 2 4 8 16 32 64 128
1276 523  144 0  95 1 8 1 2 4 8 16 32 64 128
1277 492  706 0  10 1 8 1 2 4 8 16 32 64 128
1278 420  280 0  22 1 8 1 2 4 8 16 32 64 128
1279  20  706 0  17 1 8 1 2 4 8 16 32 64 128
1280 475  661 0  23 1 8 1 2 4 8 16 32 64 128
1281 271  519 0  24 1 8 1 2 4 8 16 32 64 128
1282 290  875 0  49 1 8 1 2 4 8 16 32 64 128
1283  52  814 0  45 1 8 1 2 4 8 16 32 64 128
1284 302  361 0  56 1 8 1 2 4 8 16 32 64 128
1285 605  223 0  57 1 8 1 2 4 8 16 32 64 128
1286 631  663 0  37 1 8 1 2 4 8 16 32 64 128
1287 189  338 0  82 1 8 1 2 4 8 16 32 64 128
1288 696  669 0  17 1 8 1 2 4 8 16 32 64 128
1289 599  472 0  26 1 8 1 2 4 8 16 32 64 128
1290  85  334 0  52 1 8 1 2 4 8 16 32 64 128
1291 397  957 0  40 1 8 1 2 4 8 16 32 64 128
1292 938  862 0  49 1 8 1 2 4 8 16 32 64 128
1293 913  978 0  36 1 8 1 2 4 8 16 32 64 128
1294 657  513 0  46 1 8 1 2 4 8 16 32 64 128
1295 835  880 0  19 1 8 1 2 4 8 16 32 64 128
1296 332  729 0  13 1 8 1 2 4 8 16 32 64 128
1297 752 1000 0  42 1 8 1 2 4 8 16 32 64 128
1298 913  105 0  91 1 8 1 2 4 8 16 32 64 128
1299 910  840 0  91 1 8 1 2 4 8 16 32 64 128
1300 729  913 0  16 1 8 1 2 4 8 16 32 64 128
1301 404  271 0  73 1 8 1 2 4 8 16 32 64 128
1302 851  780 0  78 1 8 1 2 4 8 16 32 64 128
1303 412  335 0  24 1 8 1 2 4 8 16 32 64 128
1304 705  737 0  20 1 8 1 2 4 8 16 32 64 128
1305 152  693 0  52 1 8 1 2 4 8 16 32 64 128
1306 702  907 0  81 1 8 1 2 4 8 16 32 64 128
1307 957  501 0  41 1 8 1 2 4 8 16 32 64 128
1308 493  381 0  68 1 8 1 2 4 8 16 32 64 128
1309 995  622 0  87 1 8 1 2 4 8 16 32 64 128
1310 516  805 0  57 1 8 1 2 4 8 16 32 64 128
1311 523  335 0  48 1 8 1 2 4 8 16 32 64 128
1312 445  630 0  54 1 8 1 2 4 8 16 32 64 128
1313 170  622 0  82 1 8 1 2 4 8 16 32 64 128
1314 815  468 0  19 1 8 1 2 4 8 16 32 64 128
1315 662   38 0  44 1 8 1 2 4 8 16 32 64 128
1316 198  781 0   2 1 8 1 2 4 8 16 32 64 128
1317 888  801 0  30 1 8 1 2 4 8 16 32 64 128
1318 217  240 0  24 1 8 1 2 4 8 16 32 64 128
1319 956  620 0  38 1 8 1 2 4 8 16 32 64 128
1320 412  882 0  13 1 8 1 2 4 8 16 32 64 128
1321 897   67 0  46 1 8 1 2 4 8 16 32 64 128
1322  90  186 0   6 1 8 1 2 4 8 16 32 64 128
1323 788  909 0  64 1 8 1 2 4 8 16 32 64 128
1324 984  484 0  91 1 8 1 2 4 8 16 32 64 128
1325 403  339 0  58 1 8 1 2 4 8 16 32 64 128
1326 594  587 0  53 1 8 1 2 4 8 16 32 64 128
1327  71  730 0  39 1 8 1 2 4 8 16 32 64 128
1328 201   90 0  11 1 8 1 2 4 8 16 32 64 128
1329  50  924 0  11 1 8 1 2 4 8 16 32 64 128
1330 787  684 0  52 1 8 1 2 4 8 16 32 64 128
1331 689  709 0  57 1 8 1 2 4 8 16 32 64 128
1332  79  853 0  54 1 8 1 2 4 8 16 32 64 128
1333 273  608 0  47 1 8 1 2 4 8 16 32 64 128
1334 194   49 0  14 1 8 1 2 4 8 16 32 64 128
1335 420   87 0   0 0 0
1336 868  726 0   0 0 0
1337 980  685 0   0 0 0
1338 706  265 0   0 0 0
1339 553  241 0   0 0 0
1340 358  255 0   0 0 0
1341 999  216 0   0 0 0
1342 698  398 0   0 0 0
