2 293 1420 4
0 245
0 245
0 245
0 245
   1 425 650 0  32 1 4 1 2 4 8
   2  68 995 0  62 1 4 1 2 4 8
   3 195 845 0  45 1 4 1 2 4 8
   4 161 972 0  39 1 4 1 2 4 8
   5 827   7 0  34 1 4 1 2 4 8
   6 680 676 0  37 1 4 1 2 4 8
   7 443 715 0  16 1 4 1 2 4 8
   8 770 416 0  70 1 4 1 2 4 8
   9 528 280 0  86 1 4 1 2 4 8
  10 608 908 0  32 1 4 1 2 4 8
  11 371 536 0  36 1 4 1 2 4 8
  12 981  27 0  17 1 4 1 2 4 8
  13 741 423 0  29 1 4 1 2 4 8
  14 697 440 0  89 1 4 1 2 4 8
  15 495 363 0  71 1 4 1 2 4 8
  16 842 591 0  15 1 4 1 2 4 8
  17 555 790 0  95 1 4 1 2 4 8
  18 118 271 0  35 1 4 1 2 4 8
  19 767 843 0  68 1 4 1 2 4 8
  20 794 772 0  14 1 4 1 2 4 8
  21 422 156 0  23 1 4 1 2 4 8
  22 997 852 0  80 1 4 1 2 4 8
  23 475 490 0  17 1 4 1 2 4 8
  24 332  17 0  52 1 4 1 2 4 8
  25 906 414 0  49 1 4 1 2 4 8
  26 836 847 0  75 1 4 1 2 4 8
  27 494 369 0  85 1 4 1 2 4 8
  28 332 134 0  56 1 4 1 2 4 8
  29 375 475 0  23 1 4 1 2 4 8
  30 404 450 0  85 1 4 1 2 4 8
  31 602 398 0  57 1 4 1 2 4 8
  32 844 264 0  24 1 4 1 2 4 8
  33 960 194 0  97 1 4 1 2 4 8
  34 319 955 0  25 1 4 1 2 4 8
  35 869 794 0  50 1 4 1 2 4 8
  36 692 714 0  61 1 4 1 2 4 8
  37 511 633 0  57 1 4 1 2 4 8
  38  65 263 0  59 1 4 1 2 4 8
  39 229 467 0  95 1 4 1 2 4 8
  40 460 375 0  83 1 4 1 2 4 8
  41 841 245 0  76 1 4 1 2 4 8
  42 539 579 0  50 1 4 1 2 4 8
  43 658 445 0  49 1 4 1 2 4 8
  44  87 446 0  65 1 4 1 2 4 8
  45 541 197 0  76 1 4 1 2 4 8
  46 356 631 0  27 1 4 1 2 4 8
  47  41 596 0  30 1 4 1 2 4 8
  48 650 336 0   8 1 4 1 2 4 8
  49 737 135 0  12 1 4 1 2 4 8
  50 936 752 0  57 1 4 1 2 4 8
  51  51 431 0  91 1 4 1 2 4 8
  52 411 336 0  46 1 4 1 2 4 8
  53 281 328 0  12 1 4 1 2 4 8
  54 138 815 0  40 1 4 1 2 4 8
  55 197 133 0  23 1 4 1 2 4 8
  56 763 104 0  53 1 4 1 2 4 8
  57 152 501 0  77 1 4 1 2 4 8
  58 516 680 0  18 1 4 1 2 4 8
  59 373 480 0  16 1 4 1 2 4 8
  60 318 523 0  83 1 4 1 2 4 8
  61 186 910 0  83 1 4 1 2 4 8
  62  56 419 0  20 1 4 1 2 4 8
  63 763 132 0  98 1 4 1 2 4 8
  64 801 207 0  33 1 4 1 2 4 8
  65 322 645 0  21 1 4 1 2 4 8
  66 787 656 0  62 1 4 1 2 4 8
  67 428 520 0  71 1 4 1 2 4 8
  68 919 714 0  18 1 4 1 2 4 8
  69 772 182 0  19 1 4 1 2 4 8
  70 769 934 0  40 1 4 1 2 4 8
  71 774 385 0  55 1 4 1 2 4 8
  72 246 270 0  75 1 4 1 2 4 8
  73 813 909 0  36 1 4 1 2 4 8
  74 719  73 0  10 1 4 1 2 4 8
  75 838 476 0  62 1 4 1 2 4 8
  76 163 620 0  84 1 4 1 2 4 8
  77 816 927 0  81 1 4 1 2 4 8
  78 218 342 0  43 1 4 1 2 4 8
  79 598 404 0  46 1 4 1 2 4 8
  80 756 803 0  68 1 4 1 2 4 8
  81 414 339 0  88 1 4 1 2 4 8
  82 608 357 0  62 1 4 1 2 4 8
  83 998 497 0   8 1 4 1 2 4 8
  84 402 351 0  68 1 4 1 2 4 8
  85 372 581 0  15 1 4 1 2 4 8
  86 807 164 0  71 1 4 1 2 4 8
  87  48 206 0   8 1 4 1 2 4 8
  88 218 401 0  81 1 4 1 2 4 8
  89  27 134 0  32 1 4 1 2 4 8
  90 764 268 0  22 1 4 1 2 4 8
  91 995 548 0  74 1 4 1 2 4 8
  92 637 543 0  84 1 4 1 2 4 8
  93 660 514 0  15 1 4 1 2 4 8
  94 554 745 0  55 1 4 1 2 4 8
  95 528 239 0   1 1 4 1 2 4 8
  96  92 713 0  10 1 4 1 2 4 8
  97 786 143 0  16 1 4 1 2 4 8
  98 788 343 0  78 1 4 1 2 4 8
  99 241 973 0  37 1 4 1 2 4 8
 100 305 930 0  27 1 4 1 2 4 8
 101 775 126 0  45 1 4 1 2 4 8
 102 344   1 0  78 1 4 1 2 4 8
 103 665 344 0  56 1 4 1 2 4 8
 104 974 871 0  17 1 4 1 2 4 8
 105 409 503 0  87 1 4 1 2 4 8
 106 489 369 0  88 1 4 1 2 4 8
 107 619 293 0  51 1 4 1 2 4 8
 108 684 270 0  11 1 4 1 2 4 8
 109 808 121 0  36 1 4 1 2 4 8
 110 956  32 0  93 1 4 1 2 4 8
 111 479 681 0 100 1 4 1 2 4 8
 112 537 910 0  25 1 4 1 2 4 8
 113 644 602 0  30 1 4 1 2 4 8
 114 723 659 0  83 1 4 1 2 4 8
 115 268 117 0  70 1 4 1 2 4 8
 116 606 538 0  42 1 4 1 2 4 8
 117 634 966 0  26 1 4 1 2 4 8
 118 831 700 0  60 1 4 1 2 4 8
 119 286 833 0  88 1 4 1 2 4 8
 120 984 236 0  74 1 4 1 2 4 8
 121 194 303 0  41 1 4 1 2 4 8
 122 150 883 0  88 1 4 1 2 4 8
 123 164  12 0  44 1 4 1 2 4 8
 124 273 700 0  16 1 4 1 2 4 8
 125 286 696 0  70 1 4 1 2 4 8
 126 635 265 0  90 1 4 1 2 4 8
 127 343 960 0  92 1 4 1 2 4 8
 128 272 722 0   6 1 4 1 2 4 8
 129  81 256 0  44 1 4 1 2 4 8
 130 342 497 0  40 1 4 1 2 4 8
 131  32 358 0  34 1 4 1 2 4 8
 132 667 635 0  57 1 4 1 2 4 8
 133 513 134 0  10 1 4 1 2 4 8
 134  98  44 0   1 1 4 1 2 4 8
 135  39  55 0  37 1 4 1 2 4 8
 136 224 228 0  33 1 4 1 2 4 8
 137 590 973 0 100 1 4 1 2 4 8
 138 208 347 0  33 1 4 1 2 4 8
 139 405 609 0  47 1 4 1 2 4 8
 140 784 962 0  90 1 4 1 2 4 8
 141 828  19 0  84 1 4 1 2 4 8
 142 487 791 0  50 1 4 1 2 4 8
 143 578 216 0  15 1 4 1 2 4 8
 144 768 755 0  29 1 4 1 2 4 8
 145 467 261 0  43 1 4 1 2 4 8
 146 218  19 0  63 1 4 1 2 4 8
 147 853 499 0  54 1 4 1 2 4 8
 148 503 961 0  65 1 4 1 2 4 8
 149 985 789 0  14 1 4 1 2 4 8
 150 785 223 0  46 1 4 1 2 4 8
 151 487 719 0  26 1 4 1 2 4 8
 152 938 981 0  26 1 4 1 2 4 8
 153 470 158 0  49 1 4 1 2 4 8
 154 121 264 0  71 1 4 1 2 4 8
 155  92 345 0  25 1 4 1 2 4 8
 156 606 365 0  88 1 4 1 2 4 8
 157 174 171 0  43 1 4 1 2 4 8
 158 382  52 0  53 1 4 1 2 4 8
 159 295 768 0   8 1 4 1 2 4 8
 160 366 939 0  97 1 4 1 2 4 8
 161 710  32 0  97 1 4 1 2 4 8
 162 529 913 0  74 1 4 1 2 4 8
 163  36 401 0  52 1 4 1 2 4 8
 164 953 414 0  36 1 4 1 2 4 8
 165 153  16 0  43 1 4 1 2 4 8
 166 298 802 0  59 1 4 1 2 4 8
 167 928  62 0  71 1 4 1 2 4 8
 168 545 775 0  66 1 4 1 2 4 8
 169 714 412 0  63 1 4 1 2 4 8
 170 910 200 0  40 1 4 1 2 4 8
 171 691 366 0  62 1 4 1 2 4 8
 172 482 683 0  99 1 4 1 2 4 8
 173 549 501 0   7 1 4 1 2 4 8
 174 637 406 0   6 1 4 1 2 4 8
 175 617 721 0   7 1 4 1 2 4 8
 176 423 451 0   1 1 4 1 2 4 8
 177 110 603 0  52 1 4 1 2 4 8
 178 126 537 0  18 1 4 1 2 4 8
 179 370 537 0  60 1 4 1 2 4 8
 180 646 895 0  89 1 4 1 2 4 8
 181 840 307 0  98 1 4 1 2 4 8
 182 176 761 0   9 1 4 1 2 4 8
 183 963 579 0  61 1 4 1 2 4 8
 184 633 409 0  86 1 4 1 2 4 8
 185 405 337 0   2 1 4 1 2 4 8
 186 805 329 0   2 1 4 1 2 4 8
 187 455 574 0  33 1 4 1 2 4 8
 188 284 148 0  90 1 4 1 2 4 8
 189 790 773 0  38 1 4 1 2 4 8
 190 626 777 0  55 1 4 1 2 4 8
 191  36 747 0   8 1 4 1 2 4 8
 192 474 972 0   8 1 4 1 2 4 8
 193 407 828 0  59 1 4 1 2 4 8
 194 626 117 0  97 1 4 1 2 4 8
 195 581 181 0  35 1 4 1 2 4 8
 196 366 479 0  60 1 4 1 2 4 8
 197 915 450 0   6 1 4 1 2 4 8
 198 388 740 0  64 1 4 1 2 4 8
 199  70 384 0  12 1 4 1 2 4 8
 200 100  48 0  85 1 4 1 2 4 8
 201 727 591 0  68 1 4 1 2 4 8
 202 100 315 0  71 1 4 1 2 4 8
 203 465 512 0  40 1 4 1 2 4 8
 204 848 735 0   5 1 4 1 2 4 8
 205 779  93 0  63 1 4 1 2 4 8
 206 698 661 0  16 1 4 1 2 4 8
 207 550 996 0  32 1 4 1 2 4 8
 208 495 197 0  35 1 4 1 2 4 8
 209 358 897 0  45 1 4 1 2 4 8
 210  58 880 0   1 1 4 1 2 4 8
 211 842 420 0  59 1 4 1 2 4 8
 212  87 955 0  83 1 4 1 2 4 8
 213 664 124 0  67 1 4 1 2 4 8
 214 850 422 0  76 1 4 1 2 4 8
 215 767 424 0  70 1 4 1 2 4 8
 216 578 481 0  24 1 4 1 2 4 8
 217 606 720 0  25 1 4 1 2 4 8
 218 700 583 0  67 1 4 1 2 4 8
 219 601 311 0 100 1 4 1 2 4 8
 220 158 316 0  11 1 4 1 2 4 8
 221  25 853 0  81 1 4 1 2 4 8
 222 822 134 0  41 1 4 1 2 4 8
 223  78  49 0  64 1 4 1 2 4 8
 224 719 159 0  76 1 4 1 2 4 8
 225 331 574 0  92 1 4 1 2 4 8
 226  70 546 0  46 1 4 1 2 4 8
 227 892 154 0  78 1 4 1 2 4 8
 228 697 667 0  91 1 4 1 2 4 8
 229 414 917 0  45 1 4 1 2 4 8
 230 203 589 0  96 1 4 1 2 4 8
 231 188 122 0  84 1 4 1 2 4 8
 232  49 329 0  18 1 4 1 2 4 8
 233 323  37 0  47 1 4 1 2 4 8
 234  51 144 0   7 1 4 1 2 4 8
 235 739 459 0  52 1 4 1 2 4 8
 236 608 133 0  73 1 4 1 2 4 8
 237 788 142 0  44 1 4 1 2 4 8
 238   5 475 0  19 1 4 1 2 4 8
 239 896 523 0  69 1 4 1 2 4 8
 240  32 655 0  87 1 4 1 2 4 8
 241 650 908 0  35 1 4 1 2 4 8
 242 809 459 0  12 1 4 1 2 4 8
 243 677 683 0  58 1 4 1 2 4 8
 244  53 292 0  87 1 4 1 2 4 8
 245  15 669 0  85 1 4 1 2 4 8
 246 620 186 0   1 1 4 1 2 4 8
 247 845 694 0  64 1 4 1 2 4 8
 248 739 269 0  30 1 4 1 2 4 8
 249 847 333 0  47 1 4 1 2 4 8
 250   4 791 0  94 1 4 1 2 4 8
 251 507 785 0  79 1 4 1 2 4 8
 252 800 730 0  48 1 4 1 2 4 8
 253 754  90 0  28 1 4 1 2 4 8
 254 497 843 0  56 1 4 1 2 4 8
 255  23 227 0   2 1 4 1 2 4 8
 256  84 593 0  83 1 4 1 2 4 8
 257 320 108 0  54 1 4 1 2 4 8
 258 437 344 0  17 1 4 1 2 4 8
 259   2 334 0  42 1 4 1 2 4 8
 260 245  46 0  18 1 4 1 2 4 8
 261 482 784 0  86 1 4 1 2 4 8
 262 947 765 0  83 1 4 1 2 4 8
 263  50 571 0  65 1 4 1 2 4 8
 264 998 256 0  22 1 4 1 2 4 8
 265 394 595 0  44 1 4 1 2 4 8
 266 324 424 0  10 1 4 1 2 4 8
 267 389 712 0  58 1 4 1 2 4 8
 268 457 870 0  48 1 4 1 2 4 8
 269 307 397 0 100 1 4 1 2 4 8
 270 234  35 0  76 1 4 1 2 4 8
 271 250 118 0  56 1 4 1 2 4 8
 272  83  31 0  88 1 4 1 2 4 8
 273 512  40 0  67 1 4 1 2 4 8
 274 720 283 0  45 1 4 1 2 4 8
 275 457 744 0  32 1 4 1 2 4 8
 276 310  43 0  67 1 4 1 2 4 8
 277 529 750 0  29 1 4 1 2 4 8
 278 727 332 0   5 1 4 1 2 4 8
 279 108 110 0  54 1 4 1 2 4 8
 280 263 705 0  70 1 4 1 2 4 8
 281 414  78 0  41 1 4 1 2 4 8
 282 327  58 0  38 1 4 1 2 4 8
 283 599 277 0  91 1 4 1 2 4 8
 284 655  21 0  20 1 4 1 2 4 8
 285 666 141 0  35 1 4 1 2 4 8
 286 911 500 0  66 1 4 1 2 4 8
 287 855 879 0  22 1 4 1 2 4 8
 288 593 855 0  66 1 4 1 2 4 8
 289 276 127 0  74 1 4 1 2 4 8
 290 873 104 0  69 1 4 1 2 4 8
 291 392 853 0  13 1 4 1 2 4 8
 292 132 956 0  42 1 4 1 2 4 8
 293 634 778 0  38 1 4 1 2 4 8
 294 591 918 0  81 1 4 1 2 4 8
 295 351 686 0  51 1 4 1 2 4 8
 296 438 689 0  18 1 4 1 2 4 8
 297 438 312 0  31 1 4 1 2 4 8
 298 990 567 0  22 1 4 1 2 4 8
 299 718 371 0  61 1 4 1 2 4 8
 300 840 158 0  46 1 4 1 2 4 8
 301 118 450 0  21 1 4 1 2 4 8
 302 840 894 0  29 1 4 1 2 4 8
 303 659 614 0  50 1 4 1 2 4 8
 304 234 203 0  17 1 4 1 2 4 8
 305 143 172 0  51 1 4 1 2 4 8
 306 712 478 0  56 1 4 1 2 4 8
 307 666 329 0  38 1 4 1 2 4 8
 308 642 402 0  70 1 4 1 2 4 8
 309 524 360 0  34 1 4 1 2 4 8
 310 457 648 0  90 1 4 1 2 4 8
 311 534 840 0 100 1 4 1 2 4 8
 312 824 731 0  27 1 4 1 2 4 8
 313 428 437 0  28 1 4 1 2 4 8
 314 148 697 0  62 1 4 1 2 4 8
 315 162 189 0  50 1 4 1 2 4 8
 316 455 179 0  73 1 4 1 2 4 8
 317 546 799 0  10 1 4 1 2 4 8
 318 121 919 0  61 1 4 1 2 4 8
 319 182 540 0  87 1 4 1 2 4 8
 320 361 522 0  65 1 4 1 2 4 8
 321 892 875 0  50 1 4 1 2 4 8
 322 691 401 0  24 1 4 1 2 4 8
 323 291 935 0  47 1 4 1 2 4 8
 324 485 409 0  30 1 4 1 2 4 8
 325  38 914 0  14 1 4 1 2 4 8
 326 848 145 0  77 1 4 1 2 4 8
 327 381 271 0   3 1 4 1 2 4 8
 328 161 467 0  17 1 4 1 2 4 8
 329  43  83 0  45 1 4 1 2 4 8
 330 174  27 0  48 1 4 1 2 4 8
 331  78 277 0   2 1 4 1 2 4 8
 332 933 402 0  27 1 4 1 2 4 8
 333 784 380 0  90 1 4 1 2 4 8
 334 468 351 0  94 1 4 1 2 4 8
 335 582 322 0  93 1 4 1 2 4 8
 336 969 425 0  55 1 4 1 2 4 8
 337 440 129 0  57 1 4 1 2 4 8
 338 946 520 0   8 1 4 1 2 4 8
 339 423 339 0   3 1 4 1 2 4 8
 340 522 648 0  86 1 4 1 2 4 8
 341 826 530 0  11 1 4 1 2 4 8
 342 850 516 0  90 1 4 1 2 4 8
 343 749 525 0  39 1 4 1 2 4 8
 344 575  18 0  12 1 4 1 2 4 8
 345 594 498 0 100 1 4 1 2 4 8
 346 172  58 0  63 1 4 1 2 4 8
 347  35 603 0  43 1 4 1 2 4 8
 348  38 362 0   4 1 4 1 2 4 8
 349 881 155 0  97 1 4 1 2 4 8
 350  91 247 0  18 1 4 1 2 4 8
 351 709 903 0  59 1 4 1 2 4 8
 352 275 827 0  77 1 4 1 2 4 8
 353 517 590 0  33 1 4 1 2 4 8
 354 135  47 0  67 1 4 1 2 4 8
 355 981 416 0 100 1 4 1 2 4 8
 356 102 995 0  27 1 4 1 2 4 8
 357  36 913 0  12 1 4 1 2 4 8
 358 481 276 0  32 1 4 1 2 4 8
 359 163 820 0  98 1 4 1 2 4 8
 360 373 670 0  93 1 4 1 2 4 8
 361 815 857 0  35 1 4 1 2 4 8
 362 311 310 0  60 1 4 1 2 4 8
 363 727 233 0  15 1 4 1 2 4 8
 364 848 222 0  75 1 4 1 2 4 8
 365 567 142 0  77 1 4 1 2 4 8
 366 827 274 0  43 1 4 1 2 4 8
 367 514 688 0   3 1 4 1 2 4 8
 368 759 918 0  23 1 4 1 2 4 8
 369 695 698 0   9 1 4 1 2 4 8
 370 694 159 0  87 1 4 1 2 4 8
 371 275 778 0  64 1 4 1 2 4 8
 372 326 453 0  70 1 4 1 2 4 8
 373 363 931 0  24 1 4 1 2 4 8
 374  38 695 0  33 1 4 1 2 4 8
 375 875 993 0  31 1 4 1 2 4 8
 376 833 555 0  97 1 4 1 2 4 8
 377 930 591 0  20 1 4 1 2 4 8
 378 498 488 0  59 1 4 1 2 4 8
 379 978 490 0  51 1 4 1 2 4 8
 380 123 705 0  96 1 4 1 2 4 8
 381 657 590 0  44 1 4 1 2 4 8
 382 558 663 0  31 1 4 1 2 4 8
 383 837 987 0  46 1 4 1 2 4 8
 384 519 468 0  53 1 4 1 2 4 8
 385 586 243 0  82 1 4 1 2 4 8
 386 194  28 0  54 1 4 1 2 4 8
 387 719 257 0  77 1 4 1 2 4 8
 388 764 651 0  64 1 4 1 2 4 8
 389 143 370 0  25 1 4 1 2 4 8
 390 749 680 0  39 1 4 1 2 4 8
 391 866 893 0  78 1 4 1 2 4 8
 392 489 533 0  18 1 4 1 2 4 8
 393 468 852 0  72 1 4 1 2 4 8
 394 940 998 0  60 1 4 1 2 4 8
 395 106 321 0  71 1 4 1 2 4 8
 396 316  73 0  97 1 4 1 2 4 8
 397 210 944 0  92 1 4 1 2 4 8
 398 367 637 0  66 1 4 1 2 4 8
 399 875 726 0  91 1 4 1 2 4 8
 400 957 813 0  60 1 4 1 2 4 8
 401 538 601 0 100 1 4 1 2 4 8
 402 233 381 0  39 1 4 1 2 4 8
 403   2 336 0   2 1 4 1 2 4 8
 404  72  34 0   3 1 4 1 2 4 8
 405 151 443 0  61 1 4 1 2 4 8
 406 775 620 0  38 1 4 1 2 4 8
 407   1  23 0  62 1 4 1 2 4 8
 408 499 862 0   9 1 4 1 2 4 8
 409 617 525 0   6 1 4 1 2 4 8
 410  94 473 0  12 1 4 1 2 4 8
 411 338 262 0   4 1 4 1 2 4 8
 412 130 648 0 100 1 4 1 2 4 8
 413 774 218 0  94 1 4 1 2 4 8
 414 485 539 0  30 1 4 1 2 4 8
 415 626 764 0   2 1 4 1 2 4 8
 416 893 346 0  48 1 4 1 2 4 8
 417 309 157 0   9 1 4 1 2 4 8
 418 344 754 0  48 1 4 1 2 4 8
 419 428 756 0  68 1 4 1 2 4 8
 420 647 604 0  20 1 4 1 2 4 8
 421 739  67 0  73 1 4 1 2 4 8
 422 784 569 0  56 1 4 1 2 4 8
 423 824 813 0  99 1 4 1 2 4 8
 424 604 669 0  57 1 4 1 2 4 8
 425 360 557 0   8 1 4 1 2 4 8
 426 715 112 0  88 1 4 1 2 4 8
 427 618 101 0  59 1 4 1 2 4 8
 428  20  52 0  16 1 4 1 2 4 8
 429 333 985 0  64 1 4 1 2 4 8
 430  30 589 0  72 1 4 1 2 4 8
 431 921 299 0  66 1 4 1 2 4 8
 432 711  88 0  33 1 4 1 2 4 8
 433 523 983 0   1 1 4 1 2 4 8
 434 912 454 0  45 1 4 1 2 4 8
 435  80 119 0  33 1 4 1 2 4 8
 436 393 403 0  58 1 4 1 2 4 8
 437 545  68 0  65 1 4 1 2 4 8
 438 118 133 0  12 1 4 1 2 4 8
 439 933 260 0  54 1 4 1 2 4 8
 440 824 225 0  76 1 4 1 2 4 8
 441 107 254 0  67 1 4 1 2 4 8
 442 817 993 0  40 1 4 1 2 4 8
 443 732 726 0  90 1 4 1 2 4 8
 444  71 375 0  76 1 4 1 2 4 8
 445 806 756 0  11 1 4 1 2 4 8
 446  93  82 0  26 1 4 1 2 4 8
 447 706 878 0  52 1 4 1 2 4 8
 448 717 445 0  54 1 4 1 2 4 8
 449  80 198 0  59 1 4 1 2 4 8
 450 792 177 0   1 1 4 1 2 4 8
 451 181 331 0   1 1 4 1 2 4 8
 452 135 934 0  47 1 4 1 2 4 8
 453 361 330 0  45 1 4 1 2 4 8
 454 446  37 0  15 1 4 1 2 4 8
 455 297 481 0  30 1 4 1 2 4 8
 456 883 407 0  34 1 4 1 2 4 8
 457 515 477 0  25 1 4 1 2 4 8
 458 653 736 0  76 1 4 1 2 4 8
 459 532 361 0  16 1 4 1 2 4 8
 460 475 499 0  61 1 4 1 2 4 8
 461 188 156 0  97 1 4 1 2 4 8
 462 969 156 0  16 1 4 1 2 4 8
 463 914 986 0  36 1 4 1 2 4 8
 464 753 793 0  44 1 4 1 2 4 8
 465 101 437 0  83 1 4 1 2 4 8
 466 692 223 0   9 1 4 1 2 4 8
 467 495  32 0  78 1 4 1 2 4 8
 468 962  94 0   3 1 4 1 2 4 8
 469 169 754 0  74 1 4 1 2 4 8
 470 557 732 0  31 1 4 1 2 4 8
 471 208 380 0  71 1 4 1 2 4 8
 472 929 899 0  15 1 4 1 2 4 8
 473  51  30 0  31 1 4 1 2 4 8
 474 338 802 0  79 1 4 1 2 4 8
 475 909 648 0  80 1 4 1 2 4 8
 476 661 554 0  14 1 4 1 2 4 8
 477 603 811 0  36 1 4 1 2 4 8
 478 227 841 0  28 1 4 1 2 4 8
 479 420 884 0  12 1 4 1 2 4 8
 480 948 611 0  52 1 4 1 2 4 8
 481 795 239 0  78 1 4 1 2 4 8
 482 588 514 0  34 1 4 1 2 4 8
 483  98 430 0  66 1 4 1 2 4 8
 484 761 741 0  13 1 4 1 2 4 8
 485 909 454 0  44 1 4 1 2 4 8
 486 235 584 0  39 1 4 1 2 4 8
 487 393 671 0  10 1 4 1 2 4 8
 488 182 752 0  15 1 4 1 2 4 8
 489 884 881 0   9 1 4 1 2 4 8
 490  62 335 0   1 1 4 1 2 4 8
 491 952  79 0  99 1 4 1 2 4 8
 492 941 297 0  85 1 4 1 2 4 8
 493 258 365 0   9 1 4 1 2 4 8
 494 558  63 0  38 1 4 1 2 4 8
 495 548 795 0   1 1 4 1 2 4 8
 496 915 687 0  58 1 4 1 2 4 8
 497 681  94 0  20 1 4 1 2 4 8
 498 258 210 0  61 1 4 1 2 4 8
 499 533 567 0  53 1 4 1 2 4 8
 500 689 274 0  51 1 4 1 2 4 8
 501  40  48 0  44 1 4 1 2 4 8
 502 181 626 0  32 1 4 1 2 4 8
 503 494  79 0  16 1 4 1 2 4 8
 504 626 765 0  12 1 4 1 2 4 8
 505 243 707 0  21 1 4 1 2 4 8
 506 600 321 0 100 1 4 1 2 4 8
 507 416 223 0   7 1 4 1 2 4 8
 508 846 907 0   8 1 4 1 2 4 8
 509 209 485 0  23 1 4 1 2 4 8
 510 627 611 0  39 1 4 1 2 4 8
 511 448 561 0  24 1 4 1 2 4 8
 512 930  41 0  70 1 4 1 2 4 8
 513 369 679 0  22 1 4 1 2 4 8
 514 997 350 0  67 1 4 1 2 4 8
 515  26 650 0  36 1 4 1 2 4 8
 516  43 904 0  88 1 4 1 2 4 8
 517 589 407 0   8 1 4 1 2 4 8
 518 472 460 0  82 1 4 1 2 4 8
 519 446 949 0  18 1 4 1 2 4 8
 520 200 645 0  84 1 4 1 2 4 8
 521 734 625 0  75 1 4 1 2 4 8
 522 579 536 0  16 1 4 1 2 4 8
 523 466 229 0  50 1 4 1 2 4 8
 524 635 411 0  39 1 4 1 2 4 8
 525 285 613 0  29 1 4 1 2 4 8
 526 860 735 0  26 1 4 1 2 4 8
 527 782 638 0  38 1 4 1 2 4 8
 528 768 918 0  90 1 4 1 2 4 8
 529 569 164 0  61 1 4 1 2 4 8
 530 639 730 0  60 1 4 1 2 4 8
 531 308 600 0  51 1 4 1 2 4 8
 532 915 956 0  39 1 4 1 2 4 8
 533 542 165 0  84 1 4 1 2 4 8
 534 220 407 0  47 1 4 1 2 4 8
 535 372 245 0  48 1 4 1 2 4 8
 536 859 979 0  18 1 4 1 2 4 8
 537 426 338 0  82 1 4 1 2 4 8
 538 383 623 0  49 1 4 1 2 4 8
 539 835 272 0  25 1 4 1 2 4 8
 540 801 785 0  32 1 4 1 2 4 8
 541 384 241 0  84 1 4 1 2 4 8
 542 814  66 0  15 1 4 1 2 4 8
 543 629 593 0  31 1 4 1 2 4 8
 544  41 145 0  86 1 4 1 2 4 8
 545 945 895 0  97 1 4 1 2 4 8
 546 246 590 0   9 1 4 1 2 4 8
 547  54 621 0  60 1 4 1 2 4 8
 548 316 136 0  22 1 4 1 2 4 8
 549 417 296 0  13 1 4 1 2 4 8
 550 523 596 0  74 1 4 1 2 4 8
 551 853 842 0  29 1 4 1 2 4 8
 552 652 360 0   1 1 4 1 2 4 8
 553 778 312 0  95 1 4 1 2 4 8
 554 917 532 0  12 1 4 1 2 4 8
 555 717 905 0  51 1 4 1 2 4 8
 556 253 657 0  24 1 4 1 2 4 8
 557 106 929 0   4 1 4 1 2 4 8
 558 251 169 0  16 1 4 1 2 4 8
 559 305 948 0  51 1 4 1 2 4 8
 560 566 230 0  49 1 4 1 2 4 8
 561 777 779 0  99 1 4 1 2 4 8
 562 155 102 0  53 1 4 1 2 4 8
 563 200 139 0  87 1 4 1 2 4 8
 564 374 226 0  91 1 4 1 2 4 8
 565 316 928 0  18 1 4 1 2 4 8
 566 990 505 0  13 1 4 1 2 4 8
 567 686 933 0  37 1 4 1 2 4 8
 568 685 727 0  35 1 4 1 2 4 8
 569 999  98 0  62 1 4 1 2 4 8
 570 946 228 0  15 1 4 1 2 4 8
 571 249 892 0  53 1 4 1 2 4 8
 572 280 150 0  23 1 4 1 2 4 8
 573 173 671 0  30 1 4 1 2 4 8
 574 554 997 0  51 1 4 1 2 4 8
 575 669 464 0  64 1 4 1 2 4 8
 576 156 864 0  77 1 4 1 2 4 8
 577 428 517 0   8 1 4 1 2 4 8
 578 331 127 0  98 1 4 1 2 4 8
 579 270 458 0  88 1 4 1 2 4 8
 580 721 728 0  66 1 4 1 2 4 8
 581 649 889 0  31 1 4 1 2 4 8
 582 825 547 0   9 1 4 1 2 4 8
 583 564 654 0  17 1 4 1 2 4 8
 584 758 948 0  76 1 4 1 2 4 8
 585 952 189 0  58 1 4 1 2 4 8
 586 591 882 0  30 1 4 1 2 4 8
 587 591 391 0  75 1 4 1 2 4 8
 588 970 776 0  52 1 4 1 2 4 8
 589 558 602 0  26 1 4 1 2 4 8
 590 724 674 0  53 1 4 1 2 4 8
 591  35 841 0  72 1 4 1 2 4 8
 592 208 272 0   1 1 4 1 2 4 8
 593 932 856 0  35 1 4 1 2 4 8
 594 301 917 0  57 1 4 1 2 4 8
 595 310  21 0  42 1 4 1 2 4 8
 596 340 621 0  34 1 4 1 2 4 8
 597  95 803 0  21 1 4 1 2 4 8
 598 600 742 0  79 1 4 1 2 4 8
 599 978 261 0  54 1 4 1 2 4 8
 600 265 209 0  20 1 4 1 2 4 8
 601 183 406 0  49 1 4 1 2 4 8
 602 610  81 0  17 1 4 1 2 4 8
 603 353 342 0  41 1 4 1 2 4 8
 604 185 445 0  36 1 4 1 2 4 8
 605 684 400 0  81 1 4 1 2 4 8
 606 630 369 0  52 1 4 1 2 4 8
 607 809 215 0  57 1 4 1 2 4 8
 608 897  49 0  29 1 4 1 2 4 8
 609 749 928 0  16 1 4 1 2 4 8
 610 829 260 0  25 1 4 1 2 4 8
 611 511 107 0  26 1 4 1 2 4 8
 612 293 646 0  85 1 4 1 2 4 8
 613 592 599 0  27 1 4 1 2 4 8
 614 459 571 0   4 1 4 1 2 4 8
 615 715 442 0  16 1 4 1 2 4 8
 616 648 875 0  87 1 4 1 2 4 8
 617 649 176 0   2 1 4 1 2 4 8
 618 617 847 0  59 1 4 1 2 4 8
 619 998 922 0   1 1 4 1 2 4 8
 620 129 543 0  69 1 4 1 2 4 8
 621 748 581 0  89 1 4 1 2 4 8
 622  54 534 0  53 1 4 1 2 4 8
 623 482 649 0  71 1 4 1 2 4 8
 624 820 536 0   1 1 4 1 2 4 8
 625 213 402 0  35 1 4 1 2 4 8
 626 625  24 0  30 1 4 1 2 4 8
 627  50 784 0  88 1 4 1 2 4 8
 628 361 500 0  24 1 4 1 2 4 8
 629 938 292 0  35 1 4 1 2 4 8
 630 207 579 0  62 1 4 1 2 4 8
 631 590 109 0   6 1 4 1 2 4 8
 632 465 462 0  46 1 4 1 2 4 8
 633 487 316 0  44 1 4 1 2 4 8
 634 577 937 0  34 1 4 1 2 4 8
 635 811 799 0  86 1 4 1 2 4 8
 636 395 592 0  27 1 4 1 2 4 8
 637 192 455 0  39 1 4 1 2 4 8
 638  38 186 0  24 1 4 1 2 4 8
 639 727 193 0  90 1 4 1 2 4 8
 640 406 746 0  53 1 4 1 2 4 8
 641 599 551 0  19 1 4 1 2 4 8
 642  12 489 0  13 1 4 1 2 4 8
 643 397 749 0   9 1 4 1 2 4 8
 644 713 624 0  49 1 4 1 2 4 8
 645 692   9 0  17 1 4 1 2 4 8
 646 109 760 0  63 1 4 1 2 4 8
 647  59 640 0  58 1 4 1 2 4 8
 648   6 189 0  61 1 4 1 2 4 8
 649 995 457 0  38 1 4 1 2 4 8
 650 127 135 0  28 1 4 1 2 4 8
 651 384 597 0  79 1 4 1 2 4 8
 652  54 156 0  21 1 4 1 2 4 8
 653 477 354 0  95 1 4 1 2 4 8
 654 408  62 0  27 1 4 1 2 4 8
 655 377   5 0  96 1 4 1 2 4 8
 656 547  68 0  39 1 4 1 2 4 8
 657 744 549 0  38 1 4 1 2 4 8
 658 326 994 0 100 1 4 1 2 4 8
 659 767 661 0  49 1 4 1 2 4 8
 660 962 284 0  37 1 4 1 2 4 8
 661 145 820 0  76 1 4 1 2 4 8
 662 968 836 0  78 1 4 1 2 4 8
 663  14 639 0  79 1 4 1 2 4 8
 664 649  81 0  72 1 4 1 2 4 8
 665 910 340 0  78 1 4 1 2 4 8
 666 985 673 0  59 1 4 1 2 4 8
 667 822 154 0 100 1 4 1 2 4 8
 668 264 243 0  45 1 4 1 2 4 8
 669 856 855 0  95 1 4 1 2 4 8
 670 390 935 0   9 1 4 1 2 4 8
 671 586 453 0  34 1 4 1 2 4 8
 672 566 576 0   9 1 4 1 2 4 8
 673 302 152 0  31 1 4 1 2 4 8
 674 884 155 0  82 1 4 1 2 4 8
 675 587 653 0  13 1 4 1 2 4 8
 676 700 256 0  95 1 4 1 2 4 8
 677 734  45 0  67 1 4 1 2 4 8
 678 874 322 0  26 1 4 1 2 4 8
 679 799   6 0  97 1 4 1 2 4 8
 680 119 830 0  40 1 4 1 2 4 8
 681 496 268 0  18 1 4 1 2 4 8
 682 531 794 0  84 1 4 1 2 4 8
 683 287 923 0  35 1 4 1 2 4 8
 684   3 702 0  82 1 4 1 2 4 8
 685 396 507 0  58 1 4 1 2 4 8
 686 148 655 0  71 1 4 1 2 4 8
 687 685  84 0  82 1 4 1 2 4 8
 688 825 994 0  70 1 4 1 2 4 8
 689 567 140 0  94 1 4 1 2 4 8
 690 879 231 0  73 1 4 1 2 4 8
 691 481 255 0  17 1 4 1 2 4 8
 692 504 882 0   2 1 4 1 2 4 8
 693 598 877 0  53 1 4 1 2 4 8
 694 728 704 0  84 1 4 1 2 4 8
 695 402 527 0  78 1 4 1 2 4 8
 696 257 500 0  16 1 4 1 2 4 8
 697 955 290 0  38 1 4 1 2 4 8
 698 888 608 0  14 1 4 1 2 4 8
 699 187 437 0  56 1 4 1 2 4 8
 700 337 594 0  15 1 4 1 2 4 8
 701  14 407 0  58 1 4 1 2 4 8
 702 646  14 0  42 1 4 1 2 4 8
 703 452 191 0  25 1 4 1 2 4 8
 704 818 258 0  57 1 4 1 2 4 8
 705 466  47 0  28 1 4 1 2 4 8
 706 756 160 0  79 1 4 1 2 4 8
 707 681 106 0  15 1 4 1 2 4 8
 708 698 851 0  14 1 4 1 2 4 8
 709 358 829 0  34 1 4 1 2 4 8
 710 317 819 0  48 1 4 1 2 4 8
 711 460 134 0   4 1 4 1 2 4 8
 712 215 200 0   1 1 4 1 2 4 8
 713 382 666 0  81 1 4 1 2 4 8
 714 687 883 0  69 1 4 1 2 4 8
 715 144 831 0  13 1 4 1 2 4 8
 716 542 668 0  53 1 4 1 2 4 8
 717 387 899 0  67 1 4 1 2 4 8
 718 231 883 0  24 1 4 1 2 4 8
 719 979 133 0  21 1 4 1 2 4 8
 720 188 893 0  25 1 4 1 2 4 8
 721 500 315 0  18 1 4 1 2 4 8
 722 159 624 0  24 1 4 1 2 4 8
 723 741 195 0  80 1 4 1 2 4 8
 724 681   4 0  12 1 4 1 2 4 8
 725 504 744 0  76 1 4 1 2 4 8
 726 744 312 0  28 1 4 1 2 4 8
 727 272 453 0  94 1 4 1 2 4 8
 728 651  56 0  30 1 4 1 2 4 8
 729 172 395 0  29 1 4 1 2 4 8
 730 397 597 0  83 1 4 1 2 4 8
 731  90 295 0  91 1 4 1 2 4 8
 732 337  56 0  33 1 4 1 2 4 8
 733 652 442 0  70 1 4 1 2 4 8
 734 775 628 0  48 1 4 1 2 4 8
 735 860  15 0  95 1 4 1 2 4 8
 736 249 206 0  90 1 4 1 2 4 8
 737 331 288 0  40 1 4 1 2 4 8
 738  77 972 0  56 1 4 1 2 4 8
 739 673 722 0  32 1 4 1 2 4 8
 740  10 352 0  14 1 4 1 2 4 8
 741 339 843 0  43 1 4 1 2 4 8
 742 464 141 0  93 1 4 1 2 4 8
 743 189 628 0  83 1 4 1 2 4 8
 744 793 663 0  49 1 4 1 2 4 8
 745  69 403 0  13 1 4 1 2 4 8
 746  60 363 0  20 1 4 1 2 4 8
 747 536 198 0  68 1 4 1 2 4 8
 748 910 117 0  56 1 4 1 2 4 8
 749 232 777 0  79 1 4 1 2 4 8
 750 763 236 0  50 1 4 1 2 4 8
 751 531 959 0  93 1 4 1 2 4 8
 752 309 478 0  38 1 4 1 2 4 8
 753 668 695 0  60 1 4 1 2 4 8
 754 478 545 0  51 1 4 1 2 4 8
 755 201 514 0  96 1 4 1 2 4 8
 756 311 568 0  37 1 4 1 2 4 8
 757 997 332 0  92 1 4 1 2 4 8
 758 882 904 0  60 1 4 1 2 4 8
 759 892 630 0  15 1 4 1 2 4 8
 760  96 608 0  21 1 4 1 2 4 8
 761  54 708 0  70 1 4 1 2 4 8
 762 373  14 0  57 1 4 1 2 4 8
 763 837 107 0  12 1 4 1 2 4 8
 764 409 223 0  32 1 4 1 2 4 8
 765   7 392 0  89 1 4 1 2 4 8
 766 695 136 0  17 1 4 1 2 4 8
 767 136 813 0  25 1 4 1 2 4 8
 768 501  50 0  48 1 4 1 2 4 8
 769  85 724 0  26 1 4 1 2 4 8
 770 313 638 0  62 1 4 1 2 4 8
 771 251 472 0  14 1 4 1 2 4 8
 772 713 806 0   7 1 4 1 2 4 8
 773 858 142 0  73 1 4 1 2 4 8
 774 585 358 0  61 1 4 1 2 4 8
 775 233 769 0  56 1 4 1 2 4 8
 776 728 886 0  63 1 4 1 2 4 8
 777 492 709 0  42 1 4 1 2 4 8
 778 623 279 0  27 1 4 1 2 4 8
 779 960 931 0  35 1 4 1 2 4 8
 780 706 285 0  23 1 4 1 2 4 8
 781 854 747 0  86 1 4 1 2 4 8
 782 440  78 0  43 1 4 1 2 4 8
 783 648 426 0  90 1 4 1 2 4 8
 784 334 424 0  99 1 4 1 2 4 8
 785 972 596 0  25 1 4 1 2 4 8
 786 913 638 0  92 1 4 1 2 4 8
 787  82 840 0  98 1 4 1 2 4 8
 788 628 674 0  93 1 4 1 2 4 8
 789  71 846 0  40 1 4 1 2 4 8
 790 458 644 0  68 1 4 1 2 4 8
 791 191 185 0  43 1 4 1 2 4 8
 792 936 207 0  46 1 4 1 2 4 8
 793 978 296 0  73 1 4 1 2 4 8
 794 458 485 0   2 1 4 1 2 4 8
 795 182  49 0  31 1 4 1 2 4 8
 796 892 915 0  72 1 4 1 2 4 8
 797 883 845 0  38 1 4 1 2 4 8
 798 571 317 0  50 1 4 1 2 4 8
 799 769 515 0  90 1 4 1 2 4 8
 800 676 202 0  31 1 4 1 2 4 8
 801 563 189 0  90 1 4 1 2 4 8
 802 100 227 0  60 1 4 1 2 4 8
 803 408 448 0  94 1 4 1 2 4 8
 804 618 550 0  72 1 4 1 2 4 8
 805 682 833 0  80 1 4 1 2 4 8
 806 354 140 0  74 1 4 1 2 4 8
 807 867 260 0  27 1 4 1 2 4 8
 808 621 206 0  96 1 4 1 2 4 8
 809 894 620 0  32 1 4 1 2 4 8
 810 713 412 0  29 1 4 1 2 4 8
 811 712 154 0  84 1 4 1 2 4 8
 812 914 449 0  54 1 4 1 2 4 8
 813 197 851 0  16 1 4 1 2 4 8
 814 942 631 0  17 1 4 1 2 4 8
 815 831 906 0  79 1 4 1 2 4 8
 816 204 634 0  39 1 4 1 2 4 8
 817  32 933 0  74 1 4 1 2 4 8
 818 396 665 0  66 1 4 1 2 4 8
 819 497 824 0  69 1 4 1 2 4 8
 820  72 870 0  97 1 4 1 2 4 8
 821 434 672 0  77 1 4 1 2 4 8
 822 912 565 0  71 1 4 1 2 4 8
 823 892 668 0  92 1 4 1 2 4 8
 824 714 300 0   7 1 4 1 2 4 8
 825 118 724 0  90 1 4 1 2 4 8
 826 176 320 0  69 1 4 1 2 4 8
 827 393 555 0  76 1 4 1 2 4 8
 828 901 981 0  65 1 4 1 2 4 8
 829 789 285 0  79 1 4 1 2 4 8
 830 603 668 0  50 1 4 1 2 4 8
 831 730  51 0  43 1 4 1 2 4 8
 832 208 162 0  29 1 4 1 2 4 8
 833 629 881 0  88 1 4 1 2 4 8
 834 592 481 0  31 1 4 1 2 4 8
 835 673 293 0  28 1 4 1 2 4 8
 836  50 653 0  44 1 4 1 2 4 8
 837 464 699 0  94 1 4 1 2 4 8
 838  34 876 0  33 1 4 1 2 4 8
 839 336 951 0  80 1 4 1 2 4 8
 840 392 127 0  85 1 4 1 2 4 8
 841 279 717 0  82 1 4 1 2 4 8
 842  50 656 0  70 1 4 1 2 4 8
 843 254 440 0  86 1 4 1 2 4 8
 844 207 643 0   5 1 4 1 2 4 8
 845 822 261 0  42 1 4 1 2 4 8
 846 429 420 0  97 1 4 1 2 4 8
 847 804 726 0   9 1 4 1 2 4 8
 848   5 691 0  77 1 4 1 2 4 8
 849 530 846 0  42 1 4 1 2 4 8
 850 501 633 0  94 1 4 1 2 4 8
 851 566 925 0  98 1 4 1 2 4 8
 852  81 835 0  45 1 4 1 2 4 8
 853 286 788 0  69 1 4 1 2 4 8
 854 881 756 0  49 1 4 1 2 4 8
 855  25 454 0   1 1 4 1 2 4 8
 856 662 235 0  45 1 4 1 2 4 8
 857 967 238 0  55 1 4 1 2 4 8
 858 483 526 0  76 1 4 1 2 4 8
 859 129 603 0  79 1 4 1 2 4 8
 860 766 445 0  41 1 4 1 2 4 8
 861 979 269 0  57 1 4 1 2 4 8
 862 218 119 0  18 1 4 1 2 4 8
 863 304 755 0  23 1 4 1 2 4 8
 864 748 540 0  10 1 4 1 2 4 8
 865 396 419 0  99 1 4 1 2 4 8
 866 471 223 0  51 1 4 1 2 4 8
 867 693 883 0   2 1 4 1 2 4 8
 868 488 681 0  97 1 4 1 2 4 8
 869  80 663 0  43 1 4 1 2 4 8
 870 644 930 0  52 1 4 1 2 4 8
 871 897 745 0  58 1 4 1 2 4 8
 872 310 901 0  23 1 4 1 2 4 8
 873 691 279 0  30 1 4 1 2 4 8
 874  90 442 0  61 1 4 1 2 4 8
 875 890 656 0  31 1 4 1 2 4 8
 876 336 937 0  24 1 4 1 2 4 8
 877 569 551 0  81 1 4 1 2 4 8
 878 258  32 0  25 1 4 1 2 4 8
 879 289 506 0  49 1 4 1 2 4 8
 880 420 150 0  82 1 4 1 2 4 8
 881 582 552 0  10 1 4 1 2 4 8
 882  31 509 0  59 1 4 1 2 4 8
 883 108   0 0  13 1 4 1 2 4 8
 884 511 140 0  97 1 4 1 2 4 8
 885 258 506 0  48 1 4 1 2 4 8
 886 532   5 0  58 1 4 1 2 4 8
 887 877 667 0  76 1 4 1 2 4 8
 888 333 803 0  43 1 4 1 2 4 8
 889 252 880 0  61 1 4 1 2 4 8
 890 799 700 0   5 1 4 1 2 4 8
 891 365  84 0  44 1 4 1 2 4 8
 892 155 253 0   3 1 4 1 2 4 8
 893 436 349 0  91 1 4 1 2 4 8
 894 599 993 0  60 1 4 1 2 4 8
 895 217 791 0  94 1 4 1 2 4 8
 896  63 869 0  38 1 4 1 2 4 8
 897 956 357 0  89 1 4 1 2 4 8
 898 409 423 0  34 1 4 1 2 4 8
 899 337 322 0  23 1 4 1 2 4 8
 900 755 240 0  94 1 4 1 2 4 8
 901 313 216 0  49 1 4 1 2 4 8
 902 533 410 0  24 1 4 1 2 4 8
 903 572 128 0  89 1 4 1 2 4 8
 904  23  86 0  11 1 4 1 2 4 8
 905 523 393 0  54 1 4 1 2 4 8
 906 393 369 0  31 1 4 1 2 4 8
 907 510 971 0  18 1 4 1 2 4 8
 908 313 510 0  71 1 4 1 2 4 8
 909 169 864 0  21 1 4 1 2 4 8
 910 182 443 0  39 1 4 1 2 4 8
 911  98 982 0  31 1 4 1 2 4 8
 912 717 831 0  19 1 4 1 2 4 8
 913 647 351 0  55 1 4 1 2 4 8
 914 763 162 0  23 1 4 1 2 4 8
 915 273 862 0   7 1 4 1 2 4 8
 916 181 956 0  36 1 4 1 2 4 8
 917 680 338 0  56 1 4 1 2 4 8
 918 580 515 0  25 1 4 1 2 4 8
 919 370 633 0  77 1 4 1 2 4 8
 920 612 534 0   5 1 4 1 2 4 8
 921 611 429 0  22 1 4 1 2 4 8
 922 487 628 0  24 1 4 1 2 4 8
 923 725 128 0  47 1 4 1 2 4 8
 924 548 245 0  60 1 4 1 2 4 8
 925  54 990 0  88 1 4 1 2 4 8
 926 602 958 0  56 1 4 1 2 4 8
 927 316 947 0  91 1 4 1 2 4 8
 928 860 300 0  76 1 4 1 2 4 8
 929 587 151 0  33 1 4 1 2 4 8
 930 949 670 0  98 1 4 1 2 4 8
 931  65 954 0  34 1 4 1 2 4 8
 932 846 303 0  81 1 4 1 2 4 8
 933 630 608 0  98 1 4 1 2 4 8
 934 812 798 0  18 1 4 1 2 4 8
 935 902  14 0  91 1 4 1 2 4 8
 936 450 221 0  47 1 4 1 2 4 8
 937 681 945 0  12 1 4 1 2 4 8
 938 680 584 0  78 1 4 1 2 4 8
 939 809 751 0  28 1 4 1 2 4 8
 940 211 491 0  90 1 4 1 2 4 8
 941 900 646 0  37 1 4 1 2 4 8
 942 448  29 0   2 1 4 1 2 4 8
 943 831 283 0  41 1 4 1 2 4 8
 944 596 687 0  31 1 4 1 2 4 8
 945 140 723 0  32 1 4 1 2 4 8
 946 201 319 0  73 1 4 1 2 4 8
 947 348 293 0  38 1 4 1 2 4 8
 948 581 211 0  20 1 4 1 2 4 8
 949 543 856 0  57 1 4 1 2 4 8
 950 234 741 0  17 1 4 1 2 4 8
 951 169 109 0  31 1 4 1 2 4 8
 952 696 412 0  90 1 4 1 2 4 8
 953  92 394 0   9 1 4 1 2 4 8
 954  51  17 0  52 1 4 1 2 4 8
 955 799 348 0  47 1 4 1 2 4 8
 956  64 933 0  85 1 4 1 2 4 8
 957  37 715 0  14 1 4 1 2 4 8
 958  82 958 0  46 1 4 1 2 4 8
 959 559 412 0  69 1 4 1 2 4 8
 960 324 693 0  48 1 4 1 2 4 8
 961 901 466 0  23 1 4 1 2 4 8
 962 188 276 0   1 1 4 1 2 4 8
 963 741 934 0  94 1 4 1 2 4 8
 964 176 906 0  40 1 4 1 2 4 8
 965 899 569 0  62 1 4 1 2 4 8
 966 108 478 0  93 1 4 1 2 4 8
 967 930 183 0  82 1 4 1 2 4 8
 968 280 846 0  61 1 4 1 2 4 8
 969 277   7 0   8 1 4 1 2 4 8
 970  11 475 0  40 1 4 1 2 4 8
 971 727 324 0  12 1 4 1 2 4 8
 972 995 108 0  64 1 4 1 2 4 8
 973 516 802 0  17 1 4 1 2 4 8
 974 213 392 0  98 1 4 1 2 4 8
 975 539 358 0  23 1 4 1 2 4 8
 976  21 125 0  24 1 4 1 2 4 8
 977 692 847 0  43 1 4 1 2 4 8
 978 109 225 0  31 1 4 1 2 4 8
 979 628 300 0  57 1 4 1 2 4 8
 980 374 192 0  83 1 4 1 2 4 8
 981 512 708 0  60 1 4 1 2 4 8
 982 245 989 0  90 1 4 1 2 4 8
 983 394 489 0  16 1 4 1 2 4 8
 984 336 461 0  85 1 4 1 2 4 8
 985 332 374 0  70 1 4 1 2 4 8
 986 664  58 0  61 1 4 1 2 4 8
 987 381 409 0  85 1 4 1 2 4 8
 988 876 406 0  60 1 4 1 2 4 8
 989 443  18 0  79 1 4 1 2 4 8
 990  34 207 0  52 1 4 1 2 4 8
 991 999 678 0  61 1 4 1 2 4 8
 992  81 522 0  60 1 4 1 2 4 8
 993  57 800 0  25 1 4 1 2 4 8
 994 141 775 0  90 1 4 1 2 4 8
 995  72 759 0  77 1 4 1 2 4 8
 996 875 584 0  73 1 4 1 2 4 8
 997 241 260 0  44 1 4 1 2 4 8
 998  46 869 0  92 1 4 1 2 4 8
 999 407 728 0  74 1 4 1 2 4 8
1000  96 182 0  57 1 4 1 2 4 8
1001 743 436 0  78 1 4 1 2 4 8
1002 541 907 0  60 1 4 1 2 4 8
1003  11 751 0  61 1 4 1 2 4 8
1004 885 303 0  82 1 4 1 2 4 8
1005 583 412 0  31 1 4 1 2 4 8
1006 834 107 0  41 1 4 1 2 4 8
1007 689 620 0  65 1 4 1 2 4 8
1008 654  53 0  43 1 4 1 2 4 8
1009 428 185 0  35 1 4 1 2 4 8
1010 623 931 0   8 1 4 1 2 4 8
1011 980 876 0  39 1 4 1 2 4 8
1012 566 695 0   1 1 4 1 2 4 8
1013 703 923 0   5 1 4 1 2 4 8
1014 668 190 0   2 1 4 1 2 4 8
1015 567 460 0  88 1 4 1 2 4 8
1016 809 746 0  89 1 4 1 2 4 8
1017 867 964 0  71 1 4 1 2 4 8
1018 794 381 0  44 1 4 1 2 4 8
1019 318 827 0  88 1 4 1 2 4 8
1020 883 460 0   4 1 4 1 2 4 8
1021 660 386 0  82 1 4 1 2 4 8
1022 432 339 0   5 1 4 1 2 4 8
1023 358 982 0  62 1 4 1 2 4 8
1024  81 509 0  94 1 4 1 2 4 8
1025   9 299 0  19 1 4 1 2 4 8
1026 780 734 0  80 1 4 1 2 4 8
1027 678 330 0  26 1 4 1 2 4 8
1028 377 806 0  12 1 4 1 2 4 8
1029 909  89 0  47 1 4 1 2 4 8
1030 710 755 0  59 1 4 1 2 4 8
1031 205 949 0  92 1 4 1 2 4 8
1032 262 245 0  85 1 4 1 2 4 8
1033 778 971 0  31 1 4 1 2 4 8
1034 228 460 0  79 1 4 1 2 4 8
1035 147 559 0  28 1 4 1 2 4 8
1036 671 415 0  26 1 4 1 2 4 8
1037 654 626 0  18 1 4 1 2 4 8
1038 399 515 0  63 1 4 1 2 4 8
1039 984 281 0  93 1 4 1 2 4 8
1040 134  92 0  93 1 4 1 2 4 8
1041  66 312 0  70 1 4 1 2 4 8
1042 251 708 0   6 1 4 1 2 4 8
1043 192 630 0  44 1 4 1 2 4 8
1044 350 631 0  41 1 4 1 2 4 8
1045 604 124 0  53 1 4 1 2 4 8
1046 897  93 0  78 1 4 1 2 4 8
1047 362 995 0  17 1 4 1 2 4 8
1048  92 146 0   7 1 4 1 2 4 8
1049 459 192 0  89 1 4 1 2 4 8
1050 596 330 0   9 1 4 1 2 4 8
1051 590 172 0  36 1 4 1 2 4 8
1052  39 511 0  67 1 4 1 2 4 8
1053 383 420 0  70 1 4 1 2 4 8
1054 586 660 0  85 1 4 1 2 4 8
1055 788 105 0  19 1 4 1 2 4 8
1056 261 561 0 100 1 4 1 2 4 8
1057 618 849 0  90 1 4 1 2 4 8
1058 375 199 0  88 1 4 1 2 4 8
1059  59  82 0  86 1 4 1 2 4 8
1060 566 318 0  31 1 4 1 2 4 8
1061 294 536 0  47 1 4 1 2 4 8
1062 858 820 0  67 1 4 1 2 4 8
1063  73 731 0  55 1 4 1 2 4 8
1064 408 273 0  96 1 4 1 2 4 8
1065 336 260 0  20 1 4 1 2 4 8
1066 605 864 0  55 1 4 1 2 4 8
1067  88 303 0  73 1 4 1 2 4 8
1068 851 607 0  97 1 4 1 2 4 8
1069 325 175 0  45 1 4 1 2 4 8
1070 960   9 0   2 1 4 1 2 4 8
1071 558 432 0  86 1 4 1 2 4 8
1072 108 304 0  48 1 4 1 2 4 8
1073 121 618 0  62 1 4 1 2 4 8
1074 133 115 0  39 1 4 1 2 4 8
1075 545 291 0  15 1 4 1 2 4 8
1076 259 726 0  88 1 4 1 2 4 8
1077  68 632 0  18 1 4 1 2 4 8
1078 303 339 0  75 1 4 1 2 4 8
1079 149 611 0  38 1 4 1 2 4 8
1080 317 946 0  50 1 4 1 2 4 8
1081 163 144 0  97 1 4 1 2 4 8
1082 191 961 0  25 1 4 1 2 4 8
1083 321  20 0  15 1 4 1 2 4 8
1084 314 435 0  26 1 4 1 2 4 8
1085 935 460 0  21 1 4 1 2 4 8
1086 939 590 0  61 1 4 1 2 4 8
1087 602 280 0 100 1 4 1 2 4 8
1088 194 636 0  78 1 4 1 2 4 8
1089 232 368 0  22 1 4 1 2 4 8
1090 170 367 0  31 1 4 1 2 4 8
1091 834 278 0  41 1 4 1 2 4 8
1092 415 920 0  24 1 4 1 2 4 8
1093 902 434 0  35 1 4 1 2 4 8
1094  94 202 0  89 1 4 1 2 4 8
1095 861 267 0  98 1 4 1 2 4 8
1096 423 561 0  35 1 4 1 2 4 8
1097 199 570 0  68 1 4 1 2 4 8
1098  81 418 0  94 1 4 1 2 4 8
1099 558 375 0  36 1 4 1 2 4 8
1100 418 995 0  60 1 4 1 2 4 8
1101 382 832 0  25 1 4 1 2 4 8
1102 182 257 0  84 1 4 1 2 4 8
1103  84 990 0  71 1 4 1 2 4 8
1104 348 979 0  93 1 4 1 2 4 8
1105 507  87 0  41 1 4 1 2 4 8
1106  85 339 0  75 1 4 1 2 4 8
1107 818 416 0  33 1 4 1 2 4 8
1108 182 673 0  86 1 4 1 2 4 8
1109 880 114 0  80 1 4 1 2 4 8
1110 572 604 0  32 1 4 1 2 4 8
1111 690 406 0  75 1 4 1 2 4 8
1112 642 174 0  64 1 4 1 2 4 8
1113 434 472 0  70 1 4 1 2 4 8
1114 638 884 0  55 1 4 1 2 4 8
1115 685 939 0   7 1 4 1 2 4 8
1116 767  29 0  71 1 4 1 2 4 8
1117 149 951 0  23 1 4 1 2 4 8
1118 560 133 0  14 1 4 1 2 4 8
1119 355 150 0  67 1 4 1 2 4 8
1120 836 670 0  81 1 4 1 2 4 8
1121 725 249 0  92 1 4 1 2 4 8
1122 944 170 0  11 1 4 1 2 4 8
1123 132 358 0  83 1 4 1 2 4 8
1124 729 273 0  33 1 4 1 2 4 8
1125 182 132 0  31 1 4 1 2 4 8
1126 208 444 0  82 1 4 1 2 4 8
1127 167 640 0  45 1 4 1 2 4 8
1128 644 334 0  45 1 4 1 2 4 8
1129 125 788 0  37 1 4 1 2 4 8
1130 359 365 0  31 1 4 1 2 4 8
1131  56 662 0  89 1 4 1 2 4 8
1132 891 156 0  73 1 4 1 2 4 8
1133 332  67 0   9 1 4 1 2 4 8
1134 870 722 0  55 1 4 1 2 4 8
1135 356 978 0  97 1 4 1 2 4 8
1136 351 113 0  64 1 4 1 2 4 8
1137 177 703 0   7 1 4 1 2 4 8
1138 342 919 0  69 1 4 1 2 4 8
1139 219 478 0  36 1 4 1 2 4 8
1140 516 779 0  17 1 4 1 2 4 8
1141  98 495 0  73 1 4 1 2 4 8
1142 319 750 0  56 1 4 1 2 4 8
1143 304 883 0  33 1 4 1 2 4 8
1144 736 589 0  91 1 4 1 2 4 8
1145 751 695 0  77 1 4 1 2 4 8
1146 408 713 0  84 1 4 1 2 4 8
1147  79  24 0  57 1 4 1 2 4 8
1148 547 849 0  45 1 4 1 2 4 8
1149 724 738 0  29 1 4 1 2 4 8
1150 393 209 0  90 1 4 1 2 4 8
1151 657  24 0  27 1 4 1 2 4 8
1152   0 453 0  62 1 4 1 2 4 8
1153 520 860 0  54 1 4 1 2 4 8
1154 537 412 0  38 1 4 1 2 4 8
1155 323 714 0  23 1 4 1 2 4 8
1156 366 236 0  90 1 4 1 2 4 8
1157 463   4 0  49 1 4 1 2 4 8
1158  99 209 0  20 1 4 1 2 4 8
1159 420 549 0  45 1 4 1 2 4 8
1160  35 613 0  46 1 4 1 2 4 8
1161 376 485 0  80 1 4 1 2 4 8
1162 689 987 0  22 1 4 1 2 4 8
1163 830 639 0  10 1 4 1 2 4 8
1164 245 435 0   5 1 4 1 2 4 8
1165 851 214 0  39 1 4 1 2 4 8
1166 503 218 0  11 1 4 1 2 4 8
1167 317 361 0   6 1 4 1 2 4 8
1168 276 616 0  96 1 4 1 2 4 8
1169 914 968 0   5 1 4 1 2 4 8
1170 203 331 0  31 1 4 1 2 4 8
1171 415 908 0  93 1 4 1 2 4 8
1172 742  87 0  27 1 4 1 2 4 8
1173 871 399 0  64 1 4 1 2 4 8
1174 754   3 0  86 1 4 1 2 4 8
1175 128 673 0   8 1 4 1 2 4 8
1176 989 694 0   4 1 4 1 2 4 8
1177 962 494 0  98 1 4 1 2 4 8
1178 583 557 0  14 1 4 1 2 4 8
1179 307 540 0  57 1 4 1 2 4 8
1180  17 677 0  90 1 4 1 2 4 8
1181 112 456 0  43 1 4 1 2 4 8
1182 256 520 0 100 1 4 1 2 4 8
1183 111 701 0  16 1 4 1 2 4 8
1184 136 133 0  91 1 4 1 2 4 8
1185 159 709 0  63 1 4 1 2 4 8
1186  64 910 0  98 1 4 1 2 4 8
1187 612 219 0  17 1 4 1 2 4 8
1188 696 608 0  25 1 4 1 2 4 8
1189 106 641 0   5 1 4 1 2 4 8
1190 557 966 0  20 1 4 1 2 4 8
1191 487 297 0  29 1 4 1 2 4 8
1192 569 833 0  36 1 4 1 2 4 8
1193   5 614 0  18 1 4 1 2 4 8
1194 933 284 0  25 1 4 1 2 4 8
1195 623 523 0  59 1 4 1 2 4 8
1196 443 198 0  57 1 4 1 2 4 8
1197 676 417 0  48 1 4 1 2 4 8
1198 107 112 0   6 1 4 1 2 4 8
1199 922 488 0  98 1 4 1 2 4 8
1200 120 480 0  53 1 4 1 2 4 8
1201 812 384 0  38 1 4 1 2 4 8
1202 649 494 0  73 1 4 1 2 4 8
1203 753 348 0  65 1 4 1 2 4 8
1204 928 358 0  94 1 4 1 2 4 8
1205 813 993 0  14 1 4 1 2 4 8
1206 397 291 0  91 1 4 1 2 4 8
1207 575 272 0  51 1 4 1 2 4 8
1208  48  10 0  97 1 4 1 2 4 8
1209 954 149 0  54 1 4 1 2 4 8
1210 684  20 0  10 1 4 1 2 4 8
1211   1 258 0  15 1 4 1 2 4 8
1212 360 827 0   8 1 4 1 2 4 8
1213 109 995 0  96 1 4 1 2 4 8
1214 235 402 0  15 1 4 1 2 4 8
1215 981 209 0   2 1 4 1 2 4 8
1216 720  31 0  67 1 4 1 2 4 8
1217 644 933 0   4 1 4 1 2 4 8
1218 667 645 0  25 1 4 1 2 4 8
1219 372 571 0  62 1 4 1 2 4 8
1220 525 611 0  88 1 4 1 2 4 8
1221   6 184 0  76 1 4 1 2 4 8
1222 636 396 0  20 1 4 1 2 4 8
1223   6 341 0  23 1 4 1 2 4 8
1224 825 222 0  61 1 4 1 2 4 8
1225 190 511 0  47 1 4 1 2 4 8
1226 298 101 0  26 1 4 1 2 4 8
1227 455 956 0  46 1 4 1 2 4 8
1228 783 408 0  86 1 4 1 2 4 8
1229 782 811 0  14 1 4 1 2 4 8
1230  68  87 0  93 1 4 1 2 4 8
1231 799 379 0  39 1 4 1 2 4 8
1232 744 786 0  49 1 4 1 2 4 8
1233 398 732 0  59 1 4 1 2 4 8
1234 373 242 0  64 1 4 1 2 4 8
1235 943 315 0  86 1 4 1 2 4 8
1236 553 411 0  94 1 4 1 2 4 8
1237 140 534 0  20 1 4 1 2 4 8
1238 361 569 0  14 1 4 1 2 4 8
1239 476 134 0  12 1 4 1 2 4 8
1240   8  59 0  85 1 4 1 2 4 8
1241 104 219 0  97 1 4 1 2 4 8
1242 578 353 0  11 1 4 1 2 4 8
1243 201  48 0  50 1 4 1 2 4 8
1244 465 751 0  79 1 4 1 2 4 8
1245 904 744 0   4 1 4 1 2 4 8
1246 763  52 0  22 1 4 1 2 4 8
1247 797 610 0  52 1 4 1 2 4 8
1248 495 364 0   7 1 4 1 2 4 8
1249 873 642 0  48 1 4 1 2 4 8
1250 238 618 0  56 1 4 1 2 4 8
1251 287 293 0  68 1 4 1 2 4 8
1252 684 356 0  38 1 4 1 2 4 8
1253 392 195 0  70 1 4 1 2 4 8
1254 694 373 0  96 1 4 1 2 4 8
1255 123 916 0  61 1 4 1 2 4 8
1256 599 447 0  58 1 4 1 2 4 8
1257 287 728 0  39 1 4 1 2 4 8
1258 124 349 0  46 1 4 1 2 4 8
1259 748 954 0  66 1 4 1 2 4 8
1260 498 138 0  40 1 4 1 2 4 8
1261 344 802 0  88 1 4 1 2 4 8
1262 961 118 0  94 1 4 1 2 4 8
1263  34 854 0  40 1 4 1 2 4 8
1264 947 168 0  44 1 4 1 2 4 8
1265  57 867 0  56 1 4 1 2 4 8
1266   9 656 0  85 1 4 1 2 4 8
1267 432 624 0  65 1 4 1 2 4 8
1268 477  33 0  55 1 4 1 2 4 8
1269 623 373 0  98 1 4 1 2 4 8
1270 969 698 0  63 1 4 1 2 4 8
1271 984 746 0  52 1 4 1 2 4 8
1272 998 997 0  14 1 4 1 2 4 8
1273 574 837 0  51 1 4 1 2 4 8
1274  78 178 0  38 1 4 1 2 4 8
1275 542   1 0  79 1 4 1 2 4 8
1276 307 962 0  39 1 4 1 2 4 8
1277 973 709 0  28 1 4 1 2 4 8
1278 395 324 0   8 1 4 1 2 4 8
1279 523  98 0  15 1 4 1 2 4 8
1280  47 940 0  13 1 4 1 2 4 8
1281 519 637 0  34 1 4 1 2 4 8
1282 356  25 0  99 1 4 1 2 4 8
1283 606 194 0  90 1 4 1 2 4 8
1284 536 733 0  53 1 4 1 2 4 8
1285 854 141 0  77 1 4 1 2 4 8
1286 447 297 0  15 1 4 1 2 4 8
1287 237 130 0  61 1 4 1 2 4 8
1288 747 133 0  84 1 4 1 2 4 8
1289 134  41 0  12 1 4 1 2 4 8
1290 986   3 0  15 1 4 1 2 4 8
1291 310 561 0  40 1 4 1 2 4 8
1292 921 290 0  72 1 4 1 2 4 8
1293  17 151 0   8 1 4 1 2 4 8
1294 651 955 0  38 1 4 1 2 4 8
1295 661 524 0  21 1 4 1 2 4 8
1296 355 167 0  14 1 4 1 2 4 8
1297 315 813 0  41 1 4 1 2 4 8
1298 348 494 0  74 1 4 1 2 4 8
1299 305 561 0  10 1 4 1 2 4 8
1300 700  53 0  21 1 4 1 2 4 8
1301 663 682 0  10 1 4 1 2 4 8
1302 972 135 0  54 1 4 1 2 4 8
1303   1 197 0  11 1 4 1 2 4 8
1304 289 731 0  56 1 4 1 2 4 8
1305 286 616 0  81 1 4 1 2 4 8
1306 973 866 0  18 1 4 1 2 4 8
1307 988 431 0  24 1 4 1 2 4 8
1308 208 845 0  50 1 4 1 2 4 8
1309 949 373 0  68 1 4 1 2 4 8
1310 272 342 0  92 1 4 1 2 4 8
1311 945 882 0  84 1 4 1 2 4 8
1312 187 643 0  58 1 4 1 2 4 8
1313 201 207 0  65 1 4 1 2 4 8
1314  14 338 0  91 1 4 1 2 4 8
1315 802 792 0  97 1 4 1 2 4 8
1316  66 355 0   9 1 4 1 2 4 8
1317 362 694 0  87 1 4 1 2 4 8
1318 781 953 0  67 1 4 1 2 4 8
1319 472 517 0  55 1 4 1 2 4 8
1320  96 930 0  39 1 4 1 2 4 8
1321  78 961 0  39 1 4 1 2 4 8
1322 542  66 0  47 1 4 1 2 4 8
1323   4 246 0  57 1 4 1 2 4 8
1324 881 352 0  40 1 4 1 2 4 8
1325 627  33 0  99 1 4 1 2 4 8
1326 539 715 0  38 1 4 1 2 4 8
1327 798  67 0   5 1 4 1 2 4 8
1328 731 698 0  89 1 4 1 2 4 8
1329 962 456 0  33 1 4 1 2 4 8
1330 177 939 0  79 1 4 1 2 4 8
1331 282 131 0  70 1 4 1 2 4 8
1332 270 393 0  94 1 4 1 2 4 8
1333 593 486 0  22 1 4 1 2 4 8
1334 721 134 0  33 1 4 1 2 4 8
1335 633 559 0  21 1 4 1 2 4 8
1336 939 722 0  58 1 4 1 2 4 8
1337 581 468 0  98 1 4 1 2 4 8
1338 655 543 0  15 1 4 1 2 4 8
1339 992 263 0  12 1 4 1 2 4 8
1340 466 671 0  90 1 4 1 2 4 8
1341 489 646 0  94 1 4 1 2 4 8
1342  27 465 0   7 1 4 1 2 4 8
1343 756 672 0  53 1 4 1 2 4 8
1344 309 135 0  97 1 4 1 2 4 8
1345 786 496 0  38 1 4 1 2 4 8
1346 336 442 0  76 1 4 1 2 4 8
1347 132 372 0  46 1 4 1 2 4 8
1348 736  54 0  93 1 4 1 2 4 8
1349 263 834 0  10 1 4 1 2 4 8
1350 729 466 0  24 1 4 1 2 4 8
1351 143 258 0  71 1 4 1 2 4 8
1352  43 105 0  12 1 4 1 2 4 8
1353 595  13 0  15 1 4 1 2 4 8
1354 375  38 0  79 1 4 1 2 4 8
1355 558 633 0  57 1 4 1 2 4 8
1356 986 509 0  97 1 4 1 2 4 8
1357 563 262 0  64 1 4 1 2 4 8
1358 400  74 0  90 1 4 1 2 4 8
1359 594  27 0  66 1 4 1 2 4 8
1360 131  98 0  58 1 4 1 2 4 8
1361 921 865 0  42 1 4 1 2 4 8
1362 776 737 0  83 1 4 1 2 4 8
1363 773 208 0  79 1 4 1 2 4 8
1364 935 847 0  55 1 4 1 2 4 8
1365 116 653 0  50 1 4 1 2 4 8
1366  49 243 0  20 1 4 1 2 4 8
1367 921 743 0  72 1 4 1 2 4 8
1368 690 510 0  69 1 4 1 2 4 8
1369 568 643 0  87 1 4 1 2 4 8
1370 970 183 0  23 1 4 1 2 4 8
1371 293 122 0  45 1 4 1 2 4 8
1372 236 863 0  53 1 4 1 2 4 8
1373 741 147 0  73 1 4 1 2 4 8
1374 995 744 0   9 1 4 1 2 4 8
1375  28   6 0  73 1 4 1 2 4 8
1376  65 566 0  32 1 4 1 2 4 8
1377 938  16 0  86 1 4 1 2 4 8
1378 379 696 0  23 1 4 1 2 4 8
1379 786 266 0  15 1 4 1 2 4 8
1380 630 180 0  94 1 4 1 2 4 8
1381 986 282 0  70 1 4 1 2 4 8
1382 934 840 0  81 1 4 1 2 4 8
1383 232 311 0  74 1 4 1 2 4 8
1384 529 906 0   1 1 4 1 2 4 8
1385 861 256 0  43 1 4 1 2 4 8
1386 874 719 0  80 1 4 1 2 4 8
1387 816 771 0  92 1 4 1 2 4 8
1388 192  12 0  88 1 4 1 2 4 8
1389 175 862 0  31 1 4 1 2 4 8
1390  54  74 0  19 1 4 1 2 4 8
1391 308 620 0  90 1 4 1 2 4 8
1392 614  80 0  31 1 4 1 2 4 8
1393  16 249 0  53 1 4 1 2 4 8
1394 358 998 0  37 1 4 1 2 4 8
1395 722 207 0   8 1 4 1 2 4 8
1396 617 567 0   5 1 4 1 2 4 8
1397 730 257 0  42 1 4 1 2 4 8
1398 964 574 0  37 1 4 1 2 4 8
1399  49 333 0  18 1 4 1 2 4 8
1400 977  51 0   3 1 4 1 2 4 8
1401 246 995 0  23 1 4 1 2 4 8
1402 718 233 0  75 1 4 1 2 4 8
1403 174 389 0  29 1 4 1 2 4 8
1404 804 162 0  55 1 4 1 2 4 8
1405 725 261 0  92 1 4 1 2 4 8
1406 974 386 0   6 1 4 1 2 4 8
1407 146 961 0  96 1 4 1 2 4 8
1408 628 638 0   7 1 4 1 2 4 8
1409 421 755 0  25 1 4 1 2 4 8
1410 100 507 0  83 1 4 1 2 4 8
1411  11 480 0  37 1 4 1 2 4 8
1412 569 967 0  31 1 4 1 2 4 8
1413 299 282 0  47 1 4 1 2 4 8
1414 124 933 0  89 1 4 1 2 4 8
1415 952 205 0  83 1 4 1 2 4 8
1416 154 398 0  33 1 4 1 2 4 8
1417 814  97 0  18 1 4 1 2 4 8
1418 667 966 0  31 1 4 1 2 4 8
1419   6 277 0  48 1 4 1 2 4 8
1420 119 986 0  99 1 4 1 2 4 8
1421 236 760 0   0 0 0
1422 905 576 0   0 0 0
1423 980 627 0   0 0 0
1424 126 759 0   0 0 0
