2 368 1486 4
0 246
0 246
0 246
0 246
   1 469 447 0  55 1 4 1 2 4 8
   2  91 326 0  28 1 4 1 2 4 8
   3 532 312 0  27 1 4 1 2 4 8
   4  23 517 0  81 1 4 1 2 4 8
   5 785 192 0  13 1 4 1 2 4 8
   6 711 806 0  62 1 4 1 2 4 8
   7 285  36 0  53 1 4 1 2 4 8
   8 478 398 0  46 1 4 1 2 4 8
   9 323 102 0  81 1 4 1 2 4 8
  10 780 226 0  95 1 4 1 2 4 8
  11  47 684 0  17 1 4 1 2 4 8
  12 156 177 0  73 1 4 1 2 4 8
  13 814 741 0   1 1 4 1 2 4 8
  14 479 474 0  90 1 4 1 2 4 8
  15 430 208 0  27 1 4 1 2 4 8
  16 208 248 0 100 1 4 1 2 4 8
  17 797  63 0  33 1 4 1 2 4 8
  18 740 836 0  62 1 4 1 2 4 8
  19 157 747 0  19 1 4 1 2 4 8
  20 418 221 0  52 1 4 1 2 4 8
  21 618 676 0  94 1 4 1 2 4 8
  22 773 777 0  73 1 4 1 2 4 8
  23 698 424 0  10 1 4 1 2 4 8
  24 280  41 0  27 1 4 1 2 4 8
  25 475 601 0  88 1 4 1 2 4 8
  26 565 507 0  68 1 4 1 2 4 8
  27 978 912 0  67 1 4 1 2 4 8
  28 975 420 0 100 1 4 1 2 4 8
  29 536  44 0  70 1 4 1 2 4 8
  30 176 147 0  73 1 4 1 2 4 8
  31 910  13 0  55 1 4 1 2 4 8
  32 789 544 0  88 1 4 1 2 4 8
  33 777 365 0  59 1 4 1 2 4 8
  34 393 248 0  10 1 4 1 2 4 8
  35 656 318 0  25 1 4 1 2 4 8
  36  64  31 0  28 1 4 1 2 4 8
  37 365 973 0  29 1 4 1 2 4 8
  38 100 761 0  10 1 4 1 2 4 8
  39 301 866 0  91 1 4 1 2 4 8
  40 885 169 0  14 1 4 1 2 4 8
  41 925 490 0   5 1 4 1 2 4 8
  42 956 302 0  85 1 4 1 2 4 8
  43 771 455 0  73 1 4 1 2 4 8
  44  90 944 0   3 1 4 1 2 4 8
  45 345 602 0 100 1 4 1 2 4 8
  46  26 299 0  36 1 4 1 2 4 8
  47  30 195 0   9 1 4 1 2 4 8
  48 296 124 0  40 1 4 1 2 4 8
  49 600 640 0   1 1 4 1 2 4 8
  50 251 965 0  53 1 4 1 2 4 8
  51 293 206 0  90 1 4 1 2 4 8
  52 745 428 0  86 1 4 1 2 4 8
  53 738 237 0  34 1 4 1 2 4 8
  54 380 536 0  13 1 4 1 2 4 8
  55 425 986 0  46 1 4 1 2 4 8
  56 817 553 0  35 1 4 1 2 4 8
  57 113 713 0  35 1 4 1 2 4 8
  58 553 345 0  96 1 4 1 2 4 8
  59 286  32 0   1 1 4 1 2 4 8
  60 676 776 0  65 1 4 1 2 4 8
  61 369 862 0  59 1 4 1 2 4 8
  62  82 957 0  79 1 4 1 2 4 8
  63 549 562 0  22 1 4 1 2 4 8
  64 173 987 0  12 1 4 1 2 4 8
  65 430 651 0  67 1 4 1 2 4 8
  66  89 849 0  53 1 4 1 2 4 8
  67 138 911 0  72 1 4 1 2 4 8
  68 369 984 0  26 1 4 1 2 4 8
  69  93 902 0  12 1 4 1 2 4 8
  70 215 391 0  58 1 4 1 2 4 8
  71 869 220 0 100 1 4 1 2 4 8
  72 173 675 0  51 1 4 1 2 4 8
  73  22 764 0  83 1 4 1 2 4 8
  74 448 346 0  94 1 4 1 2 4 8
  75 935 178 0  67 1 4 1 2 4 8
  76  33 406 0  56 1 4 1 2 4 8
  77 751 563 0  46 1 4 1 2 4 8
  78 492 346 0  41 1 4 1 2 4 8
  79  69 912 0  14 1 4 1 2 4 8
  80 175 213 0  14 1 4 1 2 4 8
  81 425 894 0  19 1 4 1 2 4 8
  82 317 891 0  57 1 4 1 2 4 8
  83  83 477 0  36 1 4 1 2 4 8
  84 334 972 0  20 1 4 1 2 4 8
  85 618 366 0  54 1 4 1 2 4 8
  86 876 919 0  78 1 4 1 2 4 8
  87 551 244 0  20 1 4 1 2 4 8
  88 760 532 0  81 1 4 1 2 4 8
  89 499 230 0  66 1 4 1 2 4 8
  90 556 803 0  43 1 4 1 2 4 8
  91 575 835 0  68 1 4 1 2 4 8
  92 567 701 0  58 1 4 1 2 4 8
  93 501  24 0  10 1 4 1 2 4 8
  94 519 376 0  17 1 4 1 2 4 8
  95 663 168 0  10 1 4 1 2 4 8
  96 711 924 0  57 1 4 1 2 4 8
  97 677 371 0   4 1 4 1 2 4 8
  98  10 858 0   9 1 4 1 2 4 8
  99 709 822 0   9 1 4 1 2 4 8
 100 653 343 0  18 1 4 1 2 4 8
 101 987 820 0  40 1 4 1 2 4 8
 102 729 925 0  86 1 4 1 2 4 8
 103 377 459 0  32 1 4 1 2 4 8
 104 658 905 0  93 1 4 1 2 4 8
 105 353 183 0   5 1 4 1 2 4 8
 106 648 835 0  12 1 4 1 2 4 8
 107 417 856 0  96 1 4 1 2 4 8
 108 970 931 0  94 1 4 1 2 4 8
 109 185 979 0 100 1 4 1 2 4 8
 110 920 448 0   7 1 4 1 2 4 8
 111 617 275 0  28 1 4 1 2 4 8
 112 402 996 0  92 1 4 1 2 4 8
 113  96 954 0   1 1 4 1 2 4 8
 114 830  27 0  72 1 4 1 2 4 8
 115 335 453 0  68 1 4 1 2 4 8
 116 395  39 0  58 1 4 1 2 4 8
 117 527 877 0  17 1 4 1 2 4 8
 118 983 102 0  56 1 4 1 2 4 8
 119 984 640 0  25 1 4 1 2 4 8
 120 770 964 0  79 1 4 1 2 4 8
 121 104 717 0  11 1 4 1 2 4 8
 122 932 199 0  77 1 4 1 2 4 8
 123 612 749 0  66 1 4 1 2 4 8
 124 703 326 0  21 1 4 1 2 4 8
 125 689 411 0  93 1 4 1 2 4 8
 126 837 667 0   1 1 4 1 2 4 8
 127 391 817 0  60 1 4 1 2 4 8
 128 830  84 0  75 1 4 1 2 4 8
 129 933 177 0  22 1 4 1 2 4 8
 130 467 855 0  93 1 4 1 2 4 8
 131 364  75 0  17 1 4 1 2 4 8
 132 767 762 0  14 1 4 1 2 4 8
 133 699 939 0  37 1 4 1 2 4 8
 134 700 152 0  29 1 4 1 2 4 8
 135 459 976 0  25 1 4 1 2 4 8
 136 471  67 0  77 1 4 1 2 4 8
 137 597 155 0   8 1 4 1 2 4 8
 138 545 601 0   7 1 4 1 2 4 8
 139 864 793 0  11 1 4 1 2 4 8
 140 607 554 0  55 1 4 1 2 4 8
 141 163 246 0  69 1 4 1 2 4 8
 142 654 250 0  40 1 4 1 2 4 8
 143 949 695 0   8 1 4 1 2 4 8
 144 531 719 0  84 1 4 1 2 4 8
 145 262 501 0  94 1 4 1 2 4 8
 146 679 492 0  29 1 4 1 2 4 8
 147 301 108 0  72 1 4 1 2 4 8
 148 813 111 0   7 1 4 1 2 4 8
 149 237 711 0  53 1 4 1 2 4 8
 150 498  92 0  56 1 4 1 2 4 8
 151 812 615 0  48 1 4 1 2 4 8
 152 513 559 0  45 1 4 1 2 4 8
 153 263 148 0  90 1 4 1 2 4 8
 154 245  35 0  97 1 4 1 2 4 8
 155 510 578 0  47 1 4 1 2 4 8
 156 647 198 0  47 1 4 1 2 4 8
 157  78 657 0   7 1 4 1 2 4 8
 158 908 163 0   9 1 4 1 2 4 8
 159 685 319 0  82 1 4 1 2 4 8
 160 792 321 0  90 1 4 1 2 4 8
 161 698 966 0  66 1 4 1 2 4 8
 162 738 774 0  96 1 4 1 2 4 8
 163 732 560 0   5 1 4 1 2 4 8
 164 213  77 0   9 1 4 1 2 4 8
 165 865 925 0  81 1 4 1 2 4 8
 166 661 885 0  81 1 4 1 2 4 8
 167 162 418 0  89 1 4 1 2 4 8
 168 146 649 0  85 1 4 1 2 4 8
 169 528 883 0  40 1 4 1 2 4 8
 170 895 444 0   1 1 4 1 2 4 8
 171 577 329 0  57 1 4 1 2 4 8
 172 571 718 0  79 1 4 1 2 4 8
 173 555 372 0   3 1 4 1 2 4 8
 174 278 148 0  25 1 4 1 2 4 8
 175 223 917 0  38 1 4 1 2 4 8
 176 499 863 0  19 1 4 1 2 4 8
 177 264 448 0  95 1 4 1 2 4 8
 178 359 781 0  26 1 4 1 2 4 8
 179 264 607 0  49 1 4 1 2 4 8
 180 452 131 0  12 1 4 1 2 4 8
 181 633 694 0  52 1 4 1 2 4 8
 182 633 978 0  51 1 4 1 2 4 8
 183 937 224 0  91 1 4 1 2 4 8
 184 474 711 0   1 1 4 1 2 4 8
 185  34 420 0  18 1 4 1 2 4 8
 186 709 904 0  88 1 4 1 2 4 8
 187 973 448 0  58 1 4 1 2 4 8
 188 340 352 0   3 1 4 1 2 4 8
 189 533 927 0  88 1 4 1 2 4 8
 190 307 623 0  51 1 4 1 2 4 8
 191 400 917 0  50 1 4 1 2 4 8
 192 291 928 0  84 1 4 1 2 4 8
 193 885  14 0  25 1 4 1 2 4 8
 194 865 697 0  62 1 4 1 2 4 8
 195 174 758 0  92 1 4 1 2 4 8
 196 913 556 0  84 1 4 1 2 4 8
 197 849 429 0  54 1 4 1 2 4 8
 198 916 941 0  23 1 4 1 2 4 8
 199 193 499 0  61 1 4 1 2 4 8
 200 151  17 0  33 1 4 1 2 4 8
 201 614 709 0  25 1 4 1 2 4 8
 202 799 655 0  13 1 4 1 2 4 8
 203 612 892 0   4 1 4 1 2 4 8
 204 348 431 0  20 1 4 1 2 4 8
 205   6 362 0  23 1 4 1 2 4 8
 206 703  52 0  26 1 4 1 2 4 8
 207 370 811 0  78 1 4 1 2 4 8
 208 208 608 0  68 1 4 1 2 4 8
 209 102 841 0   7 1 4 1 2 4 8
 210 786 183 0  64 1 4 1 2 4 8
 211 291 623 0  62 1 4 1 2 4 8
 212 950 434 0  63 1 4 1 2 4 8
 213 423 457 0  12 1 4 1 2 4 8
 214 409 136 0  62 1 4 1 2 4 8
 215 271 565 0  40 1 4 1 2 4 8
 216 582 712 0  58 1 4 1 2 4 8
 217 766 417 0  56 1 4 1 2 4 8
 218 400 666 0  23 1 4 1 2 4 8
 219 787 396 0   9 1 4 1 2 4 8
 220 562 896 0  46 1 4 1 2 4 8
 221 346 927 0  56 1 4 1 2 4 8
 222 407 143 0  56 1 4 1 2 4 8
 223 270 936 0  31 1 4 1 2 4 8
 224  49 742 0  16 1 4 1 2 4 8
 225 263 463 0  70 1 4 1 2 4 8
 226   1   1 0  22 1 4 1 2 4 8
 227 996 681 0  30 1 4 1 2 4 8
 228 638  95 0  30 1 4 1 2 4 8
 229 108 466 0   3 1 4 1 2 4 8
 230 902 242 0  16 1 4 1 2 4 8
 231 388 396 0  73 1 4 1 2 4 8
 232 902 200 0  66 1 4 1 2 4 8
 233 338 385 0  69 1 4 1 2 4 8
 234   6 582 0  56 1 4 1 2 4 8
 235  80 809 0  59 1 4 1 2 4 8
 236 731  45 0  56 1 4 1 2 4 8
 237 181 487 0  88 1 4 1 2 4 8
 238 470 175 0  44 1 4 1 2 4 8
 239 914 348 0  34 1 4 1 2 4 8
 240 779 680 0  69 1 4 1 2 4 8
 241  84 935 0  10 1 4 1 2 4 8
 242 767 950 0  54 1 4 1 2 4 8
 243 183 869 0   6 1 4 1 2 4 8
 244 526 606 0  14 1 4 1 2 4 8
 245 998  75 0   8 1 4 1 2 4 8
 246 439  75 0  51 1 4 1 2 4 8
 247 507 795 0  29 1 4 1 2 4 8
 248 943 104 0  47 1 4 1 2 4 8
 249 588  31 0  90 1 4 1 2 4 8
 250 757 134 0  36 1 4 1 2 4 8
 251 305 203 0  12 1 4 1 2 4 8
 252  21 276 0  11 1 4 1 2 4 8
 253 553 772 0  79 1 4 1 2 4 8
 254 837 624 0  92 1 4 1 2 4 8
 255 620 722 0  93 1 4 1 2 4 8
 256 628 301 0  86 1 4 1 2 4 8
 257 846 254 0  92 1 4 1 2 4 8
 258 753 577 0  18 1 4 1 2 4 8
 259 134 584 0  16 1 4 1 2 4 8
 260 733 223 0  87 1 4 1 2 4 8
 261 632 174 0  94 1 4 1 2 4 8
 262 730  82 0  45 1 4 1 2 4 8
 263 679 183 0  67 1 4 1 2 4 8
 264 196 199 0 100 1 4 1 2 4 8
 265 570 797 0  64 1 4 1 2 4 8
 266 957 626 0  22 1 4 1 2 4 8
 267 581 493 0  48 1 4 1 2 4 8
 268  23 727 0  87 1 4 1 2 4 8
 269 582 704 0  66 1 4 1 2 4 8
 270 681 381 0  91 1 4 1 2 4 8
 271 918 117 0  55 1 4 1 2 4 8
 272 739 673 0  17 1 4 1 2 4 8
 273  79  19 0  48 1 4 1 2 4 8
 274 907 878 0  68 1 4 1 2 4 8
 275 156 162 0  17 1 4 1 2 4 8
 276 511 360 0  73 1 4 1 2 4 8
 277 311 470 0  66 1 4 1 2 4 8
 278  78 508 0  85 1 4 1 2 4 8
 279  22 272 0  70 1 4 1 2 4 8
 280 619 720 0  62 1 4 1 2 4 8
 281 566 809 0  56 1 4 1 2 4 8
 282 451 372 0  77 1 4 1 2 4 8
 283 396 980 0  44 1 4 1 2 4 8
 284 681 609 0  73 1 4 1 2 4 8
 285 352 282 0  46 1 4 1 2 4 8
 286 729 487 0  57 1 4 1 2 4 8
 287 565 800 0  91 1 4 1 2 4 8
 288 940 431 0  29 1 4 1 2 4 8
 289 854 373 0  71 1 4 1 2 4 8
 290 355 224 0  61 1 4 1 2 4 8
 291 717 859 0  33 1 4 1 2 4 8
 292 392 370 0  27 1 4 1 2 4 8
 293 634 472 0  51 1 4 1 2 4 8
 294  67  36 0   7 1 4 1 2 4 8
 295 993 995 0  30 1 4 1 2 4 8
 296 480 349 0  43 1 4 1 2 4 8
 297 303 881 0  36 1 4 1 2 4 8
 298 413 125 0  48 1 4 1 2 4 8
 299 819 356 0  76 1 4 1 2 4 8
 300 933 163 0  24 1 4 1 2 4 8
 301 108 718 0  33 1 4 1 2 4 8
 302 401 942 0  37 1 4 1 2 4 8
 303 872 778 0  24 1 4 1 2 4 8
 304 940 484 0  91 1 4 1 2 4 8
 305 785 673 0   6 1 4 1 2 4 8
 306 508   5 0  22 1 4 1 2 4 8
 307 414 761 0  43 1 4 1 2 4 8
 308 484 929 0   8 1 4 1 2 4 8
 309 306 818 0 100 1 4 1 2 4 8
 310 884 146 0  55 1 4 1 2 4 8
 311 418 610 0   8 1 4 1 2 4 8
 312 490 242 0  37 1 4 1 2 4 8
 313 453  19 0  44 1 4 1 2 4 8
 314 237 244 0  43 1 4 1 2 4 8
 315 409 404 0  54 1 4 1 2 4 8
 316 379 559 0  32 1 4 1 2 4 8
 317 644 735 0  57 1 4 1 2 4 8
 318 442  67 0  50 1 4 1 2 4 8
 319 756 154 0  73 1 4 1 2 4 8
 320 657 413 0  97 1 4 1 2 4 8
 321 466 640 0   5 1 4 1 2 4 8
 322 351  77 0  49 1 4 1 2 4 8
 323 145 905 0  75 1 4 1 2 4 8
 324 297  26 0  27 1 4 1 2 4 8
 325  45 481 0  21 1 4 1 2 4 8
 326 593 704 0  74 1 4 1 2 4 8
 327 699 321 0  41 1 4 1 2 4 8
 328 297 187 0  40 1 4 1 2 4 8
 329 177 427 0  35 1 4 1 2 4 8
 330 359 127 0  18 1 4 1 2 4 8
 331 749 892 0  82 1 4 1 2 4 8
 332   7 864 0  10 1 4 1 2 4 8
 333 858 961 0  90 1 4 1 2 4 8
 334 931 569 0  88 1 4 1 2 4 8
 335 393 752 0  30 1 4 1 2 4 8
 336 623 731 0  40 1 4 1 2 4 8
 337 991 283 0  84 1 4 1 2 4 8
 338 640 511 0  10 1 4 1 2 4 8
 339 237 290 0  54 1 4 1 2 4 8
 340 134 705 0  70 1 4 1 2 4 8
 341 578 370 0  19 1 4 1 2 4 8
 342 734 947 0  56 1 4 1 2 4 8
 343 729 294 0  44 1 4 1 2 4 8
 344 686 696 0  49 1 4 1 2 4 8
 345 728 887 0  10 1 4 1 2 4 8
 346 606  24 0  97 1 4 1 2 4 8
 347 648 346 0  68 1 4 1 2 4 8
 348 148  66 0  44 1 4 1 2 4 8
 349 320 338 0  69 1 4 1 2 4 8
 350 868 528 0   2 1 4 1 2 4 8
 351 367 846 0  59 1 4 1 2 4 8
 352 970 236 0  12 1 4 1 2 4 8
 353 171 355 0  19 1 4 1 2 4 8
 354 454 901 0  46 1 4 1 2 4 8
 355 968 701 0  79 1 4 1 2 4 8
 356 604 906 0   4 1 4 1 2 4 8
 357 667 597 0  14 1 4 1 2 4 8
 358 953 130 0  44 1 4 1 2 4 8
 359 562 402 0   6 1 4 1 2 4 8
 360 833 879 0  71 1 4 1 2 4 8
 361  56 681 0  96 1 4 1 2 4 8
 362 782 205 0  76 1 4 1 2 4 8
 363 702  82 0  80 1 4 1 2 4 8
 364 903 216 0  12 1 4 1 2 4 8
 365 861 125 0  19 1 4 1 2 4 8
 366 974 727 0  59 1 4 1 2 4 8
 367 436 266 0  67 1 4 1 2 4 8
 368 828 196 0  64 1 4 1 2 4 8
 369 382 815 0  44 1 4 1 2 4 8
 370  62 746 0  16 1 4 1 2 4 8
 371 185 467 0  22 1 4 1 2 4 8
 372 668 541 0  77 1 4 1 2 4 8
 373 972 154 0  78 1 4 1 2 4 8
 374 832  12 0  81 1 4 1 2 4 8
 375 890 974 0  18 1 4 1 2 4 8
 376 963  12 0  50 1 4 1 2 4 8
 377  55 286 0  71 1 4 1 2 4 8
 378 873 250 0  34 1 4 1 2 4 8
 379 330 133 0  75 1 4 1 2 4 8
 380 690 452 0  25 1 4 1 2 4 8
 381 711  49 0  98 1 4 1 2 4 8
 382  12 259 0  80 1 4 1 2 4 8
 383 583 904 0  13 1 4 1 2 4 8
 384  23 454 0  65 1 4 1 2 4 8
 385 805  47 0  10 1 4 1 2 4 8
 386 526 130 0  86 1 4 1 2 4 8
 387 816 532 0  22 1 4 1 2 4 8
 388 559 576 0  18 1 4 1 2 4 8
 389 559 812 0  49 1 4 1 2 4 8
 390 690 369 0  41 1 4 1 2 4 8
 391 713 504 0  62 1 4 1 2 4 8
 392 877  34 0  37 1 4 1 2 4 8
 393  61 354 0  40 1 4 1 2 4 8
 394  34 900 0  74 1 4 1 2 4 8
 395 127  62 0  91 1 4 1 2 4 8
 396 628 921 0  56 1 4 1 2 4 8
 397 239 661 0  35 1 4 1 2 4 8
 398 713 867 0  30 1 4 1 2 4 8
 399 764 199 0  41 1 4 1 2 4 8
 400 649 553 0  70 1 4 1 2 4 8
 401 306  45 0  66 1 4 1 2 4 8
 402 826 581 0  24 1 4 1 2 4 8
 403 249 973 0  15 1 4 1 2 4 8
 404 277 455 0  34 1 4 1 2 4 8
 405 543  93 0  72 1 4 1 2 4 8
 406  29  50 0  67 1 4 1 2 4 8
 407 325 168 0  96 1 4 1 2 4 8
 408 754 133 0  60 1 4 1 2 4 8
 409 741 173 0  99 1 4 1 2 4 8
 410 344  95 0  60 1 4 1 2 4 8
 411 762 255 0  99 1 4 1 2 4 8
 412 240  83 0  46 1 4 1 2 4 8
 413 408 713 0   2 1 4 1 2 4 8
 414 360 609 0  25 1 4 1 2 4 8
 415 401 388 0  72 1 4 1 2 4 8
 416 953 593 0  17 1 4 1 2 4 8
 417 582  14 0   1 1 4 1 2 4 8
 418 668 971 0   6 1 4 1 2 4 8
 419 464 169 0  58 1 4 1 2 4 8
 420 774 456 0   3 1 4 1 2 4 8
 421 869 308 0  55 1 4 1 2 4 8
 422 444  47 0  20 1 4 1 2 4 8
 423   4 296 0  33 1 4 1 2 4 8
 424 277 150 0  39 1 4 1 2 4 8
 425 991 675 0   8 1 4 1 2 4 8
 426 578 272 0  99 1 4 1 2 4 8
 427 448 413 0  12 1 4 1 2 4 8
 428 622 669 0   5 1 4 1 2 4 8
 429 340 573 0  39 1 4 1 2 4 8
 430 837 975 0   9 1 4 1 2 4 8
 431 202 330 0  74 1 4 1 2 4 8
 432 270 366 0  54 1 4 1 2 4 8
 433 153 427 0 100 1 4 1 2 4 8
 434  90  46 0  11 1 4 1 2 4 8
 435 180 616 0   4 1 4 1 2 4 8
 436 351 220 0  61 1 4 1 2 4 8
 437 404 623 0  40 1 4 1 2 4 8
 438 576 295 0   4 1 4 1 2 4 8
 439  63 554 0  49 1 4 1 2 4 8
 440  24 491 0  17 1 4 1 2 4 8
 441 425 503 0  61 1 4 1 2 4 8
 442 279 780 0  58 1 4 1 2 4 8
 443 666 215 0  70 1 4 1 2 4 8
 444 142 873 0  34 1 4 1 2 4 8
 445 278 762 0  63 1 4 1 2 4 8
 446 127 337 0  73 1 4 1 2 4 8
 447 447 616 0  81 1 4 1 2 4 8
 448 364 522 0  87 1 4 1 2 4 8
 449 841 877 0  79 1 4 1 2 4 8
 450 647 195 0  83 1 4 1 2 4 8
 451 887  66 0  61 1 4 1 2 4 8
 452 743 733 0  48 1 4 1 2 4 8
 453 546 317 0  69 1 4 1 2 4 8
 454 638 584 0  17 1 4 1 2 4 8
 455 645 544 0  44 1 4 1 2 4 8
 456 338 703 0   2 1 4 1 2 4 8
 457 516 427 0  32 1 4 1 2 4 8
 458  93 361 0  40 1 4 1 2 4 8
 459 830 640 0   7 1 4 1 2 4 8
 460 278  96 0  61 1 4 1 2 4 8
 461 226 823 0  21 1 4 1 2 4 8
 462 415  46 0  47 1 4 1 2 4 8
 463 970 410 0  54 1 4 1 2 4 8
 464 320 143 0  93 1 4 1 2 4 8
 465 299 570 0  24 1 4 1 2 4 8
 466 957  58 0   7 1 4 1 2 4 8
 467 445  76 0  42 1 4 1 2 4 8
 468 574 336 0  20 1 4 1 2 4 8
 469 963 255 0  62 1 4 1 2 4 8
 470 265 493 0  45 1 4 1 2 4 8
 471 653 262 0   5 1 4 1 2 4 8
 472  12 149 0  17 1 4 1 2 4 8
 473  64 527 0  86 1 4 1 2 4 8
 474 281 960 0  30 1 4 1 2 4 8
 475 254 327 0  48 1 4 1 2 4 8
 476 234 598 0  73 1 4 1 2 4 8
 477 781 485 0  38 1 4 1 2 4 8
 478 581  77 0   6 1 4 1 2 4 8
 479 852 586 0  89 1 4 1 2 4 8
 480 464 500 0  45 1 4 1 2 4 8
 481 959 259 0  14 1 4 1 2 4 8
 482 917 193 0  67 1 4 1 2 4 8
 483 365  52 0  13 1 4 1 2 4 8
 484 391 481 0   2 1 4 1 2 4 8
 485 379 357 0  16 1 4 1 2 4 8
 486 314 428 0   4 1 4 1 2 4 8
 487 895 731 0  52 1 4 1 2 4 8
 488 757 525 0  50 1 4 1 2 4 8
 489 964  64 0  99 1 4 1 2 4 8
 490 924 390 0  43 1 4 1 2 4 8
 491 986 598 0  51 1 4 1 2 4 8
 492 971 765 0  28 1 4 1 2 4 8
 493 804 294 0   2 1 4 1 2 4 8
 494 449 887 0  41 1 4 1 2 4 8
 495 270 769 0  21 1 4 1 2 4 8
 496 192 796 0  15 1 4 1 2 4 8
 497 333 190 0  38 1 4 1 2 4 8
 498 515 640 0  25 1 4 1 2 4 8
 499 201 476 0   1 1 4 1 2 4 8
 500 476 397 0  34 1 4 1 2 4 8
 501 129 497 0  43 1 4 1 2 4 8
 502 978 457 0  63 1 4 1 2 4 8
 503 619 566 0  29 1 4 1 2 4 8
 504 769 289 0  94 1 4 1 2 4 8
 505 391 872 0  72 1 4 1 2 4 8
 506 732 843 0  96 1 4 1 2 4 8
 507 998 884 0   8 1 4 1 2 4 8
 508 947 812 0  32 1 4 1 2 4 8
 509 307 350 0  23 1 4 1 2 4 8
 510 501 531 0  18 1 4 1 2 4 8
 511 311 517 0  59 1 4 1 2 4 8
 512 585 956 0  88 1 4 1 2 4 8
 513 187  99 0  34 1 4 1 2 4 8
 514 542 421 0  26 1 4 1 2 4 8
 515 276 482 0  48 1 4 1 2 4 8
 516 625 871 0  57 1 4 1 2 4 8
 517 498 774 0  15 1 4 1 2 4 8
 518 636 128 0  54 1 4 1 2 4 8
 519  72 447 0  96 1 4 1 2 4 8
 520 430 635 0   5 1 4 1 2 4 8
 521 161 534 0  53 1 4 1 2 4 8
 522 510 212 0  22 1 4 1 2 4 8
 523 947 294 0  77 1 4 1 2 4 8
 524 505 996 0  98 1 4 1 2 4 8
 525 661 707 0  13 1 4 1 2 4 8
 526 802  71 0  95 1 4 1 2 4 8
 527 320 722 0  60 1 4 1 2 4 8
 528 317 874 0  94 1 4 1 2 4 8
 529 361  82 0  67 1 4 1 2 4 8
 530 436  42 0  91 1 4 1 2 4 8
 531 697 521 0  97 1 4 1 2 4 8
 532 859 465 0  50 1 4 1 2 4 8
 533 631 704 0  29 1 4 1 2 4 8
 534 771 718 0  63 1 4 1 2 4 8
 535 192 513 0  62 1 4 1 2 4 8
 536 714 834 0  67 1 4 1 2 4 8
 537 339 543 0  75 1 4 1 2 4 8
 538 348 404 0  94 1 4 1 2 4 8
 539 985 567 0   6 1 4 1 2 4 8
 540 187 193 0  41 1 4 1 2 4 8
 541 911 115 0  33 1 4 1 2 4 8
 542 322 873 0  79 1 4 1 2 4 8
 543 379 865 0  64 1 4 1 2 4 8
 544 353 677 0  37 1 4 1 2 4 8
 545 383 855 0  23 1 4 1 2 4 8
 546 322 170 0  66 1 4 1 2 4 8
 547 339 844 0   1 1 4 1 2 4 8
 548 402 474 0  60 1 4 1 2 4 8
 549 947 751 0  99 1 4 1 2 4 8
 550 998 701 0  93 1 4 1 2 4 8
 551 822 263 0  87 1 4 1 2 4 8
 552 230 449 0  72 1 4 1 2 4 8
 553 183 863 0  70 1 4 1 2 4 8
 554 737 631 0   7 1 4 1 2 4 8
 555 693 260 0  25 1 4 1 2 4 8
 556 715 445 0  43 1 4 1 2 4 8
 557 650 186 0  81 1 4 1 2 4 8
 558  47 327 0  96 1 4 1 2 4 8
 559 543 191 0 100 1 4 1 2 4 8
 560 623 597 0  68 1 4 1 2 4 8
 561 172 708 0  52 1 4 1 2 4 8
 562 559 578 0  65 1 4 1 2 4 8
 563 335 325 0  20 1 4 1 2 4 8
 564 969 791 0 100 1 4 1 2 4 8
 565 873 760 0  80 1 4 1 2 4 8
 566 640 622 0  75 1 4 1 2 4 8
 567  12 760 0  70 1 4 1 2 4 8
 568 880 169 0  32 1 4 1 2 4 8
 569 873  93 0  98 1 4 1 2 4 8
 570 461 366 0  45 1 4 1 2 4 8
 571 954  28 0   1 1 4 1 2 4 8
 572 455 656 0  64 1 4 1 2 4 8
 573 753 134 0  98 1 4 1 2 4 8
 574 720 264 0  30 1 4 1 2 4 8
 575 711 900 0  34 1 4 1 2 4 8
 576 549 316 0  93 1 4 1 2 4 8
 577 316 913 0  88 1 4 1 2 4 8
 578 584 941 0  68 1 4 1 2 4 8
 579 486 974 0  99 1 4 1 2 4 8
 580 557 366 0  90 1 4 1 2 4 8
 581 890  35 0  62 1 4 1 2 4 8
 582 430  42 0  98 1 4 1 2 4 8
 583 451 431 0  79 1 4 1 2 4 8
 584 743 717 0  13 1 4 1 2 4 8
 585 489  89 0   4 1 4 1 2 4 8
 586 330 413 0  93 1 4 1 2 4 8
 587 443 161 0  74 1 4 1 2 4 8
 588 339 246 0  81 1 4 1 2 4 8
 589 640 944 0  77 1 4 1 2 4 8
 590 154 944 0  89 1 4 1 2 4 8
 591 519 857 0  18 1 4 1 2 4 8
 592 136 423 0  18 1 4 1 2 4 8
 593 952 838 0  83 1 4 1 2 4 8
 594 540 423 0  30 1 4 1 2 4 8
 595  38 814 0  84 1 4 1 2 4 8
 596 596 778 0   3 1 4 1 2 4 8
 597 861 606 0  35 1 4 1 2 4 8
 598 755 795 0  53 1 4 1 2 4 8
 599 519   5 0  71 1 4 1 2 4 8
 600 654 979 0  81 1 4 1 2 4 8
 601 105 592 0  44 1 4 1 2 4 8
 602 369 577 0  23 1 4 1 2 4 8
 603 488 668 0  36 1 4 1 2 4 8
 604 837 453 0  83 1 4 1 2 4 8
 605 757 462 0  77 1 4 1 2 4 8
 606 234 910 0  69 1 4 1 2 4 8
 607 290 938 0  33 1 4 1 2 4 8
 608 697 202 0  88 1 4 1 2 4 8
 609 203 167 0   7 1 4 1 2 4 8
 610 159 389 0  23 1 4 1 2 4 8
 611 749 104 0  79 1 4 1 2 4 8
 612 928 966 0  21 1 4 1 2 4 8
 613 813 194 0  68 1 4 1 2 4 8
 614 727 882 0  58 1 4 1 2 4 8
 615 525 177 0  76 1 4 1 2 4 8
 616 887 197 0  83 1 4 1 2 4 8
 617 328 856 0   4 1 4 1 2 4 8
 618 897 745 0  53 1 4 1 2 4 8
 619 657 419 0  15 1 4 1 2 4 8
 620  79 982 0  56 1 4 1 2 4 8
 621 383 551 0  58 1 4 1 2 4 8
 622 981 580 0  47 1 4 1 2 4 8
 623 273 599 0   8 1 4 1 2 4 8
 624 918 426 0  69 1 4 1 2 4 8
 625 348 341 0  50 1 4 1 2 4 8
 626  15 221 0  77 1 4 1 2 4 8
 627 934 462 0  72 1 4 1 2 4 8
 628 833 196 0  99 1 4 1 2 4 8
 629 492 830 0  27 1 4 1 2 4 8
 630 783 156 0  24 1 4 1 2 4 8
 631 710 656 0  98 1 4 1 2 4 8
 632 381 601 0  36 1 4 1 2 4 8
 633 310 424 0   9 1 4 1 2 4 8
 634 955 797 0  12 1 4 1 2 4 8
 635 330 849 0  67 1 4 1 2 4 8
 636 838 702 0  39 1 4 1 2 4 8
 637 419 273 0  49 1 4 1 2 4 8
 638 786 103 0  78 1 4 1 2 4 8
 639 495 408 0   1 1 4 1 2 4 8
 640 697 145 0  83 1 4 1 2 4 8
 641  23 772 0  17 1 4 1 2 4 8
 642 183 802 0  80 1 4 1 2 4 8
 643 106  66 0  89 1 4 1 2 4 8
 644 337 293 0  63 1 4 1 2 4 8
 645 746  33 0  79 1 4 1 2 4 8
 646 745 728 0  26 1 4 1 2 4 8
 647  65 927 0  38 1 4 1 2 4 8
 648 888 843 0  36 1 4 1 2 4 8
 649 579 450 0  16 1 4 1 2 4 8
 650 175 126 0  47 1 4 1 2 4 8
 651 400  24 0  56 1 4 1 2 4 8
 652 534 457 0  44 1 4 1 2 4 8
 653 646 752 0  99 1 4 1 2 4 8
 654 230  43 0  22 1 4 1 2 4 8
 655 492 445 0  87 1 4 1 2 4 8
 656 321 189 0  41 1 4 1 2 4 8
 657 860 966 0  56 1 4 1 2 4 8
 658 129 733 0  64 1 4 1 2 4 8
 659 860 348 0  86 1 4 1 2 4 8
 660 662 523 0   2 1 4 1 2 4 8
 661 594 643 0  30 1 4 1 2 4 8
 662 396 673 0  27 1 4 1 2 4 8
 663 815 419 0  43 1 4 1 2 4 8
 664 151 423 0  52 1 4 1 2 4 8
 665 245 959 0  43 1 4 1 2 4 8
 666 781 374 0  74 1 4 1 2 4 8
 667 376 458 0  32 1 4 1 2 4 8
 668 109 210 0  83 1 4 1 2 4 8
 669 480 759 0  96 1 4 1 2 4 8
 670  12 273 0  18 1 4 1 2 4 8
 671  75 569 0  86 1 4 1 2 4 8
 672 877  39 0  41 1 4 1 2 4 8
 673 446 910 0  89 1 4 1 2 4 8
 674 920 183 0  16 1 4 1 2 4 8
 675 257 722 0  32 1 4 1 2 4 8
 676 596 962 0  86 1 4 1 2 4 8
 677 333 683 0  95 1 4 1 2 4 8
 678  48 150 0  55 1 4 1 2 4 8
 679 945 880 0  18 1 4 1 2 4 8
 680 347  13 0  68 1 4 1 2 4 8
 681 277 376 0  49 1 4 1 2 4 8
 682 895 893 0   7 1 4 1 2 4 8
 683 976 501 0  82 1 4 1 2 4 8
 684 343 166 0  75 1 4 1 2 4 8
 685  99 189 0  60 1 4 1 2 4 8
 686 256 664 0  36 1 4 1 2 4 8
 687 987 931 0  45 1 4 1 2 4 8
 688 892 387 0  50 1 4 1 2 4 8
 689 624 381 0  75 1 4 1 2 4 8
 690 474 532 0   2 1 4 1 2 4 8
 691  93 507 0  32 1 4 1 2 4 8
 692 560 548 0  57 1 4 1 2 4 8
 693 902 294 0  43 1 4 1 2 4 8
 694 601 706 0  17 1 4 1 2 4 8
 695 897  92 0   4 1 4 1 2 4 8
 696   6 349 0  76 1 4 1 2 4 8
 697 465  85 0  49 1 4 1 2 4 8
 698 425 334 0  96 1 4 1 2 4 8
 699 845 561 0  24 1 4 1 2 4 8
 700 576 500 0  91 1 4 1 2 4 8
 701 850 475 0  79 1 4 1 2 4 8
 702 763 368 0  76 1 4 1 2 4 8
 703 109 725 0  52 1 4 1 2 4 8
 704 448 665 0  72 1 4 1 2 4 8
 705 133 925 0  47 1 4 1 2 4 8
 706 608 982 0  10 1 4 1 2 4 8
 707  18 311 0  94 1 4 1 2 4 8
 708 847 693 0  89 1 4 1 2 4 8
 709 719 839 0  17 1 4 1 2 4 8
 710 397 835 0  13 1 4 1 2 4 8
 711 126  26 0   8 1 4 1 2 4 8
 712 249 672 0  14 1 4 1 2 4 8
 713 887 497 0  79 1 4 1 2 4 8
 714  11   2 0   2 1 4 1 2 4 8
 715 215 320 0  20 1 4 1 2 4 8
 716 510 847 0  45 1 4 1 2 4 8
 717 409   4 0  26 1 4 1 2 4 8
 718 208 785 0  62 1 4 1 2 4 8
 719 997 642 0  24 1 4 1 2 4 8
 720 136 213 0  24 1 4 1 2 4 8
 721 190 568 0  23 1 4 1 2 4 8
 722 797  99 0  25 1 4 1 2 4 8
 723  62 288 0  63 1 4 1 2 4 8
 724 458 887 0  47 1 4 1 2 4 8
 725 677 454 0  43 1 4 1 2 4 8
 726 400 544 0  19 1 4 1 2 4 8
 727 690 582 0  11 1 4 1 2 4 8
 728 538 457 0  31 1 4 1 2 4 8
 729 409 332 0  75 1 4 1 2 4 8
 730 877 839 0  16 1 4 1 2 4 8
 731 659 457 0  18 1 4 1 2 4 8
 732 716 503 0  67 1 4 1 2 4 8
 733 777 971 0  89 1 4 1 2 4 8
 734 329 683 0  68 1 4 1 2 4 8
 735 710 808 0  44 1 4 1 2 4 8
 736 159 595 0  65 1 4 1 2 4 8
 737 953 435 0  32 1 4 1 2 4 8
 738 177 440 0  56 1 4 1 2 4 8
 739 157 744 0  36 1 4 1 2 4 8
 740 669 562 0   4 1 4 1 2 4 8
 741 897 922 0  43 1 4 1 2 4 8
 742 307 238 0  36 1 4 1 2 4 8
 743 528 772 0  24 1 4 1 2 4 8
 744 909 518 0  25 1 4 1 2 4 8
 745 686 191 0  67 1 4 1 2 4 8
 746  83 379 0  14 1 4 1 2 4 8
 747 148 285 0   1 1 4 1 2 4 8
 748 216  24 0  57 1 4 1 2 4 8
 749 406 231 0  35 1 4 1 2 4 8
 750 693 617 0  25 1 4 1 2 4 8
 751 868 417 0  63 1 4 1 2 4 8
 752 142  89 0  14 1 4 1 2 4 8
 753 985 118 0  64 1 4 1 2 4 8
 754 757 876 0  82 1 4 1 2 4 8
 755 427 486 0  23 1 4 1 2 4 8
 756 632 989 0  73 1 4 1 2 4 8
 757 275 704 0  74 1 4 1 2 4 8
 758  54 998 0  47 1 4 1 2 4 8
 759 775  86 0  19 1 4 1 2 4 8
 760 629  76 0  32 1 4 1 2 4 8
 761 378 603 0  90 1 4 1 2 4 8
 762 545 137 0   9 1 4 1 2 4 8
 763 546 830 0  95 1 4 1 2 4 8
 764 460 940 0  45 1 4 1 2 4 8
 765 452  67 0  49 1 4 1 2 4 8
 766 712 797 0  17 1 4 1 2 4 8
 767 585  45 0  19 1 4 1 2 4 8
 768 659 768 0  32 1 4 1 2 4 8
 769 915 693 0  25 1 4 1 2 4 8
 770 982 203 0  30 1 4 1 2 4 8
 771 907  71 0  84 1 4 1 2 4 8
 772 536 577 0  42 1 4 1 2 4 8
 773 760 550 0  73 1 4 1 2 4 8
 774 247 754 0  69 1 4 1 2 4 8
 775 127 294 0  73 1 4 1 2 4 8
 776 857 245 0  66 1 4 1 2 4 8
 777 112 197 0  33 1 4 1 2 4 8
 778  91 995 0  19 1 4 1 2 4 8
 779 642  77 0  58 1 4 1 2 4 8
 780 814 531 0  83 1 4 1 2 4 8
 781 264 332 0   9 1 4 1 2 4 8
 782 767 417 0  63 1 4 1 2 4 8
 783 274 479 0   5 1 4 1 2 4 8
 784 274 246 0  84 1 4 1 2 4 8
 785 185 637 0  67 1 4 1 2 4 8
 786 715 188 0  23 1 4 1 2 4 8
 787 231 842 0  31 1 4 1 2 4 8
 788 824  14 0  65 1 4 1 2 4 8
 789 290 955 0   1 1 4 1 2 4 8
 790 152 504 0  74 1 4 1 2 4 8
 791 998 214 0  36 1 4 1 2 4 8
 792 905 447 0  55 1 4 1 2 4 8
 793 447  48 0  72 1 4 1 2 4 8
 794 443 810 0  34 1 4 1 2 4 8
 795 395 915 0   1 1 4 1 2 4 8
 796 836 204 0  21 1 4 1 2 4 8
 797 408 814 0  46 1 4 1 2 4 8
 798 195 347 0  17 1 4 1 2 4 8
 799  61 895 0   7 1 4 1 2 4 8
 800 148  42 0  92 1 4 1 2 4 8
 801 576 511 0  71 1 4 1 2 4 8
 802  54 249 0  70 1 4 1 2 4 8
 803 708 243 0  97 1 4 1 2 4 8
 804 276  22 0  54 1 4 1 2 4 8
 805 631 759 0  19 1 4 1 2 4 8
 806 494 373 0  53 1 4 1 2 4 8
 807 303 347 0  59 1 4 1 2 4 8
 808 679 282 0   8 1 4 1 2 4 8
 809 638  99 0  24 1 4 1 2 4 8
 810 912  39 0  29 1 4 1 2 4 8
 811 526 486 0  26 1 4 1 2 4 8
 812 768 582 0  23 1 4 1 2 4 8
 813 330 684 0  49 1 4 1 2 4 8
 814 401 310 0  42 1 4 1 2 4 8
 815 727 773 0  35 1 4 1 2 4 8
 816 657 589 0  72 1 4 1 2 4 8
 817 221 732 0  96 1 4 1 2 4 8
 818 184 520 0  33 1 4 1 2 4 8
 819 321 566 0  66 1 4 1 2 4 8
 820 649 857 0   7 1 4 1 2 4 8
 821 961 534 0  10 1 4 1 2 4 8
 822 352 565 0  87 1 4 1 2 4 8
 823 853 340 0  52 1 4 1 2 4 8
 824 680 371 0  78 1 4 1 2 4 8
 825 427 227 0  41 1 4 1 2 4 8
 826 491 215 0 100 1 4 1 2 4 8
 827  90 138 0  25 1 4 1 2 4 8
 828 493 408 0  46 1 4 1 2 4 8
 829 454 199 0  27 1 4 1 2 4 8
 830 275 561 0  96 1 4 1 2 4 8
 831 160 346 0  97 1 4 1 2 4 8
 832  23 479 0  24 1 4 1 2 4 8
 833 859 851 0  43 1 4 1 2 4 8
 834  70 913 0  88 1 4 1 2 4 8
 835 884 387 0  73 1 4 1 2 4 8
 836 325 225 0  20 1 4 1 2 4 8
 837 698 795 0  73 1 4 1 2 4 8
 838 883 348 0  97 1 4 1 2 4 8
 839 300 515 0  80 1 4 1 2 4 8
 840 408 579 0  25 1 4 1 2 4 8
 841  77 454 0  13 1 4 1 2 4 8
 842 564 676 0  31 1 4 1 2 4 8
 843 751 347 0  46 1 4 1 2 4 8
 844 517 794 0  81 1 4 1 2 4 8
 845 175 116 0  37 1 4 1 2 4 8
 846 683 290 0  70 1 4 1 2 4 8
 847 513 281 0  74 1 4 1 2 4 8
 848 964 125 0  41 1 4 1 2 4 8
 849 900 799 0  47 1 4 1 2 4 8
 850 941 264 0   1 1 4 1 2 4 8
 851 307 495 0  18 1 4 1 2 4 8
 852 764 757 0  25 1 4 1 2 4 8
 853 726 113 0  25 1 4 1 2 4 8
 854 942 674 0   4 1 4 1 2 4 8
 855 967 353 0  14 1 4 1 2 4 8
 856 389 735 0  93 1 4 1 2 4 8
 857 940 429 0  23 1 4 1 2 4 8
 858 357 204 0  56 1 4 1 2 4 8
 859 620 547 0  53 1 4 1 2 4 8
 860 358 447 0  36 1 4 1 2 4 8
 861 781 321 0  54 1 4 1 2 4 8
 862 943 897 0  91 1 4 1 2 4 8
 863 812 262 0  94 1 4 1 2 4 8
 864 182 858 0  20 1 4 1 2 4 8
 865 789  86 0  41 1 4 1 2 4 8
 866 160 831 0  61 1 4 1 2 4 8
 867 814 245 0  71 1 4 1 2 4 8
 868 241 144 0  50 1 4 1 2 4 8
 869 193 795 0 100 1 4 1 2 4 8
 870  80  68 0  22 1 4 1 2 4 8
 871 801 160 0  92 1 4 1 2 4 8
 872 941 356 0  79 1 4 1 2 4 8
 873 432 401 0  45 1 4 1 2 4 8
 874 590 307 0  63 1 4 1 2 4 8
 875 290  58 0  30 1 4 1 2 4 8
 876 154 384 0  65 1 4 1 2 4 8
 877 456 282 0  66 1 4 1 2 4 8
 878 699  14 0  46 1 4 1 2 4 8
 879 567  73 0  73 1 4 1 2 4 8
 880 991 877 0   3 1 4 1 2 4 8
 881 236 211 0  90 1 4 1 2 4 8
 882 513 256 0  41 1 4 1 2 4 8
 883 173  19 0  91 1 4 1 2 4 8
 884 388  37 0  66 1 4 1 2 4 8
 885 320 655 0  28 1 4 1 2 4 8
 886 145 703 0  91 1 4 1 2 4 8
 887 223 503 0  17 1 4 1 2 4 8
 888 680 887 0  74 1 4 1 2 4 8
 889 515 395 0  69 1 4 1 2 4 8
 890 317 525 0  93 1 4 1 2 4 8
 891 910   2 0  25 1 4 1 2 4 8
 892 617 884 0  69 1 4 1 2 4 8
 893  59 284 0  93 1 4 1 2 4 8
 894 763 620 0  75 1 4 1 2 4 8
 895 847 946 0  89 1 4 1 2 4 8
 896 367 735 0  16 1 4 1 2 4 8
 897 427 789 0   9 1 4 1 2 4 8
 898 958  54 0  66 1 4 1 2 4 8
 899 319 218 0  88 1 4 1 2 4 8
 900 336 778 0   7 1 4 1 2 4 8
 901 203 385 0  96 1 4 1 2 4 8
 902 447 186 0  37 1 4 1 2 4 8
 903 156 161 0  29 1 4 1 2 4 8
 904 359 877 0  93 1 4 1 2 4 8
 905  84 364 0  38 1 4 1 2 4 8
 906 388 616 0  61 1 4 1 2 4 8
 907 526 779 0  80 1 4 1 2 4 8
 908 360 647 0  10 1 4 1 2 4 8
 909 467 663 0  45 1 4 1 2 4 8
 910 729 499 0 100 1 4 1 2 4 8
 911 329 364 0  58 1 4 1 2 4 8
 912 357 541 0  79 1 4 1 2 4 8
 913 238 644 0  73 1 4 1 2 4 8
 914  85 695 0  48 1 4 1 2 4 8
 915 185  30 0   7 1 4 1 2 4 8
 916 799 829 0  20 1 4 1 2 4 8
 917 520  84 0  58 1 4 1 2 4 8
 918 141   7 0  82 1 4 1 2 4 8
 919  46 349 0  15 1 4 1 2 4 8
 920 753 486 0  27 1 4 1 2 4 8
 921 402 255 0  70 1 4 1 2 4 8
 922 224 886 0  72 1 4 1 2 4 8
 923  24 437 0   8 1 4 1 2 4 8
 924 716 692 0  47 1 4 1 2 4 8
 925 176 555 0  16 1 4 1 2 4 8
 926  72 753 0  29 1 4 1 2 4 8
 927 730 168 0  67 1 4 1 2 4 8
 928 685 976 0  60 1 4 1 2 4 8
 929  70 666 0  72 1 4 1 2 4 8
 930 642 236 0  59 1 4 1 2 4 8
 931 838 363 0  13 1 4 1 2 4 8
 932  55 674 0  82 1 4 1 2 4 8
 933 355 385 0  14 1 4 1 2 4 8
 934 702 184 0   1 1 4 1 2 4 8
 935  31  19 0  92 1 4 1 2 4 8
 936 909 670 0  99 1 4 1 2 4 8
 937 743 860 0  67 1 4 1 2 4 8
 938 312 191 0   6 1 4 1 2 4 8
 939 142 334 0  18 1 4 1 2 4 8
 940 672 673 0  88 1 4 1 2 4 8
 941 272 988 0  95 1 4 1 2 4 8
 942 111 380 0  20 1 4 1 2 4 8
 943 402   5 0  20 1 4 1 2 4 8
 944 184 834 0  20 1 4 1 2 4 8
 945 494 409 0  51 1 4 1 2 4 8
 946 602 640 0   5 1 4 1 2 4 8
 947 834  36 0  49 1 4 1 2 4 8
 948   4 827 0  10 1 4 1 2 4 8
 949 772 392 0  65 1 4 1 2 4 8
 950 475 572 0  64 1 4 1 2 4 8
 951 121  99 0  54 1 4 1 2 4 8
 952 812 251 0  95 1 4 1 2 4 8
 953 966 256 0  60 1 4 1 2 4 8
 954 818 382 0  45 1 4 1 2 4 8
 955 550 952 0  40 1 4 1 2 4 8
 956 399 624 0  79 1 4 1 2 4 8
 957  32 171 0  35 1 4 1 2 4 8
 958 232 795 0  28 1 4 1 2 4 8
 959   0  34 0  36 1 4 1 2 4 8
 960 583  25 0  29 1 4 1 2 4 8
 961 465 759 0   3 1 4 1 2 4 8
 962 113 248 0  94 1 4 1 2 4 8
 963 320 723 0   5 1 4 1 2 4 8
 964 651 758 0  14 1 4 1 2 4 8
 965 148 779 0  38 1 4 1 2 4 8
 966 367 923 0  67 1 4 1 2 4 8
 967 926 491 0  60 1 4 1 2 4 8
 968 993 470 0  95 1 4 1 2 4 8
 969 330 422 0  26 1 4 1 2 4 8
 970 585 294 0  19 1 4 1 2 4 8
 971 643 316 0  17 1 4 1 2 4 8
 972 249 203 0  77 1 4 1 2 4 8
 973 800 273 0  88 1 4 1 2 4 8
 974 706 273 0  97 1 4 1 2 4 8
 975 389 156 0  91 1 4 1 2 4 8
 976  61 907 0  23 1 4 1 2 4 8
 977 965 997 0  77 1 4 1 2 4 8
 978 942 549 0  26 1 4 1 2 4 8
 979 319 303 0  96 1 4 1 2 4 8
 980 507  72 0  34 1 4 1 2 4 8
 981 694 724 0  13 1 4 1 2 4 8
 982 808 432 0  12 1 4 1 2 4 8
 983  72 846 0  99 1 4 1 2 4 8
 984 471 198 0  46 1 4 1 2 4 8
 985 628  82 0  48 1 4 1 2 4 8
 986 658 983 0  30 1 4 1 2 4 8
 987 604 497 0  38 1 4 1 2 4 8
 988  59  19 0  73 1 4 1 2 4 8
 989 649 293 0  66 1 4 1 2 4 8
 990 488 129 0  18 1 4 1 2 4 8
 991 800 551 0   1 1 4 1 2 4 8
 992 140 265 0  73 1 4 1 2 4 8
 993 354 536 0  42 1 4 1 2 4 8
 994 566 362 0  25 1 4 1 2 4 8
 995 391  88 0  82 1 4 1 2 4 8
 996 429 131 0  50 1 4 1 2 4 8
 997 871 683 0  96 1 4 1 2 4 8
 998  18 286 0  95 1 4 1 2 4 8
 999 457 758 0  22 1 4 1 2 4 8
1000 411  88 0   4 1 4 1 2 4 8
1001 714 747 0  75 1 4 1 2 4 8
1002  37 694 0 100 1 4 1 2 4 8
1003 134 161 0  62 1 4 1 2 4 8
1004  75 680 0  84 1 4 1 2 4 8
1005 756 385 0  66 1 4 1 2 4 8
1006 280 726 0  62 1 4 1 2 4 8
1007 859 261 0  15 1 4 1 2 4 8
1008 499 946 0  31 1 4 1 2 4 8
1009 717 856 0  29 1 4 1 2 4 8
1010 744 313 0  15 1 4 1 2 4 8
1011 594 152 0  71 1 4 1 2 4 8
1012 164  13 0  89 1 4 1 2 4 8
1013 531 977 0  25 1 4 1 2 4 8
1014 883 143 0  53 1 4 1 2 4 8
1015 426 806 0  62 1 4 1 2 4 8
1016 792 707 0  37 1 4 1 2 4 8
1017 773 775 0  60 1 4 1 2 4 8
1018 261 393 0  10 1 4 1 2 4 8
1019 577 814 0  78 1 4 1 2 4 8
1020  23 408 0  50 1 4 1 2 4 8
1021 127 320 0  24 1 4 1 2 4 8
1022 351 958 0  97 1 4 1 2 4 8
1023 471 865 0  42 1 4 1 2 4 8
1024 169 553 0  34 1 4 1 2 4 8
1025 739 991 0  76 1 4 1 2 4 8
1026 309 565 0  50 1 4 1 2 4 8
1027 236 102 0  57 1 4 1 2 4 8
1028 121 781 0  57 1 4 1 2 4 8
1029 533 620 0  63 1 4 1 2 4 8
1030 604  66 0  24 1 4 1 2 4 8
1031 950 735 0   4 1 4 1 2 4 8
1032 656 808 0  51 1 4 1 2 4 8
1033 485 897 0  31 1 4 1 2 4 8
1034 510 520 0  66 1 4 1 2 4 8
1035 338 933 0  26 1 4 1 2 4 8
1036 247 162 0   8 1 4 1 2 4 8
1037 665  14 0  69 1 4 1 2 4 8
1038 608 338 0  91 1 4 1 2 4 8
1039 761 235 0  54 1 4 1 2 4 8
1040 145  83 0   4 1 4 1 2 4 8
1041 129 111 0 100 1 4 1 2 4 8
1042 340 911 0  35 1 4 1 2 4 8
1043  61  25 0  58 1 4 1 2 4 8
1044 525 690 0  80 1 4 1 2 4 8
1045 144 532 0  26 1 4 1 2 4 8
1046 718 839 0  57 1 4 1 2 4 8
1047 361 474 0  31 1 4 1 2 4 8
1048 704 119 0  15 1 4 1 2 4 8
1049 964 447 0  19 1 4 1 2 4 8
1050 433 865 0  76 1 4 1 2 4 8
1051 219 779 0  45 1 4 1 2 4 8
1052 611 259 0  82 1 4 1 2 4 8
1053 563 300 0  94 1 4 1 2 4 8
1054   2 234 0  65 1 4 1 2 4 8
1055 325 571 0  92 1 4 1 2 4 8
1056 886 947 0  60 1 4 1 2 4 8
1057 686  97 0  17 1 4 1 2 4 8
1058  91  58 0  70 1 4 1 2 4 8
1059 852 421 0   2 1 4 1 2 4 8
1060 407 955 0   6 1 4 1 2 4 8
1061 847 654 0  48 1 4 1 2 4 8
1062 202 287 0  78 1 4 1 2 4 8
1063 929 242 0   9 1 4 1 2 4 8
1064 454 310 0  10 1 4 1 2 4 8
1065  88 259 0  52 1 4 1 2 4 8
1066   7 278 0  48 1 4 1 2 4 8
1067 711 289 0  47 1 4 1 2 4 8
1068 714 881 0  68 1 4 1 2 4 8
1069 926 758 0  13 1 4 1 2 4 8
1070 259 304 0  59 1 4 1 2 4 8
1071 729 329 0  39 1 4 1 2 4 8
1072 602 806 0  33 1 4 1 2 4 8
1073   8 443 0   7 1 4 1 2 4 8
1074 824  69 0  19 1 4 1 2 4 8
1075 121 718 0  64 1 4 1 2 4 8
1076 227 219 0  93 1 4 1 2 4 8
1077 913 603 0  98 1 4 1 2 4 8
1078 805 470 0  41 1 4 1 2 4 8
1079 549 640 0  40 1 4 1 2 4 8
1080 751 363 0  30 1 4 1 2 4 8
1081 948 970 0  96 1 4 1 2 4 8
1082 207  99 0 100 1 4 1 2 4 8
1083 559 130 0  11 1 4 1 2 4 8
1084 602 596 0  16 1 4 1 2 4 8
1085 108 358 0  47 1 4 1 2 4 8
1086  66 324 0  43 1 4 1 2 4 8
1087 105 575 0  39 1 4 1 2 4 8
1088 657 218 0  95 1 4 1 2 4 8
1089 450 695 0  34 1 4 1 2 4 8
1090 945 843 0  94 1 4 1 2 4 8
1091 341 949 0  44 1 4 1 2 4 8
1092 867 523 0  48 1 4 1 2 4 8
1093 555 627 0  62 1 4 1 2 4 8
1094 992 697 0  31 1 4 1 2 4 8
1095 512 681 0  26 1 4 1 2 4 8
1096 957 191 0   1 1 4 1 2 4 8
1097 306 328 0  52 1 4 1 2 4 8
1098 898 820 0  96 1 4 1 2 4 8
1099 143 631 0  51 1 4 1 2 4 8
1100 345 925 0  39 1 4 1 2 4 8
1101 764 968 0  29 1 4 1 2 4 8
1102  39 789 0  86 1 4 1 2 4 8
1103  24 959 0  32 1 4 1 2 4 8
1104 793 946 0  33 1 4 1 2 4 8
1105 760  96 0  77 1 4 1 2 4 8
1106 143 751 0  95 1 4 1 2 4 8
1107 320 281 0  33 1 4 1 2 4 8
1108 905 579 0  13 1 4 1 2 4 8
1109 232 517 0  91 1 4 1 2 4 8
1110 333 784 0  34 1 4 1 2 4 8
1111 290 946 0  38 1 4 1 2 4 8
1112 831 377 0  23 1 4 1 2 4 8
1113 929 834 0  71 1 4 1 2 4 8
1114 195 803 0  65 1 4 1 2 4 8
1115 177  47 0  73 1 4 1 2 4 8
1116 931 825 0  13 1 4 1 2 4 8
1117  81 438 0  70 1 4 1 2 4 8
1118  54 715 0  63 1 4 1 2 4 8
1119 219  27 0  12 1 4 1 2 4 8
1120 867 933 0  27 1 4 1 2 4 8
1121 760  56 0  53 1 4 1 2 4 8
1122 483 600 0  32 1 4 1 2 4 8
1123 966 393 0  29 1 4 1 2 4 8
1124 385 763 0  94 1 4 1 2 4 8
1125 655 174 0  14 1 4 1 2 4 8
1126 654 117 0  54 1 4 1 2 4 8
1127 248 890 0  18 1 4 1 2 4 8
1128 477 283 0  58 1 4 1 2 4 8
1129 427 511 0  20 1 4 1 2 4 8
1130 934 199 0  72 1 4 1 2 4 8
1131 110 833 0   2 1 4 1 2 4 8
1132 654 400 0  25 1 4 1 2 4 8
1133 341 533 0   2 1 4 1 2 4 8
1134 323 101 0  81 1 4 1 2 4 8
1135 669 925 0  48 1 4 1 2 4 8
1136 422 410 0  97 1 4 1 2 4 8
1137 917 736 0  21 1 4 1 2 4 8
1138 712 504 0  43 1 4 1 2 4 8
1139 831 450 0  53 1 4 1 2 4 8
1140 853 307 0  70 1 4 1 2 4 8
1141 715 328 0  62 1 4 1 2 4 8
1142 860 528 0  53 1 4 1 2 4 8
1143 385 308 0  31 1 4 1 2 4 8
1144 283 315 0   3 1 4 1 2 4 8
1145  99 127 0  74 1 4 1 2 4 8
1146 791 581 0  59 1 4 1 2 4 8
1147 848 478 0  51 1 4 1 2 4 8
1148 957 589 0  71 1 4 1 2 4 8
1149 340 349 0  38 1 4 1 2 4 8
1150 656 895 0  49 1 4 1 2 4 8
1151 339 161 0  69 1 4 1 2 4 8
1152 850 788 0  25 1 4 1 2 4 8
1153 190 352 0  29 1 4 1 2 4 8
1154  66 469 0  93 1 4 1 2 4 8
1155 215 517 0   7 1 4 1 2 4 8
1156 648 875 0  33 1 4 1 2 4 8
1157  63 406 0  80 1 4 1 2 4 8
1158 534 501 0 100 1 4 1 2 4 8
1159 521 896 0  69 1 4 1 2 4 8
1160 774 840 0  32 1 4 1 2 4 8
1161 903 114 0  75 1 4 1 2 4 8
1162 675 950 0  22 1 4 1 2 4 8
1163 344 246 0  45 1 4 1 2 4 8
1164 981 723 0  88 1 4 1 2 4 8
1165 643 350 0  21 1 4 1 2 4 8
1166 466  19 0  87 1 4 1 2 4 8
1167 124 480 0  57 1 4 1 2 4 8
1168 852 293 0  89 1 4 1 2 4 8
1169 789 590 0  22 1 4 1 2 4 8
1170 979 279 0  12 1 4 1 2 4 8
1171 358 282 0  87 1 4 1 2 4 8
1172 303 924 0  45 1 4 1 2 4 8
1173 270 740 0  46 1 4 1 2 4 8
1174 582 613 0  90 1 4 1 2 4 8
1175 976 422 0  66 1 4 1 2 4 8
1176 221 992 0  33 1 4 1 2 4 8
1177 234 723 0  91 1 4 1 2 4 8
1178 823  90 0  48 1 4 1 2 4 8
1179 959 496 0  60 1 4 1 2 4 8
1180 412 384 0  65 1 4 1 2 4 8
1181 377 589 0  40 1 4 1 2 4 8
1182  97 129 0  68 1 4 1 2 4 8
1183  10 184 0  78 1 4 1 2 4 8
1184 846 933 0   3 1 4 1 2 4 8
1185 793  55 0  60 1 4 1 2 4 8
1186  51 114 0  80 1 4 1 2 4 8
1187 784 329 0  85 1 4 1 2 4 8
1188 747 802 0  21 1 4 1 2 4 8
1189 163 507 0  54 1 4 1 2 4 8
1190 733 284 0  80 1 4 1 2 4 8
1191 786 471 0  75 1 4 1 2 4 8
1192 553 719 0  96 1 4 1 2 4 8
1193   5 358 0   4 1 4 1 2 4 8
1194  98 632 0  54 1 4 1 2 4 8
1195 209 268 0  85 1 4 1 2 4 8
1196 679 130 0  59 1 4 1 2 4 8
1197 625  25 0 100 1 4 1 2 4 8
1198  70 151 0  64 1 4 1 2 4 8
1199 131 919 0  50 1 4 1 2 4 8
1200 574 318 0  60 1 4 1 2 4 8
1201 799 238 0  73 1 4 1 2 4 8
1202 683 745 0  64 1 4 1 2 4 8
1203 354 965 0  42 1 4 1 2 4 8
1204 862 151 0  79 1 4 1 2 4 8
1205 908 816 0  21 1 4 1 2 4 8
1206 460 219 0   3 1 4 1 2 4 8
1207 602 938 0  29 1 4 1 2 4 8
1208 768 569 0  94 1 4 1 2 4 8
1209 573 530 0  99 1 4 1 2 4 8
1210 772   4 0  22 1 4 1 2 4 8
1211 570 836 0  97 1 4 1 2 4 8
1212 394 260 0  84 1 4 1 2 4 8
1213 315 201 0  66 1 4 1 2 4 8
1214 561 439 0  18 1 4 1 2 4 8
1215 779  94 0  75 1 4 1 2 4 8
1216 167 276 0  35 1 4 1 2 4 8
1217  82 750 0  80 1 4 1 2 4 8
1218 141  70 0  48 1 4 1 2 4 8
1219 710 475 0  15 1 4 1 2 4 8
1220 583 814 0  62 1 4 1 2 4 8
1221 339 816 0  14 1 4 1 2 4 8
1222 780 800 0  76 1 4 1 2 4 8
1223 187 829 0  90 1 4 1 2 4 8
1224 496 538 0  53 1 4 1 2 4 8
1225  45 316 0  74 1 4 1 2 4 8
1226 514 256 0  86 1 4 1 2 4 8
1227 542 481 0  30 1 4 1 2 4 8
1228 764 616 0  17 1 4 1 2 4 8
1229 244   1 0  12 1 4 1 2 4 8
1230  42 956 0  36 1 4 1 2 4 8
1231 434 347 0  92 1 4 1 2 4 8
1232 485 339 0  28 1 4 1 2 4 8
1233 662 955 0  81 1 4 1 2 4 8
1234 181 694 0  57 1 4 1 2 4 8
1235  45 264 0  99 1 4 1 2 4 8
1236 189 404 0  87 1 4 1 2 4 8
1237 798  64 0  62 1 4 1 2 4 8
1238 960 468 0  61 1 4 1 2 4 8
1239 995 801 0  13 1 4 1 2 4 8
1240 993 498 0  86 1 4 1 2 4 8
1241 330 432 0  98 1 4 1 2 4 8
1242 769 607 0  82 1 4 1 2 4 8
1243 559 568 0  66 1 4 1 2 4 8
1244 105 738 0  40 1 4 1 2 4 8
1245 989 685 0  34 1 4 1 2 4 8
1246 666 363 0   6 1 4 1 2 4 8
1247 845 384 0   6 1 4 1 2 4 8
1248 769 364 0  20 1 4 1 2 4 8
1249 589 886 0  82 1 4 1 2 4 8
1250 622 653 0  14 1 4 1 2 4 8
1251 677 883 0  80 1 4 1 2 4 8
1252 295 268 0  56 1 4 1 2 4 8
1253 201 999 0  78 1 4 1 2 4 8
1254 105 338 0  21 1 4 1 2 4 8
1255 891 219 0  57 1 4 1 2 4 8
1256  68  52 0  70 1 4 1 2 4 8
1257 713 458 0 100 1 4 1 2 4 8
1258 989 240 0  35 1 4 1 2 4 8
1259 174 657 0   7 1 4 1 2 4 8
1260 541 698 0  48 1 4 1 2 4 8
1261 727 695 0  94 1 4 1 2 4 8
1262 242 566 0  12 1 4 1 2 4 8
1263 841 280 0  84 1 4 1 2 4 8
1264 173 801 0  68 1 4 1 2 4 8
1265 336 562 0  90 1 4 1 2 4 8
1266 351 577 0   6 1 4 1 2 4 8
1267 815  87 0  27 1 4 1 2 4 8
1268 983 518 0  25 1 4 1 2 4 8
1269 158 404 0  56 1 4 1 2 4 8
1270 501 464 0  40 1 4 1 2 4 8
1271 453 180 0  60 1 4 1 2 4 8
1272 520 446 0  52 1 4 1 2 4 8
1273 287  48 0  21 1 4 1 2 4 8
1274 740 978 0  82 1 4 1 2 4 8
1275 499  43 0  99 1 4 1 2 4 8
1276 272 584 0  93 1 4 1 2 4 8
1277 253 675 0  11 1 4 1 2 4 8
1278  79 331 0  96 1 4 1 2 4 8
1279  45  18 0  60 1 4 1 2 4 8
1280 972 271 0  59 1 4 1 2 4 8
1281  75  41 0  84 1 4 1 2 4 8
1282 404 480 0  52 1 4 1 2 4 8
1283 160 357 0 100 1 4 1 2 4 8
1284 133 500 0  67 1 4 1 2 4 8
1285 856 752 0  69 1 4 1 2 4 8
1286 572  89 0  52 1 4 1 2 4 8
1287 330 753 0   8 1 4 1 2 4 8
1288 813 669 0  66 1 4 1 2 4 8
1289 983 451 0  74 1 4 1 2 4 8
1290 151 755 0  93 1 4 1 2 4 8
1291 405  95 0  94 1 4 1 2 4 8
1292 541 519 0  82 1 4 1 2 4 8
1293 927 212 0  68 1 4 1 2 4 8
1294 914 959 0  79 1 4 1 2 4 8
1295 567 566 0  11 1 4 1 2 4 8
1296 792 866 0  97 1 4 1 2 4 8
1297 746 180 0  67 1 4 1 2 4 8
1298 335 879 0  16 1 4 1 2 4 8
1299 215 714 0  82 1 4 1 2 4 8
1300 205 854 0  77 1 4 1 2 4 8
1301 373  30 0  27 1 4 1 2 4 8
1302 351 173 0  33 1 4 1 2 4 8
1303  72 186 0  75 1 4 1 2 4 8
1304  91 149 0  35 1 4 1 2 4 8
1305 495 561 0  62 1 4 1 2 4 8
1306 209 906 0  55 1 4 1 2 4 8
1307 851  56 0  15 1 4 1 2 4 8
1308 491 288 0  70 1 4 1 2 4 8
1309 822 154 0  23 1 4 1 2 4 8
1310 955 813 0   2 1 4 1 2 4 8
1311 177 445 0  94 1 4 1 2 4 8
1312 206 389 0  80 1 4 1 2 4 8
1313 889 790 0  76 1 4 1 2 4 8
1314 898 665 0  47 1 4 1 2 4 8
1315  52 555 0  58 1 4 1 2 4 8
1316 683 214 0  65 1 4 1 2 4 8
1317 766 239 0  80 1 4 1 2 4 8
1318  75 507 0  23 1 4 1 2 4 8
1319 215 194 0  44 1 4 1 2 4 8
1320 229 751 0  46 1 4 1 2 4 8
1321 720 924 0  12 1 4 1 2 4 8
1322 324 121 0  33 1 4 1 2 4 8
1323  14 148 0  10 1 4 1 2 4 8
1324 759 871 0  59 1 4 1 2 4 8
1325 658 120 0  30 1 4 1 2 4 8
1326 967 998 0  88 1 4 1 2 4 8
1327 140 359 0   1 1 4 1 2 4 8
1328 115 986 0  51 1 4 1 2 4 8
1329 711 159 0   8 1 4 1 2 4 8
1330 103  75 0  48 1 4 1 2 4 8
1331 185 927 0  88 1 4 1 2 4 8
1332 138 687 0  33 1 4 1 2 4 8
1333 311 277 0  95 1 4 1 2 4 8
1334 116 624 0  81 1 4 1 2 4 8
1335 941 529 0  19 1 4 1 2 4 8
1336 783 118 0  56 1 4 1 2 4 8
1337 952 803 0  38 1 4 1 2 4 8
1338 892 935 0  95 1 4 1 2 4 8
1339 125 536 0  50 1 4 1 2 4 8
1340 346 780 0   8 1 4 1 2 4 8
1341 189  12 0  87 1 4 1 2 4 8
1342 358 132 0  23 1 4 1 2 4 8
1343  55 479 0  73 1 4 1 2 4 8
1344 478 859 0  68 1 4 1 2 4 8
1345 794 561 0  64 1 4 1 2 4 8
1346 648 229 0 100 1 4 1 2 4 8
1347 103  26 0  69 1 4 1 2 4 8
1348  46 200 0  87 1 4 1 2 4 8
1349 508 691 0  88 1 4 1 2 4 8
1350   4 260 0  93 1 4 1 2 4 8
1351 611 465 0  25 1 4 1 2 4 8
1352 948 136 0  65 1 4 1 2 4 8
1353 442 986 0  86 1 4 1 2 4 8
1354 884 211 0  22 1 4 1 2 4 8
1355 767 336 0  68 1 4 1 2 4 8
1356 308 183 0 100 1 4 1 2 4 8
1357 627 177 0  73 1 4 1 2 4 8
1358 373 347 0  82 1 4 1 2 4 8
1359  72 141 0  93 1 4 1 2 4 8
1360 929 831 0  83 1 4 1 2 4 8
1361 492   3 0  68 1 4 1 2 4 8
1362 770 497 0  78 1 4 1 2 4 8
1363 824 113 0  43 1 4 1 2 4 8
1364 724 119 0  75 1 4 1 2 4 8
1365 371 386 0  72 1 4 1 2 4 8
1366 830 935 0  98 1 4 1 2 4 8
1367 355 694 0  13 1 4 1 2 4 8
1368 229  61 0  10 1 4 1 2 4 8
1369 624 938 0  17 1 4 1 2 4 8
1370 404  53 0  49 1 4 1 2 4 8
1371 732 842 0   2 1 4 1 2 4 8
1372 452 122 0  60 1 4 1 2 4 8
1373 159 822 0  57 1 4 1 2 4 8
1374  12 645 0  37 1 4 1 2 4 8
1375 195 625 0  24 1 4 1 2 4 8
1376 944 865 0  63 1 4 1 2 4 8
1377 354 868 0  23 1 4 1 2 4 8
1378 679 908 0  69 1 4 1 2 4 8
1379 534 620 0  29 1 4 1 2 4 8
1380 461 857 0  36 1 4 1 2 4 8
1381 891 314 0  46 1 4 1 2 4 8
1382 955 612 0   1 1 4 1 2 4 8
1383 738  96 0  84 1 4 1 2 4 8
1384 977 933 0  13 1 4 1 2 4 8
1385 436 885 0  58 1 4 1 2 4 8
1386 374  21 0  95 1 4 1 2 4 8
1387 698 707 0  37 1 4 1 2 4 8
1388 966  98 0  52 1 4 1 2 4 8
1389 890 459 0   5 1 4 1 2 4 8
1390  62 680 0  70 1 4 1 2 4 8
1391 388   9 0  38 1 4 1 2 4 8
1392 705 625 0  20 1 4 1 2 4 8
1393 684 450 0  42 1 4 1 2 4 8
1394 501 275 0  90 1 4 1 2 4 8
1395 812 731 0  68 1 4 1 2 4 8
1396 802 303 0  11 1 4 1 2 4 8
1397 448 436 0  89 1 4 1 2 4 8
1398 289 266 0  21 1 4 1 2 4 8
1399 669 277 0   3 1 4 1 2 4 8
1400 301 468 0  13 1 4 1 2 4 8
1401 684 962 0  88 1 4 1 2 4 8
1402 755 335 0  33 1 4 1 2 4 8
1403 691 545 0  18 1 4 1 2 4 8
1404 909 672 0  53 1 4 1 2 4 8
1405 184 830 0  56 1 4 1 2 4 8
1406 598 979 0  28 1 4 1 2 4 8
1407 260 991 0  93 1 4 1 2 4 8
1408  32 347 0  55 1 4 1 2 4 8
1409 985  43 0  32 1 4 1 2 4 8
1410 404 897 0  73 1 4 1 2 4 8
1411 611 525 0  27 1 4 1 2 4 8
1412 162  44 0  11 1 4 1 2 4 8
1413 887  20 0  74 1 4 1 2 4 8
1414 161 978 0  55 1 4 1 2 4 8
1415 496 417 0  99 1 4 1 2 4 8
1416 527 112 0  45 1 4 1 2 4 8
1417 366   3 0  88 1 4 1 2 4 8
1418 819 509 0  61 1 4 1 2 4 8
1419 344 940 0  49 1 4 1 2 4 8
1420 300 983 0   1 1 4 1 2 4 8
1421 937 355 0  39 1 4 1 2 4 8
1422 959 688 0  93 1 4 1 2 4 8
1423 822 664 0  18 1 4 1 2 4 8
1424 470 428 0  50 1 4 1 2 4 8
1425 526 513 0  23 1 4 1 2 4 8
1426 148 862 0  22 1 4 1 2 4 8
1427 468 529 0  92 1 4 1 2 4 8
1428 847  23 0   3 1 4 1 2 4 8
1429 710 117 0  26 1 4 1 2 4 8
1430 221 130 0  72 1 4 1 2 4 8
1431 154 945 0  77 1 4 1 2 4 8
1432 465 272 0  64 1 4 1 2 4 8
1433 917 536 0  17 1 4 1 2 4 8
1434 521  31 0  18 1 4 1 2 4 8
1435 716 733 0  39 1 4 1 2 4 8
1436 770 894 0   2 1 4 1 2 4 8
1437 693 686 0  55 1 4 1 2 4 8
1438 371 817 0  69 1 4 1 2 4 8
1439 216 755 0  35 1 4 1 2 4 8
1440 605 686 0  29 1 4 1 2 4 8
1441 857  90 0  30 1 4 1 2 4 8
1442 210 308 0  66 1 4 1 2 4 8
1443 925 704 0  97 1 4 1 2 4 8
1444 541  33 0  81 1 4 1 2 4 8
1445  54 122 0  67 1 4 1 2 4 8
1446 964 298 0  47 1 4 1 2 4 8
1447 248 430 0  53 1 4 1 2 4 8
1448 905 530 0  20 1 4 1 2 4 8
1449 327 971 0  49 1 4 1 2 4 8
1450 519 165 0 100 1 4 1 2 4 8
1451 216 187 0  77 1 4 1 2 4 8
1452 601 749 0  91 1 4 1 2 4 8
1453 275 752 0  90 1 4 1 2 4 8
1454 915 819 0  48 1 4 1 2 4 8
1455  57 229 0  45 1 4 1 2 4 8
1456 655 835 0  26 1 4 1 2 4 8
1457 299 746 0  26 1 4 1 2 4 8
1458 489 576 0  27 1 4 1 2 4 8
1459 883 454 0  27 1 4 1 2 4 8
1460 984 783 0  40 1 4 1 2 4 8
1461 519 207 0  43 1 4 1 2 4 8
1462 496 805 0  53 1 4 1 2 4 8
1463 690 275 0  74 1 4 1 2 4 8
1464 878 524 0  36 1 4 1 2 4 8
1465  53 272 0  15 1 4 1 2 4 8
1466 167  20 0  19 1 4 1 2 4 8
1467 659 104 0  73 1 4 1 2 4 8
1468 875 557 0  74 1 4 1 2 4 8
1469 226   6 0 100 1 4 1 2 4 8
1470 871 438 0  85 1 4 1 2 4 8
1471 401 548 0  75 1 4 1 2 4 8
1472 249 379 0  25 1 4 1 2 4 8
1473 600 647 0  27 1 4 1 2 4 8
1474 351 853 0  25 1 4 1 2 4 8
1475 643 394 0  87 1 4 1 2 4 8
1476 445 238 0  60 1 4 1 2 4 8
1477 703 588 0  64 1 4 1 2 4 8
1478 420 942 0  46 1 4 1 2 4 8
1479 827 529 0  41 1 4 1 2 4 8
1480 754 716 0   3 1 4 1 2 4 8
1481 384 967 0  30 1 4 1 2 4 8
1482 846  34 0  34 1 4 1 2 4 8
1483 978 331 0  75 1 4 1 2 4 8
1484 370 765 0  58 1 4 1 2 4 8
1485  31 604 0  52 1 4 1 2 4 8
1486 517 553 0  94 1 4 1 2 4 8
1487 416 342 0   0 0 0
1488 546 749 0   0 0 0
1489 486 594 0   0 0 0
1490 549 554 0   0 0 0
