2 449 1494 3
0 252
0 252
0 252
   1  523 704 0  74 1 3 1 2 4
   2  271 470 0  45 1 3 1 2 4
   3  874 838 0  83 1 3 1 2 4
   4  823 636 0  86 1 3 1 2 4
   5  415 195 0   4 1 3 1 2 4
   6  745 614 0  19 1 3 1 2 4
   7  359 856 0  72 1 3 1 2 4
   8  255 267 0  70 1 3 1 2 4
   9  814 313 0  93 1 3 1 2 4
  10  165 114 0  47 1 3 1 2 4
  11  753 878 0  57 1 3 1 2 4
  12  434 357 0  91 1 3 1 2 4
  13  658 963 0  58 1 3 1 2 4
  14  215 525 0  49 1 3 1 2 4
  15  176 844 0  97 1 3 1 2 4
  16  722 532 0  56 1 3 1 2 4
  17  707 387 0   8 1 3 1 2 4
  18  470   9 0   5 1 3 1 2 4
  19  617 779 0  28 1 3 1 2 4
  20  668 247 0  16 1 3 1 2 4
  21  365 223 0  59 1 3 1 2 4
  22  358 576 0  76 1 3 1 2 4
  23  709 938 0  94 1 3 1 2 4
  24  677 543 0  56 1 3 1 2 4
  25  411 163 0   6 1 3 1 2 4
  26  248 117 0  93 1 3 1 2 4
  27  452 524 0  52 1 3 1 2 4
  28  567 402 0  33 1 3 1 2 4
  29   92 427 0  33 1 3 1 2 4
  30  191 776 0  14 1 3 1 2 4
  31  798 420 0  87 1 3 1 2 4
  32   19 479 0  65 1 3 1 2 4
  33  341 146 0  94 1 3 1 2 4
  34  959 309 0  68 1 3 1 2 4
  35  630 720 0  73 1 3 1 2 4
  36  760 920 0  63 1 3 1 2 4
  37  120 182 0  52 1 3 1 2 4
  38  817 746 0  32 1 3 1 2 4
  39  421  98 0  93 1 3 1 2 4
  40  346 519 0  30 1 3 1 2 4
  41  880 463 0   5 1 3 1 2 4
  42   21  40 0   6 1 3 1 2 4
  43  397 531 0  11 1 3 1 2 4
  44   10 410 0  12 1 3 1 2 4
  45  130  86 0  39 1 3 1 2 4
  46  970 626 0  98 1 3 1 2 4
  47   54 608 0  68 1 3 1 2 4
  48  619 814 0  44 1 3 1 2 4
  49  717 221 0  30 1 3 1 2 4
  50  121 811 0  54 1 3 1 2 4
  51   47 438 0  50 1 3 1 2 4
  52  567 717 0  61 1 3 1 2 4
  53   80 314 0  58 1 3 1 2 4
  54   80 266 0  84 1 3 1 2 4
  55  573 110 0  65 1 3 1 2 4
  56  872 879 0  58 1 3 1 2 4
  57  650 424 0  78 1 3 1 2 4
  58  887 984 0  70 1 3 1 2 4
  59  781 370 0  40 1 3 1 2 4
  60  676 494 0  12 1 3 1 2 4
  61  708 718 0  12 1 3 1 2 4
  62  546 595 0  49 1 3 1 2 4
  63  832 441 0  10 1 3 1 2 4
  64  254  24 0  85 1 3 1 2 4
  65  874  44 0  44 1 3 1 2 4
  66  567  97 0  95 1 3 1 2 4
  67  914 817 0  77 1 3 1 2 4
  68  789 936 0  39 1 3 1 2 4
  69  980  91 0  93 1 3 1 2 4
  70  521 883 0  93 1 3 1 2 4
  71  163 445 0  33 1 3 1 2 4
  72  578 507 0  64 1 3 1 2 4
  73  392  30 0  95 1 3 1 2 4
  74   41 661 0  81 1 3 1 2 4
  75  330 573 0  95 1 3 1 2 4
  76  341  38 0  15 1 3 1 2 4
  77  568  85 0  92 1 3 1 2 4
  78  932 560 0 100 1 3 1 2 4
  79  781 923 0  27 1 3 1 2 4
  80  345 879 0  53 1 3 1 2 4
  81  880 283 0  19 1 3 1 2 4
  82  470 929 0  77 1 3 1 2 4
  83  880 322 0  77 1 3 1 2 4
  84  977 684 0  66 1 3 1 2 4
  85  961   1 0  81 1 3 1 2 4
  86  724 559 0  47 1 3 1 2 4
  87  556 474 0  39 1 3 1 2 4
  88  412 246 0  31 1 3 1 2 4
  89  315 503 0  20 1 3 1 2 4
  90  389 945 0  54 1 3 1 2 4
  91  185 891 0  62 1 3 1 2 4
  92  330 987 0  45 1 3 1 2 4
  93  991 527 0  75 1 3 1 2 4
  94  722 312 0  13 1 3 1 2 4
  95  704  62 0  44 1 3 1 2 4
  96  316 329 0  23 1 3 1 2 4
  97   54 977 0  99 1 3 1 2 4
  98  921 797 0  46 1 3 1 2 4
  99  581 699 0  50 1 3 1 2 4
 100  548 668 0  16 1 3 1 2 4
 101  157 813 0  25 1 3 1 2 4
 102  495 695 0  99 1 3 1 2 4
 103  851 429 0  60 1 3 1 2 4
 104  563 996 0  11 1 3 1 2 4
 105  497 179 0  22 1 3 1 2 4
 106  234 945 0  99 1 3 1 2 4
 107  422 691 0  33 1 3 1 2 4
 108  539 137 0  91 1 3 1 2 4
 109  750 564 0  55 1 3 1 2 4
 110  566 867 0   3 1 3 1 2 4
 111  419  13 0  22 1 3 1 2 4
 112  275 670 0   2 1 3 1 2 4
 113    7 945 0   1 1 3 1 2 4
 114  632 675 0  70 1 3 1 2 4
 115  625 508 0  45 1 3 1 2 4
 116  946 963 0  20 1 3 1 2 4
 117  445 246 0  81 1 3 1 2 4
 118  703 755 0  75 1 3 1 2 4
 119  806 158 0  81 1 3 1 2 4
 120  417 616 0   8 1 3 1 2 4
 121  667 626 0  48 1 3 1 2 4
 122  491   9 0  27 1 3 1 2 4
 123  359 801 0  73 1 3 1 2 4
 124  163 408 0  26 1 3 1 2 4
 125  842 640 0  87 1 3 1 2 4
 126  761 973 0  30 1 3 1 2 4
 127  916 818 0  73 1 3 1 2 4
 128  701 157 0  71 1 3 1 2 4
 129  870 836 0  86 1 3 1 2 4
 130  275 636 0  60 1 3 1 2 4
 131  440 648 0  32 1 3 1 2 4
 132  800 407 0  68 1 3 1 2 4
 133   91 868 0  59 1 3 1 2 4
 134  596 292 0  99 1 3 1 2 4
 135  144 542 0  97 1 3 1 2 4
 136  691 147 0  48 1 3 1 2 4
 137  610 841 0  88 1 3 1 2 4
 138  522 104 0  29 1 3 1 2 4
 139  739 269 0  77 1 3 1 2 4
 140   66 196 0  63 1 3 1 2 4
 141  134 941 0  45 1 3 1 2 4
 142  526  45 0   1 1 3 1 2 4
 143  160 136 0  57 1 3 1 2 4
 144  398 846 0  61 1 3 1 2 4
 145  218 714 0  39 1 3 1 2 4
 146  574 491 0  45 1 3 1 2 4
 147  390 804 0  67 1 3 1 2 4
 148  312 910 0   4 1 3 1 2 4
 149  457 619 0  29 1 3 1 2 4
 150  359  10 0  50 1 3 1 2 4
 151  375 820 0   3 1 3 1 2 4
 152  136 867 0  74 1 3 1 2 4
 153   42  72 0  44 1 3 1 2 4
 154  340 179 0  92 1 3 1 2 4
 155  693  72 0  42 1 3 1 2 4
 156  276 870 0  91 1 3 1 2 4
 157  970 769 0  63 1 3 1 2 4
 158  882  13 0  67 1 3 1 2 4
 159  176 740 0  32 1 3 1 2 4
 160  877 779 0  26 1 3 1 2 4
 161  634 288 0  29 1 3 1 2 4
 162  316 547 0  94 1 3 1 2 4
 163  118  68 0  12 1 3 1 2 4
 164  894  92 0  37 1 3 1 2 4
 165   73 796 0  40 1 3 1 2 4
 166  366 442 0  54 1 3 1 2 4
 167  784 771 0  77 1 3 1 2 4
 168  660 373 0  37 1 3 1 2 4
 169    7  67 0   7 1 3 1 2 4
 170  421 342 0  17 1 3 1 2 4
 171  936 385 0  59 1 3 1 2 4
 172  302 562 0  75 1 3 1 2 4
 173  721 656 0  94 1 3 1 2 4
 174  235 345 0  72 1 3 1 2 4
 175  866 169 0  82 1 3 1 2 4
 176  733 659 0  45 1 3 1 2 4
 177  896 181 0  35 1 3 1 2 4
 178   44 113 0  96 1 3 1 2 4
 179  332 210 0  11 1 3 1 2 4
 180  884 238 0  39 1 3 1 2 4
 181  225 724 0  32 1 3 1 2 4
 182  211 392 0  53 1 3 1 2 4
 183  454 796 0  25 1 3 1 2 4
 184  974  18 0  98 1 3 1 2 4
 185  699  44 0  21 1 3 1 2 4
 186  721 251 0  93 1 3 1 2 4
 187  276 840 0  89 1 3 1 2 4
 188  615 664 0  90 1 3 1 2 4
 189  374 645 0  59 1 3 1 2 4
 190  609 872 0  19 1 3 1 2 4
 191  419 464 0  91 1 3 1 2 4
 192  366 884 0  95 1 3 1 2 4
 193  863 533 0   9 1 3 1 2 4
 194  200 285 0  94 1 3 1 2 4
 195  290 826 0  14 1 3 1 2 4
 196  908 603 0   2 1 3 1 2 4
 197  206  70 0  31 1 3 1 2 4
 198  513 663 0  83 1 3 1 2 4
 199  844 496 0  24 1 3 1 2 4
 200  842 261 0   5 1 3 1 2 4
 201  396 129 0  70 1 3 1 2 4
 202  964  77 0  36 1 3 1 2 4
 203    3 335 0  80 1 3 1 2 4
 204  841 737 0  71 1 3 1 2 4
 205  139 739 0  37 1 3 1 2 4
 206  457 540 0  18 1 3 1 2 4
 207  617 202 0  39 1 3 1 2 4
 208  730 581 0  10 1 3 1 2 4
 209  320 894 0  53 1 3 1 2 4
 210  657 761 0  71 1 3 1 2 4
 211  375 131 0  33 1 3 1 2 4
 212  352 198 0  87 1 3 1 2 4
 213  331 571 0  57 1 3 1 2 4
 214  719 508 0  62 1 3 1 2 4
 215  526  15 0  41 1 3 1 2 4
 216  783 205 0  38 1 3 1 2 4
 217  650 356 0  33 1 3 1 2 4
 218  355 511 0  94 1 3 1 2 4
 219  521 420 0  88 1 3 1 2 4
 220  617 665 0  43 1 3 1 2 4
 221  309 105 0  93 1 3 1 2 4
 222  738 897 0  18 1 3 1 2 4
 223  457 964 0  26 1 3 1 2 4
 224  244 428 0   1 1 3 1 2 4
 225  275  27 0  84 1 3 1 2 4
 226  745  14 0  11 1 3 1 2 4
 227  117 401 0  90 1 3 1 2 4
 228  176 992 0  33 1 3 1 2 4
 229    0 547 0  52 1 3 1 2 4
 230  511 703 0  96 1 3 1 2 4
 231  942 573 0  68 1 3 1 2 4
 232  651  80 0  68 1 3 1 2 4
 233  884 517 0  30 1 3 1 2 4
 234  711 743 0  84 1 3 1 2 4
 235  903 110 0  75 1 3 1 2 4
 236  195 360 0  77 1 3 1 2 4
 237   60 189 0  51 1 3 1 2 4
 238  939 249 0  20 1 3 1 2 4
 239   41 518 0  34 1 3 1 2 4
 240   83 923 0  26 1 3 1 2 4
 241  946  72 0  29 1 3 1 2 4
 242  807 385 0  10 1 3 1 2 4
 243  703 345 0  61 1 3 1 2 4
 244  154 196 0  65 1 3 1 2 4
 245  943 113 0  47 1 3 1 2 4
 246  788 730 0  65 1 3 1 2 4
 247  169 831 0   4 1 3 1 2 4
 248  813 822 0  32 1 3 1 2 4
 249  975 864 0  16 1 3 1 2 4
 250  372 517 0  60 1 3 1 2 4
 251  575 798 0  82 1 3 1 2 4
 252  123 306 0  61 1 3 1 2 4
 253  765 425 0  14 1 3 1 2 4
 254  930 367 0  64 1 3 1 2 4
 255  627 371 0  89 1 3 1 2 4
 256  722 774 0  95 1 3 1 2 4
 257  639 333 0  61 1 3 1 2 4
 258  728 688 0  32 1 3 1 2 4
 259    5 156 0  17 1 3 1 2 4
 260  122 434 0  85 1 3 1 2 4
 261  817 645 0   5 1 3 1 2 4
 262  736 476 0  31 1 3 1 2 4
 263  439 597 0  66 1 3 1 2 4
 264 1000 852 0  55 1 3 1 2 4
 265  189 626 0  76 1 3 1 2 4
 266  807 151 0  66 1 3 1 2 4
 267  150  38 0   4 1 3 1 2 4
 268  150 509 0   3 1 3 1 2 4
 269  624 303 0  29 1 3 1 2 4
 270   53 154 0  35 1 3 1 2 4
 271  224 280 0  50 1 3 1 2 4
 272   36  62 0   1 1 3 1 2 4
 273  787 143 0  60 1 3 1 2 4
 274  710 668 0  53 1 3 1 2 4
 275  579 203 0  11 1 3 1 2 4
 276   71 461 0  28 1 3 1 2 4
 277  896 207 0   2 1 3 1 2 4
 278  502 538 0  87 1 3 1 2 4
 279  385 774 0  59 1 3 1 2 4
 280  699  58 0  81 1 3 1 2 4
 281  434 735 0  10 1 3 1 2 4
 282  151 145 0  73 1 3 1 2 4
 283  608 391 0  15 1 3 1 2 4
 284  490 860 0  42 1 3 1 2 4
 285  970 814 0  61 1 3 1 2 4
 286  896 102 0  24 1 3 1 2 4
 287  253  89 0  83 1 3 1 2 4
 288  147 880 0  32 1 3 1 2 4
 289  836 232 0  86 1 3 1 2 4
 290    4 328 0  55 1 3 1 2 4
 291  568 457 0  62 1 3 1 2 4
 292  100 758 0  32 1 3 1 2 4
 293  923 403 0  76 1 3 1 2 4
 294  115 663 0  69 1 3 1 2 4
 295  361 991 0  52 1 3 1 2 4
 296  264 644 0  92 1 3 1 2 4
 297  473 228 0  88 1 3 1 2 4
 298    7 841 0  64 1 3 1 2 4
 299  961 599 0  22 1 3 1 2 4
 300  289 132 0  12 1 3 1 2 4
 301  852  16 0  36 1 3 1 2 4
 302  524  17 0  66 1 3 1 2 4
 303   10 716 0   9 1 3 1 2 4
 304  835 208 0  71 1 3 1 2 4
 305  863 858 0  95 1 3 1 2 4
 306  661 658 0  19 1 3 1 2 4
 307  754 183 0  21 1 3 1 2 4
 308  324 838 0  95 1 3 1 2 4
 309  346 752 0  10 1 3 1 2 4
 310  569 245 0  92 1 3 1 2 4
 311   60 441 0  31 1 3 1 2 4
 312   41 587 0 100 1 3 1 2 4
 313  368 821 0  39 1 3 1 2 4
 314  801 477 0  56 1 3 1 2 4
 315  993  48 0  38 1 3 1 2 4
 316  659 165 0  87 1 3 1 2 4
 317  434 908 0  95 1 3 1 2 4
 318  444 280 0  95 1 3 1 2 4
 319  825 892 0   7 1 3 1 2 4
 320  474 858 0  31 1 3 1 2 4
 321  110  90 0  79 1 3 1 2 4
 322  281 737 0  52 1 3 1 2 4
 323  954 416 0  78 1 3 1 2 4
 324  577 895 0  66 1 3 1 2 4
 325  510 667 0  97 1 3 1 2 4
 326  220 368 0  23 1 3 1 2 4
 327  474 450 0  14 1 3 1 2 4
 328  394 229 0  78 1 3 1 2 4
 329  214 651 0  55 1 3 1 2 4
 330   74 121 0  24 1 3 1 2 4
 331  743 872 0  84 1 3 1 2 4
 332  737 283 0  99 1 3 1 2 4
 333  482 262 0  19 1 3 1 2 4
 334  961 456 0  26 1 3 1 2 4
 335  825 566 0  95 1 3 1 2 4
 336  682 179 0  43 1 3 1 2 4
 337  636 120 0  52 1 3 1 2 4
 338  207 678 0  59 1 3 1 2 4
 339  100 889 0  33 1 3 1 2 4
 340  497 256 0  57 1 3 1 2 4
 341  510 496 0  83 1 3 1 2 4
 342  325 821 0  66 1 3 1 2 4
 343  478 714 0  32 1 3 1 2 4
 344  256 735 0  81 1 3 1 2 4
 345  781 952 0  76 1 3 1 2 4
 346  581 140 0  17 1 3 1 2 4
 347  100 477 0   9 1 3 1 2 4
 348  412  79 0  88 1 3 1 2 4
 349  592 174 0  12 1 3 1 2 4
 350  632 528 0  33 1 3 1 2 4
 351  647 765 0  40 1 3 1 2 4
 352  270 755 0  86 1 3 1 2 4
 353  361 219 0  14 1 3 1 2 4
 354   17 947 0  31 1 3 1 2 4
 355  771   2 0   3 1 3 1 2 4
 356  452 169 0  87 1 3 1 2 4
 357  109 781 0  81 1 3 1 2 4
 358  112  59 0   3 1 3 1 2 4
 359  442 334 0  12 1 3 1 2 4
 360  700 425 0  93 1 3 1 2 4
 361  747 954 0  31 1 3 1 2 4
 362  789 490 0  64 1 3 1 2 4
 363  129 300 0  18 1 3 1 2 4
 364   46  88 0  67 1 3 1 2 4
 365  493 895 0  60 1 3 1 2 4
 366  327 675 0  72 1 3 1 2 4
 367  152 896 0  88 1 3 1 2 4
 368  750 647 0  88 1 3 1 2 4
 369  472 973 0  16 1 3 1 2 4
 370  410 176 0  14 1 3 1 2 4
 371  591 970 0  28 1 3 1 2 4
 372  399 191 0  31 1 3 1 2 4
 373    6 877 0  80 1 3 1 2 4
 374  237  87 0  17 1 3 1 2 4
 375  112 849 0  48 1 3 1 2 4
 376   29 347 0   2 1 3 1 2 4
 377  114 736 0  21 1 3 1 2 4
 378  963 410 0  30 1 3 1 2 4
 379  242 981 0  44 1 3 1 2 4
 380  515 393 0  41 1 3 1 2 4
 381  510 928 0  24 1 3 1 2 4
 382   53 848 0  16 1 3 1 2 4
 383  727 519 0  13 1 3 1 2 4
 384   66 463 0  14 1 3 1 2 4
 385  248 806 0  74 1 3 1 2 4
 386  620 439 0  89 1 3 1 2 4
 387  867 756 0  14 1 3 1 2 4
 388  905 670 0  34 1 3 1 2 4
 389   13 650 0  98 1 3 1 2 4
 390  699 151 0  80 1 3 1 2 4
 391  708 975 0   4 1 3 1 2 4
 392  767 958 0  43 1 3 1 2 4
 393    8 765 0  42 1 3 1 2 4
 394   29 448 0  36 1 3 1 2 4
 395  329 808 0  64 1 3 1 2 4
 396  355 761 0  24 1 3 1 2 4
 397   37 656 0  19 1 3 1 2 4
 398  909 904 0  50 1 3 1 2 4
 399  215 645 0  11 1 3 1 2 4
 400  726 582 0  55 1 3 1 2 4
 401  457 988 0  85 1 3 1 2 4
 402   81 192 0  85 1 3 1 2 4
 403  867 371 0  86 1 3 1 2 4
 404  367 670 0  38 1 3 1 2 4
 405  848 597 0  76 1 3 1 2 4
 406   72  56 0  82 1 3 1 2 4
 407  960 812 0  45 1 3 1 2 4
 408  376 641 0  83 1 3 1 2 4
 409  627 608 0  28 1 3 1 2 4
 410  571 360 0  79 1 3 1 2 4
 411  425 478 0  96 1 3 1 2 4
 412  101 416 0  77 1 3 1 2 4
 413  990 973 0  26 1 3 1 2 4
 414  979  33 0  29 1 3 1 2 4
 415  172 179 0  42 1 3 1 2 4
 416   98 764 0  99 1 3 1 2 4
 417  939 875 0  15 1 3 1 2 4
 418  169 647 0  40 1 3 1 2 4
 419  132 738 0  74 1 3 1 2 4
 420  515 758 0  41 1 3 1 2 4
 421  683 210 0  74 1 3 1 2 4
 422  349 740 0  64 1 3 1 2 4
 423  871 115 0  63 1 3 1 2 4
 424   85 704 0  85 1 3 1 2 4
 425  186 801 0   7 1 3 1 2 4
 426  890  58 0  87 1 3 1 2 4
 427   31 417 0  74 1 3 1 2 4
 428  854 792 0  60 1 3 1 2 4
 429  273 378 0  94 1 3 1 2 4
 430    4 140 0  20 1 3 1 2 4
 431    7 336 0   1 1 3 1 2 4
 432  492 355 0   1 1 3 1 2 4
 433  249 794 0  50 1 3 1 2 4
 434  448 478 0  23 1 3 1 2 4
 435  742 338 0  77 1 3 1 2 4
 436  823 715 0  20 1 3 1 2 4
 437  316 906 0  31 1 3 1 2 4
 438  168 701 0  64 1 3 1 2 4
 439  664  94 0  82 1 3 1 2 4
 440  837 321 0   9 1 3 1 2 4
 441  731 474 0  71 1 3 1 2 4
 442  271 751 0  60 1 3 1 2 4
 443   24 146 0  31 1 3 1 2 4
 444   83 214 0  13 1 3 1 2 4
 445  450 368 0  74 1 3 1 2 4
 446  140 961 0  19 1 3 1 2 4
 447  490 551 0  63 1 3 1 2 4
 448  351 574 0  55 1 3 1 2 4
 449  109 280 0  25 1 3 1 2 4
 450  477 779 0  33 1 3 1 2 4
 451  127 509 0  22 1 3 1 2 4
 452  741 865 0  99 1 3 1 2 4
 453  794 670 0  30 1 3 1 2 4
 454  367 288 0   3 1 3 1 2 4
 455  470 279 0   6 1 3 1 2 4
 456  734 865 0  75 1 3 1 2 4
 457  996 889 0  19 1 3 1 2 4
 458  463 704 0  43 1 3 1 2 4
 459  225  76 0  25 1 3 1 2 4
 460  859 791 0  36 1 3 1 2 4
 461  895 655 0  36 1 3 1 2 4
 462   23 600 0  23 1 3 1 2 4
 463  308 599 0  57 1 3 1 2 4
 464  481 800 0  24 1 3 1 2 4
 465  825 760 0  86 1 3 1 2 4
 466  290 668 0  60 1 3 1 2 4
 467  654 548 0   4 1 3 1 2 4
 468  723  43 0  70 1 3 1 2 4
 469  677 510 0  51 1 3 1 2 4
 470  297 377 0  33 1 3 1 2 4
 471  608  60 0  58 1 3 1 2 4
 472  884 414 0  39 1 3 1 2 4
 473  666 214 0  88 1 3 1 2 4
 474  240 926 0  51 1 3 1 2 4
 475  183 690 0  24 1 3 1 2 4
 476  110 577 0  61 1 3 1 2 4
 477  782 948 0  88 1 3 1 2 4
 478  279 880 0   2 1 3 1 2 4
 479  144 822 0  75 1 3 1 2 4
 480   75 897 0  50 1 3 1 2 4
 481  405 889 0  63 1 3 1 2 4
 482  157 407 0   4 1 3 1 2 4
 483  196 125 0  80 1 3 1 2 4
 484  800  21 0  32 1 3 1 2 4
 485  281 347 0  73 1 3 1 2 4
 486  832 674 0  94 1 3 1 2 4
 487  205 729 0  46 1 3 1 2 4
 488   67 123 0  87 1 3 1 2 4
 489  568 990 0  56 1 3 1 2 4
 490  413  56 0  68 1 3 1 2 4
 491   30 453 0  14 1 3 1 2 4
 492  567  36 0  24 1 3 1 2 4
 493   94 831 0  87 1 3 1 2 4
 494   57 596 0  23 1 3 1 2 4
 495  260 417 0  23 1 3 1 2 4
 496  529 264 0  24 1 3 1 2 4
 497  422 747 0  30 1 3 1 2 4
 498  915  78 0   7 1 3 1 2 4
 499  422 890 0  80 1 3 1 2 4
 500  501 882 0  31 1 3 1 2 4
 501   31 275 0   4 1 3 1 2 4
 502  848 996 0  16 1 3 1 2 4
 503  331 981 0  82 1 3 1 2 4
 504  901 625 0  81 1 3 1 2 4
 505  904 931 0  41 1 3 1 2 4
 506   80 918 0  40 1 3 1 2 4
 507  976 494 0  27 1 3 1 2 4
 508  429 979 0  19 1 3 1 2 4
 509  245 347 0  65 1 3 1 2 4
 510  908 912 0  81 1 3 1 2 4
 511  558 657 0  31 1 3 1 2 4
 512  385 764 0  73 1 3 1 2 4
 513  459 820 0  32 1 3 1 2 4
 514  558 529 0  41 1 3 1 2 4
 515  742 473 0  69 1 3 1 2 4
 516  418   0 0  80 1 3 1 2 4
 517  452 721 0  29 1 3 1 2 4
 518  631 729 0  49 1 3 1 2 4
 519  181 821 0  57 1 3 1 2 4
 520  357 932 0  64 1 3 1 2 4
 521  593 461 0  21 1 3 1 2 4
 522   48 139 0  38 1 3 1 2 4
 523  232 776 0  13 1 3 1 2 4
 524  811 110 0  11 1 3 1 2 4
 525   96 967 0  28 1 3 1 2 4
 526  406 951 0  42 1 3 1 2 4
 527  678 305 0  24 1 3 1 2 4
 528  542 510 0  53 1 3 1 2 4
 529  597 519 0  23 1 3 1 2 4
 530  399 412 0  91 1 3 1 2 4
 531  962  57 0   9 1 3 1 2 4
 532  500 982 0  16 1 3 1 2 4
 533  846 586 0  79 1 3 1 2 4
 534  542 491 0  40 1 3 1 2 4
 535   26 564 0  15 1 3 1 2 4
 536   18 444 0  35 1 3 1 2 4
 537  285 278 0  34 1 3 1 2 4
 538  779 616 0  39 1 3 1 2 4
 539  467 237 0  63 1 3 1 2 4
 540  730 895 0  98 1 3 1 2 4
 541  305 453 0  50 1 3 1 2 4
 542  540 402 0  77 1 3 1 2 4
 543  524 274 0  66 1 3 1 2 4
 544  882 826 0  12 1 3 1 2 4
 545  217  49 0  35 1 3 1 2 4
 546  484 283 0  65 1 3 1 2 4
 547  120 670 0  61 1 3 1 2 4
 548  269  88 0  30 1 3 1 2 4
 549  784 819 0  48 1 3 1 2 4
 550  700 194 0  13 1 3 1 2 4
 551  199 434 0  95 1 3 1 2 4
 552  748  15 0  82 1 3 1 2 4
 553  953  52 0  88 1 3 1 2 4
 554  769 814 0  97 1 3 1 2 4
 555  921 603 0  70 1 3 1 2 4
 556  713 379 0  90 1 3 1 2 4
 557  912 423 0  35 1 3 1 2 4
 558   22 907 0  34 1 3 1 2 4
 559  999 974 0  69 1 3 1 2 4
 560  582 687 0  88 1 3 1 2 4
 561  833 685 0  28 1 3 1 2 4
 562  968  42 0  50 1 3 1 2 4
 563  222  93 0  33 1 3 1 2 4
 564  550 307 0  29 1 3 1 2 4
 565  106 482 0   2 1 3 1 2 4
 566  354 175 0  43 1 3 1 2 4
 567  233 961 0  44 1 3 1 2 4
 568  947 415 0  29 1 3 1 2 4
 569  375 437 0  49 1 3 1 2 4
 570  248 234 0   2 1 3 1 2 4
 571  399 473 0  52 1 3 1 2 4
 572  674 420 0  52 1 3 1 2 4
 573  204 464 0  27 1 3 1 2 4
 574  587 569 0  34 1 3 1 2 4
 575  492 921 0   4 1 3 1 2 4
 576  404 692 0  68 1 3 1 2 4
 577  873 215 0  85 1 3 1 2 4
 578  626 758 0  35 1 3 1 2 4
 579  218 338 0  87 1 3 1 2 4
 580  918 473 0  55 1 3 1 2 4
 581  725 598 0  17 1 3 1 2 4
 582  789 586 0  21 1 3 1 2 4
 583  363 746 0  68 1 3 1 2 4
 584  787 667 0  38 1 3 1 2 4
 585  598 565 0  80 1 3 1 2 4
 586  136  99 0  90 1 3 1 2 4
 587  442 646 0  36 1 3 1 2 4
 588  129 932 0  82 1 3 1 2 4
 589  779 347 0   9 1 3 1 2 4
 590  928 674 0  25 1 3 1 2 4
 591  437 100 0  75 1 3 1 2 4
 592  314 455 0  70 1 3 1 2 4
 593  577   8 0  22 1 3 1 2 4
 594  924 932 0  44 1 3 1 2 4
 595   96 990 0  45 1 3 1 2 4
 596  819 363 0  98 1 3 1 2 4
 597  773 393 0  11 1 3 1 2 4
 598  989 775 0   2 1 3 1 2 4
 599  965 104 0  47 1 3 1 2 4
 600  620 388 0   2 1 3 1 2 4
 601  610 265 0  81 1 3 1 2 4
 602  658 764 0  72 1 3 1 2 4
 603  856 897 0  35 1 3 1 2 4
 604   73 818 0  23 1 3 1 2 4
 605  514 230 0  86 1 3 1 2 4
 606  957 628 0  59 1 3 1 2 4
 607  486 692 0  91 1 3 1 2 4
 608  963 239 0  77 1 3 1 2 4
 609   56 456 0  95 1 3 1 2 4
 610  378 938 0  31 1 3 1 2 4
 611  271 316 0  12 1 3 1 2 4
 612  990 687 0   9 1 3 1 2 4
 613  482 490 0  11 1 3 1 2 4
 614   72 163 0  90 1 3 1 2 4
 615  373 512 0   9 1 3 1 2 4
 616  861 701 0  38 1 3 1 2 4
 617  278 250 0  73 1 3 1 2 4
 618  208 244 0  71 1 3 1 2 4
 619   60 366 0  72 1 3 1 2 4
 620   29 219 0  62 1 3 1 2 4
 621  759 866 0  15 1 3 1 2 4
 622  950 705 0  37 1 3 1 2 4
 623  361 294 0  63 1 3 1 2 4
 624  478 940 0  39 1 3 1 2 4
 625  970   5 0  64 1 3 1 2 4
 626  964 638 0  52 1 3 1 2 4
 627  461 134 0  64 1 3 1 2 4
 628  737 874 0  69 1 3 1 2 4
 629  724 982 0  96 1 3 1 2 4
 630  247 743 0  54 1 3 1 2 4
 631  106 210 0  21 1 3 1 2 4
 632  953 769 0  79 1 3 1 2 4
 633  273   7 0  78 1 3 1 2 4
 634  613 442 0  81 1 3 1 2 4
 635  411 943 0  89 1 3 1 2 4
 636  650 630 0  40 1 3 1 2 4
 637  250 262 0  40 1 3 1 2 4
 638  563 722 0  93 1 3 1 2 4
 639  647 580 0  97 1 3 1 2 4
 640  177 456 0  84 1 3 1 2 4
 641  748 866 0  29 1 3 1 2 4
 642  464 114 0  17 1 3 1 2 4
 643  373 889 0  84 1 3 1 2 4
 644  761 799 0  34 1 3 1 2 4
 645  789 172 0  46 1 3 1 2 4
 646  810  20 0  91 1 3 1 2 4
 647  161 944 0  41 1 3 1 2 4
 648  236 704 0  35 1 3 1 2 4
 649  578 641 0  12 1 3 1 2 4
 650  298 144 0  22 1 3 1 2 4
 651  751 798 0  58 1 3 1 2 4
 652  183 354 0  56 1 3 1 2 4
 653  108 230 0  84 1 3 1 2 4
 654  825 434 0  78 1 3 1 2 4
 655  225 959 0  84 1 3 1 2 4
 656  441 968 0 100 1 3 1 2 4
 657  469  28 0  64 1 3 1 2 4
 658  341 106 0  68 1 3 1 2 4
 659  785 719 0  66 1 3 1 2 4
 660  318 193 0  41 1 3 1 2 4
 661  211 197 0  72 1 3 1 2 4
 662  669  66 0  34 1 3 1 2 4
 663  431 892 0  44 1 3 1 2 4
 664  878 819 0  11 1 3 1 2 4
 665  816 226 0  77 1 3 1 2 4
 666   24 111 0  74 1 3 1 2 4
 667  727  55 0  25 1 3 1 2 4
 668  604 497 0  62 1 3 1 2 4
 669   44 668 0  41 1 3 1 2 4
 670  286 315 0  67 1 3 1 2 4
 671  243 431 0  37 1 3 1 2 4
 672  469  76 0  23 1 3 1 2 4
 673  227 627 0  30 1 3 1 2 4
 674  938 256 0  49 1 3 1 2 4
 675  649 684 0  62 1 3 1 2 4
 676   75 536 0  58 1 3 1 2 4
 677  193 878 0  25 1 3 1 2 4
 678  645 651 0  73 1 3 1 2 4
 679  949 790 0  21 1 3 1 2 4
 680  693 328 0  21 1 3 1 2 4
 681  864 867 0  18 1 3 1 2 4
 682  716 924 0  66 1 3 1 2 4
 683   75 979 0  19 1 3 1 2 4
 684  870 421 0  63 1 3 1 2 4
 685  272 636 0  84 1 3 1 2 4
 686  571 923 0  55 1 3 1 2 4
 687  634 793 0  92 1 3 1 2 4
 688  613 644 0  61 1 3 1 2 4
 689  796 511 0  86 1 3 1 2 4
 690   13 665 0  11 1 3 1 2 4
 691   37  35 0  83 1 3 1 2 4
 692  236 482 0  71 1 3 1 2 4
 693  553  43 0  77 1 3 1 2 4
 694  865 862 0  34 1 3 1 2 4
 695  784 691 0  92 1 3 1 2 4
 696  909 363 0  60 1 3 1 2 4
 697  574  12 0  69 1 3 1 2 4
 698  478 587 0  35 1 3 1 2 4
 699  433 539 0  25 1 3 1 2 4
 700  115 860 0  28 1 3 1 2 4
 701  990 409 0   3 1 3 1 2 4
 702  938 525 0  25 1 3 1 2 4
 703  882 570 0  39 1 3 1 2 4
 704  257 882 0  38 1 3 1 2 4
 705  406 809 0  40 1 3 1 2 4
 706  868 353 0  45 1 3 1 2 4
 707  276 288 0  89 1 3 1 2 4
 708  880 280 0  41 1 3 1 2 4
 709  704 844 0  63 1 3 1 2 4
 710  934 356 0  14 1 3 1 2 4
 711  324 298 0  42 1 3 1 2 4
 712  513 884 0  90 1 3 1 2 4
 713  281 687 0  56 1 3 1 2 4
 714  299 327 0  97 1 3 1 2 4
 715  428 794 0  10 1 3 1 2 4
 716  679 260 0  94 1 3 1 2 4
 717  949  25 0  98 1 3 1 2 4
 718  849 875 0  41 1 3 1 2 4
 719  318 755 0   3 1 3 1 2 4
 720   38  34 0  60 1 3 1 2 4
 721  115 263 0  74 1 3 1 2 4
 722  900 363 0  82 1 3 1 2 4
 723  789 548 0   8 1 3 1 2 4
 724  313 262 0  33 1 3 1 2 4
 725  915  29 0  27 1 3 1 2 4
 726  642 503 0  88 1 3 1 2 4
 727  175 151 0  72 1 3 1 2 4
 728  597 205 0  18 1 3 1 2 4
 729  443 495 0  50 1 3 1 2 4
 730  808 560 0  22 1 3 1 2 4
 731  903  12 0  91 1 3 1 2 4
 732  746 415 0  16 1 3 1 2 4
 733  281 294 0  77 1 3 1 2 4
 734  589 596 0  21 1 3 1 2 4
 735   46 533 0  79 1 3 1 2 4
 736  218 178 0  76 1 3 1 2 4
 737  546 232 0  75 1 3 1 2 4
 738  789 733 0  35 1 3 1 2 4
 739  226 661 0  74 1 3 1 2 4
 740  508 874 0  40 1 3 1 2 4
 741  722 649 0  57 1 3 1 2 4
 742  494 669 0  50 1 3 1 2 4
 743  829 812 0   3 1 3 1 2 4
 744  458   0 0  59 1 3 1 2 4
 745  984 927 0  85 1 3 1 2 4
 746  197 287 0  41 1 3 1 2 4
 747  970 937 0  60 1 3 1 2 4
 748   83 304 0  77 1 3 1 2 4
 749  542 740 0  65 1 3 1 2 4
 750  329 888 0  29 1 3 1 2 4
 751  958 159 0  95 1 3 1 2 4
 752  555 165 0  98 1 3 1 2 4
 753  584 154 0  46 1 3 1 2 4
 754  819 880 0  14 1 3 1 2 4
 755  692 460 0  46 1 3 1 2 4
 756  614 419 0  86 1 3 1 2 4
 757  730 325 0  30 1 3 1 2 4
 758  720 899 0  95 1 3 1 2 4
 759  914 809 0  74 1 3 1 2 4
 760  340 654 0   9 1 3 1 2 4
 761  977 747 0 100 1 3 1 2 4
 762  842 920 0  38 1 3 1 2 4
 763  893 643 0   7 1 3 1 2 4
 764   88 805 0  29 1 3 1 2 4
 765  598 985 0  12 1 3 1 2 4
 766  641 668 0  50 1 3 1 2 4
 767   22 601 0  11 1 3 1 2 4
 768   18 640 0  87 1 3 1 2 4
 769  194 622 0  70 1 3 1 2 4
 770  691 577 0  25 1 3 1 2 4
 771  937 873 0  30 1 3 1 2 4
 772  687 589 0  99 1 3 1 2 4
 773  403 973 0  23 1 3 1 2 4
 774  472 892 0  93 1 3 1 2 4
 775  700  11 0  48 1 3 1 2 4
 776  787 351 0  57 1 3 1 2 4
 777  790 184 0  30 1 3 1 2 4
 778  343 840 0  58 1 3 1 2 4
 779  283 235 0   6 1 3 1 2 4
 780  139 110 0   9 1 3 1 2 4
 781   22 973 0  74 1 3 1 2 4
 782  754 342 0  91 1 3 1 2 4
 783  630 294 0  62 1 3 1 2 4
 784  246 783 0  63 1 3 1 2 4
 785  627 818 0  19 1 3 1 2 4
 786  445  27 0  24 1 3 1 2 4
 787  428 676 0  66 1 3 1 2 4
 788  373 334 0  86 1 3 1 2 4
 789   71 413 0  11 1 3 1 2 4
 790  793 899 0  23 1 3 1 2 4
 791  277 948 0  44 1 3 1 2 4
 792  789 160 0  94 1 3 1 2 4
 793  773 555 0  77 1 3 1 2 4
 794  733  70 0  45 1 3 1 2 4
 795  900 131 0  26 1 3 1 2 4
 796  927 142 0  12 1 3 1 2 4
 797  945  46 0  14 1 3 1 2 4
 798   86 871 0  92 1 3 1 2 4
 799  118 939 0  39 1 3 1 2 4
 800  944 303 0  50 1 3 1 2 4
 801  912 342 0  19 1 3 1 2 4
 802  547 334 0  33 1 3 1 2 4
 803  359 410 0  60 1 3 1 2 4
 804  345 797 0  48 1 3 1 2 4
 805  426 873 0  32 1 3 1 2 4
 806  871 732 0  64 1 3 1 2 4
 807  399 588 0  91 1 3 1 2 4
 808   60 664 0  23 1 3 1 2 4
 809  570 259 0  76 1 3 1 2 4
 810   24 335 0   5 1 3 1 2 4
 811  194 202 0  56 1 3 1 2 4
 812  700 336 0  65 1 3 1 2 4
 813  286   6 0  15 1 3 1 2 4
 814  141 374 0  20 1 3 1 2 4
 815  895 154 0  90 1 3 1 2 4
 816  111  59 0  29 1 3 1 2 4
 817  925 471 0  62 1 3 1 2 4
 818  214 573 0  98 1 3 1 2 4
 819  376 727 0  44 1 3 1 2 4
 820  568 799 0  57 1 3 1 2 4
 821  517 337 0  88 1 3 1 2 4
 822  815 306 0  43 1 3 1 2 4
 823  375 101 0   3 1 3 1 2 4
 824  347 917 0  35 1 3 1 2 4
 825  925 281 0  26 1 3 1 2 4
 826  310 123 0  56 1 3 1 2 4
 827    3 499 0  50 1 3 1 2 4
 828  143 356 0  38 1 3 1 2 4
 829  263 602 0  72 1 3 1 2 4
 830  476 402 0 100 1 3 1 2 4
 831  675 458 0  83 1 3 1 2 4
 832  767 924 0  24 1 3 1 2 4
 833  596 640 0   8 1 3 1 2 4
 834  789 505 0  58 1 3 1 2 4
 835  210  61 0  26 1 3 1 2 4
 836  652  35 0  90 1 3 1 2 4
 837  592 476 0  38 1 3 1 2 4
 838  742 929 0  35 1 3 1 2 4
 839  753 776 0  18 1 3 1 2 4
 840  759 982 0   2 1 3 1 2 4
 841  217 255 0  64 1 3 1 2 4
 842  558 187 0  17 1 3 1 2 4
 843  414 126 0  52 1 3 1 2 4
 844  367 280 0  75 1 3 1 2 4
 845  232 299 0  94 1 3 1 2 4
 846   66 505 0  90 1 3 1 2 4
 847  325 864 0 100 1 3 1 2 4
 848   88 581 0  55 1 3 1 2 4
 849  120 906 0  12 1 3 1 2 4
 850  216 932 0   8 1 3 1 2 4
 851  187 660 0  96 1 3 1 2 4
 852  782 205 0  57 1 3 1 2 4
 853   25 438 0  27 1 3 1 2 4
 854  766 196 0  55 1 3 1 2 4
 855  795 243 0  80 1 3 1 2 4
 856  448 861 0  28 1 3 1 2 4
 857  189 722 0  67 1 3 1 2 4
 858  599 111 0  88 1 3 1 2 4
 859  811 213 0  67 1 3 1 2 4
 860  858 455 0  19 1 3 1 2 4
 861  895 439 0  97 1 3 1 2 4
 862  394 292 0  26 1 3 1 2 4
 863  268 214 0   3 1 3 1 2 4
 864  747 194 0  24 1 3 1 2 4
 865  497 937 0  22 1 3 1 2 4
 866  986 438 0  73 1 3 1 2 4
 867  471 742 0  87 1 3 1 2 4
 868  869 898 0  72 1 3 1 2 4
 869  771 624 0  96 1 3 1 2 4
 870  282  74 0  50 1 3 1 2 4
 871  113 943 0  90 1 3 1 2 4
 872  913  89 0  51 1 3 1 2 4
 873  126 813 0  91 1 3 1 2 4
 874  176 783 0  27 1 3 1 2 4
 875  311 450 0  39 1 3 1 2 4
 876  802 496 0  63 1 3 1 2 4
 877  491 143 0  78 1 3 1 2 4
 878  770 135 0  94 1 3 1 2 4
 879  262 871 0  88 1 3 1 2 4
 880   97 647 0  89 1 3 1 2 4
 881    6 856 0  98 1 3 1 2 4
 882  308  86 0  84 1 3 1 2 4
 883  359 687 0  28 1 3 1 2 4
 884  161 290 0  52 1 3 1 2 4
 885  394 509 0   1 1 3 1 2 4
 886  358 128 0   4 1 3 1 2 4
 887  685 112 0  45 1 3 1 2 4
 888   69 178 0  23 1 3 1 2 4
 889  932 791 0  93 1 3 1 2 4
 890  796 642 0  54 1 3 1 2 4
 891  319 824 0  83 1 3 1 2 4
 892  220 401 0  28 1 3 1 2 4
 893  242 390 0  16 1 3 1 2 4
 894  873 197 0  88 1 3 1 2 4
 895  978 905 0  82 1 3 1 2 4
 896  885 394 0  98 1 3 1 2 4
 897  253 494 0  29 1 3 1 2 4
 898  794 797 0  74 1 3 1 2 4
 899  670 290 0  80 1 3 1 2 4
 900  827 942 0  29 1 3 1 2 4
 901  947 792 0  71 1 3 1 2 4
 902  922 945 0  70 1 3 1 2 4
 903  427 467 0  76 1 3 1 2 4
 904  482 829 0  32 1 3 1 2 4
 905  823 970 0  41 1 3 1 2 4
 906  628 987 0  82 1 3 1 2 4
 907  567 762 0  82 1 3 1 2 4
 908  573 167 0   7 1 3 1 2 4
 909  343  86 0  91 1 3 1 2 4
 910  730 800 0  72 1 3 1 2 4
 911  971 348 0  90 1 3 1 2 4
 912  747 112 0  68 1 3 1 2 4
 913  885 738 0  57 1 3 1 2 4
 914  770 284 0  51 1 3 1 2 4
 915  695 546 0  44 1 3 1 2 4
 916  389 119 0  37 1 3 1 2 4
 917  985 565 0  77 1 3 1 2 4
 918  399 964 0  98 1 3 1 2 4
 919   93 857 0  63 1 3 1 2 4
 920  746 604 0  66 1 3 1 2 4
 921  418  75 0  21 1 3 1 2 4
 922  604 964 0  74 1 3 1 2 4
 923  458 680 0  40 1 3 1 2 4
 924  647 383 0  47 1 3 1 2 4
 925  712 516 0  51 1 3 1 2 4
 926  160 225 0   9 1 3 1 2 4
 927  938 478 0  31 1 3 1 2 4
 928  765 249 0  53 1 3 1 2 4
 929  330 935 0  33 1 3 1 2 4
 930   65 267 0  91 1 3 1 2 4
 931  829  17 0   6 1 3 1 2 4
 932  906 749 0  29 1 3 1 2 4
 933  611 829 0  70 1 3 1 2 4
 934  386 970 0   7 1 3 1 2 4
 935  966 400 0  50 1 3 1 2 4
 936  614 920 0   9 1 3 1 2 4
 937  636 443 0  89 1 3 1 2 4
 938  242 663 0  78 1 3 1 2 4
 939  284 734 0  90 1 3 1 2 4
 940  897 497 0  92 1 3 1 2 4
 941    6 644 0  40 1 3 1 2 4
 942  419 484 0  97 1 3 1 2 4
 943  398 664 0  51 1 3 1 2 4
 944  869  33 0  91 1 3 1 2 4
 945  877 422 0  21 1 3 1 2 4
 946  471 286 0  24 1 3 1 2 4
 947  923 162 0  18 1 3 1 2 4
 948  169 259 0  83 1 3 1 2 4
 949  768 637 0  37 1 3 1 2 4
 950  537 127 0  86 1 3 1 2 4
 951  406 182 0  80 1 3 1 2 4
 952  952  58 0  46 1 3 1 2 4
 953  688 904 0  86 1 3 1 2 4
 954  527 509 0   8 1 3 1 2 4
 955  562 895 0  37 1 3 1 2 4
 956  537 578 0  37 1 3 1 2 4
 957  734 382 0  76 1 3 1 2 4
 958  698 390 0  74 1 3 1 2 4
 959  636 918 0  66 1 3 1 2 4
 960  457 755 0  50 1 3 1 2 4
 961  225 864 0  64 1 3 1 2 4
 962   20 434 0  13 1 3 1 2 4
 963   42 521 0   5 1 3 1 2 4
 964  879 670 0  64 1 3 1 2 4
 965  495 270 0  27 1 3 1 2 4
 966  691 402 0  92 1 3 1 2 4
 967  743 911 0  29 1 3 1 2 4
 968  404 536 0  38 1 3 1 2 4
 969  163 612 0  97 1 3 1 2 4
 970  534 561 0  53 1 3 1 2 4
 971  824 566 0  50 1 3 1 2 4
 972  784 390 0  24 1 3 1 2 4
 973  938 627 0  17 1 3 1 2 4
 974  310 122 0   6 1 3 1 2 4
 975  294 577 0  92 1 3 1 2 4
 976  555 513 0  15 1 3 1 2 4
 977  756  13 0  44 1 3 1 2 4
 978  284 350 0  89 1 3 1 2 4
 979  763 719 0   2 1 3 1 2 4
 980  722 104 0  97 1 3 1 2 4
 981  737 297 0  58 1 3 1 2 4
 982  705  80 0  17 1 3 1 2 4
 983  757 569 0  30 1 3 1 2 4
 984  794 216 0  54 1 3 1 2 4
 985  548 461 0  90 1 3 1 2 4
 986  956 263 0  33 1 3 1 2 4
 987  684 496 0  99 1 3 1 2 4
 988  214 813 0  35 1 3 1 2 4
 989  520 452 0  63 1 3 1 2 4
 990  687 707 0  92 1 3 1 2 4
 991  928 117 0  29 1 3 1 2 4
 992    6  12 0 100 1 3 1 2 4
 993  942 964 0  67 1 3 1 2 4
 994  179 887 0  58 1 3 1 2 4
 995  711 282 0  78 1 3 1 2 4
 996  655 348 0   8 1 3 1 2 4
 997  349 922 0  59 1 3 1 2 4
 998  157 195 0  79 1 3 1 2 4
 999   45 818 0  91 1 3 1 2 4
1000  328 204 0  83 1 3 1 2 4
1001  520 668 0  39 1 3 1 2 4
1002  147 902 0  27 1 3 1 2 4
1003  260 654 0  84 1 3 1 2 4
1004  890 742 0   6 1 3 1 2 4
1005  422 645 0  88 1 3 1 2 4
1006  980 548 0  86 1 3 1 2 4
1007  115 894 0  16 1 3 1 2 4
1008  885 204 0  92 1 3 1 2 4
1009  799 594 0  49 1 3 1 2 4
1010  453 975 0   1 1 3 1 2 4
1011  316 384 0  13 1 3 1 2 4
1012  819 806 0  74 1 3 1 2 4
1013   14 543 0  94 1 3 1 2 4
1014  332 572 0  80 1 3 1 2 4
1015  186 633 0  86 1 3 1 2 4
1016  100 930 0  66 1 3 1 2 4
1017  456  74 0  19 1 3 1 2 4
1018  921 621 0  32 1 3 1 2 4
1019  762 490 0   8 1 3 1 2 4
1020  768 616 0  63 1 3 1 2 4
1021  632 391 0   4 1 3 1 2 4
1022   75 761 0   7 1 3 1 2 4
1023  368 785 0  28 1 3 1 2 4
1024  948 989 0  27 1 3 1 2 4
1025  966  20 0 100 1 3 1 2 4
1026  683 933 0  76 1 3 1 2 4
1027  998 409 0  91 1 3 1 2 4
1028  118 618 0  69 1 3 1 2 4
1029   57 337 0  84 1 3 1 2 4
1030   63 740 0   5 1 3 1 2 4
1031  796 608 0  26 1 3 1 2 4
1032  543  62 0   9 1 3 1 2 4
1033  946 633 0  44 1 3 1 2 4
1034  774  51 0  36 1 3 1 2 4
1035   42 361 0  59 1 3 1 2 4
1036  709 627 0  54 1 3 1 2 4
1037  781 602 0  72 1 3 1 2 4
1038  700  84 0   2 1 3 1 2 4
1039  225 314 0  87 1 3 1 2 4
1040  580 941 0  63 1 3 1 2 4
1041  780 750 0  67 1 3 1 2 4
1042  413  20 0  44 1 3 1 2 4
1043  310 980 0  32 1 3 1 2 4
1044  908 407 0  56 1 3 1 2 4
1045  352  39 0  20 1 3 1 2 4
1046  895 791 0  55 1 3 1 2 4
1047  388 429 0  97 1 3 1 2 4
1048  198 962 0  14 1 3 1 2 4
1049  347   4 0  48 1 3 1 2 4
1050  901 202 0  48 1 3 1 2 4
1051  935  59 0  76 1 3 1 2 4
1052  868 167 0   3 1 3 1 2 4
1053  972 500 0  53 1 3 1 2 4
1054  337 559 0  57 1 3 1 2 4
1055  413 384 0  45 1 3 1 2 4
1056  926 876 0  55 1 3 1 2 4
1057  285 154 0  99 1 3 1 2 4
1058  943 356 0   9 1 3 1 2 4
1059  237 329 0  84 1 3 1 2 4
1060  562 662 0  62 1 3 1 2 4
1061  679 336 0  64 1 3 1 2 4
1062  700 363 0  86 1 3 1 2 4
1063  194 246 0  64 1 3 1 2 4
1064  472 199 0  14 1 3 1 2 4
1065  990 798 0  43 1 3 1 2 4
1066  517 655 0  51 1 3 1 2 4
1067  686 114 0  24 1 3 1 2 4
1068   21  47 0  80 1 3 1 2 4
1069  571 464 0  22 1 3 1 2 4
1070  208 703 0  12 1 3 1 2 4
1071  443 874 0  47 1 3 1 2 4
1072  244 646 0  71 1 3 1 2 4
1073  168 134 0  30 1 3 1 2 4
1074  457 483 0  11 1 3 1 2 4
1075  493 324 0  53 1 3 1 2 4
1076  456 563 0  48 1 3 1 2 4
1077  603 226 0  93 1 3 1 2 4
1078  529 129 0  37 1 3 1 2 4
1079  837 453 0  78 1 3 1 2 4
1080  534 963 0 100 1 3 1 2 4
1081  784 295 0  25 1 3 1 2 4
1082  815  77 0  68 1 3 1 2 4
1083  460 475 0  52 1 3 1 2 4
1084  956 297 0   7 1 3 1 2 4
1085  470 692 0  70 1 3 1 2 4
1086  933 957 0  73 1 3 1 2 4
1087  815 593 0  72 1 3 1 2 4
1088  888 403 0  28 1 3 1 2 4
1089  580 230 0   6 1 3 1 2 4
1090  107 367 0  49 1 3 1 2 4
1091  342 609 0  94 1 3 1 2 4
1092  200  73 0  84 1 3 1 2 4
1093  557 968 0   9 1 3 1 2 4
1094  190 499 0  97 1 3 1 2 4
1095  547 179 0  71 1 3 1 2 4
1096  128 981 0  73 1 3 1 2 4
1097  643 593 0  70 1 3 1 2 4
1098  794 894 0  79 1 3 1 2 4
1099  987 595 0  58 1 3 1 2 4
1100  200 638 0  93 1 3 1 2 4
1101  891 608 0  23 1 3 1 2 4
1102  151 170 0  94 1 3 1 2 4
1103  579 712 0   8 1 3 1 2 4
1104  844 336 0  13 1 3 1 2 4
1105  720 409 0  11 1 3 1 2 4
1106  795  51 0  68 1 3 1 2 4
1107  286 433 0  88 1 3 1 2 4
1108  894 608 0  98 1 3 1 2 4
1109  126 637 0  97 1 3 1 2 4
1110  201 217 0  53 1 3 1 2 4
1111   49 380 0  32 1 3 1 2 4
1112  558 118 0  75 1 3 1 2 4
1113  326 544 0  77 1 3 1 2 4
1114  861 331 0  18 1 3 1 2 4
1115  843 205 0  49 1 3 1 2 4
1116  161 915 0  50 1 3 1 2 4
1117  931 841 0   2 1 3 1 2 4
1118  578 200 0 100 1 3 1 2 4
1119  908 130 0  18 1 3 1 2 4
1120  475 695 0  60 1 3 1 2 4
1121  255 950 0  57 1 3 1 2 4
1122  694 403 0  89 1 3 1 2 4
1123  562 991 0  25 1 3 1 2 4
1124   64 970 0  51 1 3 1 2 4
1125   42 109 0  70 1 3 1 2 4
1126  367 179 0  69 1 3 1 2 4
1127  393 306 0  82 1 3 1 2 4
1128  165  22 0  15 1 3 1 2 4
1129  612 363 0   9 1 3 1 2 4
1130  905 661 0  61 1 3 1 2 4
1131    1 508 0  62 1 3 1 2 4
1132  664 427 0  65 1 3 1 2 4
1133  218 419 0  28 1 3 1 2 4
1134  260 990 0  67 1 3 1 2 4
1135  791 232 0  22 1 3 1 2 4
1136  985  35 0  24 1 3 1 2 4
1137  790  36 0  57 1 3 1 2 4
1138  197 875 0  84 1 3 1 2 4
1139  669 521 0  83 1 3 1 2 4
1140  198 776 0  71 1 3 1 2 4
1141   10 795 0  44 1 3 1 2 4
1142  621 529 0  11 1 3 1 2 4
1143  402 836 0  96 1 3 1 2 4
1144  684 699 0  56 1 3 1 2 4
1145  503 893 0  46 1 3 1 2 4
1146  168 898 0  62 1 3 1 2 4
1147  734 335 0  47 1 3 1 2 4
1148  866 114 0  61 1 3 1 2 4
1149   37 344 0  92 1 3 1 2 4
1150  739 311 0   2 1 3 1 2 4
1151  978 627 0  13 1 3 1 2 4
1152  574 542 0   6 1 3 1 2 4
1153  719 796 0  57 1 3 1 2 4
1154  877 968 0  36 1 3 1 2 4
1155  565 798 0  43 1 3 1 2 4
1156  583 853 0  43 1 3 1 2 4
1157  337 898 0  32 1 3 1 2 4
1158  371  69 0  86 1 3 1 2 4
1159  549 404 0  97 1 3 1 2 4
1160  545 121 0   2 1 3 1 2 4
1161  697 738 0  34 1 3 1 2 4
1162  896 871 0  28 1 3 1 2 4
1163  320 422 0  24 1 3 1 2 4
1164  581 251 0  27 1 3 1 2 4
1165   79 467 0  10 1 3 1 2 4
1166  783 611 0  23 1 3 1 2 4
1167  495 691 0  68 1 3 1 2 4
1168  124 901 0  99 1 3 1 2 4
1169  854   6 0  70 1 3 1 2 4
1170  515 350 0  30 1 3 1 2 4
1171  655 523 0  44 1 3 1 2 4
1172  215 733 0  12 1 3 1 2 4
1173  160  19 0  42 1 3 1 2 4
1174  102   2 0  97 1 3 1 2 4
1175  536 925 0  35 1 3 1 2 4
1176  464 181 0   6 1 3 1 2 4
1177  445 485 0  68 1 3 1 2 4
1178  953 785 0  81 1 3 1 2 4
1179  391  17 0  31 1 3 1 2 4
1180  960 549 0  31 1 3 1 2 4
1181  731 779 0  55 1 3 1 2 4
1182  640 712 0  73 1 3 1 2 4
1183  993 226 0  97 1 3 1 2 4
1184  906 843 0  79 1 3 1 2 4
1185  946 561 0  84 1 3 1 2 4
1186   26 391 0  15 1 3 1 2 4
1187  868 864 0  44 1 3 1 2 4
1188  907 910 0   1 1 3 1 2 4
1189  523 252 0   3 1 3 1 2 4
1190  752 112 0   6 1 3 1 2 4
1191  787 906 0  91 1 3 1 2 4
1192  883  51 0  96 1 3 1 2 4
1193   36 970 0  32 1 3 1 2 4
1194  971 872 0  72 1 3 1 2 4
1195  780 702 0  55 1 3 1 2 4
1196   53 803 0  84 1 3 1 2 4
1197  616 731 0  30 1 3 1 2 4
1198  219 940 0  74 1 3 1 2 4
1199  604 718 0  94 1 3 1 2 4
1200   49 305 0  41 1 3 1 2 4
1201  821 567 0  93 1 3 1 2 4
1202   58 286 0   8 1 3 1 2 4
1203  434 488 0  32 1 3 1 2 4
1204  552 640 0  12 1 3 1 2 4
1205   29 647 0  97 1 3 1 2 4
1206  334 923 0  19 1 3 1 2 4
1207  520 926 0  13 1 3 1 2 4
1208   58  99 0  24 1 3 1 2 4
1209  915 250 0  74 1 3 1 2 4
1210  844 612 0  70 1 3 1 2 4
1211  132 647 0  18 1 3 1 2 4
1212  458 745 0  41 1 3 1 2 4
1213  408  53 0  52 1 3 1 2 4
1214  869  23 0  96 1 3 1 2 4
1215  947 234 0  90 1 3 1 2 4
1216  253 609 0  69 1 3 1 2 4
1217  640 439 0  28 1 3 1 2 4
1218  117 466 0   5 1 3 1 2 4
1219  192 670 0  70 1 3 1 2 4
1220  318  83 0  97 1 3 1 2 4
1221  196  98 0  72 1 3 1 2 4
1222  631 676 0 100 1 3 1 2 4
1223  308 620 0  74 1 3 1 2 4
1224  336 269 0  68 1 3 1 2 4
1225  839 533 0   4 1 3 1 2 4
1226  962 604 0  50 1 3 1 2 4
1227  991 833 0   3 1 3 1 2 4
1228  202 605 0  62 1 3 1 2 4
1229  274  20 0  72 1 3 1 2 4
1230  798 881 0  11 1 3 1 2 4
1231  841 172 0  78 1 3 1 2 4
1232  739 639 0  76 1 3 1 2 4
1233  747 475 0  43 1 3 1 2 4
1234  971 184 0  86 1 3 1 2 4
1235  550 744 0  23 1 3 1 2 4
1236  201 802 0  94 1 3 1 2 4
1237  547  72 0  69 1 3 1 2 4
1238  517 616 0  80 1 3 1 2 4
1239  165 974 0  54 1 3 1 2 4
1240   10 841 0   1 1 3 1 2 4
1241  737  70 0  86 1 3 1 2 4
1242  416 408 0  34 1 3 1 2 4
1243   27 693 0  32 1 3 1 2 4
1244  784 699 0  22 1 3 1 2 4
1245  478 312 0  79 1 3 1 2 4
1246  433 730 0  70 1 3 1 2 4
1247  357 199 0  43 1 3 1 2 4
1248  932 936 0  86 1 3 1 2 4
1249   33 876 0  55 1 3 1 2 4
1250  418 320 0  90 1 3 1 2 4
1251  238 578 0   1 1 3 1 2 4
1252  558 964 0  54 1 3 1 2 4
1253  767 524 0  44 1 3 1 2 4
1254  310 398 0  89 1 3 1 2 4
1255  473  37 0   7 1 3 1 2 4
1256  723 829 0  20 1 3 1 2 4
1257  186  31 0  13 1 3 1 2 4
1258  953 881 0  15 1 3 1 2 4
1259  730 221 0  65 1 3 1 2 4
1260  539 530 0  29 1 3 1 2 4
1261  545 358 0  44 1 3 1 2 4
1262  487 906 0  69 1 3 1 2 4
1263  896 971 0  90 1 3 1 2 4
1264  802 621 0  55 1 3 1 2 4
1265  620  42 0  97 1 3 1 2 4
1266  153  29 0  58 1 3 1 2 4
1267   38 336 0  95 1 3 1 2 4
1268  454 274 0  69 1 3 1 2 4
1269  920 395 0  38 1 3 1 2 4
1270  874 798 0   3 1 3 1 2 4
1271  559 823 0  60 1 3 1 2 4
1272  680  31 0  91 1 3 1 2 4
1273  161 710 0  73 1 3 1 2 4
1274  640 852 0  78 1 3 1 2 4
1275  387 457 0  58 1 3 1 2 4
1276  807 173 0  18 1 3 1 2 4
1277  493 631 0  91 1 3 1 2 4
1278  670 899 0  69 1 3 1 2 4
1279  348 282 0   5 1 3 1 2 4
1280  139 832 0  61 1 3 1 2 4
1281  813 494 0  43 1 3 1 2 4
1282  496 557 0  18 1 3 1 2 4
1283  236 777 0   1 1 3 1 2 4
1284   76 959 0  61 1 3 1 2 4
1285  673 667 0 100 1 3 1 2 4
1286  495 277 0   7 1 3 1 2 4
1287  755 945 0  83 1 3 1 2 4
1288  979 272 0  48 1 3 1 2 4
1289    4  12 0  64 1 3 1 2 4
1290  231 581 0  17 1 3 1 2 4
1291  200 642 0  94 1 3 1 2 4
1292  256 471 0  45 1 3 1 2 4
1293  920 959 0  64 1 3 1 2 4
1294  395 624 0  68 1 3 1 2 4
1295  664 788 0  88 1 3 1 2 4
1296  106 260 0  32 1 3 1 2 4
1297  504 990 0  11 1 3 1 2 4
1298  704 121 0  76 1 3 1 2 4
1299  709 215 0  68 1 3 1 2 4
1300  551 440 0  71 1 3 1 2 4
1301  368 104 0  65 1 3 1 2 4
1302  229 640 0  83 1 3 1 2 4
1303  626 103 0  46 1 3 1 2 4
1304  707 892 0   1 1 3 1 2 4
1305  641 407 0  66 1 3 1 2 4
1306  816 493 0  50 1 3 1 2 4
1307  745 179 0  37 1 3 1 2 4
1308  267 533 0  85 1 3 1 2 4
1309  601 278 0  44 1 3 1 2 4
1310  232 273 0  11 1 3 1 2 4
1311  325 156 0  65 1 3 1 2 4
1312  190 169 0  23 1 3 1 2 4
1313  829 803 0  78 1 3 1 2 4
1314  467 329 0  85 1 3 1 2 4
1315  777 168 0  32 1 3 1 2 4
1316   53 770 0  21 1 3 1 2 4
1317  185  39 0  43 1 3 1 2 4
1318  155 910 0  30 1 3 1 2 4
1319  651 321 0  57 1 3 1 2 4
1320  438 473 0  58 1 3 1 2 4
1321  855 882 0  30 1 3 1 2 4
1322  708 962 0  79 1 3 1 2 4
1323  143 418 0  86 1 3 1 2 4
1324   60  16 0  57 1 3 1 2 4
1325   20 861 0  24 1 3 1 2 4
1326  632  64 0  51 1 3 1 2 4
1327  397  36 0  34 1 3 1 2 4
1328  384  45 0  67 1 3 1 2 4
1329  754  29 0   8 1 3 1 2 4
1330  244 300 0  25 1 3 1 2 4
1331  864 105 0  72 1 3 1 2 4
1332  966 170 0  60 1 3 1 2 4
1333   39 964 0  69 1 3 1 2 4
1334  371 837 0  77 1 3 1 2 4
1335  987 438 0  62 1 3 1 2 4
1336  401 152 0  12 1 3 1 2 4
1337  839 111 0  64 1 3 1 2 4
1338   21 906 0  32 1 3 1 2 4
1339  283  74 0  51 1 3 1 2 4
1340  519 927 0  42 1 3 1 2 4
1341  778 840 0  52 1 3 1 2 4
1342  492 614 0  36 1 3 1 2 4
1343  998  66 0  99 1 3 1 2 4
1344  598  25 0  41 1 3 1 2 4
1345  576 613 0  66 1 3 1 2 4
1346  146 452 0  27 1 3 1 2 4
1347  127 850 0  43 1 3 1 2 4
1348  690 690 0  67 1 3 1 2 4
1349  986 543 0  88 1 3 1 2 4
1350  989 778 0  21 1 3 1 2 4
1351  695 893 0  26 1 3 1 2 4
1352  438 165 0  66 1 3 1 2 4
1353  746 702 0  80 1 3 1 2 4
1354  170 859 0  82 1 3 1 2 4
1355  521 453 0  44 1 3 1 2 4
1356  926 328 0  56 1 3 1 2 4
1357  649 169 0  83 1 3 1 2 4
1358  343 338 0  85 1 3 1 2 4
1359  231 571 0   9 1 3 1 2 4
1360   32 679 0  73 1 3 1 2 4
1361  305 240 0  63 1 3 1 2 4
1362  826 417 0   4 1 3 1 2 4
1363  455 619 0  89 1 3 1 2 4
1364  744 899 0  56 1 3 1 2 4
1365   96 902 0   1 1 3 1 2 4
1366  416 734 0  27 1 3 1 2 4
1367  672 398 0  81 1 3 1 2 4
1368  836 600 0  57 1 3 1 2 4
1369  655 689 0  66 1 3 1 2 4
1370  648 642 0  89 1 3 1 2 4
1371  418 943 0   6 1 3 1 2 4
1372    2 449 0  69 1 3 1 2 4
1373   13 614 0  29 1 3 1 2 4
1374  227 842 0  45 1 3 1 2 4
1375  392 107 0  75 1 3 1 2 4
1376  480 675 0  41 1 3 1 2 4
1377  664 876 0  55 1 3 1 2 4
1378  107 102 0  66 1 3 1 2 4
1379   21 119 0  38 1 3 1 2 4
1380  882 927 0  23 1 3 1 2 4
1381  197 302 0  13 1 3 1 2 4
1382  902 590 0   1 1 3 1 2 4
1383  273 658 0  86 1 3 1 2 4
1384  855 416 0  69 1 3 1 2 4
1385  427 627 0  42 1 3 1 2 4
1386  578 705 0  29 1 3 1 2 4
1387  784 632 0  55 1 3 1 2 4
1388  196 723 0  23 1 3 1 2 4
1389  261 984 0  74 1 3 1 2 4
1390  202 202 0  38 1 3 1 2 4
1391  107 986 0  84 1 3 1 2 4
1392  786 407 0  32 1 3 1 2 4
1393   98 340 0   1 1 3 1 2 4
1394   95  56 0  55 1 3 1 2 4
1395  627 465 0  77 1 3 1 2 4
1396  592 355 0  47 1 3 1 2 4
1397    1 700 0  51 1 3 1 2 4
1398  879 471 0  41 1 3 1 2 4
1399  800 870 0  64 1 3 1 2 4
1400  827 890 0   3 1 3 1 2 4
1401  292 689 0  53 1 3 1 2 4
1402  637 281 0  85 1 3 1 2 4
1403  987 655 0  51 1 3 1 2 4
1404  126  84 0  62 1 3 1 2 4
1405  849 121 0  36 1 3 1 2 4
1406  483 201 0  47 1 3 1 2 4
1407  481 471 0  34 1 3 1 2 4
1408   64 533 0  90 1 3 1 2 4
1409  814 272 0  73 1 3 1 2 4
1410  402 466 0  69 1 3 1 2 4
1411   88 709 0  96 1 3 1 2 4
1412  918 137 0  73 1 3 1 2 4
1413  399 640 0  15 1 3 1 2 4
1414  113 553 0  73 1 3 1 2 4
1415  902 855 0  38 1 3 1 2 4
1416  147 829 0  81 1 3 1 2 4
1417  632 608 0  80 1 3 1 2 4
1418  726  36 0  98 1 3 1 2 4
1419  853 301 0  70 1 3 1 2 4
1420  421 667 0   2 1 3 1 2 4
1421  553 430 0  76 1 3 1 2 4
1422  813 313 0 100 1 3 1 2 4
1423 1000 297 0  25 1 3 1 2 4
1424  901 645 0  35 1 3 1 2 4
1425  205 997 0  79 1 3 1 2 4
1426  779  74 0   9 1 3 1 2 4
1427   51 309 0  96 1 3 1 2 4
1428  283  34 0  98 1 3 1 2 4
1429  989 609 0  84 1 3 1 2 4
1430  458 917 0  58 1 3 1 2 4
1431  823 852 0  35 1 3 1 2 4
1432  240 110 0  85 1 3 1 2 4
1433  396 881 0  97 1 3 1 2 4
1434  937 261 0  71 1 3 1 2 4
1435  102 656 0  48 1 3 1 2 4
1436  676 723 0  42 1 3 1 2 4
1437  842 357 0  30 1 3 1 2 4
1438  542 711 0  30 1 3 1 2 4
1439  703 762 0  93 1 3 1 2 4
1440  905 746 0   2 1 3 1 2 4
1441  330 227 0  71 1 3 1 2 4
1442  112 859 0  31 1 3 1 2 4
1443  567 258 0  16 1 3 1 2 4
1444  196 968 0  65 1 3 1 2 4
1445  548 544 0  10 1 3 1 2 4
1446  458 759 0  11 1 3 1 2 4
1447  297 586 0  20 1 3 1 2 4
1448  202 955 0  25 1 3 1 2 4
1449  646 394 0  73 1 3 1 2 4
1450  503 332 0  50 1 3 1 2 4
1451  940 168 0   8 1 3 1 2 4
1452   29 584 0  62 1 3 1 2 4
1453  632 637 0  21 1 3 1 2 4
1454  343 357 0  82 1 3 1 2 4
1455  963 313 0   8 1 3 1 2 4
1456   58  42 0  66 1 3 1 2 4
1457  888 585 0  25 1 3 1 2 4
1458  156 286 0  57 1 3 1 2 4
1459  517 748 0  58 1 3 1 2 4
1460  173 420 0  70 1 3 1 2 4
1461  794  23 0  72 1 3 1 2 4
1462  473 716 0  10 1 3 1 2 4
1463  424 171 0  22 1 3 1 2 4
1464  193 818 0  48 1 3 1 2 4
1465  892 227 0  17 1 3 1 2 4
1466  349 526 0  56 1 3 1 2 4
1467  566 929 0  27 1 3 1 2 4
1468   28 263 0  63 1 3 1 2 4
1469  984 519 0  47 1 3 1 2 4
1470  819 737 0  91 1 3 1 2 4
1471   73 893 0  94 1 3 1 2 4
1472   41 270 0  10 1 3 1 2 4
1473  279 322 0   6 1 3 1 2 4
1474  504 189 0  94 1 3 1 2 4
1475  557 199 0   9 1 3 1 2 4
1476  543 154 0  32 1 3 1 2 4
1477  540 656 0  23 1 3 1 2 4
1478  137 545 0  78 1 3 1 2 4
1479   40 634 0  20 1 3 1 2 4
1480  960 395 0  78 1 3 1 2 4
1481   72 707 0  68 1 3 1 2 4
1482  365 745 0  26 1 3 1 2 4
1483  518 678 0  20 1 3 1 2 4
1484  196 143 0  22 1 3 1 2 4
1485  400 222 0  93 1 3 1 2 4
1486  594 346 0  47 1 3 1 2 4
1487  715 123 0  35 1 3 1 2 4
1488  412 596 0  71 1 3 1 2 4
1489  113 532 0  30 1 3 1 2 4
1490  737 924 0  22 1 3 1 2 4
1491  223 738 0  63 1 3 1 2 4
1492  427 442 0   9 1 3 1 2 4
1493  889 987 0  22 1 3 1 2 4
1494  740 340 0   8 1 3 1 2 4
1495  671 309 0   0 0 0
1496  842 729 0   0 0 0
1497  347 295 0   0 0 0
