2 45 151 3
0 240
0 240
0 240
  1 897  38 0 18 1 3 1 2 4
  2 971 881 0 11 1 3 1 2 4
  3   4 594 0  8 1 3 1 2 4
  4 903 618 0 67 1 3 1 2 4
  5 254 997 0  7 1 3 1 2 4
  6 971 224 0 89 1 3 1 2 4
  7 602 975 0 48 1 3 1 2 4
  8   8 324 0  6 1 3 1 2 4
  9 879 119 0 97 1 3 1 2 4
 10 903 923 0 54 1 3 1 2 4
 11 427 752 0 11 1 3 1 2 4
 12 199 624 0 84 1 3 1 2 4
 13 826 520 0 35 1 3 1 2 4
 14 776 803 0 49 1 3 1 2 4
 15 841 254 0 21 1 3 1 2 4
 16 735 260 0 68 1 3 1 2 4
 17  37 315 0 82 1 3 1 2 4
 18 262 116 0 55 1 3 1 2 4
 19 962 983 0 14 1 3 1 2 4
 20 698 608 0 47 1 3 1 2 4
 21 334 778 0 45 1 3 1 2 4
 22 680 807 0 79 1 3 1 2 4
 23 732 304 0 33 1 3 1 2 4
 24 139 333 0 23 1 3 1 2 4
 25 533 200 0 65 1 3 1 2 4
 26 801 681 0 55 1 3 1 2 4
 27 205 916 0  5 1 3 1 2 4
 28 615 492 0 77 1 3 1 2 4
 29 777 828 0  2 1 3 1 2 4
 30 531 771 0 47 1 3 1 2 4
 31 808 992 0 29 1 3 1 2 4
 32 727 899 0 50 1 3 1 2 4
 33 270  30 0 64 1 3 1 2 4
 34 289 496 0 88 1 3 1 2 4
 35 522 586 0 88 1 3 1 2 4
 36 637 747 0 44 1 3 1 2 4
 37 929 765 0 45 1 3 1 2 4
 38 405 265 0 98 1 3 1 2 4
 39 696 183 0 37 1 3 1 2 4
 40 517   5 0 98 1 3 1 2 4
 41 133 673 0 16 1 3 1 2 4
 42 250 353 0 91 1 3 1 2 4
 43 409 428 0 58 1 3 1 2 4
 44 886  15 0 65 1 3 1 2 4
 45 343  99 0 98 1 3 1 2 4
 46 626 452 0 74 1 3 1 2 4
 47 899 725 0 41 1 3 1 2 4
 48 735 209 0 82 1 3 1 2 4
 49 905 139 0 39 1 3 1 2 4
 50 108 692 0 65 1 3 1 2 4
 51 768 398 0 21 1 3 1 2 4
 52 809 424 0 41 1 3 1 2 4
 53  35 389 0 94 1 3 1 2 4
 54 888 180 0 67 1 3 1 2 4
 55 662 390 0 60 1 3 1 2 4
 56 385 597 0 68 1 3 1 2 4
 57  39 988 0 67 1 3 1 2 4
 58 273 367 0 58 1 3 1 2 4
 59 569 169 0  5 1 3 1 2 4
 60 628 788 0 42 1 3 1 2 4
 61 285  13 0  5 1 3 1 2 4
 62 374  92 0 37 1 3 1 2 4
 63 964 478 0  6 1 3 1 2 4
 64 970 987 0 75 1 3 1 2 4
 65 992 639 0 21 1 3 1 2 4
 66   8 199 0 12 1 3 1 2 4
 67 272 227 0 48 1 3 1 2 4
 68 497 773 0 54 1 3 1 2 4
 69 187  57 0 14 1 3 1 2 4
 70 583 738 0 66 1 3 1 2 4
 71 239 765 0 98 1 3 1 2 4
 72 156 138 0 51 1 3 1 2 4
 73 453 444 0 10 1 3 1 2 4
 74 987 431 0 82 1 3 1 2 4
 75 739 524 0 23 1 3 1 2 4
 76 448  60 0 66 1 3 1 2 4
 77 373 513 0 39 1 3 1 2 4
 78 387 541 0 46 1 3 1 2 4
 79 927 611 0 71 1 3 1 2 4
 80 704 469 0 39 1 3 1 2 4
 81 901 228 0 89 1 3 1 2 4
 82 987 765 0 94 1 3 1 2 4
 83 589 840 0 99 1 3 1 2 4
 84 866 654 0 39 1 3 1 2 4
 85 833 367 0 16 1 3 1 2 4
 86 397 624 0 40 1 3 1 2 4
 87 598 737 0 17 1 3 1 2 4
 88 414 536 0 11 1 3 1 2 4
 89 153 935 0 26 1 3 1 2 4
 90 752 981 0 38 1 3 1 2 4
 91 743 418 0 48 1 3 1 2 4
 92 320 903 0 53 1 3 1 2 4
 93 777 307 0 22 1 3 1 2 4
 94 682 989 0 38 1 3 1 2 4
 95 667 521 0 62 1 3 1 2 4
 96 236 759 0  2 1 3 1 2 4
 97 272 179 0 11 1 3 1 2 4
 98 717 902 0 95 1 3 1 2 4
 99 812 241 0 38 1 3 1 2 4
100 242 931 0 84 1 3 1 2 4
101 109 290 0 24 1 3 1 2 4
102 119 423 0 16 1 3 1 2 4
103 677 609 0 18 1 3 1 2 4
104 215  89 0 85 1 3 1 2 4
105 959 663 0 83 1 3 1 2 4
106 471 639 0 89 1 3 1 2 4
107 972  36 0 14 1 3 1 2 4
108 409 562 0 74 1 3 1 2 4
109 553 700 0 13 1 3 1 2 4
110 208 210 0 25 1 3 1 2 4
111 747 852 0 53 1 3 1 2 4
112 158 895 0 73 1 3 1 2 4
113 618 403 0 93 1 3 1 2 4
114 603 552 0 27 1 3 1 2 4
115 207 245 0 61 1 3 1 2 4
116 867 660 0 20 1 3 1 2 4
117 329 584 0 57 1 3 1 2 4
118 557 903 0 51 1 3 1 2 4
119 774 924 0 75 1 3 1 2 4
120 972 978 0 52 1 3 1 2 4
121 468 193 0 83 1 3 1 2 4
122  34 960 0 79 1 3 1 2 4
123 735  95 0  7 1 3 1 2 4
124  76 158 0 28 1 3 1 2 4
125 652 264 0  6 1 3 1 2 4
126 747 288 0 82 1 3 1 2 4
127 208 224 0 30 1 3 1 2 4
128 990 205 0 21 1 3 1 2 4
129 282 907 0 66 1 3 1 2 4
130 531 407 0 12 1 3 1 2 4
131 879 760 0 46 1 3 1 2 4
132 140 424 0 95 1 3 1 2 4
133  33 604 0 42 1 3 1 2 4
134 542 183 0 79 1 3 1 2 4
135 282 400 0 97 1 3 1 2 4
136 636 720 0 53 1 3 1 2 4
137 454 645 0 12 1 3 1 2 4
138 939 430 0 66 1 3 1 2 4
139 889 137 0 26 1 3 1 2 4
140 466 152 0 48 1 3 1 2 4
141 314 407 0 26 1 3 1 2 4
142 612 376 0 39 1 3 1 2 4
143 213  58 0 66 1 3 1 2 4
144 897  64 0 51 1 3 1 2 4
145 215 876 0 65 1 3 1 2 4
146 144 440 0 76 1 3 1 2 4
147 897 702 0  1 1 3 1 2 4
148 489 778 0  6 1 3 1 2 4
149 914 958 0 96 1 3 1 2 4
150 390 422 0  1 1 3 1 2 4
151 613 406 0 55 1 3 1 2 4
152 852 198 0  0 0 0
153 663 734 0  0 0 0
154 557 501 0  0 0 0
