2 63 203 3
0 233
0 233
0 233
  1 206 692 0  90 1 3 1 2 4
  2 953 805 0  68 1 3 1 2 4
  3 645  64 0  91 1 3 1 2 4
  4 620 486 0  21 1 3 1 2 4
  5 955 793 0   1 1 3 1 2 4
  6  78 478 0  74 1 3 1 2 4
  7 557 965 0  16 1 3 1 2 4
  8 896 344 0  96 1 3 1 2 4
  9  66 151 0  91 1 3 1 2 4
 10 373  22 0  49 1 3 1 2 4
 11 570 654 0  98 1 3 1 2 4
 12 876 568 0  92 1 3 1 2 4
 13 113 603 0  29 1 3 1 2 4
 14 540 180 0  13 1 3 1 2 4
 15  80 639 0  34 1 3 1 2 4
 16 266 338 0  36 1 3 1 2 4
 17 409 287 0  98 1 3 1 2 4
 18 562 497 0  40 1 3 1 2 4
 19 231 179 0  93 1 3 1 2 4
 20 620 503 0  85 1 3 1 2 4
 21 123 124 0  45 1 3 1 2 4
 22 384 738 0  17 1 3 1 2 4
 23 637 963 0   7 1 3 1 2 4
 24  65 965 0   3 1 3 1 2 4
 25 183 766 0  31 1 3 1 2 4
 26 803 814 0  76 1 3 1 2 4
 27 688 224 0  23 1 3 1 2 4
 28 310 519 0  13 1 3 1 2 4
 29 144 133 0  10 1 3 1 2 4
 30 256  48 0  24 1 3 1 2 4
 31 381 219 0  96 1 3 1 2 4
 32 591 752 0  97 1 3 1 2 4
 33 451 707 0  19 1 3 1 2 4
 34 283 261 0  59 1 3 1 2 4
 35 824 922 0  85 1 3 1 2 4
 36 669 727 0  15 1 3 1 2 4
 37 565 178 0  40 1 3 1 2 4
 38 445 647 0  13 1 3 1 2 4
 39 327 375 0  62 1 3 1 2 4
 40 980  59 0   5 1 3 1 2 4
 41 404 422 0  73 1 3 1 2 4
 42 617 806 0  45 1 3 1 2 4
 43 210 876 0  55 1 3 1 2 4
 44 406 769 0  33 1 3 1 2 4
 45 151 843 0  37 1 3 1 2 4
 46 591 305 0  30 1 3 1 2 4
 47  51 973 0  67 1 3 1 2 4
 48 909 101 0  93 1 3 1 2 4
 49 583 591 0  49 1 3 1 2 4
 50 512 954 0   7 1 3 1 2 4
 51 558 711 0  31 1 3 1 2 4
 52 880 211 0  73 1 3 1 2 4
 53 541  83 0  68 1 3 1 2 4
 54 644 881 0  48 1 3 1 2 4
 55 790 217 0  38 1 3 1 2 4
 56 956 869 0   3 1 3 1 2 4
 57 674  82 0  83 1 3 1 2 4
 58 304 184 0  29 1 3 1 2 4
 59 718 518 0  38 1 3 1 2 4
 60 960 363 0  49 1 3 1 2 4
 61 242 685 0  41 1 3 1 2 4
 62 125 919 0  52 1 3 1 2 4
 63 164 284 0  99 1 3 1 2 4
 64 709  56 0  21 1 3 1 2 4
 65 208  24 0  15 1 3 1 2 4
 66 211 207 0  72 1 3 1 2 4
 67 101 791 0  58 1 3 1 2 4
 68 734 792 0  31 1 3 1 2 4
 69 656 181 0  43 1 3 1 2 4
 70 663 176 0   5 1 3 1 2 4
 71 718 974 0  41 1 3 1 2 4
 72 618 172 0  29 1 3 1 2 4
 73 228 944 0  73 1 3 1 2 4
 74  88 229 0   3 1 3 1 2 4
 75 951 625 0  63 1 3 1 2 4
 76 344 849 0  90 1 3 1 2 4
 77 700 346 0  13 1 3 1 2 4
 78 909 709 0  15 1 3 1 2 4
 79 564 517 0  99 1 3 1 2 4
 80  80 496 0  18 1 3 1 2 4
 81 167 921 0   8 1 3 1 2 4
 82 496 568 0  70 1 3 1 2 4
 83 847 392 0  63 1 3 1 2 4
 84 999 692 0  68 1 3 1 2 4
 85 533 139 0  31 1 3 1 2 4
 86 665 558 0  42 1 3 1 2 4
 87 159 210 0  85 1 3 1 2 4
 88 396 382 0  10 1 3 1 2 4
 89 682 937 0  27 1 3 1 2 4
 90 265 190 0  49 1 3 1 2 4
 91 188 343 0  55 1 3 1 2 4
 92 471 308 0  91 1 3 1 2 4
 93 599 785 0  81 1 3 1 2 4
 94 398 445 0  61 1 3 1 2 4
 95 774  36 0  80 1 3 1 2 4
 96 952 256 0  52 1 3 1 2 4
 97 299 821 0  54 1 3 1 2 4
 98 468 628 0  93 1 3 1 2 4
 99 482 956 0  62 1 3 1 2 4
100 966 343 0  49 1 3 1 2 4
101 943 877 0  46 1 3 1 2 4
102 351 499 0  17 1 3 1 2 4
103 819 656 0  79 1 3 1 2 4
104 262  23 0  18 1 3 1 2 4
105  85 570 0  92 1 3 1 2 4
106 796 196 0  36 1 3 1 2 4
107 550 399 0  64 1 3 1 2 4
108 818 702 0   8 1 3 1 2 4
109 981 740 0  38 1 3 1 2 4
110 486  95 0  25 1 3 1 2 4
111 810 424 0  98 1 3 1 2 4
112  78 209 0  87 1 3 1 2 4
113 664 293 0  67 1 3 1 2 4
114 655 598 0  14 1 3 1 2 4
115 896 639 0  67 1 3 1 2 4
116 957 696 0  10 1 3 1 2 4
117 517 665 0  78 1 3 1 2 4
118 850 936 0  51 1 3 1 2 4
119 204  36 0  38 1 3 1 2 4
120 801 849 0  82 1 3 1 2 4
121 139 927 0  29 1 3 1 2 4
122 922 459 0  14 1 3 1 2 4
123 450 570 0   8 1 3 1 2 4
124 143 847 0  29 1 3 1 2 4
125 364 352 0  20 1 3 1 2 4
126  27 940 0  16 1 3 1 2 4
127 932 330 0  87 1 3 1 2 4
128 333 579 0   2 1 3 1 2 4
129 344 115 0  41 1 3 1 2 4
130  30 205 0  25 1 3 1 2 4
131 738 398 0   9 1 3 1 2 4
132 882 900 0  24 1 3 1 2 4
133 235  42 0  94 1 3 1 2 4
134 739 373 0  42 1 3 1 2 4
135 843 837 0  91 1 3 1 2 4
136 645 219 0  40 1 3 1 2 4
137 458  47 0  10 1 3 1 2 4
138 169 412 0  38 1 3 1 2 4
139 252 544 0  26 1 3 1 2 4
140 849 774 0  12 1 3 1 2 4
141  97 510 0  38 1 3 1 2 4
142 832 836 0  52 1 3 1 2 4
143  52 915 0  61 1 3 1 2 4
144  43 294 0  76 1 3 1 2 4
145 785 197 0  20 1 3 1 2 4
146 593 921 0  28 1 3 1 2 4
147  11 611 0   2 1 3 1 2 4
148 425 128 0  13 1 3 1 2 4
149 907 866 0   4 1 3 1 2 4
150  37  18 0  95 1 3 1 2 4
151 890  39 0  30 1 3 1 2 4
152 120  84 0  67 1 3 1 2 4
153 135 726 0   4 1 3 1 2 4
154 907 808 0  34 1 3 1 2 4
155 896 847 0  12 1 3 1 2 4
156 938 518 0  81 1 3 1 2 4
157 581 185 0  65 1 3 1 2 4
158 732 702 0  65 1 3 1 2 4
159 435 460 0  15 1 3 1 2 4
160 394 995 0   1 1 3 1 2 4
161 947 528 0  56 1 3 1 2 4
162 674 900 0  42 1 3 1 2 4
163 774 463 0  50 1 3 1 2 4
164 505 944 0  60 1 3 1 2 4
165 206 641 0  74 1 3 1 2 4
166 172 537 0  34 1 3 1 2 4
167 651 447 0  24 1 3 1 2 4
168  12  69 0   7 1 3 1 2 4
169 975 753 0  73 1 3 1 2 4
170  50  70 0   9 1 3 1 2 4
171 820 390 0  17 1 3 1 2 4
172  92 319 0  45 1 3 1 2 4
173 328 781 0 100 1 3 1 2 4
174 963 106 0  43 1 3 1 2 4
175 542   4 0  25 1 3 1 2 4
176 205 485 0  85 1 3 1 2 4
177 495 823 0  91 1 3 1 2 4
178 710 426 0   7 1 3 1 2 4
179 707 829 0  21 1 3 1 2 4
180   2 417 0  37 1 3 1 2 4
181 947 687 0  23 1 3 1 2 4
182  22 317 0  96 1 3 1 2 4
183 639 427 0  48 1 3 1 2 4
184 295 484 0  63 1 3 1 2 4
185 452 117 0  90 1 3 1 2 4
186 343 366 0  92 1 3 1 2 4
187 555 629 0  44 1 3 1 2 4
188 765 368 0  59 1 3 1 2 4
189 391 225 0  28 1 3 1 2 4
190 936 598 0  80 1 3 1 2 4
191 271 388 0  34 1 3 1 2 4
192 622 600 0  80 1 3 1 2 4
193  26 284 0  62 1 3 1 2 4
194 716 500 0  56 1 3 1 2 4
195 859 833 0  78 1 3 1 2 4
196 458 740 0   1 1 3 1 2 4
197 594 457 0  79 1 3 1 2 4
198 852 246 0  71 1 3 1 2 4
199 507 481 0  43 1 3 1 2 4
200 685 137 0  84 1 3 1 2 4
201 201 896 0  68 1 3 1 2 4
202 438 655 0  83 1 3 1 2 4
203 534 498 0  42 1 3 1 2 4
204 673 143 0   0 0 0
205  19 623 0   0 0 0
206 474 378 0   0 0 0
