2 114 229 2
0 244
0 244
  1  35 590 0  64 1 2 1 2
  2 332 784 0  91 1 2 1 2
  3 417 347 0  64 1 2 1 2
  4 428 793 0  48 1 2 1 2
  5  45 917 0  56 1 2 1 2
  6 682 419 0  43 1 2 1 2
  7 298 924 0  28 1 2 1 2
  8 857 198 0  29 1 2 1 2
  9 970 956 0   2 1 2 1 2
 10 493 925 0   8 1 2 1 2
 11 954 209 0  55 1 2 1 2
 12 179 817 0  62 1 2 1 2
 13 163 988 0  22 1 2 1 2
 14 184  77 0  10 1 2 1 2
 15 162 817 0  24 1 2 1 2
 16 333 691 0  80 1 2 1 2
 17 639 858 0  61 1 2 1 2
 18 182 107 0  53 1 2 1 2
 19 786 652 0  67 1 2 1 2
 20 137 240 0  82 1 2 1 2
 21 590 300 0  76 1 2 1 2
 22  56 861 0   1 1 2 1 2
 23 888 746 0  42 1 2 1 2
 24 875 409 0  78 1 2 1 2
 25 646 352 0  91 1 2 1 2
 26 135 586 0  19 1 2 1 2
 27 954 134 0  53 1 2 1 2
 28  38 172 0  99 1 2 1 2
 29 301 872 0   9 1 2 1 2
 30 765 351 0  76 1 2 1 2
 31 225 341 0   8 1 2 1 2
 32 476 540 0  87 1 2 1 2
 33 391 447 0  59 1 2 1 2
 34 827 596 0  82 1 2 1 2
 35 885 801 0  31 1 2 1 2
 36 717 568 0  18 1 2 1 2
 37 799 420 0  87 1 2 1 2
 38 621 735 0  21 1 2 1 2
 39 292 354 0  88 1 2 1 2
 40 770 440 0  33 1 2 1 2
 41 347   0 0  60 1 2 1 2
 42 123 301 0   9 1 2 1 2
 43  59 238 0  73 1 2 1 2
 44 994  35 0  58 1 2 1 2
 45 441 841 0  47 1 2 1 2
 46 811 237 0  54 1 2 1 2
 47 965 638 0  84 1 2 1 2
 48  85 376 0  47 1 2 1 2
 49 899 633 0  98 1 2 1 2
 50 386 814 0  90 1 2 1 2
 51 721 528 0  37 1 2 1 2
 52 409 303 0  34 1 2 1 2
 53  22 229 0  58 1 2 1 2
 54 321 373 0  54 1 2 1 2
 55 203  39 0   5 1 2 1 2
 56 506 259 0  96 1 2 1 2
 57 677  24 0  65 1 2 1 2
 58 796 541 0  91 1 2 1 2
 59 228 584 0  75 1 2 1 2
 60  47 756 0  34 1 2 1 2
 61 937 713 0  12 1 2 1 2
 62  91 488 0  56 1 2 1 2
 63 255 369 0  77 1 2 1 2
 64 768 546 0  66 1 2 1 2
 65 742  72 0  11 1 2 1 2
 66 981 157 0  23 1 2 1 2
 67 401 630 0  18 1 2 1 2
 68 692  67 0  95 1 2 1 2
 69 876 272 0  23 1 2 1 2
 70  38 652 0  77 1 2 1 2
 71 563 383 0  50 1 2 1 2
 72 442 236 0  66 1 2 1 2
 73 624 540 0  78 1 2 1 2
 74 377 677 0  64 1 2 1 2
 75 648 651 0  35 1 2 1 2
 76 348 104 0  27 1 2 1 2
 77 136 903 0   9 1 2 1 2
 78 687  43 0  12 1 2 1 2
 79 255 452 0  47 1 2 1 2
 80 633 438 0   6 1 2 1 2
 81 388 549 0  70 1 2 1 2
 82 241  28 0  55 1 2 1 2
 83 494 941 0  24 1 2 1 2
 84 172 952 0  38 1 2 1 2
 85 233 304 0  83 1 2 1 2
 86 880  79 0  32 1 2 1 2
 87 635  56 0  95 1 2 1 2
 88 128 345 0  32 1 2 1 2
 89 816 200 0  28 1 2 1 2
 90 722 716 0  62 1 2 1 2
 91 661 499 0  35 1 2 1 2
 92 871  93 0  88 1 2 1 2
 93 162 495 0   6 1 2 1 2
 94 574 437 0  26 1 2 1 2
 95  62 744 0  20 1 2 1 2
 96 350   7 0  27 1 2 1 2
 97 115 300 0  18 1 2 1 2
 98 824 896 0  32 1 2 1 2
 99 954  33 0  72 1 2 1 2
100 139 266 0  29 1 2 1 2
101 198 773 0  10 1 2 1 2
102 709 992 0  45 1 2 1 2
103 289 738 0  46 1 2 1 2
104 496 413 0  89 1 2 1 2
105 546 883 0  83 1 2 1 2
106 341 875 0  45 1 2 1 2
107 838 386 0  26 1 2 1 2
108 203 387 0  68 1 2 1 2
109 682 522 0  49 1 2 1 2
110   1 920 0  96 1 2 1 2
111  70 241 0  43 1 2 1 2
112 772 973 0  40 1 2 1 2
113 118 740 0  40 1 2 1 2
114 650 749 0  42 1 2 1 2
115 705  54 0  24 1 2 1 2
116 730   0 0  43 1 2 1 2
117 261 224 0  58 1 2 1 2
118 883 618 0  47 1 2 1 2
119 372 783 0  70 1 2 1 2
120 869 471 0  53 1 2 1 2
121 419 764 0  71 1 2 1 2
122 516 792 0  74 1 2 1 2
123 360 425 0  94 1 2 1 2
124 137 328 0  76 1 2 1 2
125 457  46 0  37 1 2 1 2
126 825  69 0  37 1 2 1 2
127 865 508 0  91 1 2 1 2
128 879 988 0  97 1 2 1 2
129 832 694 0  19 1 2 1 2
130 616 843 0  72 1 2 1 2
131 694 411 0  81 1 2 1 2
132 305 151 0  17 1 2 1 2
133 249 610 0  63 1 2 1 2
134 332 309 0  56 1 2 1 2
135 888  55 0  32 1 2 1 2
136 447 198 0  53 1 2 1 2
137  22 763 0  35 1 2 1 2
138 433 544 0  93 1 2 1 2
139 245 362 0  89 1 2 1 2
140 942 465 0  95 1 2 1 2
141 473 540 0  82 1 2 1 2
142 582 575 0  48 1 2 1 2
143 758 750 0  31 1 2 1 2
144  37 430 0  88 1 2 1 2
145 373 276 0  16 1 2 1 2
146 252 870 0  88 1 2 1 2
147 266 112 0  75 1 2 1 2
148 528 337 0  50 1 2 1 2
149 437 540 0  49 1 2 1 2
150 410  43 0  48 1 2 1 2
151 493 116 0   6 1 2 1 2
152  91 440 0  31 1 2 1 2
153 213 700 0  25 1 2 1 2
154 587 395 0  52 1 2 1 2
155 884 994 0  51 1 2 1 2
156 221 567 0  74 1 2 1 2
157 797 398 0  86 1 2 1 2
158 601  25 0   3 1 2 1 2
159 341  37 0  69 1 2 1 2
160 336 843 0  64 1 2 1 2
161 109  75 0  71 1 2 1 2
162 267  51 0  38 1 2 1 2
163 206 429 0  30 1 2 1 2
164 470 769 0  20 1 2 1 2
165 146 805 0  79 1 2 1 2
166 226 554 0  78 1 2 1 2
167 508 289 0  71 1 2 1 2
168 933 602 0 100 1 2 1 2
169 549 615 0  31 1 2 1 2
170 389  77 0  85 1 2 1 2
171 459  78 0  43 1 2 1 2
172 631 539 0  56 1 2 1 2
173 247 357 0  62 1 2 1 2
174 641 299 0  57 1 2 1 2
175 386 670 0  89 1 2 1 2
176 191 221 0  67 1 2 1 2
177 640 223 0  25 1 2 1 2
178  62 783 0   2 1 2 1 2
179 474 311 0  33 1 2 1 2
180 774 155 0  85 1 2 1 2
181 719 126 0  90 1 2 1 2
182 604 707 0  80 1 2 1 2
183 602 187 0  28 1 2 1 2
184 487 899 0   4 1 2 1 2
185 440 686 0  14 1 2 1 2
186 126 690 0  54 1 2 1 2
187 959 259 0  88 1 2 1 2
188 259 727 0  37 1 2 1 2
189 216 608 0  37 1 2 1 2
190 221 522 0  43 1 2 1 2
191  24 801 0  50 1 2 1 2
192 921 790 0   5 1 2 1 2
193 488 880 0  87 1 2 1 2
194 942 136 0   9 1 2 1 2
195 833 182 0  76 1 2 1 2
196 925 928 0  62 1 2 1 2
197 873 318 0   2 1 2 1 2
198 235 287 0  61 1 2 1 2
199 928 881 0  95 1 2 1 2
200 533 708 0  77 1 2 1 2
201 494 215 0   4 1 2 1 2
202 518 892 0  12 1 2 1 2
203  18 799 0  81 1 2 1 2
204 231 276 0  56 1 2 1 2
205 715 779 0  47 1 2 1 2
206 307 299 0  26 1 2 1 2
207 548  77 0  34 1 2 1 2
208 114 815 0  40 1 2 1 2
209 344 837 0  41 1 2 1 2
210 931 141 0  14 1 2 1 2
211  43 595 0  14 1 2 1 2
212 109 787 0  66 1 2 1 2
213 400 584 0  36 1 2 1 2
214 229 992 0   2 1 2 1 2
215 261 210 0  99 1 2 1 2
216 724 732 0   3 1 2 1 2
217  12 666 0  48 1 2 1 2
218 904  36 0  66 1 2 1 2
219 433 934 0  49 1 2 1 2
220 580 304 0  28 1 2 1 2
221 998 552 0   9 1 2 1 2
222 264 791 0   9 1 2 1 2
223 317 939 0   4 1 2 1 2
224 983 918 0   5 1 2 1 2
225 987 544 0  91 1 2 1 2
226 743 495 0  10 1 2 1 2
227 799 386 0  41 1 2 1 2
228 451 763 0  37 1 2 1 2
229  43  93 0   1 1 2 1 2
230 721   3 0   0 0 0
231 357 508 0   0 0 0
