2 68 235 3
0 251
0 251
0 251
  1 773 595 0  89 1 3 1 2 4
  2 952  63 0  59 1 3 1 2 4
  3 674 439 0  91 1 3 1 2 4
  4 115 134 0  88 1 3 1 2 4
  5 176 315 0   1 1 3 1 2 4
  6  32 487 0  27 1 3 1 2 4
  7 822 491 0  15 1 3 1 2 4
  8 702 543 0  22 1 3 1 2 4
  9 208 917 0  27 1 3 1 2 4
 10 207 860 0  23 1 3 1 2 4
 11 174 902 0  61 1 3 1 2 4
 12  68 402 0  53 1 3 1 2 4
 13  53 888 0  80 1 3 1 2 4
 14 742 140 0  54 1 3 1 2 4
 15 253 140 0  30 1 3 1 2 4
 16 975 890 0  37 1 3 1 2 4
 17 871 760 0  94 1 3 1 2 4
 18 816 927 0  22 1 3 1 2 4
 19 118 963 0 100 1 3 1 2 4
 20 168 724 0  24 1 3 1 2 4
 21 678 536 0  94 1 3 1 2 4
 22 860 950 0  25 1 3 1 2 4
 23 309 407 0  10 1 3 1 2 4
 24 865 262 0  36 1 3 1 2 4
 25   9 885 0  22 1 3 1 2 4
 26  40 369 0  94 1 3 1 2 4
 27 439  11 0  73 1 3 1 2 4
 28 363 488 0  60 1 3 1 2 4
 29 800  30 0  98 1 3 1 2 4
 30 761   3 0  29 1 3 1 2 4
 31  99 574 0  19 1 3 1 2 4
 32 185  55 0  62 1 3 1 2 4
 33 579 175 0  10 1 3 1 2 4
 34 791 840 0  41 1 3 1 2 4
 35 591 623 0  79 1 3 1 2 4
 36 949 300 0  80 1 3 1 2 4
 37 555 709 0  41 1 3 1 2 4
 38 544 158 0  30 1 3 1 2 4
 39 580 754 0  42 1 3 1 2 4
 40 398 405 0  71 1 3 1 2 4
 41   2 640 0  28 1 3 1 2 4
 42 239 609 0  79 1 3 1 2 4
 43 138 158 0  27 1 3 1 2 4
 44  84 694 0  74 1 3 1 2 4
 45 720 424 0  80 1 3 1 2 4
 46 457 588 0  44 1 3 1 2 4
 47 711 132 0  39 1 3 1 2 4
 48 963  33 0  73 1 3 1 2 4
 49 373 770 0  14 1 3 1 2 4
 50 431 909 0  71 1 3 1 2 4
 51 407 437 0  57 1 3 1 2 4
 52 977 389 0   4 1 3 1 2 4
 53 614 930 0  63 1 3 1 2 4
 54 443 189 0  23 1 3 1 2 4
 55 102 442 0  67 1 3 1 2 4
 56 654 710 0  51 1 3 1 2 4
 57 980 330 0  33 1 3 1 2 4
 58 976 326 0  42 1 3 1 2 4
 59 930 828 0  84 1 3 1 2 4
 60 172 242 0  63 1 3 1 2 4
 61 372 446 0  65 1 3 1 2 4
 62  98 793 0   8 1 3 1 2 4
 63 830 594 0   9 1 3 1 2 4
 64 409 309 0   9 1 3 1 2 4
 65 657  57 0  99 1 3 1 2 4
 66 214 626 0  75 1 3 1 2 4
 67  19 484 0  68 1 3 1 2 4
 68 142 815 0  90 1 3 1 2 4
 69 921 830 0   7 1 3 1 2 4
 70 315 802 0  66 1 3 1 2 4
 71 279 450 0  14 1 3 1 2 4
 72 761  55 0  32 1 3 1 2 4
 73 498 268 0  17 1 3 1 2 4
 74 326 665 0  69 1 3 1 2 4
 75 543  14 0  14 1 3 1 2 4
 76 866 524 0  59 1 3 1 2 4
 77 245 982 0  70 1 3 1 2 4
 78 777 436 0  84 1 3 1 2 4
 79  14 225 0  85 1 3 1 2 4
 80 992 169 0  60 1 3 1 2 4
 81 335 381 0 100 1 3 1 2 4
 82 942 927 0  51 1 3 1 2 4
 83 742 745 0  88 1 3 1 2 4
 84 166 149 0  15 1 3 1 2 4
 85 604 304 0  27 1 3 1 2 4
 86 982 738 0  73 1 3 1 2 4
 87 294 210 0   1 1 3 1 2 4
 88 543 145 0  23 1 3 1 2 4
 89 941  82 0  36 1 3 1 2 4
 90 465 772 0  69 1 3 1 2 4
 91 744 810 0  79 1 3 1 2 4
 92 618 603 0  44 1 3 1 2 4
 93 536 295 0  27 1 3 1 2 4
 94 530 641 0  72 1 3 1 2 4
 95 496 687 0  58 1 3 1 2 4
 96  43  53 0  28 1 3 1 2 4
 97  66 776 0  73 1 3 1 2 4
 98 980 936 0  94 1 3 1 2 4
 99 774 386 0  15 1 3 1 2 4
100 584 580 0  40 1 3 1 2 4
101 341 540 0  95 1 3 1 2 4
102 278 263 0  76 1 3 1 2 4
103 638 318 0  21 1 3 1 2 4
104 243 765 0  18 1 3 1 2 4
105 285 151 0  17 1 3 1 2 4
106 799 616 0   4 1 3 1 2 4
107 579 315 0   2 1 3 1 2 4
108 213 659 0  74 1 3 1 2 4
109 826 343 0  73 1 3 1 2 4
110 746 951 0  34 1 3 1 2 4
111 416 868 0  38 1 3 1 2 4
112 939 477 0  79 1 3 1 2 4
113 383 285 0  54 1 3 1 2 4
114 626  67 0  53 1 3 1 2 4
115 742 246 0  79 1 3 1 2 4
116 761 871 0  94 1 3 1 2 4
117 756 505 0   2 1 3 1 2 4
118 102 810 0  67 1 3 1 2 4
119 107 120 0  80 1 3 1 2 4
120 703 334 0  89 1 3 1 2 4
121 252   9 0  19 1 3 1 2 4
122 198 158 0   4 1 3 1 2 4
123 306 947 0  62 1 3 1 2 4
124 297 237 0  24 1 3 1 2 4
125 110 897 0  18 1 3 1 2 4
126 914 993 0  90 1 3 1 2 4
127 845 336 0  25 1 3 1 2 4
128 711 235 0  51 1 3 1 2 4
129 466 180 0  66 1 3 1 2 4
130 506 844 0  62 1 3 1 2 4
131 583 302 0  20 1 3 1 2 4
132 683 921 0  92 1 3 1 2 4
133 723 179 0  16 1 3 1 2 4
134 959 361 0  60 1 3 1 2 4
135 440 600 0  83 1 3 1 2 4
136 546 757 0  36 1 3 1 2 4
137 937 158 0  14 1 3 1 2 4
138 203 759 0   5 1 3 1 2 4
139 994 110 0  56 1 3 1 2 4
140  36 400 0  22 1 3 1 2 4
141 808 914 0  26 1 3 1 2 4
142 601  74 0  28 1 3 1 2 4
143 894 299 0  72 1 3 1 2 4
144 933 123 0  88 1 3 1 2 4
145 997 849 0  34 1 3 1 2 4
146 858 380 0  52 1 3 1 2 4
147 946 856 0  87 1 3 1 2 4
148  59 276 0  18 1 3 1 2 4
149 610 262 0  91 1 3 1 2 4
150 405 950 0  96 1 3 1 2 4
151 309 609 0  14 1 3 1 2 4
152 554 467 0 100 1 3 1 2 4
153 134 705 0   5 1 3 1 2 4
154 859  89 0  18 1 3 1 2 4
155 464 610 0  61 1 3 1 2 4
156   0  85 0   2 1 3 1 2 4
157 970 691 0  65 1 3 1 2 4
158 283 346 0  59 1 3 1 2 4
159 536 486 0  34 1 3 1 2 4
160   8 189 0  10 1 3 1 2 4
161 256 449 0  70 1 3 1 2 4
162  34 199 0  31 1 3 1 2 4
163 578 258 0  65 1 3 1 2 4
164 311 359 0   2 1 3 1 2 4
165 552 650 0  78 1 3 1 2 4
166 771 996 0  86 1 3 1 2 4
167 272 665 0  22 1 3 1 2 4
168 515 658 0  82 1 3 1 2 4
169 897 763 0  80 1 3 1 2 4
170 962 226 0  55 1 3 1 2 4
171 905 721 0  95 1 3 1 2 4
172 275 563 0   5 1 3 1 2 4
173 272 498 0  96 1 3 1 2 4
174 971 417 0  10 1 3 1 2 4
175 568 985 0  77 1 3 1 2 4
176 454 217 0  59 1 3 1 2 4
177 421 812 0  68 1 3 1 2 4
178 520 765 0  25 1 3 1 2 4
179 506 981 0  28 1 3 1 2 4
180  66 629 0  83 1 3 1 2 4
181 967 494 0  44 1 3 1 2 4
182 612 574 0  61 1 3 1 2 4
183 721 832 0  25 1 3 1 2 4
184 491 235 0  76 1 3 1 2 4
185 168 850 0 100 1 3 1 2 4
186 985 999 0  23 1 3 1 2 4
187 698 905 0  74 1 3 1 2 4
188 936 912 0  30 1 3 1 2 4
189 472 943 0  91 1 3 1 2 4
190 906 179 0  96 1 3 1 2 4
191 229 268 0  22 1 3 1 2 4
192 841 963 0  69 1 3 1 2 4
193 506 364 0  22 1 3 1 2 4
194  44 875 0  23 1 3 1 2 4
195 442 635 0  92 1 3 1 2 4
196 703 247 0  92 1 3 1 2 4
197 408 163 0  83 1 3 1 2 4
198 257 408 0  41 1 3 1 2 4
199  83  97 0  66 1 3 1 2 4
200 451 627 0  83 1 3 1 2 4
201 240 727 0   6 1 3 1 2 4
202 604 713 0  50 1 3 1 2 4
203 188 826 0  20 1 3 1 2 4
204 375 615 0  86 1 3 1 2 4
205 248 644 0  99 1 3 1 2 4
206 358 728 0  65 1 3 1 2 4
207 656 677 0  50 1 3 1 2 4
208 617 923 0  94 1 3 1 2 4
209 542 313 0  17 1 3 1 2 4
210 577 351 0  92 1 3 1 2 4
211 847 691 0  77 1 3 1 2 4
212 996 252 0  15 1 3 1 2 4
213 491 421 0  94 1 3 1 2 4
214 395 940 0  48 1 3 1 2 4
215 310 456 0  22 1 3 1 2 4
216 967 697 0  34 1 3 1 2 4
217 400 669 0  18 1 3 1 2 4
218 469 327 0   9 1 3 1 2 4
219 736 711 0  62 1 3 1 2 4
220 161 256 0  84 1 3 1 2 4
221 448 346 0  78 1 3 1 2 4
222  12 736 0  98 1 3 1 2 4
223 396 888 0  58 1 3 1 2 4
224 613 402 0  86 1 3 1 2 4
225 330 379 0  63 1 3 1 2 4
226 130 344 0   3 1 3 1 2 4
227 176 429 0  33 1 3 1 2 4
228 558 908 0  21 1 3 1 2 4
229 548 439 0  41 1 3 1 2 4
230 227 738 0  42 1 3 1 2 4
231 634 884 0  21 1 3 1 2 4
232 614 643 0  26 1 3 1 2 4
233 484 760 0  73 1 3 1 2 4
234 191 328 0  46 1 3 1 2 4
235 108   8 0  77 1 3 1 2 4
236 363 885 0   0 0 0
237 804 954 0   0 0 0
238  39 288 0   0 0 0
