2 41 269 5
0 245
0 245
0 245
0 245
0 245
  1 203 994 0  24 1 5 1 2 4 8 16
  2 703 288 0  50 1 5 1 2 4 8 16
  3 193 502 0  44 1 5 1 2 4 8 16
  4 468 215 0  56 1 5 1 2 4 8 16
  5 282 524 0  96 1 5 1 2 4 8 16
  6  44 972 0  99 1 5 1 2 4 8 16
  7 409 409 0  59 1 5 1 2 4 8 16
  8 867 772 0  48 1 5 1 2 4 8 16
  9 147 998 0  66 1 5 1 2 4 8 16
 10 127 304 0  61 1 5 1 2 4 8 16
 11 956 230 0  13 1 5 1 2 4 8 16
 12 473 137 0  99 1 5 1 2 4 8 16
 13 242 730 0  16 1 5 1 2 4 8 16
 14 313 563 0  13 1 5 1 2 4 8 16
 15 249 825 0  44 1 5 1 2 4 8 16
 16 250 863 0  92 1 5 1 2 4 8 16
 17 202 392 0  41 1 5 1 2 4 8 16
 18  75 371 0  72 1 5 1 2 4 8 16
 19 391 171 0  13 1 5 1 2 4 8 16
 20 644  25 0  68 1 5 1 2 4 8 16
 21 166 168 0  78 1 5 1 2 4 8 16
 22 130 820 0  73 1 5 1 2 4 8 16
 23 102 119 0  97 1 5 1 2 4 8 16
 24  32 659 0  63 1 5 1 2 4 8 16
 25 704 268 0  46 1 5 1 2 4 8 16
 26 699 155 0  33 1 5 1 2 4 8 16
 27 156  43 0  37 1 5 1 2 4 8 16
 28 276 998 0  35 1 5 1 2 4 8 16
 29 103 805 0  13 1 5 1 2 4 8 16
 30 506 194 0  12 1 5 1 2 4 8 16
 31 606 667 0  13 1 5 1 2 4 8 16
 32 831  20 0   7 1 5 1 2 4 8 16
 33 592 261 0   2 1 5 1 2 4 8 16
 34  97 313 0  66 1 5 1 2 4 8 16
 35 863 151 0  97 1 5 1 2 4 8 16
 36  71 448 0  79 1 5 1 2 4 8 16
 37 950 611 0  16 1 5 1 2 4 8 16
 38 511 749 0  20 1 5 1 2 4 8 16
 39 769 616 0  38 1 5 1 2 4 8 16
 40  32  25 0  72 1 5 1 2 4 8 16
 41 628 802 0  97 1 5 1 2 4 8 16
 42 169 708 0  42 1 5 1 2 4 8 16
 43 495 819 0  47 1 5 1 2 4 8 16
 44 138 221 0  52 1 5 1 2 4 8 16
 45 971 841 0  98 1 5 1 2 4 8 16
 46 488 562 0  25 1 5 1 2 4 8 16
 47 251 477 0  75 1 5 1 2 4 8 16
 48 666  37 0  45 1 5 1 2 4 8 16
 49 465 169 0  38 1 5 1 2 4 8 16
 50 766 174 0  25 1 5 1 2 4 8 16
 51 168 465 0  66 1 5 1 2 4 8 16
 52 571  95 0  84 1 5 1 2 4 8 16
 53 143 786 0  39 1 5 1 2 4 8 16
 54 129 401 0  84 1 5 1 2 4 8 16
 55 361 121 0  25 1 5 1 2 4 8 16
 56 584 374 0   8 1 5 1 2 4 8 16
 57 341 941 0  65 1 5 1 2 4 8 16
 58 864 123 0  49 1 5 1 2 4 8 16
 59 431 875 0  47 1 5 1 2 4 8 16
 60 963 851 0  80 1 5 1 2 4 8 16
 61 184 963 0   8 1 5 1 2 4 8 16
 62 501 821 0  19 1 5 1 2 4 8 16
 63 438 331 0  98 1 5 1 2 4 8 16
 64 347 897 0  50 1 5 1 2 4 8 16
 65 366  47 0   6 1 5 1 2 4 8 16
 66 292 805 0   3 1 5 1 2 4 8 16
 67 381  53 0  94 1 5 1 2 4 8 16
 68 517  64 0  88 1 5 1 2 4 8 16
 69 158 135 0  62 1 5 1 2 4 8 16
 70 416 981 0   7 1 5 1 2 4 8 16
 71  94 544 0  23 1 5 1 2 4 8 16
 72 636 143 0  67 1 5 1 2 4 8 16
 73 820 980 0  33 1 5 1 2 4 8 16
 74 211 364 0   5 1 5 1 2 4 8 16
 75  18 287 0  42 1 5 1 2 4 8 16
 76 496 699 0  87 1 5 1 2 4 8 16
 77 270 756 0  52 1 5 1 2 4 8 16
 78 553 903 0  80 1 5 1 2 4 8 16
 79 399 579 0  73 1 5 1 2 4 8 16
 80 615 788 0  72 1 5 1 2 4 8 16
 81 551 562 0  45 1 5 1 2 4 8 16
 82 643 487 0  23 1 5 1 2 4 8 16
 83 727 814 0  54 1 5 1 2 4 8 16
 84 253 180 0  67 1 5 1 2 4 8 16
 85 702  91 0  53 1 5 1 2 4 8 16
 86  46 263 0  20 1 5 1 2 4 8 16
 87 631 848 0   9 1 5 1 2 4 8 16
 88  24 383 0  91 1 5 1 2 4 8 16
 89 887 385 0  24 1 5 1 2 4 8 16
 90 551 556 0  55 1 5 1 2 4 8 16
 91 732 785 0  29 1 5 1 2 4 8 16
 92 254 267 0  78 1 5 1 2 4 8 16
 93   3 758 0  22 1 5 1 2 4 8 16
 94 679 695 0  85 1 5 1 2 4 8 16
 95 668 921 0   8 1 5 1 2 4 8 16
 96 534  85 0  39 1 5 1 2 4 8 16
 97 516 847 0  91 1 5 1 2 4 8 16
 98 652 126 0  81 1 5 1 2 4 8 16
 99 883 330 0  45 1 5 1 2 4 8 16
100 513 904 0  44 1 5 1 2 4 8 16
101   5 671 0  35 1 5 1 2 4 8 16
102 694 217 0  55 1 5 1 2 4 8 16
103 864  54 0  67 1 5 1 2 4 8 16
104 160 156 0  61 1 5 1 2 4 8 16
105 679 615 0  51 1 5 1 2 4 8 16
106  10 536 0  92 1 5 1 2 4 8 16
107 409 196 0  47 1 5 1 2 4 8 16
108 171 627 0  94 1 5 1 2 4 8 16
109  13 424 0   1 1 5 1 2 4 8 16
110 615  95 0  50 1 5 1 2 4 8 16
111  57 774 0  56 1 5 1 2 4 8 16
112  63 534 0  37 1 5 1 2 4 8 16
113 840 687 0  88 1 5 1 2 4 8 16
114 757 731 0  57 1 5 1 2 4 8 16
115 752 975 0  28 1 5 1 2 4 8 16
116 937  71 0  79 1 5 1 2 4 8 16
117 292  96 0  18 1 5 1 2 4 8 16
118 153 478 0  51 1 5 1 2 4 8 16
119 948 525 0  78 1 5 1 2 4 8 16
120  44  90 0  37 1 5 1 2 4 8 16
121 964 974 0   7 1 5 1 2 4 8 16
122 434 844 0  48 1 5 1 2 4 8 16
123 271 677 0  34 1 5 1 2 4 8 16
124 596 385 0  55 1 5 1 2 4 8 16
125 668 241 0  39 1 5 1 2 4 8 16
126 307 723 0  33 1 5 1 2 4 8 16
127  70  58 0  34 1 5 1 2 4 8 16
128  84  62 0   8 1 5 1 2 4 8 16
129 212 279 0  28 1 5 1 2 4 8 16
130 651 798 0  41 1 5 1 2 4 8 16
131 793 112 0  73 1 5 1 2 4 8 16
132 647 869 0  12 1 5 1 2 4 8 16
133 612 649 0  10 1 5 1 2 4 8 16
134 297 942 0  75 1 5 1 2 4 8 16
135 230 412 0  76 1 5 1 2 4 8 16
136 645 361 0  16 1 5 1 2 4 8 16
137 206 637 0  44 1 5 1 2 4 8 16
138 568 434 0  48 1 5 1 2 4 8 16
139 232 765 0  96 1 5 1 2 4 8 16
140  95 716 0  65 1 5 1 2 4 8 16
141 427 483 0  56 1 5 1 2 4 8 16
142 979   6 0  40 1 5 1 2 4 8 16
143 610 213 0  84 1 5 1 2 4 8 16
144 140 933 0  14 1 5 1 2 4 8 16
145 301 518 0  96 1 5 1 2 4 8 16
146 603 294 0   1 1 5 1 2 4 8 16
147   3  42 0  37 1 5 1 2 4 8 16
148  87 794 0  82 1 5 1 2 4 8 16
149 784 174 0  67 1 5 1 2 4 8 16
150 534  60 0  93 1 5 1 2 4 8 16
151 432 163 0  18 1 5 1 2 4 8 16
152 886 816 0  51 1 5 1 2 4 8 16
153 167 345 0  56 1 5 1 2 4 8 16
154 989 947 0  47 1 5 1 2 4 8 16
155 686 313 0  90 1 5 1 2 4 8 16
156 159 317 0  20 1 5 1 2 4 8 16
157 784 278 0  27 1 5 1 2 4 8 16
158 515 296 0   6 1 5 1 2 4 8 16
159 775 250 0  52 1 5 1 2 4 8 16
160 831 739 0  22 1 5 1 2 4 8 16
161 655 362 0  25 1 5 1 2 4 8 16
162 875 710 0  75 1 5 1 2 4 8 16
163 126 272 0  80 1 5 1 2 4 8 16
164 497 350 0  85 1 5 1 2 4 8 16
165 436  14 0  12 1 5 1 2 4 8 16
166 733 789 0  45 1 5 1 2 4 8 16
167 498 979 0  65 1 5 1 2 4 8 16
168 405 288 0  35 1 5 1 2 4 8 16
169 794 709 0  34 1 5 1 2 4 8 16
170 894 179 0  57 1 5 1 2 4 8 16
171 676 307 0  81 1 5 1 2 4 8 16
172 930 621 0  13 1 5 1 2 4 8 16
173 683  28 0  67 1 5 1 2 4 8 16
174 555   3 0  64 1 5 1 2 4 8 16
175 925 900 0  58 1 5 1 2 4 8 16
176 593 457 0  75 1 5 1 2 4 8 16
177  80 861 0   1 1 5 1 2 4 8 16
178 987 781 0  51 1 5 1 2 4 8 16
179 580 192 0  23 1 5 1 2 4 8 16
180 169 964 0  74 1 5 1 2 4 8 16
181  17 905 0  70 1 5 1 2 4 8 16
182 149 666 0  67 1 5 1 2 4 8 16
183 716 489 0  82 1 5 1 2 4 8 16
184 834 273 0  83 1 5 1 2 4 8 16
185 969 930 0  48 1 5 1 2 4 8 16
186 258 912 0  97 1 5 1 2 4 8 16
187 805 844 0  64 1 5 1 2 4 8 16
188 755 616 0  35 1 5 1 2 4 8 16
189 168 792 0  91 1 5 1 2 4 8 16
190 844 894 0   9 1 5 1 2 4 8 16
191 955 119 0  31 1 5 1 2 4 8 16
192 284 238 0  38 1 5 1 2 4 8 16
193 608 160 0   1 1 5 1 2 4 8 16
194 269  90 0  96 1 5 1 2 4 8 16
195 714 719 0  26 1 5 1 2 4 8 16
196 195 727 0  69 1 5 1 2 4 8 16
197 743 831 0  93 1 5 1 2 4 8 16
198 767 294 0  26 1 5 1 2 4 8 16
199 739 231 0   3 1 5 1 2 4 8 16
200 714 438 0  37 1 5 1 2 4 8 16
201 146 807 0  34 1 5 1 2 4 8 16
202 432 506 0   3 1 5 1 2 4 8 16
203 671  23 0  23 1 5 1 2 4 8 16
204 276 781 0  62 1 5 1 2 4 8 16
205 162 475 0   1 1 5 1 2 4 8 16
206  95 690 0  46 1 5 1 2 4 8 16
207 484 300 0  14 1 5 1 2 4 8 16
208  96 323 0  62 1 5 1 2 4 8 16
209 162 370 0  78 1 5 1 2 4 8 16
210 141 497 0  11 1 5 1 2 4 8 16
211 342 293 0  17 1 5 1 2 4 8 16
212 413 491 0  34 1 5 1 2 4 8 16
213 411 270 0  18 1 5 1 2 4 8 16
214 380 439 0  64 1 5 1 2 4 8 16
215 384 975 0 100 1 5 1 2 4 8 16
216 690 456 0  31 1 5 1 2 4 8 16
217 965 244 0  89 1 5 1 2 4 8 16
218 224 994 0  50 1 5 1 2 4 8 16
219 761 832 0  38 1 5 1 2 4 8 16
220 814 874 0  71 1 5 1 2 4 8 16
221 230 927 0  80 1 5 1 2 4 8 16
222 120 380 0  81 1 5 1 2 4 8 16
223 574 808 0  80 1 5 1 2 4 8 16
224 549 619 0   6 1 5 1 2 4 8 16
225 127  90 0  75 1 5 1 2 4 8 16
226 521 122 0  11 1 5 1 2 4 8 16
227 837 194 0  74 1 5 1 2 4 8 16
228 539 741 0  21 1 5 1 2 4 8 16
229 929 660 0  87 1 5 1 2 4 8 16
230 767 999 0  46 1 5 1 2 4 8 16
231 889 402 0  83 1 5 1 2 4 8 16
232 336 411 0  33 1 5 1 2 4 8 16
233  81 173 0  32 1 5 1 2 4 8 16
234 294 582 0  20 1 5 1 2 4 8 16
235 706 431 0  81 1 5 1 2 4 8 16
236 750 947 0  23 1 5 1 2 4 8 16
237 106 990 0  72 1 5 1 2 4 8 16
238 709 752 0  88 1 5 1 2 4 8 16
239 879 171 0  10 1 5 1 2 4 8 16
240 844 492 0  19 1 5 1 2 4 8 16
241 947 374 0  33 1 5 1 2 4 8 16
242 781 134 0  54 1 5 1 2 4 8 16
243 106 572 0  86 1 5 1 2 4 8 16
244 287 933 0  16 1 5 1 2 4 8 16
245  35 249 0  76 1 5 1 2 4 8 16
246 716 335 0  94 1 5 1 2 4 8 16
247 366 348 0  63 1 5 1 2 4 8 16
248 195 283 0  75 1 5 1 2 4 8 16
249 955 587 0  90 1 5 1 2 4 8 16
250 680 984 0  67 1 5 1 2 4 8 16
251 647  51 0  41 1 5 1 2 4 8 16
252 272 696 0  14 1 5 1 2 4 8 16
253 926 355 0  65 1 5 1 2 4 8 16
254 901 516 0  73 1 5 1 2 4 8 16
255 304 248 0  83 1 5 1 2 4 8 16
256 811 479 0  62 1 5 1 2 4 8 16
257 631 844 0  38 1 5 1 2 4 8 16
258 832 563 0  17 1 5 1 2 4 8 16
259 690 623 0  16 1 5 1 2 4 8 16
260 847 275 0  94 1 5 1 2 4 8 16
261 526 377 0  59 1 5 1 2 4 8 16
262 884 320 0  74 1 5 1 2 4 8 16
263 107  71 0  43 1 5 1 2 4 8 16
264 985 100 0  46 1 5 1 2 4 8 16
265  72  39 0  10 1 5 1 2 4 8 16
266 816 718 0  75 1 5 1 2 4 8 16
267  13 838 0  56 1 5 1 2 4 8 16
268 742 839 0  79 1 5 1 2 4 8 16
269 537 337 0  11 1 5 1 2 4 8 16
270 879  95 0   0 0 0
271 567 779 0   0 0 0
272 817 353 0   0 0 0
273 743 185 0   0 0 0
274 118 233 0   0 0 0
