2 131 297 2
0 253
0 253
  1  659 543 0  34 1 2 1 2
  2  674 546 0 100 1 2 1 2
  3  331 792 0  54 1 2 1 2
  4  673 239 0  96 1 2 1 2
  5  831 997 0  50 1 2 1 2
  6  172 859 0  52 1 2 1 2
  7  216  36 0  90 1 2 1 2
  8  714 478 0  32 1 2 1 2
  9  137 247 0  82 1 2 1 2
 10  395 969 0   2 1 2 1 2
 11   27  71 0  16 1 2 1 2
 12  629 564 0  30 1 2 1 2
 13  739  41 0  48 1 2 1 2
 14  494 860 0  17 1 2 1 2
 15  792 633 0  41 1 2 1 2
 16  321 193 0  78 1 2 1 2
 17  424 421 0  61 1 2 1 2
 18   72 946 0  30 1 2 1 2
 19  335 551 0  38 1 2 1 2
 20  847 184 0  52 1 2 1 2
 21  805 122 0  27 1 2 1 2
 22   53  14 0  50 1 2 1 2
 23  585 335 0  88 1 2 1 2
 24  863 512 0  12 1 2 1 2
 25   40 319 0  49 1 2 1 2
 26  193 557 0  56 1 2 1 2
 27  967   4 0  51 1 2 1 2
 28  517 428 0  43 1 2 1 2
 29  591 978 0  44 1 2 1 2
 30  485 841 0   2 1 2 1 2
 31  587 796 0  46 1 2 1 2
 32  391 214 0  55 1 2 1 2
 33  821 320 0  51 1 2 1 2
 34  196 504 0  81 1 2 1 2
 35  129 363 0  65 1 2 1 2
 36  397 321 0  35 1 2 1 2
 37  610 595 0  16 1 2 1 2
 38  127 310 0  36 1 2 1 2
 39    9   8 0  85 1 2 1 2
 40  935 980 0  11 1 2 1 2
 41  871  69 0  74 1 2 1 2
 42  405 670 0  32 1 2 1 2
 43   45 819 0  58 1 2 1 2
 44  183 205 0  14 1 2 1 2
 45  211 727 0  61 1 2 1 2
 46  293 292 0  43 1 2 1 2
 47  664 975 0  62 1 2 1 2
 48  528 495 0  96 1 2 1 2
 49  757 620 0  80 1 2 1 2
 50  125  50 0  70 1 2 1 2
 51  977 555 0  23 1 2 1 2
 52  226 390 0  68 1 2 1 2
 53  314 952 0  67 1 2 1 2
 54  980 798 0  57 1 2 1 2
 55  762 949 0  52 1 2 1 2
 56  922 133 0  33 1 2 1 2
 57   55 235 0  71 1 2 1 2
 58  426 575 0  10 1 2 1 2
 59  712 868 0  27 1 2 1 2
 60  286 529 0  55 1 2 1 2
 61  409 149 0  69 1 2 1 2
 62   28 390 0  33 1 2 1 2
 63  275 651 0  57 1 2 1 2
 64  163 970 0  76 1 2 1 2
 65  502 295 0  88 1 2 1 2
 66  756 605 0  72 1 2 1 2
 67   16 461 0  63 1 2 1 2
 68  664 673 0  60 1 2 1 2
 69  343 702 0  67 1 2 1 2
 70  952 781 0   9 1 2 1 2
 71  937 821 0  69 1 2 1 2
 72  590 792 0  53 1 2 1 2
 73  729 652 0  60 1 2 1 2
 74  652 886 0  86 1 2 1 2
 75  636 972 0  69 1 2 1 2
 76   19 407 0  60 1 2 1 2
 77  881 905 0  46 1 2 1 2
 78  513 404 0  38 1 2 1 2
 79  930 493 0  84 1 2 1 2
 80  790 244 0  76 1 2 1 2
 81  880  16 0  70 1 2 1 2
 82  110 763 0  93 1 2 1 2
 83  401 851 0  55 1 2 1 2
 84  606 289 0  26 1 2 1 2
 85  295 408 0  22 1 2 1 2
 86  969 312 0  82 1 2 1 2
 87  634 997 0  66 1 2 1 2
 88  574 833 0  82 1 2 1 2
 89  422 208 0  28 1 2 1 2
 90  705 216 0  11 1 2 1 2
 91   21 173 0  86 1 2 1 2
 92  903 560 0  97 1 2 1 2
 93   65 741 0  54 1 2 1 2
 94  843 694 0  98 1 2 1 2
 95  988 438 0  82 1 2 1 2
 96  531 151 0  32 1 2 1 2
 97  726  33 0  33 1 2 1 2
 98  112 364 0  76 1 2 1 2
 99  330 515 0  32 1 2 1 2
100  527 698 0  39 1 2 1 2
101  292 644 0  95 1 2 1 2
102  770 900 0  68 1 2 1 2
103  346  56 0  60 1 2 1 2
104  742 920 0  55 1 2 1 2
105  760 585 0  58 1 2 1 2
106  240 689 0  41 1 2 1 2
107  411 151 0  35 1 2 1 2
108  430 362 0  75 1 2 1 2
109  873  37 0   5 1 2 1 2
110  725 729 0  19 1 2 1 2
111  495 773 0  89 1 2 1 2
112  393 479 0  85 1 2 1 2
113  486 869 0  94 1 2 1 2
114  440 688 0  74 1 2 1 2
115  181 277 0  34 1 2 1 2
116  266 883 0  88 1 2 1 2
117  950  52 0  53 1 2 1 2
118  208 711 0  75 1 2 1 2
119  470 678 0  91 1 2 1 2
120  856 817 0  40 1 2 1 2
121  514 460 0  39 1 2 1 2
122  755 119 0   1 1 2 1 2
123  372  63 0  37 1 2 1 2
124  732 470 0  17 1 2 1 2
125  392 385 0  18 1 2 1 2
126  867 928 0  70 1 2 1 2
127  491 367 0  75 1 2 1 2
128  979 913 0  52 1 2 1 2
129  589 796 0  33 1 2 1 2
130 1000 673 0  83 1 2 1 2
131  550 273 0  40 1 2 1 2
132  641 109 0  91 1 2 1 2
133  826 326 0  79 1 2 1 2
134  656 148 0  30 1 2 1 2
135  955 659 0  58 1 2 1 2
136  404  27 0   2 1 2 1 2
137  709  73 0  60 1 2 1 2
138 1000 326 0  60 1 2 1 2
139  285 703 0  83 1 2 1 2
140  896  63 0  55 1 2 1 2
141   26 986 0  97 1 2 1 2
142  831 177 0  48 1 2 1 2
143  754 970 0  84 1 2 1 2
144  281 356 0  57 1 2 1 2
145  517 144 0  55 1 2 1 2
146  502 913 0   4 1 2 1 2
147  111 225 0  43 1 2 1 2
148  663 658 0  29 1 2 1 2
149   57 600 0  66 1 2 1 2
150  542 918 0  50 1 2 1 2
151  548 216 0  90 1 2 1 2
152  598  85 0  58 1 2 1 2
153  806 308 0  86 1 2 1 2
154  306 493 0  78 1 2 1 2
155  525 669 0  11 1 2 1 2
156  359  79 0  62 1 2 1 2
157  177 516 0  97 1 2 1 2
158  178 278 0  39 1 2 1 2
159  464 560 0  38 1 2 1 2
160  228 299 0  57 1 2 1 2
161  298 589 0  16 1 2 1 2
162  672 905 0   9 1 2 1 2
163  897 228 0  47 1 2 1 2
164  874 133 0  96 1 2 1 2
165  913 587 0  54 1 2 1 2
166  857  73 0  32 1 2 1 2
167  842 821 0  39 1 2 1 2
168  349 664 0   5 1 2 1 2
169  745 806 0   4 1 2 1 2
170  847 672 0  22 1 2 1 2
171  808 674 0   8 1 2 1 2
172   55 933 0  55 1 2 1 2
173  496 544 0  90 1 2 1 2
174  295  98 0  40 1 2 1 2
175  993 868 0  28 1 2 1 2
176  134 810 0  32 1 2 1 2
177  114 492 0  90 1 2 1 2
178   76 902 0  58 1 2 1 2
179  820 163 0  28 1 2 1 2
180  929 136 0  35 1 2 1 2
181  415 486 0   4 1 2 1 2
182  740 120 0   8 1 2 1 2
183  971 116 0   2 1 2 1 2
184  619 621 0  22 1 2 1 2
185  450 624 0  60 1 2 1 2
186  731 962 0  68 1 2 1 2
187  448 757 0   6 1 2 1 2
188  715 908 0  19 1 2 1 2
189  948 223 0  54 1 2 1 2
190  896 843 0  89 1 2 1 2
191   18 467 0  70 1 2 1 2
192  381 271 0   5 1 2 1 2
193  842 707 0  25 1 2 1 2
194  728 361 0  97 1 2 1 2
195  937 171 0  68 1 2 1 2
196  498 704 0  16 1 2 1 2
197  759 355 0  51 1 2 1 2
198  179 914 0  36 1 2 1 2
199  765 255 0  31 1 2 1 2
200  875 368 0  51 1 2 1 2
201  737 973 0   1 1 2 1 2
202   28 511 0  23 1 2 1 2
203  870  44 0  16 1 2 1 2
204  398 858 0  51 1 2 1 2
205  361  86 0  75 1 2 1 2
206  700 965 0  90 1 2 1 2
207  191 880 0  61 1 2 1 2
208  587  77 0  78 1 2 1 2
209  717 696 0   9 1 2 1 2
210  603 648 0  22 1 2 1 2
211  137 948 0  24 1 2 1 2
212   71  70 0  99 1 2 1 2
213  619 194 0  79 1 2 1 2
214  549 824 0  51 1 2 1 2
215  978 204 0  94 1 2 1 2
216  635 389 0  78 1 2 1 2
217    8 505 0  60 1 2 1 2
218  528 160 0  87 1 2 1 2
219  628 998 0  54 1 2 1 2
220  739 845 0  51 1 2 1 2
221  284  76 0  52 1 2 1 2
222  920  63 0  84 1 2 1 2
223  936 488 0  31 1 2 1 2
224  340 732 0   7 1 2 1 2
225  461 903 0  31 1 2 1 2
226  788 428 0  62 1 2 1 2
227  904 315 0  66 1 2 1 2
228  352 740 0  88 1 2 1 2
229  492 592 0  43 1 2 1 2
230  991 908 0  20 1 2 1 2
231  976  74 0  29 1 2 1 2
232  111 871 0  25 1 2 1 2
233  609 840 0  51 1 2 1 2
234  771 705 0  60 1 2 1 2
235  689   2 0  40 1 2 1 2
236  649 951 0  71 1 2 1 2
237  684 937 0  61 1 2 1 2
238  158  62 0   1 1 2 1 2
239  102 991 0  56 1 2 1 2
240  243 915 0  94 1 2 1 2
241  386 940 0  55 1 2 1 2
242  176 303 0  38 1 2 1 2
243  808  28 0  60 1 2 1 2
244  299 513 0  11 1 2 1 2
245  960 774 0  35 1 2 1 2
246  632 997 0   4 1 2 1 2
247  135 421 0  68 1 2 1 2
248  694  96 0  58 1 2 1 2
249  192 962 0  43 1 2 1 2
250  611 549 0  92 1 2 1 2
251  447 500 0  43 1 2 1 2
252  381 479 0  45 1 2 1 2
253  902 782 0  99 1 2 1 2
254  476 276 0  80 1 2 1 2
255   83 750 0  44 1 2 1 2
256   61 354 0  24 1 2 1 2
257  432 720 0  71 1 2 1 2
258  427 846 0  40 1 2 1 2
259  370 574 0  97 1 2 1 2
260  622 997 0  47 1 2 1 2
261  349  75 0  11 1 2 1 2
262  792 964 0  20 1 2 1 2
263  146 421 0  83 1 2 1 2
264  877 931 0  40 1 2 1 2
265  247 764 0  92 1 2 1 2
266  161 833 0  14 1 2 1 2
267  954 186 0  67 1 2 1 2
268   25 471 0  27 1 2 1 2
269  111 976 0  26 1 2 1 2
270  483 170 0  70 1 2 1 2
271  211 437 0  68 1 2 1 2
272  522 551 0  82 1 2 1 2
273   27 927 0  65 1 2 1 2
274  743  77 0  53 1 2 1 2
275  141 436 0  37 1 2 1 2
276  269 508 0  74 1 2 1 2
277  801 487 0  61 1 2 1 2
278  218   3 0  81 1 2 1 2
279  637 463 0  68 1 2 1 2
280    3 298 0  99 1 2 1 2
281  245 812 0  19 1 2 1 2
282  661 291 0  10 1 2 1 2
283  957 517 0   7 1 2 1 2
284  225 600 0  82 1 2 1 2
285  957 492 0  55 1 2 1 2
286  766 508 0  35 1 2 1 2
287  276 832 0  79 1 2 1 2
288  538 834 0  32 1 2 1 2
289  661 594 0   2 1 2 1 2
290  899 737 0  89 1 2 1 2
291  290 938 0  87 1 2 1 2
292  809 117 0  35 1 2 1 2
293  961 641 0  42 1 2 1 2
294  938 419 0  88 1 2 1 2
295  623 523 0  27 1 2 1 2
296  780 712 0  19 1 2 1 2
297   27 485 0  74 1 2 1 2
298  819 582 0   0 0 0
299  106 711 0   0 0 0
