2 120 298 3
0 258
0 258
0 258
  1 512 604 0  46 1 3 1 2 4
  2 306 575 0  39 1 3 1 2 4
  3 861 876 0  96 1 3 1 2 4
  4 481 349 0  85 1 3 1 2 4
  5 369 670 0  84 1 3 1 2 4
  6 467 662 0  56 1 3 1 2 4
  7 224  64 0  28 1 3 1 2 4
  8 850 769 0  47 1 3 1 2 4
  9 874 869 0  76 1 3 1 2 4
 10 354 316 0  96 1 3 1 2 4
 11 636 645 0  30 1 3 1 2 4
 12 449 476 0  47 1 3 1 2 4
 13 797 639 0  74 1 3 1 2 4
 14 394  52 0  37 1 3 1 2 4
 15 395 586 0  17 1 3 1 2 4
 16 286 249 0  69 1 3 1 2 4
 17 621 696 0  67 1 3 1 2 4
 18 644 134 0  87 1 3 1 2 4
 19 498 563 0  11 1 3 1 2 4
 20  13 259 0   5 1 3 1 2 4
 21 971  46 0  69 1 3 1 2 4
 22 195 474 0  39 1 3 1 2 4
 23 414 384 0  64 1 3 1 2 4
 24 825 582 0  80 1 3 1 2 4
 25 154 815 0  55 1 3 1 2 4
 26 584 524 0  23 1 3 1 2 4
 27 832 171 0  79 1 3 1 2 4
 28 385 643 0  67 1 3 1 2 4
 29   5 446 0  15 1 3 1 2 4
 30 630 759 0  47 1 3 1 2 4
 31 202 389 0  53 1 3 1 2 4
 32 696 147 0  28 1 3 1 2 4
 33 751 422 0  65 1 3 1 2 4
 34 779 868 0  49 1 3 1 2 4
 35 478 570 0  97 1 3 1 2 4
 36 596 789 0  30 1 3 1 2 4
 37 432  33 0  27 1 3 1 2 4
 38 904 239 0   7 1 3 1 2 4
 39 963 372 0  89 1 3 1 2 4
 40 726 363 0  74 1 3 1 2 4
 41 517 581 0  90 1 3 1 2 4
 42 889 905 0  57 1 3 1 2 4
 43 147  31 0  39 1 3 1 2 4
 44 836 499 0  70 1 3 1 2 4
 45 807 950 0  23 1 3 1 2 4
 46 657 605 0  33 1 3 1 2 4
 47 557 555 0  13 1 3 1 2 4
 48 731  91 0  26 1 3 1 2 4
 49 882  32 0  81 1 3 1 2 4
 50  96 540 0  18 1 3 1 2 4
 51  81 354 0  58 1 3 1 2 4
 52 689 920 0  93 1 3 1 2 4
 53 950 457 0  22 1 3 1 2 4
 54 667 964 0  99 1 3 1 2 4
 55 996 506 0  81 1 3 1 2 4
 56 210 282 0  36 1 3 1 2 4
 57 890 356 0  78 1 3 1 2 4
 58 759 249 0  62 1 3 1 2 4
 59 632 258 0   8 1 3 1 2 4
 60 525 595 0  48 1 3 1 2 4
 61 728 566 0  66 1 3 1 2 4
 62 633 707 0  11 1 3 1 2 4
 63 841 876 0  84 1 3 1 2 4
 64 150 155 0  65 1 3 1 2 4
 65 697 896 0  23 1 3 1 2 4
 66 752 964 0   8 1 3 1 2 4
 67 311 271 0  63 1 3 1 2 4
 68 796 649 0  47 1 3 1 2 4
 69 138 114 0  41 1 3 1 2 4
 70 852 575 0  49 1 3 1 2 4
 71 523 334 0  95 1 3 1 2 4
 72 496 591 0  85 1 3 1 2 4
 73 959 234 0   2 1 3 1 2 4
 74 257 302 0  68 1 3 1 2 4
 75 453 787 0  22 1 3 1 2 4
 76 371 683 0  63 1 3 1 2 4
 77 545 972 0  26 1 3 1 2 4
 78  46 500 0  80 1 3 1 2 4
 79 529 185 0   4 1 3 1 2 4
 80 511 283 0   8 1 3 1 2 4
 81  26 748 0  28 1 3 1 2 4
 82 366 690 0  96 1 3 1 2 4
 83 525 568 0 100 1 3 1 2 4
 84 669 670 0  46 1 3 1 2 4
 85 279 269 0  10 1 3 1 2 4
 86 975 347 0   1 1 3 1 2 4
 87 511 401 0  25 1 3 1 2 4
 88  81  15 0  43 1 3 1 2 4
 89 246 329 0  14 1 3 1 2 4
 90  63 745 0   9 1 3 1 2 4
 91  19 556 0  10 1 3 1 2 4
 92 401 507 0  29 1 3 1 2 4
 93 591 428 0  45 1 3 1 2 4
 94 449 760 0  71 1 3 1 2 4
 95 689 672 0  25 1 3 1 2 4
 96 976 684 0  54 1 3 1 2 4
 97 109 707 0  43 1 3 1 2 4
 98 578 610 0  57 1 3 1 2 4
 99 750 724 0  72 1 3 1 2 4
100  25 279 0  89 1 3 1 2 4
101 260 311 0  93 1 3 1 2 4
102 908 759 0   2 1 3 1 2 4
103 666 963 0  87 1 3 1 2 4
104 144 913 0  90 1 3 1 2 4
105 532 791 0  35 1 3 1 2 4
106 243 154 0  99 1 3 1 2 4
107  45 354 0  29 1 3 1 2 4
108 923 181 0  31 1 3 1 2 4
109 922 886 0  58 1 3 1 2 4
110  71 807 0  16 1 3 1 2 4
111 851 756 0  29 1 3 1 2 4
112 590 463 0   5 1 3 1 2 4
113 698 347 0  18 1 3 1 2 4
114 434 641 0  22 1 3 1 2 4
115  93 380 0  29 1 3 1 2 4
116 750 648 0  70 1 3 1 2 4
117 544 935 0  54 1 3 1 2 4
118 242  55 0   8 1 3 1 2 4
119 403  17 0  38 1 3 1 2 4
120 216 326 0  41 1 3 1 2 4
121 489 183 0  46 1 3 1 2 4
122 758 170 0  98 1 3 1 2 4
123  51 439 0  19 1 3 1 2 4
124 428 577 0  59 1 3 1 2 4
125 544 811 0  11 1 3 1 2 4
126  91 831 0  51 1 3 1 2 4
127 699  55 0  94 1 3 1 2 4
128 861 741 0  59 1 3 1 2 4
129 600  84 0   4 1 3 1 2 4
130 967 409 0  70 1 3 1 2 4
131 225 754 0  10 1 3 1 2 4
132 634 332 0  74 1 3 1 2 4
133  49   6 0  62 1 3 1 2 4
134 870 157 0  41 1 3 1 2 4
135 893 322 0  76 1 3 1 2 4
136 783 952 0 100 1 3 1 2 4
137 513 165 0  66 1 3 1 2 4
138 353  59 0  62 1 3 1 2 4
139 454 199 0  40 1 3 1 2 4
140 336 743 0  10 1 3 1 2 4
141 734 306 0  66 1 3 1 2 4
142  71 377 0  22 1 3 1 2 4
143 769 879 0  40 1 3 1 2 4
144 863  96 0  14 1 3 1 2 4
145 718 346 0   3 1 3 1 2 4
146  94 200 0  25 1 3 1 2 4
147 481 625 0  85 1 3 1 2 4
148 680 510 0  51 1 3 1 2 4
149 622 954 0 100 1 3 1 2 4
150 137 627 0  42 1 3 1 2 4
151 322 844 0  93 1 3 1 2 4
152 782 696 0  79 1 3 1 2 4
153 580  32 0  20 1 3 1 2 4
154 900 112 0  63 1 3 1 2 4
155 678 239 0  84 1 3 1 2 4
156 105   0 0  53 1 3 1 2 4
157 659 477 0  50 1 3 1 2 4
158 420   3 0  99 1 3 1 2 4
159 738 106 0  83 1 3 1 2 4
160 378 217 0  28 1 3 1 2 4
161 758 197 0  42 1 3 1 2 4
162 737 284 0 100 1 3 1 2 4
163 525 604 0  10 1 3 1 2 4
164 145 763 0   7 1 3 1 2 4
165 363  94 0  17 1 3 1 2 4
166  76 966 0 100 1 3 1 2 4
167 740 646 0  20 1 3 1 2 4
168  22 462 0  66 1 3 1 2 4
169 426 611 0  90 1 3 1 2 4
170 496 309 0  98 1 3 1 2 4
171 760 188 0  77 1 3 1 2 4
172 299 941 0  12 1 3 1 2 4
173 164 729 0  73 1 3 1 2 4
174 367 385 0   5 1 3 1 2 4
175  33 704 0  29 1 3 1 2 4
176 443 186 0  91 1 3 1 2 4
177 584 118 0  40 1 3 1 2 4
178 330  43 0  45 1 3 1 2 4
179 886 992 0  97 1 3 1 2 4
180 611 754 0   1 1 3 1 2 4
181 301 585 0  48 1 3 1 2 4
182 553 912 0  89 1 3 1 2 4
183 488  73 0  48 1 3 1 2 4
184  14 513 0  88 1 3 1 2 4
185 343 157 0  21 1 3 1 2 4
186 316 150 0  83 1 3 1 2 4
187  50 713 0  53 1 3 1 2 4
188 181 454 0  99 1 3 1 2 4
189 822 645 0   4 1 3 1 2 4
190 218 577 0  11 1 3 1 2 4
191 534 700 0   3 1 3 1 2 4
192  99 972 0  28 1 3 1 2 4
193 333 389 0  27 1 3 1 2 4
194 407 313 0   1 1 3 1 2 4
195   6 807 0  82 1 3 1 2 4
196 946 485 0  13 1 3 1 2 4
197 848 322 0  17 1 3 1 2 4
198 808 905 0  99 1 3 1 2 4
199 672 785 0   3 1 3 1 2 4
200 402 812 0  63 1 3 1 2 4
201 807 148 0  46 1 3 1 2 4
202 160 930 0  15 1 3 1 2 4
203 277 904 0  60 1 3 1 2 4
204 851 621 0  99 1 3 1 2 4
205 818 498 0  76 1 3 1 2 4
206 183 277 0  78 1 3 1 2 4
207 732 796 0  55 1 3 1 2 4
208 269 496 0  64 1 3 1 2 4
209 114 260 0  51 1 3 1 2 4
210 516 727 0 100 1 3 1 2 4
211 420 744 0  56 1 3 1 2 4
212 215 282 0  34 1 3 1 2 4
213 980 324 0  86 1 3 1 2 4
214 663 672 0  33 1 3 1 2 4
215  25 299 0  67 1 3 1 2 4
216 396 435 0   3 1 3 1 2 4
217 478 193 0   2 1 3 1 2 4
218 852 707 0  70 1 3 1 2 4
219 710 124 0  32 1 3 1 2 4
220 814 156 0  96 1 3 1 2 4
221 769 632 0  99 1 3 1 2 4
222 144 346 0  31 1 3 1 2 4
223 979 134 0  62 1 3 1 2 4
224 757 111 0  42 1 3 1 2 4
225 396 273 0  31 1 3 1 2 4
226 931  73 0  66 1 3 1 2 4
227  94 254 0  81 1 3 1 2 4
228 427 108 0  31 1 3 1 2 4
229 165 138 0  65 1 3 1 2 4
230 470 952 0  94 1 3 1 2 4
231 270 392 0   9 1 3 1 2 4
232 857  52 0  23 1 3 1 2 4
233  10 370 0  55 1 3 1 2 4
234 231 834 0  63 1 3 1 2 4
235 471  14 0  65 1 3 1 2 4
236 857 167 0  77 1 3 1 2 4
237 338 169 0  59 1 3 1 2 4
238 373 552 0  84 1 3 1 2 4
239 207 660 0  72 1 3 1 2 4
240 440 608 0  86 1 3 1 2 4
241 583 812 0  77 1 3 1 2 4
242 256 845 0  94 1 3 1 2 4
243 677  83 0  25 1 3 1 2 4
244 545 493 0  73 1 3 1 2 4
245 824 217 0  20 1 3 1 2 4
246 302 659 0  33 1 3 1 2 4
247 627 668 0  39 1 3 1 2 4
248 663  46 0  62 1 3 1 2 4
249 593 986 0  82 1 3 1 2 4
250 971 557 0  68 1 3 1 2 4
251  48 226 0  71 1 3 1 2 4
252 968  94 0  91 1 3 1 2 4
253 681 480 0  37 1 3 1 2 4
254 221 493 0  99 1 3 1 2 4
255 362 136 0  72 1 3 1 2 4
256 838 956 0  67 1 3 1 2 4
257 475 858 0  94 1 3 1 2 4
258 767  67 0  41 1 3 1 2 4
259 600 153 0  99 1 3 1 2 4
260 165 370 0  80 1 3 1 2 4
261 374 368 0  27 1 3 1 2 4
262 236 808 0  87 1 3 1 2 4
263 251 908 0   7 1 3 1 2 4
264 865 267 0  12 1 3 1 2 4
265 870 364 0  56 1 3 1 2 4
266 748 409 0  81 1 3 1 2 4
267 319 289 0  64 1 3 1 2 4
268 767 729 0  22 1 3 1 2 4
269  82 981 0  71 1 3 1 2 4
270  30 616 0  28 1 3 1 2 4
271 941 453 0  52 1 3 1 2 4
272  82 812 0  61 1 3 1 2 4
273 903 482 0  78 1 3 1 2 4
274 929 646 0  27 1 3 1 2 4
275 344 429 0  20 1 3 1 2 4
276 763 738 0  90 1 3 1 2 4
277 374 112 0  84 1 3 1 2 4
278 134 194 0  92 1 3 1 2 4
279 785 994 0 100 1 3 1 2 4
280 344 893 0  13 1 3 1 2 4
281 206 901 0  74 1 3 1 2 4
282  78 680 0  27 1 3 1 2 4
283 865 478 0  81 1 3 1 2 4
284 819 133 0   9 1 3 1 2 4
285 191 311 0  42 1 3 1 2 4
286 458 392 0  86 1 3 1 2 4
287  97 349 0  67 1 3 1 2 4
288 658 515 0  14 1 3 1 2 4
289 283 690 0  94 1 3 1 2 4
290 703 898 0  17 1 3 1 2 4
291 324 566 0  32 1 3 1 2 4
292 497 323 0  76 1 3 1 2 4
293 308 681 0   1 1 3 1 2 4
294 350 117 0  92 1 3 1 2 4
295 222 325 0  76 1 3 1 2 4
296 261 651 0  98 1 3 1 2 4
297 978 993 0  70 1 3 1 2 4
298 494 890 0  76 1 3 1 2 4
299 805 715 0   0 0 0
300 819 965 0   0 0 0
301 530 566 0   0 0 0
