2 64 308 5
0 258
0 258
0 258
0 258
0 258
  1 375  257 0  15 1 5 1 2 4 8 16
  2 330  136 0  53 1 5 1 2 4 8 16
  3 105  296 0  26 1 5 1 2 4 8 16
  4 165  780 0  27 1 5 1 2 4 8 16
  5 405  622 0  64 1 5 1 2 4 8 16
  6 541  577 0  69 1 5 1 2 4 8 16
  7 820  560 0   5 1 5 1 2 4 8 16
  8 837  832 0  80 1 5 1 2 4 8 16
  9  20  186 0  59 1 5 1 2 4 8 16
 10 969  238 0  11 1 5 1 2 4 8 16
 11  64  502 0  50 1 5 1 2 4 8 16
 12 872  165 0  96 1 5 1 2 4 8 16
 13 165  419 0  56 1 5 1 2 4 8 16
 14 998  821 0  86 1 5 1 2 4 8 16
 15  99  695 0  78 1 5 1 2 4 8 16
 16 214  366 0  10 1 5 1 2 4 8 16
 17 765  822 0  97 1 5 1 2 4 8 16
 18 295  899 0  84 1 5 1 2 4 8 16
 19 754  760 0  72 1 5 1 2 4 8 16
 20 189  219 0   9 1 5 1 2 4 8 16
 21 612  883 0  67 1 5 1 2 4 8 16
 22 614  478 0  36 1 5 1 2 4 8 16
 23  20  864 0  36 1 5 1 2 4 8 16
 24  53  326 0  72 1 5 1 2 4 8 16
 25 682  615 0  13 1 5 1 2 4 8 16
 26 627  700 0  50 1 5 1 2 4 8 16
 27 469  522 0  72 1 5 1 2 4 8 16
 28 365  635 0  37 1 5 1 2 4 8 16
 29 685  808 0  17 1 5 1 2 4 8 16
 30 281  956 0  28 1 5 1 2 4 8 16
 31 579  261 0   4 1 5 1 2 4 8 16
 32 859  188 0  55 1 5 1 2 4 8 16
 33 629   76 0  35 1 5 1 2 4 8 16
 34 846  613 0  52 1 5 1 2 4 8 16
 35 518   79 0   3 1 5 1 2 4 8 16
 36 836  452 0  24 1 5 1 2 4 8 16
 37 447  773 0  87 1 5 1 2 4 8 16
 38 171  846 0  41 1 5 1 2 4 8 16
 39 489  692 0  49 1 5 1 2 4 8 16
 40 537  928 0  91 1 5 1 2 4 8 16
 41 570  550 0  75 1 5 1 2 4 8 16
 42  83  365 0  67 1 5 1 2 4 8 16
 43 543  153 0  82 1 5 1 2 4 8 16
 44 542  582 0  52 1 5 1 2 4 8 16
 45 898  279 0  97 1 5 1 2 4 8 16
 46 657  924 0  93 1 5 1 2 4 8 16
 47 966  635 0  79 1 5 1 2 4 8 16
 48 548  807 0   4 1 5 1 2 4 8 16
 49 503  339 0  52 1 5 1 2 4 8 16
 50 307  235 0  66 1 5 1 2 4 8 16
 51 293  933 0  62 1 5 1 2 4 8 16
 52 305  340 0  80 1 5 1 2 4 8 16
 53 248  371 0  48 1 5 1 2 4 8 16
 54 981  242 0  92 1 5 1 2 4 8 16
 55 238  403 0  36 1 5 1 2 4 8 16
 56 811  956 0  33 1 5 1 2 4 8 16
 57 428  507 0  89 1 5 1 2 4 8 16
 58 387  293 0  75 1 5 1 2 4 8 16
 59  59  974 0  85 1 5 1 2 4 8 16
 60 972  353 0  40 1 5 1 2 4 8 16
 61 111  861 0  93 1 5 1 2 4 8 16
 62 849  352 0   8 1 5 1 2 4 8 16
 63 400   57 0   7 1 5 1 2 4 8 16
 64 765   10 0  42 1 5 1 2 4 8 16
 65 977  387 0  24 1 5 1 2 4 8 16
 66 658  600 0  72 1 5 1 2 4 8 16
 67 891  825 0  37 1 5 1 2 4 8 16
 68 207  930 0  69 1 5 1 2 4 8 16
 69 153  868 0  91 1 5 1 2 4 8 16
 70 934  311 0  58 1 5 1 2 4 8 16
 71 718  204 0  29 1 5 1 2 4 8 16
 72 383  492 0  69 1 5 1 2 4 8 16
 73 419  814 0  89 1 5 1 2 4 8 16
 74 329  632 0  47 1 5 1 2 4 8 16
 75 700   96 0  69 1 5 1 2 4 8 16
 76 123  999 0  17 1 5 1 2 4 8 16
 77 573  803 0  70 1 5 1 2 4 8 16
 78 473   57 0  19 1 5 1 2 4 8 16
 79 544  511 0  72 1 5 1 2 4 8 16
 80 314  337 0  60 1 5 1 2 4 8 16
 81 403  683 0  79 1 5 1 2 4 8 16
 82 210  196 0  20 1 5 1 2 4 8 16
 83 576   47 0  64 1 5 1 2 4 8 16
 84 187  257 0  49 1 5 1 2 4 8 16
 85  65  621 0  84 1 5 1 2 4 8 16
 86 477  694 0  84 1 5 1 2 4 8 16
 87 683  605 0  44 1 5 1 2 4 8 16
 88 439   25 0  12 1 5 1 2 4 8 16
 89  88  291 0  89 1 5 1 2 4 8 16
 90 424  295 0  16 1 5 1 2 4 8 16
 91 520  172 0  66 1 5 1 2 4 8 16
 92 978  603 0  80 1 5 1 2 4 8 16
 93 484  702 0  71 1 5 1 2 4 8 16
 94 859  909 0  55 1 5 1 2 4 8 16
 95 464  909 0  36 1 5 1 2 4 8 16
 96 528  674 0  50 1 5 1 2 4 8 16
 97 621  415 0  30 1 5 1 2 4 8 16
 98 766  215 0  83 1 5 1 2 4 8 16
 99 931  522 0  26 1 5 1 2 4 8 16
100 701  603 0  15 1 5 1 2 4 8 16
101 861  157 0  10 1 5 1 2 4 8 16
102 186  685 0  28 1 5 1 2 4 8 16
103 117  733 0  34 1 5 1 2 4 8 16
104 595  915 0  91 1 5 1 2 4 8 16
105 896  823 0  32 1 5 1 2 4 8 16
106 257  773 0  57 1 5 1 2 4 8 16
107 665  822 0  41 1 5 1 2 4 8 16
108 358  713 0  26 1 5 1 2 4 8 16
109 719   55 0  18 1 5 1 2 4 8 16
110 413  402 0  82 1 5 1 2 4 8 16
111 694  573 0  20 1 5 1 2 4 8 16
112 966  440 0  83 1 5 1 2 4 8 16
113 237   15 0  74 1 5 1 2 4 8 16
114 254  521 0  23 1 5 1 2 4 8 16
115 505  490 0 100 1 5 1 2 4 8 16
116 718  502 0  82 1 5 1 2 4 8 16
117 918  383 0   4 1 5 1 2 4 8 16
118 776  307 0  20 1 5 1 2 4 8 16
119 342  788 0  57 1 5 1 2 4 8 16
120 508  264 0  29 1 5 1 2 4 8 16
121 523  458 0  86 1 5 1 2 4 8 16
122 718  843 0  98 1 5 1 2 4 8 16
123 449  735 0   2 1 5 1 2 4 8 16
124 525  391 0  57 1 5 1 2 4 8 16
125 400  398 0  29 1 5 1 2 4 8 16
126 653  398 0  15 1 5 1 2 4 8 16
127 477  579 0  67 1 5 1 2 4 8 16
128 592  767 0  38 1 5 1 2 4 8 16
129 325  884 0  40 1 5 1 2 4 8 16
130 331  195 0  72 1 5 1 2 4 8 16
131 799  542 0  90 1 5 1 2 4 8 16
132 566  482 0  99 1 5 1 2 4 8 16
133 602  131 0   8 1 5 1 2 4 8 16
134 585   74 0   1 1 5 1 2 4 8 16
135 520  271 0  19 1 5 1 2 4 8 16
136 308  767 0  64 1 5 1 2 4 8 16
137 809  563 0  56 1 5 1 2 4 8 16
138 516    1 0  88 1 5 1 2 4 8 16
139 757  295 0  78 1 5 1 2 4 8 16
140 512  754 0  12 1 5 1 2 4 8 16
141 474  248 0  36 1 5 1 2 4 8 16
142  86  376 0  43 1 5 1 2 4 8 16
143  68  954 0  82 1 5 1 2 4 8 16
144 402  541 0  75 1 5 1 2 4 8 16
145 581  404 0  87 1 5 1 2 4 8 16
146 149  412 0  72 1 5 1 2 4 8 16
147 727   58 0  78 1 5 1 2 4 8 16
148 171  107 0  65 1 5 1 2 4 8 16
149 224  939 0  55 1 5 1 2 4 8 16
150 404  129 0  16 1 5 1 2 4 8 16
151  13  719 0  34 1 5 1 2 4 8 16
152 644  249 0  52 1 5 1 2 4 8 16
153 521  376 0  78 1 5 1 2 4 8 16
154 816  995 0  86 1 5 1 2 4 8 16
155 340  380 0  12 1 5 1 2 4 8 16
156  59  289 0  93 1 5 1 2 4 8 16
157 980  686 0  23 1 5 1 2 4 8 16
158 311  144 0  57 1 5 1 2 4 8 16
159  98  565 0 100 1 5 1 2 4 8 16
160 446  632 0  96 1 5 1 2 4 8 16
161 251  114 0  93 1 5 1 2 4 8 16
162 156  250 0  21 1 5 1 2 4 8 16
163 961  321 0  52 1 5 1 2 4 8 16
164 240   99 0  64 1 5 1 2 4 8 16
165 419  681 0  53 1 5 1 2 4 8 16
166 660  456 0  92 1 5 1 2 4 8 16
167 499  512 0  76 1 5 1 2 4 8 16
168 112  607 0  80 1 5 1 2 4 8 16
169 848  301 0  44 1 5 1 2 4 8 16
170 143  762 0  40 1 5 1 2 4 8 16
171 977   94 0  85 1 5 1 2 4 8 16
172 985  445 0  49 1 5 1 2 4 8 16
173 369 1000 0  86 1 5 1 2 4 8 16
174 184  393 0  77 1 5 1 2 4 8 16
175 802  540 0  22 1 5 1 2 4 8 16
176 340  319 0  52 1 5 1 2 4 8 16
177 155  807 0  94 1 5 1 2 4 8 16
178  49  274 0  32 1 5 1 2 4 8 16
179 928  709 0  27 1 5 1 2 4 8 16
180 592  391 0  21 1 5 1 2 4 8 16
181 611  799 0  80 1 5 1 2 4 8 16
182 524  846 0  90 1 5 1 2 4 8 16
183 540  999 0  93 1 5 1 2 4 8 16
184 769  419 0  65 1 5 1 2 4 8 16
185 805  120 0  93 1 5 1 2 4 8 16
186 481  536 0  73 1 5 1 2 4 8 16
187 236  357 0  36 1 5 1 2 4 8 16
188 301  828 0  69 1 5 1 2 4 8 16
189 373  441 0   8 1 5 1 2 4 8 16
190 550  691 0  29 1 5 1 2 4 8 16
191 856  858 0  29 1 5 1 2 4 8 16
192 860  236 0  12 1 5 1 2 4 8 16
193 341   87 0  97 1 5 1 2 4 8 16
194 620  387 0  73 1 5 1 2 4 8 16
195 670  760 0  33 1 5 1 2 4 8 16
196 726  503 0  69 1 5 1 2 4 8 16
197 327   13 0  51 1 5 1 2 4 8 16
198 278  433 0  88 1 5 1 2 4 8 16
199 547  622 0  48 1 5 1 2 4 8 16
200 756  242 0  87 1 5 1 2 4 8 16
201 463  882 0  70 1 5 1 2 4 8 16
202 456  493 0  41 1 5 1 2 4 8 16
203 823  330 0  64 1 5 1 2 4 8 16
204 295  528 0  30 1 5 1 2 4 8 16
205 592  627 0  83 1 5 1 2 4 8 16
206 514  615 0  66 1 5 1 2 4 8 16
207  51  278 0  26 1 5 1 2 4 8 16
208 477   94 0  43 1 5 1 2 4 8 16
209 189   12 0  42 1 5 1 2 4 8 16
210 178  203 0  84 1 5 1 2 4 8 16
211  15  387 0   6 1 5 1 2 4 8 16
212 768  570 0  79 1 5 1 2 4 8 16
213 158   93 0  69 1 5 1 2 4 8 16
214 268  430 0  15 1 5 1 2 4 8 16
215 879  986 0  36 1 5 1 2 4 8 16
216 914  933 0   9 1 5 1 2 4 8 16
217 551  496 0  75 1 5 1 2 4 8 16
218 300  362 0  14 1 5 1 2 4 8 16
219 513  648 0  97 1 5 1 2 4 8 16
220 746   67 0  28 1 5 1 2 4 8 16
221 828  302 0  33 1 5 1 2 4 8 16
222 251  489 0  57 1 5 1 2 4 8 16
223 665  570 0  43 1 5 1 2 4 8 16
224 986  530 0  21 1 5 1 2 4 8 16
225 674  654 0  30 1 5 1 2 4 8 16
226 583  153 0  93 1 5 1 2 4 8 16
227 189  545 0  76 1 5 1 2 4 8 16
228  82  762 0  25 1 5 1 2 4 8 16
229 312   82 0  32 1 5 1 2 4 8 16
230 413  857 0  27 1 5 1 2 4 8 16
231 611  991 0  42 1 5 1 2 4 8 16
232 608  847 0  79 1 5 1 2 4 8 16
233 424  872 0  79 1 5 1 2 4 8 16
234 863  416 0  58 1 5 1 2 4 8 16
235 838  447 0  23 1 5 1 2 4 8 16
236 455  135 0  23 1 5 1 2 4 8 16
237 321  899 0  95 1 5 1 2 4 8 16
238 512  150 0  84 1 5 1 2 4 8 16
239 327  557 0  15 1 5 1 2 4 8 16
240 652  267 0  42 1 5 1 2 4 8 16
241 890  925 0  33 1 5 1 2 4 8 16
242 196   47 0  19 1 5 1 2 4 8 16
243 608  310 0  77 1 5 1 2 4 8 16
244 383  610 0  73 1 5 1 2 4 8 16
245 240  678 0  10 1 5 1 2 4 8 16
246 493  613 0   5 1 5 1 2 4 8 16
247 682  504 0  30 1 5 1 2 4 8 16
248 948  573 0   8 1 5 1 2 4 8 16
249 574  446 0  60 1 5 1 2 4 8 16
250 892  649 0  72 1 5 1 2 4 8 16
251  37  712 0  23 1 5 1 2 4 8 16
252 293  986 0  29 1 5 1 2 4 8 16
253 308  350 0  42 1 5 1 2 4 8 16
254   7  710 0  65 1 5 1 2 4 8 16
255 630  278 0  21 1 5 1 2 4 8 16
256 393  817 0  60 1 5 1 2 4 8 16
257 623  305 0  30 1 5 1 2 4 8 16
258 271    0 0  55 1 5 1 2 4 8 16
259   8  440 0  93 1 5 1 2 4 8 16
260 394  282 0  68 1 5 1 2 4 8 16
261  51  613 0  14 1 5 1 2 4 8 16
262 907  344 0  21 1 5 1 2 4 8 16
263 746  205 0  55 1 5 1 2 4 8 16
264 110  275 0  54 1 5 1 2 4 8 16
265 278  961 0  72 1 5 1 2 4 8 16
266 973   96 0  74 1 5 1 2 4 8 16
267 511  564 0  59 1 5 1 2 4 8 16
268 702  133 0  23 1 5 1 2 4 8 16
269 238  785 0  69 1 5 1 2 4 8 16
270 377  351 0  54 1 5 1 2 4 8 16
271 740   78 0   7 1 5 1 2 4 8 16
272 814  288 0  95 1 5 1 2 4 8 16
273 466  101 0  80 1 5 1 2 4 8 16
274 314  846 0  66 1 5 1 2 4 8 16
275 219  416 0  98 1 5 1 2 4 8 16
276 809  769 0  15 1 5 1 2 4 8 16
277 603   72 0  60 1 5 1 2 4 8 16
278 444  116 0  80 1 5 1 2 4 8 16
279 735  321 0  38 1 5 1 2 4 8 16
280 765  388 0  77 1 5 1 2 4 8 16
281 800  834 0  22 1 5 1 2 4 8 16
282 855  524 0  15 1 5 1 2 4 8 16
283  25  150 0  89 1 5 1 2 4 8 16
284 939  259 0  22 1 5 1 2 4 8 16
285 489  367 0   5 1 5 1 2 4 8 16
286 139    5 0  75 1 5 1 2 4 8 16
287 775  904 0  41 1 5 1 2 4 8 16
288 488   20 0  51 1 5 1 2 4 8 16
289 841  188 0  81 1 5 1 2 4 8 16
290 659  374 0   6 1 5 1 2 4 8 16
291 990  646 0  86 1 5 1 2 4 8 16
292 840  306 0  88 1 5 1 2 4 8 16
293 835  765 0  99 1 5 1 2 4 8 16
294 839  655 0  50 1 5 1 2 4 8 16
295 375  357 0  21 1 5 1 2 4 8 16
296 436  578 0   9 1 5 1 2 4 8 16
297 184  979 0  72 1 5 1 2 4 8 16
298 534  326 0  19 1 5 1 2 4 8 16
299 105   70 0  91 1 5 1 2 4 8 16
300 990  406 0  30 1 5 1 2 4 8 16
301 897  910 0  53 1 5 1 2 4 8 16
302  88  492 0  88 1 5 1 2 4 8 16
303 664  777 0  32 1 5 1 2 4 8 16
304 334  295 0  12 1 5 1 2 4 8 16
305 785  726 0  88 1 5 1 2 4 8 16
306  51  107 0  91 1 5 1 2 4 8 16
307 334  451 0   2 1 5 1 2 4 8 16
308 798  476 0  37 1 5 1 2 4 8 16
309 263  322 0   0 0 0
310 825  296 0   0 0 0
311 377  488 0   0 0 0
312 850   40 0   0 0 0
313 848  575 0   0 0 0
