2 76 314 5
0 230
0 230
0 230
0 230
0 230
  1 122 107 0 100 1 5 1 2 4 8 16
  2 945 352 0  40 1 5 1 2 4 8 16
  3 286 244 0  88 1 5 1 2 4 8 16
  4 455 699 0  60 1 5 1 2 4 8 16
  5 699 574 0  18 1 5 1 2 4 8 16
  6 229 484 0  37 1 5 1 2 4 8 16
  7  63 617 0  58 1 5 1 2 4 8 16
  8 214 434 0  12 1 5 1 2 4 8 16
  9 249   4 0  19 1 5 1 2 4 8 16
 10 143 186 0  66 1 5 1 2 4 8 16
 11 306 795 0  39 1 5 1 2 4 8 16
 12 217 676 0  52 1 5 1 2 4 8 16
 13 857 925 0  64 1 5 1 2 4 8 16
 14 973 655 0  13 1 5 1 2 4 8 16
 15 697 296 0  18 1 5 1 2 4 8 16
 16 171 285 0  55 1 5 1 2 4 8 16
 17  25 256 0  24 1 5 1 2 4 8 16
 18 617 406 0   7 1 5 1 2 4 8 16
 19 355 813 0  47 1 5 1 2 4 8 16
 20 500 464 0   5 1 5 1 2 4 8 16
 21 415 391 0  43 1 5 1 2 4 8 16
 22 186 908 0  25 1 5 1 2 4 8 16
 23 109  24 0  16 1 5 1 2 4 8 16
 24 824 978 0  72 1 5 1 2 4 8 16
 25  81 957 0   4 1 5 1 2 4 8 16
 26 963 578 0  81 1 5 1 2 4 8 16
 27 379 269 0  27 1 5 1 2 4 8 16
 28 667 195 0   6 1 5 1 2 4 8 16
 29 120 863 0  28 1 5 1 2 4 8 16
 30 891 656 0  48 1 5 1 2 4 8 16
 31  18 862 0  98 1 5 1 2 4 8 16
 32 392 340 0  90 1 5 1 2 4 8 16
 33 562 668 0  59 1 5 1 2 4 8 16
 34 897 509 0  14 1 5 1 2 4 8 16
 35 631 445 0  57 1 5 1 2 4 8 16
 36 862 765 0  63 1 5 1 2 4 8 16
 37 712 409 0   2 1 5 1 2 4 8 16
 38 204 954 0   6 1 5 1 2 4 8 16
 39 116 110 0  39 1 5 1 2 4 8 16
 40 296 309 0   7 1 5 1 2 4 8 16
 41 348 160 0  88 1 5 1 2 4 8 16
 42 422 783 0   7 1 5 1 2 4 8 16
 43 939 343 0  27 1 5 1 2 4 8 16
 44 905 875 0  49 1 5 1 2 4 8 16
 45 197 778 0  91 1 5 1 2 4 8 16
 46  60 342 0   9 1 5 1 2 4 8 16
 47 137 285 0  54 1 5 1 2 4 8 16
 48 875 351 0  26 1 5 1 2 4 8 16
 49 263 959 0  43 1 5 1 2 4 8 16
 50 398 183 0  85 1 5 1 2 4 8 16
 51 318 268 0  90 1 5 1 2 4 8 16
 52 892 582 0   1 1 5 1 2 4 8 16
 53 239 611 0  61 1 5 1 2 4 8 16
 54 373 293 0   7 1 5 1 2 4 8 16
 55 863 957 0  11 1 5 1 2 4 8 16
 56 966 421 0  46 1 5 1 2 4 8 16
 57  73 859 0  47 1 5 1 2 4 8 16
 58 410 757 0  11 1 5 1 2 4 8 16
 59 286 460 0  14 1 5 1 2 4 8 16
 60 713 428 0   3 1 5 1 2 4 8 16
 61 543 259 0  36 1 5 1 2 4 8 16
 62  38 605 0  52 1 5 1 2 4 8 16
 63 292 249 0  94 1 5 1 2 4 8 16
 64 492  41 0  57 1 5 1 2 4 8 16
 65 581 983 0  21 1 5 1 2 4 8 16
 66 677 263 0  53 1 5 1 2 4 8 16
 67 209 290 0  96 1 5 1 2 4 8 16
 68 920 102 0  94 1 5 1 2 4 8 16
 69 446 880 0  61 1 5 1 2 4 8 16
 70 836 787 0  80 1 5 1 2 4 8 16
 71 250 763 0  58 1 5 1 2 4 8 16
 72 819 257 0  87 1 5 1 2 4 8 16
 73 620 186 0  32 1 5 1 2 4 8 16
 74 840  99 0  14 1 5 1 2 4 8 16
 75 749 612 0  20 1 5 1 2 4 8 16
 76  87 950 0  17 1 5 1 2 4 8 16
 77 278 177 0  98 1 5 1 2 4 8 16
 78 208 629 0  55 1 5 1 2 4 8 16
 79  15 638 0  35 1 5 1 2 4 8 16
 80 675 869 0  85 1 5 1 2 4 8 16
 81 628 839 0  12 1 5 1 2 4 8 16
 82 503 920 0  15 1 5 1 2 4 8 16
 83 994 766 0  18 1 5 1 2 4 8 16
 84 980 465 0  99 1 5 1 2 4 8 16
 85 804 849 0  19 1 5 1 2 4 8 16
 86 942  60 0  85 1 5 1 2 4 8 16
 87   9 286 0  78 1 5 1 2 4 8 16
 88 627 755 0  47 1 5 1 2 4 8 16
 89 267 350 0  86 1 5 1 2 4 8 16
 90 810 173 0  88 1 5 1 2 4 8 16
 91 148  87 0  28 1 5 1 2 4 8 16
 92 745  81 0   7 1 5 1 2 4 8 16
 93 863 910 0  85 1 5 1 2 4 8 16
 94 555 672 0  27 1 5 1 2 4 8 16
 95  11 858 0  84 1 5 1 2 4 8 16
 96 213 122 0  95 1 5 1 2 4 8 16
 97 127 708 0  21 1 5 1 2 4 8 16
 98 677 616 0   3 1 5 1 2 4 8 16
 99 684 902 0  98 1 5 1 2 4 8 16
100 538 456 0  33 1 5 1 2 4 8 16
101  52 843 0  95 1 5 1 2 4 8 16
102 684  61 0  62 1 5 1 2 4 8 16
103  29 139 0  90 1 5 1 2 4 8 16
104 261 803 0  45 1 5 1 2 4 8 16
105 113 963 0  99 1 5 1 2 4 8 16
106  11 533 0  81 1 5 1 2 4 8 16
107 881 398 0   2 1 5 1 2 4 8 16
108 147 530 0  59 1 5 1 2 4 8 16
109  56 263 0  55 1 5 1 2 4 8 16
110 582 267 0   1 1 5 1 2 4 8 16
111 825 522 0  37 1 5 1 2 4 8 16
112  47 306 0  19 1 5 1 2 4 8 16
113 267 862 0  28 1 5 1 2 4 8 16
114 700 943 0  82 1 5 1 2 4 8 16
115 299 197 0   3 1 5 1 2 4 8 16
116 496  63 0  52 1 5 1 2 4 8 16
117 395 775 0  54 1 5 1 2 4 8 16
118 721 439 0  11 1 5 1 2 4 8 16
119  58 533 0  11 1 5 1 2 4 8 16
120 630   5 0  64 1 5 1 2 4 8 16
121 608 551 0  18 1 5 1 2 4 8 16
122 468 981 0  83 1 5 1 2 4 8 16
123 720  46 0  66 1 5 1 2 4 8 16
124 887 241 0  25 1 5 1 2 4 8 16
125 361 641 0  19 1 5 1 2 4 8 16
126 403 868 0   6 1 5 1 2 4 8 16
127 157 604 0  53 1 5 1 2 4 8 16
128 803 504 0  85 1 5 1 2 4 8 16
129 967 424 0 100 1 5 1 2 4 8 16
130 995 474 0  75 1 5 1 2 4 8 16
131 610 263 0  91 1 5 1 2 4 8 16
132 209 379 0  85 1 5 1 2 4 8 16
133 318 828 0  21 1 5 1 2 4 8 16
134 167 956 0  37 1 5 1 2 4 8 16
135 317 400 0   7 1 5 1 2 4 8 16
136 967 795 0  10 1 5 1 2 4 8 16
137 732 168 0  27 1 5 1 2 4 8 16
138 375 448 0  66 1 5 1 2 4 8 16
139 554 741 0  36 1 5 1 2 4 8 16
140 930 202 0   7 1 5 1 2 4 8 16
141 430 890 0  36 1 5 1 2 4 8 16
142 353 798 0  20 1 5 1 2 4 8 16
143 668 638 0  47 1 5 1 2 4 8 16
144 678 966 0  28 1 5 1 2 4 8 16
145 653 771 0  21 1 5 1 2 4 8 16
146 629 208 0   4 1 5 1 2 4 8 16
147 831 625 0  63 1 5 1 2 4 8 16
148 902 786 0  75 1 5 1 2 4 8 16
149 977 106 0  38 1 5 1 2 4 8 16
150 692 179 0  58 1 5 1 2 4 8 16
151 647 471 0  37 1 5 1 2 4 8 16
152 968 682 0   1 1 5 1 2 4 8 16
153 700 960 0  35 1 5 1 2 4 8 16
154  16 858 0  92 1 5 1 2 4 8 16
155   6 812 0   2 1 5 1 2 4 8 16
156 324 265 0   5 1 5 1 2 4 8 16
157 955 372 0  25 1 5 1 2 4 8 16
158 597 417 0  72 1 5 1 2 4 8 16
159 268 836 0  33 1 5 1 2 4 8 16
160 530 987 0   4 1 5 1 2 4 8 16
161  68 367 0  53 1 5 1 2 4 8 16
162 673 899 0  82 1 5 1 2 4 8 16
163 317 522 0  18 1 5 1 2 4 8 16
164 490 963 0  73 1 5 1 2 4 8 16
165 942 574 0  59 1 5 1 2 4 8 16
166 892 709 0  69 1 5 1 2 4 8 16
167  36  12 0  46 1 5 1 2 4 8 16
168 898 230 0  49 1 5 1 2 4 8 16
169   4  26 0  58 1 5 1 2 4 8 16
170 556 414 0  12 1 5 1 2 4 8 16
171 495 215 0  28 1 5 1 2 4 8 16
172 953 171 0  39 1 5 1 2 4 8 16
173 381 349 0  75 1 5 1 2 4 8 16
174 911 481 0  45 1 5 1 2 4 8 16
175 793 556 0   8 1 5 1 2 4 8 16
176 443 883 0  45 1 5 1 2 4 8 16
177 643 294 0  53 1 5 1 2 4 8 16
178  30 295 0  77 1 5 1 2 4 8 16
179  84 199 0  25 1 5 1 2 4 8 16
180 291  54 0  51 1 5 1 2 4 8 16
181 204 814 0  60 1 5 1 2 4 8 16
182 755  93 0  51 1 5 1 2 4 8 16
183 737 512 0  72 1 5 1 2 4 8 16
184 943 443 0  82 1 5 1 2 4 8 16
185 793 916 0   5 1 5 1 2 4 8 16
186 241 311 0  77 1 5 1 2 4 8 16
187 264 597 0   2 1 5 1 2 4 8 16
188 566 790 0   5 1 5 1 2 4 8 16
189 463 119 0  43 1 5 1 2 4 8 16
190 855 343 0  15 1 5 1 2 4 8 16
191 601 785 0  74 1 5 1 2 4 8 16
192 643 951 0  51 1 5 1 2 4 8 16
193  71 405 0   9 1 5 1 2 4 8 16
194 146 852 0   4 1 5 1 2 4 8 16
195 387 841 0  39 1 5 1 2 4 8 16
196 574  97 0  72 1 5 1 2 4 8 16
197 608 710 0  95 1 5 1 2 4 8 16
198 303 172 0   6 1 5 1 2 4 8 16
199 339 707 0  16 1 5 1 2 4 8 16
200 522  93 0  82 1 5 1 2 4 8 16
201 550 218 0  46 1 5 1 2 4 8 16
202 688 985 0  19 1 5 1 2 4 8 16
203 713 477 0   6 1 5 1 2 4 8 16
204  49 295 0  19 1 5 1 2 4 8 16
205 244 649 0  81 1 5 1 2 4 8 16
206 377  52 0  76 1 5 1 2 4 8 16
207 442 696 0 100 1 5 1 2 4 8 16
208 772 741 0  11 1 5 1 2 4 8 16
209 241 418 0  50 1 5 1 2 4 8 16
210 752 725 0  11 1 5 1 2 4 8 16
211 374 535 0  21 1 5 1 2 4 8 16
212 477   6 0  22 1 5 1 2 4 8 16
213 254 878 0  87 1 5 1 2 4 8 16
214 537 745 0  66 1 5 1 2 4 8 16
215 690 893 0  31 1 5 1 2 4 8 16
216 734 344 0  41 1 5 1 2 4 8 16
217 847  97 0  76 1 5 1 2 4 8 16
218 521 108 0  16 1 5 1 2 4 8 16
219 536 353 0  61 1 5 1 2 4 8 16
220 467 721 0  79 1 5 1 2 4 8 16
221 428 307 0  43 1 5 1 2 4 8 16
222 600 939 0 100 1 5 1 2 4 8 16
223 812 288 0  43 1 5 1 2 4 8 16
224 241 886 0  62 1 5 1 2 4 8 16
225 547 684 0  61 1 5 1 2 4 8 16
226 241 420 0  75 1 5 1 2 4 8 16
227 680 413 0  97 1 5 1 2 4 8 16
228 953  74 0  26 1 5 1 2 4 8 16
229 732 283 0  56 1 5 1 2 4 8 16
230   7 991 0  84 1 5 1 2 4 8 16
231  97 297 0  77 1 5 1 2 4 8 16
232 465  40 0  97 1 5 1 2 4 8 16
233  85 676 0  80 1 5 1 2 4 8 16
234 791 450 0   2 1 5 1 2 4 8 16
235 708 590 0  18 1 5 1 2 4 8 16
236 532 209 0  11 1 5 1 2 4 8 16
237 372 861 0  63 1 5 1 2 4 8 16
238 509 128 0  26 1 5 1 2 4 8 16
239  70 100 0   6 1 5 1 2 4 8 16
240 808 520 0  37 1 5 1 2 4 8 16
241 243 338 0  28 1 5 1 2 4 8 16
242 803 284 0  95 1 5 1 2 4 8 16
243 619 905 0  13 1 5 1 2 4 8 16
244  40 539 0  33 1 5 1 2 4 8 16
245 708 478 0  96 1 5 1 2 4 8 16
246 542 604 0  67 1 5 1 2 4 8 16
247 271 261 0  58 1 5 1 2 4 8 16
248 596 189 0   3 1 5 1 2 4 8 16
249  37 627 0   9 1 5 1 2 4 8 16
250 910 821 0  69 1 5 1 2 4 8 16
251 565 762 0  50 1 5 1 2 4 8 16
252 979 580 0  13 1 5 1 2 4 8 16
253 328 534 0  64 1 5 1 2 4 8 16
254 618 145 0  61 1 5 1 2 4 8 16
255  98 782 0  49 1 5 1 2 4 8 16
256 539 221 0  75 1 5 1 2 4 8 16
257 609 482 0  53 1 5 1 2 4 8 16
258 341 592 0  63 1 5 1 2 4 8 16
259 868 103 0  14 1 5 1 2 4 8 16
260 371 843 0  77 1 5 1 2 4 8 16
261 910 170 0  44 1 5 1 2 4 8 16
262 430 680 0  68 1 5 1 2 4 8 16
263 818 743 0  30 1 5 1 2 4 8 16
264 573 873 0  51 1 5 1 2 4 8 16
265 571 351 0  10 1 5 1 2 4 8 16
266 872 567 0  48 1 5 1 2 4 8 16
267 200 737 0  79 1 5 1 2 4 8 16
268 461  74 0  76 1 5 1 2 4 8 16
269  44 350 0  69 1 5 1 2 4 8 16
270 460 152 0  97 1 5 1 2 4 8 16
271 240 101 0  24 1 5 1 2 4 8 16
272  46  43 0  77 1 5 1 2 4 8 16
273 552 171 0 100 1 5 1 2 4 8 16
274 139 367 0   6 1 5 1 2 4 8 16
275 355 375 0  15 1 5 1 2 4 8 16
276 427 731 0  55 1 5 1 2 4 8 16
277 419 541 0  21 1 5 1 2 4 8 16
278 841 175 0  53 1 5 1 2 4 8 16
279 943 547 0  56 1 5 1 2 4 8 16
280 300 708 0   8 1 5 1 2 4 8 16
281 826 114 0  71 1 5 1 2 4 8 16
282 371 834 0  95 1 5 1 2 4 8 16
283 375 402 0  41 1 5 1 2 4 8 16
284 792 765 0  88 1 5 1 2 4 8 16
285 891 289 0  95 1 5 1 2 4 8 16
286 375  11 0  18 1 5 1 2 4 8 16
287 132  89 0  59 1 5 1 2 4 8 16
288   7 100 0  33 1 5 1 2 4 8 16
289 107 870 0  57 1 5 1 2 4 8 16
290 779 528 0  26 1 5 1 2 4 8 16
291 574 493 0  74 1 5 1 2 4 8 16
292  23 511 0  30 1 5 1 2 4 8 16
293 801 415 0   1 1 5 1 2 4 8 16
294 112 707 0 100 1 5 1 2 4 8 16
295 502 437 0   4 1 5 1 2 4 8 16
296 650 185 0  92 1 5 1 2 4 8 16
297   4  16 0  94 1 5 1 2 4 8 16
298 487 796 0  36 1 5 1 2 4 8 16
299 383 272 0  92 1 5 1 2 4 8 16
300 212 173 0  69 1 5 1 2 4 8 16
301 250 592 0  60 1 5 1 2 4 8 16
302 547 379 0   7 1 5 1 2 4 8 16
303  49 869 0  44 1 5 1 2 4 8 16
304 808 815 0  15 1 5 1 2 4 8 16
305 930 100 0  75 1 5 1 2 4 8 16
306 363 929 0  10 1 5 1 2 4 8 16
307 172  82 0  21 1 5 1 2 4 8 16
308 805 802 0  69 1 5 1 2 4 8 16
309 602 210 0  57 1 5 1 2 4 8 16
310 671 977 0  80 1 5 1 2 4 8 16
311 701 786 0   4 1 5 1 2 4 8 16
312 144 161 0  68 1 5 1 2 4 8 16
313 330 452 0  68 1 5 1 2 4 8 16
314 614 909 0  22 1 5 1 2 4 8 16
315 600 897 0   0 0 0
316 550 138 0   0 0 0
317 436 204 0   0 0 0
318 773 219 0   0 0 0
319 866 776 0   0 0 0
