2 102 348 3
0 253
0 253
0 253
  1 718 342 0   1 1 3 1 2 4
  2 489 536 0  85 1 3 1 2 4
  3 240  67 0  27 1 3 1 2 4
  4 310  82 0  20 1 3 1 2 4
  5 876 485 0  71 1 3 1 2 4
  6  67 544 0  77 1 3 1 2 4
  7 205 674 0  68 1 3 1 2 4
  8 723 375 0  36 1 3 1 2 4
  9 203 552 0  71 1 3 1 2 4
 10 133 667 0  78 1 3 1 2 4
 11 494  47 0  56 1 3 1 2 4
 12  52 449 0  70 1 3 1 2 4
 13  63 213 0  12 1 3 1 2 4
 14 720  61 0  41 1 3 1 2 4
 15 557 731 0  11 1 3 1 2 4
 16  65 707 0   2 1 3 1 2 4
 17 203 950 0  73 1 3 1 2 4
 18  88 434 0  51 1 3 1 2 4
 19 815 745 0  84 1 3 1 2 4
 20 229 398 0  84 1 3 1 2 4
 21 596 798 0  32 1 3 1 2 4
 22 228 273 0  13 1 3 1 2 4
 23 813 646 0  40 1 3 1 2 4
 24 107 982 0  33 1 3 1 2 4
 25 294   6 0  25 1 3 1 2 4
 26 371 992 0  80 1 3 1 2 4
 27 165 659 0  53 1 3 1 2 4
 28 321 192 0  18 1 3 1 2 4
 29 863 267 0   7 1 3 1 2 4
 30 423 439 0  26 1 3 1 2 4
 31  94 953 0  85 1 3 1 2 4
 32 612 598 0  59 1 3 1 2 4
 33 960 784 0  23 1 3 1 2 4
 34 984  33 0   4 1 3 1 2 4
 35  51 245 0  35 1 3 1 2 4
 36 303 724 0  93 1 3 1 2 4
 37 439 271 0  13 1 3 1 2 4
 38 832 195 0  75 1 3 1 2 4
 39 116  26 0  71 1 3 1 2 4
 40 745  12 0  36 1 3 1 2 4
 41 529 593 0  98 1 3 1 2 4
 42 386 477 0  77 1 3 1 2 4
 43 703 446 0  81 1 3 1 2 4
 44 141 266 0  38 1 3 1 2 4
 45 391 912 0  42 1 3 1 2 4
 46 169 606 0  67 1 3 1 2 4
 47 177 406 0   6 1 3 1 2 4
 48 697 911 0   2 1 3 1 2 4
 49  38 599 0  14 1 3 1 2 4
 50 572 653 0  28 1 3 1 2 4
 51 524 665 0  30 1 3 1 2 4
 52   3 301 0  72 1 3 1 2 4
 53 555 983 0 100 1 3 1 2 4
 54 204  55 0  86 1 3 1 2 4
 55 234  85 0  85 1 3 1 2 4
 56 421 545 0  64 1 3 1 2 4
 57 673  27 0  94 1 3 1 2 4
 58 146 478 0  93 1 3 1 2 4
 59 105 533 0  52 1 3 1 2 4
 60 213 625 0  30 1 3 1 2 4
 61 593 467 0  46 1 3 1 2 4
 62 927 847 0  84 1 3 1 2 4
 63 669  27 0  61 1 3 1 2 4
 64  19 829 0  54 1 3 1 2 4
 65 371 447 0  20 1 3 1 2 4
 66 519 880 0  70 1 3 1 2 4
 67 101 691 0  64 1 3 1 2 4
 68 509 530 0  91 1 3 1 2 4
 69 723 740 0  24 1 3 1 2 4
 70  32 606 0  19 1 3 1 2 4
 71 294 530 0  81 1 3 1 2 4
 72 826 854 0  73 1 3 1 2 4
 73 876 168 0   7 1 3 1 2 4
 74 723 332 0  52 1 3 1 2 4
 75  41  22 0  46 1 3 1 2 4
 76 391 917 0  42 1 3 1 2 4
 77 970   1 0  48 1 3 1 2 4
 78 417 498 0  64 1 3 1 2 4
 79 270 474 0   3 1 3 1 2 4
 80 563 966 0  82 1 3 1 2 4
 81 950 573 0  82 1 3 1 2 4
 82 593 540 0  54 1 3 1 2 4
 83 326 469 0   3 1 3 1 2 4
 84 155 712 0  43 1 3 1 2 4
 85 743 402 0  52 1 3 1 2 4
 86 963 225 0  14 1 3 1 2 4
 87 588 344 0  61 1 3 1 2 4
 88 307 942 0  77 1 3 1 2 4
 89 346 283 0  71 1 3 1 2 4
 90 456 154 0  83 1 3 1 2 4
 91 509 216 0  51 1 3 1 2 4
 92 904 582 0  32 1 3 1 2 4
 93 511 470 0  99 1 3 1 2 4
 94 563 424 0  41 1 3 1 2 4
 95 528 170 0  76 1 3 1 2 4
 96 998 670 0  11 1 3 1 2 4
 97 477 998 0   2 1 3 1 2 4
 98 174 520 0  39 1 3 1 2 4
 99 964 121 0  80 1 3 1 2 4
100 219 919 0   4 1 3 1 2 4
101 497 412 0  85 1 3 1 2 4
102 243 495 0  48 1 3 1 2 4
103 193 386 0  15 1 3 1 2 4
104 372  48 0  73 1 3 1 2 4
105 644 185 0  67 1 3 1 2 4
106 198 150 0  15 1 3 1 2 4
107 861 275 0  86 1 3 1 2 4
108 156 308 0  82 1 3 1 2 4
109  81 487 0  45 1 3 1 2 4
110 860 579 0  13 1 3 1 2 4
111 926 368 0  71 1 3 1 2 4
112  16 694 0  45 1 3 1 2 4
113 587 647 0 100 1 3 1 2 4
114 476 353 0  50 1 3 1 2 4
115 939 757 0  55 1 3 1 2 4
116 817 513 0   7 1 3 1 2 4
117 417 314 0  28 1 3 1 2 4
118  50 794 0  88 1 3 1 2 4
119 738 352 0  62 1 3 1 2 4
120 834 323 0  99 1 3 1 2 4
121 254 570 0  54 1 3 1 2 4
122 382 827 0  92 1 3 1 2 4
123 270 509 0  44 1 3 1 2 4
124 330 840 0   3 1 3 1 2 4
125 532 972 0  85 1 3 1 2 4
126 582 962 0  61 1 3 1 2 4
127  49 322 0  17 1 3 1 2 4
128 512 286 0  73 1 3 1 2 4
129 881 706 0  78 1 3 1 2 4
130 923 632 0  25 1 3 1 2 4
131 159 916 0  28 1 3 1 2 4
132 552 946 0  51 1 3 1 2 4
133 436 181 0  34 1 3 1 2 4
134 640 544 0  37 1 3 1 2 4
135 962 417 0  82 1 3 1 2 4
136 653 422 0  18 1 3 1 2 4
137 358 237 0  85 1 3 1 2 4
138  31 235 0  66 1 3 1 2 4
139 583 496 0   8 1 3 1 2 4
140 593 550 0  99 1 3 1 2 4
141 348 898 0  37 1 3 1 2 4
142 657 279 0   9 1 3 1 2 4
143 386 915 0  58 1 3 1 2 4
144 110 328 0  59 1 3 1 2 4
145 413 413 0  61 1 3 1 2 4
146 492 988 0   3 1 3 1 2 4
147 471 467 0  64 1 3 1 2 4
148 194 858 0   3 1 3 1 2 4
149 431 366 0   9 1 3 1 2 4
150 114 534 0  60 1 3 1 2 4
151 672 361 0  35 1 3 1 2 4
152 537 539 0  53 1 3 1 2 4
153 486  29 0  51 1 3 1 2 4
154 851 308 0   9 1 3 1 2 4
155 825 624 0  99 1 3 1 2 4
156 159 532 0  92 1 3 1 2 4
157 133  47 0  95 1 3 1 2 4
158 123 707 0  88 1 3 1 2 4
159  30 601 0  62 1 3 1 2 4
160 757 750 0  21 1 3 1 2 4
161 211 449 0  78 1 3 1 2 4
162 998 886 0  84 1 3 1 2 4
163 409 891 0 100 1 3 1 2 4
164 789 661 0  53 1 3 1 2 4
165 614 655 0  80 1 3 1 2 4
166 784 799 0  23 1 3 1 2 4
167 129  63 0  32 1 3 1 2 4
168  72 370 0  43 1 3 1 2 4
169 614 920 0  26 1 3 1 2 4
170 704 388 0  28 1 3 1 2 4
171 452 576 0  92 1 3 1 2 4
172 995 249 0  88 1 3 1 2 4
173 686  73 0  62 1 3 1 2 4
174 295 922 0  29 1 3 1 2 4
175 992 727 0  57 1 3 1 2 4
176 293 470 0  66 1 3 1 2 4
177 270 736 0  97 1 3 1 2 4
178 812 506 0  38 1 3 1 2 4
179 728 259 0  61 1 3 1 2 4
180 551  72 0  21 1 3 1 2 4
181  11 217 0  64 1 3 1 2 4
182 430 424 0  67 1 3 1 2 4
183 723 695 0  44 1 3 1 2 4
184  51 767 0  12 1 3 1 2 4
185 125 338 0  48 1 3 1 2 4
186 676 274 0  34 1 3 1 2 4
187 847 532 0  42 1 3 1 2 4
188 921 660 0  69 1 3 1 2 4
189 593 156 0  59 1 3 1 2 4
190 959  64 0  23 1 3 1 2 4
191 555 898 0  64 1 3 1 2 4
192 842 952 0 100 1 3 1 2 4
193 381 493 0  46 1 3 1 2 4
194 817 822 0  37 1 3 1 2 4
195 942 705 0   2 1 3 1 2 4
196 567 114 0  59 1 3 1 2 4
197 949 441 0  13 1 3 1 2 4
198 853 288 0  16 1 3 1 2 4
199 301 740 0  94 1 3 1 2 4
200 101 897 0  41 1 3 1 2 4
201 918 257 0  29 1 3 1 2 4
202 136 115 0  47 1 3 1 2 4
203 495 840 0  22 1 3 1 2 4
204 577 738 0  48 1 3 1 2 4
205 421 811 0  23 1 3 1 2 4
206 203  62 0   5 1 3 1 2 4
207 390 831 0   7 1 3 1 2 4
208 439 416 0   6 1 3 1 2 4
209 779 825 0  93 1 3 1 2 4
210 525 536 0   9 1 3 1 2 4
211 663 587 0  97 1 3 1 2 4
212  48 612 0  18 1 3 1 2 4
213  39 278 0  16 1 3 1 2 4
214 750 610 0  69 1 3 1 2 4
215 860 846 0  35 1 3 1 2 4
216 519 612 0  62 1 3 1 2 4
217 674 622 0  66 1 3 1 2 4
218 288 167 0  97 1 3 1 2 4
219 138 927 0  71 1 3 1 2 4
220 802 130 0  84 1 3 1 2 4
221 748 627 0  42 1 3 1 2 4
222 556 506 0  94 1 3 1 2 4
223 552 522 0  39 1 3 1 2 4
224 374 981 0   6 1 3 1 2 4
225   4 891 0  26 1 3 1 2 4
226 692 176 0  55 1 3 1 2 4
227 439 207 0  37 1 3 1 2 4
228 954 914 0  10 1 3 1 2 4
229 918 375 0  63 1 3 1 2 4
230 368 897 0  58 1 3 1 2 4
231 135 603 0  66 1 3 1 2 4
232 899 704 0   1 1 3 1 2 4
233 489 557 0  94 1 3 1 2 4
234  63 183 0  94 1 3 1 2 4
235 378 118 0  99 1 3 1 2 4
236 489 209 0  97 1 3 1 2 4
237 516 932 0  69 1 3 1 2 4
238 316 383 0  89 1 3 1 2 4
239 791 674 0  41 1 3 1 2 4
240 691 882 0  86 1 3 1 2 4
241 753 171 0  47 1 3 1 2 4
242 219 669 0  58 1 3 1 2 4
243 338 793 0  88 1 3 1 2 4
244 442 457 0  82 1 3 1 2 4
245 475 980 0  29 1 3 1 2 4
246 207 839 0  50 1 3 1 2 4
247 596 627 0  49 1 3 1 2 4
248  48 394 0  43 1 3 1 2 4
249 212 713 0  99 1 3 1 2 4
250 699 954 0  82 1 3 1 2 4
251 450  89 0  46 1 3 1 2 4
252 734 323 0  62 1 3 1 2 4
253 655 351 0  93 1 3 1 2 4
254 241 435 0  74 1 3 1 2 4
255 351 589 0  70 1 3 1 2 4
256 218 751 0  86 1 3 1 2 4
257 420  97 0   5 1 3 1 2 4
258 166 623 0  13 1 3 1 2 4
259 758 810 0 100 1 3 1 2 4
260 989 320 0  75 1 3 1 2 4
261 933 817 0  27 1 3 1 2 4
262 329 197 0  48 1 3 1 2 4
263  40 700 0  10 1 3 1 2 4
264 958 781 0  61 1 3 1 2 4
265 781  57 0  18 1 3 1 2 4
266 767  34 0  70 1 3 1 2 4
267 262 956 0  39 1 3 1 2 4
268 665 594 0  18 1 3 1 2 4
269  87 999 0  18 1 3 1 2 4
270  77 380 0  87 1 3 1 2 4
271 537 987 0  41 1 3 1 2 4
272  19 212 0  49 1 3 1 2 4
273 341  86 0  22 1 3 1 2 4
274 252 566 0  76 1 3 1 2 4
275 189 472 0  71 1 3 1 2 4
276 252 817 0  90 1 3 1 2 4
277 898 463 0  56 1 3 1 2 4
278 428 968 0   6 1 3 1 2 4
279 458  28 0  82 1 3 1 2 4
280 583  56 0  14 1 3 1 2 4
281 397 928 0  76 1 3 1 2 4
282 430 643 0  21 1 3 1 2 4
283 697 633 0  69 1 3 1 2 4
284 190 588 0  70 1 3 1 2 4
285 786 955 0  20 1 3 1 2 4
286 419 834 0  93 1 3 1 2 4
287 132 767 0  14 1 3 1 2 4
288 963 943 0  56 1 3 1 2 4
289 615 519 0   2 1 3 1 2 4
290 767 216 0  45 1 3 1 2 4
291 173 239 0  37 1 3 1 2 4
292  60 305 0  49 1 3 1 2 4
293 338 786 0  13 1 3 1 2 4
294 510 474 0  35 1 3 1 2 4
295 330 522 0   1 1 3 1 2 4
296 608 871 0  33 1 3 1 2 4
297 328 118 0  26 1 3 1 2 4
298  39 562 0  27 1 3 1 2 4
299 348 239 0  63 1 3 1 2 4
300 202 976 0  75 1 3 1 2 4
301 287 620 0  82 1 3 1 2 4
302 714 601 0  71 1 3 1 2 4
303 815 293 0  83 1 3 1 2 4
304 300 959 0  39 1 3 1 2 4
305 165 370 0  82 1 3 1 2 4
306 510 971 0   6 1 3 1 2 4
307 857 194 0  46 1 3 1 2 4
308 671 280 0  47 1 3 1 2 4
309 724 458 0   3 1 3 1 2 4
310  44 517 0  32 1 3 1 2 4
311 862 470 0  14 1 3 1 2 4
312  80 915 0  56 1 3 1 2 4
313 134 943 0  45 1 3 1 2 4
314 569 410 0  66 1 3 1 2 4
315 486 575 0  52 1 3 1 2 4
316 167 504 0  93 1 3 1 2 4
317 611 428 0  20 1 3 1 2 4
318 769 573 0   5 1 3 1 2 4
319 862 351 0  89 1 3 1 2 4
320 612  21 0  95 1 3 1 2 4
321 695 514 0  17 1 3 1 2 4
322 978 292 0  31 1 3 1 2 4
323 534  67 0  80 1 3 1 2 4
324  30 113 0  62 1 3 1 2 4
325  49 168 0  33 1 3 1 2 4
326 482 186 0 100 1 3 1 2 4
327 613 161 0  45 1 3 1 2 4
328 799 962 0   8 1 3 1 2 4
329 828 236 0  94 1 3 1 2 4
330 472 184 0  86 1 3 1 2 4
331 637 484 0  23 1 3 1 2 4
332  23 958 0  72 1 3 1 2 4
333 387 516 0  80 1 3 1 2 4
334 130 497 0  26 1 3 1 2 4
335  45 206 0  38 1 3 1 2 4
336 225 910 0  99 1 3 1 2 4
337 610 452 0  89 1 3 1 2 4
338 217 815 0  35 1 3 1 2 4
339 231  25 0  76 1 3 1 2 4
340 129 619 0  80 1 3 1 2 4
341 249 445 0  53 1 3 1 2 4
342 177 924 0  35 1 3 1 2 4
343 208 785 0  37 1 3 1 2 4
344 904 634 0  37 1 3 1 2 4
345 860 914 0  96 1 3 1 2 4
346 278  61 0   8 1 3 1 2 4
347 337 664 0  93 1 3 1 2 4
348 264 398 0  94 1 3 1 2 4
349 928 355 0   0 0 0
350 769 711 0   0 0 0
351 712 539 0   0 0 0
