2 65 393 6
0 246
0 246
0 246
0 246
0 246
0 246
  1 516 133 0  17 1 6 1 2 4 8 16 32
  2  75  18 0  49 1 6 1 2 4 8 16 32
  3 969 806 0   5 1 6 1 2 4 8 16 32
  4  27 689 0  95 1 6 1 2 4 8 16 32
  5  11 860 0  14 1 6 1 2 4 8 16 32
  6 115 229 0  38 1 6 1 2 4 8 16 32
  7 356 665 0  80 1 6 1 2 4 8 16 32
  8 526 859 0  56 1 6 1 2 4 8 16 32
  9 454 139 0  31 1 6 1 2 4 8 16 32
 10 395  18 0  49 1 6 1 2 4 8 16 32
 11 647 402 0  43 1 6 1 2 4 8 16 32
 12 710  56 0  54 1 6 1 2 4 8 16 32
 13 627 309 0   8 1 6 1 2 4 8 16 32
 14 149  74 0 100 1 6 1 2 4 8 16 32
 15 159 546 0  49 1 6 1 2 4 8 16 32
 16 681 926 0  37 1 6 1 2 4 8 16 32
 17 191 378 0  48 1 6 1 2 4 8 16 32
 18 293 426 0  82 1 6 1 2 4 8 16 32
 19 936 518 0  46 1 6 1 2 4 8 16 32
 20 382 874 0  25 1 6 1 2 4 8 16 32
 21 613 263 0  38 1 6 1 2 4 8 16 32
 22 495 189 0  89 1 6 1 2 4 8 16 32
 23 160 881 0  35 1 6 1 2 4 8 16 32
 24 180 510 0  44 1 6 1 2 4 8 16 32
 25 883 973 0  51 1 6 1 2 4 8 16 32
 26 537 144 0  69 1 6 1 2 4 8 16 32
 27 725 341 0  11 1 6 1 2 4 8 16 32
 28 898 538 0  96 1 6 1 2 4 8 16 32
 29 715 981 0  56 1 6 1 2 4 8 16 32
 30 522 857 0  44 1 6 1 2 4 8 16 32
 31 908 577 0  30 1 6 1 2 4 8 16 32
 32 620 416 0  68 1 6 1 2 4 8 16 32
 33 443 389 0  77 1 6 1 2 4 8 16 32
 34 487 596 0  31 1 6 1 2 4 8 16 32
 35 538 143 0  76 1 6 1 2 4 8 16 32
 36 440 537 0  76 1 6 1 2 4 8 16 32
 37 857 272 0  86 1 6 1 2 4 8 16 32
 38 131 628 0  42 1 6 1 2 4 8 16 32
 39 119 161 0  19 1 6 1 2 4 8 16 32
 40 312 167 0  71 1 6 1 2 4 8 16 32
 41 900 263 0  79 1 6 1 2 4 8 16 32
 42  78  89 0  52 1 6 1 2 4 8 16 32
 43 731 693 0   2 1 6 1 2 4 8 16 32
 44 714 155 0  31 1 6 1 2 4 8 16 32
 45 428 942 0  78 1 6 1 2 4 8 16 32
 46  24 688 0  24 1 6 1 2 4 8 16 32
 47   9 397 0  43 1 6 1 2 4 8 16 32
 48 173 190 0  98 1 6 1 2 4 8 16 32
 49 204 526 0  54 1 6 1 2 4 8 16 32
 50 350 475 0   8 1 6 1 2 4 8 16 32
 51 114 599 0  90 1 6 1 2 4 8 16 32
 52 841 102 0  21 1 6 1 2 4 8 16 32
 53 753  65 0  46 1 6 1 2 4 8 16 32
 54 495 544 0  65 1 6 1 2 4 8 16 32
 55 484 104 0  75 1 6 1 2 4 8 16 32
 56 357 970 0  61 1 6 1 2 4 8 16 32
 57 995 489 0  38 1 6 1 2 4 8 16 32
 58 555 157 0  53 1 6 1 2 4 8 16 32
 59 489 666 0  13 1 6 1 2 4 8 16 32
 60 481 268 0  31 1 6 1 2 4 8 16 32
 61 438 596 0  34 1 6 1 2 4 8 16 32
 62 196  62 0  92 1 6 1 2 4 8 16 32
 63 404  30 0  43 1 6 1 2 4 8 16 32
 64 969 842 0  68 1 6 1 2 4 8 16 32
 65 406 615 0   1 1 6 1 2 4 8 16 32
 66 368 620 0  96 1 6 1 2 4 8 16 32
 67 344 162 0  60 1 6 1 2 4 8 16 32
 68 533 884 0  28 1 6 1 2 4 8 16 32
 69 844 571 0  96 1 6 1 2 4 8 16 32
 70 898 132 0  12 1 6 1 2 4 8 16 32
 71 388 446 0  70 1 6 1 2 4 8 16 32
 72 817 431 0  41 1 6 1 2 4 8 16 32
 73  76 572 0  10 1 6 1 2 4 8 16 32
 74 838 631 0  61 1 6 1 2 4 8 16 32
 75 850 574 0  51 1 6 1 2 4 8 16 32
 76  28 742 0  78 1 6 1 2 4 8 16 32
 77 329 777 0  94 1 6 1 2 4 8 16 32
 78 296 388 0  35 1 6 1 2 4 8 16 32
 79 532  59 0 100 1 6 1 2 4 8 16 32
 80 855 196 0  37 1 6 1 2 4 8 16 32
 81 586 775 0  27 1 6 1 2 4 8 16 32
 82 984 923 0  12 1 6 1 2 4 8 16 32
 83 809 733 0  58 1 6 1 2 4 8 16 32
 84 418 936 0   9 1 6 1 2 4 8 16 32
 85 833 171 0  51 1 6 1 2 4 8 16 32
 86 214 334 0  77 1 6 1 2 4 8 16 32
 87 122 280 0  75 1 6 1 2 4 8 16 32
 88 842 375 0  57 1 6 1 2 4 8 16 32
 89 342 977 0  26 1 6 1 2 4 8 16 32
 90 889 895 0  37 1 6 1 2 4 8 16 32
 91 287 287 0  72 1 6 1 2 4 8 16 32
 92 737 910 0  35 1 6 1 2 4 8 16 32
 93 727 152 0   6 1 6 1 2 4 8 16 32
 94 803 730 0  56 1 6 1 2 4 8 16 32
 95 430 338 0  42 1 6 1 2 4 8 16 32
 96  72 287 0  62 1 6 1 2 4 8 16 32
 97 463 216 0  22 1 6 1 2 4 8 16 32
 98 197  52 0  95 1 6 1 2 4 8 16 32
 99 496 813 0  64 1 6 1 2 4 8 16 32
100 525 738 0  74 1 6 1 2 4 8 16 32
101 883 300 0  49 1 6 1 2 4 8 16 32
102 974 266 0  22 1 6 1 2 4 8 16 32
103 130 732 0  33 1 6 1 2 4 8 16 32
104   4 918 0  39 1 6 1 2 4 8 16 32
105 896 414 0   8 1 6 1 2 4 8 16 32
106 566 356 0  87 1 6 1 2 4 8 16 32
107 809 881 0  79 1 6 1 2 4 8 16 32
108 443 406 0  95 1 6 1 2 4 8 16 32
109  54 964 0  59 1 6 1 2 4 8 16 32
110 655 117 0  66 1 6 1 2 4 8 16 32
111 585 966 0  42 1 6 1 2 4 8 16 32
112 403 641 0  26 1 6 1 2 4 8 16 32
113 163  94 0  12 1 6 1 2 4 8 16 32
114 754 338 0  17 1 6 1 2 4 8 16 32
115 828 523 0  28 1 6 1 2 4 8 16 32
116 499 988 0  35 1 6 1 2 4 8 16 32
117 811 676 0  86 1 6 1 2 4 8 16 32
118 874 259 0   8 1 6 1 2 4 8 16 32
119 570 205 0  47 1 6 1 2 4 8 16 32
120 599 213 0  58 1 6 1 2 4 8 16 32
121 442 417 0  14 1 6 1 2 4 8 16 32
122  64 224 0  37 1 6 1 2 4 8 16 32
123 929  96 0  94 1 6 1 2 4 8 16 32
124 371 548 0  68 1 6 1 2 4 8 16 32
125 544  20 0  19 1 6 1 2 4 8 16 32
126 744 582 0  18 1 6 1 2 4 8 16 32
127 445 106 0  83 1 6 1 2 4 8 16 32
128 565 779 0   1 1 6 1 2 4 8 16 32
129   5 716 0  51 1 6 1 2 4 8 16 32
130 144  34 0  83 1 6 1 2 4 8 16 32
131 150 405 0  87 1 6 1 2 4 8 16 32
132  37 839 0  94 1 6 1 2 4 8 16 32
133 574 434 0  51 1 6 1 2 4 8 16 32
134 433 333 0  57 1 6 1 2 4 8 16 32
135 275 508 0  25 1 6 1 2 4 8 16 32
136 356 770 0  37 1 6 1 2 4 8 16 32
137 489 386 0  30 1 6 1 2 4 8 16 32
138 752 942 0  36 1 6 1 2 4 8 16 32
139 193 215 0  31 1 6 1 2 4 8 16 32
140 981 313 0  35 1 6 1 2 4 8 16 32
141 331  46 0  38 1 6 1 2 4 8 16 32
142  18 422 0  36 1 6 1 2 4 8 16 32
143 764 352 0  98 1 6 1 2 4 8 16 32
144 488 267 0  71 1 6 1 2 4 8 16 32
145 167 291 0  46 1 6 1 2 4 8 16 32
146 754 110 0  38 1 6 1 2 4 8 16 32
147 827 825 0  30 1 6 1 2 4 8 16 32
148 147 233 0  37 1 6 1 2 4 8 16 32
149 592  84 0  86 1 6 1 2 4 8 16 32
150 719 215 0  26 1 6 1 2 4 8 16 32
151 542 721 0  37 1 6 1 2 4 8 16 32
152 493 107 0  70 1 6 1 2 4 8 16 32
153 363 251 0  84 1 6 1 2 4 8 16 32
154 745 806 0  97 1 6 1 2 4 8 16 32
155 778 917 0   8 1 6 1 2 4 8 16 32
156 818 761 0  28 1 6 1 2 4 8 16 32
157 817  40 0  21 1 6 1 2 4 8 16 32
158  82 413 0   3 1 6 1 2 4 8 16 32
159 896 870 0  63 1 6 1 2 4 8 16 32
160 802 722 0   9 1 6 1 2 4 8 16 32
161 114 623 0  51 1 6 1 2 4 8 16 32
162 930 114 0  89 1 6 1 2 4 8 16 32
163 233 684 0  93 1 6 1 2 4 8 16 32
164 273  99 0  80 1 6 1 2 4 8 16 32
165 753 494 0  33 1 6 1 2 4 8 16 32
166 122 679 0  67 1 6 1 2 4 8 16 32
167 644 442 0  67 1 6 1 2 4 8 16 32
168 355 431 0  51 1 6 1 2 4 8 16 32
169 448 965 0  48 1 6 1 2 4 8 16 32
170 226  65 0  55 1 6 1 2 4 8 16 32
171  82 277 0  16 1 6 1 2 4 8 16 32
172 542 691 0  22 1 6 1 2 4 8 16 32
173 346 910 0  11 1 6 1 2 4 8 16 32
174 675 373 0  27 1 6 1 2 4 8 16 32
175 190 357 0  38 1 6 1 2 4 8 16 32
176 777 485 0   3 1 6 1 2 4 8 16 32
177 312 637 0  57 1 6 1 2 4 8 16 32
178 136 793 0  12 1 6 1 2 4 8 16 32
179   2  39 0  41 1 6 1 2 4 8 16 32
180 619 574 0  35 1 6 1 2 4 8 16 32
181 980 748 0  24 1 6 1 2 4 8 16 32
182 714 862 0  22 1 6 1 2 4 8 16 32
183   3 429 0  75 1 6 1 2 4 8 16 32
184 990 442 0  92 1 6 1 2 4 8 16 32
185 773 787 0  33 1 6 1 2 4 8 16 32
186 506 845 0  17 1 6 1 2 4 8 16 32
187 406 215 0  34 1 6 1 2 4 8 16 32
188 811 500 0  28 1 6 1 2 4 8 16 32
189 196 314 0  35 1 6 1 2 4 8 16 32
190 771 509 0  24 1 6 1 2 4 8 16 32
191 316 184 0  69 1 6 1 2 4 8 16 32
192 157 612 0 100 1 6 1 2 4 8 16 32
193 980 450 0  51 1 6 1 2 4 8 16 32
194 416 818 0   9 1 6 1 2 4 8 16 32
195 438 695 0  64 1 6 1 2 4 8 16 32
196 443 413 0 100 1 6 1 2 4 8 16 32
197 937 995 0  10 1 6 1 2 4 8 16 32
198 452 122 0  76 1 6 1 2 4 8 16 32
199 689 500 0   9 1 6 1 2 4 8 16 32
200 813 267 0  79 1 6 1 2 4 8 16 32
201 743 224 0  28 1 6 1 2 4 8 16 32
202 879 336 0  72 1 6 1 2 4 8 16 32
203  88 714 0  67 1 6 1 2 4 8 16 32
204 199 114 0  51 1 6 1 2 4 8 16 32
205  68 485 0  53 1 6 1 2 4 8 16 32
206 155 448 0   5 1 6 1 2 4 8 16 32
207 624  28 0  39 1 6 1 2 4 8 16 32
208 590 878 0  98 1 6 1 2 4 8 16 32
209 775 830 0  71 1 6 1 2 4 8 16 32
210 870 399 0  86 1 6 1 2 4 8 16 32
211 919 210 0  96 1 6 1 2 4 8 16 32
212 188 712 0  29 1 6 1 2 4 8 16 32
213 488 198 0  87 1 6 1 2 4 8 16 32
214 559 462 0  46 1 6 1 2 4 8 16 32
215 886 688 0  86 1 6 1 2 4 8 16 32
216  26 453 0  25 1 6 1 2 4 8 16 32
217 527 177 0  62 1 6 1 2 4 8 16 32
218 444 204 0  70 1 6 1 2 4 8 16 32
219  84 451 0  37 1 6 1 2 4 8 16 32
220 525 426 0  89 1 6 1 2 4 8 16 32
221 851 668 0  73 1 6 1 2 4 8 16 32
222 128 608 0  25 1 6 1 2 4 8 16 32
223 934 707 0  66 1 6 1 2 4 8 16 32
224  60 785 0  82 1 6 1 2 4 8 16 32
225 410 571 0  44 1 6 1 2 4 8 16 32
226 751 185 0  20 1 6 1 2 4 8 16 32
227 440 724 0  84 1 6 1 2 4 8 16 32
228 245 639 0  45 1 6 1 2 4 8 16 32
229 144 866 0  48 1 6 1 2 4 8 16 32
230 984  13 0  39 1 6 1 2 4 8 16 32
231  70 571 0   3 1 6 1 2 4 8 16 32
232 873 817 0   1 1 6 1 2 4 8 16 32
233 643 674 0  92 1 6 1 2 4 8 16 32
234  69 712 0  81 1 6 1 2 4 8 16 32
235 781 817 0  93 1 6 1 2 4 8 16 32
236  51 915 0  49 1 6 1 2 4 8 16 32
237 578 297 0  63 1 6 1 2 4 8 16 32
238 439 381 0  41 1 6 1 2 4 8 16 32
239 167 207 0  98 1 6 1 2 4 8 16 32
240 976 686 0  22 1 6 1 2 4 8 16 32
241 847 727 0  26 1 6 1 2 4 8 16 32
242 213 428 0  44 1 6 1 2 4 8 16 32
243 447 787 0  74 1 6 1 2 4 8 16 32
244 168 438 0  96 1 6 1 2 4 8 16 32
245  69 927 0  86 1 6 1 2 4 8 16 32
246 951 512 0  48 1 6 1 2 4 8 16 32
247 670  32 0  16 1 6 1 2 4 8 16 32
248 351 273 0  29 1 6 1 2 4 8 16 32
249 700 446 0  42 1 6 1 2 4 8 16 32
250 994 772 0  78 1 6 1 2 4 8 16 32
251 465 695 0  23 1 6 1 2 4 8 16 32
252 772 716 0  89 1 6 1 2 4 8 16 32
253 626 583 0  11 1 6 1 2 4 8 16 32
254 653 746 0  12 1 6 1 2 4 8 16 32
255 954 572 0  30 1 6 1 2 4 8 16 32
256 360 601 0  22 1 6 1 2 4 8 16 32
257 398 106 0  13 1 6 1 2 4 8 16 32
258 270 770 0  23 1 6 1 2 4 8 16 32
259 813 406 0  10 1 6 1 2 4 8 16 32
260 996 617 0  84 1 6 1 2 4 8 16 32
261 729 543 0  23 1 6 1 2 4 8 16 32
262 628 890 0  62 1 6 1 2 4 8 16 32
263 919 520 0  82 1 6 1 2 4 8 16 32
264 898 255 0  78 1 6 1 2 4 8 16 32
265 575 785 0  51 1 6 1 2 4 8 16 32
266 799 526 0  66 1 6 1 2 4 8 16 32
267 343 524 0   3 1 6 1 2 4 8 16 32
268 893 466 0  80 1 6 1 2 4 8 16 32
269 277 337 0  47 1 6 1 2 4 8 16 32
270 929 449 0  64 1 6 1 2 4 8 16 32
271 981 619 0  76 1 6 1 2 4 8 16 32
272 452  64 0   4 1 6 1 2 4 8 16 32
273 203 691 0  91 1 6 1 2 4 8 16 32
274 451 774 0   9 1 6 1 2 4 8 16 32
275 737 205 0  27 1 6 1 2 4 8 16 32
276 774 870 0  21 1 6 1 2 4 8 16 32
277 911 717 0  93 1 6 1 2 4 8 16 32
278 530 168 0   8 1 6 1 2 4 8 16 32
279 915 371 0  51 1 6 1 2 4 8 16 32
280  22 548 0  39 1 6 1 2 4 8 16 32
281 227 809 0  37 1 6 1 2 4 8 16 32
282  27 562 0  79 1 6 1 2 4 8 16 32
283 463 225 0  74 1 6 1 2 4 8 16 32
284 934  51 0  95 1 6 1 2 4 8 16 32
285 769 869 0  99 1 6 1 2 4 8 16 32
286 906 783 0  62 1 6 1 2 4 8 16 32
287 293 487 0  49 1 6 1 2 4 8 16 32
288 611 515 0  45 1 6 1 2 4 8 16 32
289 379 841 0  87 1 6 1 2 4 8 16 32
290 249 971 0  71 1 6 1 2 4 8 16 32
291 474  38 0  65 1 6 1 2 4 8 16 32
292 218 768 0  96 1 6 1 2 4 8 16 32
293 250  81 0  72 1 6 1 2 4 8 16 32
294 666 240 0  63 1 6 1 2 4 8 16 32
295 339 882 0  74 1 6 1 2 4 8 16 32
296 483  10 0  40 1 6 1 2 4 8 16 32
297 988 442 0   3 1 6 1 2 4 8 16 32
298 987 376 0  77 1 6 1 2 4 8 16 32
299  70 688 0  20 1 6 1 2 4 8 16 32
300 902  48 0  58 1 6 1 2 4 8 16 32
301 789 345 0  14 1 6 1 2 4 8 16 32
302 991   2 0  45 1 6 1 2 4 8 16 32
303 180 224 0  85 1 6 1 2 4 8 16 32
304   7 119 0  19 1 6 1 2 4 8 16 32
305 652 696 0   6 1 6 1 2 4 8 16 32
306 868 127 0  60 1 6 1 2 4 8 16 32
307 479 203 0  57 1 6 1 2 4 8 16 32
308 951 902 0  19 1 6 1 2 4 8 16 32
309 860 116 0  89 1 6 1 2 4 8 16 32
310 341 437 0  33 1 6 1 2 4 8 16 32
311 902 607 0   8 1 6 1 2 4 8 16 32
312 726 647 0   8 1 6 1 2 4 8 16 32
313 686 705 0  34 1 6 1 2 4 8 16 32
314 621 362 0  36 1 6 1 2 4 8 16 32
315 889  47 0  83 1 6 1 2 4 8 16 32
316 185 914 0  74 1 6 1 2 4 8 16 32
317 520 481 0  51 1 6 1 2 4 8 16 32
318 100 548 0  33 1 6 1 2 4 8 16 32
319 218 104 0  91 1 6 1 2 4 8 16 32
320 699  51 0  36 1 6 1 2 4 8 16 32
321  29 645 0 100 1 6 1 2 4 8 16 32
322 151 468 0  16 1 6 1 2 4 8 16 32
323 699 697 0  55 1 6 1 2 4 8 16 32
324 615 757 0  24 1 6 1 2 4 8 16 32
325  67 386 0  69 1 6 1 2 4 8 16 32
326 450   7 0  94 1 6 1 2 4 8 16 32
327 311 714 0  54 1 6 1 2 4 8 16 32
328 254 309 0  59 1 6 1 2 4 8 16 32
329 771 119 0  19 1 6 1 2 4 8 16 32
330 915 249 0  66 1 6 1 2 4 8 16 32
331 968 853 0  24 1 6 1 2 4 8 16 32
332 683  90 0  99 1 6 1 2 4 8 16 32
333 959  99 0  28 1 6 1 2 4 8 16 32
334 667 609 0  91 1 6 1 2 4 8 16 32
335 680 804 0  39 1 6 1 2 4 8 16 32
336 638 554 0  23 1 6 1 2 4 8 16 32
337 355 280 0  96 1 6 1 2 4 8 16 32
338 583 817 0  77 1 6 1 2 4 8 16 32
339 989 590 0  21 1 6 1 2 4 8 16 32
340 197 582 0  64 1 6 1 2 4 8 16 32
341   5 966 0  85 1 6 1 2 4 8 16 32
342 195 617 0  57 1 6 1 2 4 8 16 32
343 112   0 0  49 1 6 1 2 4 8 16 32
344 663   2 0  35 1 6 1 2 4 8 16 32
345 456 493 0  72 1 6 1 2 4 8 16 32
346 314 365 0  95 1 6 1 2 4 8 16 32
347 633 276 0  25 1 6 1 2 4 8 16 32
348 283 336 0  81 1 6 1 2 4 8 16 32
349 254 870 0   5 1 6 1 2 4 8 16 32
350 317 356 0  20 1 6 1 2 4 8 16 32
351 304 818 0  83 1 6 1 2 4 8 16 32
352 690 314 0  63 1 6 1 2 4 8 16 32
353 983 303 0  26 1 6 1 2 4 8 16 32
354 926 541 0  77 1 6 1 2 4 8 16 32
355 835 281 0  11 1 6 1 2 4 8 16 32
356 244 301 0  71 1 6 1 2 4 8 16 32
357 282 359 0  19 1 6 1 2 4 8 16 32
358 600 482 0  25 1 6 1 2 4 8 16 32
359 557 101 0  51 1 6 1 2 4 8 16 32
360 495 300 0  78 1 6 1 2 4 8 16 32
361 315 896 0  11 1 6 1 2 4 8 16 32
362  42  13 0  74 1 6 1 2 4 8 16 32
363 155 716 0  50 1 6 1 2 4 8 16 32
364 898 542 0  78 1 6 1 2 4 8 16 32
365 804 794 0  40 1 6 1 2 4 8 16 32
366 853 934 0  43 1 6 1 2 4 8 16 32
367 750 380 0  88 1 6 1 2 4 8 16 32
368 199 875 0  25 1 6 1 2 4 8 16 32
369 302  83 0  98 1 6 1 2 4 8 16 32
370 579 253 0  63 1 6 1 2 4 8 16 32
371 405 114 0  10 1 6 1 2 4 8 16 32
372  21 570 0  82 1 6 1 2 4 8 16 32
373 330 184 0  64 1 6 1 2 4 8 16 32
374 315  35 0  37 1 6 1 2 4 8 16 32
375 482 547 0  33 1 6 1 2 4 8 16 32
376 848 934 0   1 1 6 1 2 4 8 16 32
377 378 401 0   8 1 6 1 2 4 8 16 32
378 856 630 0  13 1 6 1 2 4 8 16 32
379 568 294 0  58 1 6 1 2 4 8 16 32
380 591 159 0  31 1 6 1 2 4 8 16 32
381 585 108 0  24 1 6 1 2 4 8 16 32
382 570  77 0  97 1 6 1 2 4 8 16 32
383 448 706 0  87 1 6 1 2 4 8 16 32
384 618 810 0  13 1 6 1 2 4 8 16 32
385 700 230 0  23 1 6 1 2 4 8 16 32
386 410 144 0  45 1 6 1 2 4 8 16 32
387 631 135 0  68 1 6 1 2 4 8 16 32
388 291 638 0  17 1 6 1 2 4 8 16 32
389 497 473 0  95 1 6 1 2 4 8 16 32
390 628 694 0  24 1 6 1 2 4 8 16 32
391 781 824 0  38 1 6 1 2 4 8 16 32
392 734 686 0  55 1 6 1 2 4 8 16 32
393 781 375 0  47 1 6 1 2 4 8 16 32
394 289 808 0   0 0 0
395  94 587 0   0 0 0
396 928 284 0   0 0 0
397 644 885 0   0 0 0
398   4 671 0   0 0 0
399 851  85 0   0 0 0
