2 70 402 6
0 242
0 242
0 242
0 242
0 242
0 242
  1 397 728 0  48 1 6 1 2 4 8 16 32
  2 716 261 0  62 1 6 1 2 4 8 16 32
  3 236 221 0  36 1 6 1 2 4 8 16 32
  4 323 640 0  44 1 6 1 2 4 8 16 32
  5 241  86 0  82 1 6 1 2 4 8 16 32
  6 597  65 0  68 1 6 1 2 4 8 16 32
  7 396 247 0  68 1 6 1 2 4 8 16 32
  8 990  21 0  43 1 6 1 2 4 8 16 32
  9 525 582 0  30 1 6 1 2 4 8 16 32
 10 437 887 0  97 1 6 1 2 4 8 16 32
 11 597 331 0  21 1 6 1 2 4 8 16 32
 12 434 841 0  11 1 6 1 2 4 8 16 32
 13 558  38 0  72 1 6 1 2 4 8 16 32
 14 557 585 0  90 1 6 1 2 4 8 16 32
 15 115 405 0  17 1 6 1 2 4 8 16 32
 16 946 720 0  83 1 6 1 2 4 8 16 32
 17 555 776 0   9 1 6 1 2 4 8 16 32
 18 960 436 0  42 1 6 1 2 4 8 16 32
 19 862 588 0  61 1 6 1 2 4 8 16 32
 20 714 172 0  37 1 6 1 2 4 8 16 32
 21  67 317 0  40 1 6 1 2 4 8 16 32
 22 925 342 0  51 1 6 1 2 4 8 16 32
 23 546 446 0  95 1 6 1 2 4 8 16 32
 24 788 775 0  27 1 6 1 2 4 8 16 32
 25 329 226 0  29 1 6 1 2 4 8 16 32
 26 332 183 0  60 1 6 1 2 4 8 16 32
 27 510 110 0  59 1 6 1 2 4 8 16 32
 28 664 186 0  13 1 6 1 2 4 8 16 32
 29  55 160 0  43 1 6 1 2 4 8 16 32
 30 828 419 0  35 1 6 1 2 4 8 16 32
 31  35 765 0  98 1 6 1 2 4 8 16 32
 32 780 552 0  45 1 6 1 2 4 8 16 32
 33 138 298 0  12 1 6 1 2 4 8 16 32
 34 409 811 0  71 1 6 1 2 4 8 16 32
 35 601 727 0  53 1 6 1 2 4 8 16 32
 36 445 846 0  96 1 6 1 2 4 8 16 32
 37 723 368 0  78 1 6 1 2 4 8 16 32
 38 889 568 0  96 1 6 1 2 4 8 16 32
 39 950 448 0   9 1 6 1 2 4 8 16 32
 40 541  93 0  12 1 6 1 2 4 8 16 32
 41 743 209 0  91 1 6 1 2 4 8 16 32
 42 223 885 0   2 1 6 1 2 4 8 16 32
 43 753 850 0  16 1 6 1 2 4 8 16 32
 44 205 453 0   3 1 6 1 2 4 8 16 32
 45 601 449 0  90 1 6 1 2 4 8 16 32
 46 292 477 0  84 1 6 1 2 4 8 16 32
 47 125 266 0  40 1 6 1 2 4 8 16 32
 48 831 503 0  25 1 6 1 2 4 8 16 32
 49 674 517 0  89 1 6 1 2 4 8 16 32
 50 514 978 0  99 1 6 1 2 4 8 16 32
 51 213 688 0   5 1 6 1 2 4 8 16 32
 52 886 263 0  77 1 6 1 2 4 8 16 32
 53 190 582 0  46 1 6 1 2 4 8 16 32
 54 956 636 0  79 1 6 1 2 4 8 16 32
 55 881 105 0  75 1 6 1 2 4 8 16 32
 56 403 808 0  39 1 6 1 2 4 8 16 32
 57 248 826 0  24 1 6 1 2 4 8 16 32
 58 110 978 0  62 1 6 1 2 4 8 16 32
 59 380 947 0  87 1 6 1 2 4 8 16 32
 60 957 144 0  80 1 6 1 2 4 8 16 32
 61 117  30 0  54 1 6 1 2 4 8 16 32
 62 928 234 0  23 1 6 1 2 4 8 16 32
 63 526 318 0  64 1 6 1 2 4 8 16 32
 64 223 567 0  39 1 6 1 2 4 8 16 32
 65 372 734 0  55 1 6 1 2 4 8 16 32
 66 191 929 0  45 1 6 1 2 4 8 16 32
 67 906 882 0  59 1 6 1 2 4 8 16 32
 68 547 622 0  16 1 6 1 2 4 8 16 32
 69 733 964 0  55 1 6 1 2 4 8 16 32
 70 630 370 0  10 1 6 1 2 4 8 16 32
 71 814 336 0  33 1 6 1 2 4 8 16 32
 72 876 463 0  62 1 6 1 2 4 8 16 32
 73 146 456 0   5 1 6 1 2 4 8 16 32
 74 313 520 0  36 1 6 1 2 4 8 16 32
 75 963 683 0   4 1 6 1 2 4 8 16 32
 76 438 855 0  55 1 6 1 2 4 8 16 32
 77 395 439 0  73 1 6 1 2 4 8 16 32
 78 120 183 0  90 1 6 1 2 4 8 16 32
 79 369 904 0  82 1 6 1 2 4 8 16 32
 80 743 802 0  49 1 6 1 2 4 8 16 32
 81 744 577 0  53 1 6 1 2 4 8 16 32
 82 425 736 0  25 1 6 1 2 4 8 16 32
 83 416 292 0  21 1 6 1 2 4 8 16 32
 84 337 350 0  74 1 6 1 2 4 8 16 32
 85 804 304 0  28 1 6 1 2 4 8 16 32
 86 438 848 0  21 1 6 1 2 4 8 16 32
 87 709 480 0  24 1 6 1 2 4 8 16 32
 88 342  68 0  32 1 6 1 2 4 8 16 32
 89 932 361 0   2 1 6 1 2 4 8 16 32
 90 586 907 0  41 1 6 1 2 4 8 16 32
 91 964 628 0  26 1 6 1 2 4 8 16 32
 92 254 681 0  65 1 6 1 2 4 8 16 32
 93 206 714 0  70 1 6 1 2 4 8 16 32
 94 990  19 0  67 1 6 1 2 4 8 16 32
 95 296 365 0  48 1 6 1 2 4 8 16 32
 96 267 764 0  37 1 6 1 2 4 8 16 32
 97 671 122 0  86 1 6 1 2 4 8 16 32
 98 353 876 0  97 1 6 1 2 4 8 16 32
 99 466 156 0  96 1 6 1 2 4 8 16 32
100 605 458 0  94 1 6 1 2 4 8 16 32
101 699 805 0  13 1 6 1 2 4 8 16 32
102 155 174 0  53 1 6 1 2 4 8 16 32
103 393  74 0  18 1 6 1 2 4 8 16 32
104  12 739 0  40 1 6 1 2 4 8 16 32
105 619 157 0   1 1 6 1 2 4 8 16 32
106 931 490 0  84 1 6 1 2 4 8 16 32
107 621 276 0  10 1 6 1 2 4 8 16 32
108 205 567 0  20 1 6 1 2 4 8 16 32
109 322 482 0  12 1 6 1 2 4 8 16 32
110 287  59 0  79 1 6 1 2 4 8 16 32
111 835 117 0  69 1 6 1 2 4 8 16 32
112 859 922 0  52 1 6 1 2 4 8 16 32
113 767 815 0  64 1 6 1 2 4 8 16 32
114 735  87 0  16 1 6 1 2 4 8 16 32
115 406  97 0  40 1 6 1 2 4 8 16 32
116 511 497 0  26 1 6 1 2 4 8 16 32
117 738  62 0  35 1 6 1 2 4 8 16 32
118  63 906 0  74 1 6 1 2 4 8 16 32
119  34 578 0  27 1 6 1 2 4 8 16 32
120 319 976 0  13 1 6 1 2 4 8 16 32
121 774 463 0  61 1 6 1 2 4 8 16 32
122  75 679 0  30 1 6 1 2 4 8 16 32
123 751 978 0  79 1 6 1 2 4 8 16 32
124 542 746 0  88 1 6 1 2 4 8 16 32
125 569 913 0  41 1 6 1 2 4 8 16 32
126 352 627 0  18 1 6 1 2 4 8 16 32
127 754 393 0  61 1 6 1 2 4 8 16 32
128 177  33 0  68 1 6 1 2 4 8 16 32
129   9 338 0  68 1 6 1 2 4 8 16 32
130  60 665 0  79 1 6 1 2 4 8 16 32
131 594 325 0  71 1 6 1 2 4 8 16 32
132 557 257 0   6 1 6 1 2 4 8 16 32
133 804 622 0  41 1 6 1 2 4 8 16 32
134 201  12 0   7 1 6 1 2 4 8 16 32
135 505  83 0   1 1 6 1 2 4 8 16 32
136  17 114 0  29 1 6 1 2 4 8 16 32
137 605  95 0  33 1 6 1 2 4 8 16 32
138 529 371 0  85 1 6 1 2 4 8 16 32
139 496  74 0  88 1 6 1 2 4 8 16 32
140   3 893 0  63 1 6 1 2 4 8 16 32
141 415 422 0  41 1 6 1 2 4 8 16 32
142 607 841 0  73 1 6 1 2 4 8 16 32
143  79 371 0  56 1 6 1 2 4 8 16 32
144 215 880 0  42 1 6 1 2 4 8 16 32
145 582 243 0  41 1 6 1 2 4 8 16 32
146 154 206 0  73 1 6 1 2 4 8 16 32
147 636 990 0  28 1 6 1 2 4 8 16 32
148 232 864 0   7 1 6 1 2 4 8 16 32
149 463 686 0  61 1 6 1 2 4 8 16 32
150 212 146 0   8 1 6 1 2 4 8 16 32
151 685  52 0  44 1 6 1 2 4 8 16 32
152 873 398 0  27 1 6 1 2 4 8 16 32
153 438 742 0  65 1 6 1 2 4 8 16 32
154 338  36 0  32 1 6 1 2 4 8 16 32
155 679 903 0  55 1 6 1 2 4 8 16 32
156 879 651 0  97 1 6 1 2 4 8 16 32
157 406  59 0  47 1 6 1 2 4 8 16 32
158 436 589 0   9 1 6 1 2 4 8 16 32
159 768 537 0  13 1 6 1 2 4 8 16 32
160 400 383 0   5 1 6 1 2 4 8 16 32
161 296 864 0  23 1 6 1 2 4 8 16 32
162 151   4 0  44 1 6 1 2 4 8 16 32
163  93 674 0   1 1 6 1 2 4 8 16 32
164 106 489 0  55 1 6 1 2 4 8 16 32
165 171 122 0   3 1 6 1 2 4 8 16 32
166 910 912 0  84 1 6 1 2 4 8 16 32
167 570 304 0  27 1 6 1 2 4 8 16 32
168 856 237 0  21 1 6 1 2 4 8 16 32
169 275 189 0  41 1 6 1 2 4 8 16 32
170 104 407 0  91 1 6 1 2 4 8 16 32
171 264 375 0  92 1 6 1 2 4 8 16 32
172 758  33 0  54 1 6 1 2 4 8 16 32
173 241 496 0  93 1 6 1 2 4 8 16 32
174 850 622 0  31 1 6 1 2 4 8 16 32
175 390 100 0  38 1 6 1 2 4 8 16 32
176 997 744 0  69 1 6 1 2 4 8 16 32
177 412 892 0  12 1 6 1 2 4 8 16 32
178 567 145 0  25 1 6 1 2 4 8 16 32
179  13 237 0   8 1 6 1 2 4 8 16 32
180 537 627 0   5 1 6 1 2 4 8 16 32
181 932 375 0  10 1 6 1 2 4 8 16 32
182 707 856 0  95 1 6 1 2 4 8 16 32
183 332  49 0  48 1 6 1 2 4 8 16 32
184 527 299 0  96 1 6 1 2 4 8 16 32
185 313 460 0  95 1 6 1 2 4 8 16 32
186 820 226 0 100 1 6 1 2 4 8 16 32
187 878 195 0  67 1 6 1 2 4 8 16 32
188 903 414 0  63 1 6 1 2 4 8 16 32
189 903 208 0  72 1 6 1 2 4 8 16 32
190 682 312 0   1 1 6 1 2 4 8 16 32
191 220 430 0  73 1 6 1 2 4 8 16 32
192 300 659 0  75 1 6 1 2 4 8 16 32
193 895 487 0  56 1 6 1 2 4 8 16 32
194 527 799 0  25 1 6 1 2 4 8 16 32
195 680 655 0   4 1 6 1 2 4 8 16 32
196 273 662 0  71 1 6 1 2 4 8 16 32
197 315 317 0   7 1 6 1 2 4 8 16 32
198 394 410 0  91 1 6 1 2 4 8 16 32
199 688 790 0  30 1 6 1 2 4 8 16 32
200 447 601 0  62 1 6 1 2 4 8 16 32
201  26 330 0  18 1 6 1 2 4 8 16 32
202  69 234 0  95 1 6 1 2 4 8 16 32
203 717 268 0  47 1 6 1 2 4 8 16 32
204 101 501 0   6 1 6 1 2 4 8 16 32
205 158 941 0  31 1 6 1 2 4 8 16 32
206  54 342 0  75 1 6 1 2 4 8 16 32
207 337 347 0  11 1 6 1 2 4 8 16 32
208 962 112 0  45 1 6 1 2 4 8 16 32
209  58 663 0  31 1 6 1 2 4 8 16 32
210 815 831 0  95 1 6 1 2 4 8 16 32
211 628 998 0  37 1 6 1 2 4 8 16 32
212 489  38 0  85 1 6 1 2 4 8 16 32
213 696  50 0  16 1 6 1 2 4 8 16 32
214 973 894 0  73 1 6 1 2 4 8 16 32
215 952 548 0  80 1 6 1 2 4 8 16 32
216 615  89 0  57 1 6 1 2 4 8 16 32
217 251 194 0   7 1 6 1 2 4 8 16 32
218 780 204 0  52 1 6 1 2 4 8 16 32
219 334 297 0  17 1 6 1 2 4 8 16 32
220 600 789 0  86 1 6 1 2 4 8 16 32
221 401 846 0  72 1 6 1 2 4 8 16 32
222 274 126 0   7 1 6 1 2 4 8 16 32
223 967 868 0  71 1 6 1 2 4 8 16 32
224 883 925 0  12 1 6 1 2 4 8 16 32
225  90 951 0  44 1 6 1 2 4 8 16 32
226 251 375 0  50 1 6 1 2 4 8 16 32
227 987 602 0  92 1 6 1 2 4 8 16 32
228 398 384 0  52 1 6 1 2 4 8 16 32
229 172 530 0  36 1 6 1 2 4 8 16 32
230 797 391 0   1 1 6 1 2 4 8 16 32
231 383 307 0  41 1 6 1 2 4 8 16 32
232  34 772 0  21 1 6 1 2 4 8 16 32
233 443  91 0  46 1 6 1 2 4 8 16 32
234 225 789 0  51 1 6 1 2 4 8 16 32
235 423 830 0  58 1 6 1 2 4 8 16 32
236 303  47 0  70 1 6 1 2 4 8 16 32
237 963 291 0  52 1 6 1 2 4 8 16 32
238 280 311 0  61 1 6 1 2 4 8 16 32
239 657 564 0  52 1 6 1 2 4 8 16 32
240 927  17 0  13 1 6 1 2 4 8 16 32
241 171 251 0  16 1 6 1 2 4 8 16 32
242 925 283 0  11 1 6 1 2 4 8 16 32
243 504  58 0  58 1 6 1 2 4 8 16 32
244 171 765 0  64 1 6 1 2 4 8 16 32
245 166 929 0  99 1 6 1 2 4 8 16 32
246 302 727 0  42 1 6 1 2 4 8 16 32
247 491  47 0  76 1 6 1 2 4 8 16 32
248 354 210 0  47 1 6 1 2 4 8 16 32
249 679 197 0  79 1 6 1 2 4 8 16 32
250  13 418 0  86 1 6 1 2 4 8 16 32
251 467  43 0  75 1 6 1 2 4 8 16 32
252 875 604 0  54 1 6 1 2 4 8 16 32
253  20 790 0  97 1 6 1 2 4 8 16 32
254 522 462 0  60 1 6 1 2 4 8 16 32
255 500 227 0  13 1 6 1 2 4 8 16 32
256 952 681 0  64 1 6 1 2 4 8 16 32
257 252 503 0  78 1 6 1 2 4 8 16 32
258  61 527 0  28 1 6 1 2 4 8 16 32
259 883 682 0  37 1 6 1 2 4 8 16 32
260 206 447 0  54 1 6 1 2 4 8 16 32
261 982 565 0  19 1 6 1 2 4 8 16 32
262 913 262 0  50 1 6 1 2 4 8 16 32
263 540 742 0  55 1 6 1 2 4 8 16 32
264 573 893 0  73 1 6 1 2 4 8 16 32
265 115 989 0  43 1 6 1 2 4 8 16 32
266 290 713 0  67 1 6 1 2 4 8 16 32
267 826 616 0  52 1 6 1 2 4 8 16 32
268 817 107 0  39 1 6 1 2 4 8 16 32
269 270 177 0  32 1 6 1 2 4 8 16 32
270  44 510 0  17 1 6 1 2 4 8 16 32
271 806 406 0  80 1 6 1 2 4 8 16 32
272 917 905 0  73 1 6 1 2 4 8 16 32
273  78 421 0  11 1 6 1 2 4 8 16 32
274 813 472 0  70 1 6 1 2 4 8 16 32
275 464 797 0  41 1 6 1 2 4 8 16 32
276 575 180 0  45 1 6 1 2 4 8 16 32
277 242 584 0  78 1 6 1 2 4 8 16 32
278 207 736 0  85 1 6 1 2 4 8 16 32
279 717 785 0  19 1 6 1 2 4 8 16 32
280 960 316 0  40 1 6 1 2 4 8 16 32
281 187 321 0  79 1 6 1 2 4 8 16 32
282 620 764 0  52 1 6 1 2 4 8 16 32
283 481 330 0  67 1 6 1 2 4 8 16 32
284 601 140 0  78 1 6 1 2 4 8 16 32
285 999 567 0  24 1 6 1 2 4 8 16 32
286 404 596 0  94 1 6 1 2 4 8 16 32
287 182 893 0  26 1 6 1 2 4 8 16 32
288 807 801 0   8 1 6 1 2 4 8 16 32
289 619 683 0  41 1 6 1 2 4 8 16 32
290 355 804 0  55 1 6 1 2 4 8 16 32
291 674 476 0  42 1 6 1 2 4 8 16 32
292 779 348 0  55 1 6 1 2 4 8 16 32
293 714 211 0  17 1 6 1 2 4 8 16 32
294 545 165 0  48 1 6 1 2 4 8 16 32
295 425 126 0   8 1 6 1 2 4 8 16 32
296  18 440 0  43 1 6 1 2 4 8 16 32
297 158 753 0  86 1 6 1 2 4 8 16 32
298 319 221 0  94 1 6 1 2 4 8 16 32
299 768  34 0  31 1 6 1 2 4 8 16 32
300 339 457 0  82 1 6 1 2 4 8 16 32
301 131 722 0  96 1 6 1 2 4 8 16 32
302 109 147 0   9 1 6 1 2 4 8 16 32
303 342 547 0  43 1 6 1 2 4 8 16 32
304  63 500 0  93 1 6 1 2 4 8 16 32
305  50 450 0  13 1 6 1 2 4 8 16 32
306 894 987 0  64 1 6 1 2 4 8 16 32
307 422 703 0  21 1 6 1 2 4 8 16 32
308 900 861 0  32 1 6 1 2 4 8 16 32
309 217 526 0  57 1 6 1 2 4 8 16 32
310 341 172 0  27 1 6 1 2 4 8 16 32
311 595 293 0  71 1 6 1 2 4 8 16 32
312 630 456 0  22 1 6 1 2 4 8 16 32
313  24 818 0   1 1 6 1 2 4 8 16 32
314 375 965 0  41 1 6 1 2 4 8 16 32
315 601 212 0  40 1 6 1 2 4 8 16 32
316 148 575 0  22 1 6 1 2 4 8 16 32
317 840 967 0  15 1 6 1 2 4 8 16 32
318  48 867 0  48 1 6 1 2 4 8 16 32
319  42 697 0  11 1 6 1 2 4 8 16 32
320 276 898 0   9 1 6 1 2 4 8 16 32
321 695 621 0  73 1 6 1 2 4 8 16 32
322 439 437 0   1 1 6 1 2 4 8 16 32
323 915 923 0  86 1 6 1 2 4 8 16 32
324 675 772 0  60 1 6 1 2 4 8 16 32
325  67 949 0  46 1 6 1 2 4 8 16 32
326 267 677 0  23 1 6 1 2 4 8 16 32
327 558 643 0 100 1 6 1 2 4 8 16 32
328 375 670 0  62 1 6 1 2 4 8 16 32
329 442 209 0  22 1 6 1 2 4 8 16 32
330 107 808 0  33 1 6 1 2 4 8 16 32
331 294 116 0  31 1 6 1 2 4 8 16 32
332 153 857 0  62 1 6 1 2 4 8 16 32
333 479 738 0  54 1 6 1 2 4 8 16 32
334 182 553 0  96 1 6 1 2 4 8 16 32
335 434 533 0   8 1 6 1 2 4 8 16 32
336 429 905 0  55 1 6 1 2 4 8 16 32
337 830 243 0  50 1 6 1 2 4 8 16 32
338 964 938 0  67 1 6 1 2 4 8 16 32
339 783 179 0  49 1 6 1 2 4 8 16 32
340 222 384 0   3 1 6 1 2 4 8 16 32
341 820 954 0  66 1 6 1 2 4 8 16 32
342 627  22 0  53 1 6 1 2 4 8 16 32
343 569 388 0  56 1 6 1 2 4 8 16 32
344 362 871 0  31 1 6 1 2 4 8 16 32
345 703 669 0  49 1 6 1 2 4 8 16 32
346 640 432 0  74 1 6 1 2 4 8 16 32
347 855 481 0  67 1 6 1 2 4 8 16 32
348 575 842 0  86 1 6 1 2 4 8 16 32
349 633 526 0  32 1 6 1 2 4 8 16 32
350 776 303 0   5 1 6 1 2 4 8 16 32
351 377 784 0  75 1 6 1 2 4 8 16 32
352 528  70 0  81 1 6 1 2 4 8 16 32
353 656 147 0  71 1 6 1 2 4 8 16 32
354 593 472 0  82 1 6 1 2 4 8 16 32
355 636 347 0  35 1 6 1 2 4 8 16 32
356 961 221 0  55 1 6 1 2 4 8 16 32
357 838 559 0  81 1 6 1 2 4 8 16 32
358 619 443 0  21 1 6 1 2 4 8 16 32
359 744 337 0  21 1 6 1 2 4 8 16 32
360  30 981 0  27 1 6 1 2 4 8 16 32
361 815 882 0  43 1 6 1 2 4 8 16 32
362  41 967 0  91 1 6 1 2 4 8 16 32
363 893 893 0  65 1 6 1 2 4 8 16 32
364 590  28 0  27 1 6 1 2 4 8 16 32
365 565 915 0  13 1 6 1 2 4 8 16 32
366  78 659 0  82 1 6 1 2 4 8 16 32
367 891 594 0  97 1 6 1 2 4 8 16 32
368 275 763 0  44 1 6 1 2 4 8 16 32
369 987 922 0  68 1 6 1 2 4 8 16 32
370 855  69 0  70 1 6 1 2 4 8 16 32
371 503 415 0  91 1 6 1 2 4 8 16 32
372 354 438 0  78 1 6 1 2 4 8 16 32
373 360 866 0  79 1 6 1 2 4 8 16 32
374 659 992 0  78 1 6 1 2 4 8 16 32
375 169 155 0  38 1 6 1 2 4 8 16 32
376 317 447 0   8 1 6 1 2 4 8 16 32
377  47 742 0  30 1 6 1 2 4 8 16 32
378 143 968 0  72 1 6 1 2 4 8 16 32
379 349 113 0  70 1 6 1 2 4 8 16 32
380 492  82 0  52 1 6 1 2 4 8 16 32
381  22 508 0  89 1 6 1 2 4 8 16 32
382 922 757 0  83 1 6 1 2 4 8 16 32
383 913  83 0  19 1 6 1 2 4 8 16 32
384 226 648 0  66 1 6 1 2 4 8 16 32
385 889 394 0 100 1 6 1 2 4 8 16 32
386 892 280 0  93 1 6 1 2 4 8 16 32
387 731 835 0  39 1 6 1 2 4 8 16 32
388 314 466 0  45 1 6 1 2 4 8 16 32
389 610  11 0  84 1 6 1 2 4 8 16 32
390 820 816 0  47 1 6 1 2 4 8 16 32
391 913 741 0  79 1 6 1 2 4 8 16 32
392 833 798 0  16 1 6 1 2 4 8 16 32
393 534 506 0  93 1 6 1 2 4 8 16 32
394 282 971 0  46 1 6 1 2 4 8 16 32
395 980 432 0  17 1 6 1 2 4 8 16 32
396 481 532 0  13 1 6 1 2 4 8 16 32
397 126 163 0  74 1 6 1 2 4 8 16 32
398 716 844 0  75 1 6 1 2 4 8 16 32
399 471 882 0   4 1 6 1 2 4 8 16 32
400 971  45 0  46 1 6 1 2 4 8 16 32
401   7 769 0  18 1 6 1 2 4 8 16 32
402 262 796 0  74 1 6 1 2 4 8 16 32
403 893 646 0   0 0 0
404 567 565 0   0 0 0
405  95 321 0   0 0 0
406 163 284 0   0 0 0
407 542 591 0   0 0 0
408 537 136 0   0 0 0
