2 117 405 3
0 247
0 247
0 247
  1  13 105 0 85 1 3 1 2 4
  2 556 310 0 55 1 3 1 2 4
  3 262  69 0 31 1 3 1 2 4
  4  69 219 0 85 1 3 1 2 4
  5 368 713 0 96 1 3 1 2 4
  6 329 168 0  3 1 3 1 2 4
  7 610 236 0 64 1 3 1 2 4
  8 954 243 0 62 1 3 1 2 4
  9 677  56 0 74 1 3 1 2 4
 10 638 978 0 72 1 3 1 2 4
 11 380 165 0 32 1 3 1 2 4
 12   8 822 0 69 1 3 1 2 4
 13 657 699 0 37 1 3 1 2 4
 14 336 277 0 43 1 3 1 2 4
 15 960 417 0 30 1 3 1 2 4
 16 160 674 0 62 1 3 1 2 4
 17 785 730 0 10 1 3 1 2 4
 18 950 223 0  3 1 3 1 2 4
 19 239 688 0 40 1 3 1 2 4
 20 551  41 0 32 1 3 1 2 4
 21 612 909 0 18 1 3 1 2 4
 22 966 445 0 18 1 3 1 2 4
 23 511 327 0 66 1 3 1 2 4
 24 832 434 0 58 1 3 1 2 4
 25 677 670 0 23 1 3 1 2 4
 26 506 838 0 65 1 3 1 2 4
 27 839 797 0 33 1 3 1 2 4
 28 873 406 0 82 1 3 1 2 4
 29 216 798 0 50 1 3 1 2 4
 30 847  32 0 63 1 3 1 2 4
 31 977 533 0 12 1 3 1 2 4
 32 925 984 0 17 1 3 1 2 4
 33 481 741 0 45 1 3 1 2 4
 34 280 884 0  7 1 3 1 2 4
 35 381 917 0 19 1 3 1 2 4
 36 130 361 0 16 1 3 1 2 4
 37 612  97 0 21 1 3 1 2 4
 38 103 698 0 39 1 3 1 2 4
 39 624 178 0 62 1 3 1 2 4
 40  31 850 0 41 1 3 1 2 4
 41 243 770 0 50 1 3 1 2 4
 42  72 512 0 88 1 3 1 2 4
 43 185 378 0 47 1 3 1 2 4
 44 901 627 0 91 1 3 1 2 4
 45 532 917 0 26 1 3 1 2 4
 46  19 466 0  7 1 3 1 2 4
 47 758  30 0 10 1 3 1 2 4
 48 639 284 0 65 1 3 1 2 4
 49 934 802 0 64 1 3 1 2 4
 50 581 733 0 90 1 3 1 2 4
 51 757 371 0  8 1 3 1 2 4
 52 292 387 0 42 1 3 1 2 4
 53 853 594 0 95 1 3 1 2 4
 54 871 260 0 32 1 3 1 2 4
 55 978 964 0 88 1 3 1 2 4
 56 171 917 0  6 1 3 1 2 4
 57 163 703 0 57 1 3 1 2 4
 58 125 121 0 29 1 3 1 2 4
 59 829 543 0 21 1 3 1 2 4
 60 913  88 0 89 1 3 1 2 4
 61 366  61 0 14 1 3 1 2 4
 62 253 583 0 26 1 3 1 2 4
 63 345 507 0 54 1 3 1 2 4
 64 326 763 0 81 1 3 1 2 4
 65 385 675 0 51 1 3 1 2 4
 66  51 552 0 99 1 3 1 2 4
 67 784 862 0 35 1 3 1 2 4
 68  48 533 0 30 1 3 1 2 4
 69 226 896 0 54 1 3 1 2 4
 70 471 890 0 64 1 3 1 2 4
 71  77 759 0 44 1 3 1 2 4
 72 260 292 0 97 1 3 1 2 4
 73 125 559 0 39 1 3 1 2 4
 74 508 188 0 19 1 3 1 2 4
 75 230 560 0 74 1 3 1 2 4
 76 663 268 0 98 1 3 1 2 4
 77 487  45 0 61 1 3 1 2 4
 78 144 599 0 85 1 3 1 2 4
 79 257 235 0 79 1 3 1 2 4
 80 347 734 0 59 1 3 1 2 4
 81 708 552 0  6 1 3 1 2 4
 82 455 464 0 45 1 3 1 2 4
 83 252 586 0 83 1 3 1 2 4
 84 223 493 0  5 1 3 1 2 4
 85 398 767 0  8 1 3 1 2 4
 86 573 742 0 11 1 3 1 2 4
 87 919 792 0  4 1 3 1 2 4
 88 538 553 0 45 1 3 1 2 4
 89 738 571 0 91 1 3 1 2 4
 90 674 390 0 67 1 3 1 2 4
 91 500 965 0 77 1 3 1 2 4
 92 525 568 0 16 1 3 1 2 4
 93 327 568 0 58 1 3 1 2 4
 94 382 946 0 87 1 3 1 2 4
 95 466 562 0 36 1 3 1 2 4
 96 279 345 0 63 1 3 1 2 4
 97 376 435 0 52 1 3 1 2 4
 98 902 990 0  8 1 3 1 2 4
 99 747 697 0 40 1 3 1 2 4
100  66  76 0 10 1 3 1 2 4
101 302 913 0 69 1 3 1 2 4
102 182 453 0  8 1 3 1 2 4
103 205 200 0 92 1 3 1 2 4
104 743 426 0 79 1 3 1 2 4
105  29 995 0 63 1 3 1 2 4
106 609  83 0  4 1 3 1 2 4
107 140 609 0 43 1 3 1 2 4
108 149 614 0 32 1 3 1 2 4
109  76 526 0 85 1 3 1 2 4
110  23 879 0 34 1 3 1 2 4
111 149 969 0  9 1 3 1 2 4
112  31 224 0  4 1 3 1 2 4
113 841 994 0 45 1 3 1 2 4
114  78  45 0 39 1 3 1 2 4
115 734  67 0 90 1 3 1 2 4
116 279 561 0 65 1 3 1 2 4
117 702 298 0 31 1 3 1 2 4
118 513 425 0 86 1 3 1 2 4
119 498 195 0  2 1 3 1 2 4
120 653 410 0 27 1 3 1 2 4
121 530 591 0 25 1 3 1 2 4
122 827 714 0 45 1 3 1 2 4
123 386 345 0 24 1 3 1 2 4
124 909 118 0 32 1 3 1 2 4
125 444 478 0 23 1 3 1 2 4
126 434 284 0 31 1 3 1 2 4
127 295 884 0 61 1 3 1 2 4
128 769 121 0 33 1 3 1 2 4
129 260 929 0 37 1 3 1 2 4
130 213  35 0 82 1 3 1 2 4
131 808 332 0 64 1 3 1 2 4
132 741 848 0 93 1 3 1 2 4
133  71 998 0 90 1 3 1 2 4
134 163  94 0 18 1 3 1 2 4
135 897  99 0 10 1 3 1 2 4
136 429 608 0 37 1 3 1 2 4
137  45 812 0 87 1 3 1 2 4
138 499   4 0 83 1 3 1 2 4
139 404 953 0  7 1 3 1 2 4
140 757 330 0 85 1 3 1 2 4
141 977 462 0 20 1 3 1 2 4
142 591 367 0 75 1 3 1 2 4
143 881 141 0 63 1 3 1 2 4
144 616 472 0 23 1 3 1 2 4
145 705  18 0 89 1 3 1 2 4
146 228  88 0 77 1 3 1 2 4
147 914 183 0 32 1 3 1 2 4
148 100 527 0 80 1 3 1 2 4
149 546 755 0 80 1 3 1 2 4
150 329 848 0  5 1 3 1 2 4
151  95 769 0 54 1 3 1 2 4
152 940 507 0 67 1 3 1 2 4
153 766 242 0 18 1 3 1 2 4
154 152 737 0  5 1 3 1 2 4
155 768 300 0 85 1 3 1 2 4
156 605 343 0 26 1 3 1 2 4
157 497 887 0 23 1 3 1 2 4
158 490 525 0 51 1 3 1 2 4
159 601 980 0 66 1 3 1 2 4
160 140 550 0 85 1 3 1 2 4
161  57 531 0 79 1 3 1 2 4
162  11 323 0 38 1 3 1 2 4
163 800 312 0 25 1 3 1 2 4
164 761 249 0 62 1 3 1 2 4
165 125 682 0 56 1 3 1 2 4
166 626 726 0 36 1 3 1 2 4
167 690 685 0  6 1 3 1 2 4
168 464 365 0 49 1 3 1 2 4
169 239 196 0 17 1 3 1 2 4
170 971 722 0 65 1 3 1 2 4
171 253 393 0 98 1 3 1 2 4
172 911 979 0  7 1 3 1 2 4
173 543 249 0 82 1 3 1 2 4
174 264 362 0 69 1 3 1 2 4
175 275 523 0 20 1 3 1 2 4
176 484 764 0 69 1 3 1 2 4
177 769 568 0 50 1 3 1 2 4
178 414 649 0 74 1 3 1 2 4
179 409 750 0 91 1 3 1 2 4
180   6 933 0  8 1 3 1 2 4
181 719 944 0 56 1 3 1 2 4
182 577 655 0 97 1 3 1 2 4
183 671  88 0 26 1 3 1 2 4
184 785 571 0 87 1 3 1 2 4
185 576   0 0  7 1 3 1 2 4
186 290 499 0 70 1 3 1 2 4
187  84  27 0 98 1 3 1 2 4
188 686 101 0 87 1 3 1 2 4
189 171 307 0  6 1 3 1 2 4
190  56 705 0 79 1 3 1 2 4
191 893 933 0 78 1 3 1 2 4
192 145 871 0 36 1 3 1 2 4
193 631 264 0 65 1 3 1 2 4
194 541 596 0 88 1 3 1 2 4
195  56 736 0 93 1 3 1 2 4
196 481 855 0 18 1 3 1 2 4
197 905 274 0 37 1 3 1 2 4
198  17 598 0 10 1 3 1 2 4
199 715 203 0 73 1 3 1 2 4
200 748 285 0  8 1 3 1 2 4
201 406  81 0 67 1 3 1 2 4
202 931 502 0 25 1 3 1 2 4
203 908 772 0 55 1 3 1 2 4
204  15 725 0 43 1 3 1 2 4
205 271 744 0 77 1 3 1 2 4
206 108 855 0 76 1 3 1 2 4
207  51 590 0  6 1 3 1 2 4
208 200  75 0  9 1 3 1 2 4
209 890 228 0 70 1 3 1 2 4
210 720 998 0 91 1 3 1 2 4
211 882 277 0 74 1 3 1 2 4
212 804 564 0 79 1 3 1 2 4
213  78 966 0 73 1 3 1 2 4
214 155 476 0 64 1 3 1 2 4
215  40 308 0 89 1 3 1 2 4
216  84 706 0 22 1 3 1 2 4
217 734 254 0 59 1 3 1 2 4
218 623 672 0 75 1 3 1 2 4
219  39  85 0 65 1 3 1 2 4
220 132 377 0 21 1 3 1 2 4
221 592 419 0 91 1 3 1 2 4
222 835  98 0 22 1 3 1 2 4
223 136 424 0 81 1 3 1 2 4
224 469 670 0  9 1 3 1 2 4
225 816 687 0 55 1 3 1 2 4
226 793 746 0  3 1 3 1 2 4
227 866 579 0 14 1 3 1 2 4
228 802 737 0  8 1 3 1 2 4
229 563 353 0 26 1 3 1 2 4
230 850 351 0 83 1 3 1 2 4
231 243 568 0 11 1 3 1 2 4
232 154 440 0 96 1 3 1 2 4
233 754 393 0 50 1 3 1 2 4
234 312 821 0 92 1 3 1 2 4
235 744 836 0 40 1 3 1 2 4
236 582  39 0 79 1 3 1 2 4
237 398 398 0 37 1 3 1 2 4
238 183 210 0 75 1 3 1 2 4
239 427 913 0  9 1 3 1 2 4
240 684 637 0 57 1 3 1 2 4
241 411 974 0 95 1 3 1 2 4
242 617 714 0 72 1 3 1 2 4
243 941 582 0 80 1 3 1 2 4
244  50 878 0 53 1 3 1 2 4
245 727 994 0 29 1 3 1 2 4
246 652 415 0 98 1 3 1 2 4
247 604 226 0 95 1 3 1 2 4
248 227 412 0 95 1 3 1 2 4
249 679 789 0 78 1 3 1 2 4
250 812 572 0 83 1 3 1 2 4
251 655 422 0 35 1 3 1 2 4
252 228 935 0 65 1 3 1 2 4
253 902 225 0 95 1 3 1 2 4
254 641 755 0 14 1 3 1 2 4
255 671 300 0 75 1 3 1 2 4
256 855 607 0 62 1 3 1 2 4
257 402 794 0 42 1 3 1 2 4
258 259 720 0  4 1 3 1 2 4
259 449 779 0 33 1 3 1 2 4
260 131 175 0 47 1 3 1 2 4
261  46 704 0 90 1 3 1 2 4
262 937  77 0 76 1 3 1 2 4
263 838 985 0 83 1 3 1 2 4
264 962 281 0 25 1 3 1 2 4
265 739 994 0 16 1 3 1 2 4
266 320 587 0 38 1 3 1 2 4
267 306 572 0 45 1 3 1 2 4
268 924 960 0 25 1 3 1 2 4
269 181 114 0 12 1 3 1 2 4
270 967 748 0 29 1 3 1 2 4
271 589 146 0 12 1 3 1 2 4
272 208 533 0 27 1 3 1 2 4
273 794 498 0 26 1 3 1 2 4
274 635  24 0 22 1 3 1 2 4
275 230 219 0 17 1 3 1 2 4
276 937 673 0 44 1 3 1 2 4
277  47  70 0 67 1 3 1 2 4
278 384 823 0 84 1 3 1 2 4
279 266 175 0 46 1 3 1 2 4
280 299  52 0 34 1 3 1 2 4
281 753  33 0 69 1 3 1 2 4
282 225 763 0 65 1 3 1 2 4
283 128 607 0 86 1 3 1 2 4
284 187 282 0 62 1 3 1 2 4
285 151 996 0 76 1 3 1 2 4
286 933 851 0 93 1 3 1 2 4
287 522 475 0  1 1 3 1 2 4
288 508 165 0 91 1 3 1 2 4
289 238 532 0 91 1 3 1 2 4
290 149 657 0 12 1 3 1 2 4
291 506 639 0  2 1 3 1 2 4
292 925 713 0 83 1 3 1 2 4
293 425 869 0 82 1 3 1 2 4
294 494 646 0  8 1 3 1 2 4
295 502 530 0 27 1 3 1 2 4
296 939  96 0 32 1 3 1 2 4
297 634 579 0 21 1 3 1 2 4
298 879 365 0 69 1 3 1 2 4
299 138  43 0 31 1 3 1 2 4
300 367 180 0 17 1 3 1 2 4
301 946 757 0 28 1 3 1 2 4
302 435 833 0 85 1 3 1 2 4
303  42  44 0 25 1 3 1 2 4
304 253 969 0 97 1 3 1 2 4
305  16 853 0 81 1 3 1 2 4
306 741 672 0 49 1 3 1 2 4
307 222 409 0 51 1 3 1 2 4
308 491 543 0 67 1 3 1 2 4
309 180 947 0 47 1 3 1 2 4
310 914 115 0 41 1 3 1 2 4
311 307 570 0 29 1 3 1 2 4
312 118 616 0 94 1 3 1 2 4
313 256 385 0 46 1 3 1 2 4
314 570 651 0 43 1 3 1 2 4
315 592 597 0 27 1 3 1 2 4
316 592 357 0 59 1 3 1 2 4
317 884 888 0 55 1 3 1 2 4
318 317  35 0 52 1 3 1 2 4
319 809 906 0 31 1 3 1 2 4
320 824 534 0 42 1 3 1 2 4
321 349 309 0 43 1 3 1 2 4
322 882 740 0 51 1 3 1 2 4
323 464 675 0 25 1 3 1 2 4
324 580 949 0  3 1 3 1 2 4
325 127 442 0 75 1 3 1 2 4
326 627 115 0 67 1 3 1 2 4
327 423 478 0 71 1 3 1 2 4
328 129 379 0 54 1 3 1 2 4
329 897  52 0 83 1 3 1 2 4
330 840 233 0 47 1 3 1 2 4
331 980 606 0 74 1 3 1 2 4
332 928 315 0 85 1 3 1 2 4
333 661 804 0 79 1 3 1 2 4
334 753 896 0 11 1 3 1 2 4
335 736 196 0 78 1 3 1 2 4
336 926  21 0 90 1 3 1 2 4
337 948 229 0 17 1 3 1 2 4
338 221 470 0 29 1 3 1 2 4
339 615 596 0 83 1 3 1 2 4
340 614 566 0 36 1 3 1 2 4
341 851 120 0 45 1 3 1 2 4
342 934 110 0 56 1 3 1 2 4
343 971 667 0 60 1 3 1 2 4
344 231 454 0 52 1 3 1 2 4
345 618 742 0 36 1 3 1 2 4
346 603 368 0 29 1 3 1 2 4
347 232 962 0 10 1 3 1 2 4
348  10 648 0 22 1 3 1 2 4
349 150 629 0 14 1 3 1 2 4
350 298 149 0 35 1 3 1 2 4
351 511 541 0 60 1 3 1 2 4
352  18 278 0 70 1 3 1 2 4
353 434 654 0  2 1 3 1 2 4
354 800 481 0  2 1 3 1 2 4
355 716 207 0 65 1 3 1 2 4
356   7 862 0 59 1 3 1 2 4
357 627 212 0 35 1 3 1 2 4
358 296 185 0 79 1 3 1 2 4
359 857 172 0 91 1 3 1 2 4
360 123 578 0 35 1 3 1 2 4
361  44 206 0  2 1 3 1 2 4
362 358 298 0 74 1 3 1 2 4
363 947  75 0 76 1 3 1 2 4
364  73 598 0 83 1 3 1 2 4
365 986 886 0 33 1 3 1 2 4
366 238  79 0 11 1 3 1 2 4
367 939 205 0 38 1 3 1 2 4
368  75 898 0  8 1 3 1 2 4
369 661 798 0 81 1 3 1 2 4
370 399 154 0 85 1 3 1 2 4
371 999 122 0 38 1 3 1 2 4
372 941 916 0  8 1 3 1 2 4
373 642 904 0 93 1 3 1 2 4
374 198 204 0 12 1 3 1 2 4
375 615 390 0 99 1 3 1 2 4
376  72 760 0 25 1 3 1 2 4
377 579   0 0 99 1 3 1 2 4
378 289 100 0 50 1 3 1 2 4
379 101 861 0 27 1 3 1 2 4
380 832 252 0 80 1 3 1 2 4
381 435 113 0 75 1 3 1 2 4
382 333 244 0 23 1 3 1 2 4
383 316 871 0 72 1 3 1 2 4
384 720  42 0 25 1 3 1 2 4
385 338 843 0 76 1 3 1 2 4
386 314 281 0 69 1 3 1 2 4
387 273 326 0 73 1 3 1 2 4
388 755 977 0 33 1 3 1 2 4
389 572 935 0 76 1 3 1 2 4
390 323 825 0 75 1 3 1 2 4
391 945 825 0 33 1 3 1 2 4
392 892 387 0 63 1 3 1 2 4
393  25 986 0 12 1 3 1 2 4
394 826 158 0 33 1 3 1 2 4
395  20 332 0 39 1 3 1 2 4
396 877 367 0 29 1 3 1 2 4
397 168 350 0 94 1 3 1 2 4
398  32 777 0 25 1 3 1 2 4
399 325 477 0 52 1 3 1 2 4
400 164 652 0 86 1 3 1 2 4
401 782 785 0 79 1 3 1 2 4
402 478 261 0 73 1 3 1 2 4
403 499 317 0 51 1 3 1 2 4
404 210 283 0 20 1 3 1 2 4
405 887 375 0 81 1 3 1 2 4
406 836 850 0  0 0 0
407 872 809 0  0 0 0
408  13 442 0  0 0 0
