2 42 411 8
0 244
0 244
0 244
0 244
0 244
0 244
0 244
0 244
  1  532 379 0  37 1 8 1 2 4 8 16 32 64 128
  2    2  83 0  90 1 8 1 2 4 8 16 32 64 128
  3  393 887 0  20 1 8 1 2 4 8 16 32 64 128
  4  904 956 0  88 1 8 1 2 4 8 16 32 64 128
  5  470 935 0  73 1 8 1 2 4 8 16 32 64 128
  6  328 249 0  96 1 8 1 2 4 8 16 32 64 128
  7  198 326 0  91 1 8 1 2 4 8 16 32 64 128
  8  265 223 0  52 1 8 1 2 4 8 16 32 64 128
  9  334 226 0  49 1 8 1 2 4 8 16 32 64 128
 10  374 179 0  11 1 8 1 2 4 8 16 32 64 128
 11  420 211 0  70 1 8 1 2 4 8 16 32 64 128
 12   55   8 0  21 1 8 1 2 4 8 16 32 64 128
 13  239 283 0  64 1 8 1 2 4 8 16 32 64 128
 14  903 955 0  87 1 8 1 2 4 8 16 32 64 128
 15  142 325 0  84 1 8 1 2 4 8 16 32 64 128
 16  225 985 0  26 1 8 1 2 4 8 16 32 64 128
 17  390 447 0  76 1 8 1 2 4 8 16 32 64 128
 18  341 424 0  25 1 8 1 2 4 8 16 32 64 128
 19  503 125 0  57 1 8 1 2 4 8 16 32 64 128
 20  989 226 0  94 1 8 1 2 4 8 16 32 64 128
 21  633 155 0  48 1 8 1 2 4 8 16 32 64 128
 22   55 642 0   5 1 8 1 2 4 8 16 32 64 128
 23  284 325 0  75 1 8 1 2 4 8 16 32 64 128
 24  815 684 0  93 1 8 1 2 4 8 16 32 64 128
 25  486 234 0  63 1 8 1 2 4 8 16 32 64 128
 26  187 819 0  68 1 8 1 2 4 8 16 32 64 128
 27  623 317 0  30 1 8 1 2 4 8 16 32 64 128
 28  325 968 0  27 1 8 1 2 4 8 16 32 64 128
 29  699  88 0  73 1 8 1 2 4 8 16 32 64 128
 30  520 464 0  42 1 8 1 2 4 8 16 32 64 128
 31  754 332 0  31 1 8 1 2 4 8 16 32 64 128
 32  276 813 0  45 1 8 1 2 4 8 16 32 64 128
 33   54 130 0  31 1 8 1 2 4 8 16 32 64 128
 34  450 450 0  11 1 8 1 2 4 8 16 32 64 128
 35  356 806 0  62 1 8 1 2 4 8 16 32 64 128
 36  794  26 0  56 1 8 1 2 4 8 16 32 64 128
 37   42 281 0  70 1 8 1 2 4 8 16 32 64 128
 38  181 989 0  11 1 8 1 2 4 8 16 32 64 128
 39   84 580 0  56 1 8 1 2 4 8 16 32 64 128
 40  112 648 0  61 1 8 1 2 4 8 16 32 64 128
 41  102 429 0  73 1 8 1 2 4 8 16 32 64 128
 42  322 360 0  15 1 8 1 2 4 8 16 32 64 128
 43  800 400 0  24 1 8 1 2 4 8 16 32 64 128
 44  416 368 0   3 1 8 1 2 4 8 16 32 64 128
 45  951 831 0  95 1 8 1 2 4 8 16 32 64 128
 46  838 126 0  81 1 8 1 2 4 8 16 32 64 128
 47  603 320 0  44 1 8 1 2 4 8 16 32 64 128
 48  889 118 0   4 1 8 1 2 4 8 16 32 64 128
 49  747 452 0  60 1 8 1 2 4 8 16 32 64 128
 50  727 771 0  53 1 8 1 2 4 8 16 32 64 128
 51  701 428 0  85 1 8 1 2 4 8 16 32 64 128
 52  186 520 0  13 1 8 1 2 4 8 16 32 64 128
 53  364 916 0  42 1 8 1 2 4 8 16 32 64 128
 54  362 330 0  18 1 8 1 2 4 8 16 32 64 128
 55  262 488 0  28 1 8 1 2 4 8 16 32 64 128
 56  614 655 0   1 1 8 1 2 4 8 16 32 64 128
 57  374  58 0  46 1 8 1 2 4 8 16 32 64 128
 58  796 794 0  25 1 8 1 2 4 8 16 32 64 128
 59  961 625 0   4 1 8 1 2 4 8 16 32 64 128
 60   42 321 0  73 1 8 1 2 4 8 16 32 64 128
 61  562 250 0  24 1 8 1 2 4 8 16 32 64 128
 62  653 565 0  76 1 8 1 2 4 8 16 32 64 128
 63  201 966 0  72 1 8 1 2 4 8 16 32 64 128
 64  985 405 0  97 1 8 1 2 4 8 16 32 64 128
 65   92 124 0  52 1 8 1 2 4 8 16 32 64 128
 66   18 616 0  87 1 8 1 2 4 8 16 32 64 128
 67  469 203 0  72 1 8 1 2 4 8 16 32 64 128
 68  930 360 0  41 1 8 1 2 4 8 16 32 64 128
 69  630 998 0  58 1 8 1 2 4 8 16 32 64 128
 70  365 846 0   1 1 8 1 2 4 8 16 32 64 128
 71  633 833 0  82 1 8 1 2 4 8 16 32 64 128
 72  551 729 0  33 1 8 1 2 4 8 16 32 64 128
 73  920 995 0  83 1 8 1 2 4 8 16 32 64 128
 74  850 559 0  13 1 8 1 2 4 8 16 32 64 128
 75  977 467 0   3 1 8 1 2 4 8 16 32 64 128
 76  300 433 0  11 1 8 1 2 4 8 16 32 64 128
 77  784 761 0  34 1 8 1 2 4 8 16 32 64 128
 78  537 452 0  89 1 8 1 2 4 8 16 32 64 128
 79  932 389 0  94 1 8 1 2 4 8 16 32 64 128
 80  871 948 0  57 1 8 1 2 4 8 16 32 64 128
 81  282  97 0  43 1 8 1 2 4 8 16 32 64 128
 82  370 286 0  60 1 8 1 2 4 8 16 32 64 128
 83  512 305 0  19 1 8 1 2 4 8 16 32 64 128
 84  585 948 0  23 1 8 1 2 4 8 16 32 64 128
 85  890 498 0  19 1 8 1 2 4 8 16 32 64 128
 86  384 199 0  11 1 8 1 2 4 8 16 32 64 128
 87  810 936 0  56 1 8 1 2 4 8 16 32 64 128
 88   47 559 0   4 1 8 1 2 4 8 16 32 64 128
 89  788 947 0  18 1 8 1 2 4 8 16 32 64 128
 90  298 713 0  40 1 8 1 2 4 8 16 32 64 128
 91  963 432 0  80 1 8 1 2 4 8 16 32 64 128
 92  986 403 0  55 1 8 1 2 4 8 16 32 64 128
 93  561 210 0  95 1 8 1 2 4 8 16 32 64 128
 94  578 191 0  19 1 8 1 2 4 8 16 32 64 128
 95  199 787 0  45 1 8 1 2 4 8 16 32 64 128
 96  303 197 0  14 1 8 1 2 4 8 16 32 64 128
 97  509 793 0   6 1 8 1 2 4 8 16 32 64 128
 98  608 128 0  21 1 8 1 2 4 8 16 32 64 128
 99  542 661 0  33 1 8 1 2 4 8 16 32 64 128
100  790  19 0  65 1 8 1 2 4 8 16 32 64 128
101  972 876 0  62 1 8 1 2 4 8 16 32 64 128
102  439 868 0  42 1 8 1 2 4 8 16 32 64 128
103  192 815 0  46 1 8 1 2 4 8 16 32 64 128
104  922 193 0  50 1 8 1 2 4 8 16 32 64 128
105   87 202 0  53 1 8 1 2 4 8 16 32 64 128
106  438 468 0  85 1 8 1 2 4 8 16 32 64 128
107  656 399 0  48 1 8 1 2 4 8 16 32 64 128
108  318 822 0  81 1 8 1 2 4 8 16 32 64 128
109  962  68 0  37 1 8 1 2 4 8 16 32 64 128
110  556 444 0  43 1 8 1 2 4 8 16 32 64 128
111  765 857 0  12 1 8 1 2 4 8 16 32 64 128
112  864 454 0  73 1 8 1 2 4 8 16 32 64 128
113   32 179 0  86 1 8 1 2 4 8 16 32 64 128
114   31 998 0   7 1 8 1 2 4 8 16 32 64 128
115  636 184 0  94 1 8 1 2 4 8 16 32 64 128
116  483 146 0  83 1 8 1 2 4 8 16 32 64 128
117  762  10 0   5 1 8 1 2 4 8 16 32 64 128
118  350 952 0  40 1 8 1 2 4 8 16 32 64 128
119  286 304 0  11 1 8 1 2 4 8 16 32 64 128
120  654 183 0  50 1 8 1 2 4 8 16 32 64 128
121  675 718 0  17 1 8 1 2 4 8 16 32 64 128
122  962 358 0  74 1 8 1 2 4 8 16 32 64 128
123   11 359 0  19 1 8 1 2 4 8 16 32 64 128
124   96 871 0  98 1 8 1 2 4 8 16 32 64 128
125  211 260 0  36 1 8 1 2 4 8 16 32 64 128
126  966 870 0  25 1 8 1 2 4 8 16 32 64 128
127  243 153 0  96 1 8 1 2 4 8 16 32 64 128
128  202 580 0  61 1 8 1 2 4 8 16 32 64 128
129  856 865 0  32 1 8 1 2 4 8 16 32 64 128
130  486 496 0   6 1 8 1 2 4 8 16 32 64 128
131 1000 621 0  74 1 8 1 2 4 8 16 32 64 128
132  961 548 0  31 1 8 1 2 4 8 16 32 64 128
133  417 572 0  91 1 8 1 2 4 8 16 32 64 128
134  157 160 0  99 1 8 1 2 4 8 16 32 64 128
135  281 811 0  69 1 8 1 2 4 8 16 32 64 128
136  658  55 0  36 1 8 1 2 4 8 16 32 64 128
137  444 917 0  62 1 8 1 2 4 8 16 32 64 128
138  751  73 0  79 1 8 1 2 4 8 16 32 64 128
139  162 946 0  77 1 8 1 2 4 8 16 32 64 128
140   66 104 0  72 1 8 1 2 4 8 16 32 64 128
141  487 965 0   7 1 8 1 2 4 8 16 32 64 128
142  956 115 0  88 1 8 1 2 4 8 16 32 64 128
143  470 208 0  64 1 8 1 2 4 8 16 32 64 128
144  551 748 0  53 1 8 1 2 4 8 16 32 64 128
145  442 791 0  45 1 8 1 2 4 8 16 32 64 128
146  563 195 0  35 1 8 1 2 4 8 16 32 64 128
147  124 687 0  69 1 8 1 2 4 8 16 32 64 128
148  986 232 0  95 1 8 1 2 4 8 16 32 64 128
149  252 728 0  64 1 8 1 2 4 8 16 32 64 128
150  454 924 0  10 1 8 1 2 4 8 16 32 64 128
151  572 357 0  91 1 8 1 2 4 8 16 32 64 128
152  504 987 0  61 1 8 1 2 4 8 16 32 64 128
153  316   1 0  24 1 8 1 2 4 8 16 32 64 128
154  244 806 0  59 1 8 1 2 4 8 16 32 64 128
155  153 719 0   5 1 8 1 2 4 8 16 32 64 128
156  530 484 0  32 1 8 1 2 4 8 16 32 64 128
157  412 513 0  97 1 8 1 2 4 8 16 32 64 128
158  896 440 0  10 1 8 1 2 4 8 16 32 64 128
159  949 735 0  27 1 8 1 2 4 8 16 32 64 128
160  615 650 0  92 1 8 1 2 4 8 16 32 64 128
161  751 146 0  17 1 8 1 2 4 8 16 32 64 128
162  747 205 0   6 1 8 1 2 4 8 16 32 64 128
163  963  45 0  30 1 8 1 2 4 8 16 32 64 128
164  202 531 0  99 1 8 1 2 4 8 16 32 64 128
165  212 600 0  16 1 8 1 2 4 8 16 32 64 128
166  675 899 0  73 1 8 1 2 4 8 16 32 64 128
167  661 635 0  96 1 8 1 2 4 8 16 32 64 128
168  729 738 0  51 1 8 1 2 4 8 16 32 64 128
169  764 679 0  92 1 8 1 2 4 8 16 32 64 128
170  988 616 0   6 1 8 1 2 4 8 16 32 64 128
171    4 521 0   8 1 8 1 2 4 8 16 32 64 128
172  407 184 0  16 1 8 1 2 4 8 16 32 64 128
173  704 151 0  30 1 8 1 2 4 8 16 32 64 128
174  337 537 0  79 1 8 1 2 4 8 16 32 64 128
175  664 341 0  93 1 8 1 2 4 8 16 32 64 128
176  545 489 0  54 1 8 1 2 4 8 16 32 64 128
177  148 312 0  60 1 8 1 2 4 8 16 32 64 128
178  678 838 0  11 1 8 1 2 4 8 16 32 64 128
179  560 614 0  87 1 8 1 2 4 8 16 32 64 128
180  718 268 0  23 1 8 1 2 4 8 16 32 64 128
181  170 778 0  70 1 8 1 2 4 8 16 32 64 128
182  559  94 0  92 1 8 1 2 4 8 16 32 64 128
183  539 953 0  30 1 8 1 2 4 8 16 32 64 128
184  727 429 0  75 1 8 1 2 4 8 16 32 64 128
185  499 954 0  54 1 8 1 2 4 8 16 32 64 128
186  149 598 0  32 1 8 1 2 4 8 16 32 64 128
187  693  30 0   7 1 8 1 2 4 8 16 32 64 128
188  156 400 0  42 1 8 1 2 4 8 16 32 64 128
189  177  48 0  45 1 8 1 2 4 8 16 32 64 128
190  316 225 0  80 1 8 1 2 4 8 16 32 64 128
191  643 632 0  81 1 8 1 2 4 8 16 32 64 128
192  397 970 0  85 1 8 1 2 4 8 16 32 64 128
193   43 931 0  12 1 8 1 2 4 8 16 32 64 128
194  188 942 0  11 1 8 1 2 4 8 16 32 64 128
195  603 389 0  21 1 8 1 2 4 8 16 32 64 128
196  914 443 0  97 1 8 1 2 4 8 16 32 64 128
197  262 148 0  36 1 8 1 2 4 8 16 32 64 128
198  629  59 0  32 1 8 1 2 4 8 16 32 64 128
199  932 461 0  65 1 8 1 2 4 8 16 32 64 128
200  390 767 0  54 1 8 1 2 4 8 16 32 64 128
201  401 108 0  69 1 8 1 2 4 8 16 32 64 128
202   81 288 0  64 1 8 1 2 4 8 16 32 64 128
203  315 687 0  82 1 8 1 2 4 8 16 32 64 128
204  677 547 0  70 1 8 1 2 4 8 16 32 64 128
205  713 979 0  27 1 8 1 2 4 8 16 32 64 128
206  920 105 0  74 1 8 1 2 4 8 16 32 64 128
207  324 640 0  73 1 8 1 2 4 8 16 32 64 128
208  459 757 0   8 1 8 1 2 4 8 16 32 64 128
209  416 811 0  64 1 8 1 2 4 8 16 32 64 128
210  307 737 0  18 1 8 1 2 4 8 16 32 64 128
211  707 123 0   9 1 8 1 2 4 8 16 32 64 128
212  323 424 0  47 1 8 1 2 4 8 16 32 64 128
213  455 879 0  30 1 8 1 2 4 8 16 32 64 128
214  351 961 0  93 1 8 1 2 4 8 16 32 64 128
215  124 449 0  18 1 8 1 2 4 8 16 32 64 128
216  895 974 0  70 1 8 1 2 4 8 16 32 64 128
217  476 221 0 100 1 8 1 2 4 8 16 32 64 128
218   82 866 0  82 1 8 1 2 4 8 16 32 64 128
219  717 738 0  55 1 8 1 2 4 8 16 32 64 128
220    3 809 0  57 1 8 1 2 4 8 16 32 64 128
221  644 132 0  49 1 8 1 2 4 8 16 32 64 128
222  515 122 0   2 1 8 1 2 4 8 16 32 64 128
223  859 587 0   1 1 8 1 2 4 8 16 32 64 128
224  248 424 0  71 1 8 1 2 4 8 16 32 64 128
225  721 191 0  33 1 8 1 2 4 8 16 32 64 128
226  474 761 0  85 1 8 1 2 4 8 16 32 64 128
227  352 244 0  59 1 8 1 2 4 8 16 32 64 128
228  686  77 0  45 1 8 1 2 4 8 16 32 64 128
229  480 668 0  40 1 8 1 2 4 8 16 32 64 128
230  479 633 0  89 1 8 1 2 4 8 16 32 64 128
231  661 136 0  68 1 8 1 2 4 8 16 32 64 128
232  577 273 0  89 1 8 1 2 4 8 16 32 64 128
233  455 792 0  93 1 8 1 2 4 8 16 32 64 128
234  250 327 0  58 1 8 1 2 4 8 16 32 64 128
235  305 958 0  50 1 8 1 2 4 8 16 32 64 128
236  637 592 0  71 1 8 1 2 4 8 16 32 64 128
237  577 869 0  24 1 8 1 2 4 8 16 32 64 128
238  835 777 0  38 1 8 1 2 4 8 16 32 64 128
239  455  44 0  49 1 8 1 2 4 8 16 32 64 128
240  704 897 0  87 1 8 1 2 4 8 16 32 64 128
241  479 630 0  39 1 8 1 2 4 8 16 32 64 128
242  986 436 0  33 1 8 1 2 4 8 16 32 64 128
243  665 586 0  56 1 8 1 2 4 8 16 32 64 128
244  944 105 0   6 1 8 1 2 4 8 16 32 64 128
245  183 175 0  81 1 8 1 2 4 8 16 32 64 128
246  451  65 0  59 1 8 1 2 4 8 16 32 64 128
247  273 947 0  71 1 8 1 2 4 8 16 32 64 128
248  639 556 0  41 1 8 1 2 4 8 16 32 64 128
249  862 815 0  43 1 8 1 2 4 8 16 32 64 128
250  553 211 0  16 1 8 1 2 4 8 16 32 64 128
251  318 846 0  50 1 8 1 2 4 8 16 32 64 128
252  881 889 0  37 1 8 1 2 4 8 16 32 64 128
253  548 362 0  94 1 8 1 2 4 8 16 32 64 128
254  849 495 0  26 1 8 1 2 4 8 16 32 64 128
255  453 405 0  84 1 8 1 2 4 8 16 32 64 128
256  917 384 0   7 1 8 1 2 4 8 16 32 64 128
257   88 997 0   1 1 8 1 2 4 8 16 32 64 128
258  778 224 0  15 1 8 1 2 4 8 16 32 64 128
259   91 638 0  46 1 8 1 2 4 8 16 32 64 128
260  475  59 0  21 1 8 1 2 4 8 16 32 64 128
261  748 318 0  93 1 8 1 2 4 8 16 32 64 128
262  181 547 0  67 1 8 1 2 4 8 16 32 64 128
263  623 821 0   2 1 8 1 2 4 8 16 32 64 128
264  217   5 0  23 1 8 1 2 4 8 16 32 64 128
265  503 310 0  60 1 8 1 2 4 8 16 32 64 128
266  565 111 0   5 1 8 1 2 4 8 16 32 64 128
267  882 203 0  79 1 8 1 2 4 8 16 32 64 128
268  127 108 0  22 1 8 1 2 4 8 16 32 64 128
269  994 385 0   6 1 8 1 2 4 8 16 32 64 128
270   68 687 0  69 1 8 1 2 4 8 16 32 64 128
271  487  68 0  17 1 8 1 2 4 8 16 32 64 128
272  982 856 0   6 1 8 1 2 4 8 16 32 64 128
273   52 947 0  79 1 8 1 2 4 8 16 32 64 128
274  706 262 0  73 1 8 1 2 4 8 16 32 64 128
275  459 576 0  82 1 8 1 2 4 8 16 32 64 128
276   73 819 0  73 1 8 1 2 4 8 16 32 64 128
277  200 560 0  48 1 8 1 2 4 8 16 32 64 128
278  647 263 0  69 1 8 1 2 4 8 16 32 64 128
279  451 345 0  96 1 8 1 2 4 8 16 32 64 128
280  213 824 0  94 1 8 1 2 4 8 16 32 64 128
281  307 210 0  15 1 8 1 2 4 8 16 32 64 128
282  370 134 0  80 1 8 1 2 4 8 16 32 64 128
283  676 787 0  14 1 8 1 2 4 8 16 32 64 128
284  255 307 0   9 1 8 1 2 4 8 16 32 64 128
285   13 591 0  53 1 8 1 2 4 8 16 32 64 128
286  226 590 0  49 1 8 1 2 4 8 16 32 64 128
287  750 103 0  42 1 8 1 2 4 8 16 32 64 128
288  562   7 0  44 1 8 1 2 4 8 16 32 64 128
289  318 115 0  48 1 8 1 2 4 8 16 32 64 128
290  755 672 0  27 1 8 1 2 4 8 16 32 64 128
291  903 324 0  35 1 8 1 2 4 8 16 32 64 128
292   26  87 0  40 1 8 1 2 4 8 16 32 64 128
293  167 723 0  37 1 8 1 2 4 8 16 32 64 128
294  576 852 0  20 1 8 1 2 4 8 16 32 64 128
295  189 903 0  84 1 8 1 2 4 8 16 32 64 128
296  938 753 0  85 1 8 1 2 4 8 16 32 64 128
297  725 662 0   6 1 8 1 2 4 8 16 32 64 128
298  638 178 0   2 1 8 1 2 4 8 16 32 64 128
299  505   8 0  43 1 8 1 2 4 8 16 32 64 128
300  131 569 0  70 1 8 1 2 4 8 16 32 64 128
301  313  32 0  49 1 8 1 2 4 8 16 32 64 128
302  659 486 0  26 1 8 1 2 4 8 16 32 64 128
303  327 883 0  83 1 8 1 2 4 8 16 32 64 128
304   86 619 0  29 1 8 1 2 4 8 16 32 64 128
305  972 813 0  74 1 8 1 2 4 8 16 32 64 128
306  658  77 0  68 1 8 1 2 4 8 16 32 64 128
307  131 542 0  38 1 8 1 2 4 8 16 32 64 128
308  279 807 0  87 1 8 1 2 4 8 16 32 64 128
309  440 890 0  14 1 8 1 2 4 8 16 32 64 128
310  597 657 0   9 1 8 1 2 4 8 16 32 64 128
311  912 384 0   7 1 8 1 2 4 8 16 32 64 128
312  506 389 0  22 1 8 1 2 4 8 16 32 64 128
313  190 960 0   1 1 8 1 2 4 8 16 32 64 128
314 1000   3 0 100 1 8 1 2 4 8 16 32 64 128
315   17 993 0  53 1 8 1 2 4 8 16 32 64 128
316  398 306 0  93 1 8 1 2 4 8 16 32 64 128
317  332 832 0  40 1 8 1 2 4 8 16 32 64 128
318  649 723 0  20 1 8 1 2 4 8 16 32 64 128
319  538 572 0  93 1 8 1 2 4 8 16 32 64 128
320  779 348 0  41 1 8 1 2 4 8 16 32 64 128
321  538 799 0  42 1 8 1 2 4 8 16 32 64 128
322   21 633 0  96 1 8 1 2 4 8 16 32 64 128
323  320 515 0  47 1 8 1 2 4 8 16 32 64 128
324  201 545 0  80 1 8 1 2 4 8 16 32 64 128
325  118  97 0  64 1 8 1 2 4 8 16 32 64 128
326  428 303 0   9 1 8 1 2 4 8 16 32 64 128
327  585 841 0  61 1 8 1 2 4 8 16 32 64 128
328   76 111 0  62 1 8 1 2 4 8 16 32 64 128
329  122 205 0  43 1 8 1 2 4 8 16 32 64 128
330  606 998 0  69 1 8 1 2 4 8 16 32 64 128
331  286 835 0  86 1 8 1 2 4 8 16 32 64 128
332  594 806 0  43 1 8 1 2 4 8 16 32 64 128
333  499 162 0  24 1 8 1 2 4 8 16 32 64 128
334  488 230 0  46 1 8 1 2 4 8 16 32 64 128
335  289  71 0  44 1 8 1 2 4 8 16 32 64 128
336   74 516 0  31 1 8 1 2 4 8 16 32 64 128
337  651 750 0  64 1 8 1 2 4 8 16 32 64 128
338  536  98 0  55 1 8 1 2 4 8 16 32 64 128
339   87 938 0  36 1 8 1 2 4 8 16 32 64 128
340   58 381 0  88 1 8 1 2 4 8 16 32 64 128
341  326 600 0  12 1 8 1 2 4 8 16 32 64 128
342  745 221 0  97 1 8 1 2 4 8 16 32 64 128
343  355 100 0  56 1 8 1 2 4 8 16 32 64 128
344  863 752 0   6 1 8 1 2 4 8 16 32 64 128
345  290 412 0  75 1 8 1 2 4 8 16 32 64 128
346   61 955 0  38 1 8 1 2 4 8 16 32 64 128
347  507 765 0   4 1 8 1 2 4 8 16 32 64 128
348  596   4 0  70 1 8 1 2 4 8 16 32 64 128
349  238 629 0  91 1 8 1 2 4 8 16 32 64 128
350  449  59 0  33 1 8 1 2 4 8 16 32 64 128
351  786 544 0  14 1 8 1 2 4 8 16 32 64 128
352  272 751 0   1 1 8 1 2 4 8 16 32 64 128
353  404 941 0  48 1 8 1 2 4 8 16 32 64 128
354  475 222 0  22 1 8 1 2 4 8 16 32 64 128
355  681 519 0  31 1 8 1 2 4 8 16 32 64 128
356  281 702 0  74 1 8 1 2 4 8 16 32 64 128
357  515 173 0  49 1 8 1 2 4 8 16 32 64 128
358   20 657 0  39 1 8 1 2 4 8 16 32 64 128
359  125 872 0  85 1 8 1 2 4 8 16 32 64 128
360  379 825 0  45 1 8 1 2 4 8 16 32 64 128
361  430 953 0  82 1 8 1 2 4 8 16 32 64 128
362  976 969 0  84 1 8 1 2 4 8 16 32 64 128
363  764 681 0  91 1 8 1 2 4 8 16 32 64 128
364  316 943 0  57 1 8 1 2 4 8 16 32 64 128
365  343 148 0  37 1 8 1 2 4 8 16 32 64 128
366  450 332 0  49 1 8 1 2 4 8 16 32 64 128
367  444 586 0  43 1 8 1 2 4 8 16 32 64 128
368   65 417 0  39 1 8 1 2 4 8 16 32 64 128
369  620 823 0  14 1 8 1 2 4 8 16 32 64 128
370  102 245 0  24 1 8 1 2 4 8 16 32 64 128
371  762  97 0  81 1 8 1 2 4 8 16 32 64 128
372    0 955 0  69 1 8 1 2 4 8 16 32 64 128
373  366 150 0  73 1 8 1 2 4 8 16 32 64 128
374  938 491 0  33 1 8 1 2 4 8 16 32 64 128
375  718 295 0  17 1 8 1 2 4 8 16 32 64 128
376    5 939 0  11 1 8 1 2 4 8 16 32 64 128
377  943 300 0  85 1 8 1 2 4 8 16 32 64 128
378  975  35 0   3 1 8 1 2 4 8 16 32 64 128
379  213 299 0  55 1 8 1 2 4 8 16 32 64 128
380  302 698 0  83 1 8 1 2 4 8 16 32 64 128
381  936 318 0  34 1 8 1 2 4 8 16 32 64 128
382  153 385 0  88 1 8 1 2 4 8 16 32 64 128
383  910 132 0  80 1 8 1 2 4 8 16 32 64 128
384  553 765 0  98 1 8 1 2 4 8 16 32 64 128
385   13 649 0  27 1 8 1 2 4 8 16 32 64 128
386  820 624 0  34 1 8 1 2 4 8 16 32 64 128
387  813 973 0  37 1 8 1 2 4 8 16 32 64 128
388 1000  45 0  84 1 8 1 2 4 8 16 32 64 128
389  111 136 0  28 1 8 1 2 4 8 16 32 64 128
390  692 878 0  17 1 8 1 2 4 8 16 32 64 128
391  939  41 0  71 1 8 1 2 4 8 16 32 64 128
392  185  68 0  59 1 8 1 2 4 8 16 32 64 128
393  488 801 0  11 1 8 1 2 4 8 16 32 64 128
394  601 643 0  10 1 8 1 2 4 8 16 32 64 128
395  796 911 0  87 1 8 1 2 4 8 16 32 64 128
396  985 183 0  99 1 8 1 2 4 8 16 32 64 128
397  866  85 0  38 1 8 1 2 4 8 16 32 64 128
398  605 837 0  40 1 8 1 2 4 8 16 32 64 128
399  944 415 0  61 1 8 1 2 4 8 16 32 64 128
400  793 715 0  62 1 8 1 2 4 8 16 32 64 128
401  113 731 0  78 1 8 1 2 4 8 16 32 64 128
402  614  24 0 100 1 8 1 2 4 8 16 32 64 128
403  562  18 0  27 1 8 1 2 4 8 16 32 64 128
404  239 965 0  29 1 8 1 2 4 8 16 32 64 128
405  380 161 0   7 1 8 1 2 4 8 16 32 64 128
406  789 595 0  50 1 8 1 2 4 8 16 32 64 128
407  226 339 0   4 1 8 1 2 4 8 16 32 64 128
408  725 292 0  87 1 8 1 2 4 8 16 32 64 128
409  684 766 0  43 1 8 1 2 4 8 16 32 64 128
410  541  15 0  34 1 8 1 2 4 8 16 32 64 128
411  997 661 0 100 1 8 1 2 4 8 16 32 64 128
412   36 367 0   0 0 0
413  622 348 0   0 0 0
414  919 503 0   0 0 0
415  156 781 0   0 0 0
416  411 909 0   0 0 0
417  666 625 0   0 0 0
418  240 745 0   0 0 0
419  404 194 0   0 0 0
