2 103 426 5
0 242
0 242
0 242
0 242
0 242
  1  64 256 0  22 1 5 1 2 4 8 16
  2 388 879 0  13 1 5 1 2 4 8 16
  3 884 264 0  34 1 5 1 2 4 8 16
  4 402 474 0   9 1 5 1 2 4 8 16
  5 471 593 0  14 1 5 1 2 4 8 16
  6 824 577 0  98 1 5 1 2 4 8 16
  7 513 883 0  20 1 5 1 2 4 8 16
  8 388 906 0  80 1 5 1 2 4 8 16
  9 158 488 0   3 1 5 1 2 4 8 16
 10 122 954 0  30 1 5 1 2 4 8 16
 11 562 975 0  66 1 5 1 2 4 8 16
 12 832   5 0  74 1 5 1 2 4 8 16
 13  12 145 0  24 1 5 1 2 4 8 16
 14 924 341 0  58 1 5 1 2 4 8 16
 15 950  85 0  40 1 5 1 2 4 8 16
 16 571  62 0  11 1 5 1 2 4 8 16
 17 132 274 0  56 1 5 1 2 4 8 16
 18 637  46 0  63 1 5 1 2 4 8 16
 19 617 702 0  97 1 5 1 2 4 8 16
 20 627 728 0  61 1 5 1 2 4 8 16
 21 246 391 0  96 1 5 1 2 4 8 16
 22 577 272 0  18 1 5 1 2 4 8 16
 23 455 448 0  52 1 5 1 2 4 8 16
 24 871 487 0  44 1 5 1 2 4 8 16
 25 468 699 0  48 1 5 1 2 4 8 16
 26 769 567 0  27 1 5 1 2 4 8 16
 27 466 757 0   7 1 5 1 2 4 8 16
 28 611 525 0  31 1 5 1 2 4 8 16
 29 338 825 0  36 1 5 1 2 4 8 16
 30 300 415 0  46 1 5 1 2 4 8 16
 31 270   8 0  50 1 5 1 2 4 8 16
 32 807 439 0  69 1 5 1 2 4 8 16
 33 440  73 0  24 1 5 1 2 4 8 16
 34 148 204 0  98 1 5 1 2 4 8 16
 35 818 312 0  83 1 5 1 2 4 8 16
 36 722 680 0  83 1 5 1 2 4 8 16
 37 281 328 0  67 1 5 1 2 4 8 16
 38 983 812 0  38 1 5 1 2 4 8 16
 39 666 828 0  62 1 5 1 2 4 8 16
 40 995  35 0  65 1 5 1 2 4 8 16
 41 190 637 0   4 1 5 1 2 4 8 16
 42  66  65 0  73 1 5 1 2 4 8 16
 43 299 107 0  75 1 5 1 2 4 8 16
 44 915 717 0  30 1 5 1 2 4 8 16
 45 474 914 0  79 1 5 1 2 4 8 16
 46 108 227 0  32 1 5 1 2 4 8 16
 47 979 962 0  56 1 5 1 2 4 8 16
 48  83   4 0  78 1 5 1 2 4 8 16
 49 233 782 0  94 1 5 1 2 4 8 16
 50 918 970 0  75 1 5 1 2 4 8 16
 51 937 471 0  67 1 5 1 2 4 8 16
 52 308  76 0   3 1 5 1 2 4 8 16
 53 317 885 0   4 1 5 1 2 4 8 16
 54 136 107 0  68 1 5 1 2 4 8 16
 55 517 736 0  42 1 5 1 2 4 8 16
 56 618 160 0  42 1 5 1 2 4 8 16
 57 781 727 0  35 1 5 1 2 4 8 16
 58 761 392 0  43 1 5 1 2 4 8 16
 59 556 437 0  27 1 5 1 2 4 8 16
 60 312 370 0  57 1 5 1 2 4 8 16
 61  98 704 0  95 1 5 1 2 4 8 16
 62 432 675 0  54 1 5 1 2 4 8 16
 63 856 383 0  50 1 5 1 2 4 8 16
 64 408 962 0  54 1 5 1 2 4 8 16
 65 936 862 0  56 1 5 1 2 4 8 16
 66 305 670 0  58 1 5 1 2 4 8 16
 67 976 621 0  44 1 5 1 2 4 8 16
 68 666 862 0  64 1 5 1 2 4 8 16
 69 940 314 0  30 1 5 1 2 4 8 16
 70 383 879 0  36 1 5 1 2 4 8 16
 71 957 803 0  77 1 5 1 2 4 8 16
 72 602 287 0  26 1 5 1 2 4 8 16
 73 274 487 0  20 1 5 1 2 4 8 16
 74 123 892 0  31 1 5 1 2 4 8 16
 75 833 240 0  29 1 5 1 2 4 8 16
 76 431 977 0  20 1 5 1 2 4 8 16
 77 392 828 0  80 1 5 1 2 4 8 16
 78 703 647 0  33 1 5 1 2 4 8 16
 79 593  95 0  79 1 5 1 2 4 8 16
 80 811 942 0  16 1 5 1 2 4 8 16
 81 970 525 0  71 1 5 1 2 4 8 16
 82 101 591 0  47 1 5 1 2 4 8 16
 83 806 884 0  70 1 5 1 2 4 8 16
 84 774  74 0  67 1 5 1 2 4 8 16
 85 135 671 0  37 1 5 1 2 4 8 16
 86 525 859 0  92 1 5 1 2 4 8 16
 87 389 891 0  39 1 5 1 2 4 8 16
 88 256 829 0  38 1 5 1 2 4 8 16
 89 639 465 0  49 1 5 1 2 4 8 16
 90  80 768 0  85 1 5 1 2 4 8 16
 91 527 567 0   8 1 5 1 2 4 8 16
 92 978 319 0  79 1 5 1 2 4 8 16
 93 280 324 0  12 1 5 1 2 4 8 16
 94 804 576 0  98 1 5 1 2 4 8 16
 95  79 790 0  55 1 5 1 2 4 8 16
 96 825 391 0  51 1 5 1 2 4 8 16
 97  74 436 0  58 1 5 1 2 4 8 16
 98  83  94 0  26 1 5 1 2 4 8 16
 99 595 280 0  21 1 5 1 2 4 8 16
100 537 118 0   8 1 5 1 2 4 8 16
101 876 473 0  48 1 5 1 2 4 8 16
102 976 995 0  30 1 5 1 2 4 8 16
103 268  84 0 100 1 5 1 2 4 8 16
104 372 917 0  14 1 5 1 2 4 8 16
105 169 221 0  22 1 5 1 2 4 8 16
106 704 879 0  99 1 5 1 2 4 8 16
107 384 605 0  76 1 5 1 2 4 8 16
108 241  16 0  63 1 5 1 2 4 8 16
109 656 600 0  45 1 5 1 2 4 8 16
110 846 998 0  39 1 5 1 2 4 8 16
111  14 288 0  36 1 5 1 2 4 8 16
112 313 997 0  94 1 5 1 2 4 8 16
113 894 860 0  11 1 5 1 2 4 8 16
114 142 768 0   2 1 5 1 2 4 8 16
115 211 668 0  27 1 5 1 2 4 8 16
116 872 319 0  90 1 5 1 2 4 8 16
117 788  18 0  98 1 5 1 2 4 8 16
118 478 481 0  10 1 5 1 2 4 8 16
119 929 633 0  70 1 5 1 2 4 8 16
120 485 858 0  63 1 5 1 2 4 8 16
121 837 868 0  95 1 5 1 2 4 8 16
122 287 959 0  43 1 5 1 2 4 8 16
123 744 241 0  88 1 5 1 2 4 8 16
124 127 981 0  96 1 5 1 2 4 8 16
125 389 583 0  97 1 5 1 2 4 8 16
126 100 766 0  67 1 5 1 2 4 8 16
127 100 241 0  36 1 5 1 2 4 8 16
128 731  65 0   5 1 5 1 2 4 8 16
129 546 675 0  16 1 5 1 2 4 8 16
130 983 224 0  53 1 5 1 2 4 8 16
131 338 873 0  91 1 5 1 2 4 8 16
132 315  31 0   9 1 5 1 2 4 8 16
133 548 498 0   4 1 5 1 2 4 8 16
134 285 761 0  22 1 5 1 2 4 8 16
135 607 205 0  47 1 5 1 2 4 8 16
136 292 124 0  42 1 5 1 2 4 8 16
137 834 349 0  95 1 5 1 2 4 8 16
138 756 819 0  43 1 5 1 2 4 8 16
139 630 272 0  81 1 5 1 2 4 8 16
140 212 898 0  76 1 5 1 2 4 8 16
141 875 927 0  18 1 5 1 2 4 8 16
142 626 695 0  34 1 5 1 2 4 8 16
143 633 561 0  59 1 5 1 2 4 8 16
144 513 900 0  75 1 5 1 2 4 8 16
145 646 934 0   9 1 5 1 2 4 8 16
146 874 639 0   5 1 5 1 2 4 8 16
147 400 424 0  76 1 5 1 2 4 8 16
148 909 297 0  30 1 5 1 2 4 8 16
149  14 458 0   7 1 5 1 2 4 8 16
150 356 831 0  23 1 5 1 2 4 8 16
151 606 314 0  11 1 5 1 2 4 8 16
152 725  27 0  34 1 5 1 2 4 8 16
153 960 840 0  56 1 5 1 2 4 8 16
154  72 203 0  71 1 5 1 2 4 8 16
155 348 136 0   1 1 5 1 2 4 8 16
156  96 353 0  91 1 5 1 2 4 8 16
157 264 392 0  59 1 5 1 2 4 8 16
158 938 707 0  12 1 5 1 2 4 8 16
159 969 749 0  40 1 5 1 2 4 8 16
160 940 938 0  78 1 5 1 2 4 8 16
161 123 261 0  91 1 5 1 2 4 8 16
162 245 475 0  56 1 5 1 2 4 8 16
163 498 310 0  14 1 5 1 2 4 8 16
164 452 626 0  23 1 5 1 2 4 8 16
165 716  45 0  44 1 5 1 2 4 8 16
166 980 470 0  99 1 5 1 2 4 8 16
167 231 426 0  53 1 5 1 2 4 8 16
168 610  93 0  57 1 5 1 2 4 8 16
169 280 985 0  13 1 5 1 2 4 8 16
170 781 523 0  43 1 5 1 2 4 8 16
171 328 343 0   1 1 5 1 2 4 8 16
172 593 995 0   9 1 5 1 2 4 8 16
173 545 413 0  25 1 5 1 2 4 8 16
174 449 845 0   3 1 5 1 2 4 8 16
175 295 145 0  49 1 5 1 2 4 8 16
176 379 267 0  56 1 5 1 2 4 8 16
177 825 179 0  81 1 5 1 2 4 8 16
178 849 966 0  24 1 5 1 2 4 8 16
179 561 116 0  46 1 5 1 2 4 8 16
180 810 354 0  78 1 5 1 2 4 8 16
181 103 368 0  47 1 5 1 2 4 8 16
182 979 756 0  50 1 5 1 2 4 8 16
183 847 661 0  98 1 5 1 2 4 8 16
184 655 454 0  71 1 5 1 2 4 8 16
185 958 907 0  34 1 5 1 2 4 8 16
186 610 685 0  15 1 5 1 2 4 8 16
187  15 698 0  22 1 5 1 2 4 8 16
188 746 408 0   5 1 5 1 2 4 8 16
189 750 772 0   6 1 5 1 2 4 8 16
190 294 945 0  86 1 5 1 2 4 8 16
191 989 407 0  60 1 5 1 2 4 8 16
192 930 141 0   3 1 5 1 2 4 8 16
193 640 641 0   7 1 5 1 2 4 8 16
194 603 122 0   3 1 5 1 2 4 8 16
195  36 537 0  40 1 5 1 2 4 8 16
196 859 526 0  95 1 5 1 2 4 8 16
197 458 491 0  32 1 5 1 2 4 8 16
198 687 634 0   8 1 5 1 2 4 8 16
199 328 765 0   8 1 5 1 2 4 8 16
200 832 250 0 100 1 5 1 2 4 8 16
201 686 868 0  55 1 5 1 2 4 8 16
202 950 842 0  35 1 5 1 2 4 8 16
203 380 185 0  82 1 5 1 2 4 8 16
204 338 358 0  18 1 5 1 2 4 8 16
205 332 664 0   4 1 5 1 2 4 8 16
206 605 307 0  61 1 5 1 2 4 8 16
207 654 244 0  36 1 5 1 2 4 8 16
208 681 443 0 100 1 5 1 2 4 8 16
209  63 890 0  54 1 5 1 2 4 8 16
210 523 761 0  11 1 5 1 2 4 8 16
211 436 417 0  80 1 5 1 2 4 8 16
212  70 990 0  66 1 5 1 2 4 8 16
213 745 430 0  14 1 5 1 2 4 8 16
214 407 680 0  30 1 5 1 2 4 8 16
215 477 804 0  40 1 5 1 2 4 8 16
216 432  99 0  88 1 5 1 2 4 8 16
217 100 271 0  48 1 5 1 2 4 8 16
218 759 407 0   5 1 5 1 2 4 8 16
219 504 302 0  87 1 5 1 2 4 8 16
220  56 794 0   4 1 5 1 2 4 8 16
221 344  94 0  70 1 5 1 2 4 8 16
222 980  14 0  89 1 5 1 2 4 8 16
223  88 420 0  74 1 5 1 2 4 8 16
224 110 909 0   6 1 5 1 2 4 8 16
225 960 136 0  82 1 5 1 2 4 8 16
226 979 413 0  27 1 5 1 2 4 8 16
227 823 531 0  33 1 5 1 2 4 8 16
228 929 308 0  10 1 5 1 2 4 8 16
229 576 588 0   8 1 5 1 2 4 8 16
230 343 593 0  50 1 5 1 2 4 8 16
231 923 894 0  59 1 5 1 2 4 8 16
232 781 327 0  93 1 5 1 2 4 8 16
233 232 647 0  73 1 5 1 2 4 8 16
234 593  11 0  19 1 5 1 2 4 8 16
235  41 404 0  13 1 5 1 2 4 8 16
236 990 877 0  98 1 5 1 2 4 8 16
237 505  32 0  38 1 5 1 2 4 8 16
238 131 676 0  90 1 5 1 2 4 8 16
239 229 462 0  83 1 5 1 2 4 8 16
240 498 261 0  13 1 5 1 2 4 8 16
241 130 555 0  59 1 5 1 2 4 8 16
242 540 144 0  23 1 5 1 2 4 8 16
243 344  62 0  75 1 5 1 2 4 8 16
244 194 535 0  54 1 5 1 2 4 8 16
245 232 522 0  20 1 5 1 2 4 8 16
246 639 836 0  74 1 5 1 2 4 8 16
247 301 182 0  84 1 5 1 2 4 8 16
248 128 288 0  25 1 5 1 2 4 8 16
249   4 850 0  39 1 5 1 2 4 8 16
250 945 219 0  80 1 5 1 2 4 8 16
251 883  90 0  40 1 5 1 2 4 8 16
252 950 574 0  88 1 5 1 2 4 8 16
253 974   5 0  29 1 5 1 2 4 8 16
254 891 478 0  80 1 5 1 2 4 8 16
255 445 113 0  70 1 5 1 2 4 8 16
256 116 734 0  39 1 5 1 2 4 8 16
257 535 740 0  13 1 5 1 2 4 8 16
258 372 991 0  94 1 5 1 2 4 8 16
259   1 550 0   7 1 5 1 2 4 8 16
260  92 459 0  15 1 5 1 2 4 8 16
261 207 834 0  29 1 5 1 2 4 8 16
262 333 471 0  24 1 5 1 2 4 8 16
263 180 468 0  81 1 5 1 2 4 8 16
264 631 664 0  75 1 5 1 2 4 8 16
265 748 101 0   8 1 5 1 2 4 8 16
266 810 575 0  88 1 5 1 2 4 8 16
267 224 531 0  62 1 5 1 2 4 8 16
268 663 223 0  79 1 5 1 2 4 8 16
269 976 555 0  43 1 5 1 2 4 8 16
270 116 842 0   3 1 5 1 2 4 8 16
271 760 897 0  83 1 5 1 2 4 8 16
272 419 632 0  37 1 5 1 2 4 8 16
273  94  25 0  12 1 5 1 2 4 8 16
274 799 727 0  44 1 5 1 2 4 8 16
275 563 463 0   6 1 5 1 2 4 8 16
276 458 987 0  79 1 5 1 2 4 8 16
277 609 261 0  64 1 5 1 2 4 8 16
278 492 361 0  30 1 5 1 2 4 8 16
279 543 581 0  38 1 5 1 2 4 8 16
280   6 496 0  87 1 5 1 2 4 8 16
281 542 773 0  19 1 5 1 2 4 8 16
282 688 424 0  50 1 5 1 2 4 8 16
283  44 368 0   9 1 5 1 2 4 8 16
284  39 237 0  17 1 5 1 2 4 8 16
285 226  20 0  47 1 5 1 2 4 8 16
286 171 786 0   6 1 5 1 2 4 8 16
287 570 664 0  97 1 5 1 2 4 8 16
288 726 445 0  21 1 5 1 2 4 8 16
289 813  39 0  26 1 5 1 2 4 8 16
290 344 639 0  92 1 5 1 2 4 8 16
291   8 268 0  12 1 5 1 2 4 8 16
292 149 571 0  83 1 5 1 2 4 8 16
293 124 870 0  37 1 5 1 2 4 8 16
294 893 349 0  36 1 5 1 2 4 8 16
295 390 458 0  58 1 5 1 2 4 8 16
296  82 863 0  15 1 5 1 2 4 8 16
297 853 404 0  43 1 5 1 2 4 8 16
298 925 750 0   6 1 5 1 2 4 8 16
299 706 856 0   2 1 5 1 2 4 8 16
300 650 853 0  88 1 5 1 2 4 8 16
301  26 729 0  75 1 5 1 2 4 8 16
302 520 297 0  77 1 5 1 2 4 8 16
303 693 410 0   1 1 5 1 2 4 8 16
304  38 169 0  68 1 5 1 2 4 8 16
305  35 541 0  50 1 5 1 2 4 8 16
306 121 611 0  94 1 5 1 2 4 8 16
307 369 775 0  33 1 5 1 2 4 8 16
308 480 241 0  91 1 5 1 2 4 8 16
309 585 707 0  21 1 5 1 2 4 8 16
310 917 182 0  50 1 5 1 2 4 8 16
311  47 612 0  66 1 5 1 2 4 8 16
312 408 713 0  77 1 5 1 2 4 8 16
313 313 886 0  56 1 5 1 2 4 8 16
314 596 988 0  22 1 5 1 2 4 8 16
315 311  18 0  45 1 5 1 2 4 8 16
316  48 321 0  19 1 5 1 2 4 8 16
317 783 922 0  91 1 5 1 2 4 8 16
318 384 255 0  26 1 5 1 2 4 8 16
319 769 457 0  58 1 5 1 2 4 8 16
320 173 775 0  70 1 5 1 2 4 8 16
321 250 395 0   3 1 5 1 2 4 8 16
322 428 648 0  44 1 5 1 2 4 8 16
323 392 413 0  73 1 5 1 2 4 8 16
324  67 489 0  75 1 5 1 2 4 8 16
325 125 594 0  50 1 5 1 2 4 8 16
326 700 927 0  42 1 5 1 2 4 8 16
327 457 460 0  10 1 5 1 2 4 8 16
328 993 443 0  83 1 5 1 2 4 8 16
329 186 649 0  57 1 5 1 2 4 8 16
330 268 250 0  72 1 5 1 2 4 8 16
331  43 138 0  56 1 5 1 2 4 8 16
332 102 993 0  29 1 5 1 2 4 8 16
333 531 700 0  47 1 5 1 2 4 8 16
334 416 482 0  68 1 5 1 2 4 8 16
335  65 897 0  67 1 5 1 2 4 8 16
336 310 280 0  83 1 5 1 2 4 8 16
337 250 660 0  91 1 5 1 2 4 8 16
338 332 657 0  76 1 5 1 2 4 8 16
339 910 641 0  35 1 5 1 2 4 8 16
340 960 474 0  95 1 5 1 2 4 8 16
341 723 435 0  17 1 5 1 2 4 8 16
342 508 131 0  78 1 5 1 2 4 8 16
343 836 247 0  99 1 5 1 2 4 8 16
344 335 661 0  57 1 5 1 2 4 8 16
345 119 571 0  59 1 5 1 2 4 8 16
346 503 251 0  42 1 5 1 2 4 8 16
347 190 227 0  61 1 5 1 2 4 8 16
348 182 180 0  38 1 5 1 2 4 8 16
349 747 447 0  29 1 5 1 2 4 8 16
350 938 284 0  37 1 5 1 2 4 8 16
351 443 655 0  40 1 5 1 2 4 8 16
352  49 702 0  61 1 5 1 2 4 8 16
353 885 187 0  80 1 5 1 2 4 8 16
354 556 379 0  10 1 5 1 2 4 8 16
355 959  56 0  42 1 5 1 2 4 8 16
356 786 356 0  16 1 5 1 2 4 8 16
357   9 131 0  12 1 5 1 2 4 8 16
358 955 421 0  86 1 5 1 2 4 8 16
359 284 476 0  27 1 5 1 2 4 8 16
360 882 650 0  49 1 5 1 2 4 8 16
361 264 375 0  71 1 5 1 2 4 8 16
362 454 839 0  29 1 5 1 2 4 8 16
363 249 919 0  72 1 5 1 2 4 8 16
364 825 225 0 100 1 5 1 2 4 8 16
365   1 330 0  51 1 5 1 2 4 8 16
366 487 506 0  84 1 5 1 2 4 8 16
367  53 809 0  52 1 5 1 2 4 8 16
368 682 869 0  68 1 5 1 2 4 8 16
369 624 669 0   4 1 5 1 2 4 8 16
370 737 966 0  24 1 5 1 2 4 8 16
371 345 847 0  69 1 5 1 2 4 8 16
372 248 854 0  71 1 5 1 2 4 8 16
373 195 440 0  67 1 5 1 2 4 8 16
374 533 289 0  82 1 5 1 2 4 8 16
375 342 494 0  26 1 5 1 2 4 8 16
376 424 901 0 100 1 5 1 2 4 8 16
377 556 429 0  60 1 5 1 2 4 8 16
378 356 757 0  75 1 5 1 2 4 8 16
379 644 155 0  34 1 5 1 2 4 8 16
380 726 972 0  64 1 5 1 2 4 8 16
381 982 378 0  34 1 5 1 2 4 8 16
382 632 884 0  72 1 5 1 2 4 8 16
383 530 918 0  50 1 5 1 2 4 8 16
384 160 264 0  38 1 5 1 2 4 8 16
385 595 617 0   3 1 5 1 2 4 8 16
386 863 572 0  55 1 5 1 2 4 8 16
387 849 560 0   6 1 5 1 2 4 8 16
388 681 643 0  26 1 5 1 2 4 8 16
389 673 652 0  99 1 5 1 2 4 8 16
390 547 595 0  74 1 5 1 2 4 8 16
391 949 239 0  92 1 5 1 2 4 8 16
392 663 182 0  97 1 5 1 2 4 8 16
393 148 769 0  33 1 5 1 2 4 8 16
394 373  38 0  10 1 5 1 2 4 8 16
395 667 879 0  37 1 5 1 2 4 8 16
396 631 478 0  97 1 5 1 2 4 8 16
397 963 532 0  18 1 5 1 2 4 8 16
398 382  35 0  72 1 5 1 2 4 8 16
399 466 505 0  98 1 5 1 2 4 8 16
400 571 962 0  73 1 5 1 2 4 8 16
401 481 151 0  86 1 5 1 2 4 8 16
402 898 509 0  38 1 5 1 2 4 8 16
403 794 161 0   8 1 5 1 2 4 8 16
404 588 961 0  43 1 5 1 2 4 8 16
405 398 629 0  49 1 5 1 2 4 8 16
406 285 470 0  86 1 5 1 2 4 8 16
407 283 143 0  97 1 5 1 2 4 8 16
408 111 851 0  48 1 5 1 2 4 8 16
409 315  83 0  35 1 5 1 2 4 8 16
410 332 531 0  46 1 5 1 2 4 8 16
411 996 769 0  30 1 5 1 2 4 8 16
412 420 740 0 100 1 5 1 2 4 8 16
413 585 142 0  45 1 5 1 2 4 8 16
414 100 408 0  55 1 5 1 2 4 8 16
415 254 875 0  83 1 5 1 2 4 8 16
416 903 764 0  18 1 5 1 2 4 8 16
417 821 441 0  72 1 5 1 2 4 8 16
418 876  32 0  11 1 5 1 2 4 8 16
419  70 434 0  92 1 5 1 2 4 8 16
420 123 386 0  50 1 5 1 2 4 8 16
421 586 168 0   5 1 5 1 2 4 8 16
422  20  59 0  43 1 5 1 2 4 8 16
423 467 295 0  72 1 5 1 2 4 8 16
424 676 931 0 100 1 5 1 2 4 8 16
425 148 910 0  16 1 5 1 2 4 8 16
426 264  23 0  57 1 5 1 2 4 8 16
427  65 251 0   0 0 0
428 197 447 0   0 0 0
429 927 676 0   0 0 0
430 286 711 0   0 0 0
431 194   8 0   0 0 0
