2 76 442 5
0 250
0 250
0 250
0 250
0 250
  1 306  484 0  83 1 5 1 2 4 8 16
  2 778  523 0  37 1 5 1 2 4 8 16
  3   5  895 0   8 1 5 1 2 4 8 16
  4 630  635 0  85 1 5 1 2 4 8 16
  5 217  886 0  44 1 5 1 2 4 8 16
  6 583  763 0  57 1 5 1 2 4 8 16
  7 460  721 0   1 1 5 1 2 4 8 16
  8 821  817 0  90 1 5 1 2 4 8 16
  9 630  966 0   2 1 5 1 2 4 8 16
 10 659  425 0   8 1 5 1 2 4 8 16
 11 601  684 0  70 1 5 1 2 4 8 16
 12 396  948 0  83 1 5 1 2 4 8 16
 13 654  303 0  52 1 5 1 2 4 8 16
 14 920  783 0   7 1 5 1 2 4 8 16
 15 255  639 0  75 1 5 1 2 4 8 16
 16 937  961 0  39 1 5 1 2 4 8 16
 17 982  562 0   8 1 5 1 2 4 8 16
 18  71  206 0  32 1 5 1 2 4 8 16
 19 695  598 0  70 1 5 1 2 4 8 16
 20 626  275 0  19 1 5 1 2 4 8 16
 21 201  729 0  59 1 5 1 2 4 8 16
 22 663  406 0  91 1 5 1 2 4 8 16
 23 740  742 0   8 1 5 1 2 4 8 16
 24 698  165 0  40 1 5 1 2 4 8 16
 25 235  808 0  85 1 5 1 2 4 8 16
 26 197  681 0  25 1 5 1 2 4 8 16
 27  13  373 0  11 1 5 1 2 4 8 16
 28 447  927 0   6 1 5 1 2 4 8 16
 29 267  549 0  54 1 5 1 2 4 8 16
 30 909  106 0  21 1 5 1 2 4 8 16
 31 128  861 0  59 1 5 1 2 4 8 16
 32 233  636 0  25 1 5 1 2 4 8 16
 33 748  369 0  24 1 5 1 2 4 8 16
 34 524  176 0  62 1 5 1 2 4 8 16
 35 195  684 0  61 1 5 1 2 4 8 16
 36 718  475 0  89 1 5 1 2 4 8 16
 37 114   89 0  87 1 5 1 2 4 8 16
 38 600   51 0  46 1 5 1 2 4 8 16
 39  30  876 0  65 1 5 1 2 4 8 16
 40  31  824 0   4 1 5 1 2 4 8 16
 41 747  337 0  96 1 5 1 2 4 8 16
 42 535  772 0  23 1 5 1 2 4 8 16
 43  82  373 0  78 1 5 1 2 4 8 16
 44 392  704 0   2 1 5 1 2 4 8 16
 45  85  655 0  74 1 5 1 2 4 8 16
 46 663  234 0  49 1 5 1 2 4 8 16
 47 350   27 0  70 1 5 1 2 4 8 16
 48 112  691 0  44 1 5 1 2 4 8 16
 49 735  791 0  73 1 5 1 2 4 8 16
 50 688   23 0  17 1 5 1 2 4 8 16
 51  38  640 0   5 1 5 1 2 4 8 16
 52 998  981 0  26 1 5 1 2 4 8 16
 53 364  528 0  37 1 5 1 2 4 8 16
 54 672  204 0  77 1 5 1 2 4 8 16
 55 251  205 0  43 1 5 1 2 4 8 16
 56 185  637 0  39 1 5 1 2 4 8 16
 57 973  378 0  27 1 5 1 2 4 8 16
 58 575  178 0  69 1 5 1 2 4 8 16
 59 836  418 0  38 1 5 1 2 4 8 16
 60 273  206 0   5 1 5 1 2 4 8 16
 61 564   65 0 100 1 5 1 2 4 8 16
 62 251  536 0  43 1 5 1 2 4 8 16
 63  14  724 0  14 1 5 1 2 4 8 16
 64 697  978 0  24 1 5 1 2 4 8 16
 65 658   49 0  34 1 5 1 2 4 8 16
 66 394  945 0  28 1 5 1 2 4 8 16
 67 883  224 0  90 1 5 1 2 4 8 16
 68 763  710 0  47 1 5 1 2 4 8 16
 69 234  236 0  70 1 5 1 2 4 8 16
 70 310  644 0  11 1 5 1 2 4 8 16
 71 952  365 0  58 1 5 1 2 4 8 16
 72 286  907 0  71 1 5 1 2 4 8 16
 73 928   34 0  73 1 5 1 2 4 8 16
 74 321  162 0  73 1 5 1 2 4 8 16
 75 334  798 0  57 1 5 1 2 4 8 16
 76 705  251 0  85 1 5 1 2 4 8 16
 77 599  896 0  87 1 5 1 2 4 8 16
 78 211  141 0  35 1 5 1 2 4 8 16
 79 843  863 0  55 1 5 1 2 4 8 16
 80 110  635 0  47 1 5 1 2 4 8 16
 81 535  714 0  84 1 5 1 2 4 8 16
 82 144  184 0   1 1 5 1 2 4 8 16
 83 977  912 0  77 1 5 1 2 4 8 16
 84 867  486 0   6 1 5 1 2 4 8 16
 85 272  703 0 100 1 5 1 2 4 8 16
 86 927  142 0  87 1 5 1 2 4 8 16
 87 235  779 0  17 1 5 1 2 4 8 16
 88 948  948 0  25 1 5 1 2 4 8 16
 89 254  491 0  31 1 5 1 2 4 8 16
 90 324  259 0  88 1 5 1 2 4 8 16
 91  95  976 0  53 1 5 1 2 4 8 16
 92 393   81 0  82 1 5 1 2 4 8 16
 93 746  984 0  42 1 5 1 2 4 8 16
 94 337  269 0  42 1 5 1 2 4 8 16
 95 169  922 0  75 1 5 1 2 4 8 16
 96 506   47 0  53 1 5 1 2 4 8 16
 97 467  189 0  54 1 5 1 2 4 8 16
 98 871  431 0  44 1 5 1 2 4 8 16
 99  88  558 0  41 1 5 1 2 4 8 16
100 805  749 0  16 1 5 1 2 4 8 16
101 197  612 0  69 1 5 1 2 4 8 16
102 223  369 0  95 1 5 1 2 4 8 16
103 335  858 0  99 1 5 1 2 4 8 16
104 791  671 0  25 1 5 1 2 4 8 16
105 204    4 0  58 1 5 1 2 4 8 16
106 800   57 0  80 1 5 1 2 4 8 16
107 768  807 0  43 1 5 1 2 4 8 16
108 516   61 0  74 1 5 1 2 4 8 16
109 156  570 0  13 1 5 1 2 4 8 16
110 408  509 0  66 1 5 1 2 4 8 16
111 663  361 0  51 1 5 1 2 4 8 16
112  22  477 0  89 1 5 1 2 4 8 16
113 425  798 0  28 1 5 1 2 4 8 16
114 955  335 0  96 1 5 1 2 4 8 16
115 333    7 0  38 1 5 1 2 4 8 16
116 497  459 0   5 1 5 1 2 4 8 16
117 401  197 0  17 1 5 1 2 4 8 16
118 385  652 0  70 1 5 1 2 4 8 16
119 557  944 0  32 1 5 1 2 4 8 16
120 568  919 0  67 1 5 1 2 4 8 16
121 901  772 0  88 1 5 1 2 4 8 16
122 809  240 0  25 1 5 1 2 4 8 16
123  78  141 0  62 1 5 1 2 4 8 16
124  77  536 0  55 1 5 1 2 4 8 16
125 499   88 0  60 1 5 1 2 4 8 16
126 695  997 0   2 1 5 1 2 4 8 16
127 354  302 0  32 1 5 1 2 4 8 16
128 928  675 0  39 1 5 1 2 4 8 16
129 720   36 0  84 1 5 1 2 4 8 16
130 222  361 0  97 1 5 1 2 4 8 16
131 124  998 0  40 1 5 1 2 4 8 16
132 761    2 0  25 1 5 1 2 4 8 16
133 850  718 0  77 1 5 1 2 4 8 16
134  70  884 0  17 1 5 1 2 4 8 16
135 926  356 0  67 1 5 1 2 4 8 16
136 542  862 0  92 1 5 1 2 4 8 16
137 478  848 0  29 1 5 1 2 4 8 16
138 944  143 0  93 1 5 1 2 4 8 16
139 614  205 0  42 1 5 1 2 4 8 16
140 819  226 0  31 1 5 1 2 4 8 16
141 615   78 0  40 1 5 1 2 4 8 16
142  77  147 0  34 1 5 1 2 4 8 16
143 312  197 0   8 1 5 1 2 4 8 16
144 811  758 0  34 1 5 1 2 4 8 16
145 619  833 0  63 1 5 1 2 4 8 16
146 213  615 0   1 1 5 1 2 4 8 16
147 129   76 0  26 1 5 1 2 4 8 16
148 350  935 0  47 1 5 1 2 4 8 16
149 820  693 0  55 1 5 1 2 4 8 16
150 635  284 0 100 1 5 1 2 4 8 16
151 362  801 0  70 1 5 1 2 4 8 16
152 883  121 0  53 1 5 1 2 4 8 16
153 819   56 0  83 1 5 1 2 4 8 16
154 249  458 0  10 1 5 1 2 4 8 16
155  63  940 0  20 1 5 1 2 4 8 16
156 492  820 0  28 1 5 1 2 4 8 16
157 902  951 0  44 1 5 1 2 4 8 16
158 959  399 0  31 1 5 1 2 4 8 16
159 429  154 0  23 1 5 1 2 4 8 16
160 640  890 0  83 1 5 1 2 4 8 16
161 520  359 0  90 1 5 1 2 4 8 16
162 563  615 0  79 1 5 1 2 4 8 16
163 528  898 0  78 1 5 1 2 4 8 16
164 103  104 0  30 1 5 1 2 4 8 16
165 513   15 0  60 1 5 1 2 4 8 16
166  82  369 0  20 1 5 1 2 4 8 16
167 700  691 0  52 1 5 1 2 4 8 16
168 958  368 0  11 1 5 1 2 4 8 16
169 414  403 0  72 1 5 1 2 4 8 16
170 233  735 0  74 1 5 1 2 4 8 16
171 460  584 0  71 1 5 1 2 4 8 16
172 528   28 0  81 1 5 1 2 4 8 16
173   9  172 0  67 1 5 1 2 4 8 16
174  17   31 0  80 1 5 1 2 4 8 16
175 494  501 0   1 1 5 1 2 4 8 16
176 870  952 0  89 1 5 1 2 4 8 16
177 753  550 0  78 1 5 1 2 4 8 16
178 862  501 0   8 1 5 1 2 4 8 16
179 779  191 0   7 1 5 1 2 4 8 16
180 996  381 0  93 1 5 1 2 4 8 16
181 500   75 0  98 1 5 1 2 4 8 16
182 294  309 0  52 1 5 1 2 4 8 16
183 882  360 0  13 1 5 1 2 4 8 16
184 514  465 0  58 1 5 1 2 4 8 16
185 715  535 0  20 1 5 1 2 4 8 16
186 109  974 0  56 1 5 1 2 4 8 16
187 183   48 0  31 1 5 1 2 4 8 16
188 728  338 0   6 1 5 1 2 4 8 16
189 620   10 0  57 1 5 1 2 4 8 16
190 239  660 0  20 1 5 1 2 4 8 16
191 366  576 0  99 1 5 1 2 4 8 16
192 365  255 0  83 1 5 1 2 4 8 16
193 130  777 0  17 1 5 1 2 4 8 16
194 253  875 0  24 1 5 1 2 4 8 16
195 132  937 0  57 1 5 1 2 4 8 16
196 582  491 0  60 1 5 1 2 4 8 16
197 143  423 0  59 1 5 1 2 4 8 16
198 281  782 0  35 1 5 1 2 4 8 16
199 166  211 0  46 1 5 1 2 4 8 16
200 680  389 0  93 1 5 1 2 4 8 16
201 592  624 0  10 1 5 1 2 4 8 16
202 813  475 0  83 1 5 1 2 4 8 16
203  86  592 0  60 1 5 1 2 4 8 16
204 449  941 0  12 1 5 1 2 4 8 16
205 722  456 0  79 1 5 1 2 4 8 16
206 954   30 0  43 1 5 1 2 4 8 16
207 451  863 0  98 1 5 1 2 4 8 16
208 680  118 0  73 1 5 1 2 4 8 16
209 297   84 0  80 1 5 1 2 4 8 16
210 701  879 0  12 1 5 1 2 4 8 16
211 797  700 0  29 1 5 1 2 4 8 16
212 331  247 0  72 1 5 1 2 4 8 16
213 434  619 0  46 1 5 1 2 4 8 16
214 889  272 0  62 1 5 1 2 4 8 16
215 883  148 0  22 1 5 1 2 4 8 16
216 940  911 0  70 1 5 1 2 4 8 16
217 377  244 0  17 1 5 1 2 4 8 16
218 869  110 0  42 1 5 1 2 4 8 16
219 181  981 0  29 1 5 1 2 4 8 16
220 453  677 0   7 1 5 1 2 4 8 16
221 231  557 0 100 1 5 1 2 4 8 16
222 737   98 0  76 1 5 1 2 4 8 16
223 442   88 0  74 1 5 1 2 4 8 16
224 751  160 0  97 1 5 1 2 4 8 16
225  54  411 0  14 1 5 1 2 4 8 16
226 193  259 0  35 1 5 1 2 4 8 16
227 304  329 0  21 1 5 1 2 4 8 16
228  84  304 0  85 1 5 1 2 4 8 16
229 743  700 0  84 1 5 1 2 4 8 16
230 554  234 0  75 1 5 1 2 4 8 16
231 742  711 0  65 1 5 1 2 4 8 16
232  31  719 0  16 1 5 1 2 4 8 16
233 650  828 0  16 1 5 1 2 4 8 16
234 130  398 0   1 1 5 1 2 4 8 16
235 596  812 0   8 1 5 1 2 4 8 16
236 166  411 0  68 1 5 1 2 4 8 16
237 505  882 0  86 1 5 1 2 4 8 16
238  97  250 0   4 1 5 1 2 4 8 16
239 523  605 0  16 1 5 1 2 4 8 16
240 833  390 0  93 1 5 1 2 4 8 16
241 188  220 0   5 1 5 1 2 4 8 16
242 658  203 0   7 1 5 1 2 4 8 16
243 248  550 0  63 1 5 1 2 4 8 16
244 319   59 0  42 1 5 1 2 4 8 16
245 905  689 0  35 1 5 1 2 4 8 16
246 816  686 0  33 1 5 1 2 4 8 16
247 199  163 0  28 1 5 1 2 4 8 16
248 984  875 0  97 1 5 1 2 4 8 16
249 132  719 0  65 1 5 1 2 4 8 16
250 207  289 0  54 1 5 1 2 4 8 16
251 680  779 0  76 1 5 1 2 4 8 16
252 192  505 0  88 1 5 1 2 4 8 16
253 129  106 0  36 1 5 1 2 4 8 16
254 226  680 0  31 1 5 1 2 4 8 16
255  62  613 0  77 1 5 1 2 4 8 16
256 483  690 0  83 1 5 1 2 4 8 16
257 628  117 0  93 1 5 1 2 4 8 16
258 218  661 0  51 1 5 1 2 4 8 16
259 936 1000 0  70 1 5 1 2 4 8 16
260 602  456 0  15 1 5 1 2 4 8 16
261  85  228 0  57 1 5 1 2 4 8 16
262 519  613 0  77 1 5 1 2 4 8 16
263 425  845 0  80 1 5 1 2 4 8 16
264 950  227 0  68 1 5 1 2 4 8 16
265 336  861 0  12 1 5 1 2 4 8 16
266 217  737 0  23 1 5 1 2 4 8 16
267 439  302 0  78 1 5 1 2 4 8 16
268 808  812 0  84 1 5 1 2 4 8 16
269 920  444 0  92 1 5 1 2 4 8 16
270 194  144 0  44 1 5 1 2 4 8 16
271 870  728 0  17 1 5 1 2 4 8 16
272 209  948 0  23 1 5 1 2 4 8 16
273 885  574 0   8 1 5 1 2 4 8 16
274 740  291 0  94 1 5 1 2 4 8 16
275 298  621 0  58 1 5 1 2 4 8 16
276 575  297 0   3 1 5 1 2 4 8 16
277 188  406 0  97 1 5 1 2 4 8 16
278 976  662 0  82 1 5 1 2 4 8 16
279 341  562 0   6 1 5 1 2 4 8 16
280 603  657 0  23 1 5 1 2 4 8 16
281 652  880 0  64 1 5 1 2 4 8 16
282 992  718 0  24 1 5 1 2 4 8 16
283 115  298 0  11 1 5 1 2 4 8 16
284 144  524 0  56 1 5 1 2 4 8 16
285 265  999 0  67 1 5 1 2 4 8 16
286 102  940 0  42 1 5 1 2 4 8 16
287  40  136 0  93 1 5 1 2 4 8 16
288 404  164 0   5 1 5 1 2 4 8 16
289 778  595 0  24 1 5 1 2 4 8 16
290 415  511 0  94 1 5 1 2 4 8 16
291 872  954 0   9 1 5 1 2 4 8 16
292 935  577 0  50 1 5 1 2 4 8 16
293 804  920 0  83 1 5 1 2 4 8 16
294 205  523 0  54 1 5 1 2 4 8 16
295 966  211 0  37 1 5 1 2 4 8 16
296 708  363 0  32 1 5 1 2 4 8 16
297 624  442 0  76 1 5 1 2 4 8 16
298 344  339 0  37 1 5 1 2 4 8 16
299 210   51 0   1 1 5 1 2 4 8 16
300 472  964 0  63 1 5 1 2 4 8 16
301 758  445 0  73 1 5 1 2 4 8 16
302 268  735 0  68 1 5 1 2 4 8 16
303 620  197 0   6 1 5 1 2 4 8 16
304  95  542 0  53 1 5 1 2 4 8 16
305 917    3 0  99 1 5 1 2 4 8 16
306 565  418 0  45 1 5 1 2 4 8 16
307 154   67 0  14 1 5 1 2 4 8 16
308 815  623 0  43 1 5 1 2 4 8 16
309 446  303 0  86 1 5 1 2 4 8 16
310 497  502 0   6 1 5 1 2 4 8 16
311 834   55 0  63 1 5 1 2 4 8 16
312 443  470 0  68 1 5 1 2 4 8 16
313 651  259 0  21 1 5 1 2 4 8 16
314 454  267 0  24 1 5 1 2 4 8 16
315 242  694 0   1 1 5 1 2 4 8 16
316 456  659 0  79 1 5 1 2 4 8 16
317 451  550 0  85 1 5 1 2 4 8 16
318 305  656 0  95 1 5 1 2 4 8 16
319 162  445 0  76 1 5 1 2 4 8 16
320 931  612 0  96 1 5 1 2 4 8 16
321 878  703 0  28 1 5 1 2 4 8 16
322 544  364 0  49 1 5 1 2 4 8 16
323 601  569 0  18 1 5 1 2 4 8 16
324 928  919 0  16 1 5 1 2 4 8 16
325 564   21 0  71 1 5 1 2 4 8 16
326 910  348 0  99 1 5 1 2 4 8 16
327 977  321 0  24 1 5 1 2 4 8 16
328 988  197 0  22 1 5 1 2 4 8 16
329 955  948 0  81 1 5 1 2 4 8 16
330 380  667 0  54 1 5 1 2 4 8 16
331 526  130 0  72 1 5 1 2 4 8 16
332 755  190 0  51 1 5 1 2 4 8 16
333 146  592 0  23 1 5 1 2 4 8 16
334 739  197 0  13 1 5 1 2 4 8 16
335 463  645 0   1 1 5 1 2 4 8 16
336 747  817 0  13 1 5 1 2 4 8 16
337 998  192 0  15 1 5 1 2 4 8 16
338 696  991 0  22 1 5 1 2 4 8 16
339 535  845 0  15 1 5 1 2 4 8 16
340 116  966 0  25 1 5 1 2 4 8 16
341 671  208 0  89 1 5 1 2 4 8 16
342 249  321 0 100 1 5 1 2 4 8 16
343 336  859 0  50 1 5 1 2 4 8 16
344 533  948 0  77 1 5 1 2 4 8 16
345 521  860 0 100 1 5 1 2 4 8 16
346 685  301 0  83 1 5 1 2 4 8 16
347 636  887 0  77 1 5 1 2 4 8 16
348 447  794 0  38 1 5 1 2 4 8 16
349  77  700 0  38 1 5 1 2 4 8 16
350 735   45 0  27 1 5 1 2 4 8 16
351 370  376 0  26 1 5 1 2 4 8 16
352 511  131 0   3 1 5 1 2 4 8 16
353 278  488 0   5 1 5 1 2 4 8 16
354 800  797 0  48 1 5 1 2 4 8 16
355 131  124 0  97 1 5 1 2 4 8 16
356  12  174 0   3 1 5 1 2 4 8 16
357 567  230 0  45 1 5 1 2 4 8 16
358 107  136 0  84 1 5 1 2 4 8 16
359 784  628 0  44 1 5 1 2 4 8 16
360  91  994 0  60 1 5 1 2 4 8 16
361  93  633 0  52 1 5 1 2 4 8 16
362 409  925 0  60 1 5 1 2 4 8 16
363 926  656 0  91 1 5 1 2 4 8 16
364 386  145 0  36 1 5 1 2 4 8 16
365 715  518 0  59 1 5 1 2 4 8 16
366 115  189 0   9 1 5 1 2 4 8 16
367  61  802 0  29 1 5 1 2 4 8 16
368 736  619 0  95 1 5 1 2 4 8 16
369 262  211 0  41 1 5 1 2 4 8 16
370 432  429 0  67 1 5 1 2 4 8 16
371  40  272 0  47 1 5 1 2 4 8 16
372 556  347 0  41 1 5 1 2 4 8 16
373  33  599 0  40 1 5 1 2 4 8 16
374 695  248 0  85 1 5 1 2 4 8 16
375 183   38 0  26 1 5 1 2 4 8 16
376 540   97 0  35 1 5 1 2 4 8 16
377 609  343 0  38 1 5 1 2 4 8 16
378 732  280 0  94 1 5 1 2 4 8 16
379  42  722 0  92 1 5 1 2 4 8 16
380 505  467 0  55 1 5 1 2 4 8 16
381 570  285 0  99 1 5 1 2 4 8 16
382 759  108 0  96 1 5 1 2 4 8 16
383 473  712 0  31 1 5 1 2 4 8 16
384 636  661 0  96 1 5 1 2 4 8 16
385 108  334 0  83 1 5 1 2 4 8 16
386 153  673 0  81 1 5 1 2 4 8 16
387 530  315 0  18 1 5 1 2 4 8 16
388 609  525 0  84 1 5 1 2 4 8 16
389 986  585 0  38 1 5 1 2 4 8 16
390 939  970 0  44 1 5 1 2 4 8 16
391 175  546 0  93 1 5 1 2 4 8 16
392 721  407 0  49 1 5 1 2 4 8 16
393  55  717 0   1 1 5 1 2 4 8 16
394 915  787 0  42 1 5 1 2 4 8 16
395 336  462 0  87 1 5 1 2 4 8 16
396   4  763 0  50 1 5 1 2 4 8 16
397 224  366 0  55 1 5 1 2 4 8 16
398 292  789 0  52 1 5 1 2 4 8 16
399 127  933 0  57 1 5 1 2 4 8 16
400 609  437 0  95 1 5 1 2 4 8 16
401 836  540 0  98 1 5 1 2 4 8 16
402 518  264 0  61 1 5 1 2 4 8 16
403 527  356 0   8 1 5 1 2 4 8 16
404 364  677 0  61 1 5 1 2 4 8 16
405 641  724 0   6 1 5 1 2 4 8 16
406 943  871 0  55 1 5 1 2 4 8 16
407 813  801 0  87 1 5 1 2 4 8 16
408 976  399 0  70 1 5 1 2 4 8 16
409  97  857 0  29 1 5 1 2 4 8 16
410 594  478 0  44 1 5 1 2 4 8 16
411 397  960 0  86 1 5 1 2 4 8 16
412 236  401 0  57 1 5 1 2 4 8 16
413 421   23 0  20 1 5 1 2 4 8 16
414  75  717 0   9 1 5 1 2 4 8 16
415 327  895 0  55 1 5 1 2 4 8 16
416 145  392 0  15 1 5 1 2 4 8 16
417 236  351 0  74 1 5 1 2 4 8 16
418 389  108 0  88 1 5 1 2 4 8 16
419 242  187 0  45 1 5 1 2 4 8 16
420  84  267 0  55 1 5 1 2 4 8 16
421  70    5 0  74 1 5 1 2 4 8 16
422 596  561 0  26 1 5 1 2 4 8 16
423  18  967 0  42 1 5 1 2 4 8 16
424 393  232 0  90 1 5 1 2 4 8 16
425 710  969 0  30 1 5 1 2 4 8 16
426 964  207 0  85 1 5 1 2 4 8 16
427 232  164 0  84 1 5 1 2 4 8 16
428 987   67 0  18 1 5 1 2 4 8 16
429  93  644 0  32 1 5 1 2 4 8 16
430 705  784 0  20 1 5 1 2 4 8 16
431 123  324 0  41 1 5 1 2 4 8 16
432 297  740 0  60 1 5 1 2 4 8 16
433 112   32 0  91 1 5 1 2 4 8 16
434 361  534 0  56 1 5 1 2 4 8 16
435 832  231 0  18 1 5 1 2 4 8 16
436 636  559 0  77 1 5 1 2 4 8 16
437 195  278 0  26 1 5 1 2 4 8 16
438 250  410 0  80 1 5 1 2 4 8 16
439 520  944 0  91 1 5 1 2 4 8 16
440 421  852 0  36 1 5 1 2 4 8 16
441 199  633 0  56 1 5 1 2 4 8 16
442 832  980 0  89 1 5 1 2 4 8 16
443 856  973 0   0 0 0
444 242  196 0   0 0 0
445 298  102 0   0 0 0
446 790   62 0   0 0 0
447 169  398 0   0 0 0
