2 62 489 7
0 258
0 258
0 258
0 258
0 258
0 258
0 258
  1  180 135 0  14 1 7 1 2 4 8 16 32 64
  2  868 489 0  19 1 7 1 2 4 8 16 32 64
  3  781 127 0  17 1 7 1 2 4 8 16 32 64
  4  537 261 0  22 1 7 1 2 4 8 16 32 64
  5  309 857 0  33 1 7 1 2 4 8 16 32 64
  6  997 349 0  46 1 7 1 2 4 8 16 32 64
  7  386 540 0  58 1 7 1 2 4 8 16 32 64
  8  402 171 0  26 1 7 1 2 4 8 16 32 64
  9  636 294 0  69 1 7 1 2 4 8 16 32 64
 10   95 911 0   3 1 7 1 2 4 8 16 32 64
 11  738 342 0  67 1 7 1 2 4 8 16 32 64
 12  742 422 0  32 1 7 1 2 4 8 16 32 64
 13  737 798 0  78 1 7 1 2 4 8 16 32 64
 14  959   9 0  72 1 7 1 2 4 8 16 32 64
 15  937 217 0  46 1 7 1 2 4 8 16 32 64
 16  141 375 0  82 1 7 1 2 4 8 16 32 64
 17  742 453 0  15 1 7 1 2 4 8 16 32 64
 18   43 864 0  91 1 7 1 2 4 8 16 32 64
 19  748 180 0  45 1 7 1 2 4 8 16 32 64
 20   44 268 0  45 1 7 1 2 4 8 16 32 64
 21  603  65 0  94 1 7 1 2 4 8 16 32 64
 22  934 621 0  52 1 7 1 2 4 8 16 32 64
 23  621 224 0   6 1 7 1 2 4 8 16 32 64
 24  836 276 0  84 1 7 1 2 4 8 16 32 64
 25  852 289 0  77 1 7 1 2 4 8 16 32 64
 26  206 195 0   1 1 7 1 2 4 8 16 32 64
 27  828 260 0  70 1 7 1 2 4 8 16 32 64
 28  585 736 0  24 1 7 1 2 4 8 16 32 64
 29  978 711 0  51 1 7 1 2 4 8 16 32 64
 30  182 672 0  88 1 7 1 2 4 8 16 32 64
 31  135  10 0  20 1 7 1 2 4 8 16 32 64
 32  336 155 0  77 1 7 1 2 4 8 16 32 64
 33  278 384 0  82 1 7 1 2 4 8 16 32 64
 34  144 741 0  74 1 7 1 2 4 8 16 32 64
 35  466 608 0  43 1 7 1 2 4 8 16 32 64
 36  688 251 0  55 1 7 1 2 4 8 16 32 64
 37  688  44 0  67 1 7 1 2 4 8 16 32 64
 38  134 349 0  29 1 7 1 2 4 8 16 32 64
 39  271 412 0  56 1 7 1 2 4 8 16 32 64
 40  916 859 0  56 1 7 1 2 4 8 16 32 64
 41  129   5 0  90 1 7 1 2 4 8 16 32 64
 42  544 308 0   1 1 7 1 2 4 8 16 32 64
 43  797 380 0  21 1 7 1 2 4 8 16 32 64
 44  993 286 0  89 1 7 1 2 4 8 16 32 64
 45   91 679 0  19 1 7 1 2 4 8 16 32 64
 46  479 600 0  66 1 7 1 2 4 8 16 32 64
 47  852  21 0  14 1 7 1 2 4 8 16 32 64
 48  231 152 0  41 1 7 1 2 4 8 16 32 64
 49  602 175 0  39 1 7 1 2 4 8 16 32 64
 50  857 323 0  88 1 7 1 2 4 8 16 32 64
 51   96 803 0  63 1 7 1 2 4 8 16 32 64
 52  777  29 0  51 1 7 1 2 4 8 16 32 64
 53  341 597 0  83 1 7 1 2 4 8 16 32 64
 54  888 232 0  79 1 7 1 2 4 8 16 32 64
 55  162 515 0  82 1 7 1 2 4 8 16 32 64
 56  754 337 0  42 1 7 1 2 4 8 16 32 64
 57  104 852 0  89 1 7 1 2 4 8 16 32 64
 58  245 529 0  49 1 7 1 2 4 8 16 32 64
 59  794 722 0  28 1 7 1 2 4 8 16 32 64
 60  628 702 0  29 1 7 1 2 4 8 16 32 64
 61  509 845 0  20 1 7 1 2 4 8 16 32 64
 62  175 845 0  24 1 7 1 2 4 8 16 32 64
 63  384 634 0  96 1 7 1 2 4 8 16 32 64
 64  106   1 0  49 1 7 1 2 4 8 16 32 64
 65  390 238 0  58 1 7 1 2 4 8 16 32 64
 66  866 722 0  76 1 7 1 2 4 8 16 32 64
 67  728 376 0  74 1 7 1 2 4 8 16 32 64
 68  378 701 0  49 1 7 1 2 4 8 16 32 64
 69  161 608 0  82 1 7 1 2 4 8 16 32 64
 70  786 201 0   6 1 7 1 2 4 8 16 32 64
 71  290 236 0  43 1 7 1 2 4 8 16 32 64
 72  565 887 0  79 1 7 1 2 4 8 16 32 64
 73  523 486 0   6 1 7 1 2 4 8 16 32 64
 74  864 143 0  85 1 7 1 2 4 8 16 32 64
 75  188 781 0  87 1 7 1 2 4 8 16 32 64
 76  317 620 0  75 1 7 1 2 4 8 16 32 64
 77  221 142 0  35 1 7 1 2 4 8 16 32 64
 78   28 279 0  59 1 7 1 2 4 8 16 32 64
 79  888 152 0  97 1 7 1 2 4 8 16 32 64
 80  719 613 0  47 1 7 1 2 4 8 16 32 64
 81  869 246 0  56 1 7 1 2 4 8 16 32 64
 82  178 473 0  72 1 7 1 2 4 8 16 32 64
 83  337 296 0  62 1 7 1 2 4 8 16 32 64
 84  686 813 0  15 1 7 1 2 4 8 16 32 64
 85  855 644 0  22 1 7 1 2 4 8 16 32 64
 86  864 879 0  92 1 7 1 2 4 8 16 32 64
 87  545 488 0   8 1 7 1 2 4 8 16 32 64
 88  329  60 0   2 1 7 1 2 4 8 16 32 64
 89  271 290 0  18 1 7 1 2 4 8 16 32 64
 90  985 649 0  59 1 7 1 2 4 8 16 32 64
 91  662 826 0  98 1 7 1 2 4 8 16 32 64
 92  186 372 0  95 1 7 1 2 4 8 16 32 64
 93   41 169 0  56 1 7 1 2 4 8 16 32 64
 94  935 357 0  46 1 7 1 2 4 8 16 32 64
 95  835  71 0  82 1 7 1 2 4 8 16 32 64
 96  110 246 0  75 1 7 1 2 4 8 16 32 64
 97   79 790 0  55 1 7 1 2 4 8 16 32 64
 98  833 305 0  94 1 7 1 2 4 8 16 32 64
 99   22 290 0  11 1 7 1 2 4 8 16 32 64
100  424 530 0  11 1 7 1 2 4 8 16 32 64
101  828 524 0  38 1 7 1 2 4 8 16 32 64
102  490 204 0  34 1 7 1 2 4 8 16 32 64
103  252 363 0  75 1 7 1 2 4 8 16 32 64
104  155  22 0  91 1 7 1 2 4 8 16 32 64
105  607 705 0  80 1 7 1 2 4 8 16 32 64
106  359 392 0  61 1 7 1 2 4 8 16 32 64
107  829 855 0  78 1 7 1 2 4 8 16 32 64
108  342 751 0   5 1 7 1 2 4 8 16 32 64
109  410 823 0  81 1 7 1 2 4 8 16 32 64
110 1000 885 0  68 1 7 1 2 4 8 16 32 64
111  134 474 0  13 1 7 1 2 4 8 16 32 64
112  545 178 0  12 1 7 1 2 4 8 16 32 64
113   47  47 0  77 1 7 1 2 4 8 16 32 64
114  665 712 0  43 1 7 1 2 4 8 16 32 64
115  961 437 0  73 1 7 1 2 4 8 16 32 64
116  204 728 0  47 1 7 1 2 4 8 16 32 64
117  373 961 0  17 1 7 1 2 4 8 16 32 64
118  315 873 0  37 1 7 1 2 4 8 16 32 64
119  646 283 0  57 1 7 1 2 4 8 16 32 64
120  863 956 0  72 1 7 1 2 4 8 16 32 64
121  618 793 0  87 1 7 1 2 4 8 16 32 64
122  404 805 0  96 1 7 1 2 4 8 16 32 64
123  354 148 0  39 1 7 1 2 4 8 16 32 64
124  813 176 0  76 1 7 1 2 4 8 16 32 64
125  852 291 0  57 1 7 1 2 4 8 16 32 64
126  535 947 0  32 1 7 1 2 4 8 16 32 64
127  594 317 0   8 1 7 1 2 4 8 16 32 64
128  893 960 0  96 1 7 1 2 4 8 16 32 64
129  700 688 0   5 1 7 1 2 4 8 16 32 64
130  859 644 0  18 1 7 1 2 4 8 16 32 64
131  760 491 0  91 1 7 1 2 4 8 16 32 64
132  831 350 0  95 1 7 1 2 4 8 16 32 64
133  156 368 0  40 1 7 1 2 4 8 16 32 64
134   23 796 0  66 1 7 1 2 4 8 16 32 64
135  962 603 0  55 1 7 1 2 4 8 16 32 64
136  232 873 0  92 1 7 1 2 4 8 16 32 64
137  495 830 0  30 1 7 1 2 4 8 16 32 64
138  235 292 0  31 1 7 1 2 4 8 16 32 64
139  654   6 0  39 1 7 1 2 4 8 16 32 64
140  313 348 0  51 1 7 1 2 4 8 16 32 64
141  592 202 0  84 1 7 1 2 4 8 16 32 64
142  203 218 0  56 1 7 1 2 4 8 16 32 64
143  910 985 0  25 1 7 1 2 4 8 16 32 64
144  628 496 0  50 1 7 1 2 4 8 16 32 64
145  725 233 0  28 1 7 1 2 4 8 16 32 64
146  859 212 0  77 1 7 1 2 4 8 16 32 64
147  555  48 0  27 1 7 1 2 4 8 16 32 64
148  836 215 0  28 1 7 1 2 4 8 16 32 64
149  476 242 0  55 1 7 1 2 4 8 16 32 64
150  924 988 0  90 1 7 1 2 4 8 16 32 64
151  135 242 0  27 1 7 1 2 4 8 16 32 64
152  825 459 0  49 1 7 1 2 4 8 16 32 64
153  968 475 0  66 1 7 1 2 4 8 16 32 64
154  175 135 0  80 1 7 1 2 4 8 16 32 64
155  659  52 0  61 1 7 1 2 4 8 16 32 64
156  433  45 0  75 1 7 1 2 4 8 16 32 64
157  222  18 0  28 1 7 1 2 4 8 16 32 64
158  402 517 0  65 1 7 1 2 4 8 16 32 64
159  834 594 0  23 1 7 1 2 4 8 16 32 64
160  752  67 0  58 1 7 1 2 4 8 16 32 64
161   79 933 0  85 1 7 1 2 4 8 16 32 64
162  834 816 0  71 1 7 1 2 4 8 16 32 64
163  276 231 0  10 1 7 1 2 4 8 16 32 64
164  903 293 0  32 1 7 1 2 4 8 16 32 64
165  376   5 0   6 1 7 1 2 4 8 16 32 64
166  519 538 0  30 1 7 1 2 4 8 16 32 64
167  840 656 0   9 1 7 1 2 4 8 16 32 64
168  901 447 0  57 1 7 1 2 4 8 16 32 64
169  618 405 0   1 1 7 1 2 4 8 16 32 64
170  431 833 0   9 1 7 1 2 4 8 16 32 64
171  918 578 0  76 1 7 1 2 4 8 16 32 64
172  902 383 0  26 1 7 1 2 4 8 16 32 64
173   37 301 0 100 1 7 1 2 4 8 16 32 64
174  710   1 0  96 1 7 1 2 4 8 16 32 64
175   21 178 0  61 1 7 1 2 4 8 16 32 64
176  583 331 0  11 1 7 1 2 4 8 16 32 64
177  729 405 0  48 1 7 1 2 4 8 16 32 64
178  523 490 0  81 1 7 1 2 4 8 16 32 64
179  325 596 0  20 1 7 1 2 4 8 16 32 64
180  757 898 0  73 1 7 1 2 4 8 16 32 64
181  503 438 0  64 1 7 1 2 4 8 16 32 64
182  638 623 0  24 1 7 1 2 4 8 16 32 64
183  518  13 0  27 1 7 1 2 4 8 16 32 64
184   90 724 0  50 1 7 1 2 4 8 16 32 64
185  830 814 0  18 1 7 1 2 4 8 16 32 64
186  929  49 0  91 1 7 1 2 4 8 16 32 64
187  153 917 0  68 1 7 1 2 4 8 16 32 64
188  801 341 0  78 1 7 1 2 4 8 16 32 64
189  398 305 0  57 1 7 1 2 4 8 16 32 64
190  469 166 0  47 1 7 1 2 4 8 16 32 64
191  996 362 0  26 1 7 1 2 4 8 16 32 64
192  799 538 0  11 1 7 1 2 4 8 16 32 64
193  600 557 0  36 1 7 1 2 4 8 16 32 64
194  118 258 0  60 1 7 1 2 4 8 16 32 64
195    3 696 0  75 1 7 1 2 4 8 16 32 64
196  180 425 0  31 1 7 1 2 4 8 16 32 64
197  737  67 0  54 1 7 1 2 4 8 16 32 64
198  392 831 0  86 1 7 1 2 4 8 16 32 64
199  544 186 0  39 1 7 1 2 4 8 16 32 64
200  322 149 0  43 1 7 1 2 4 8 16 32 64
201  379  18 0  94 1 7 1 2 4 8 16 32 64
202  764  57 0  11 1 7 1 2 4 8 16 32 64
203  704 123 0  48 1 7 1 2 4 8 16 32 64
204  558 864 0  15 1 7 1 2 4 8 16 32 64
205  823 110 0  54 1 7 1 2 4 8 16 32 64
206   13 439 0  79 1 7 1 2 4 8 16 32 64
207   81 271 0  99 1 7 1 2 4 8 16 32 64
208  958  24 0   6 1 7 1 2 4 8 16 32 64
209  461 503 0  78 1 7 1 2 4 8 16 32 64
210  362 738 0  21 1 7 1 2 4 8 16 32 64
211  961 945 0  56 1 7 1 2 4 8 16 32 64
212  590 138 0  63 1 7 1 2 4 8 16 32 64
213   27 851 0  68 1 7 1 2 4 8 16 32 64
214  431 429 0  99 1 7 1 2 4 8 16 32 64
215  262 493 0  33 1 7 1 2 4 8 16 32 64
216  742 281 0  95 1 7 1 2 4 8 16 32 64
217  753 337 0  70 1 7 1 2 4 8 16 32 64
218   66 382 0  65 1 7 1 2 4 8 16 32 64
219    0 955 0 100 1 7 1 2 4 8 16 32 64
220  947 142 0  71 1 7 1 2 4 8 16 32 64
221   67 908 0  82 1 7 1 2 4 8 16 32 64
222  169 365 0  41 1 7 1 2 4 8 16 32 64
223   87 905 0  56 1 7 1 2 4 8 16 32 64
224  464 854 0  45 1 7 1 2 4 8 16 32 64
225  437 110 0  88 1 7 1 2 4 8 16 32 64
226  544 837 0  44 1 7 1 2 4 8 16 32 64
227   70 342 0  63 1 7 1 2 4 8 16 32 64
228  708 674 0  28 1 7 1 2 4 8 16 32 64
229  356 393 0   8 1 7 1 2 4 8 16 32 64
230  427 454 0  10 1 7 1 2 4 8 16 32 64
231  189 952 0  10 1 7 1 2 4 8 16 32 64
232  390 842 0  63 1 7 1 2 4 8 16 32 64
233  950  16 0   1 1 7 1 2 4 8 16 32 64
234  263 384 0   1 1 7 1 2 4 8 16 32 64
235  637 493 0  74 1 7 1 2 4 8 16 32 64
236  180 315 0  69 1 7 1 2 4 8 16 32 64
237  904 595 0  47 1 7 1 2 4 8 16 32 64
238  483 224 0   9 1 7 1 2 4 8 16 32 64
239   90 733 0  61 1 7 1 2 4 8 16 32 64
240  675 618 0  78 1 7 1 2 4 8 16 32 64
241  170 519 0  18 1 7 1 2 4 8 16 32 64
242  777 228 0   5 1 7 1 2 4 8 16 32 64
243  419 850 0  59 1 7 1 2 4 8 16 32 64
244  890 784 0  45 1 7 1 2 4 8 16 32 64
245  258 665 0   8 1 7 1 2 4 8 16 32 64
246  732 825 0  34 1 7 1 2 4 8 16 32 64
247  858 880 0  78 1 7 1 2 4 8 16 32 64
248  268 624 0  35 1 7 1 2 4 8 16 32 64
249   21 287 0  17 1 7 1 2 4 8 16 32 64
250  881 235 0  85 1 7 1 2 4 8 16 32 64
251  792 303 0  92 1 7 1 2 4 8 16 32 64
252  279 437 0  45 1 7 1 2 4 8 16 32 64
253   11 513 0  89 1 7 1 2 4 8 16 32 64
254  983 620 0  94 1 7 1 2 4 8 16 32 64
255  359 434 0  86 1 7 1 2 4 8 16 32 64
256  887 298 0  27 1 7 1 2 4 8 16 32 64
257  800 292 0   2 1 7 1 2 4 8 16 32 64
258  802 366 0  70 1 7 1 2 4 8 16 32 64
259  472 402 0  47 1 7 1 2 4 8 16 32 64
260  689 758 0  90 1 7 1 2 4 8 16 32 64
261  689 183 0  82 1 7 1 2 4 8 16 32 64
262  924 400 0  60 1 7 1 2 4 8 16 32 64
263  662 378 0   3 1 7 1 2 4 8 16 32 64
264  762  74 0  31 1 7 1 2 4 8 16 32 64
265  681 278 0   2 1 7 1 2 4 8 16 32 64
266  617 684 0  17 1 7 1 2 4 8 16 32 64
267  624 147 0  90 1 7 1 2 4 8 16 32 64
268  847 933 0  47 1 7 1 2 4 8 16 32 64
269  176 255 0   2 1 7 1 2 4 8 16 32 64
270  544  95 0  80 1 7 1 2 4 8 16 32 64
271  505 680 0  48 1 7 1 2 4 8 16 32 64
272   40 204 0  88 1 7 1 2 4 8 16 32 64
273  760  56 0  96 1 7 1 2 4 8 16 32 64
274  618 917 0  31 1 7 1 2 4 8 16 32 64
275   16 298 0  67 1 7 1 2 4 8 16 32 64
276  899 138 0  14 1 7 1 2 4 8 16 32 64
277  396 524 0  11 1 7 1 2 4 8 16 32 64
278  623 396 0  88 1 7 1 2 4 8 16 32 64
279  688 426 0  71 1 7 1 2 4 8 16 32 64
280  209 217 0  36 1 7 1 2 4 8 16 32 64
281  185 124 0  66 1 7 1 2 4 8 16 32 64
282  373 312 0  82 1 7 1 2 4 8 16 32 64
283  809 401 0  30 1 7 1 2 4 8 16 32 64
284  307 780 0  47 1 7 1 2 4 8 16 32 64
285  437 444 0  89 1 7 1 2 4 8 16 32 64
286  862 846 0  70 1 7 1 2 4 8 16 32 64
287  402 477 0  69 1 7 1 2 4 8 16 32 64
288  999 146 0  82 1 7 1 2 4 8 16 32 64
289  693 769 0  62 1 7 1 2 4 8 16 32 64
290  530 278 0  39 1 7 1 2 4 8 16 32 64
291  934 591 0  30 1 7 1 2 4 8 16 32 64
292  113 508 0  90 1 7 1 2 4 8 16 32 64
293  470 567 0  80 1 7 1 2 4 8 16 32 64
294  651 740 0  62 1 7 1 2 4 8 16 32 64
295  446 643 0  57 1 7 1 2 4 8 16 32 64
296  946  39 0  44 1 7 1 2 4 8 16 32 64
297  412 948 0  41 1 7 1 2 4 8 16 32 64
298  352 120 0   3 1 7 1 2 4 8 16 32 64
299  802 100 0  21 1 7 1 2 4 8 16 32 64
300   26 876 0  14 1 7 1 2 4 8 16 32 64
301  623 159 0  62 1 7 1 2 4 8 16 32 64
302   15 128 0  53 1 7 1 2 4 8 16 32 64
303   51 383 0  18 1 7 1 2 4 8 16 32 64
304  890 236 0  79 1 7 1 2 4 8 16 32 64
305  972 928 0  60 1 7 1 2 4 8 16 32 64
306  745 528 0  40 1 7 1 2 4 8 16 32 64
307  630 817 0  95 1 7 1 2 4 8 16 32 64
308  789   7 0  45 1 7 1 2 4 8 16 32 64
309  419 915 0  10 1 7 1 2 4 8 16 32 64
310  771 674 0  79 1 7 1 2 4 8 16 32 64
311  770 866 0  80 1 7 1 2 4 8 16 32 64
312    5 922 0  38 1 7 1 2 4 8 16 32 64
313  237 665 0  81 1 7 1 2 4 8 16 32 64
314  782 670 0  26 1 7 1 2 4 8 16 32 64
315  561 351 0  20 1 7 1 2 4 8 16 32 64
316  708 673 0  57 1 7 1 2 4 8 16 32 64
317  365 482 0  32 1 7 1 2 4 8 16 32 64
318  870 466 0  36 1 7 1 2 4 8 16 32 64
319  305 420 0  76 1 7 1 2 4 8 16 32 64
320  461 952 0  85 1 7 1 2 4 8 16 32 64
321   48 244 0  65 1 7 1 2 4 8 16 32 64
322  795 869 0  94 1 7 1 2 4 8 16 32 64
323  861 870 0  87 1 7 1 2 4 8 16 32 64
324  668 289 0  83 1 7 1 2 4 8 16 32 64
325  765 191 0  60 1 7 1 2 4 8 16 32 64
326  342 711 0  14 1 7 1 2 4 8 16 32 64
327  541 323 0  22 1 7 1 2 4 8 16 32 64
328  544 190 0 100 1 7 1 2 4 8 16 32 64
329  935  48 0  78 1 7 1 2 4 8 16 32 64
330  770 198 0  68 1 7 1 2 4 8 16 32 64
331  989 679 0   6 1 7 1 2 4 8 16 32 64
332  548 471 0  44 1 7 1 2 4 8 16 32 64
333  114 105 0  86 1 7 1 2 4 8 16 32 64
334  101 844 0  73 1 7 1 2 4 8 16 32 64
335   24 690 0  26 1 7 1 2 4 8 16 32 64
336  964 422 0  20 1 7 1 2 4 8 16 32 64
337  167 232 0  16 1 7 1 2 4 8 16 32 64
338   96 181 0  12 1 7 1 2 4 8 16 32 64
339   64 147 0  58 1 7 1 2 4 8 16 32 64
340  811 316 0  22 1 7 1 2 4 8 16 32 64
341  541 688 0  96 1 7 1 2 4 8 16 32 64
342   93 948 0  76 1 7 1 2 4 8 16 32 64
343   82 841 0  92 1 7 1 2 4 8 16 32 64
344  886  86 0  47 1 7 1 2 4 8 16 32 64
345  739 733 0  85 1 7 1 2 4 8 16 32 64
346  263 621 0  18 1 7 1 2 4 8 16 32 64
347  187  26 0  97 1 7 1 2 4 8 16 32 64
348   48 549 0  76 1 7 1 2 4 8 16 32 64
349  364 177 0  10 1 7 1 2 4 8 16 32 64
350  889 363 0  97 1 7 1 2 4 8 16 32 64
351  456 505 0  17 1 7 1 2 4 8 16 32 64
352  949  57 0  19 1 7 1 2 4 8 16 32 64
353  111 646 0   8 1 7 1 2 4 8 16 32 64
354  388 486 0  38 1 7 1 2 4 8 16 32 64
355  231  82 0   5 1 7 1 2 4 8 16 32 64
356  128 204 0  76 1 7 1 2 4 8 16 32 64
357  640 373 0  82 1 7 1 2 4 8 16 32 64
358  748 944 0  78 1 7 1 2 4 8 16 32 64
359  450 504 0  37 1 7 1 2 4 8 16 32 64
360  266 191 0  52 1 7 1 2 4 8 16 32 64
361  953 540 0  11 1 7 1 2 4 8 16 32 64
362  211  55 0  68 1 7 1 2 4 8 16 32 64
363  832 246 0  45 1 7 1 2 4 8 16 32 64
364  666 157 0  34 1 7 1 2 4 8 16 32 64
365  532 933 0  43 1 7 1 2 4 8 16 32 64
366   32 839 0  57 1 7 1 2 4 8 16 32 64
367  531 382 0  83 1 7 1 2 4 8 16 32 64
368  488 551 0   5 1 7 1 2 4 8 16 32 64
369  876 649 0   8 1 7 1 2 4 8 16 32 64
370  226 302 0  54 1 7 1 2 4 8 16 32 64
371  178 713 0  75 1 7 1 2 4 8 16 32 64
372  972 338 0  94 1 7 1 2 4 8 16 32 64
373    0 424 0  92 1 7 1 2 4 8 16 32 64
374  332 362 0  12 1 7 1 2 4 8 16 32 64
375  968 323 0  72 1 7 1 2 4 8 16 32 64
376  689 155 0   2 1 7 1 2 4 8 16 32 64
377  423 438 0  31 1 7 1 2 4 8 16 32 64
378  937  64 0  21 1 7 1 2 4 8 16 32 64
379  182  14 0  28 1 7 1 2 4 8 16 32 64
380  332 205 0  60 1 7 1 2 4 8 16 32 64
381   15 668 0  38 1 7 1 2 4 8 16 32 64
382  882 698 0  11 1 7 1 2 4 8 16 32 64
383  745 787 0  87 1 7 1 2 4 8 16 32 64
384  639 220 0  40 1 7 1 2 4 8 16 32 64
385  475 112 0  86 1 7 1 2 4 8 16 32 64
386  721 665 0   7 1 7 1 2 4 8 16 32 64
387   65 798 0  65 1 7 1 2 4 8 16 32 64
388  746 571 0  27 1 7 1 2 4 8 16 32 64
389  235 200 0  99 1 7 1 2 4 8 16 32 64
390  571 251 0  92 1 7 1 2 4 8 16 32 64
391  942 442 0  80 1 7 1 2 4 8 16 32 64
392  291  28 0  48 1 7 1 2 4 8 16 32 64
393  731 571 0  70 1 7 1 2 4 8 16 32 64
394  482 425 0  32 1 7 1 2 4 8 16 32 64
395  516  88 0  16 1 7 1 2 4 8 16 32 64
396  379 848 0  85 1 7 1 2 4 8 16 32 64
397  472 598 0  96 1 7 1 2 4 8 16 32 64
398  607 133 0  78 1 7 1 2 4 8 16 32 64
399  558 529 0  70 1 7 1 2 4 8 16 32 64
400  334 316 0  52 1 7 1 2 4 8 16 32 64
401  326 586 0  51 1 7 1 2 4 8 16 32 64
402  537 599 0  48 1 7 1 2 4 8 16 32 64
403   24  32 0  79 1 7 1 2 4 8 16 32 64
404  896 405 0  62 1 7 1 2 4 8 16 32 64
405  155 764 0  16 1 7 1 2 4 8 16 32 64
406  423 494 0  30 1 7 1 2 4 8 16 32 64
407   50 140 0  56 1 7 1 2 4 8 16 32 64
408  651 489 0  29 1 7 1 2 4 8 16 32 64
409  859 747 0  89 1 7 1 2 4 8 16 32 64
410  848 856 0   7 1 7 1 2 4 8 16 32 64
411  639 523 0  41 1 7 1 2 4 8 16 32 64
412  826 307 0 100 1 7 1 2 4 8 16 32 64
413  226 144 0   3 1 7 1 2 4 8 16 32 64
414  246 242 0  50 1 7 1 2 4 8 16 32 64
415  125 547 0  98 1 7 1 2 4 8 16 32 64
416  428 318 0  68 1 7 1 2 4 8 16 32 64
417  237 788 0  39 1 7 1 2 4 8 16 32 64
418  344 417 0  37 1 7 1 2 4 8 16 32 64
419  922 901 0  74 1 7 1 2 4 8 16 32 64
420  876 478 0  63 1 7 1 2 4 8 16 32 64
421  103 475 0  91 1 7 1 2 4 8 16 32 64
422  838 136 0  15 1 7 1 2 4 8 16 32 64
423   90 618 0  11 1 7 1 2 4 8 16 32 64
424  911 116 0  67 1 7 1 2 4 8 16 32 64
425  577 290 0  92 1 7 1 2 4 8 16 32 64
426  355 196 0  43 1 7 1 2 4 8 16 32 64
427  836 823 0  23 1 7 1 2 4 8 16 32 64
428  763 322 0  47 1 7 1 2 4 8 16 32 64
429  220 527 0  78 1 7 1 2 4 8 16 32 64
430   60 464 0  90 1 7 1 2 4 8 16 32 64
431  955 762 0  49 1 7 1 2 4 8 16 32 64
432  929 224 0  81 1 7 1 2 4 8 16 32 64
433  320 580 0  90 1 7 1 2 4 8 16 32 64
434  525 616 0  32 1 7 1 2 4 8 16 32 64
435  705  77 0  45 1 7 1 2 4 8 16 32 64
436   78 345 0  78 1 7 1 2 4 8 16 32 64
437  518 439 0  64 1 7 1 2 4 8 16 32 64
438  392 655 0  82 1 7 1 2 4 8 16 32 64
439  214   0 0  44 1 7 1 2 4 8 16 32 64
440  431 449 0  76 1 7 1 2 4 8 16 32 64
441  835 743 0  67 1 7 1 2 4 8 16 32 64
442  325  11 0  82 1 7 1 2 4 8 16 32 64
443  232  32 0  85 1 7 1 2 4 8 16 32 64
444  840  79 0  51 1 7 1 2 4 8 16 32 64
445  281 446 0  73 1 7 1 2 4 8 16 32 64
446  173 359 0  62 1 7 1 2 4 8 16 32 64
447  961 295 0  96 1 7 1 2 4 8 16 32 64
448  663 517 0  65 1 7 1 2 4 8 16 32 64
449  600 310 0  33 1 7 1 2 4 8 16 32 64
450  644 265 0  94 1 7 1 2 4 8 16 32 64
451  435  79 0  18 1 7 1 2 4 8 16 32 64
452   52 682 0  90 1 7 1 2 4 8 16 32 64
453  125 475 0  90 1 7 1 2 4 8 16 32 64
454  772 557 0  31 1 7 1 2 4 8 16 32 64
455  773 676 0  80 1 7 1 2 4 8 16 32 64
456  317 913 0  31 1 7 1 2 4 8 16 32 64
457  233 355 0   8 1 7 1 2 4 8 16 32 64
458  130  69 0  14 1 7 1 2 4 8 16 32 64
459   24 895 0  25 1 7 1 2 4 8 16 32 64
460  126 981 0  28 1 7 1 2 4 8 16 32 64
461  339 419 0  64 1 7 1 2 4 8 16 32 64
462  895 211 0  35 1 7 1 2 4 8 16 32 64
463  994 964 0  73 1 7 1 2 4 8 16 32 64
464  214 512 0  81 1 7 1 2 4 8 16 32 64
465  746 774 0  58 1 7 1 2 4 8 16 32 64
466   42 913 0  24 1 7 1 2 4 8 16 32 64
467  522 648 0  98 1 7 1 2 4 8 16 32 64
468  337 543 0  52 1 7 1 2 4 8 16 32 64
469  150 584 0  89 1 7 1 2 4 8 16 32 64
470  931 201 0  76 1 7 1 2 4 8 16 32 64
471  264  14 0  55 1 7 1 2 4 8 16 32 64
472  518 669 0  14 1 7 1 2 4 8 16 32 64
473  891 603 0   5 1 7 1 2 4 8 16 32 64
474  246 806 0  67 1 7 1 2 4 8 16 32 64
475  391 368 0  83 1 7 1 2 4 8 16 32 64
476  560 933 0  74 1 7 1 2 4 8 16 32 64
477  215 149 0  64 1 7 1 2 4 8 16 32 64
478    6 705 0  23 1 7 1 2 4 8 16 32 64
479  631 518 0  49 1 7 1 2 4 8 16 32 64
480  433 887 0  15 1 7 1 2 4 8 16 32 64
481  883  70 0  17 1 7 1 2 4 8 16 32 64
482  814 368 0  92 1 7 1 2 4 8 16 32 64
483  940 467 0  56 1 7 1 2 4 8 16 32 64
484  334 846 0  47 1 7 1 2 4 8 16 32 64
485  269 875 0   7 1 7 1 2 4 8 16 32 64
486  403 336 0  84 1 7 1 2 4 8 16 32 64
487  920 639 0  34 1 7 1 2 4 8 16 32 64
488  522 958 0  59 1 7 1 2 4 8 16 32 64
489  990 562 0  75 1 7 1 2 4 8 16 32 64
490  837 644 0   0 0 0
491  563 996 0   0 0 0
492  863 235 0   0 0 0
493  527 696 0   0 0 0
494  676 814 0   0 0 0
495  292 819 0   0 0 0
496   92 800 0   0 0 0
