2 45 497 9
0 252
0 252
0 252
0 252
0 252
0 252
0 252
0 252
0 252
  1 912 635 0  86 1 9 1 2 4 8 16 32 64 128 256
  2 682 437 0  60 1 9 1 2 4 8 16 32 64 128 256
  3 671 193 0  38 1 9 1 2 4 8 16 32 64 128 256
  4 259 225 0  54 1 9 1 2 4 8 16 32 64 128 256
  5 720 213 0  33 1 9 1 2 4 8 16 32 64 128 256
  6 452 906 0  68 1 9 1 2 4 8 16 32 64 128 256
  7 547  30 0  93 1 9 1 2 4 8 16 32 64 128 256
  8 716 786 0  90 1 9 1 2 4 8 16 32 64 128 256
  9 118 639 0  68 1 9 1 2 4 8 16 32 64 128 256
 10 132 920 0  74 1 9 1 2 4 8 16 32 64 128 256
 11 171 186 0  66 1 9 1 2 4 8 16 32 64 128 256
 12 506 222 0  85 1 9 1 2 4 8 16 32 64 128 256
 13 374 447 0  55 1 9 1 2 4 8 16 32 64 128 256
 14 318  96 0  90 1 9 1 2 4 8 16 32 64 128 256
 15 974 273 0   6 1 9 1 2 4 8 16 32 64 128 256
 16 726 369 0  56 1 9 1 2 4 8 16 32 64 128 256
 17 558 815 0  71 1 9 1 2 4 8 16 32 64 128 256
 18  36 569 0  41 1 9 1 2 4 8 16 32 64 128 256
 19 865 541 0  32 1 9 1 2 4 8 16 32 64 128 256
 20 752 150 0  62 1 9 1 2 4 8 16 32 64 128 256
 21 115 880 0  19 1 9 1 2 4 8 16 32 64 128 256
 22 629 803 0  54 1 9 1 2 4 8 16 32 64 128 256
 23 620 745 0  26 1 9 1 2 4 8 16 32 64 128 256
 24 546 456 0  10 1 9 1 2 4 8 16 32 64 128 256
 25 296 414 0  21 1 9 1 2 4 8 16 32 64 128 256
 26 439 537 0  11 1 9 1 2 4 8 16 32 64 128 256
 27 964  59 0  57 1 9 1 2 4 8 16 32 64 128 256
 28 412 133 0  96 1 9 1 2 4 8 16 32 64 128 256
 29 422 400 0  92 1 9 1 2 4 8 16 32 64 128 256
 30 402 865 0  98 1 9 1 2 4 8 16 32 64 128 256
 31 332  38 0  62 1 9 1 2 4 8 16 32 64 128 256
 32 773 667 0  82 1 9 1 2 4 8 16 32 64 128 256
 33 803 750 0  97 1 9 1 2 4 8 16 32 64 128 256
 34  98 129 0  10 1 9 1 2 4 8 16 32 64 128 256
 35 462 977 0  84 1 9 1 2 4 8 16 32 64 128 256
 36 831 751 0  63 1 9 1 2 4 8 16 32 64 128 256
 37 459 710 0   6 1 9 1 2 4 8 16 32 64 128 256
 38 775 766 0  20 1 9 1 2 4 8 16 32 64 128 256
 39 567 649 0  57 1 9 1 2 4 8 16 32 64 128 256
 40 853  86 0  19 1 9 1 2 4 8 16 32 64 128 256
 41 299  69 0  25 1 9 1 2 4 8 16 32 64 128 256
 42 147 696 0  23 1 9 1 2 4 8 16 32 64 128 256
 43 751 381 0  10 1 9 1 2 4 8 16 32 64 128 256
 44 649 435 0  70 1 9 1 2 4 8 16 32 64 128 256
 45 204 800 0  26 1 9 1 2 4 8 16 32 64 128 256
 46 869 505 0  41 1 9 1 2 4 8 16 32 64 128 256
 47 929 905 0  79 1 9 1 2 4 8 16 32 64 128 256
 48 722 896 0  83 1 9 1 2 4 8 16 32 64 128 256
 49 829 786 0  97 1 9 1 2 4 8 16 32 64 128 256
 50 290 208 0  39 1 9 1 2 4 8 16 32 64 128 256
 51  85 685 0  20 1 9 1 2 4 8 16 32 64 128 256
 52 456  86 0  78 1 9 1 2 4 8 16 32 64 128 256
 53 951   5 0  81 1 9 1 2 4 8 16 32 64 128 256
 54 487 368 0  72 1 9 1 2 4 8 16 32 64 128 256
 55 905 709 0  76 1 9 1 2 4 8 16 32 64 128 256
 56 496 478 0  25 1 9 1 2 4 8 16 32 64 128 256
 57  38  51 0  49 1 9 1 2 4 8 16 32 64 128 256
 58  52 433 0  34 1 9 1 2 4 8 16 32 64 128 256
 59 783 501 0  45 1 9 1 2 4 8 16 32 64 128 256
 60 306 439 0  73 1 9 1 2 4 8 16 32 64 128 256
 61 276  26 0  34 1 9 1 2 4 8 16 32 64 128 256
 62 369 279 0  86 1 9 1 2 4 8 16 32 64 128 256
 63 638 154 0  58 1 9 1 2 4 8 16 32 64 128 256
 64 320 381 0   3 1 9 1 2 4 8 16 32 64 128 256
 65 179 363 0  74 1 9 1 2 4 8 16 32 64 128 256
 66 940 930 0  64 1 9 1 2 4 8 16 32 64 128 256
 67 213   2 0   1 1 9 1 2 4 8 16 32 64 128 256
 68 527 937 0  89 1 9 1 2 4 8 16 32 64 128 256
 69 901 699 0  34 1 9 1 2 4 8 16 32 64 128 256
 70  27 958 0  66 1 9 1 2 4 8 16 32 64 128 256
 71 574 811 0  22 1 9 1 2 4 8 16 32 64 128 256
 72 362 794 0  33 1 9 1 2 4 8 16 32 64 128 256
 73  38 139 0  45 1 9 1 2 4 8 16 32 64 128 256
 74 133 890 0  51 1 9 1 2 4 8 16 32 64 128 256
 75 570 589 0  67 1 9 1 2 4 8 16 32 64 128 256
 76 182 987 0  62 1 9 1 2 4 8 16 32 64 128 256
 77 180 113 0  56 1 9 1 2 4 8 16 32 64 128 256
 78 314 363 0   4 1 9 1 2 4 8 16 32 64 128 256
 79 720 797 0  70 1 9 1 2 4 8 16 32 64 128 256
 80 746 419 0  80 1 9 1 2 4 8 16 32 64 128 256
 81 917 548 0  83 1 9 1 2 4 8 16 32 64 128 256
 82 355 291 0  52 1 9 1 2 4 8 16 32 64 128 256
 83 797 627 0  88 1 9 1 2 4 8 16 32 64 128 256
 84 648 480 0  70 1 9 1 2 4 8 16 32 64 128 256
 85 839 763 0  73 1 9 1 2 4 8 16 32 64 128 256
 86 730 338 0  16 1 9 1 2 4 8 16 32 64 128 256
 87 471 991 0  54 1 9 1 2 4 8 16 32 64 128 256
 88 725 885 0  67 1 9 1 2 4 8 16 32 64 128 256
 89 259 792 0  95 1 9 1 2 4 8 16 32 64 128 256
 90 981 295 0  64 1 9 1 2 4 8 16 32 64 128 256
 91 481  67 0  61 1 9 1 2 4 8 16 32 64 128 256
 92 452 767 0  92 1 9 1 2 4 8 16 32 64 128 256
 93  73 968 0  45 1 9 1 2 4 8 16 32 64 128 256
 94 139 630 0  74 1 9 1 2 4 8 16 32 64 128 256
 95 764 158 0  83 1 9 1 2 4 8 16 32 64 128 256
 96 516 209 0  13 1 9 1 2 4 8 16 32 64 128 256
 97 530 618 0  43 1 9 1 2 4 8 16 32 64 128 256
 98 320 212 0  46 1 9 1 2 4 8 16 32 64 128 256
 99 507 236 0  99 1 9 1 2 4 8 16 32 64 128 256
100 908 635 0  19 1 9 1 2 4 8 16 32 64 128 256
101 829 309 0  14 1 9 1 2 4 8 16 32 64 128 256
102 511 850 0  12 1 9 1 2 4 8 16 32 64 128 256
103 528 579 0  29 1 9 1 2 4 8 16 32 64 128 256
104 932 980 0  38 1 9 1 2 4 8 16 32 64 128 256
105 196 828 0  45 1 9 1 2 4 8 16 32 64 128 256
106 961 669 0 100 1 9 1 2 4 8 16 32 64 128 256
107 529 334 0  71 1 9 1 2 4 8 16 32 64 128 256
108 730 501 0  35 1 9 1 2 4 8 16 32 64 128 256
109 159  19 0  47 1 9 1 2 4 8 16 32 64 128 256
110 336 534 0  47 1 9 1 2 4 8 16 32 64 128 256
111 496 512 0  55 1 9 1 2 4 8 16 32 64 128 256
112 702 688 0  75 1 9 1 2 4 8 16 32 64 128 256
113 460 443 0  46 1 9 1 2 4 8 16 32 64 128 256
114 730 473 0  35 1 9 1 2 4 8 16 32 64 128 256
115 559 532 0  22 1 9 1 2 4 8 16 32 64 128 256
116 889 631 0  79 1 9 1 2 4 8 16 32 64 128 256
117  41 363 0  36 1 9 1 2 4 8 16 32 64 128 256
118 428 503 0 100 1 9 1 2 4 8 16 32 64 128 256
119 805 583 0  55 1 9 1 2 4 8 16 32 64 128 256
120 556 260 0  30 1 9 1 2 4 8 16 32 64 128 256
121 654  31 0 100 1 9 1 2 4 8 16 32 64 128 256
122 333 502 0  90 1 9 1 2 4 8 16 32 64 128 256
123 529 937 0  31 1 9 1 2 4 8 16 32 64 128 256
124 984 471 0  46 1 9 1 2 4 8 16 32 64 128 256
125 905 325 0  55 1 9 1 2 4 8 16 32 64 128 256
126 600 957 0  56 1 9 1 2 4 8 16 32 64 128 256
127 179 721 0   2 1 9 1 2 4 8 16 32 64 128 256
128 362 539 0  35 1 9 1 2 4 8 16 32 64 128 256
129 634  99 0  41 1 9 1 2 4 8 16 32 64 128 256
130 928 333 0  81 1 9 1 2 4 8 16 32 64 128 256
131 693 608 0  98 1 9 1 2 4 8 16 32 64 128 256
132  42 857 0  94 1 9 1 2 4 8 16 32 64 128 256
133 452 640 0  87 1 9 1 2 4 8 16 32 64 128 256
134 976 386 0  38 1 9 1 2 4 8 16 32 64 128 256
135 217 212 0  75 1 9 1 2 4 8 16 32 64 128 256
136 827 324 0  62 1 9 1 2 4 8 16 32 64 128 256
137 357 942 0  64 1 9 1 2 4 8 16 32 64 128 256
138 616 770 0  57 1 9 1 2 4 8 16 32 64 128 256
139 868 311 0  65 1 9 1 2 4 8 16 32 64 128 256
140 191 599 0   3 1 9 1 2 4 8 16 32 64 128 256
141 748 409 0  29 1 9 1 2 4 8 16 32 64 128 256
142 346 870 0  78 1 9 1 2 4 8 16 32 64 128 256
143 287 897 0 100 1 9 1 2 4 8 16 32 64 128 256
144 324 253 0  37 1 9 1 2 4 8 16 32 64 128 256
145 271 173 0  30 1 9 1 2 4 8 16 32 64 128 256
146 895 204 0   2 1 9 1 2 4 8 16 32 64 128 256
147 616 681 0  82 1 9 1 2 4 8 16 32 64 128 256
148 537 383 0  73 1 9 1 2 4 8 16 32 64 128 256
149 863 904 0  55 1 9 1 2 4 8 16 32 64 128 256
150 242 200 0  66 1 9 1 2 4 8 16 32 64 128 256
151 514 122 0  10 1 9 1 2 4 8 16 32 64 128 256
152 988 752 0  86 1 9 1 2 4 8 16 32 64 128 256
153  95 716 0  93 1 9 1 2 4 8 16 32 64 128 256
154 945 130 0   7 1 9 1 2 4 8 16 32 64 128 256
155 916 181 0  72 1 9 1 2 4 8 16 32 64 128 256
156 984 475 0  84 1 9 1 2 4 8 16 32 64 128 256
157 683 594 0  64 1 9 1 2 4 8 16 32 64 128 256
158 347 348 0  98 1 9 1 2 4 8 16 32 64 128 256
159 700 428 0  22 1 9 1 2 4 8 16 32 64 128 256
160 104 387 0  14 1 9 1 2 4 8 16 32 64 128 256
161 271 607 0  32 1 9 1 2 4 8 16 32 64 128 256
162 962 594 0  10 1 9 1 2 4 8 16 32 64 128 256
163 473 477 0  20 1 9 1 2 4 8 16 32 64 128 256
164 762 690 0  21 1 9 1 2 4 8 16 32 64 128 256
165 610 570 0  55 1 9 1 2 4 8 16 32 64 128 256
166 907  67 0  97 1 9 1 2 4 8 16 32 64 128 256
167 895 878 0  70 1 9 1 2 4 8 16 32 64 128 256
168 501 236 0  57 1 9 1 2 4 8 16 32 64 128 256
169 200 515 0  34 1 9 1 2 4 8 16 32 64 128 256
170  67  64 0  69 1 9 1 2 4 8 16 32 64 128 256
171  69 847 0  60 1 9 1 2 4 8 16 32 64 128 256
172 516 702 0  14 1 9 1 2 4 8 16 32 64 128 256
173  44 723 0  70 1 9 1 2 4 8 16 32 64 128 256
174 866 536 0  52 1 9 1 2 4 8 16 32 64 128 256
175 127 237 0  77 1 9 1 2 4 8 16 32 64 128 256
176 994 667 0  50 1 9 1 2 4 8 16 32 64 128 256
177 461 118 0  60 1 9 1 2 4 8 16 32 64 128 256
178 895 707 0  50 1 9 1 2 4 8 16 32 64 128 256
179 496 959 0  83 1 9 1 2 4 8 16 32 64 128 256
180 589 807 0  33 1 9 1 2 4 8 16 32 64 128 256
181 907  56 0  72 1 9 1 2 4 8 16 32 64 128 256
182 939 478 0   3 1 9 1 2 4 8 16 32 64 128 256
183 858 906 0  58 1 9 1 2 4 8 16 32 64 128 256
184 781 299 0  21 1 9 1 2 4 8 16 32 64 128 256
185 877 380 0  18 1 9 1 2 4 8 16 32 64 128 256
186 343 531 0  82 1 9 1 2 4 8 16 32 64 128 256
187 243  11 0  51 1 9 1 2 4 8 16 32 64 128 256
188  71 986 0  31 1 9 1 2 4 8 16 32 64 128 256
189 412 192 0  90 1 9 1 2 4 8 16 32 64 128 256
190 822 325 0  94 1 9 1 2 4 8 16 32 64 128 256
191 868 899 0  41 1 9 1 2 4 8 16 32 64 128 256
192 614 160 0  62 1 9 1 2 4 8 16 32 64 128 256
193 321 856 0  88 1 9 1 2 4 8 16 32 64 128 256
194 577 195 0  36 1 9 1 2 4 8 16 32 64 128 256
195 893 417 0  37 1 9 1 2 4 8 16 32 64 128 256
196 895 284 0  26 1 9 1 2 4 8 16 32 64 128 256
197 680 711 0  63 1 9 1 2 4 8 16 32 64 128 256
198 830 142 0  28 1 9 1 2 4 8 16 32 64 128 256
199 810 796 0  37 1 9 1 2 4 8 16 32 64 128 256
200 320 931 0  22 1 9 1 2 4 8 16 32 64 128 256
201 304 669 0  96 1 9 1 2 4 8 16 32 64 128 256
202 293  45 0  47 1 9 1 2 4 8 16 32 64 128 256
203 248 518 0  94 1 9 1 2 4 8 16 32 64 128 256
204 530 920 0  80 1 9 1 2 4 8 16 32 64 128 256
205 935 935 0  53 1 9 1 2 4 8 16 32 64 128 256
206 170 514 0  21 1 9 1 2 4 8 16 32 64 128 256
207 621 932 0  42 1 9 1 2 4 8 16 32 64 128 256
208 807 226 0  61 1 9 1 2 4 8 16 32 64 128 256
209 862 929 0  32 1 9 1 2 4 8 16 32 64 128 256
210   4 512 0  25 1 9 1 2 4 8 16 32 64 128 256
211  44 778 0  57 1 9 1 2 4 8 16 32 64 128 256
212 598 930 0  27 1 9 1 2 4 8 16 32 64 128 256
213  21 861 0  13 1 9 1 2 4 8 16 32 64 128 256
214 271 181 0  53 1 9 1 2 4 8 16 32 64 128 256
215 509 729 0  41 1 9 1 2 4 8 16 32 64 128 256
216 550 602 0   5 1 9 1 2 4 8 16 32 64 128 256
217 565 219 0  94 1 9 1 2 4 8 16 32 64 128 256
218 368 355 0  55 1 9 1 2 4 8 16 32 64 128 256
219 884 508 0  56 1 9 1 2 4 8 16 32 64 128 256
220 181 515 0  67 1 9 1 2 4 8 16 32 64 128 256
221 972 591 0  55 1 9 1 2 4 8 16 32 64 128 256
222 929 936 0  82 1 9 1 2 4 8 16 32 64 128 256
223 918 332 0  25 1 9 1 2 4 8 16 32 64 128 256
224 998 682 0  40 1 9 1 2 4 8 16 32 64 128 256
225 657 690 0  25 1 9 1 2 4 8 16 32 64 128 256
226 719 299 0  94 1 9 1 2 4 8 16 32 64 128 256
227 793 514 0  91 1 9 1 2 4 8 16 32 64 128 256
228 172 176 0   9 1 9 1 2 4 8 16 32 64 128 256
229 851 376 0  18 1 9 1 2 4 8 16 32 64 128 256
230 256 617 0  27 1 9 1 2 4 8 16 32 64 128 256
231  19 959 0  97 1 9 1 2 4 8 16 32 64 128 256
232 621 529 0  17 1 9 1 2 4 8 16 32 64 128 256
233  54 664 0  22 1 9 1 2 4 8 16 32 64 128 256
234 735 397 0  68 1 9 1 2 4 8 16 32 64 128 256
235  15 276 0  87 1 9 1 2 4 8 16 32 64 128 256
236 405 752 0  95 1 9 1 2 4 8 16 32 64 128 256
237 400 688 0  56 1 9 1 2 4 8 16 32 64 128 256
238 793 780 0  97 1 9 1 2 4 8 16 32 64 128 256
239 225 632 0  59 1 9 1 2 4 8 16 32 64 128 256
240 834 359 0  44 1 9 1 2 4 8 16 32 64 128 256
241 375 130 0  96 1 9 1 2 4 8 16 32 64 128 256
242 425 766 0  51 1 9 1 2 4 8 16 32 64 128 256
243 456 201 0  24 1 9 1 2 4 8 16 32 64 128 256
244 257 960 0   7 1 9 1 2 4 8 16 32 64 128 256
245 246 894 0  58 1 9 1 2 4 8 16 32 64 128 256
246 770 546 0  56 1 9 1 2 4 8 16 32 64 128 256
247 253 186 0  24 1 9 1 2 4 8 16 32 64 128 256
248 830 479 0  82 1 9 1 2 4 8 16 32 64 128 256
249 692 608 0  56 1 9 1 2 4 8 16 32 64 128 256
250 866   6 0  67 1 9 1 2 4 8 16 32 64 128 256
251 520 486 0  65 1 9 1 2 4 8 16 32 64 128 256
252 514 872 0  49 1 9 1 2 4 8 16 32 64 128 256
253 425 156 0  75 1 9 1 2 4 8 16 32 64 128 256
254 157 729 0  62 1 9 1 2 4 8 16 32 64 128 256
255 367 518 0  23 1 9 1 2 4 8 16 32 64 128 256
256 657 138 0  76 1 9 1 2 4 8 16 32 64 128 256
257 765 482 0   7 1 9 1 2 4 8 16 32 64 128 256
258 220 732 0  50 1 9 1 2 4 8 16 32 64 128 256
259  46 187 0  76 1 9 1 2 4 8 16 32 64 128 256
260 275 613 0  89 1 9 1 2 4 8 16 32 64 128 256
261 579 730 0  24 1 9 1 2 4 8 16 32 64 128 256
262 223 366 0  83 1 9 1 2 4 8 16 32 64 128 256
263 902 698 0  47 1 9 1 2 4 8 16 32 64 128 256
264 445 459 0   9 1 9 1 2 4 8 16 32 64 128 256
265 331 949 0  96 1 9 1 2 4 8 16 32 64 128 256
266 772 398 0  40 1 9 1 2 4 8 16 32 64 128 256
267 795 370 0  31 1 9 1 2 4 8 16 32 64 128 256
268 755 129 0  58 1 9 1 2 4 8 16 32 64 128 256
269 361 651 0  23 1 9 1 2 4 8 16 32 64 128 256
270 192 198 0  88 1 9 1 2 4 8 16 32 64 128 256
271 195 616 0  77 1 9 1 2 4 8 16 32 64 128 256
272 803 617 0  81 1 9 1 2 4 8 16 32 64 128 256
273  82 987 0  14 1 9 1 2 4 8 16 32 64 128 256
274 405 597 0  12 1 9 1 2 4 8 16 32 64 128 256
275 648 424 0  34 1 9 1 2 4 8 16 32 64 128 256
276 114 600 0  27 1 9 1 2 4 8 16 32 64 128 256
277 733 253 0  59 1 9 1 2 4 8 16 32 64 128 256
278 892 458 0  61 1 9 1 2 4 8 16 32 64 128 256
279 577 729 0  81 1 9 1 2 4 8 16 32 64 128 256
280 807 131 0  17 1 9 1 2 4 8 16 32 64 128 256
281 536 890 0   1 1 9 1 2 4 8 16 32 64 128 256
282 688 417 0   4 1 9 1 2 4 8 16 32 64 128 256
283 837 986 0  34 1 9 1 2 4 8 16 32 64 128 256
284 103  72 0   5 1 9 1 2 4 8 16 32 64 128 256
285 684 206 0  93 1 9 1 2 4 8 16 32 64 128 256
286 640 891 0   9 1 9 1 2 4 8 16 32 64 128 256
287 493 610 0  18 1 9 1 2 4 8 16 32 64 128 256
288 333 307 0  48 1 9 1 2 4 8 16 32 64 128 256
289 289  49 0  11 1 9 1 2 4 8 16 32 64 128 256
290 303 777 0   7 1 9 1 2 4 8 16 32 64 128 256
291 251  90 0  78 1 9 1 2 4 8 16 32 64 128 256
292 985 993 0  51 1 9 1 2 4 8 16 32 64 128 256
293 261 746 0  57 1 9 1 2 4 8 16 32 64 128 256
294 358 722 0  40 1 9 1 2 4 8 16 32 64 128 256
295 256 742 0  14 1 9 1 2 4 8 16 32 64 128 256
296 446 995 0  34 1 9 1 2 4 8 16 32 64 128 256
297 994 845 0  41 1 9 1 2 4 8 16 32 64 128 256
298 611 486 0  90 1 9 1 2 4 8 16 32 64 128 256
299  27 203 0  56 1 9 1 2 4 8 16 32 64 128 256
300 272 389 0   6 1 9 1 2 4 8 16 32 64 128 256
301 346 581 0  86 1 9 1 2 4 8 16 32 64 128 256
302 469 269 0  38 1 9 1 2 4 8 16 32 64 128 256
303 102 932 0  88 1 9 1 2 4 8 16 32 64 128 256
304 269 266 0   5 1 9 1 2 4 8 16 32 64 128 256
305 293 207 0  84 1 9 1 2 4 8 16 32 64 128 256
306 363 317 0  56 1 9 1 2 4 8 16 32 64 128 256
307 525 448 0  44 1 9 1 2 4 8 16 32 64 128 256
308 492 420 0  68 1 9 1 2 4 8 16 32 64 128 256
309 438 966 0  12 1 9 1 2 4 8 16 32 64 128 256
310 107 464 0  34 1 9 1 2 4 8 16 32 64 128 256
311 879 109 0   6 1 9 1 2 4 8 16 32 64 128 256
312 889  82 0   1 1 9 1 2 4 8 16 32 64 128 256
313 656 890 0  52 1 9 1 2 4 8 16 32 64 128 256
314 273  38 0  98 1 9 1 2 4 8 16 32 64 128 256
315 564 926 0  22 1 9 1 2 4 8 16 32 64 128 256
316 336 822 0  42 1 9 1 2 4 8 16 32 64 128 256
317 190 148 0  76 1 9 1 2 4 8 16 32 64 128 256
318 904 525 0  77 1 9 1 2 4 8 16 32 64 128 256
319 296 934 0  37 1 9 1 2 4 8 16 32 64 128 256
320 474 598 0   3 1 9 1 2 4 8 16 32 64 128 256
321  90 317 0  44 1 9 1 2 4 8 16 32 64 128 256
322 140 723 0  23 1 9 1 2 4 8 16 32 64 128 256
323 833 388 0   7 1 9 1 2 4 8 16 32 64 128 256
324  16  20 0  77 1 9 1 2 4 8 16 32 64 128 256
325 416 877 0  56 1 9 1 2 4 8 16 32 64 128 256
326 871 813 0  62 1 9 1 2 4 8 16 32 64 128 256
327 197 997 0  33 1 9 1 2 4 8 16 32 64 128 256
328  67 160 0  80 1 9 1 2 4 8 16 32 64 128 256
329  96 276 0  91 1 9 1 2 4 8 16 32 64 128 256
330 819 703 0  75 1 9 1 2 4 8 16 32 64 128 256
331 737 594 0  44 1 9 1 2 4 8 16 32 64 128 256
332 917 786 0  28 1 9 1 2 4 8 16 32 64 128 256
333 879 789 0  63 1 9 1 2 4 8 16 32 64 128 256
334 858   0 0  54 1 9 1 2 4 8 16 32 64 128 256
335 767 873 0  48 1 9 1 2 4 8 16 32 64 128 256
336  90 120 0   6 1 9 1 2 4 8 16 32 64 128 256
337 989  13 0  61 1 9 1 2 4 8 16 32 64 128 256
338 236 634 0  96 1 9 1 2 4 8 16 32 64 128 256
339 534   2 0   1 1 9 1 2 4 8 16 32 64 128 256
340 295 761 0  11 1 9 1 2 4 8 16 32 64 128 256
341 432 567 0  11 1 9 1 2 4 8 16 32 64 128 256
342 690 841 0  95 1 9 1 2 4 8 16 32 64 128 256
343 545 495 0  35 1 9 1 2 4 8 16 32 64 128 256
344 619 615 0  29 1 9 1 2 4 8 16 32 64 128 256
345 247 215 0  35 1 9 1 2 4 8 16 32 64 128 256
346 976 690 0  62 1 9 1 2 4 8 16 32 64 128 256
347  47 214 0  66 1 9 1 2 4 8 16 32 64 128 256
348 172 551 0  67 1 9 1 2 4 8 16 32 64 128 256
349 592 554 0  51 1 9 1 2 4 8 16 32 64 128 256
350 717 397 0  50 1 9 1 2 4 8 16 32 64 128 256
351 186 876 0  61 1 9 1 2 4 8 16 32 64 128 256
352 999 851 0  94 1 9 1 2 4 8 16 32 64 128 256
353 862 505 0  54 1 9 1 2 4 8 16 32 64 128 256
354 781 439 0  49 1 9 1 2 4 8 16 32 64 128 256
355 284 102 0  62 1 9 1 2 4 8 16 32 64 128 256
356 263 738 0  83 1 9 1 2 4 8 16 32 64 128 256
357 879 435 0  23 1 9 1 2 4 8 16 32 64 128 256
358 727 835 0  55 1 9 1 2 4 8 16 32 64 128 256
359 366 986 0  24 1 9 1 2 4 8 16 32 64 128 256
360 845 736 0  84 1 9 1 2 4 8 16 32 64 128 256
361 344 233 0  47 1 9 1 2 4 8 16 32 64 128 256
362 327 556 0  65 1 9 1 2 4 8 16 32 64 128 256
363 886 526 0  28 1 9 1 2 4 8 16 32 64 128 256
364  76 651 0  58 1 9 1 2 4 8 16 32 64 128 256
365 191 261 0  44 1 9 1 2 4 8 16 32 64 128 256
366 838 306 0   8 1 9 1 2 4 8 16 32 64 128 256
367 182 131 0  44 1 9 1 2 4 8 16 32 64 128 256
368 577 684 0  11 1 9 1 2 4 8 16 32 64 128 256
369 705 832 0  42 1 9 1 2 4 8 16 32 64 128 256
370  49 575 0  15 1 9 1 2 4 8 16 32 64 128 256
371 112 604 0  16 1 9 1 2 4 8 16 32 64 128 256
372 715 159 0  81 1 9 1 2 4 8 16 32 64 128 256
373 867 175 0  81 1 9 1 2 4 8 16 32 64 128 256
374 211  54 0  79 1 9 1 2 4 8 16 32 64 128 256
375 964 152 0   8 1 9 1 2 4 8 16 32 64 128 256
376 184 785 0  97 1 9 1 2 4 8 16 32 64 128 256
377 468 912 0  13 1 9 1 2 4 8 16 32 64 128 256
378 863 911 0  70 1 9 1 2 4 8 16 32 64 128 256
379 800  65 0  52 1 9 1 2 4 8 16 32 64 128 256
380 821 856 0 100 1 9 1 2 4 8 16 32 64 128 256
381 248 869 0  95 1 9 1 2 4 8 16 32 64 128 256
382  95 234 0   6 1 9 1 2 4 8 16 32 64 128 256
383  68  25 0  60 1 9 1 2 4 8 16 32 64 128 256
384 338 980 0  62 1 9 1 2 4 8 16 32 64 128 256
385 454   6 0  53 1 9 1 2 4 8 16 32 64 128 256
386 517 852 0  51 1 9 1 2 4 8 16 32 64 128 256
387 425  20 0  19 1 9 1 2 4 8 16 32 64 128 256
388 513 848 0  57 1 9 1 2 4 8 16 32 64 128 256
389 928 667 0  10 1 9 1 2 4 8 16 32 64 128 256
390 414 696 0  93 1 9 1 2 4 8 16 32 64 128 256
391 198 720 0  23 1 9 1 2 4 8 16 32 64 128 256
392 464 550 0  81 1 9 1 2 4 8 16 32 64 128 256
393  65 560 0  37 1 9 1 2 4 8 16 32 64 128 256
394 604 362 0  51 1 9 1 2 4 8 16 32 64 128 256
395 725 303 0  43 1 9 1 2 4 8 16 32 64 128 256
396 934 574 0  33 1 9 1 2 4 8 16 32 64 128 256
397 699 156 0  68 1 9 1 2 4 8 16 32 64 128 256
398 103 655 0   8 1 9 1 2 4 8 16 32 64 128 256
399 532 204 0  26 1 9 1 2 4 8 16 32 64 128 256
400 172 905 0  95 1 9 1 2 4 8 16 32 64 128 256
401 826 598 0  85 1 9 1 2 4 8 16 32 64 128 256
402 441 113 0  76 1 9 1 2 4 8 16 32 64 128 256
403 240 389 0  68 1 9 1 2 4 8 16 32 64 128 256
404 109 317 0  13 1 9 1 2 4 8 16 32 64 128 256
405 430 306 0  77 1 9 1 2 4 8 16 32 64 128 256
406 316 431 0  92 1 9 1 2 4 8 16 32 64 128 256
407 556 122 0  23 1 9 1 2 4 8 16 32 64 128 256
408 437 701 0  57 1 9 1 2 4 8 16 32 64 128 256
409  18 773 0   6 1 9 1 2 4 8 16 32 64 128 256
410 995 739 0  24 1 9 1 2 4 8 16 32 64 128 256
411 536 842 0  63 1 9 1 2 4 8 16 32 64 128 256
412 185 748 0  32 1 9 1 2 4 8 16 32 64 128 256
413 713  67 0  21 1 9 1 2 4 8 16 32 64 128 256
414 277 743 0  43 1 9 1 2 4 8 16 32 64 128 256
415 290 272 0  70 1 9 1 2 4 8 16 32 64 128 256
416 985 156 0  62 1 9 1 2 4 8 16 32 64 128 256
417 481 660 0   2 1 9 1 2 4 8 16 32 64 128 256
418 920 680 0  85 1 9 1 2 4 8 16 32 64 128 256
419 660 799 0  15 1 9 1 2 4 8 16 32 64 128 256
420 754 184 0  20 1 9 1 2 4 8 16 32 64 128 256
421 567 472 0  40 1 9 1 2 4 8 16 32 64 128 256
422 907 672 0  57 1 9 1 2 4 8 16 32 64 128 256
423 849 570 0  93 1 9 1 2 4 8 16 32 64 128 256
424 432 217 0  75 1 9 1 2 4 8 16 32 64 128 256
425 202 282 0  88 1 9 1 2 4 8 16 32 64 128 256
426 605 269 0  77 1 9 1 2 4 8 16 32 64 128 256
427 608 619 0   7 1 9 1 2 4 8 16 32 64 128 256
428 361 447 0  67 1 9 1 2 4 8 16 32 64 128 256
429 174 379 0  19 1 9 1 2 4 8 16 32 64 128 256
430 233 825 0  38 1 9 1 2 4 8 16 32 64 128 256
431  53 394 0  72 1 9 1 2 4 8 16 32 64 128 256
432 371 934 0  77 1 9 1 2 4 8 16 32 64 128 256
433 777 557 0  46 1 9 1 2 4 8 16 32 64 128 256
434 378 610 0  15 1 9 1 2 4 8 16 32 64 128 256
435 261 727 0  62 1 9 1 2 4 8 16 32 64 128 256
436 140 700 0 100 1 9 1 2 4 8 16 32 64 128 256
437 206 261 0  32 1 9 1 2 4 8 16 32 64 128 256
438 533 243 0  50 1 9 1 2 4 8 16 32 64 128 256
439 449  57 0  30 1 9 1 2 4 8 16 32 64 128 256
440 191 616 0  94 1 9 1 2 4 8 16 32 64 128 256
441 702 436 0  97 1 9 1 2 4 8 16 32 64 128 256
442 657 179 0  55 1 9 1 2 4 8 16 32 64 128 256
443 852 993 0  38 1 9 1 2 4 8 16 32 64 128 256
444 506 956 0  60 1 9 1 2 4 8 16 32 64 128 256
445 838 542 0  97 1 9 1 2 4 8 16 32 64 128 256
446 257 914 0  28 1 9 1 2 4 8 16 32 64 128 256
447 822 888 0  49 1 9 1 2 4 8 16 32 64 128 256
448 640  43 0  49 1 9 1 2 4 8 16 32 64 128 256
449 813 460 0  26 1 9 1 2 4 8 16 32 64 128 256
450 593 299 0  81 1 9 1 2 4 8 16 32 64 128 256
451 133 175 0  89 1 9 1 2 4 8 16 32 64 128 256
452 223 956 0  38 1 9 1 2 4 8 16 32 64 128 256
453 650 647 0  28 1 9 1 2 4 8 16 32 64 128 256
454 571  67 0  91 1 9 1 2 4 8 16 32 64 128 256
455 273 846 0  50 1 9 1 2 4 8 16 32 64 128 256
456 546 465 0  48 1 9 1 2 4 8 16 32 64 128 256
457 380 351 0   1 1 9 1 2 4 8 16 32 64 128 256
458 960  46 0  98 1 9 1 2 4 8 16 32 64 128 256
459 798 367 0  67 1 9 1 2 4 8 16 32 64 128 256
460 457 308 0  39 1 9 1 2 4 8 16 32 64 128 256
461 889  98 0  92 1 9 1 2 4 8 16 32 64 128 256
462  55 850 0  93 1 9 1 2 4 8 16 32 64 128 256
463   1 951 0  23 1 9 1 2 4 8 16 32 64 128 256
464 589   0 0  97 1 9 1 2 4 8 16 32 64 128 256
465 613 679 0  95 1 9 1 2 4 8 16 32 64 128 256
466  73 906 0  53 1 9 1 2 4 8 16 32 64 128 256
467 410   6 0  88 1 9 1 2 4 8 16 32 64 128 256
468 207 920 0  22 1 9 1 2 4 8 16 32 64 128 256
469 899 590 0  38 1 9 1 2 4 8 16 32 64 128 256
470 928 192 0  95 1 9 1 2 4 8 16 32 64 128 256
471 871 399 0  51 1 9 1 2 4 8 16 32 64 128 256
472 872 166 0  37 1 9 1 2 4 8 16 32 64 128 256
473 902  45 0  62 1 9 1 2 4 8 16 32 64 128 256
474 127 870 0   6 1 9 1 2 4 8 16 32 64 128 256
475 435  52 0  16 1 9 1 2 4 8 16 32 64 128 256
476 899  86 0  37 1 9 1 2 4 8 16 32 64 128 256
477 482 115 0  76 1 9 1 2 4 8 16 32 64 128 256
478 887 622 0  88 1 9 1 2 4 8 16 32 64 128 256
479 132 154 0  41 1 9 1 2 4 8 16 32 64 128 256
480 661 286 0  16 1 9 1 2 4 8 16 32 64 128 256
481 407 548 0   8 1 9 1 2 4 8 16 32 64 128 256
482 826 744 0  31 1 9 1 2 4 8 16 32 64 128 256
483 746 795 0  19 1 9 1 2 4 8 16 32 64 128 256
484 117 834 0  59 1 9 1 2 4 8 16 32 64 128 256
485 729 579 0  84 1 9 1 2 4 8 16 32 64 128 256
486 987 981 0  12 1 9 1 2 4 8 16 32 64 128 256
487 913 437 0  51 1 9 1 2 4 8 16 32 64 128 256
488 161 479 0  71 1 9 1 2 4 8 16 32 64 128 256
489  95  64 0  83 1 9 1 2 4 8 16 32 64 128 256
490 485 166 0  23 1 9 1 2 4 8 16 32 64 128 256
491 329 336 0   7 1 9 1 2 4 8 16 32 64 128 256
492 745 400 0  34 1 9 1 2 4 8 16 32 64 128 256
493 787 941 0  20 1 9 1 2 4 8 16 32 64 128 256
494 995 445 0  88 1 9 1 2 4 8 16 32 64 128 256
495 214 431 0  42 1 9 1 2 4 8 16 32 64 128 256
496 173  26 0  11 1 9 1 2 4 8 16 32 64 128 256
497 679 186 0  47 1 9 1 2 4 8 16 32 64 128 256
498 898 757 0   0 0 0
499 871 733 0   0 0 0
500 525 130 0   0 0 0
501 714 502 0   0 0 0
502 746  26 0   0 0 0
503 773 537 0   0 0 0
504 774 447 0   0 0 0
505 206 597 0   0 0 0
506 978 632 0   0 0 0
