2 202 503 3
0 254
0 254
0 254
  1  987 966 0  37 1 3 1 2 4
  2  688 588 0  59 1 3 1 2 4
  3   65 156 0  35 1 3 1 2 4
  4  500 901 0  65 1 3 1 2 4
  5  569 523 0  60 1 3 1 2 4
  6  790 394 0  82 1 3 1 2 4
  7  631 336 0  42 1 3 1 2 4
  8  972 181 0  28 1 3 1 2 4
  9  797 325 0  66 1 3 1 2 4
 10  324 257 0  62 1 3 1 2 4
 11  353 917 0  82 1 3 1 2 4
 12  653 276 0   7 1 3 1 2 4
 13  621 964 0  14 1 3 1 2 4
 14  832  95 0  67 1 3 1 2 4
 15  594 758 0  55 1 3 1 2 4
 16  372 392 0  41 1 3 1 2 4
 17  688 902 0  97 1 3 1 2 4
 18  929 905 0  24 1 3 1 2 4
 19   24  32 0   8 1 3 1 2 4
 20  786 891 0   1 1 3 1 2 4
 21  910 424 0  88 1 3 1 2 4
 22  566 645 0  62 1 3 1 2 4
 23  546 866 0  58 1 3 1 2 4
 24  662 190 0   8 1 3 1 2 4
 25  185 310 0  27 1 3 1 2 4
 26  616 306 0   4 1 3 1 2 4
 27   20 940 0  28 1 3 1 2 4
 28  950 948 0  64 1 3 1 2 4
 29  996 920 0  97 1 3 1 2 4
 30   29  15 0  58 1 3 1 2 4
 31  325 835 0  13 1 3 1 2 4
 32  179 778 0  69 1 3 1 2 4
 33  683 178 0  61 1 3 1 2 4
 34  263 258 0  58 1 3 1 2 4
 35  285 922 0  88 1 3 1 2 4
 36  863 136 0  80 1 3 1 2 4
 37  968 271 0  43 1 3 1 2 4
 38  658 929 0  32 1 3 1 2 4
 39  146 294 0  26 1 3 1 2 4
 40 1000  53 0  60 1 3 1 2 4
 41  640 875 0  42 1 3 1 2 4
 42  750  96 0  49 1 3 1 2 4
 43  384 827 0  24 1 3 1 2 4
 44  709 267 0  95 1 3 1 2 4
 45  455 657 0  37 1 3 1 2 4
 46  110 738 0  67 1 3 1 2 4
 47   90 821 0  23 1 3 1 2 4
 48   13 484 0  65 1 3 1 2 4
 49  309 504 0  13 1 3 1 2 4
 50  529 996 0  27 1 3 1 2 4
 51  209 835 0  95 1 3 1 2 4
 52  226 805 0  15 1 3 1 2 4
 53  471 553 0  75 1 3 1 2 4
 54  537 101 0  30 1 3 1 2 4
 55  582 684 0  30 1 3 1 2 4
 56  182 592 0  34 1 3 1 2 4
 57  847 284 0  97 1 3 1 2 4
 58  808 573 0  51 1 3 1 2 4
 59   50  13 0   3 1 3 1 2 4
 60  314 123 0  75 1 3 1 2 4
 61  733 168 0  99 1 3 1 2 4
 62  528 513 0  31 1 3 1 2 4
 63  831 848 0  81 1 3 1 2 4
 64  330 553 0  50 1 3 1 2 4
 65  479 671 0  84 1 3 1 2 4
 66  159 509 0   1 1 3 1 2 4
 67  390 177 0   7 1 3 1 2 4
 68  689 937 0  57 1 3 1 2 4
 69  755 819 0  21 1 3 1 2 4
 70  984 522 0  35 1 3 1 2 4
 71  976 308 0  99 1 3 1 2 4
 72  988 553 0  51 1 3 1 2 4
 73  963 326 0  52 1 3 1 2 4
 74  790 138 0  13 1 3 1 2 4
 75  376 804 0  91 1 3 1 2 4
 76   73 341 0  25 1 3 1 2 4
 77  890 357 0  95 1 3 1 2 4
 78  245 261 0  71 1 3 1 2 4
 79  523 551 0  47 1 3 1 2 4
 80  408 203 0  59 1 3 1 2 4
 81  833 163 0  36 1 3 1 2 4
 82  793 440 0  55 1 3 1 2 4
 83  213 810 0  58 1 3 1 2 4
 84  252 662 0  95 1 3 1 2 4
 85  720 723 0  23 1 3 1 2 4
 86  569 449 0  58 1 3 1 2 4
 87  830 382 0  46 1 3 1 2 4
 88  562 328 0  89 1 3 1 2 4
 89  436 265 0  38 1 3 1 2 4
 90  651 132 0  84 1 3 1 2 4
 91  184 284 0  31 1 3 1 2 4
 92  742 299 0  81 1 3 1 2 4
 93  753 785 0   9 1 3 1 2 4
 94  181 890 0  95 1 3 1 2 4
 95  458 248 0  93 1 3 1 2 4
 96  940 167 0  81 1 3 1 2 4
 97  492 262 0  75 1 3 1 2 4
 98  384 166 0  43 1 3 1 2 4
 99  982 222 0  56 1 3 1 2 4
100  798 668 0  48 1 3 1 2 4
101  892 207 0  40 1 3 1 2 4
102  290 449 0  52 1 3 1 2 4
103  281 259 0  67 1 3 1 2 4
104  219 334 0   8 1 3 1 2 4
105  887 761 0  84 1 3 1 2 4
106  294 146 0  90 1 3 1 2 4
107   76 496 0   6 1 3 1 2 4
108  619 169 0  21 1 3 1 2 4
109  261 101 0  43 1 3 1 2 4
110  195  51 0  25 1 3 1 2 4
111  954 883 0  60 1 3 1 2 4
112  490 195 0  21 1 3 1 2 4
113  296 623 0  16 1 3 1 2 4
114  678 517 0  89 1 3 1 2 4
115    3   3 0  30 1 3 1 2 4
116  954 714 0  95 1 3 1 2 4
117  103 423 0  29 1 3 1 2 4
118  478 900 0  97 1 3 1 2 4
119  949 288 0  31 1 3 1 2 4
120  422 560 0  16 1 3 1 2 4
121  877 577 0  56 1 3 1 2 4
122  895 715 0  81 1 3 1 2 4
123  159 850 0  99 1 3 1 2 4
124  717 825 0  11 1 3 1 2 4
125  847 438 0  29 1 3 1 2 4
126  176 212 0  55 1 3 1 2 4
127  925 621 0  85 1 3 1 2 4
128  131 188 0  24 1 3 1 2 4
129  263 652 0   4 1 3 1 2 4
130  345 186 0  10 1 3 1 2 4
131   92 124 0  39 1 3 1 2 4
132  687  48 0   7 1 3 1 2 4
133  706  38 0  61 1 3 1 2 4
134  831 974 0  79 1 3 1 2 4
135  491 909 0  74 1 3 1 2 4
136  758 609 0  39 1 3 1 2 4
137   73 958 0  77 1 3 1 2 4
138  673 644 0  46 1 3 1 2 4
139  844 886 0  45 1 3 1 2 4
140  836 836 0  25 1 3 1 2 4
141   80 940 0  87 1 3 1 2 4
142  541 432 0  46 1 3 1 2 4
143  708 286 0  77 1 3 1 2 4
144  954 498 0  73 1 3 1 2 4
145  842 559 0  61 1 3 1 2 4
146  875 599 0  51 1 3 1 2 4
147  484 156 0  82 1 3 1 2 4
148  157  16 0  58 1 3 1 2 4
149  480 191 0  61 1 3 1 2 4
150   69 200 0  98 1 3 1 2 4
151  861 642 0  84 1 3 1 2 4
152  750 246 0  77 1 3 1 2 4
153  751 531 0  74 1 3 1 2 4
154  736 316 0  43 1 3 1 2 4
155  805 190 0  54 1 3 1 2 4
156   51 784 0  29 1 3 1 2 4
157  412 281 0  33 1 3 1 2 4
158  217 236 0  20 1 3 1 2 4
159  584 535 0  27 1 3 1 2 4
160  336 950 0  94 1 3 1 2 4
161  183  31 0  92 1 3 1 2 4
162  958 624 0   4 1 3 1 2 4
163  817 160 0  88 1 3 1 2 4
164  551 980 0  41 1 3 1 2 4
165  544 992 0  57 1 3 1 2 4
166   15 571 0  66 1 3 1 2 4
167   88 484 0  81 1 3 1 2 4
168  952 704 0  47 1 3 1 2 4
169  304 227 0  71 1 3 1 2 4
170  750 434 0  13 1 3 1 2 4
171  173 658 0  95 1 3 1 2 4
172   81 737 0  81 1 3 1 2 4
173  957 690 0  39 1 3 1 2 4
174  718 825 0  60 1 3 1 2 4
175  747 765 0  70 1 3 1 2 4
176  570 752 0  88 1 3 1 2 4
177  922 255 0  19 1 3 1 2 4
178  182 441 0   1 1 3 1 2 4
179  111  91 0  86 1 3 1 2 4
180  425 634 0  39 1 3 1 2 4
181  736 491 0  98 1 3 1 2 4
182  350 777 0  75 1 3 1 2 4
183  809 416 0  70 1 3 1 2 4
184  871 949 0   7 1 3 1 2 4
185  233 457 0  41 1 3 1 2 4
186  721 414 0  76 1 3 1 2 4
187 1000 226 0  79 1 3 1 2 4
188   92 517 0   6 1 3 1 2 4
189  627 198 0  52 1 3 1 2 4
190  464 128 0  19 1 3 1 2 4
191  700 723 0  56 1 3 1 2 4
192  222 599 0  98 1 3 1 2 4
193    3 328 0  30 1 3 1 2 4
194  413 426 0  89 1 3 1 2 4
195  770 969 0  12 1 3 1 2 4
196  533 903 0  21 1 3 1 2 4
197  195 923 0  21 1 3 1 2 4
198  235 558 0  30 1 3 1 2 4
199  734 282 0  23 1 3 1 2 4
200  822   0 0  40 1 3 1 2 4
201  357  84 0  78 1 3 1 2 4
202  896 447 0  97 1 3 1 2 4
203  906 880 0  69 1 3 1 2 4
204  232  35 0  79 1 3 1 2 4
205  608 241 0  30 1 3 1 2 4
206  542 847 0  36 1 3 1 2 4
207   32 740 0   4 1 3 1 2 4
208  659 204 0  71 1 3 1 2 4
209  750 736 0  58 1 3 1 2 4
210  792 467 0  19 1 3 1 2 4
211  274 150 0  52 1 3 1 2 4
212    5 563 0  69 1 3 1 2 4
213  297 537 0  87 1 3 1 2 4
214  416 455 0  56 1 3 1 2 4
215  723 833 0  29 1 3 1 2 4
216  132 320 0  10 1 3 1 2 4
217  678 225 0  10 1 3 1 2 4
218  671 829 0   5 1 3 1 2 4
219  561 141 0  50 1 3 1 2 4
220  284 930 0  43 1 3 1 2 4
221  238 163 0  22 1 3 1 2 4
222  410 368 0  39 1 3 1 2 4
223  201 500 0  51 1 3 1 2 4
224  782 434 0  11 1 3 1 2 4
225   62 494 0  42 1 3 1 2 4
226  104 776 0  46 1 3 1 2 4
227  778 707 0  77 1 3 1 2 4
228  161 956 0  58 1 3 1 2 4
229  951 839 0  28 1 3 1 2 4
230  126 162 0  67 1 3 1 2 4
231   87 140 0  39 1 3 1 2 4
232   18 546 0  24 1 3 1 2 4
233  634 789 0  34 1 3 1 2 4
234  438 581 0  53 1 3 1 2 4
235  405 414 0  58 1 3 1 2 4
236  967 613 0   6 1 3 1 2 4
237  202 966 0  11 1 3 1 2 4
238  455 830 0  12 1 3 1 2 4
239   20 740 0  13 1 3 1 2 4
240  613 366 0   2 1 3 1 2 4
241  137 943 0  83 1 3 1 2 4
242  392 372 0   2 1 3 1 2 4
243  537 159 0  18 1 3 1 2 4
244  964 824 0  77 1 3 1 2 4
245  557 232 0  38 1 3 1 2 4
246  983 450 0  11 1 3 1 2 4
247  853 875 0  12 1 3 1 2 4
248  468 578 0  61 1 3 1 2 4
249  484 602 0  74 1 3 1 2 4
250   98 795 0  31 1 3 1 2 4
251  397 964 0  67 1 3 1 2 4
252  525 855 0  12 1 3 1 2 4
253  736  75 0 100 1 3 1 2 4
254  164 460 0  14 1 3 1 2 4
255  777 508 0  55 1 3 1 2 4
256  886 606 0   1 1 3 1 2 4
257  764 687 0  94 1 3 1 2 4
258  504 913 0  68 1 3 1 2 4
259  768 983 0  65 1 3 1 2 4
260  785 235 0  90 1 3 1 2 4
261  421 651 0  11 1 3 1 2 4
262  354 712 0  41 1 3 1 2 4
263    6 956 0  13 1 3 1 2 4
264   78 907 0  63 1 3 1 2 4
265  162 399 0  29 1 3 1 2 4
266  578 506 0  52 1 3 1 2 4
267  864 757 0  56 1 3 1 2 4
268  294 329 0  93 1 3 1 2 4
269  551 738 0  25 1 3 1 2 4
270  383 528 0  55 1 3 1 2 4
271  348 794 0  92 1 3 1 2 4
272  887 715 0  42 1 3 1 2 4
273  355 110 0  59 1 3 1 2 4
274  341 713 0  46 1 3 1 2 4
275  304 460 0  11 1 3 1 2 4
276  663 166 0  33 1 3 1 2 4
277  993 117 0  43 1 3 1 2 4
278  610 722 0  61 1 3 1 2 4
279  181 420 0  55 1 3 1 2 4
280   63 237 0  79 1 3 1 2 4
281  906 694 0  29 1 3 1 2 4
282  559  38 0  81 1 3 1 2 4
283  913  46 0  56 1 3 1 2 4
284   87 725 0  37 1 3 1 2 4
285  500 440 0  99 1 3 1 2 4
286   62 409 0  57 1 3 1 2 4
287  588 581 0  63 1 3 1 2 4
288  529  83 0  27 1 3 1 2 4
289  223 789 0  58 1 3 1 2 4
290  894 602 0  10 1 3 1 2 4
291  869 723 0  88 1 3 1 2 4
292  255 870 0  99 1 3 1 2 4
293  773 599 0  36 1 3 1 2 4
294  241 228 0  10 1 3 1 2 4
295  700 776 0  15 1 3 1 2 4
296  649 444 0  42 1 3 1 2 4
297   80 927 0  30 1 3 1 2 4
298  351 983 0   7 1 3 1 2 4
299  576 888 0  82 1 3 1 2 4
300  371 262 0  89 1 3 1 2 4
301  362 360 0   2 1 3 1 2 4
302  287 893 0  73 1 3 1 2 4
303  995 888 0  79 1 3 1 2 4
304  826 838 0  72 1 3 1 2 4
305  903 707 0  29 1 3 1 2 4
306  133 984 0  83 1 3 1 2 4
307  452   5 0  81 1 3 1 2 4
308  511 893 0  50 1 3 1 2 4
309  984 842 0  41 1 3 1 2 4
310  369  55 0  54 1 3 1 2 4
311  289 484 0  21 1 3 1 2 4
312  303 303 0  57 1 3 1 2 4
313  381 771 0  58 1 3 1 2 4
314  734 936 0  39 1 3 1 2 4
315  532 906 0  88 1 3 1 2 4
316  308 790 0  50 1 3 1 2 4
317  174  37 0  70 1 3 1 2 4
318  249 531 0  69 1 3 1 2 4
319  554 704 0  96 1 3 1 2 4
320  843 226 0  62 1 3 1 2 4
321  810 566 0   1 1 3 1 2 4
322  915 534 0  37 1 3 1 2 4
323  395  39 0  81 1 3 1 2 4
324  585 265 0 100 1 3 1 2 4
325   59 764 0  13 1 3 1 2 4
326  809 238 0  85 1 3 1 2 4
327  603 352 0  31 1 3 1 2 4
328  828 466 0  20 1 3 1 2 4
329  138 109 0  15 1 3 1 2 4
330  412 306 0  56 1 3 1 2 4
331  487 204 0  35 1 3 1 2 4
332  118  79 0  30 1 3 1 2 4
333   55 218 0  96 1 3 1 2 4
334  531 228 0  70 1 3 1 2 4
335   92 488 0  35 1 3 1 2 4
336  717 301 0  46 1 3 1 2 4
337  200 237 0  51 1 3 1 2 4
338  444  31 0  79 1 3 1 2 4
339  935 263 0  68 1 3 1 2 4
340  542 640 0  21 1 3 1 2 4
341  626 925 0  89 1 3 1 2 4
342  354  92 0  44 1 3 1 2 4
343   18  18 0  54 1 3 1 2 4
344  588 312 0  53 1 3 1 2 4
345  164 383 0  84 1 3 1 2 4
346  342 630 0  47 1 3 1 2 4
347   48 846 0  91 1 3 1 2 4
348  551 814 0  91 1 3 1 2 4
349   98 322 0  90 1 3 1 2 4
350  673 108 0  90 1 3 1 2 4
351  250 155 0  91 1 3 1 2 4
352   20 814 0  76 1 3 1 2 4
353  644 652 0  89 1 3 1 2 4
354  120 378 0  89 1 3 1 2 4
355  114 749 0  46 1 3 1 2 4
356  245 701 0  65 1 3 1 2 4
357  316 585 0  14 1 3 1 2 4
358  489  70 0  20 1 3 1 2 4
359  850 460 0  37 1 3 1 2 4
360  799 739 0  82 1 3 1 2 4
361  616 806 0  42 1 3 1 2 4
362  534 666 0  80 1 3 1 2 4
363  353 579 0   5 1 3 1 2 4
364  989 276 0  30 1 3 1 2 4
365  943 538 0  55 1 3 1 2 4
366  206 693 0   5 1 3 1 2 4
367  285  15 0  52 1 3 1 2 4
368  134 649 0  88 1 3 1 2 4
369  191 420 0   7 1 3 1 2 4
370  360 979 0  16 1 3 1 2 4
371  439 299 0  16 1 3 1 2 4
372  455 164 0  34 1 3 1 2 4
373  940 947 0  99 1 3 1 2 4
374  770 395 0  13 1 3 1 2 4
375  743  83 0   1 1 3 1 2 4
376  731 824 0  38 1 3 1 2 4
377  219 425 0   3 1 3 1 2 4
378  639 510 0  84 1 3 1 2 4
379  623 765 0  61 1 3 1 2 4
380  368 608 0  27 1 3 1 2 4
381  259 202 0  82 1 3 1 2 4
382  402 116 0  74 1 3 1 2 4
383  117  63 0  69 1 3 1 2 4
384  720 375 0  38 1 3 1 2 4
385  350 307 0  33 1 3 1 2 4
386  517 818 0  18 1 3 1 2 4
387  835 292 0  87 1 3 1 2 4
388  797 709 0  63 1 3 1 2 4
389   20 491 0   8 1 3 1 2 4
390  833 911 0  11 1 3 1 2 4
391  783 698 0 100 1 3 1 2 4
392  805 173 0  49 1 3 1 2 4
393   34 605 0  43 1 3 1 2 4
394  866 909 0  16 1 3 1 2 4
395  693 794 0  72 1 3 1 2 4
396  437 166 0  71 1 3 1 2 4
397  167 520 0  90 1 3 1 2 4
398  719 650 0  62 1 3 1 2 4
399  569 170 0  98 1 3 1 2 4
400  268 539 0  29 1 3 1 2 4
401  673 588 0  30 1 3 1 2 4
402  207 997 0  19 1 3 1 2 4
403  422 977 0  85 1 3 1 2 4
404   96 836 0  22 1 3 1 2 4
405  432 888 0  46 1 3 1 2 4
406  132 518 0  28 1 3 1 2 4
407  363 159 0  48 1 3 1 2 4
408  931 886 0  96 1 3 1 2 4
409  589 965 0  81 1 3 1 2 4
410  470 347 0  91 1 3 1 2 4
411  664 190 0  56 1 3 1 2 4
412   54 219 0  86 1 3 1 2 4
413  921 158 0  10 1 3 1 2 4
414  611 503 0  90 1 3 1 2 4
415  518 156 0  33 1 3 1 2 4
416  863 571 0  85 1 3 1 2 4
417  981 364 0  50 1 3 1 2 4
418  924 479 0  81 1 3 1 2 4
419  321 748 0  16 1 3 1 2 4
420   31 759 0  84 1 3 1 2 4
421  432 234 0  82 1 3 1 2 4
422  664 728 0  54 1 3 1 2 4
423   50 339 0  79 1 3 1 2 4
424  440 907 0   4 1 3 1 2 4
425  318 956 0  47 1 3 1 2 4
426  105 861 0  14 1 3 1 2 4
427  469 758 0  76 1 3 1 2 4
428  622 286 0  68 1 3 1 2 4
429  191 562 0  11 1 3 1 2 4
430  742 501 0  48 1 3 1 2 4
431  834 468 0  79 1 3 1 2 4
432  555 724 0  76 1 3 1 2 4
433  138 807 0  99 1 3 1 2 4
434  288 178 0  33 1 3 1 2 4
435  934 158 0  69 1 3 1 2 4
436  352 647 0  24 1 3 1 2 4
437  461  63 0  97 1 3 1 2 4
438  168 421 0  40 1 3 1 2 4
439  358 647 0   4 1 3 1 2 4
440  632 116 0  83 1 3 1 2 4
441  962 620 0  99 1 3 1 2 4
442  468 373 0  56 1 3 1 2 4
443  418 798 0  46 1 3 1 2 4
444  276 620 0  11 1 3 1 2 4
445  249 626 0  85 1 3 1 2 4
446  185 730 0  17 1 3 1 2 4
447  975 695 0  54 1 3 1 2 4
448  165 492 0 100 1 3 1 2 4
449  765 386 0  70 1 3 1 2 4
450  130 535 0  84 1 3 1 2 4
451  458  36 0  13 1 3 1 2 4
452  126  42 0  84 1 3 1 2 4
453  538 383 0  89 1 3 1 2 4
454  279 892 0  98 1 3 1 2 4
455  790  62 0  12 1 3 1 2 4
456  529 141 0  71 1 3 1 2 4
457  551 795 0  70 1 3 1 2 4
458  172 364 0  33 1 3 1 2 4
459  548 154 0  25 1 3 1 2 4
460  357 512 0   3 1 3 1 2 4
461  623 596 0  42 1 3 1 2 4
462  847 667 0  91 1 3 1 2 4
463  199 783 0  32 1 3 1 2 4
464  593 582 0  74 1 3 1 2 4
465  343 595 0  72 1 3 1 2 4
466  387 391 0  71 1 3 1 2 4
467  126 740 0  11 1 3 1 2 4
468  404 572 0  54 1 3 1 2 4
469  101 370 0  26 1 3 1 2 4
470  367 150 0  73 1 3 1 2 4
471  753 905 0  37 1 3 1 2 4
472  673 194 0  36 1 3 1 2 4
473  609 510 0  48 1 3 1 2 4
474  580 290 0  94 1 3 1 2 4
475  318 324 0   7 1 3 1 2 4
476  139 999 0  37 1 3 1 2 4
477  548 354 0  77 1 3 1 2 4
478   75  47 0  85 1 3 1 2 4
479  176 430 0  47 1 3 1 2 4
480  805 547 0  73 1 3 1 2 4
481  863 632 0  82 1 3 1 2 4
482   86 856 0  72 1 3 1 2 4
483  570 931 0  90 1 3 1 2 4
484  253 273 0   3 1 3 1 2 4
485  352 156 0  17 1 3 1 2 4
486  136 878 0  49 1 3 1 2 4
487  492 226 0  85 1 3 1 2 4
488  971 729 0  40 1 3 1 2 4
489  398 365 0  36 1 3 1 2 4
490  933 963 0  35 1 3 1 2 4
491  147 863 0  78 1 3 1 2 4
492  194 123 0  80 1 3 1 2 4
493  131 857 0   1 1 3 1 2 4
494  239 878 0  39 1 3 1 2 4
495   53 837 0  43 1 3 1 2 4
496  839 737 0  54 1 3 1 2 4
497   48 195 0  42 1 3 1 2 4
498  671 689 0  54 1 3 1 2 4
499  743 887 0  83 1 3 1 2 4
500  133 819 0  65 1 3 1 2 4
501  999 984 0  21 1 3 1 2 4
502  418 450 0  68 1 3 1 2 4
503  240 152 0  87 1 3 1 2 4
504  997 186 0   0 0 0
505  519 549 0   0 0 0
506  969 977 0   0 0 0
