2 63 509 8
0 247
0 247
0 247
0 247
0 247
0 247
0 247
0 247
  1 307  686 0  32 1 8 1 2 4 8 16 32 64 128
  2 500  881 0  33 1 8 1 2 4 8 16 32 64 128
  3 312  976 0  28 1 8 1 2 4 8 16 32 64 128
  4  27  426 0  73 1 8 1 2 4 8 16 32 64 128
  5 802  706 0  80 1 8 1 2 4 8 16 32 64 128
  6 985    2 0  39 1 8 1 2 4 8 16 32 64 128
  7 973  243 0  36 1 8 1 2 4 8 16 32 64 128
  8 545  769 0  46 1 8 1 2 4 8 16 32 64 128
  9  54  817 0  78 1 8 1 2 4 8 16 32 64 128
 10 243  304 0 100 1 8 1 2 4 8 16 32 64 128
 11 834  402 0  22 1 8 1 2 4 8 16 32 64 128
 12 459  556 0  71 1 8 1 2 4 8 16 32 64 128
 13 487  618 0  47 1 8 1 2 4 8 16 32 64 128
 14 321  537 0  79 1 8 1 2 4 8 16 32 64 128
 15  56  856 0  83 1 8 1 2 4 8 16 32 64 128
 16 355   56 0  80 1 8 1 2 4 8 16 32 64 128
 17 181  437 0   4 1 8 1 2 4 8 16 32 64 128
 18 947   59 0  46 1 8 1 2 4 8 16 32 64 128
 19 600  799 0   7 1 8 1 2 4 8 16 32 64 128
 20 772  688 0  80 1 8 1 2 4 8 16 32 64 128
 21 490  560 0  86 1 8 1 2 4 8 16 32 64 128
 22 301  980 0  74 1 8 1 2 4 8 16 32 64 128
 23 528  103 0  79 1 8 1 2 4 8 16 32 64 128
 24 744   96 0  78 1 8 1 2 4 8 16 32 64 128
 25 645   14 0  44 1 8 1 2 4 8 16 32 64 128
 26 822  138 0  48 1 8 1 2 4 8 16 32 64 128
 27   8  693 0  25 1 8 1 2 4 8 16 32 64 128
 28 788   42 0  46 1 8 1 2 4 8 16 32 64 128
 29 775  376 0  54 1 8 1 2 4 8 16 32 64 128
 30 385  306 0  30 1 8 1 2 4 8 16 32 64 128
 31 827  798 0  48 1 8 1 2 4 8 16 32 64 128
 32  29  155 0  31 1 8 1 2 4 8 16 32 64 128
 33  94  427 0 100 1 8 1 2 4 8 16 32 64 128
 34 816  848 0  46 1 8 1 2 4 8 16 32 64 128
 35 775  523 0  46 1 8 1 2 4 8 16 32 64 128
 36 446  879 0  69 1 8 1 2 4 8 16 32 64 128
 37 703  851 0  77 1 8 1 2 4 8 16 32 64 128
 38 933  663 0  73 1 8 1 2 4 8 16 32 64 128
 39 714  102 0  55 1 8 1 2 4 8 16 32 64 128
 40 591  628 0  25 1 8 1 2 4 8 16 32 64 128
 41 659  300 0   7 1 8 1 2 4 8 16 32 64 128
 42 882  687 0  24 1 8 1 2 4 8 16 32 64 128
 43 130  115 0  44 1 8 1 2 4 8 16 32 64 128
 44 407  651 0  46 1 8 1 2 4 8 16 32 64 128
 45  54  628 0  74 1 8 1 2 4 8 16 32 64 128
 46 989  459 0  30 1 8 1 2 4 8 16 32 64 128
 47  15  119 0   6 1 8 1 2 4 8 16 32 64 128
 48  44  478 0  85 1 8 1 2 4 8 16 32 64 128
 49 880   30 0 100 1 8 1 2 4 8 16 32 64 128
 50 728  783 0  85 1 8 1 2 4 8 16 32 64 128
 51 278  412 0  85 1 8 1 2 4 8 16 32 64 128
 52 196  150 0  98 1 8 1 2 4 8 16 32 64 128
 53 421  681 0  29 1 8 1 2 4 8 16 32 64 128
 54 572  241 0  12 1 8 1 2 4 8 16 32 64 128
 55 962  777 0  57 1 8 1 2 4 8 16 32 64 128
 56  54   54 0  11 1 8 1 2 4 8 16 32 64 128
 57 421  494 0  16 1 8 1 2 4 8 16 32 64 128
 58 389  686 0  20 1 8 1 2 4 8 16 32 64 128
 59 365  624 0  25 1 8 1 2 4 8 16 32 64 128
 60 999   33 0  67 1 8 1 2 4 8 16 32 64 128
 61 247  278 0  17 1 8 1 2 4 8 16 32 64 128
 62 513  720 0  79 1 8 1 2 4 8 16 32 64 128
 63 815  426 0  85 1 8 1 2 4 8 16 32 64 128
 64 285  265 0  94 1 8 1 2 4 8 16 32 64 128
 65 115  205 0   8 1 8 1 2 4 8 16 32 64 128
 66 569  355 0  57 1 8 1 2 4 8 16 32 64 128
 67 178  582 0  71 1 8 1 2 4 8 16 32 64 128
 68 117  514 0  12 1 8 1 2 4 8 16 32 64 128
 69 438  701 0  93 1 8 1 2 4 8 16 32 64 128
 70  20  743 0  71 1 8 1 2 4 8 16 32 64 128
 71 731  939 0  60 1 8 1 2 4 8 16 32 64 128
 72 464  218 0  90 1 8 1 2 4 8 16 32 64 128
 73 524  544 0   6 1 8 1 2 4 8 16 32 64 128
 74 597  380 0   1 1 8 1 2 4 8 16 32 64 128
 75 149  443 0  49 1 8 1 2 4 8 16 32 64 128
 76 343  312 0  70 1 8 1 2 4 8 16 32 64 128
 77  76  677 0  91 1 8 1 2 4 8 16 32 64 128
 78 793  203 0 100 1 8 1 2 4 8 16 32 64 128
 79 338  916 0  31 1 8 1 2 4 8 16 32 64 128
 80 259  608 0  12 1 8 1 2 4 8 16 32 64 128
 81 437  173 0  36 1 8 1 2 4 8 16 32 64 128
 82 286  765 0  10 1 8 1 2 4 8 16 32 64 128
 83 530  162 0  67 1 8 1 2 4 8 16 32 64 128
 84 864  389 0  69 1 8 1 2 4 8 16 32 64 128
 85 175  945 0  37 1 8 1 2 4 8 16 32 64 128
 86 362  571 0  72 1 8 1 2 4 8 16 32 64 128
 87 553  619 0  99 1 8 1 2 4 8 16 32 64 128
 88 996  349 0  46 1 8 1 2 4 8 16 32 64 128
 89 702  357 0  84 1 8 1 2 4 8 16 32 64 128
 90 429   97 0  82 1 8 1 2 4 8 16 32 64 128
 91 875  608 0  93 1 8 1 2 4 8 16 32 64 128
 92 351  634 0  46 1 8 1 2 4 8 16 32 64 128
 93   0  726 0  46 1 8 1 2 4 8 16 32 64 128
 94 615  833 0  27 1 8 1 2 4 8 16 32 64 128
 95  61  884 0  47 1 8 1 2 4 8 16 32 64 128
 96 927  632 0  58 1 8 1 2 4 8 16 32 64 128
 97 905  585 0  83 1 8 1 2 4 8 16 32 64 128
 98 190  905 0  23 1 8 1 2 4 8 16 32 64 128
 99 958  934 0  25 1 8 1 2 4 8 16 32 64 128
100 106  119 0  66 1 8 1 2 4 8 16 32 64 128
101 626  651 0   7 1 8 1 2 4 8 16 32 64 128
102  42  108 0  98 1 8 1 2 4 8 16 32 64 128
103 475  789 0  61 1 8 1 2 4 8 16 32 64 128
104 445  844 0  16 1 8 1 2 4 8 16 32 64 128
105 347  446 0  39 1 8 1 2 4 8 16 32 64 128
106 903   29 0 100 1 8 1 2 4 8 16 32 64 128
107 612  897 0  82 1 8 1 2 4 8 16 32 64 128
108 785  528 0   5 1 8 1 2 4 8 16 32 64 128
109 926  701 0  79 1 8 1 2 4 8 16 32 64 128
110 378  587 0  41 1 8 1 2 4 8 16 32 64 128
111 855  582 0  38 1 8 1 2 4 8 16 32 64 128
112 607  278 0  73 1 8 1 2 4 8 16 32 64 128
113 776   85 0  74 1 8 1 2 4 8 16 32 64 128
114 241  898 0  64 1 8 1 2 4 8 16 32 64 128
115 778  896 0  54 1 8 1 2 4 8 16 32 64 128
116 561  925 0  83 1 8 1 2 4 8 16 32 64 128
117 331  921 0  69 1 8 1 2 4 8 16 32 64 128
118 168  680 0  89 1 8 1 2 4 8 16 32 64 128
119  89  364 0  84 1 8 1 2 4 8 16 32 64 128
120 173    8 0  59 1 8 1 2 4 8 16 32 64 128
121 382  737 0  67 1 8 1 2 4 8 16 32 64 128
122 849  358 0   1 1 8 1 2 4 8 16 32 64 128
123 568 1000 0  82 1 8 1 2 4 8 16 32 64 128
124 835   25 0  14 1 8 1 2 4 8 16 32 64 128
125 676  152 0   1 1 8 1 2 4 8 16 32 64 128
126 913  377 0  35 1 8 1 2 4 8 16 32 64 128
127 861  735 0  88 1 8 1 2 4 8 16 32 64 128
128 755  509 0  60 1 8 1 2 4 8 16 32 64 128
129 333  878 0  69 1 8 1 2 4 8 16 32 64 128
130 410  835 0  37 1 8 1 2 4 8 16 32 64 128
131 174  548 0  52 1 8 1 2 4 8 16 32 64 128
132 647  122 0  13 1 8 1 2 4 8 16 32 64 128
133 328  365 0  56 1 8 1 2 4 8 16 32 64 128
134 373  885 0   6 1 8 1 2 4 8 16 32 64 128
135 812  762 0  82 1 8 1 2 4 8 16 32 64 128
136 486  238 0  35 1 8 1 2 4 8 16 32 64 128
137 904  661 0  45 1 8 1 2 4 8 16 32 64 128
138 246  992 0  79 1 8 1 2 4 8 16 32 64 128
139 914  406 0  27 1 8 1 2 4 8 16 32 64 128
140 666  975 0  30 1 8 1 2 4 8 16 32 64 128
141 135  931 0  84 1 8 1 2 4 8 16 32 64 128
142 693  242 0  22 1 8 1 2 4 8 16 32 64 128
143 115  576 0  21 1 8 1 2 4 8 16 32 64 128
144 209  849 0  12 1 8 1 2 4 8 16 32 64 128
145 920  351 0  68 1 8 1 2 4 8 16 32 64 128
146 953  402 0   7 1 8 1 2 4 8 16 32 64 128
147 357  901 0  44 1 8 1 2 4 8 16 32 64 128
148 238  602 0  19 1 8 1 2 4 8 16 32 64 128
149 830  973 0  74 1 8 1 2 4 8 16 32 64 128
150 627  930 0  37 1 8 1 2 4 8 16 32 64 128
151 715  509 0  95 1 8 1 2 4 8 16 32 64 128
152 160  352 0  32 1 8 1 2 4 8 16 32 64 128
153 751  328 0  20 1 8 1 2 4 8 16 32 64 128
154 324   74 0  78 1 8 1 2 4 8 16 32 64 128
155 176  789 0  60 1 8 1 2 4 8 16 32 64 128
156 138  748 0  95 1 8 1 2 4 8 16 32 64 128
157 478  648 0  19 1 8 1 2 4 8 16 32 64 128
158 924  586 0  30 1 8 1 2 4 8 16 32 64 128
159 627   57 0  69 1 8 1 2 4 8 16 32 64 128
160 309  817 0  51 1 8 1 2 4 8 16 32 64 128
161 822  221 0  16 1 8 1 2 4 8 16 32 64 128
162 779  485 0  28 1 8 1 2 4 8 16 32 64 128
163 408  722 0  41 1 8 1 2 4 8 16 32 64 128
164 527  694 0  45 1 8 1 2 4 8 16 32 64 128
165 106  170 0  56 1 8 1 2 4 8 16 32 64 128
166 760  839 0  11 1 8 1 2 4 8 16 32 64 128
167 331  246 0  85 1 8 1 2 4 8 16 32 64 128
168 208  252 0  93 1 8 1 2 4 8 16 32 64 128
169 349    7 0  31 1 8 1 2 4 8 16 32 64 128
170 431  671 0  18 1 8 1 2 4 8 16 32 64 128
171 531  812 0  42 1 8 1 2 4 8 16 32 64 128
172  21  607 0  42 1 8 1 2 4 8 16 32 64 128
173 156  602 0  71 1 8 1 2 4 8 16 32 64 128
174 784  508 0  46 1 8 1 2 4 8 16 32 64 128
175  74  996 0  99 1 8 1 2 4 8 16 32 64 128
176 921  934 0  23 1 8 1 2 4 8 16 32 64 128
177 300  340 0  97 1 8 1 2 4 8 16 32 64 128
178 818   81 0  40 1 8 1 2 4 8 16 32 64 128
179 297  384 0  54 1 8 1 2 4 8 16 32 64 128
180 252  510 0  70 1 8 1 2 4 8 16 32 64 128
181 510  570 0  22 1 8 1 2 4 8 16 32 64 128
182  79  894 0  79 1 8 1 2 4 8 16 32 64 128
183  24   71 0   9 1 8 1 2 4 8 16 32 64 128
184 503  160 0   3 1 8 1 2 4 8 16 32 64 128
185 164  718 0  35 1 8 1 2 4 8 16 32 64 128
186 427  830 0  32 1 8 1 2 4 8 16 32 64 128
187 163  628 0  11 1 8 1 2 4 8 16 32 64 128
188 887  515 0  87 1 8 1 2 4 8 16 32 64 128
189 926  156 0  74 1 8 1 2 4 8 16 32 64 128
190 439   98 0  22 1 8 1 2 4 8 16 32 64 128
191 961  957 0  14 1 8 1 2 4 8 16 32 64 128
192  21  205 0  82 1 8 1 2 4 8 16 32 64 128
193 243   75 0  14 1 8 1 2 4 8 16 32 64 128
194 748   34 0  43 1 8 1 2 4 8 16 32 64 128
195 522  274 0  26 1 8 1 2 4 8 16 32 64 128
196 167  612 0  18 1 8 1 2 4 8 16 32 64 128
197 897  292 0  48 1 8 1 2 4 8 16 32 64 128
198 598  177 0  87 1 8 1 2 4 8 16 32 64 128
199 979  515 0  76 1 8 1 2 4 8 16 32 64 128
200 621  351 0  53 1 8 1 2 4 8 16 32 64 128
201 519  761 0  47 1 8 1 2 4 8 16 32 64 128
202 999  947 0  56 1 8 1 2 4 8 16 32 64 128
203 495  842 0  98 1 8 1 2 4 8 16 32 64 128
204 196  709 0  72 1 8 1 2 4 8 16 32 64 128
205 553  673 0  86 1 8 1 2 4 8 16 32 64 128
206 673  189 0  12 1 8 1 2 4 8 16 32 64 128
207 773  863 0  60 1 8 1 2 4 8 16 32 64 128
208 596  890 0  32 1 8 1 2 4 8 16 32 64 128
209  91  220 0  97 1 8 1 2 4 8 16 32 64 128
210 815  188 0  97 1 8 1 2 4 8 16 32 64 128
211 689  467 0  11 1 8 1 2 4 8 16 32 64 128
212 481  163 0  39 1 8 1 2 4 8 16 32 64 128
213 168  611 0  34 1 8 1 2 4 8 16 32 64 128
214 393  840 0  97 1 8 1 2 4 8 16 32 64 128
215 185  532 0  33 1 8 1 2 4 8 16 32 64 128
216 477    8 0  49 1 8 1 2 4 8 16 32 64 128
217 442  554 0  16 1 8 1 2 4 8 16 32 64 128
218 196  467 0  35 1 8 1 2 4 8 16 32 64 128
219 848  804 0  81 1 8 1 2 4 8 16 32 64 128
220 763    2 0  83 1 8 1 2 4 8 16 32 64 128
221 235  426 0  37 1 8 1 2 4 8 16 32 64 128
222 416  989 0  29 1 8 1 2 4 8 16 32 64 128
223 826  378 0  41 1 8 1 2 4 8 16 32 64 128
224 686  992 0  10 1 8 1 2 4 8 16 32 64 128
225  39  574 0  40 1 8 1 2 4 8 16 32 64 128
226 238  816 0  57 1 8 1 2 4 8 16 32 64 128
227 112  231 0  55 1 8 1 2 4 8 16 32 64 128
228 660  868 0  17 1 8 1 2 4 8 16 32 64 128
229 223  843 0  25 1 8 1 2 4 8 16 32 64 128
230 610   72 0  17 1 8 1 2 4 8 16 32 64 128
231 260  521 0  39 1 8 1 2 4 8 16 32 64 128
232 143  146 0   7 1 8 1 2 4 8 16 32 64 128
233 707  884 0  42 1 8 1 2 4 8 16 32 64 128
234 919  346 0  28 1 8 1 2 4 8 16 32 64 128
235 537  424 0  69 1 8 1 2 4 8 16 32 64 128
236 767  297 0  96 1 8 1 2 4 8 16 32 64 128
237 369  954 0  99 1 8 1 2 4 8 16 32 64 128
238 499  690 0  76 1 8 1 2 4 8 16 32 64 128
239 861  574 0  33 1 8 1 2 4 8 16 32 64 128
240 863  547 0  32 1 8 1 2 4 8 16 32 64 128
241 376  636 0  91 1 8 1 2 4 8 16 32 64 128
242  22  490 0  13 1 8 1 2 4 8 16 32 64 128
243 357  453 0  33 1 8 1 2 4 8 16 32 64 128
244 585  344 0  96 1 8 1 2 4 8 16 32 64 128
245 845  857 0  48 1 8 1 2 4 8 16 32 64 128
246 963  814 0  81 1 8 1 2 4 8 16 32 64 128
247 926  840 0  85 1 8 1 2 4 8 16 32 64 128
248 553  488 0  10 1 8 1 2 4 8 16 32 64 128
249  62   87 0  84 1 8 1 2 4 8 16 32 64 128
250 665    4 0  23 1 8 1 2 4 8 16 32 64 128
251 387  270 0  60 1 8 1 2 4 8 16 32 64 128
252 687  338 0  62 1 8 1 2 4 8 16 32 64 128
253  94  559 0  56 1 8 1 2 4 8 16 32 64 128
254 321  334 0  50 1 8 1 2 4 8 16 32 64 128
255 629  558 0 100 1 8 1 2 4 8 16 32 64 128
256 329  372 0  94 1 8 1 2 4 8 16 32 64 128
257  81  846 0  73 1 8 1 2 4 8 16 32 64 128
258 361  445 0  30 1 8 1 2 4 8 16 32 64 128
259 119  934 0  84 1 8 1 2 4 8 16 32 64 128
260 379  767 0  27 1 8 1 2 4 8 16 32 64 128
261  79  755 0  52 1 8 1 2 4 8 16 32 64 128
262 596  558 0  63 1 8 1 2 4 8 16 32 64 128
263 869  331 0  34 1 8 1 2 4 8 16 32 64 128
264 825  485 0   8 1 8 1 2 4 8 16 32 64 128
265 151  806 0   6 1 8 1 2 4 8 16 32 64 128
266 343  944 0  56 1 8 1 2 4 8 16 32 64 128
267 650  937 0 100 1 8 1 2 4 8 16 32 64 128
268  23  871 0  49 1 8 1 2 4 8 16 32 64 128
269 139  367 0  47 1 8 1 2 4 8 16 32 64 128
270 542  406 0  84 1 8 1 2 4 8 16 32 64 128
271 997   89 0  31 1 8 1 2 4 8 16 32 64 128
272 147  300 0  90 1 8 1 2 4 8 16 32 64 128
273 441  310 0  25 1 8 1 2 4 8 16 32 64 128
274 618  177 0   8 1 8 1 2 4 8 16 32 64 128
275 277  157 0  86 1 8 1 2 4 8 16 32 64 128
276 578  720 0  17 1 8 1 2 4 8 16 32 64 128
277 367   39 0  45 1 8 1 2 4 8 16 32 64 128
278 166  465 0  72 1 8 1 2 4 8 16 32 64 128
279 229  509 0  25 1 8 1 2 4 8 16 32 64 128
280 361  642 0  43 1 8 1 2 4 8 16 32 64 128
281  74  791 0  84 1 8 1 2 4 8 16 32 64 128
282 438  119 0  37 1 8 1 2 4 8 16 32 64 128
283 821  993 0  15 1 8 1 2 4 8 16 32 64 128
284 454  338 0   2 1 8 1 2 4 8 16 32 64 128
285 619  576 0  85 1 8 1 2 4 8 16 32 64 128
286 166    9 0  90 1 8 1 2 4 8 16 32 64 128
287 488  973 0  55 1 8 1 2 4 8 16 32 64 128
288 769  816 0  21 1 8 1 2 4 8 16 32 64 128
289 853  515 0  57 1 8 1 2 4 8 16 32 64 128
290 700  945 0  19 1 8 1 2 4 8 16 32 64 128
291 390  745 0  26 1 8 1 2 4 8 16 32 64 128
292 809   27 0  18 1 8 1 2 4 8 16 32 64 128
293 917  575 0  39 1 8 1 2 4 8 16 32 64 128
294 495  530 0   8 1 8 1 2 4 8 16 32 64 128
295 756   63 0  25 1 8 1 2 4 8 16 32 64 128
296 552  909 0  45 1 8 1 2 4 8 16 32 64 128
297  18  323 0  75 1 8 1 2 4 8 16 32 64 128
298 779  499 0  53 1 8 1 2 4 8 16 32 64 128
299 996  516 0  23 1 8 1 2 4 8 16 32 64 128
300 240  901 0  35 1 8 1 2 4 8 16 32 64 128
301 876  154 0  65 1 8 1 2 4 8 16 32 64 128
302 331  323 0 100 1 8 1 2 4 8 16 32 64 128
303 258  999 0  60 1 8 1 2 4 8 16 32 64 128
304 111    2 0   3 1 8 1 2 4 8 16 32 64 128
305 113  457 0  51 1 8 1 2 4 8 16 32 64 128
306 971  341 0  68 1 8 1 2 4 8 16 32 64 128
307 417  850 0  67 1 8 1 2 4 8 16 32 64 128
308 223  122 0  92 1 8 1 2 4 8 16 32 64 128
309 983  325 0   7 1 8 1 2 4 8 16 32 64 128
310 197  151 0  65 1 8 1 2 4 8 16 32 64 128
311 409  901 0  87 1 8 1 2 4 8 16 32 64 128
312 250  659 0   3 1 8 1 2 4 8 16 32 64 128
313  78  903 0  26 1 8 1 2 4 8 16 32 64 128
314 441   15 0  80 1 8 1 2 4 8 16 32 64 128
315 505  534 0  99 1 8 1 2 4 8 16 32 64 128
316 637   73 0   8 1 8 1 2 4 8 16 32 64 128
317  52   14 0  94 1 8 1 2 4 8 16 32 64 128
318 980  400 0  98 1 8 1 2 4 8 16 32 64 128
319 122  383 0  44 1 8 1 2 4 8 16 32 64 128
320 711  543 0  99 1 8 1 2 4 8 16 32 64 128
321 843   30 0  61 1 8 1 2 4 8 16 32 64 128
322 846  257 0   4 1 8 1 2 4 8 16 32 64 128
323 345  574 0  54 1 8 1 2 4 8 16 32 64 128
324 452  590 0  99 1 8 1 2 4 8 16 32 64 128
325 932  731 0  95 1 8 1 2 4 8 16 32 64 128
326 923   78 0  19 1 8 1 2 4 8 16 32 64 128
327 918  151 0  72 1 8 1 2 4 8 16 32 64 128
328 200  838 0   7 1 8 1 2 4 8 16 32 64 128
329 755  470 0  82 1 8 1 2 4 8 16 32 64 128
330 401  560 0   4 1 8 1 2 4 8 16 32 64 128
331 504  561 0  50 1 8 1 2 4 8 16 32 64 128
332 621  444 0  16 1 8 1 2 4 8 16 32 64 128
333 906  798 0  92 1 8 1 2 4 8 16 32 64 128
334 377   11 0  18 1 8 1 2 4 8 16 32 64 128
335 523  300 0  92 1 8 1 2 4 8 16 32 64 128
336 529  865 0   6 1 8 1 2 4 8 16 32 64 128
337 598   22 0   4 1 8 1 2 4 8 16 32 64 128
338 672  262 0  15 1 8 1 2 4 8 16 32 64 128
339  74  953 0  25 1 8 1 2 4 8 16 32 64 128
340 161  476 0  87 1 8 1 2 4 8 16 32 64 128
341 465  655 0  34 1 8 1 2 4 8 16 32 64 128
342 163  984 0  14 1 8 1 2 4 8 16 32 64 128
343  19  850 0  42 1 8 1 2 4 8 16 32 64 128
344 720  150 0  16 1 8 1 2 4 8 16 32 64 128
345 985  132 0  20 1 8 1 2 4 8 16 32 64 128
346 392  502 0  72 1 8 1 2 4 8 16 32 64 128
347 460  930 0  77 1 8 1 2 4 8 16 32 64 128
348  78  819 0  18 1 8 1 2 4 8 16 32 64 128
349 649  214 0  55 1 8 1 2 4 8 16 32 64 128
350 780  913 0  14 1 8 1 2 4 8 16 32 64 128
351 460  922 0  90 1 8 1 2 4 8 16 32 64 128
352 977  442 0  66 1 8 1 2 4 8 16 32 64 128
353 629  971 0  22 1 8 1 2 4 8 16 32 64 128
354 132  717 0  86 1 8 1 2 4 8 16 32 64 128
355 122  747 0  77 1 8 1 2 4 8 16 32 64 128
356 790  389 0  64 1 8 1 2 4 8 16 32 64 128
357  30  913 0  60 1 8 1 2 4 8 16 32 64 128
358 731  159 0  32 1 8 1 2 4 8 16 32 64 128
359 137  568 0  57 1 8 1 2 4 8 16 32 64 128
360 382  680 0   7 1 8 1 2 4 8 16 32 64 128
361 772  109 0  26 1 8 1 2 4 8 16 32 64 128
362 704  207 0  11 1 8 1 2 4 8 16 32 64 128
363 287  783 0  88 1 8 1 2 4 8 16 32 64 128
364 871  429 0  82 1 8 1 2 4 8 16 32 64 128
365   1  655 0  85 1 8 1 2 4 8 16 32 64 128
366 350  906 0  65 1 8 1 2 4 8 16 32 64 128
367 587  142 0  95 1 8 1 2 4 8 16 32 64 128
368 924  750 0  57 1 8 1 2 4 8 16 32 64 128
369 751   58 0  78 1 8 1 2 4 8 16 32 64 128
370  76  225 0  57 1 8 1 2 4 8 16 32 64 128
371 841  235 0  23 1 8 1 2 4 8 16 32 64 128
372 974  492 0  65 1 8 1 2 4 8 16 32 64 128
373 394  608 0  29 1 8 1 2 4 8 16 32 64 128
374 809   81 0  20 1 8 1 2 4 8 16 32 64 128
375 746  742 0  94 1 8 1 2 4 8 16 32 64 128
376 919  578 0  52 1 8 1 2 4 8 16 32 64 128
377 133  885 0   7 1 8 1 2 4 8 16 32 64 128
378 118  902 0  55 1 8 1 2 4 8 16 32 64 128
379 698  860 0  45 1 8 1 2 4 8 16 32 64 128
380  70  248 0   6 1 8 1 2 4 8 16 32 64 128
381 575  378 0  89 1 8 1 2 4 8 16 32 64 128
382 392  897 0  17 1 8 1 2 4 8 16 32 64 128
383 173  162 0  82 1 8 1 2 4 8 16 32 64 128
384 188  413 0  42 1 8 1 2 4 8 16 32 64 128
385 792  261 0  72 1 8 1 2 4 8 16 32 64 128
386 456  936 0  82 1 8 1 2 4 8 16 32 64 128
387 303  472 0  33 1 8 1 2 4 8 16 32 64 128
388 549  532 0   9 1 8 1 2 4 8 16 32 64 128
389 684  888 0  37 1 8 1 2 4 8 16 32 64 128
390 276  599 0  12 1 8 1 2 4 8 16 32 64 128
391 625  609 0  41 1 8 1 2 4 8 16 32 64 128
392 281  235 0  28 1 8 1 2 4 8 16 32 64 128
393 900  661 0  48 1 8 1 2 4 8 16 32 64 128
394 672  256 0  30 1 8 1 2 4 8 16 32 64 128
395 193   46 0  94 1 8 1 2 4 8 16 32 64 128
396 181  217 0  75 1 8 1 2 4 8 16 32 64 128
397 633  594 0   5 1 8 1 2 4 8 16 32 64 128
398 962  655 0  55 1 8 1 2 4 8 16 32 64 128
399 761  941 0  83 1 8 1 2 4 8 16 32 64 128
400  88  646 0  45 1 8 1 2 4 8 16 32 64 128
401 623  495 0  51 1 8 1 2 4 8 16 32 64 128
402 821  847 0  18 1 8 1 2 4 8 16 32 64 128
403 215  288 0   1 1 8 1 2 4 8 16 32 64 128
404 282  370 0  40 1 8 1 2 4 8 16 32 64 128
405 710  682 0  79 1 8 1 2 4 8 16 32 64 128
406 360  179 0  61 1 8 1 2 4 8 16 32 64 128
407 751  348 0  86 1 8 1 2 4 8 16 32 64 128
408 106  353 0  46 1 8 1 2 4 8 16 32 64 128
409 472  709 0  52 1 8 1 2 4 8 16 32 64 128
410 850  621 0   4 1 8 1 2 4 8 16 32 64 128
411 537  951 0  13 1 8 1 2 4 8 16 32 64 128
412 800  309 0  80 1 8 1 2 4 8 16 32 64 128
413 294  649 0  26 1 8 1 2 4 8 16 32 64 128
414 111  492 0  30 1 8 1 2 4 8 16 32 64 128
415 863  238 0  71 1 8 1 2 4 8 16 32 64 128
416 888  921 0  70 1 8 1 2 4 8 16 32 64 128
417 555  778 0  22 1 8 1 2 4 8 16 32 64 128
418 781  264 0  10 1 8 1 2 4 8 16 32 64 128
419 469  443 0  94 1 8 1 2 4 8 16 32 64 128
420 187  247 0  73 1 8 1 2 4 8 16 32 64 128
421 516  169 0  39 1 8 1 2 4 8 16 32 64 128
422 456  128 0  73 1 8 1 2 4 8 16 32 64 128
423 429  874 0  84 1 8 1 2 4 8 16 32 64 128
424 721  656 0  74 1 8 1 2 4 8 16 32 64 128
425 132  272 0  21 1 8 1 2 4 8 16 32 64 128
426 608  840 0  65 1 8 1 2 4 8 16 32 64 128
427 301  415 0  45 1 8 1 2 4 8 16 32 64 128
428 265  313 0   9 1 8 1 2 4 8 16 32 64 128
429 685  499 0  35 1 8 1 2 4 8 16 32 64 128
430 136  909 0   2 1 8 1 2 4 8 16 32 64 128
431 205  822 0  82 1 8 1 2 4 8 16 32 64 128
432 943  630 0  63 1 8 1 2 4 8 16 32 64 128
433  45  468 0  75 1 8 1 2 4 8 16 32 64 128
434  55  222 0  27 1 8 1 2 4 8 16 32 64 128
435 310  717 0  34 1 8 1 2 4 8 16 32 64 128
436  68  115 0  12 1 8 1 2 4 8 16 32 64 128
437 611  643 0  34 1 8 1 2 4 8 16 32 64 128
438 453   78 0  16 1 8 1 2 4 8 16 32 64 128
439 374  584 0   7 1 8 1 2 4 8 16 32 64 128
440 894  620 0  89 1 8 1 2 4 8 16 32 64 128
441  52  586 0   4 1 8 1 2 4 8 16 32 64 128
442 381  543 0  97 1 8 1 2 4 8 16 32 64 128
443 856   33 0   3 1 8 1 2 4 8 16 32 64 128
444 953  538 0  59 1 8 1 2 4 8 16 32 64 128
445 381  949 0  80 1 8 1 2 4 8 16 32 64 128
446 676  818 0  21 1 8 1 2 4 8 16 32 64 128
447 832  580 0  93 1 8 1 2 4 8 16 32 64 128
448 145    9 0  82 1 8 1 2 4 8 16 32 64 128
449 986  581 0   7 1 8 1 2 4 8 16 32 64 128
450 883  202 0  81 1 8 1 2 4 8 16 32 64 128
451 506  664 0  40 1 8 1 2 4 8 16 32 64 128
452 453  197 0  85 1 8 1 2 4 8 16 32 64 128
453 284   50 0  48 1 8 1 2 4 8 16 32 64 128
454 216  109 0  46 1 8 1 2 4 8 16 32 64 128
455 203  153 0  13 1 8 1 2 4 8 16 32 64 128
456 810  554 0  17 1 8 1 2 4 8 16 32 64 128
457 453  478 0   9 1 8 1 2 4 8 16 32 64 128
458 760  603 0  79 1 8 1 2 4 8 16 32 64 128
459 254  752 0  36 1 8 1 2 4 8 16 32 64 128
460 108  209 0  10 1 8 1 2 4 8 16 32 64 128
461 415  615 0  41 1 8 1 2 4 8 16 32 64 128
462 354  971 0  96 1 8 1 2 4 8 16 32 64 128
463 895  345 0  77 1 8 1 2 4 8 16 32 64 128
464 900  716 0  20 1 8 1 2 4 8 16 32 64 128
465 696  859 0  92 1 8 1 2 4 8 16 32 64 128
466 313  272 0  67 1 8 1 2 4 8 16 32 64 128
467  51   87 0  67 1 8 1 2 4 8 16 32 64 128
468 954  407 0  12 1 8 1 2 4 8 16 32 64 128
469 500  820 0  69 1 8 1 2 4 8 16 32 64 128
470 610  461 0  84 1 8 1 2 4 8 16 32 64 128
471 371   79 0  12 1 8 1 2 4 8 16 32 64 128
472  99   93 0  80 1 8 1 2 4 8 16 32 64 128
473 915   27 0  88 1 8 1 2 4 8 16 32 64 128
474 776  611 0  21 1 8 1 2 4 8 16 32 64 128
475   0  364 0  82 1 8 1 2 4 8 16 32 64 128
476  70  544 0   4 1 8 1 2 4 8 16 32 64 128
477 280  542 0   3 1 8 1 2 4 8 16 32 64 128
478  16  633 0  35 1 8 1 2 4 8 16 32 64 128
479 716   18 0  12 1 8 1 2 4 8 16 32 64 128
480 319  590 0   6 1 8 1 2 4 8 16 32 64 128
481 353  299 0  49 1 8 1 2 4 8 16 32 64 128
482 912  207 0  61 1 8 1 2 4 8 16 32 64 128
483 109  323 0  84 1 8 1 2 4 8 16 32 64 128
484 990  680 0  65 1 8 1 2 4 8 16 32 64 128
485 301   50 0  15 1 8 1 2 4 8 16 32 64 128
486 274  981 0  40 1 8 1 2 4 8 16 32 64 128
487 851  919 0  69 1 8 1 2 4 8 16 32 64 128
488 526  167 0  81 1 8 1 2 4 8 16 32 64 128
489 240  334 0   7 1 8 1 2 4 8 16 32 64 128
490 678  991 0  93 1 8 1 2 4 8 16 32 64 128
491 626   80 0  69 1 8 1 2 4 8 16 32 64 128
492 585  236 0   1 1 8 1 2 4 8 16 32 64 128
493 781  845 0  52 1 8 1 2 4 8 16 32 64 128
494 456   90 0   1 1 8 1 2 4 8 16 32 64 128
495 907  925 0  74 1 8 1 2 4 8 16 32 64 128
496 281  298 0  40 1 8 1 2 4 8 16 32 64 128
497 210   83 0  14 1 8 1 2 4 8 16 32 64 128
498 579  362 0  92 1 8 1 2 4 8 16 32 64 128
499  63  621 0  94 1 8 1 2 4 8 16 32 64 128
500 997  343 0  27 1 8 1 2 4 8 16 32 64 128
501 824  941 0  78 1 8 1 2 4 8 16 32 64 128
502  40  894 0  87 1 8 1 2 4 8 16 32 64 128
503 927  782 0  75 1 8 1 2 4 8 16 32 64 128
504 457  161 0   6 1 8 1 2 4 8 16 32 64 128
505 969  899 0  81 1 8 1 2 4 8 16 32 64 128
506 519  989 0  85 1 8 1 2 4 8 16 32 64 128
507 923   53 0  53 1 8 1 2 4 8 16 32 64 128
508 105  244 0  78 1 8 1 2 4 8 16 32 64 128
509  98  567 0  82 1 8 1 2 4 8 16 32 64 128
510 770  615 0   0 0 0
511 979  558 0   0 0 0
512 845  211 0   0 0 0
513 286  334 0   0 0 0
514 789  656 0   0 0 0
515 401  863 0   0 0 0
516 779  549 0   0 0 0
517 123   11 0   0 0 0
