2 47 524 9
0 244
0 244
0 244
0 244
0 244
0 244
0 244
0 244
0 244
  1  265 393 0  12 1 9 1 2 4 8 16 32 64 128 256
  2  709 552 0  15 1 9 1 2 4 8 16 32 64 128 256
  3  904 152 0  82 1 9 1 2 4 8 16 32 64 128 256
  4  767 206 0  96 1 9 1 2 4 8 16 32 64 128 256
  5  410 890 0  37 1 9 1 2 4 8 16 32 64 128 256
  6  957 676 0  71 1 9 1 2 4 8 16 32 64 128 256
  7  452  72 0  78 1 9 1 2 4 8 16 32 64 128 256
  8  382 534 0  50 1 9 1 2 4 8 16 32 64 128 256
  9  149 388 0  90 1 9 1 2 4 8 16 32 64 128 256
 10  515 520 0   3 1 9 1 2 4 8 16 32 64 128 256
 11  612 683 0  63 1 9 1 2 4 8 16 32 64 128 256
 12  841 325 0  46 1 9 1 2 4 8 16 32 64 128 256
 13   38 601 0  28 1 9 1 2 4 8 16 32 64 128 256
 14  784  76 0  57 1 9 1 2 4 8 16 32 64 128 256
 15  100 937 0  61 1 9 1 2 4 8 16 32 64 128 256
 16   50 359 0  70 1 9 1 2 4 8 16 32 64 128 256
 17  763 477 0  47 1 9 1 2 4 8 16 32 64 128 256
 18  596 691 0  88 1 9 1 2 4 8 16 32 64 128 256
 19  264 738 0  18 1 9 1 2 4 8 16 32 64 128 256
 20  296 899 0  59 1 9 1 2 4 8 16 32 64 128 256
 21  314 813 0  31 1 9 1 2 4 8 16 32 64 128 256
 22  267 859 0  97 1 9 1 2 4 8 16 32 64 128 256
 23  578 279 0  33 1 9 1 2 4 8 16 32 64 128 256
 24  998 597 0  45 1 9 1 2 4 8 16 32 64 128 256
 25  937 667 0  30 1 9 1 2 4 8 16 32 64 128 256
 26  302 775 0  97 1 9 1 2 4 8 16 32 64 128 256
 27  758 761 0  72 1 9 1 2 4 8 16 32 64 128 256
 28  994 977 0  45 1 9 1 2 4 8 16 32 64 128 256
 29  914  90 0  86 1 9 1 2 4 8 16 32 64 128 256
 30  836 795 0  86 1 9 1 2 4 8 16 32 64 128 256
 31  516  36 0  18 1 9 1 2 4 8 16 32 64 128 256
 32  849 305 0  27 1 9 1 2 4 8 16 32 64 128 256
 33  489 325 0  13 1 9 1 2 4 8 16 32 64 128 256
 34  892 763 0  95 1 9 1 2 4 8 16 32 64 128 256
 35  319 526 0  64 1 9 1 2 4 8 16 32 64 128 256
 36  961 404 0  89 1 9 1 2 4 8 16 32 64 128 256
 37  917 398 0   7 1 9 1 2 4 8 16 32 64 128 256
 38  305 519 0  39 1 9 1 2 4 8 16 32 64 128 256
 39  484 922 0  99 1 9 1 2 4 8 16 32 64 128 256
 40  608 161 0  58 1 9 1 2 4 8 16 32 64 128 256
 41   89 117 0  75 1 9 1 2 4 8 16 32 64 128 256
 42  894 153 0  71 1 9 1 2 4 8 16 32 64 128 256
 43  763 734 0  70 1 9 1 2 4 8 16 32 64 128 256
 44  535  28 0  41 1 9 1 2 4 8 16 32 64 128 256
 45  447 240 0  44 1 9 1 2 4 8 16 32 64 128 256
 46  736 666 0  40 1 9 1 2 4 8 16 32 64 128 256
 47  710 389 0  60 1 9 1 2 4 8 16 32 64 128 256
 48  731  49 0  35 1 9 1 2 4 8 16 32 64 128 256
 49  409 339 0  45 1 9 1 2 4 8 16 32 64 128 256
 50  246 576 0  32 1 9 1 2 4 8 16 32 64 128 256
 51  392 600 0  86 1 9 1 2 4 8 16 32 64 128 256
 52  489 453 0  24 1 9 1 2 4 8 16 32 64 128 256
 53  596 383 0  50 1 9 1 2 4 8 16 32 64 128 256
 54  148 937 0  33 1 9 1 2 4 8 16 32 64 128 256
 55  406 133 0  98 1 9 1 2 4 8 16 32 64 128 256
 56  959 683 0  14 1 9 1 2 4 8 16 32 64 128 256
 57  843 379 0  12 1 9 1 2 4 8 16 32 64 128 256
 58  280 304 0  42 1 9 1 2 4 8 16 32 64 128 256
 59  655 600 0  46 1 9 1 2 4 8 16 32 64 128 256
 60  311 783 0  58 1 9 1 2 4 8 16 32 64 128 256
 61  688 723 0  56 1 9 1 2 4 8 16 32 64 128 256
 62  541 310 0  45 1 9 1 2 4 8 16 32 64 128 256
 63  973 600 0  46 1 9 1 2 4 8 16 32 64 128 256
 64  979 420 0   7 1 9 1 2 4 8 16 32 64 128 256
 65  606 570 0  20 1 9 1 2 4 8 16 32 64 128 256
 66  735 186 0  62 1 9 1 2 4 8 16 32 64 128 256
 67  403 455 0  40 1 9 1 2 4 8 16 32 64 128 256
 68  590 810 0  85 1 9 1 2 4 8 16 32 64 128 256
 69   52 545 0  38 1 9 1 2 4 8 16 32 64 128 256
 70  929  36 0  70 1 9 1 2 4 8 16 32 64 128 256
 71  753 615 0  44 1 9 1 2 4 8 16 32 64 128 256
 72  129  24 0  17 1 9 1 2 4 8 16 32 64 128 256
 73  730 356 0  66 1 9 1 2 4 8 16 32 64 128 256
 74  609 533 0  37 1 9 1 2 4 8 16 32 64 128 256
 75  665  77 0  13 1 9 1 2 4 8 16 32 64 128 256
 76  754 809 0   7 1 9 1 2 4 8 16 32 64 128 256
 77  647 763 0  31 1 9 1 2 4 8 16 32 64 128 256
 78  698 767 0  58 1 9 1 2 4 8 16 32 64 128 256
 79  514 649 0  46 1 9 1 2 4 8 16 32 64 128 256
 80  146  80 0  14 1 9 1 2 4 8 16 32 64 128 256
 81  693 288 0  57 1 9 1 2 4 8 16 32 64 128 256
 82   27 340 0  47 1 9 1 2 4 8 16 32 64 128 256
 83  943 145 0  19 1 9 1 2 4 8 16 32 64 128 256
 84  391   0 0  27 1 9 1 2 4 8 16 32 64 128 256
 85  613  56 0  44 1 9 1 2 4 8 16 32 64 128 256
 86  114 585 0  49 1 9 1 2 4 8 16 32 64 128 256
 87   26 732 0   6 1 9 1 2 4 8 16 32 64 128 256
 88  582 769 0  52 1 9 1 2 4 8 16 32 64 128 256
 89  620 999 0  74 1 9 1 2 4 8 16 32 64 128 256
 90  524 494 0  80 1 9 1 2 4 8 16 32 64 128 256
 91  381 444 0  27 1 9 1 2 4 8 16 32 64 128 256
 92  742 145 0  91 1 9 1 2 4 8 16 32 64 128 256
 93  591  65 0  26 1 9 1 2 4 8 16 32 64 128 256
 94  512 206 0  97 1 9 1 2 4 8 16 32 64 128 256
 95  865 972 0  56 1 9 1 2 4 8 16 32 64 128 256
 96  991 844 0  80 1 9 1 2 4 8 16 32 64 128 256
 97  963 274 0  12 1 9 1 2 4 8 16 32 64 128 256
 98  509  59 0  87 1 9 1 2 4 8 16 32 64 128 256
 99  532 129 0  85 1 9 1 2 4 8 16 32 64 128 256
100   99 552 0  43 1 9 1 2 4 8 16 32 64 128 256
101  575 357 0  29 1 9 1 2 4 8 16 32 64 128 256
102  473 239 0  84 1 9 1 2 4 8 16 32 64 128 256
103  838 108 0  59 1 9 1 2 4 8 16 32 64 128 256
104  963  22 0  82 1 9 1 2 4 8 16 32 64 128 256
105  146 277 0  16 1 9 1 2 4 8 16 32 64 128 256
106   53 425 0  10 1 9 1 2 4 8 16 32 64 128 256
107  900 704 0  29 1 9 1 2 4 8 16 32 64 128 256
108    1 554 0  30 1 9 1 2 4 8 16 32 64 128 256
109  392 789 0  58 1 9 1 2 4 8 16 32 64 128 256
110  813 411 0  39 1 9 1 2 4 8 16 32 64 128 256
111  793 835 0  93 1 9 1 2 4 8 16 32 64 128 256
112  440 724 0  56 1 9 1 2 4 8 16 32 64 128 256
113  307 226 0  75 1 9 1 2 4 8 16 32 64 128 256
114   45  87 0  44 1 9 1 2 4 8 16 32 64 128 256
115  468 923 0  11 1 9 1 2 4 8 16 32 64 128 256
116  700 878 0   6 1 9 1 2 4 8 16 32 64 128 256
117  614 817 0  48 1 9 1 2 4 8 16 32 64 128 256
118  515 652 0  36 1 9 1 2 4 8 16 32 64 128 256
119  780 899 0  62 1 9 1 2 4 8 16 32 64 128 256
120  375 959 0  30 1 9 1 2 4 8 16 32 64 128 256
121  872  13 0  38 1 9 1 2 4 8 16 32 64 128 256
122  558 827 0  37 1 9 1 2 4 8 16 32 64 128 256
123  259 915 0   2 1 9 1 2 4 8 16 32 64 128 256
124  767 118 0  95 1 9 1 2 4 8 16 32 64 128 256
125    5 388 0  91 1 9 1 2 4 8 16 32 64 128 256
126  865 283 0  91 1 9 1 2 4 8 16 32 64 128 256
127  237 130 0  17 1 9 1 2 4 8 16 32 64 128 256
128  891  36 0  83 1 9 1 2 4 8 16 32 64 128 256
129  660 152 0  25 1 9 1 2 4 8 16 32 64 128 256
130  118 915 0  59 1 9 1 2 4 8 16 32 64 128 256
131  396 399 0  30 1 9 1 2 4 8 16 32 64 128 256
132  695  12 0  17 1 9 1 2 4 8 16 32 64 128 256
133  876 474 0  15 1 9 1 2 4 8 16 32 64 128 256
134  363   8 0  62 1 9 1 2 4 8 16 32 64 128 256
135   89 375 0  62 1 9 1 2 4 8 16 32 64 128 256
136  825 972 0  96 1 9 1 2 4 8 16 32 64 128 256
137  703 854 0  41 1 9 1 2 4 8 16 32 64 128 256
138  743 661 0  52 1 9 1 2 4 8 16 32 64 128 256
139  203 577 0  25 1 9 1 2 4 8 16 32 64 128 256
140  708 270 0  90 1 9 1 2 4 8 16 32 64 128 256
141  230 758 0  32 1 9 1 2 4 8 16 32 64 128 256
142   53 266 0  61 1 9 1 2 4 8 16 32 64 128 256
143  407 591 0  66 1 9 1 2 4 8 16 32 64 128 256
144  434 486 0  53 1 9 1 2 4 8 16 32 64 128 256
145  577 987 0  31 1 9 1 2 4 8 16 32 64 128 256
146  815 970 0  16 1 9 1 2 4 8 16 32 64 128 256
147  647  88 0  22 1 9 1 2 4 8 16 32 64 128 256
148  926 961 0  12 1 9 1 2 4 8 16 32 64 128 256
149  536 823 0  46 1 9 1 2 4 8 16 32 64 128 256
150   93  80 0  52 1 9 1 2 4 8 16 32 64 128 256
151  712 896 0  63 1 9 1 2 4 8 16 32 64 128 256
152  772 996 0  68 1 9 1 2 4 8 16 32 64 128 256
153  628 371 0  26 1 9 1 2 4 8 16 32 64 128 256
154  172 611 0  76 1 9 1 2 4 8 16 32 64 128 256
155  721 849 0  30 1 9 1 2 4 8 16 32 64 128 256
156  550 837 0  27 1 9 1 2 4 8 16 32 64 128 256
157  897 900 0  82 1 9 1 2 4 8 16 32 64 128 256
158  671  87 0  34 1 9 1 2 4 8 16 32 64 128 256
159  280 422 0  90 1 9 1 2 4 8 16 32 64 128 256
160  143 143 0  74 1 9 1 2 4 8 16 32 64 128 256
161  436 198 0  51 1 9 1 2 4 8 16 32 64 128 256
162  704  79 0  16 1 9 1 2 4 8 16 32 64 128 256
163  581 952 0  52 1 9 1 2 4 8 16 32 64 128 256
164  675 612 0   9 1 9 1 2 4 8 16 32 64 128 256
165  925 512 0  55 1 9 1 2 4 8 16 32 64 128 256
166  462  77 0  37 1 9 1 2 4 8 16 32 64 128 256
167   61 536 0  10 1 9 1 2 4 8 16 32 64 128 256
168  380 586 0   5 1 9 1 2 4 8 16 32 64 128 256
169  720 919 0  43 1 9 1 2 4 8 16 32 64 128 256
170   58 272 0  20 1 9 1 2 4 8 16 32 64 128 256
171  119 898 0  49 1 9 1 2 4 8 16 32 64 128 256
172  609  77 0 100 1 9 1 2 4 8 16 32 64 128 256
173   78 544 0  30 1 9 1 2 4 8 16 32 64 128 256
174  357  29 0  31 1 9 1 2 4 8 16 32 64 128 256
175  512 575 0  44 1 9 1 2 4 8 16 32 64 128 256
176  489 403 0  59 1 9 1 2 4 8 16 32 64 128 256
177  438  54 0  49 1 9 1 2 4 8 16 32 64 128 256
178  959 185 0  50 1 9 1 2 4 8 16 32 64 128 256
179  326 562 0  58 1 9 1 2 4 8 16 32 64 128 256
180   71 640 0  85 1 9 1 2 4 8 16 32 64 128 256
181  995 212 0  20 1 9 1 2 4 8 16 32 64 128 256
182  941  91 0  54 1 9 1 2 4 8 16 32 64 128 256
183   42  81 0  87 1 9 1 2 4 8 16 32 64 128 256
184  411 782 0  99 1 9 1 2 4 8 16 32 64 128 256
185  890 567 0  72 1 9 1 2 4 8 16 32 64 128 256
186  411 439 0   9 1 9 1 2 4 8 16 32 64 128 256
187  642 870 0   4 1 9 1 2 4 8 16 32 64 128 256
188  615 434 0  59 1 9 1 2 4 8 16 32 64 128 256
189  791 400 0  30 1 9 1 2 4 8 16 32 64 128 256
190  649 779 0  79 1 9 1 2 4 8 16 32 64 128 256
191  754 820 0  26 1 9 1 2 4 8 16 32 64 128 256
192  260  41 0  36 1 9 1 2 4 8 16 32 64 128 256
193  624  61 0  22 1 9 1 2 4 8 16 32 64 128 256
194  528 335 0   2 1 9 1 2 4 8 16 32 64 128 256
195  653 737 0  84 1 9 1 2 4 8 16 32 64 128 256
196  243 372 0  39 1 9 1 2 4 8 16 32 64 128 256
197   62 956 0  80 1 9 1 2 4 8 16 32 64 128 256
198  497 115 0 100 1 9 1 2 4 8 16 32 64 128 256
199  655 377 0  65 1 9 1 2 4 8 16 32 64 128 256
200  174 595 0  69 1 9 1 2 4 8 16 32 64 128 256
201  338 135 0  78 1 9 1 2 4 8 16 32 64 128 256
202  210 352 0  18 1 9 1 2 4 8 16 32 64 128 256
203   14 492 0  98 1 9 1 2 4 8 16 32 64 128 256
204  532 524 0  32 1 9 1 2 4 8 16 32 64 128 256
205  793  88 0  25 1 9 1 2 4 8 16 32 64 128 256
206  281 761 0  12 1 9 1 2 4 8 16 32 64 128 256
207  260 173 0  32 1 9 1 2 4 8 16 32 64 128 256
208  144 446 0  59 1 9 1 2 4 8 16 32 64 128 256
209  104 144 0  92 1 9 1 2 4 8 16 32 64 128 256
210  321 433 0  36 1 9 1 2 4 8 16 32 64 128 256
211  558 659 0  37 1 9 1 2 4 8 16 32 64 128 256
212  560 394 0  79 1 9 1 2 4 8 16 32 64 128 256
213  786 278 0   1 1 9 1 2 4 8 16 32 64 128 256
214 1000 972 0  34 1 9 1 2 4 8 16 32 64 128 256
215  935  58 0  28 1 9 1 2 4 8 16 32 64 128 256
216  396 284 0  78 1 9 1 2 4 8 16 32 64 128 256
217  873 118 0  61 1 9 1 2 4 8 16 32 64 128 256
218  757 648 0  84 1 9 1 2 4 8 16 32 64 128 256
219  628 814 0  97 1 9 1 2 4 8 16 32 64 128 256
220  879  33 0  39 1 9 1 2 4 8 16 32 64 128 256
221  123 842 0  42 1 9 1 2 4 8 16 32 64 128 256
222  853 345 0  72 1 9 1 2 4 8 16 32 64 128 256
223  887 756 0  87 1 9 1 2 4 8 16 32 64 128 256
224  519 876 0  84 1 9 1 2 4 8 16 32 64 128 256
225  963  73 0  67 1 9 1 2 4 8 16 32 64 128 256
226  503 180 0  27 1 9 1 2 4 8 16 32 64 128 256
227  389 402 0  65 1 9 1 2 4 8 16 32 64 128 256
228  720 651 0  58 1 9 1 2 4 8 16 32 64 128 256
229  751 100 0  21 1 9 1 2 4 8 16 32 64 128 256
230  101 905 0  51 1 9 1 2 4 8 16 32 64 128 256
231  191 135 0  74 1 9 1 2 4 8 16 32 64 128 256
232  703  28 0  21 1 9 1 2 4 8 16 32 64 128 256
233  569 594 0  42 1 9 1 2 4 8 16 32 64 128 256
234   34 115 0  34 1 9 1 2 4 8 16 32 64 128 256
235  929  26 0  85 1 9 1 2 4 8 16 32 64 128 256
236  989 614 0  34 1 9 1 2 4 8 16 32 64 128 256
237  265 292 0  57 1 9 1 2 4 8 16 32 64 128 256
238  486 289 0  19 1 9 1 2 4 8 16 32 64 128 256
239  317 171 0  44 1 9 1 2 4 8 16 32 64 128 256
240  131 115 0  56 1 9 1 2 4 8 16 32 64 128 256
241   22 432 0  33 1 9 1 2 4 8 16 32 64 128 256
242  417 752 0  34 1 9 1 2 4 8 16 32 64 128 256
243  811 974 0   3 1 9 1 2 4 8 16 32 64 128 256
244   51 884 0  93 1 9 1 2 4 8 16 32 64 128 256
245  990 139 0   2 1 9 1 2 4 8 16 32 64 128 256
246  295 335 0  34 1 9 1 2 4 8 16 32 64 128 256
247  919 581 0  27 1 9 1 2 4 8 16 32 64 128 256
248  442 958 0  35 1 9 1 2 4 8 16 32 64 128 256
249  192 529 0  83 1 9 1 2 4 8 16 32 64 128 256
250  315 265 0  56 1 9 1 2 4 8 16 32 64 128 256
251  886 617 0  87 1 9 1 2 4 8 16 32 64 128 256
252  892 189 0  94 1 9 1 2 4 8 16 32 64 128 256
253  722 750 0  38 1 9 1 2 4 8 16 32 64 128 256
254  839 576 0  20 1 9 1 2 4 8 16 32 64 128 256
255  882 940 0  60 1 9 1 2 4 8 16 32 64 128 256
256   62 624 0  85 1 9 1 2 4 8 16 32 64 128 256
257  968 885 0  82 1 9 1 2 4 8 16 32 64 128 256
258  326 506 0  79 1 9 1 2 4 8 16 32 64 128 256
259  374 346 0  54 1 9 1 2 4 8 16 32 64 128 256
260  478 568 0  35 1 9 1 2 4 8 16 32 64 128 256
261  858 785 0  12 1 9 1 2 4 8 16 32 64 128 256
262  709  39 0  83 1 9 1 2 4 8 16 32 64 128 256
263  662 250 0  61 1 9 1 2 4 8 16 32 64 128 256
264  861 436 0  74 1 9 1 2 4 8 16 32 64 128 256
265  814  28 0  79 1 9 1 2 4 8 16 32 64 128 256
266  370 230 0  64 1 9 1 2 4 8 16 32 64 128 256
267  245  35 0  40 1 9 1 2 4 8 16 32 64 128 256
268  765 881 0  44 1 9 1 2 4 8 16 32 64 128 256
269  125 109 0  21 1 9 1 2 4 8 16 32 64 128 256
270  617 648 0  72 1 9 1 2 4 8 16 32 64 128 256
271  437 317 0  88 1 9 1 2 4 8 16 32 64 128 256
272  855 469 0  51 1 9 1 2 4 8 16 32 64 128 256
273  918 955 0  45 1 9 1 2 4 8 16 32 64 128 256
274  655 989 0  43 1 9 1 2 4 8 16 32 64 128 256
275  135 121 0  31 1 9 1 2 4 8 16 32 64 128 256
276  443 281 0  53 1 9 1 2 4 8 16 32 64 128 256
277  724 262 0  72 1 9 1 2 4 8 16 32 64 128 256
278  601 808 0  27 1 9 1 2 4 8 16 32 64 128 256
279  239 890 0  37 1 9 1 2 4 8 16 32 64 128 256
280  155 626 0  70 1 9 1 2 4 8 16 32 64 128 256
281  288 525 0  54 1 9 1 2 4 8 16 32 64 128 256
282  700 452 0  52 1 9 1 2 4 8 16 32 64 128 256
283  953 230 0  48 1 9 1 2 4 8 16 32 64 128 256
284  755 473 0  88 1 9 1 2 4 8 16 32 64 128 256
285  754 904 0  17 1 9 1 2 4 8 16 32 64 128 256
286  672  26 0  49 1 9 1 2 4 8 16 32 64 128 256
287  790 794 0  91 1 9 1 2 4 8 16 32 64 128 256
288  713 449 0  48 1 9 1 2 4 8 16 32 64 128 256
289  213 467 0  33 1 9 1 2 4 8 16 32 64 128 256
290  170  38 0  77 1 9 1 2 4 8 16 32 64 128 256
291   70 460 0  97 1 9 1 2 4 8 16 32 64 128 256
292  631 963 0  10 1 9 1 2 4 8 16 32 64 128 256
293  798 662 0  74 1 9 1 2 4 8 16 32 64 128 256
294  725 899 0  91 1 9 1 2 4 8 16 32 64 128 256
295  988 261 0  15 1 9 1 2 4 8 16 32 64 128 256
296  584 862 0 100 1 9 1 2 4 8 16 32 64 128 256
297  864 590 0  65 1 9 1 2 4 8 16 32 64 128 256
298   64 152 0  21 1 9 1 2 4 8 16 32 64 128 256
299  426 757 0  81 1 9 1 2 4 8 16 32 64 128 256
300  552 115 0  28 1 9 1 2 4 8 16 32 64 128 256
301  409 654 0  97 1 9 1 2 4 8 16 32 64 128 256
302  680 197 0  95 1 9 1 2 4 8 16 32 64 128 256
303  832 976 0  87 1 9 1 2 4 8 16 32 64 128 256
304   87 157 0  95 1 9 1 2 4 8 16 32 64 128 256
305  514 870 0  68 1 9 1 2 4 8 16 32 64 128 256
306  275 430 0  29 1 9 1 2 4 8 16 32 64 128 256
307  926 942 0  37 1 9 1 2 4 8 16 32 64 128 256
308  624 220 0   7 1 9 1 2 4 8 16 32 64 128 256
309  967 426 0  17 1 9 1 2 4 8 16 32 64 128 256
310  932 442 0  69 1 9 1 2 4 8 16 32 64 128 256
311  790 944 0  14 1 9 1 2 4 8 16 32 64 128 256
312  139 538 0  12 1 9 1 2 4 8 16 32 64 128 256
313  512 373 0  50 1 9 1 2 4 8 16 32 64 128 256
314  378 300 0  57 1 9 1 2 4 8 16 32 64 128 256
315  948 464 0  62 1 9 1 2 4 8 16 32 64 128 256
316   18 215 0  19 1 9 1 2 4 8 16 32 64 128 256
317  948 152 0  72 1 9 1 2 4 8 16 32 64 128 256
318  255 193 0  19 1 9 1 2 4 8 16 32 64 128 256
319  242  61 0  30 1 9 1 2 4 8 16 32 64 128 256
320  437 868 0  69 1 9 1 2 4 8 16 32 64 128 256
321  519 244 0   1 1 9 1 2 4 8 16 32 64 128 256
322   55 290 0   7 1 9 1 2 4 8 16 32 64 128 256
323  957 240 0  90 1 9 1 2 4 8 16 32 64 128 256
324  453  80 0  34 1 9 1 2 4 8 16 32 64 128 256
325   80 668 0  15 1 9 1 2 4 8 16 32 64 128 256
326   48 308 0  40 1 9 1 2 4 8 16 32 64 128 256
327  309 904 0  37 1 9 1 2 4 8 16 32 64 128 256
328  476 359 0  83 1 9 1 2 4 8 16 32 64 128 256
329  179 240 0   9 1 9 1 2 4 8 16 32 64 128 256
330  540 327 0  70 1 9 1 2 4 8 16 32 64 128 256
331  488 991 0  83 1 9 1 2 4 8 16 32 64 128 256
332  874 685 0  19 1 9 1 2 4 8 16 32 64 128 256
333  822 922 0  41 1 9 1 2 4 8 16 32 64 128 256
334  550 189 0  72 1 9 1 2 4 8 16 32 64 128 256
335  854 702 0   6 1 9 1 2 4 8 16 32 64 128 256
336  214 204 0  39 1 9 1 2 4 8 16 32 64 128 256
337  595 240 0  55 1 9 1 2 4 8 16 32 64 128 256
338  833 416 0   2 1 9 1 2 4 8 16 32 64 128 256
339  544 921 0  41 1 9 1 2 4 8 16 32 64 128 256
340  496 224 0  50 1 9 1 2 4 8 16 32 64 128 256
341  263 661 0  36 1 9 1 2 4 8 16 32 64 128 256
342  259 623 0  90 1 9 1 2 4 8 16 32 64 128 256
343  251 934 0  11 1 9 1 2 4 8 16 32 64 128 256
344  519 884 0  26 1 9 1 2 4 8 16 32 64 128 256
345  201 701 0  91 1 9 1 2 4 8 16 32 64 128 256
346  245 333 0  66 1 9 1 2 4 8 16 32 64 128 256
347  636 911 0  87 1 9 1 2 4 8 16 32 64 128 256
348  158   7 0  70 1 9 1 2 4 8 16 32 64 128 256
349  525 658 0   2 1 9 1 2 4 8 16 32 64 128 256
350  932 593 0  82 1 9 1 2 4 8 16 32 64 128 256
351  546 239 0  91 1 9 1 2 4 8 16 32 64 128 256
352  474 119 0  16 1 9 1 2 4 8 16 32 64 128 256
353  928 396 0  81 1 9 1 2 4 8 16 32 64 128 256
354  653 443 0  80 1 9 1 2 4 8 16 32 64 128 256
355  477 407 0  35 1 9 1 2 4 8 16 32 64 128 256
356  158 492 0  56 1 9 1 2 4 8 16 32 64 128 256
357  796  54 0  99 1 9 1 2 4 8 16 32 64 128 256
358  107 737 0  92 1 9 1 2 4 8 16 32 64 128 256
359  251 380 0  61 1 9 1 2 4 8 16 32 64 128 256
360  319 633 0  28 1 9 1 2 4 8 16 32 64 128 256
361  749 728 0  26 1 9 1 2 4 8 16 32 64 128 256
362  788 307 0   7 1 9 1 2 4 8 16 32 64 128 256
363  823 730 0  99 1 9 1 2 4 8 16 32 64 128 256
364  442 831 0  75 1 9 1 2 4 8 16 32 64 128 256
365  315 798 0  23 1 9 1 2 4 8 16 32 64 128 256
366  810 511 0  23 1 9 1 2 4 8 16 32 64 128 256
367  570 377 0  41 1 9 1 2 4 8 16 32 64 128 256
368  318 785 0  27 1 9 1 2 4 8 16 32 64 128 256
369  506 686 0  21 1 9 1 2 4 8 16 32 64 128 256
370  223 289 0  33 1 9 1 2 4 8 16 32 64 128 256
371  406 441 0   4 1 9 1 2 4 8 16 32 64 128 256
372  187 863 0  82 1 9 1 2 4 8 16 32 64 128 256
373  834 903 0  99 1 9 1 2 4 8 16 32 64 128 256
374  402 585 0  58 1 9 1 2 4 8 16 32 64 128 256
375  359 697 0  57 1 9 1 2 4 8 16 32 64 128 256
376  576 338 0  67 1 9 1 2 4 8 16 32 64 128 256
377  306 797 0  46 1 9 1 2 4 8 16 32 64 128 256
378  440 952 0  16 1 9 1 2 4 8 16 32 64 128 256
379  320 337 0  22 1 9 1 2 4 8 16 32 64 128 256
380  173 157 0  16 1 9 1 2 4 8 16 32 64 128 256
381   52 705 0  31 1 9 1 2 4 8 16 32 64 128 256
382  911 981 0  99 1 9 1 2 4 8 16 32 64 128 256
383  627  20 0  64 1 9 1 2 4 8 16 32 64 128 256
384  101 893 0  60 1 9 1 2 4 8 16 32 64 128 256
385  342  26 0  78 1 9 1 2 4 8 16 32 64 128 256
386  287 516 0  46 1 9 1 2 4 8 16 32 64 128 256
387  463 609 0  20 1 9 1 2 4 8 16 32 64 128 256
388  652 618 0   7 1 9 1 2 4 8 16 32 64 128 256
389  613 359 0  67 1 9 1 2 4 8 16 32 64 128 256
390  346 731 0  59 1 9 1 2 4 8 16 32 64 128 256
391  223 648 0  34 1 9 1 2 4 8 16 32 64 128 256
392  337 539 0  44 1 9 1 2 4 8 16 32 64 128 256
393  949 895 0  60 1 9 1 2 4 8 16 32 64 128 256
394  903 836 0  72 1 9 1 2 4 8 16 32 64 128 256
395  115  21 0  91 1 9 1 2 4 8 16 32 64 128 256
396  583 549 0  75 1 9 1 2 4 8 16 32 64 128 256
397  321 142 0   2 1 9 1 2 4 8 16 32 64 128 256
398  487 156 0  48 1 9 1 2 4 8 16 32 64 128 256
399  962 484 0  91 1 9 1 2 4 8 16 32 64 128 256
400  316  91 0  38 1 9 1 2 4 8 16 32 64 128 256
401  605 324 0  15 1 9 1 2 4 8 16 32 64 128 256
402  764 190 0  81 1 9 1 2 4 8 16 32 64 128 256
403  576 509 0  69 1 9 1 2 4 8 16 32 64 128 256
404  146 764 0  50 1 9 1 2 4 8 16 32 64 128 256
405   11 332 0  88 1 9 1 2 4 8 16 32 64 128 256
406  380 982 0  15 1 9 1 2 4 8 16 32 64 128 256
407  407  18 0  18 1 9 1 2 4 8 16 32 64 128 256
408  827 914 0  61 1 9 1 2 4 8 16 32 64 128 256
409  274 396 0  58 1 9 1 2 4 8 16 32 64 128 256
410   38 489 0  20 1 9 1 2 4 8 16 32 64 128 256
411  258 208 0  87 1 9 1 2 4 8 16 32 64 128 256
412  574 511 0  69 1 9 1 2 4 8 16 32 64 128 256
413   20 837 0  43 1 9 1 2 4 8 16 32 64 128 256
414  320 485 0  20 1 9 1 2 4 8 16 32 64 128 256
415  557 526 0  98 1 9 1 2 4 8 16 32 64 128 256
416  887 664 0  28 1 9 1 2 4 8 16 32 64 128 256
417  979 665 0  99 1 9 1 2 4 8 16 32 64 128 256
418  710 766 0  38 1 9 1 2 4 8 16 32 64 128 256
419  836   4 0  82 1 9 1 2 4 8 16 32 64 128 256
420  182 307 0  74 1 9 1 2 4 8 16 32 64 128 256
421  577 140 0  18 1 9 1 2 4 8 16 32 64 128 256
422  581 171 0  78 1 9 1 2 4 8 16 32 64 128 256
423  533 269 0  79 1 9 1 2 4 8 16 32 64 128 256
424   37 953 0  34 1 9 1 2 4 8 16 32 64 128 256
425  298 153 0   5 1 9 1 2 4 8 16 32 64 128 256
426  573 653 0  90 1 9 1 2 4 8 16 32 64 128 256
427  593  81 0  24 1 9 1 2 4 8 16 32 64 128 256
428  343 411 0  58 1 9 1 2 4 8 16 32 64 128 256
429  789 816 0  11 1 9 1 2 4 8 16 32 64 128 256
430  907 531 0  63 1 9 1 2 4 8 16 32 64 128 256
431  363 184 0  73 1 9 1 2 4 8 16 32 64 128 256
432  748 632 0  25 1 9 1 2 4 8 16 32 64 128 256
433  756 872 0  44 1 9 1 2 4 8 16 32 64 128 256
434  217 409 0  56 1 9 1 2 4 8 16 32 64 128 256
435   41 740 0  42 1 9 1 2 4 8 16 32 64 128 256
436  364 977 0  84 1 9 1 2 4 8 16 32 64 128 256
437  239 449 0  81 1 9 1 2 4 8 16 32 64 128 256
438   85 340 0  83 1 9 1 2 4 8 16 32 64 128 256
439  379 172 0   4 1 9 1 2 4 8 16 32 64 128 256
440  632 442 0  89 1 9 1 2 4 8 16 32 64 128 256
441  778 136 0  29 1 9 1 2 4 8 16 32 64 128 256
442  615 459 0  48 1 9 1 2 4 8 16 32 64 128 256
443  938 592 0  13 1 9 1 2 4 8 16 32 64 128 256
444  902  18 0  58 1 9 1 2 4 8 16 32 64 128 256
445  336 467 0  91 1 9 1 2 4 8 16 32 64 128 256
446  712 913 0   7 1 9 1 2 4 8 16 32 64 128 256
447  945 597 0  68 1 9 1 2 4 8 16 32 64 128 256
448  816 129 0   4 1 9 1 2 4 8 16 32 64 128 256
449  731 880 0  54 1 9 1 2 4 8 16 32 64 128 256
450  324  13 0  53 1 9 1 2 4 8 16 32 64 128 256
451  484  13 0  63 1 9 1 2 4 8 16 32 64 128 256
452  304 326 0  13 1 9 1 2 4 8 16 32 64 128 256
453   21 811 0  23 1 9 1 2 4 8 16 32 64 128 256
454  212 271 0   8 1 9 1 2 4 8 16 32 64 128 256
455   30 580 0  56 1 9 1 2 4 8 16 32 64 128 256
456  203 574 0  76 1 9 1 2 4 8 16 32 64 128 256
457   34 485 0   6 1 9 1 2 4 8 16 32 64 128 256
458  694 690 0  33 1 9 1 2 4 8 16 32 64 128 256
459  277 556 0  12 1 9 1 2 4 8 16 32 64 128 256
460  692 400 0  17 1 9 1 2 4 8 16 32 64 128 256
461  226 589 0  44 1 9 1 2 4 8 16 32 64 128 256
462  212 616 0  90 1 9 1 2 4 8 16 32 64 128 256
463  508 476 0  73 1 9 1 2 4 8 16 32 64 128 256
464  489 726 0  10 1 9 1 2 4 8 16 32 64 128 256
465  998 554 0  59 1 9 1 2 4 8 16 32 64 128 256
466  679 506 0  72 1 9 1 2 4 8 16 32 64 128 256
467  584  59 0  30 1 9 1 2 4 8 16 32 64 128 256
468  845 981 0  36 1 9 1 2 4 8 16 32 64 128 256
469  242  81 0  21 1 9 1 2 4 8 16 32 64 128 256
470   70  67 0   1 1 9 1 2 4 8 16 32 64 128 256
471  856 522 0  94 1 9 1 2 4 8 16 32 64 128 256
472  181 800 0  82 1 9 1 2 4 8 16 32 64 128 256
473  523 219 0  21 1 9 1 2 4 8 16 32 64 128 256
474  935  99 0  55 1 9 1 2 4 8 16 32 64 128 256
475  223  88 0  71 1 9 1 2 4 8 16 32 64 128 256
476  996 476 0  95 1 9 1 2 4 8 16 32 64 128 256
477  935 830 0  66 1 9 1 2 4 8 16 32 64 128 256
478  917 970 0  60 1 9 1 2 4 8 16 32 64 128 256
479  665  20 0  50 1 9 1 2 4 8 16 32 64 128 256
480  317 191 0  72 1 9 1 2 4 8 16 32 64 128 256
481   88 344 0  24 1 9 1 2 4 8 16 32 64 128 256
482  793 981 0  44 1 9 1 2 4 8 16 32 64 128 256
483   16 245 0  73 1 9 1 2 4 8 16 32 64 128 256
484  643 835 0  63 1 9 1 2 4 8 16 32 64 128 256
485  409 411 0  98 1 9 1 2 4 8 16 32 64 128 256
486  275 482 0  44 1 9 1 2 4 8 16 32 64 128 256
487  519  23 0  24 1 9 1 2 4 8 16 32 64 128 256
488  910 775 0  59 1 9 1 2 4 8 16 32 64 128 256
489  385 845 0  17 1 9 1 2 4 8 16 32 64 128 256
490  717 430 0  41 1 9 1 2 4 8 16 32 64 128 256
491  558   0 0  59 1 9 1 2 4 8 16 32 64 128 256
492  479 856 0  49 1 9 1 2 4 8 16 32 64 128 256
493   30  24 0  91 1 9 1 2 4 8 16 32 64 128 256
494  779 682 0  53 1 9 1 2 4 8 16 32 64 128 256
495   28 769 0  10 1 9 1 2 4 8 16 32 64 128 256
496  838 177 0  10 1 9 1 2 4 8 16 32 64 128 256
497  101 241 0  55 1 9 1 2 4 8 16 32 64 128 256
498  374 271 0  12 1 9 1 2 4 8 16 32 64 128 256
499  341 289 0   6 1 9 1 2 4 8 16 32 64 128 256
500   26 894 0  93 1 9 1 2 4 8 16 32 64 128 256
501  165 104 0  83 1 9 1 2 4 8 16 32 64 128 256
502  341 901 0  34 1 9 1 2 4 8 16 32 64 128 256
503  512 212 0  90 1 9 1 2 4 8 16 32 64 128 256
504  596 677 0  29 1 9 1 2 4 8 16 32 64 128 256
505  803 742 0  10 1 9 1 2 4 8 16 32 64 128 256
506  807 612 0   3 1 9 1 2 4 8 16 32 64 128 256
507  317 268 0  78 1 9 1 2 4 8 16 32 64 128 256
508  131 872 0   6 1 9 1 2 4 8 16 32 64 128 256
509  586 759 0  55 1 9 1 2 4 8 16 32 64 128 256
510  236  93 0  31 1 9 1 2 4 8 16 32 64 128 256
511  748 168 0  77 1 9 1 2 4 8 16 32 64 128 256
512  894  74 0  65 1 9 1 2 4 8 16 32 64 128 256
513  819 173 0  24 1 9 1 2 4 8 16 32 64 128 256
514  390 557 0  46 1 9 1 2 4 8 16 32 64 128 256
515  525 123 0  50 1 9 1 2 4 8 16 32 64 128 256
516   63 568 0  12 1 9 1 2 4 8 16 32 64 128 256
517  714 710 0  40 1 9 1 2 4 8 16 32 64 128 256
518   67 470 0  82 1 9 1 2 4 8 16 32 64 128 256
519   80 655 0  57 1 9 1 2 4 8 16 32 64 128 256
520  816 667 0  76 1 9 1 2 4 8 16 32 64 128 256
521  390 735 0  18 1 9 1 2 4 8 16 32 64 128 256
522  662 346 0  95 1 9 1 2 4 8 16 32 64 128 256
523  215 888 0  45 1 9 1 2 4 8 16 32 64 128 256
524  220 433 0  49 1 9 1 2 4 8 16 32 64 128 256
525  419 272 0   0 0 0
526   17 595 0   0 0 0
527  264 439 0   0 0 0
528  360 540 0   0 0 0
529  746 700 0   0 0 0
530  612 804 0   0 0 0
531  430 427 0   0 0 0
532  395 754 0   0 0 0
533  134 723 0   0 0 0
