2 41 534 10
0 238
0 238
0 238
0 238
0 238
0 238
0 238
0 238
0 238
0 238
  1 236  361 0  98 1 10 1 2 4 8 16 32 64 128 256 512
  2 121  296 0  12 1 10 1 2 4 8 16 32 64 128 256 512
  3 182  980 0  83 1 10 1 2 4 8 16 32 64 128 256 512
  4 991    5 0  63 1 10 1 2 4 8 16 32 64 128 256 512
  5 623  824 0  10 1 10 1 2 4 8 16 32 64 128 256 512
  6 655  133 0  84 1 10 1 2 4 8 16 32 64 128 256 512
  7 546  434 0  95 1 10 1 2 4 8 16 32 64 128 256 512
  8 947  489 0  17 1 10 1 2 4 8 16 32 64 128 256 512
  9 309  215 0  51 1 10 1 2 4 8 16 32 64 128 256 512
 10 271  736 0  77 1 10 1 2 4 8 16 32 64 128 256 512
 11 758  787 0  77 1 10 1 2 4 8 16 32 64 128 256 512
 12 885   64 0  82 1 10 1 2 4 8 16 32 64 128 256 512
 13 235  127 0  43 1 10 1 2 4 8 16 32 64 128 256 512
 14 811  793 0  80 1 10 1 2 4 8 16 32 64 128 256 512
 15   2  796 0  91 1 10 1 2 4 8 16 32 64 128 256 512
 16 631  125 0  50 1 10 1 2 4 8 16 32 64 128 256 512
 17 328   62 0  55 1 10 1 2 4 8 16 32 64 128 256 512
 18 894  988 0  58 1 10 1 2 4 8 16 32 64 128 256 512
 19 784  131 0  72 1 10 1 2 4 8 16 32 64 128 256 512
 20  23    8 0  36 1 10 1 2 4 8 16 32 64 128 256 512
 21 997  714 0  47 1 10 1 2 4 8 16 32 64 128 256 512
 22 663  925 0  78 1 10 1 2 4 8 16 32 64 128 256 512
 23 809  828 0  25 1 10 1 2 4 8 16 32 64 128 256 512
 24 420  407 0  50 1 10 1 2 4 8 16 32 64 128 256 512
 25 620  104 0  50 1 10 1 2 4 8 16 32 64 128 256 512
 26 415  116 0  92 1 10 1 2 4 8 16 32 64 128 256 512
 27 342  412 0  41 1 10 1 2 4 8 16 32 64 128 256 512
 28 674  202 0  34 1 10 1 2 4 8 16 32 64 128 256 512
 29 271  501 0  37 1 10 1 2 4 8 16 32 64 128 256 512
 30 586  584 0   5 1 10 1 2 4 8 16 32 64 128 256 512
 31  56  242 0  69 1 10 1 2 4 8 16 32 64 128 256 512
 32 245  545 0  49 1 10 1 2 4 8 16 32 64 128 256 512
 33 777  508 0  43 1 10 1 2 4 8 16 32 64 128 256 512
 34 825  861 0   5 1 10 1 2 4 8 16 32 64 128 256 512
 35 530   87 0   1 1 10 1 2 4 8 16 32 64 128 256 512
 36 922  622 0  27 1 10 1 2 4 8 16 32 64 128 256 512
 37  52  581 0  34 1 10 1 2 4 8 16 32 64 128 256 512
 38 782  851 0  23 1 10 1 2 4 8 16 32 64 128 256 512
 39 632  378 0  63 1 10 1 2 4 8 16 32 64 128 256 512
 40 907  143 0  69 1 10 1 2 4 8 16 32 64 128 256 512
 41 213  478 0  76 1 10 1 2 4 8 16 32 64 128 256 512
 42 720  802 0  78 1 10 1 2 4 8 16 32 64 128 256 512
 43 195  485 0  73 1 10 1 2 4 8 16 32 64 128 256 512
 44 902  963 0  18 1 10 1 2 4 8 16 32 64 128 256 512
 45  40  337 0  60 1 10 1 2 4 8 16 32 64 128 256 512
 46 700  711 0  19 1 10 1 2 4 8 16 32 64 128 256 512
 47 132   96 0  39 1 10 1 2 4 8 16 32 64 128 256 512
 48 295  906 0  86 1 10 1 2 4 8 16 32 64 128 256 512
 49 636  318 0   4 1 10 1 2 4 8 16 32 64 128 256 512
 50 218  266 0  71 1 10 1 2 4 8 16 32 64 128 256 512
 51 660  565 0  34 1 10 1 2 4 8 16 32 64 128 256 512
 52 992  887 0  64 1 10 1 2 4 8 16 32 64 128 256 512
 53 851  842 0  93 1 10 1 2 4 8 16 32 64 128 256 512
 54 588  561 0  33 1 10 1 2 4 8 16 32 64 128 256 512
 55  38  370 0  59 1 10 1 2 4 8 16 32 64 128 256 512
 56 186  849 0  85 1 10 1 2 4 8 16 32 64 128 256 512
 57 581  251 0  59 1 10 1 2 4 8 16 32 64 128 256 512
 58 985  585 0   4 1 10 1 2 4 8 16 32 64 128 256 512
 59 850  975 0  16 1 10 1 2 4 8 16 32 64 128 256 512
 60 361  658 0  31 1 10 1 2 4 8 16 32 64 128 256 512
 61  81  455 0   8 1 10 1 2 4 8 16 32 64 128 256 512
 62 617  314 0  40 1 10 1 2 4 8 16 32 64 128 256 512
 63 178  733 0  95 1 10 1 2 4 8 16 32 64 128 256 512
 64  98  874 0  97 1 10 1 2 4 8 16 32 64 128 256 512
 65 550  487 0  87 1 10 1 2 4 8 16 32 64 128 256 512
 66 559  870 0  91 1 10 1 2 4 8 16 32 64 128 256 512
 67 257  707 0  94 1 10 1 2 4 8 16 32 64 128 256 512
 68 292 1000 0  61 1 10 1 2 4 8 16 32 64 128 256 512
 69 373  255 0  47 1 10 1 2 4 8 16 32 64 128 256 512
 70 141  232 0  14 1 10 1 2 4 8 16 32 64 128 256 512
 71 907  905 0  32 1 10 1 2 4 8 16 32 64 128 256 512
 72  83  130 0  22 1 10 1 2 4 8 16 32 64 128 256 512
 73 751  154 0  83 1 10 1 2 4 8 16 32 64 128 256 512
 74 686  593 0  14 1 10 1 2 4 8 16 32 64 128 256 512
 75 132  735 0  48 1 10 1 2 4 8 16 32 64 128 256 512
 76 571  770 0  75 1 10 1 2 4 8 16 32 64 128 256 512
 77 599  702 0  29 1 10 1 2 4 8 16 32 64 128 256 512
 78 799  506 0  82 1 10 1 2 4 8 16 32 64 128 256 512
 79 455  221 0  86 1 10 1 2 4 8 16 32 64 128 256 512
 80 357  973 0  11 1 10 1 2 4 8 16 32 64 128 256 512
 81 813  352 0  68 1 10 1 2 4 8 16 32 64 128 256 512
 82 972  558 0  62 1 10 1 2 4 8 16 32 64 128 256 512
 83 506   48 0  72 1 10 1 2 4 8 16 32 64 128 256 512
 84 279  431 0  40 1 10 1 2 4 8 16 32 64 128 256 512
 85 544  747 0  44 1 10 1 2 4 8 16 32 64 128 256 512
 86  18  337 0  53 1 10 1 2 4 8 16 32 64 128 256 512
 87 374  153 0  82 1 10 1 2 4 8 16 32 64 128 256 512
 88 933  401 0  49 1 10 1 2 4 8 16 32 64 128 256 512
 89 284  988 0  47 1 10 1 2 4 8 16 32 64 128 256 512
 90 240  182 0  21 1 10 1 2 4 8 16 32 64 128 256 512
 91 970  538 0  47 1 10 1 2 4 8 16 32 64 128 256 512
 92 833  329 0  76 1 10 1 2 4 8 16 32 64 128 256 512
 93 444  357 0  35 1 10 1 2 4 8 16 32 64 128 256 512
 94 103  159 0   9 1 10 1 2 4 8 16 32 64 128 256 512
 95  52  833 0  21 1 10 1 2 4 8 16 32 64 128 256 512
 96  86  496 0  13 1 10 1 2 4 8 16 32 64 128 256 512
 97 296   61 0  44 1 10 1 2 4 8 16 32 64 128 256 512
 98 649  237 0  95 1 10 1 2 4 8 16 32 64 128 256 512
 99 764  795 0  40 1 10 1 2 4 8 16 32 64 128 256 512
100 418  791 0  85 1 10 1 2 4 8 16 32 64 128 256 512
101 876  385 0  71 1 10 1 2 4 8 16 32 64 128 256 512
102 725  793 0  50 1 10 1 2 4 8 16 32 64 128 256 512
103 838  679 0  14 1 10 1 2 4 8 16 32 64 128 256 512
104 533  568 0  39 1 10 1 2 4 8 16 32 64 128 256 512
105 311   39 0  72 1 10 1 2 4 8 16 32 64 128 256 512
106 365  491 0  11 1 10 1 2 4 8 16 32 64 128 256 512
107 229  372 0   7 1 10 1 2 4 8 16 32 64 128 256 512
108 434  347 0  10 1 10 1 2 4 8 16 32 64 128 256 512
109  97  150 0  32 1 10 1 2 4 8 16 32 64 128 256 512
110 844  957 0  43 1 10 1 2 4 8 16 32 64 128 256 512
111 755  182 0  18 1 10 1 2 4 8 16 32 64 128 256 512
112 680  276 0  88 1 10 1 2 4 8 16 32 64 128 256 512
113 977  331 0  29 1 10 1 2 4 8 16 32 64 128 256 512
114 501  956 0   3 1 10 1 2 4 8 16 32 64 128 256 512
115 228   42 0  98 1 10 1 2 4 8 16 32 64 128 256 512
116 351  311 0  22 1 10 1 2 4 8 16 32 64 128 256 512
117 573  514 0  68 1 10 1 2 4 8 16 32 64 128 256 512
118  81  381 0  79 1 10 1 2 4 8 16 32 64 128 256 512
119 749  772 0  25 1 10 1 2 4 8 16 32 64 128 256 512
120 792  765 0  21 1 10 1 2 4 8 16 32 64 128 256 512
121 884  772 0  16 1 10 1 2 4 8 16 32 64 128 256 512
122 115  279 0  84 1 10 1 2 4 8 16 32 64 128 256 512
123 923  120 0  35 1 10 1 2 4 8 16 32 64 128 256 512
124 867  794 0  64 1 10 1 2 4 8 16 32 64 128 256 512
125 232  673 0  49 1 10 1 2 4 8 16 32 64 128 256 512
126 505  813 0  20 1 10 1 2 4 8 16 32 64 128 256 512
127 988  225 0  87 1 10 1 2 4 8 16 32 64 128 256 512
128 226  280 0  16 1 10 1 2 4 8 16 32 64 128 256 512
129 909  217 0  28 1 10 1 2 4 8 16 32 64 128 256 512
130 846   11 0  40 1 10 1 2 4 8 16 32 64 128 256 512
131  40  697 0  19 1 10 1 2 4 8 16 32 64 128 256 512
132 778  949 0  78 1 10 1 2 4 8 16 32 64 128 256 512
133 516  560 0  99 1 10 1 2 4 8 16 32 64 128 256 512
134 360  318 0  92 1 10 1 2 4 8 16 32 64 128 256 512
135 104  955 0  47 1 10 1 2 4 8 16 32 64 128 256 512
136   0  749 0  49 1 10 1 2 4 8 16 32 64 128 256 512
137 714  419 0  65 1 10 1 2 4 8 16 32 64 128 256 512
138 951  564 0  28 1 10 1 2 4 8 16 32 64 128 256 512
139 660  283 0  49 1 10 1 2 4 8 16 32 64 128 256 512
140 343  409 0  19 1 10 1 2 4 8 16 32 64 128 256 512
141 752  143 0  86 1 10 1 2 4 8 16 32 64 128 256 512
142 831  250 0  16 1 10 1 2 4 8 16 32 64 128 256 512
143 232  759 0  93 1 10 1 2 4 8 16 32 64 128 256 512
144 112  301 0  61 1 10 1 2 4 8 16 32 64 128 256 512
145 603  674 0  22 1 10 1 2 4 8 16 32 64 128 256 512
146 716  234 0  47 1 10 1 2 4 8 16 32 64 128 256 512
147 458  543 0  93 1 10 1 2 4 8 16 32 64 128 256 512
148  40  296 0  26 1 10 1 2 4 8 16 32 64 128 256 512
149 694  144 0  52 1 10 1 2 4 8 16 32 64 128 256 512
150 228  595 0  55 1 10 1 2 4 8 16 32 64 128 256 512
151  20  153 0  91 1 10 1 2 4 8 16 32 64 128 256 512
152 811  104 0  26 1 10 1 2 4 8 16 32 64 128 256 512
153 971  280 0  36 1 10 1 2 4 8 16 32 64 128 256 512
154 506  921 0  20 1 10 1 2 4 8 16 32 64 128 256 512
155  60  850 0  29 1 10 1 2 4 8 16 32 64 128 256 512
156 654  864 0   6 1 10 1 2 4 8 16 32 64 128 256 512
157 193   36 0  50 1 10 1 2 4 8 16 32 64 128 256 512
158 883   73 0  15 1 10 1 2 4 8 16 32 64 128 256 512
159  11  115 0   1 1 10 1 2 4 8 16 32 64 128 256 512
160 659  983 0  98 1 10 1 2 4 8 16 32 64 128 256 512
161 959  459 0  38 1 10 1 2 4 8 16 32 64 128 256 512
162 786   74 0  68 1 10 1 2 4 8 16 32 64 128 256 512
163 572  374 0  44 1 10 1 2 4 8 16 32 64 128 256 512
164 926  955 0  26 1 10 1 2 4 8 16 32 64 128 256 512
165  19  475 0   9 1 10 1 2 4 8 16 32 64 128 256 512
166 830  284 0  84 1 10 1 2 4 8 16 32 64 128 256 512
167 145  984 0  99 1 10 1 2 4 8 16 32 64 128 256 512
168 734  924 0  39 1 10 1 2 4 8 16 32 64 128 256 512
169 383  455 0  71 1 10 1 2 4 8 16 32 64 128 256 512
170  11  212 0  37 1 10 1 2 4 8 16 32 64 128 256 512
171 865  999 0  98 1 10 1 2 4 8 16 32 64 128 256 512
172 238  178 0  63 1 10 1 2 4 8 16 32 64 128 256 512
173 274  670 0  38 1 10 1 2 4 8 16 32 64 128 256 512
174 586  263 0  68 1 10 1 2 4 8 16 32 64 128 256 512
175 516  940 0  41 1 10 1 2 4 8 16 32 64 128 256 512
176 932  382 0   2 1 10 1 2 4 8 16 32 64 128 256 512
177 112   38 0  29 1 10 1 2 4 8 16 32 64 128 256 512
178  44   26 0  59 1 10 1 2 4 8 16 32 64 128 256 512
179 287  705 0  61 1 10 1 2 4 8 16 32 64 128 256 512
180 690  465 0  19 1 10 1 2 4 8 16 32 64 128 256 512
181 668  886 0  98 1 10 1 2 4 8 16 32 64 128 256 512
182 960  325 0  49 1 10 1 2 4 8 16 32 64 128 256 512
183 902  436 0  14 1 10 1 2 4 8 16 32 64 128 256 512
184 602  389 0  60 1 10 1 2 4 8 16 32 64 128 256 512
185 260  511 0  84 1 10 1 2 4 8 16 32 64 128 256 512
186 605  297 0   2 1 10 1 2 4 8 16 32 64 128 256 512
187  92  809 0  16 1 10 1 2 4 8 16 32 64 128 256 512
188 259  411 0  33 1 10 1 2 4 8 16 32 64 128 256 512
189 878  933 0  26 1 10 1 2 4 8 16 32 64 128 256 512
190 625  249 0   9 1 10 1 2 4 8 16 32 64 128 256 512
191 695  537 0  69 1 10 1 2 4 8 16 32 64 128 256 512
192 746  320 0  31 1 10 1 2 4 8 16 32 64 128 256 512
193 537  802 0  91 1 10 1 2 4 8 16 32 64 128 256 512
194 124  289 0  79 1 10 1 2 4 8 16 32 64 128 256 512
195 457  693 0  66 1 10 1 2 4 8 16 32 64 128 256 512
196 579  554 0   6 1 10 1 2 4 8 16 32 64 128 256 512
197 383  430 0  60 1 10 1 2 4 8 16 32 64 128 256 512
198 820   59 0  71 1 10 1 2 4 8 16 32 64 128 256 512
199  36  909 0  38 1 10 1 2 4 8 16 32 64 128 256 512
200  61  841 0  22 1 10 1 2 4 8 16 32 64 128 256 512
201 838  166 0  10 1 10 1 2 4 8 16 32 64 128 256 512
202 465  917 0  73 1 10 1 2 4 8 16 32 64 128 256 512
203 429  763 0  31 1 10 1 2 4 8 16 32 64 128 256 512
204 106  790 0   6 1 10 1 2 4 8 16 32 64 128 256 512
205  59  302 0  98 1 10 1 2 4 8 16 32 64 128 256 512
206   7  691 0  23 1 10 1 2 4 8 16 32 64 128 256 512
207 846   48 0  18 1 10 1 2 4 8 16 32 64 128 256 512
208 694  600 0  83 1 10 1 2 4 8 16 32 64 128 256 512
209 480  305 0  21 1 10 1 2 4 8 16 32 64 128 256 512
210 416  960 0  82 1 10 1 2 4 8 16 32 64 128 256 512
211 826  916 0  10 1 10 1 2 4 8 16 32 64 128 256 512
212   1  983 0  78 1 10 1 2 4 8 16 32 64 128 256 512
213 770  420 0  34 1 10 1 2 4 8 16 32 64 128 256 512
214 644  174 0  83 1 10 1 2 4 8 16 32 64 128 256 512
215  36  201 0  95 1 10 1 2 4 8 16 32 64 128 256 512
216 486   26 0  38 1 10 1 2 4 8 16 32 64 128 256 512
217 967  418 0   2 1 10 1 2 4 8 16 32 64 128 256 512
218 213  920 0  59 1 10 1 2 4 8 16 32 64 128 256 512
219  61  986 0  10 1 10 1 2 4 8 16 32 64 128 256 512
220 443  567 0  28 1 10 1 2 4 8 16 32 64 128 256 512
221 685  511 0  65 1 10 1 2 4 8 16 32 64 128 256 512
222 262  539 0  96 1 10 1 2 4 8 16 32 64 128 256 512
223 450  981 0  65 1 10 1 2 4 8 16 32 64 128 256 512
224 982  436 0  95 1 10 1 2 4 8 16 32 64 128 256 512
225  21  444 0  16 1 10 1 2 4 8 16 32 64 128 256 512
226 834  634 0  62 1 10 1 2 4 8 16 32 64 128 256 512
227 192  402 0  12 1 10 1 2 4 8 16 32 64 128 256 512
228 543   84 0  53 1 10 1 2 4 8 16 32 64 128 256 512
229 163  440 0  86 1 10 1 2 4 8 16 32 64 128 256 512
230 813  588 0  22 1 10 1 2 4 8 16 32 64 128 256 512
231 593  104 0  49 1 10 1 2 4 8 16 32 64 128 256 512
232 424  410 0  29 1 10 1 2 4 8 16 32 64 128 256 512
233 100   78 0  48 1 10 1 2 4 8 16 32 64 128 256 512
234  47   97 0  48 1 10 1 2 4 8 16 32 64 128 256 512
235 441  751 0   5 1 10 1 2 4 8 16 32 64 128 256 512
236 918  672 0  16 1 10 1 2 4 8 16 32 64 128 256 512
237 332  303 0   1 1 10 1 2 4 8 16 32 64 128 256 512
238 262  334 0  52 1 10 1 2 4 8 16 32 64 128 256 512
239  91  792 0  70 1 10 1 2 4 8 16 32 64 128 256 512
240 805  914 0   5 1 10 1 2 4 8 16 32 64 128 256 512
241 850  201 0   4 1 10 1 2 4 8 16 32 64 128 256 512
242 291  581 0  33 1 10 1 2 4 8 16 32 64 128 256 512
243 859  373 0  48 1 10 1 2 4 8 16 32 64 128 256 512
244 899  591 0  19 1 10 1 2 4 8 16 32 64 128 256 512
245 616   64 0  51 1 10 1 2 4 8 16 32 64 128 256 512
246 466  267 0  35 1 10 1 2 4 8 16 32 64 128 256 512
247 563  539 0  43 1 10 1 2 4 8 16 32 64 128 256 512
248 930  531 0  44 1 10 1 2 4 8 16 32 64 128 256 512
249  42  251 0  46 1 10 1 2 4 8 16 32 64 128 256 512
250 150   12 0  53 1 10 1 2 4 8 16 32 64 128 256 512
251 405    8 0   6 1 10 1 2 4 8 16 32 64 128 256 512
252 501  234 0  78 1 10 1 2 4 8 16 32 64 128 256 512
253 142  620 0  92 1 10 1 2 4 8 16 32 64 128 256 512
254 755  664 0  49 1 10 1 2 4 8 16 32 64 128 256 512
255  68  827 0  60 1 10 1 2 4 8 16 32 64 128 256 512
256 826  236 0   6 1 10 1 2 4 8 16 32 64 128 256 512
257 751  711 0  49 1 10 1 2 4 8 16 32 64 128 256 512
258 141  392 0  79 1 10 1 2 4 8 16 32 64 128 256 512
259 733  140 0  77 1 10 1 2 4 8 16 32 64 128 256 512
260 306  641 0  13 1 10 1 2 4 8 16 32 64 128 256 512
261 952  165 0  52 1 10 1 2 4 8 16 32 64 128 256 512
262  69  462 0  41 1 10 1 2 4 8 16 32 64 128 256 512
263 426  614 0  10 1 10 1 2 4 8 16 32 64 128 256 512
264 732  442 0  23 1 10 1 2 4 8 16 32 64 128 256 512
265 371  879 0  14 1 10 1 2 4 8 16 32 64 128 256 512
266 710  833 0  21 1 10 1 2 4 8 16 32 64 128 256 512
267 419  646 0   6 1 10 1 2 4 8 16 32 64 128 256 512
268 264  498 0  79 1 10 1 2 4 8 16 32 64 128 256 512
269 861   27 0  28 1 10 1 2 4 8 16 32 64 128 256 512
270 880  434 0  44 1 10 1 2 4 8 16 32 64 128 256 512
271 358  470 0  84 1 10 1 2 4 8 16 32 64 128 256 512
272 537  194 0  40 1 10 1 2 4 8 16 32 64 128 256 512
273  56  611 0  42 1 10 1 2 4 8 16 32 64 128 256 512
274 728  780 0  39 1 10 1 2 4 8 16 32 64 128 256 512
275 690  258 0  25 1 10 1 2 4 8 16 32 64 128 256 512
276 860  149 0  39 1 10 1 2 4 8 16 32 64 128 256 512
277 478  781 0  78 1 10 1 2 4 8 16 32 64 128 256 512
278  66  248 0  41 1 10 1 2 4 8 16 32 64 128 256 512
279 868  563 0   8 1 10 1 2 4 8 16 32 64 128 256 512
280 483  432 0   3 1 10 1 2 4 8 16 32 64 128 256 512
281 369   85 0  54 1 10 1 2 4 8 16 32 64 128 256 512
282 688  407 0  12 1 10 1 2 4 8 16 32 64 128 256 512
283 584  920 0  48 1 10 1 2 4 8 16 32 64 128 256 512
284  25  156 0  75 1 10 1 2 4 8 16 32 64 128 256 512
285 472   78 0  33 1 10 1 2 4 8 16 32 64 128 256 512
286 741  458 0  39 1 10 1 2 4 8 16 32 64 128 256 512
287 182  483 0  74 1 10 1 2 4 8 16 32 64 128 256 512
288 380  299 0  13 1 10 1 2 4 8 16 32 64 128 256 512
289 311  711 0  47 1 10 1 2 4 8 16 32 64 128 256 512
290 780  791 0   2 1 10 1 2 4 8 16 32 64 128 256 512
291 288  849 0  97 1 10 1 2 4 8 16 32 64 128 256 512
292 320  866 0  80 1 10 1 2 4 8 16 32 64 128 256 512
293  87  937 0  90 1 10 1 2 4 8 16 32 64 128 256 512
294 911  732 0  92 1 10 1 2 4 8 16 32 64 128 256 512
295 358  525 0   2 1 10 1 2 4 8 16 32 64 128 256 512
296 339  899 0  65 1 10 1 2 4 8 16 32 64 128 256 512
297 740  320 0  19 1 10 1 2 4 8 16 32 64 128 256 512
298 436  882 0  81 1 10 1 2 4 8 16 32 64 128 256 512
299 649  323 0  26 1 10 1 2 4 8 16 32 64 128 256 512
300 795  779 0   3 1 10 1 2 4 8 16 32 64 128 256 512
301 527  358 0   5 1 10 1 2 4 8 16 32 64 128 256 512
302 639   27 0  88 1 10 1 2 4 8 16 32 64 128 256 512
303 879  756 0  29 1 10 1 2 4 8 16 32 64 128 256 512
304 855   84 0  64 1 10 1 2 4 8 16 32 64 128 256 512
305 917  154 0  55 1 10 1 2 4 8 16 32 64 128 256 512
306 396  464 0  25 1 10 1 2 4 8 16 32 64 128 256 512
307 221  241 0  39 1 10 1 2 4 8 16 32 64 128 256 512
308 238  106 0  79 1 10 1 2 4 8 16 32 64 128 256 512
309 602  337 0  79 1 10 1 2 4 8 16 32 64 128 256 512
310 709  539 0  51 1 10 1 2 4 8 16 32 64 128 256 512
311 426  394 0  32 1 10 1 2 4 8 16 32 64 128 256 512
312 243  779 0  66 1 10 1 2 4 8 16 32 64 128 256 512
313 828  514 0  49 1 10 1 2 4 8 16 32 64 128 256 512
314  32  797 0  11 1 10 1 2 4 8 16 32 64 128 256 512
315  13  511 0  55 1 10 1 2 4 8 16 32 64 128 256 512
316 573  526 0  50 1 10 1 2 4 8 16 32 64 128 256 512
317 586  218 0  30 1 10 1 2 4 8 16 32 64 128 256 512
318 647  269 0  30 1 10 1 2 4 8 16 32 64 128 256 512
319 500  333 0  83 1 10 1 2 4 8 16 32 64 128 256 512
320 393   66 0  74 1 10 1 2 4 8 16 32 64 128 256 512
321 787  870 0  17 1 10 1 2 4 8 16 32 64 128 256 512
322 459   71 0  28 1 10 1 2 4 8 16 32 64 128 256 512
323 786  605 0  39 1 10 1 2 4 8 16 32 64 128 256 512
324 299  266 0  90 1 10 1 2 4 8 16 32 64 128 256 512
325 858  585 0   9 1 10 1 2 4 8 16 32 64 128 256 512
326 536   28 0  26 1 10 1 2 4 8 16 32 64 128 256 512
327 751  322 0   4 1 10 1 2 4 8 16 32 64 128 256 512
328  70  374 0  20 1 10 1 2 4 8 16 32 64 128 256 512
329 472  888 0  18 1 10 1 2 4 8 16 32 64 128 256 512
330 386  689 0  86 1 10 1 2 4 8 16 32 64 128 256 512
331 939  614 0  17 1 10 1 2 4 8 16 32 64 128 256 512
332 552   61 0  79 1 10 1 2 4 8 16 32 64 128 256 512
333 655  946 0  63 1 10 1 2 4 8 16 32 64 128 256 512
334 198  592 0  85 1 10 1 2 4 8 16 32 64 128 256 512
335 534  259 0  21 1 10 1 2 4 8 16 32 64 128 256 512
336 120  142 0  83 1 10 1 2 4 8 16 32 64 128 256 512
337 180  613 0  45 1 10 1 2 4 8 16 32 64 128 256 512
338 313  294 0  84 1 10 1 2 4 8 16 32 64 128 256 512
339 498  350 0   1 1 10 1 2 4 8 16 32 64 128 256 512
340 339  393 0  27 1 10 1 2 4 8 16 32 64 128 256 512
341 737  722 0  33 1 10 1 2 4 8 16 32 64 128 256 512
342 617  328 0  52 1 10 1 2 4 8 16 32 64 128 256 512
343 590  411 0   8 1 10 1 2 4 8 16 32 64 128 256 512
344 390   14 0  58 1 10 1 2 4 8 16 32 64 128 256 512
345 173  696 0  27 1 10 1 2 4 8 16 32 64 128 256 512
346 419  534 0  42 1 10 1 2 4 8 16 32 64 128 256 512
347 916    4 0  51 1 10 1 2 4 8 16 32 64 128 256 512
348 289  574 0  89 1 10 1 2 4 8 16 32 64 128 256 512
349 293  391 0  55 1 10 1 2 4 8 16 32 64 128 256 512
350 731  817 0   1 1 10 1 2 4 8 16 32 64 128 256 512
351 316  777 0  32 1 10 1 2 4 8 16 32 64 128 256 512
352  73  427 0  81 1 10 1 2 4 8 16 32 64 128 256 512
353 699  215 0  68 1 10 1 2 4 8 16 32 64 128 256 512
354 414  146 0  26 1 10 1 2 4 8 16 32 64 128 256 512
355  56  814 0  93 1 10 1 2 4 8 16 32 64 128 256 512
356 548  794 0  78 1 10 1 2 4 8 16 32 64 128 256 512
357 103  729 0  50 1 10 1 2 4 8 16 32 64 128 256 512
358 884  947 0  96 1 10 1 2 4 8 16 32 64 128 256 512
359 747  422 0   1 1 10 1 2 4 8 16 32 64 128 256 512
360 296  675 0  25 1 10 1 2 4 8 16 32 64 128 256 512
361 449  876 0  51 1 10 1 2 4 8 16 32 64 128 256 512
362 362  616 0   1 1 10 1 2 4 8 16 32 64 128 256 512
363 527  223 0  47 1 10 1 2 4 8 16 32 64 128 256 512
364 255  386 0  86 1 10 1 2 4 8 16 32 64 128 256 512
365 691  727 0  54 1 10 1 2 4 8 16 32 64 128 256 512
366 753  686 0  47 1 10 1 2 4 8 16 32 64 128 256 512
367 162  333 0  93 1 10 1 2 4 8 16 32 64 128 256 512
368 903  606 0  51 1 10 1 2 4 8 16 32 64 128 256 512
369 284  128 0  48 1 10 1 2 4 8 16 32 64 128 256 512
370 422  943 0  53 1 10 1 2 4 8 16 32 64 128 256 512
371 981  241 0  95 1 10 1 2 4 8 16 32 64 128 256 512
372 500  143 0  57 1 10 1 2 4 8 16 32 64 128 256 512
373 809  341 0  66 1 10 1 2 4 8 16 32 64 128 256 512
374 319  212 0  10 1 10 1 2 4 8 16 32 64 128 256 512
375 141  275 0  15 1 10 1 2 4 8 16 32 64 128 256 512
376 891   69 0   8 1 10 1 2 4 8 16 32 64 128 256 512
377 541  275 0   2 1 10 1 2 4 8 16 32 64 128 256 512
378 967  268 0  56 1 10 1 2 4 8 16 32 64 128 256 512
379 811  351 0  11 1 10 1 2 4 8 16 32 64 128 256 512
380  86  390 0  90 1 10 1 2 4 8 16 32 64 128 256 512
381 614  682 0  82 1 10 1 2 4 8 16 32 64 128 256 512
382 566  790 0  96 1 10 1 2 4 8 16 32 64 128 256 512
383 722  194 0   2 1 10 1 2 4 8 16 32 64 128 256 512
384 763  445 0  56 1 10 1 2 4 8 16 32 64 128 256 512
385 484  731 0  48 1 10 1 2 4 8 16 32 64 128 256 512
386 178  771 0  99 1 10 1 2 4 8 16 32 64 128 256 512
387 999  943 0  28 1 10 1 2 4 8 16 32 64 128 256 512
388 192  457 0  53 1 10 1 2 4 8 16 32 64 128 256 512
389 785  443 0  11 1 10 1 2 4 8 16 32 64 128 256 512
390  54  945 0  39 1 10 1 2 4 8 16 32 64 128 256 512
391 883  866 0  80 1 10 1 2 4 8 16 32 64 128 256 512
392 733    2 0  27 1 10 1 2 4 8 16 32 64 128 256 512
393 300  711 0  50 1 10 1 2 4 8 16 32 64 128 256 512
394  38  983 0  29 1 10 1 2 4 8 16 32 64 128 256 512
395 849   94 0  47 1 10 1 2 4 8 16 32 64 128 256 512
396 620  750 0  94 1 10 1 2 4 8 16 32 64 128 256 512
397 855  536 0  37 1 10 1 2 4 8 16 32 64 128 256 512
398  21  920 0  10 1 10 1 2 4 8 16 32 64 128 256 512
399  29  608 0  56 1 10 1 2 4 8 16 32 64 128 256 512
400 867  690 0  38 1 10 1 2 4 8 16 32 64 128 256 512
401 726   46 0   2 1 10 1 2 4 8 16 32 64 128 256 512
402 529  480 0  35 1 10 1 2 4 8 16 32 64 128 256 512
403  61  575 0   3 1 10 1 2 4 8 16 32 64 128 256 512
404 972  363 0  70 1 10 1 2 4 8 16 32 64 128 256 512
405 724  733 0  50 1 10 1 2 4 8 16 32 64 128 256 512
406 777  542 0  95 1 10 1 2 4 8 16 32 64 128 256 512
407 839   39 0  51 1 10 1 2 4 8 16 32 64 128 256 512
408 666  374 0  13 1 10 1 2 4 8 16 32 64 128 256 512
409 180   55 0  88 1 10 1 2 4 8 16 32 64 128 256 512
410 810  655 0  25 1 10 1 2 4 8 16 32 64 128 256 512
411 592  227 0  82 1 10 1 2 4 8 16 32 64 128 256 512
412 758  294 0  18 1 10 1 2 4 8 16 32 64 128 256 512
413 381  722 0  22 1 10 1 2 4 8 16 32 64 128 256 512
414 960  278 0  27 1 10 1 2 4 8 16 32 64 128 256 512
415 556  611 0  88 1 10 1 2 4 8 16 32 64 128 256 512
416 447  986 0  74 1 10 1 2 4 8 16 32 64 128 256 512
417 863  460 0  98 1 10 1 2 4 8 16 32 64 128 256 512
418 812  562 0  38 1 10 1 2 4 8 16 32 64 128 256 512
419 132  392 0  96 1 10 1 2 4 8 16 32 64 128 256 512
420 127  861 0  41 1 10 1 2 4 8 16 32 64 128 256 512
421 564  327 0  40 1 10 1 2 4 8 16 32 64 128 256 512
422 719  230 0  79 1 10 1 2 4 8 16 32 64 128 256 512
423 790  588 0  84 1 10 1 2 4 8 16 32 64 128 256 512
424 667   72 0  99 1 10 1 2 4 8 16 32 64 128 256 512
425 960  479 0  42 1 10 1 2 4 8 16 32 64 128 256 512
426 123  238 0  99 1 10 1 2 4 8 16 32 64 128 256 512
427 454  462 0  87 1 10 1 2 4 8 16 32 64 128 256 512
428 479  144 0  27 1 10 1 2 4 8 16 32 64 128 256 512
429 472   84 0  39 1 10 1 2 4 8 16 32 64 128 256 512
430  62  518 0  60 1 10 1 2 4 8 16 32 64 128 256 512
431 859  174 0  14 1 10 1 2 4 8 16 32 64 128 256 512
432 133  614 0  29 1 10 1 2 4 8 16 32 64 128 256 512
433 404    6 0  47 1 10 1 2 4 8 16 32 64 128 256 512
434 921  950 0  30 1 10 1 2 4 8 16 32 64 128 256 512
435 570  377 0  75 1 10 1 2 4 8 16 32 64 128 256 512
436 615  562 0  84 1 10 1 2 4 8 16 32 64 128 256 512
437 495  409 0  97 1 10 1 2 4 8 16 32 64 128 256 512
438 342  955 0  33 1 10 1 2 4 8 16 32 64 128 256 512
439 461  329 0  61 1 10 1 2 4 8 16 32 64 128 256 512
440 106  642 0  35 1 10 1 2 4 8 16 32 64 128 256 512
441 734  809 0  67 1 10 1 2 4 8 16 32 64 128 256 512
442 289  791 0  67 1 10 1 2 4 8 16 32 64 128 256 512
443 423  340 0  63 1 10 1 2 4 8 16 32 64 128 256 512
444 379  138 0  62 1 10 1 2 4 8 16 32 64 128 256 512
445 401  131 0  51 1 10 1 2 4 8 16 32 64 128 256 512
446 856  824 0  68 1 10 1 2 4 8 16 32 64 128 256 512
447  89  654 0  55 1 10 1 2 4 8 16 32 64 128 256 512
448   1  529 0  61 1 10 1 2 4 8 16 32 64 128 256 512
449  97   71 0  86 1 10 1 2 4 8 16 32 64 128 256 512
450 155  483 0 100 1 10 1 2 4 8 16 32 64 128 256 512
451 354  790 0  55 1 10 1 2 4 8 16 32 64 128 256 512
452  33  539 0  53 1 10 1 2 4 8 16 32 64 128 256 512
453 327  617 0  52 1 10 1 2 4 8 16 32 64 128 256 512
454 483  159 0  81 1 10 1 2 4 8 16 32 64 128 256 512
455 886  876 0  52 1 10 1 2 4 8 16 32 64 128 256 512
456 891  669 0  91 1 10 1 2 4 8 16 32 64 128 256 512
457 244  193 0  83 1 10 1 2 4 8 16 32 64 128 256 512
458 677  805 0  27 1 10 1 2 4 8 16 32 64 128 256 512
459 351  701 0  14 1 10 1 2 4 8 16 32 64 128 256 512
460 507  569 0  58 1 10 1 2 4 8 16 32 64 128 256 512
461 965  111 0  79 1 10 1 2 4 8 16 32 64 128 256 512
462 929  754 0  28 1 10 1 2 4 8 16 32 64 128 256 512
463 177  740 0   9 1 10 1 2 4 8 16 32 64 128 256 512
464  11   40 0  92 1 10 1 2 4 8 16 32 64 128 256 512
465 653  337 0  55 1 10 1 2 4 8 16 32 64 128 256 512
466 425  472 0  32 1 10 1 2 4 8 16 32 64 128 256 512
467 983  364 0  83 1 10 1 2 4 8 16 32 64 128 256 512
468  58  633 0   1 1 10 1 2 4 8 16 32 64 128 256 512
469 448  375 0  37 1 10 1 2 4 8 16 32 64 128 256 512
470  63  667 0  31 1 10 1 2 4 8 16 32 64 128 256 512
471 797  594 0  15 1 10 1 2 4 8 16 32 64 128 256 512
472 796   48 0   9 1 10 1 2 4 8 16 32 64 128 256 512
473 308   80 0   9 1 10 1 2 4 8 16 32 64 128 256 512
474 335  894 0  22 1 10 1 2 4 8 16 32 64 128 256 512
475  16  167 0  26 1 10 1 2 4 8 16 32 64 128 256 512
476 678  680 0  87 1 10 1 2 4 8 16 32 64 128 256 512
477 562  157 0  77 1 10 1 2 4 8 16 32 64 128 256 512
478  67   81 0  64 1 10 1 2 4 8 16 32 64 128 256 512
479 610  298 0  33 1 10 1 2 4 8 16 32 64 128 256 512
480 521  682 0  62 1 10 1 2 4 8 16 32 64 128 256 512
481 561  281 0  37 1 10 1 2 4 8 16 32 64 128 256 512
482 727  723 0  44 1 10 1 2 4 8 16 32 64 128 256 512
483 391   65 0  90 1 10 1 2 4 8 16 32 64 128 256 512
484 327  229 0   4 1 10 1 2 4 8 16 32 64 128 256 512
485 386  746 0  94 1 10 1 2 4 8 16 32 64 128 256 512
486 808  735 0  52 1 10 1 2 4 8 16 32 64 128 256 512
487 403  826 0  46 1 10 1 2 4 8 16 32 64 128 256 512
488 339  280 0  41 1 10 1 2 4 8 16 32 64 128 256 512
489  64  444 0   7 1 10 1 2 4 8 16 32 64 128 256 512
490 445  680 0  34 1 10 1 2 4 8 16 32 64 128 256 512
491 475  439 0  91 1 10 1 2 4 8 16 32 64 128 256 512
492   1  460 0   1 1 10 1 2 4 8 16 32 64 128 256 512
493  60  139 0  52 1 10 1 2 4 8 16 32 64 128 256 512
494 977  629 0  66 1 10 1 2 4 8 16 32 64 128 256 512
495  79  402 0   8 1 10 1 2 4 8 16 32 64 128 256 512
496 726  221 0  18 1 10 1 2 4 8 16 32 64 128 256 512
497 508  315 0  84 1 10 1 2 4 8 16 32 64 128 256 512
498 450  598 0  77 1 10 1 2 4 8 16 32 64 128 256 512
499 250  521 0  73 1 10 1 2 4 8 16 32 64 128 256 512
500 155  322 0  90 1 10 1 2 4 8 16 32 64 128 256 512
501 557  285 0  62 1 10 1 2 4 8 16 32 64 128 256 512
502 262  488 0  13 1 10 1 2 4 8 16 32 64 128 256 512
503 301  934 0  66 1 10 1 2 4 8 16 32 64 128 256 512
504 787  451 0  99 1 10 1 2 4 8 16 32 64 128 256 512
505 783  136 0  75 1 10 1 2 4 8 16 32 64 128 256 512
506 106  920 0  83 1 10 1 2 4 8 16 32 64 128 256 512
507 662  942 0   5 1 10 1 2 4 8 16 32 64 128 256 512
508 208  512 0  40 1 10 1 2 4 8 16 32 64 128 256 512
509 250  297 0  78 1 10 1 2 4 8 16 32 64 128 256 512
510 220   28 0  61 1 10 1 2 4 8 16 32 64 128 256 512
511 894  334 0  87 1 10 1 2 4 8 16 32 64 128 256 512
512 259  443 0  33 1 10 1 2 4 8 16 32 64 128 256 512
513 381  677 0  52 1 10 1 2 4 8 16 32 64 128 256 512
514 470  892 0  26 1 10 1 2 4 8 16 32 64 128 256 512
515 399  779 0  74 1 10 1 2 4 8 16 32 64 128 256 512
516 351  959 0  99 1 10 1 2 4 8 16 32 64 128 256 512
517  98  884 0   1 1 10 1 2 4 8 16 32 64 128 256 512
518  51  292 0   5 1 10 1 2 4 8 16 32 64 128 256 512
519 576   22 0  88 1 10 1 2 4 8 16 32 64 128 256 512
520 602    1 0  87 1 10 1 2 4 8 16 32 64 128 256 512
521 641  700 0  61 1 10 1 2 4 8 16 32 64 128 256 512
522 317  602 0  26 1 10 1 2 4 8 16 32 64 128 256 512
523 180   49 0  44 1 10 1 2 4 8 16 32 64 128 256 512
524 402  286 0  37 1 10 1 2 4 8 16 32 64 128 256 512
525 745  124 0   1 1 10 1 2 4 8 16 32 64 128 256 512
526 891   79 0 100 1 10 1 2 4 8 16 32 64 128 256 512
527 987  886 0  84 1 10 1 2 4 8 16 32 64 128 256 512
528 769  659 0  32 1 10 1 2 4 8 16 32 64 128 256 512
529 986  790 0  53 1 10 1 2 4 8 16 32 64 128 256 512
530 480  660 0  34 1 10 1 2 4 8 16 32 64 128 256 512
531   2  937 0  22 1 10 1 2 4 8 16 32 64 128 256 512
532 236  213 0  79 1 10 1 2 4 8 16 32 64 128 256 512
533 205  154 0  66 1 10 1 2 4 8 16 32 64 128 256 512
534 934  317 0  20 1 10 1 2 4 8 16 32 64 128 256 512
535  80  629 0   0 0  0
536 308  331 0   0 0  0
537  43  384 0   0 0  0
538 300  908 0   0 0  0
539 871   49 0   0 0  0
540 314  182 0   0 0  0
541  66  588 0   0 0  0
542 446  850 0   0 0  0
543 362  109 0   0 0  0
544 421  336 0   0 0  0
