2 129 568 4
0 238
0 238
0 238
0 238
  1 603  15 0  21 1 4 1 2 4 8
  2 388 206 0  75 1 4 1 2 4 8
  3 197 301 0  97 1 4 1 2 4 8
  4 376 372 0 100 1 4 1 2 4 8
  5  60 712 0  53 1 4 1 2 4 8
  6 876 730 0  97 1 4 1 2 4 8
  7 379 110 0  25 1 4 1 2 4 8
  8 806 125 0   1 1 4 1 2 4 8
  9 685 101 0   3 1 4 1 2 4 8
 10 210 305 0  59 1 4 1 2 4 8
 11 409 909 0  89 1 4 1 2 4 8
 12  25 978 0  30 1 4 1 2 4 8
 13 460 871 0  27 1 4 1 2 4 8
 14   5 130 0  19 1 4 1 2 4 8
 15 573 394 0  84 1 4 1 2 4 8
 16  68 605 0  63 1 4 1 2 4 8
 17 477 231 0   4 1 4 1 2 4 8
 18 758 259 0  34 1 4 1 2 4 8
 19 704 471 0  11 1 4 1 2 4 8
 20 291  23 0  36 1 4 1 2 4 8
 21  26  66 0  97 1 4 1 2 4 8
 22 743 308 0  22 1 4 1 2 4 8
 23 527 198 0  72 1 4 1 2 4 8
 24 883 188 0  91 1 4 1 2 4 8
 25 607 419 0  56 1 4 1 2 4 8
 26  72 184 0  93 1 4 1 2 4 8
 27  42 629 0  29 1 4 1 2 4 8
 28 166 122 0  30 1 4 1 2 4 8
 29 262 845 0  87 1 4 1 2 4 8
 30  24 222 0  41 1 4 1 2 4 8
 31  63 750 0  77 1 4 1 2 4 8
 32 258 879 0  97 1 4 1 2 4 8
 33 384  21 0  43 1 4 1 2 4 8
 34 103 462 0  31 1 4 1 2 4 8
 35 672 554 0  71 1 4 1 2 4 8
 36 487  16 0  21 1 4 1 2 4 8
 37 778 921 0  16 1 4 1 2 4 8
 38 646 318 0  44 1 4 1 2 4 8
 39 615 295 0  46 1 4 1 2 4 8
 40 516 180 0  59 1 4 1 2 4 8
 41 437 331 0  85 1 4 1 2 4 8
 42 769 972 0  25 1 4 1 2 4 8
 43 566 880 0  81 1 4 1 2 4 8
 44 228 708 0  27 1 4 1 2 4 8
 45 546 314 0   2 1 4 1 2 4 8
 46 753 325 0  19 1 4 1 2 4 8
 47 834 701 0   3 1 4 1 2 4 8
 48 600 267 0  40 1 4 1 2 4 8
 49 562 339 0  99 1 4 1 2 4 8
 50 512 480 0  23 1 4 1 2 4 8
 51 434 191 0  33 1 4 1 2 4 8
 52 694 601 0  73 1 4 1 2 4 8
 53  31 347 0   5 1 4 1 2 4 8
 54 993 701 0  35 1 4 1 2 4 8
 55 600 207 0   7 1 4 1 2 4 8
 56 270 607 0  52 1 4 1 2 4 8
 57 615 499 0  76 1 4 1 2 4 8
 58  66  27 0  64 1 4 1 2 4 8
 59 797 924 0  55 1 4 1 2 4 8
 60 407 285 0  23 1 4 1 2 4 8
 61 913 334 0  11 1 4 1 2 4 8
 62 774 753 0  38 1 4 1 2 4 8
 63 876 554 0  27 1 4 1 2 4 8
 64 676 264 0   5 1 4 1 2 4 8
 65 816 747 0  86 1 4 1 2 4 8
 66 937 552 0  65 1 4 1 2 4 8
 67 615 541 0   7 1 4 1 2 4 8
 68 181 188 0  20 1 4 1 2 4 8
 69 988 312 0  95 1 4 1 2 4 8
 70 369 545 0  36 1 4 1 2 4 8
 71 266 234 0  90 1 4 1 2 4 8
 72  78 276 0  36 1 4 1 2 4 8
 73 427 991 0  32 1 4 1 2 4 8
 74 775 695 0  70 1 4 1 2 4 8
 75 820 453 0   2 1 4 1 2 4 8
 76 809 173 0  66 1 4 1 2 4 8
 77 932 769 0  72 1 4 1 2 4 8
 78 890 951 0   2 1 4 1 2 4 8
 79 640 147 0  74 1 4 1 2 4 8
 80 379 416 0  83 1 4 1 2 4 8
 81 745 938 0  78 1 4 1 2 4 8
 82 955 991 0   5 1 4 1 2 4 8
 83 846 401 0  28 1 4 1 2 4 8
 84 812 779 0  74 1 4 1 2 4 8
 85 856 137 0  22 1 4 1 2 4 8
 86  90 373 0  25 1 4 1 2 4 8
 87  26 595 0  33 1 4 1 2 4 8
 88 813 483 0  62 1 4 1 2 4 8
 89 294 467 0  10 1 4 1 2 4 8
 90 627 746 0   5 1 4 1 2 4 8
 91 590 907 0  72 1 4 1 2 4 8
 92 646 611 0  77 1 4 1 2 4 8
 93 719  85 0  69 1 4 1 2 4 8
 94 637 276 0   7 1 4 1 2 4 8
 95 825 723 0  56 1 4 1 2 4 8
 96 717 862 0  14 1 4 1 2 4 8
 97 558 461 0  38 1 4 1 2 4 8
 98 814  38 0  71 1 4 1 2 4 8
 99 717 805 0  57 1 4 1 2 4 8
100 943 727 0  17 1 4 1 2 4 8
101 190 295 0  42 1 4 1 2 4 8
102 272 898 0   9 1 4 1 2 4 8
103 338 155 0  65 1 4 1 2 4 8
104  69  77 0  32 1 4 1 2 4 8
105 762 745 0   5 1 4 1 2 4 8
106 344 534 0  54 1 4 1 2 4 8
107 408 370 0  63 1 4 1 2 4 8
108 512 468 0   1 1 4 1 2 4 8
109 350 199 0  89 1 4 1 2 4 8
110 870  42 0  37 1 4 1 2 4 8
111 374 840 0  27 1 4 1 2 4 8
112 993 609 0  15 1 4 1 2 4 8
113 730 788 0  32 1 4 1 2 4 8
114 189 667 0  11 1 4 1 2 4 8
115 313 785 0  26 1 4 1 2 4 8
116 766 592 0  69 1 4 1 2 4 8
117 919 990 0  52 1 4 1 2 4 8
118 308  43 0  25 1 4 1 2 4 8
119 983 811 0  98 1 4 1 2 4 8
120 654 853 0  50 1 4 1 2 4 8
121 878 612 0   5 1 4 1 2 4 8
122 614 228 0  59 1 4 1 2 4 8
123 210 698 0  87 1 4 1 2 4 8
124 230 821 0 100 1 4 1 2 4 8
125 414 241 0  15 1 4 1 2 4 8
126 729 564 0  85 1 4 1 2 4 8
127 849 316 0  39 1 4 1 2 4 8
128 966 948 0  22 1 4 1 2 4 8
129  70 580 0  46 1 4 1 2 4 8
130 910 919 0  14 1 4 1 2 4 8
131 168  34 0  74 1 4 1 2 4 8
132 931 992 0  26 1 4 1 2 4 8
133 224 429 0  10 1 4 1 2 4 8
134 165  28 0  80 1 4 1 2 4 8
135 933 464 0  90 1 4 1 2 4 8
136 756 807 0  59 1 4 1 2 4 8
137 915 753 0   8 1 4 1 2 4 8
138  29 264 0  24 1 4 1 2 4 8
139 690 608 0  12 1 4 1 2 4 8
140  40 759 0  74 1 4 1 2 4 8
141 938 879 0  62 1 4 1 2 4 8
142 581 931 0  83 1 4 1 2 4 8
143 293 271 0  71 1 4 1 2 4 8
144 552 622 0  25 1 4 1 2 4 8
145  61 441 0  42 1 4 1 2 4 8
146 969 298 0  60 1 4 1 2 4 8
147 188 855 0  99 1 4 1 2 4 8
148 281 467 0   1 1 4 1 2 4 8
149 666 717 0  67 1 4 1 2 4 8
150 385  93 0  66 1 4 1 2 4 8
151 549 536 0  48 1 4 1 2 4 8
152 312 983 0  72 1 4 1 2 4 8
153 409 331 0   9 1 4 1 2 4 8
154 274 574 0  18 1 4 1 2 4 8
155 542 320 0  29 1 4 1 2 4 8
156 660 970 0  39 1 4 1 2 4 8
157 984 493 0  23 1 4 1 2 4 8
158 525 160 0  24 1 4 1 2 4 8
159 998 496 0  78 1 4 1 2 4 8
160 682 511 0  87 1 4 1 2 4 8
161 976 152 0  88 1 4 1 2 4 8
162 424 330 0  79 1 4 1 2 4 8
163 419   9 0  64 1 4 1 2 4 8
164 677 515 0  54 1 4 1 2 4 8
165 846 770 0  48 1 4 1 2 4 8
166 123 852 0  13 1 4 1 2 4 8
167 957 148 0  34 1 4 1 2 4 8
168 977 811 0  63 1 4 1 2 4 8
169 391 505 0  77 1 4 1 2 4 8
170 232 472 0  46 1 4 1 2 4 8
171 384  86 0  95 1 4 1 2 4 8
172  75 655 0   6 1 4 1 2 4 8
173 145 433 0  72 1 4 1 2 4 8
174 843 198 0  54 1 4 1 2 4 8
175 276 196 0  16 1 4 1 2 4 8
176 970 247 0   2 1 4 1 2 4 8
177 954 719 0  29 1 4 1 2 4 8
178 738 738 0  44 1 4 1 2 4 8
179 918  70 0  38 1 4 1 2 4 8
180 976 185 0  63 1 4 1 2 4 8
181 339 715 0  89 1 4 1 2 4 8
182 885   2 0  53 1 4 1 2 4 8
183  58 808 0  51 1 4 1 2 4 8
184 734 581 0   2 1 4 1 2 4 8
185 497 334 0  52 1 4 1 2 4 8
186 104 351 0  34 1 4 1 2 4 8
187 136 795 0  50 1 4 1 2 4 8
188 178 782 0   3 1 4 1 2 4 8
189  76 203 0  28 1 4 1 2 4 8
190 988 219 0   8 1 4 1 2 4 8
191 283 323 0  32 1 4 1 2 4 8
192 564 925 0  23 1 4 1 2 4 8
193  49 819 0  47 1 4 1 2 4 8
194 599 357 0  73 1 4 1 2 4 8
195 934 728 0  98 1 4 1 2 4 8
196 825 691 0  97 1 4 1 2 4 8
197 895 481 0   9 1 4 1 2 4 8
198 110 742 0  27 1 4 1 2 4 8
199 799  73 0  83 1 4 1 2 4 8
200 555  27 0   3 1 4 1 2 4 8
201 791 104 0  34 1 4 1 2 4 8
202 848 385 0  12 1 4 1 2 4 8
203 867 934 0  59 1 4 1 2 4 8
204 891 476 0  61 1 4 1 2 4 8
205 367 442 0   9 1 4 1 2 4 8
206 380 941 0  60 1 4 1 2 4 8
207 830 457 0  79 1 4 1 2 4 8
208 567 165 0  82 1 4 1 2 4 8
209 535 262 0   7 1 4 1 2 4 8
210 687 396 0  28 1 4 1 2 4 8
211 257  99 0  41 1 4 1 2 4 8
212  97 688 0  24 1 4 1 2 4 8
213 681 216 0  41 1 4 1 2 4 8
214 894 552 0  37 1 4 1 2 4 8
215 582   0 0  28 1 4 1 2 4 8
216 246 489 0  30 1 4 1 2 4 8
217 758 537 0  76 1 4 1 2 4 8
218 354 443 0  43 1 4 1 2 4 8
219 674 920 0   6 1 4 1 2 4 8
220 208 137 0  82 1 4 1 2 4 8
221 723 555 0  92 1 4 1 2 4 8
222 724 967 0  80 1 4 1 2 4 8
223  51 568 0  77 1 4 1 2 4 8
224 412 112 0  19 1 4 1 2 4 8
225 145 108 0  34 1 4 1 2 4 8
226 692 856 0  78 1 4 1 2 4 8
227 805 410 0  14 1 4 1 2 4 8
228 933 834 0  87 1 4 1 2 4 8
229 350 154 0  31 1 4 1 2 4 8
230 444 380 0  84 1 4 1 2 4 8
231 468  30 0  27 1 4 1 2 4 8
232 476 438 0  19 1 4 1 2 4 8
233 899 510 0  56 1 4 1 2 4 8
234 849 457 0  20 1 4 1 2 4 8
235 697 871 0  71 1 4 1 2 4 8
236 847 116 0  61 1 4 1 2 4 8
237 376 215 0  32 1 4 1 2 4 8
238 185 267 0  45 1 4 1 2 4 8
239 893 643 0  16 1 4 1 2 4 8
240 174 303 0   7 1 4 1 2 4 8
241 860 114 0  13 1 4 1 2 4 8
242 388 173 0 100 1 4 1 2 4 8
243 661  81 0  97 1 4 1 2 4 8
244 345  20 0  62 1 4 1 2 4 8
245 487 241 0  25 1 4 1 2 4 8
246 571 545 0 100 1 4 1 2 4 8
247 301 738 0  15 1 4 1 2 4 8
248 310 908 0  40 1 4 1 2 4 8
249 789 894 0  48 1 4 1 2 4 8
250 292 916 0  65 1 4 1 2 4 8
251 236 392 0  53 1 4 1 2 4 8
252 464 458 0  87 1 4 1 2 4 8
253  60 645 0  24 1 4 1 2 4 8
254 704 544 0  22 1 4 1 2 4 8
255  20 833 0  14 1 4 1 2 4 8
256 382 674 0  91 1 4 1 2 4 8
257 481 411 0  43 1 4 1 2 4 8
258   3 345 0  12 1 4 1 2 4 8
259 879 903 0  27 1 4 1 2 4 8
260  23 309 0  91 1 4 1 2 4 8
261 245 717 0  10 1 4 1 2 4 8
262 989 357 0  44 1 4 1 2 4 8
263  21 981 0  81 1 4 1 2 4 8
264 997 144 0  34 1 4 1 2 4 8
265 579 732 0  74 1 4 1 2 4 8
266 773 797 0   7 1 4 1 2 4 8
267 274 895 0  87 1 4 1 2 4 8
268 451 273 0   9 1 4 1 2 4 8
269 334 732 0 100 1 4 1 2 4 8
270 393 135 0  21 1 4 1 2 4 8
271 336 433 0  62 1 4 1 2 4 8
272 712 583 0   6 1 4 1 2 4 8
273 809 339 0  59 1 4 1 2 4 8
274 830 407 0  66 1 4 1 2 4 8
275 569 922 0  57 1 4 1 2 4 8
276 854 802 0   7 1 4 1 2 4 8
277 549 679 0  79 1 4 1 2 4 8
278 532 327 0  61 1 4 1 2 4 8
279   9 475 0  41 1 4 1 2 4 8
280 771 665 0  90 1 4 1 2 4 8
281  48 698 0  10 1 4 1 2 4 8
282  33 542 0  27 1 4 1 2 4 8
283 559 297 0   7 1 4 1 2 4 8
284 602 896 0  45 1 4 1 2 4 8
285 976 252 0  31 1 4 1 2 4 8
286 274 142 0   2 1 4 1 2 4 8
287 589 307 0  29 1 4 1 2 4 8
288 957 830 0  70 1 4 1 2 4 8
289 377 764 0  90 1 4 1 2 4 8
290 285 243 0  87 1 4 1 2 4 8
291 928 539 0  35 1 4 1 2 4 8
292 848 379 0  50 1 4 1 2 4 8
293 167  30 0  73 1 4 1 2 4 8
294 216 654 0  65 1 4 1 2 4 8
295 987 243 0  75 1 4 1 2 4 8
296 719 210 0  74 1 4 1 2 4 8
297 258 961 0  68 1 4 1 2 4 8
298 531 554 0 100 1 4 1 2 4 8
299 932 926 0  76 1 4 1 2 4 8
300 770 848 0  89 1 4 1 2 4 8
301 426 914 0  25 1 4 1 2 4 8
302 765 811 0  76 1 4 1 2 4 8
303 622 644 0   7 1 4 1 2 4 8
304 371 616 0  36 1 4 1 2 4 8
305 875 776 0  91 1 4 1 2 4 8
306 792 836 0  31 1 4 1 2 4 8
307 487 546 0  10 1 4 1 2 4 8
308 285 317 0  13 1 4 1 2 4 8
309 548 926 0  69 1 4 1 2 4 8
310 538 734 0  70 1 4 1 2 4 8
311 364 977 0  77 1 4 1 2 4 8
312 975 930 0  14 1 4 1 2 4 8
313  52 400 0  63 1 4 1 2 4 8
314 489 523 0  90 1 4 1 2 4 8
315 293 862 0  27 1 4 1 2 4 8
316 992 601 0  38 1 4 1 2 4 8
317  97  66 0  31 1 4 1 2 4 8
318 540 305 0  34 1 4 1 2 4 8
319  21 160 0  67 1 4 1 2 4 8
320 550 170 0  15 1 4 1 2 4 8
321 103 788 0  42 1 4 1 2 4 8
322 239 857 0  14 1 4 1 2 4 8
323 600  66 0  33 1 4 1 2 4 8
324  55  69 0  69 1 4 1 2 4 8
325 575 998 0  99 1 4 1 2 4 8
326 256 406 0  38 1 4 1 2 4 8
327 434 373 0  81 1 4 1 2 4 8
328 139 223 0  66 1 4 1 2 4 8
329 712 283 0   7 1 4 1 2 4 8
330 237 143 0  16 1 4 1 2 4 8
331 811   9 0  56 1 4 1 2 4 8
332 721 749 0  70 1 4 1 2 4 8
333 773 157 0  77 1 4 1 2 4 8
334 155  86 0  69 1 4 1 2 4 8
335 694 141 0  88 1 4 1 2 4 8
336 113 486 0  18 1 4 1 2 4 8
337  78   2 0  41 1 4 1 2 4 8
338 953 390 0  62 1 4 1 2 4 8
339 648 361 0  18 1 4 1 2 4 8
340 859 968 0  48 1 4 1 2 4 8
341 598 968 0  43 1 4 1 2 4 8
342 837  29 0  25 1 4 1 2 4 8
343 331 612 0 100 1 4 1 2 4 8
344 572 973 0  62 1 4 1 2 4 8
345 651 250 0   3 1 4 1 2 4 8
346 255 857 0  22 1 4 1 2 4 8
347 689 679 0  29 1 4 1 2 4 8
348 133 173 0   3 1 4 1 2 4 8
349 178 444 0  78 1 4 1 2 4 8
350 338 317 0  94 1 4 1 2 4 8
351 558 460 0  94 1 4 1 2 4 8
352 940 922 0   6 1 4 1 2 4 8
353 738 922 0  50 1 4 1 2 4 8
354 189 735 0   3 1 4 1 2 4 8
355  68 297 0  82 1 4 1 2 4 8
356   9 706 0  41 1 4 1 2 4 8
357 913 505 0  26 1 4 1 2 4 8
358 458 629 0  85 1 4 1 2 4 8
359 485 484 0  52 1 4 1 2 4 8
360 457 659 0  39 1 4 1 2 4 8
361  44 253 0  55 1 4 1 2 4 8
362 158 689 0  33 1 4 1 2 4 8
363 976 531 0  26 1 4 1 2 4 8
364 472 750 0  77 1 4 1 2 4 8
365 706 286 0  30 1 4 1 2 4 8
366 535 837 0  36 1 4 1 2 4 8
367 514 838 0  17 1 4 1 2 4 8
368 867 881 0  92 1 4 1 2 4 8
369 872 734 0  35 1 4 1 2 4 8
370 279 381 0  94 1 4 1 2 4 8
371 355 774 0  87 1 4 1 2 4 8
372 139 844 0  11 1 4 1 2 4 8
373 136 932 0  11 1 4 1 2 4 8
374 572 959 0  87 1 4 1 2 4 8
375 752 920 0  42 1 4 1 2 4 8
376 414 366 0   8 1 4 1 2 4 8
377 847 545 0  98 1 4 1 2 4 8
378 679 739 0  65 1 4 1 2 4 8
379 783  58 0  52 1 4 1 2 4 8
380 599 459 0  41 1 4 1 2 4 8
381 456 478 0  11 1 4 1 2 4 8
382 258 804 0   6 1 4 1 2 4 8
383 258 353 0  98 1 4 1 2 4 8
384 117 247 0  58 1 4 1 2 4 8
385 807 678 0  79 1 4 1 2 4 8
386 295 907 0  52 1 4 1 2 4 8
387  19 398 0  38 1 4 1 2 4 8
388 725 987 0  49 1 4 1 2 4 8
389 315 300 0   9 1 4 1 2 4 8
390 542 118 0  98 1 4 1 2 4 8
391 341 819 0  59 1 4 1 2 4 8
392 715 414 0  75 1 4 1 2 4 8
393 704 378 0  28 1 4 1 2 4 8
394  13  22 0  36 1 4 1 2 4 8
395 918 964 0  52 1 4 1 2 4 8
396 983 912 0  57 1 4 1 2 4 8
397 948 231 0  43 1 4 1 2 4 8
398 797 148 0  37 1 4 1 2 4 8
399 863 134 0  24 1 4 1 2 4 8
400 747 791 0   8 1 4 1 2 4 8
401 938 719 0  60 1 4 1 2 4 8
402 910 881 0  24 1 4 1 2 4 8
403 766 659 0  42 1 4 1 2 4 8
404 683 683 0  93 1 4 1 2 4 8
405 229 297 0  79 1 4 1 2 4 8
406  27 139 0  51 1 4 1 2 4 8
407 866 210 0  97 1 4 1 2 4 8
408 792 877 0  55 1 4 1 2 4 8
409 153 212 0  24 1 4 1 2 4 8
410  20 954 0  21 1 4 1 2 4 8
411 655 318 0  12 1 4 1 2 4 8
412 760 374 0  21 1 4 1 2 4 8
413 638 923 0  71 1 4 1 2 4 8
414 281 627 0  34 1 4 1 2 4 8
415 384 742 0  84 1 4 1 2 4 8
416 469 314 0   4 1 4 1 2 4 8
417 587 572 0  85 1 4 1 2 4 8
418 628 943 0  21 1 4 1 2 4 8
419 835  91 0  99 1 4 1 2 4 8
420 867 807 0  95 1 4 1 2 4 8
421 970  22 0   5 1 4 1 2 4 8
422 658 276 0  54 1 4 1 2 4 8
423 405 337 0  23 1 4 1 2 4 8
424 674 531 0  36 1 4 1 2 4 8
425  33 713 0  94 1 4 1 2 4 8
426 651  35 0  20 1 4 1 2 4 8
427 745 358 0  92 1 4 1 2 4 8
428 133 914 0  83 1 4 1 2 4 8
429 620 929 0  43 1 4 1 2 4 8
430 328 356 0  75 1 4 1 2 4 8
431 403 134 0  44 1 4 1 2 4 8
432 684 502 0  53 1 4 1 2 4 8
433 769 640 0  10 1 4 1 2 4 8
434  62 763 0  61 1 4 1 2 4 8
435 286 554 0  64 1 4 1 2 4 8
436 435 626 0  29 1 4 1 2 4 8
437 165  36 0  55 1 4 1 2 4 8
438 448 857 0  83 1 4 1 2 4 8
439 110 353 0  57 1 4 1 2 4 8
440 227 251 0  96 1 4 1 2 4 8
441 305 809 0  98 1 4 1 2 4 8
442 734 377 0  66 1 4 1 2 4 8
443 346 703 0  24 1 4 1 2 4 8
444  63 586 0  52 1 4 1 2 4 8
445 242  18 0   4 1 4 1 2 4 8
446 953 422 0  53 1 4 1 2 4 8
447 380 463 0   3 1 4 1 2 4 8
448 689 172 0   3 1 4 1 2 4 8
449  41 552 0  22 1 4 1 2 4 8
450 594 179 0  32 1 4 1 2 4 8
451 987 320 0  73 1 4 1 2 4 8
452  69 615 0  53 1 4 1 2 4 8
453 114 571 0  33 1 4 1 2 4 8
454 410 259 0  81 1 4 1 2 4 8
455 595 295 0  88 1 4 1 2 4 8
456 412 413 0  46 1 4 1 2 4 8
457 357 917 0  22 1 4 1 2 4 8
458 207 669 0  49 1 4 1 2 4 8
459 599 802 0  66 1 4 1 2 4 8
460 132 533 0  32 1 4 1 2 4 8
461 380 280 0  82 1 4 1 2 4 8
462 905 192 0  13 1 4 1 2 4 8
463 911 818 0  87 1 4 1 2 4 8
464  47 586 0  16 1 4 1 2 4 8
465 743  73 0  71 1 4 1 2 4 8
466 199 169 0  91 1 4 1 2 4 8
467 654 189 0  64 1 4 1 2 4 8
468 782  93 0  39 1 4 1 2 4 8
469 521 767 0  13 1 4 1 2 4 8
470 217  87 0  93 1 4 1 2 4 8
471 951 643 0  38 1 4 1 2 4 8
472 791 875 0  20 1 4 1 2 4 8
473 614  57 0  78 1 4 1 2 4 8
474 502 490 0  64 1 4 1 2 4 8
475 409 906 0  49 1 4 1 2 4 8
476  48 885 0  91 1 4 1 2 4 8
477 863 323 0  45 1 4 1 2 4 8
478 201 852 0  90 1 4 1 2 4 8
479 226 437 0  50 1 4 1 2 4 8
480  30 939 0  56 1 4 1 2 4 8
481 436 435 0  57 1 4 1 2 4 8
482 371 979 0  17 1 4 1 2 4 8
483  93  10 0   6 1 4 1 2 4 8
484 642 105 0   4 1 4 1 2 4 8
485 139 276 0  68 1 4 1 2 4 8
486 381  64 0  91 1 4 1 2 4 8
487 825 912 0  18 1 4 1 2 4 8
488 843 543 0  78 1 4 1 2 4 8
489 589  67 0  37 1 4 1 2 4 8
490  15 688 0  42 1 4 1 2 4 8
491 184 130 0  16 1 4 1 2 4 8
492 314 414 0  87 1 4 1 2 4 8
493 921 444 0  41 1 4 1 2 4 8
494 417 131 0  32 1 4 1 2 4 8
495  43 498 0  31 1 4 1 2 4 8
496 376  87 0  32 1 4 1 2 4 8
497 320 119 0  96 1 4 1 2 4 8
498  72 375 0  25 1 4 1 2 4 8
499 274 886 0  81 1 4 1 2 4 8
500 980  39 0  49 1 4 1 2 4 8
501 256 837 0  81 1 4 1 2 4 8
502  50 849 0  26 1 4 1 2 4 8
503 305 508 0  64 1 4 1 2 4 8
504 941  60 0  16 1 4 1 2 4 8
505 172 405 0  22 1 4 1 2 4 8
506 358 596 0  11 1 4 1 2 4 8
507 707 154 0  70 1 4 1 2 4 8
508 995 993 0  68 1 4 1 2 4 8
509 463  84 0  80 1 4 1 2 4 8
510  22 955 0  59 1 4 1 2 4 8
511 469 572 0  19 1 4 1 2 4 8
512 662 884 0  60 1 4 1 2 4 8
513 539 699 0   7 1 4 1 2 4 8
514 561 339 0  84 1 4 1 2 4 8
515 370 551 0  46 1 4 1 2 4 8
516 453 830 0  20 1 4 1 2 4 8
517 958 577 0  68 1 4 1 2 4 8
518 599 986 0  71 1 4 1 2 4 8
519  30 922 0  72 1 4 1 2 4 8
520 815 372 0  79 1 4 1 2 4 8
521 188 136 0  38 1 4 1 2 4 8
522 178 326 0  77 1 4 1 2 4 8
523 471 252 0  84 1 4 1 2 4 8
524 633 766 0  90 1 4 1 2 4 8
525 473 650 0   8 1 4 1 2 4 8
526  34 598 0  42 1 4 1 2 4 8
527 844 805 0  32 1 4 1 2 4 8
528 155 426 0  93 1 4 1 2 4 8
529 703 586 0  60 1 4 1 2 4 8
530  42 418 0  99 1 4 1 2 4 8
531 617 403 0  40 1 4 1 2 4 8
532 332 460 0  56 1 4 1 2 4 8
533 931  33 0  89 1 4 1 2 4 8
534 931 641 0  15 1 4 1 2 4 8
535 495 556 0  70 1 4 1 2 4 8
536 916 657 0  71 1 4 1 2 4 8
537 652 591 0  33 1 4 1 2 4 8
538 184 813 0  90 1 4 1 2 4 8
539 552 746 0  65 1 4 1 2 4 8
540  72 954 0  89 1 4 1 2 4 8
541 913 783 0  41 1 4 1 2 4 8
542 966 570 0   4 1 4 1 2 4 8
543 795 776 0  17 1 4 1 2 4 8
544 711 203 0  13 1 4 1 2 4 8
545 752 499 0  71 1 4 1 2 4 8
546 496 375 0  12 1 4 1 2 4 8
547 325 728 0  66 1 4 1 2 4 8
548 937 150 0  27 1 4 1 2 4 8
549 396 939 0  87 1 4 1 2 4 8
550 459 578 0  82 1 4 1 2 4 8
551 223 724 0  43 1 4 1 2 4 8
552 967 335 0  15 1 4 1 2 4 8
553 377 594 0  91 1 4 1 2 4 8
554 843 833 0  48 1 4 1 2 4 8
555 883 760 0   4 1 4 1 2 4 8
556 800 598 0  28 1 4 1 2 4 8
557 101 142 0  29 1 4 1 2 4 8
558 772 734 0  78 1 4 1 2 4 8
559  77 126 0  82 1 4 1 2 4 8
560 978 111 0   9 1 4 1 2 4 8
561  10 836 0  36 1 4 1 2 4 8
562  31 134 0  25 1 4 1 2 4 8
563 955 871 0  38 1 4 1 2 4 8
564 269 213 0  96 1 4 1 2 4 8
565 295 556 0   2 1 4 1 2 4 8
566 784 145 0  79 1 4 1 2 4 8
567  36 711 0  66 1 4 1 2 4 8
568 483 366 0  95 1 4 1 2 4 8
569 791 839 0   0 0 0
570 762   5 0   0 0 0
571 669 763 0   0 0 0
572 541  91 0   0 0 0
