2 55 575 8
0 249
0 249
0 249
0 249
0 249
0 249
0 249
0 249
  1  985  924 0  99 1 8 1 2 4 8 16 32 64 128
  2  540  701 0  59 1 8 1 2 4 8 16 32 64 128
  3  197  194 0  37 1 8 1 2 4 8 16 32 64 128
  4  441   48 0  57 1 8 1 2 4 8 16 32 64 128
  5  509  951 0  94 1 8 1 2 4 8 16 32 64 128
  6  682  993 0  58 1 8 1 2 4 8 16 32 64 128
  7  912  250 0   5 1 8 1 2 4 8 16 32 64 128
  8  886  515 0  18 1 8 1 2 4 8 16 32 64 128
  9  776  499 0  72 1 8 1 2 4 8 16 32 64 128
 10  324  133 0  78 1 8 1 2 4 8 16 32 64 128
 11  275  346 0 100 1 8 1 2 4 8 16 32 64 128
 12  923   68 0  50 1 8 1 2 4 8 16 32 64 128
 13  881    1 0  54 1 8 1 2 4 8 16 32 64 128
 14  645  123 0  22 1 8 1 2 4 8 16 32 64 128
 15  272  749 0  72 1 8 1 2 4 8 16 32 64 128
 16  519  184 0  59 1 8 1 2 4 8 16 32 64 128
 17  461  567 0  54 1 8 1 2 4 8 16 32 64 128
 18  966   69 0  54 1 8 1 2 4 8 16 32 64 128
 19  934  854 0  51 1 8 1 2 4 8 16 32 64 128
 20  125    7 0  18 1 8 1 2 4 8 16 32 64 128
 21  840  995 0  91 1 8 1 2 4 8 16 32 64 128
 22  612  757 0  71 1 8 1 2 4 8 16 32 64 128
 23  682  728 0  13 1 8 1 2 4 8 16 32 64 128
 24  927  156 0  36 1 8 1 2 4 8 16 32 64 128
 25  727  400 0 100 1 8 1 2 4 8 16 32 64 128
 26   34  949 0  90 1 8 1 2 4 8 16 32 64 128
 27  585  259 0   6 1 8 1 2 4 8 16 32 64 128
 28  653  345 0  35 1 8 1 2 4 8 16 32 64 128
 29  928  367 0  21 1 8 1 2 4 8 16 32 64 128
 30  658  447 0  33 1 8 1 2 4 8 16 32 64 128
 31  981  854 0  52 1 8 1 2 4 8 16 32 64 128
 32  640  791 0  58 1 8 1 2 4 8 16 32 64 128
 33  685  299 0  30 1 8 1 2 4 8 16 32 64 128
 34  608  802 0  50 1 8 1 2 4 8 16 32 64 128
 35  908  999 0  73 1 8 1 2 4 8 16 32 64 128
 36  969  962 0 100 1 8 1 2 4 8 16 32 64 128
 37  408   91 0  58 1 8 1 2 4 8 16 32 64 128
 38  455  832 0  60 1 8 1 2 4 8 16 32 64 128
 39  312  869 0  28 1 8 1 2 4 8 16 32 64 128
 40  385  129 0 100 1 8 1 2 4 8 16 32 64 128
 41  575   50 0  59 1 8 1 2 4 8 16 32 64 128
 42  892  531 0  79 1 8 1 2 4 8 16 32 64 128
 43   95  938 0   9 1 8 1 2 4 8 16 32 64 128
 44  507  266 0  73 1 8 1 2 4 8 16 32 64 128
 45  939  916 0  58 1 8 1 2 4 8 16 32 64 128
 46  515  657 0  66 1 8 1 2 4 8 16 32 64 128
 47  501  533 0  96 1 8 1 2 4 8 16 32 64 128
 48  907  167 0  53 1 8 1 2 4 8 16 32 64 128
 49  847  337 0  65 1 8 1 2 4 8 16 32 64 128
 50  659  299 0   7 1 8 1 2 4 8 16 32 64 128
 51  623  275 0  86 1 8 1 2 4 8 16 32 64 128
 52  897  233 0  71 1 8 1 2 4 8 16 32 64 128
 53  624  849 0  41 1 8 1 2 4 8 16 32 64 128
 54  270   26 0  34 1 8 1 2 4 8 16 32 64 128
 55  833  143 0  28 1 8 1 2 4 8 16 32 64 128
 56  252  690 0  97 1 8 1 2 4 8 16 32 64 128
 57  915  992 0  80 1 8 1 2 4 8 16 32 64 128
 58  344  387 0  52 1 8 1 2 4 8 16 32 64 128
 59  205  509 0   1 1 8 1 2 4 8 16 32 64 128
 60  332  415 0  39 1 8 1 2 4 8 16 32 64 128
 61  428  598 0  70 1 8 1 2 4 8 16 32 64 128
 62  861  166 0  29 1 8 1 2 4 8 16 32 64 128
 63   14   63 0  23 1 8 1 2 4 8 16 32 64 128
 64  654  433 0  37 1 8 1 2 4 8 16 32 64 128
 65  459  494 0  98 1 8 1 2 4 8 16 32 64 128
 66  403  843 0  18 1 8 1 2 4 8 16 32 64 128
 67  782  745 0  24 1 8 1 2 4 8 16 32 64 128
 68  251  899 0  71 1 8 1 2 4 8 16 32 64 128
 69  612  990 0  12 1 8 1 2 4 8 16 32 64 128
 70  826   33 0  70 1 8 1 2 4 8 16 32 64 128
 71  847  637 0  42 1 8 1 2 4 8 16 32 64 128
 72  333  614 0  54 1 8 1 2 4 8 16 32 64 128
 73   42  909 0  87 1 8 1 2 4 8 16 32 64 128
 74  421  601 0  59 1 8 1 2 4 8 16 32 64 128
 75  884  958 0  93 1 8 1 2 4 8 16 32 64 128
 76  785  610 0  94 1 8 1 2 4 8 16 32 64 128
 77   10  740 0  54 1 8 1 2 4 8 16 32 64 128
 78  485  827 0  69 1 8 1 2 4 8 16 32 64 128
 79  998  721 0  34 1 8 1 2 4 8 16 32 64 128
 80  150  725 0   2 1 8 1 2 4 8 16 32 64 128
 81  771  397 0   9 1 8 1 2 4 8 16 32 64 128
 82  736  733 0  13 1 8 1 2 4 8 16 32 64 128
 83  377  999 0  64 1 8 1 2 4 8 16 32 64 128
 84  400  397 0  93 1 8 1 2 4 8 16 32 64 128
 85  292  203 0  90 1 8 1 2 4 8 16 32 64 128
 86  992  848 0  56 1 8 1 2 4 8 16 32 64 128
 87  335  785 0  18 1 8 1 2 4 8 16 32 64 128
 88  469  538 0  78 1 8 1 2 4 8 16 32 64 128
 89  257  155 0  65 1 8 1 2 4 8 16 32 64 128
 90   32   29 0  93 1 8 1 2 4 8 16 32 64 128
 91  889  109 0  90 1 8 1 2 4 8 16 32 64 128
 92  143  250 0  84 1 8 1 2 4 8 16 32 64 128
 93  638  219 0  31 1 8 1 2 4 8 16 32 64 128
 94  276  568 0  54 1 8 1 2 4 8 16 32 64 128
 95  926   95 0  91 1 8 1 2 4 8 16 32 64 128
 96   95  485 0   8 1 8 1 2 4 8 16 32 64 128
 97  970  759 0  64 1 8 1 2 4 8 16 32 64 128
 98  215  126 0  25 1 8 1 2 4 8 16 32 64 128
 99  390  502 0  83 1 8 1 2 4 8 16 32 64 128
100   40  807 0  32 1 8 1 2 4 8 16 32 64 128
101  265  637 0  37 1 8 1 2 4 8 16 32 64 128
102   24  164 0  58 1 8 1 2 4 8 16 32 64 128
103  883  442 0  26 1 8 1 2 4 8 16 32 64 128
104   80  261 0  34 1 8 1 2 4 8 16 32 64 128
105  220  242 0  92 1 8 1 2 4 8 16 32 64 128
106  174   96 0  56 1 8 1 2 4 8 16 32 64 128
107  160  686 0  46 1 8 1 2 4 8 16 32 64 128
108  764  872 0  68 1 8 1 2 4 8 16 32 64 128
109  348  734 0  63 1 8 1 2 4 8 16 32 64 128
110   50  639 0  25 1 8 1 2 4 8 16 32 64 128
111  158  428 0  82 1 8 1 2 4 8 16 32 64 128
112  546  982 0  77 1 8 1 2 4 8 16 32 64 128
113  719  482 0  24 1 8 1 2 4 8 16 32 64 128
114  507  701 0  77 1 8 1 2 4 8 16 32 64 128
115  834  321 0  59 1 8 1 2 4 8 16 32 64 128
116  269  393 0  64 1 8 1 2 4 8 16 32 64 128
117  337  661 0   7 1 8 1 2 4 8 16 32 64 128
118  652  927 0  37 1 8 1 2 4 8 16 32 64 128
119  927  488 0  54 1 8 1 2 4 8 16 32 64 128
120  641  289 0   3 1 8 1 2 4 8 16 32 64 128
121   30  112 0  97 1 8 1 2 4 8 16 32 64 128
122  214  883 0  55 1 8 1 2 4 8 16 32 64 128
123  713  248 0  22 1 8 1 2 4 8 16 32 64 128
124  515  135 0  37 1 8 1 2 4 8 16 32 64 128
125  524  843 0  19 1 8 1 2 4 8 16 32 64 128
126  178  450 0   4 1 8 1 2 4 8 16 32 64 128
127  818   82 0  10 1 8 1 2 4 8 16 32 64 128
128  477  720 0  34 1 8 1 2 4 8 16 32 64 128
129   65   89 0  44 1 8 1 2 4 8 16 32 64 128
130  445  608 0  66 1 8 1 2 4 8 16 32 64 128
131  464   18 0  25 1 8 1 2 4 8 16 32 64 128
132    2  795 0  73 1 8 1 2 4 8 16 32 64 128
133  453  881 0  71 1 8 1 2 4 8 16 32 64 128
134  921  120 0  22 1 8 1 2 4 8 16 32 64 128
135  392  580 0  54 1 8 1 2 4 8 16 32 64 128
136  225  689 0  42 1 8 1 2 4 8 16 32 64 128
137  606  341 0  67 1 8 1 2 4 8 16 32 64 128
138  660  267 0  43 1 8 1 2 4 8 16 32 64 128
139  814  549 0  77 1 8 1 2 4 8 16 32 64 128
140  330  882 0  92 1 8 1 2 4 8 16 32 64 128
141  440  946 0  90 1 8 1 2 4 8 16 32 64 128
142  899  137 0  37 1 8 1 2 4 8 16 32 64 128
143  229  110 0  81 1 8 1 2 4 8 16 32 64 128
144   47  931 0   4 1 8 1 2 4 8 16 32 64 128
145  462  231 0  78 1 8 1 2 4 8 16 32 64 128
146  111  566 0 100 1 8 1 2 4 8 16 32 64 128
147  386  195 0  41 1 8 1 2 4 8 16 32 64 128
148  776  231 0  77 1 8 1 2 4 8 16 32 64 128
149  388  813 0  97 1 8 1 2 4 8 16 32 64 128
150  594  183 0  35 1 8 1 2 4 8 16 32 64 128
151  640  604 0   9 1 8 1 2 4 8 16 32 64 128
152  129  189 0  78 1 8 1 2 4 8 16 32 64 128
153  971  401 0  66 1 8 1 2 4 8 16 32 64 128
154  945   81 0  48 1 8 1 2 4 8 16 32 64 128
155  727  929 0   4 1 8 1 2 4 8 16 32 64 128
156  300  642 0  60 1 8 1 2 4 8 16 32 64 128
157  224  948 0  42 1 8 1 2 4 8 16 32 64 128
158  901  245 0  64 1 8 1 2 4 8 16 32 64 128
159  124  113 0  24 1 8 1 2 4 8 16 32 64 128
160  514  668 0  26 1 8 1 2 4 8 16 32 64 128
161  145  461 0  66 1 8 1 2 4 8 16 32 64 128
162  302  311 0  32 1 8 1 2 4 8 16 32 64 128
163  619  188 0  83 1 8 1 2 4 8 16 32 64 128
164  877  913 0  59 1 8 1 2 4 8 16 32 64 128
165  606  508 0 100 1 8 1 2 4 8 16 32 64 128
166  161  169 0  51 1 8 1 2 4 8 16 32 64 128
167  558  807 0  14 1 8 1 2 4 8 16 32 64 128
168  881  405 0  95 1 8 1 2 4 8 16 32 64 128
169   70  782 0  45 1 8 1 2 4 8 16 32 64 128
170  856   46 0  84 1 8 1 2 4 8 16 32 64 128
171  564  914 0  49 1 8 1 2 4 8 16 32 64 128
172  379   15 0  20 1 8 1 2 4 8 16 32 64 128
173  299  153 0   7 1 8 1 2 4 8 16 32 64 128
174   63  429 0  11 1 8 1 2 4 8 16 32 64 128
175  416  459 0  77 1 8 1 2 4 8 16 32 64 128
176  301  599 0  25 1 8 1 2 4 8 16 32 64 128
177  288  148 0  88 1 8 1 2 4 8 16 32 64 128
178  887  322 0  95 1 8 1 2 4 8 16 32 64 128
179   74  828 0  11 1 8 1 2 4 8 16 32 64 128
180  973  350 0  81 1 8 1 2 4 8 16 32 64 128
181  180   46 0  91 1 8 1 2 4 8 16 32 64 128
182  336   92 0  97 1 8 1 2 4 8 16 32 64 128
183  482  131 0  87 1 8 1 2 4 8 16 32 64 128
184  400  345 0   2 1 8 1 2 4 8 16 32 64 128
185  294  660 0  68 1 8 1 2 4 8 16 32 64 128
186  241  526 0  79 1 8 1 2 4 8 16 32 64 128
187  353  221 0  91 1 8 1 2 4 8 16 32 64 128
188  689  770 0  72 1 8 1 2 4 8 16 32 64 128
189  694  391 0  96 1 8 1 2 4 8 16 32 64 128
190  588  201 0  83 1 8 1 2 4 8 16 32 64 128
191  263  458 0  40 1 8 1 2 4 8 16 32 64 128
192  204  297 0  53 1 8 1 2 4 8 16 32 64 128
193  900  733 0  61 1 8 1 2 4 8 16 32 64 128
194  466  198 0  69 1 8 1 2 4 8 16 32 64 128
195  171  944 0  31 1 8 1 2 4 8 16 32 64 128
196  102  176 0  91 1 8 1 2 4 8 16 32 64 128
197  904   65 0  84 1 8 1 2 4 8 16 32 64 128
198  311  515 0  83 1 8 1 2 4 8 16 32 64 128
199  505  561 0  10 1 8 1 2 4 8 16 32 64 128
200  218  570 0  21 1 8 1 2 4 8 16 32 64 128
201  945  408 0  78 1 8 1 2 4 8 16 32 64 128
202  594  442 0  30 1 8 1 2 4 8 16 32 64 128
203  814  951 0  18 1 8 1 2 4 8 16 32 64 128
204  918  187 0  10 1 8 1 2 4 8 16 32 64 128
205  771  913 0  78 1 8 1 2 4 8 16 32 64 128
206  691  615 0  70 1 8 1 2 4 8 16 32 64 128
207  728  810 0  44 1 8 1 2 4 8 16 32 64 128
208  197  223 0  49 1 8 1 2 4 8 16 32 64 128
209  158  809 0  96 1 8 1 2 4 8 16 32 64 128
210  565   42 0  68 1 8 1 2 4 8 16 32 64 128
211  201  672 0  22 1 8 1 2 4 8 16 32 64 128
212  829  603 0  62 1 8 1 2 4 8 16 32 64 128
213   49  902 0   7 1 8 1 2 4 8 16 32 64 128
214  269  826 0  25 1 8 1 2 4 8 16 32 64 128
215  282  826 0  38 1 8 1 2 4 8 16 32 64 128
216  166  183 0  38 1 8 1 2 4 8 16 32 64 128
217   58  979 0  38 1 8 1 2 4 8 16 32 64 128
218   27  270 0   5 1 8 1 2 4 8 16 32 64 128
219  310  781 0  44 1 8 1 2 4 8 16 32 64 128
220   17  211 0  28 1 8 1 2 4 8 16 32 64 128
221  280  783 0  59 1 8 1 2 4 8 16 32 64 128
222   28   47 0   2 1 8 1 2 4 8 16 32 64 128
223  836  899 0  39 1 8 1 2 4 8 16 32 64 128
224  801  703 0   1 1 8 1 2 4 8 16 32 64 128
225  514  691 0  13 1 8 1 2 4 8 16 32 64 128
226  134  989 0  59 1 8 1 2 4 8 16 32 64 128
227  114  414 0  85 1 8 1 2 4 8 16 32 64 128
228  636  346 0  30 1 8 1 2 4 8 16 32 64 128
229  339  601 0  66 1 8 1 2 4 8 16 32 64 128
230  130  124 0  25 1 8 1 2 4 8 16 32 64 128
231  984  744 0  31 1 8 1 2 4 8 16 32 64 128
232  129  822 0  40 1 8 1 2 4 8 16 32 64 128
233  934  593 0  40 1 8 1 2 4 8 16 32 64 128
234  854   24 0  71 1 8 1 2 4 8 16 32 64 128
235  210  510 0  72 1 8 1 2 4 8 16 32 64 128
236  239  695 0   7 1 8 1 2 4 8 16 32 64 128
237  462  542 0  78 1 8 1 2 4 8 16 32 64 128
238  701  449 0  16 1 8 1 2 4 8 16 32 64 128
239  309  179 0  11 1 8 1 2 4 8 16 32 64 128
240  507  920 0  12 1 8 1 2 4 8 16 32 64 128
241  604   71 0  21 1 8 1 2 4 8 16 32 64 128
242  925  905 0  96 1 8 1 2 4 8 16 32 64 128
243  689  672 0  97 1 8 1 2 4 8 16 32 64 128
244  544  826 0  73 1 8 1 2 4 8 16 32 64 128
245  938  253 0  53 1 8 1 2 4 8 16 32 64 128
246  284  193 0  96 1 8 1 2 4 8 16 32 64 128
247  770  905 0  46 1 8 1 2 4 8 16 32 64 128
248  175  303 0  31 1 8 1 2 4 8 16 32 64 128
249  698  942 0  79 1 8 1 2 4 8 16 32 64 128
250  893  638 0  26 1 8 1 2 4 8 16 32 64 128
251  403  838 0  99 1 8 1 2 4 8 16 32 64 128
252  288  270 0  93 1 8 1 2 4 8 16 32 64 128
253  991   23 0  50 1 8 1 2 4 8 16 32 64 128
254  408  700 0  70 1 8 1 2 4 8 16 32 64 128
255  443   22 0  42 1 8 1 2 4 8 16 32 64 128
256  646  783 0  16 1 8 1 2 4 8 16 32 64 128
257  314  575 0  55 1 8 1 2 4 8 16 32 64 128
258  554  915 0  15 1 8 1 2 4 8 16 32 64 128
259  647   82 0  18 1 8 1 2 4 8 16 32 64 128
260   73   66 0   3 1 8 1 2 4 8 16 32 64 128
261  656  634 0  51 1 8 1 2 4 8 16 32 64 128
262  234  719 0  90 1 8 1 2 4 8 16 32 64 128
263  378  823 0  24 1 8 1 2 4 8 16 32 64 128
264  681  305 0  81 1 8 1 2 4 8 16 32 64 128
265  690  129 0  65 1 8 1 2 4 8 16 32 64 128
266    7  274 0  26 1 8 1 2 4 8 16 32 64 128
267  503  278 0  48 1 8 1 2 4 8 16 32 64 128
268  812  450 0  86 1 8 1 2 4 8 16 32 64 128
269  972  517 0  61 1 8 1 2 4 8 16 32 64 128
270  715  282 0  40 1 8 1 2 4 8 16 32 64 128
271  287  195 0  67 1 8 1 2 4 8 16 32 64 128
272   48  161 0  80 1 8 1 2 4 8 16 32 64 128
273  646  710 0  48 1 8 1 2 4 8 16 32 64 128
274  211  765 0  46 1 8 1 2 4 8 16 32 64 128
275   75  470 0  33 1 8 1 2 4 8 16 32 64 128
276  665  256 0  80 1 8 1 2 4 8 16 32 64 128
277  541  764 0  26 1 8 1 2 4 8 16 32 64 128
278  192  106 0  89 1 8 1 2 4 8 16 32 64 128
279  561  106 0  48 1 8 1 2 4 8 16 32 64 128
280  903  415 0  76 1 8 1 2 4 8 16 32 64 128
281  668  351 0  49 1 8 1 2 4 8 16 32 64 128
282  930  545 0  17 1 8 1 2 4 8 16 32 64 128
283  489  221 0  82 1 8 1 2 4 8 16 32 64 128
284  271  667 0  22 1 8 1 2 4 8 16 32 64 128
285  841  915 0  33 1 8 1 2 4 8 16 32 64 128
286  171  135 0  15 1 8 1 2 4 8 16 32 64 128
287  197  236 0  94 1 8 1 2 4 8 16 32 64 128
288  175  980 0  33 1 8 1 2 4 8 16 32 64 128
289  177  622 0  60 1 8 1 2 4 8 16 32 64 128
290  562  717 0  53 1 8 1 2 4 8 16 32 64 128
291  249  566 0  50 1 8 1 2 4 8 16 32 64 128
292  386  106 0  16 1 8 1 2 4 8 16 32 64 128
293    8  913 0  73 1 8 1 2 4 8 16 32 64 128
294  523  942 0  59 1 8 1 2 4 8 16 32 64 128
295  702  757 0  41 1 8 1 2 4 8 16 32 64 128
296   16  281 0  94 1 8 1 2 4 8 16 32 64 128
297  557  325 0  26 1 8 1 2 4 8 16 32 64 128
298  581  204 0  21 1 8 1 2 4 8 16 32 64 128
299  224  717 0  81 1 8 1 2 4 8 16 32 64 128
300  123  625 0  91 1 8 1 2 4 8 16 32 64 128
301  556  615 0  15 1 8 1 2 4 8 16 32 64 128
302  246  728 0  44 1 8 1 2 4 8 16 32 64 128
303  764  505 0  61 1 8 1 2 4 8 16 32 64 128
304  641   53 0  71 1 8 1 2 4 8 16 32 64 128
305  440  250 0 100 1 8 1 2 4 8 16 32 64 128
306  407  830 0   3 1 8 1 2 4 8 16 32 64 128
307  329  459 0  86 1 8 1 2 4 8 16 32 64 128
308  462   44 0  44 1 8 1 2 4 8 16 32 64 128
309  117  622 0  79 1 8 1 2 4 8 16 32 64 128
310  203  265 0   3 1 8 1 2 4 8 16 32 64 128
311  521  363 0  96 1 8 1 2 4 8 16 32 64 128
312  199  776 0  25 1 8 1 2 4 8 16 32 64 128
313  771  992 0  27 1 8 1 2 4 8 16 32 64 128
314  313  693 0  60 1 8 1 2 4 8 16 32 64 128
315  555  457 0  36 1 8 1 2 4 8 16 32 64 128
316  465  323 0  20 1 8 1 2 4 8 16 32 64 128
317  302  550 0  33 1 8 1 2 4 8 16 32 64 128
318  382  702 0  34 1 8 1 2 4 8 16 32 64 128
319  372   14 0  18 1 8 1 2 4 8 16 32 64 128
320  726  662 0  34 1 8 1 2 4 8 16 32 64 128
321  680  658 0  53 1 8 1 2 4 8 16 32 64 128
322  470  589 0  60 1 8 1 2 4 8 16 32 64 128
323  773   27 0  72 1 8 1 2 4 8 16 32 64 128
324  544  723 0  58 1 8 1 2 4 8 16 32 64 128
325  919  916 0  47 1 8 1 2 4 8 16 32 64 128
326  364  906 0  10 1 8 1 2 4 8 16 32 64 128
327   64  790 0  48 1 8 1 2 4 8 16 32 64 128
328  809  705 0  13 1 8 1 2 4 8 16 32 64 128
329  972  583 0  90 1 8 1 2 4 8 16 32 64 128
330  149  340 0  81 1 8 1 2 4 8 16 32 64 128
331   34  901 0  62 1 8 1 2 4 8 16 32 64 128
332  427 1000 0  63 1 8 1 2 4 8 16 32 64 128
333   13  946 0 100 1 8 1 2 4 8 16 32 64 128
334  769  213 0 100 1 8 1 2 4 8 16 32 64 128
335  543  916 0  85 1 8 1 2 4 8 16 32 64 128
336  703  763 0  75 1 8 1 2 4 8 16 32 64 128
337  789  375 0  34 1 8 1 2 4 8 16 32 64 128
338    3  817 0  46 1 8 1 2 4 8 16 32 64 128
339  876  951 0  26 1 8 1 2 4 8 16 32 64 128
340   75  333 0  27 1 8 1 2 4 8 16 32 64 128
341  409  143 0  28 1 8 1 2 4 8 16 32 64 128
342  815  978 0  33 1 8 1 2 4 8 16 32 64 128
343  104  289 0  15 1 8 1 2 4 8 16 32 64 128
344  251  912 0  31 1 8 1 2 4 8 16 32 64 128
345  391  383 0  57 1 8 1 2 4 8 16 32 64 128
346  670  828 0   9 1 8 1 2 4 8 16 32 64 128
347  617  816 0  75 1 8 1 2 4 8 16 32 64 128
348  473  812 0  17 1 8 1 2 4 8 16 32 64 128
349  561  506 0  91 1 8 1 2 4 8 16 32 64 128
350  105  121 0  74 1 8 1 2 4 8 16 32 64 128
351  460  469 0  31 1 8 1 2 4 8 16 32 64 128
352   42  933 0  39 1 8 1 2 4 8 16 32 64 128
353  378   10 0  37 1 8 1 2 4 8 16 32 64 128
354  470  155 0   4 1 8 1 2 4 8 16 32 64 128
355   69   34 0  29 1 8 1 2 4 8 16 32 64 128
356  342  727 0  36 1 8 1 2 4 8 16 32 64 128
357  912  823 0  37 1 8 1 2 4 8 16 32 64 128
358   11  585 0  36 1 8 1 2 4 8 16 32 64 128
359  462  170 0  24 1 8 1 2 4 8 16 32 64 128
360  892  100 0 100 1 8 1 2 4 8 16 32 64 128
361  619  990 0  54 1 8 1 2 4 8 16 32 64 128
362  373  329 0  81 1 8 1 2 4 8 16 32 64 128
363  305  291 0  61 1 8 1 2 4 8 16 32 64 128
364  836  478 0  74 1 8 1 2 4 8 16 32 64 128
365  518  599 0  10 1 8 1 2 4 8 16 32 64 128
366  442   94 0  62 1 8 1 2 4 8 16 32 64 128
367  439   46 0  22 1 8 1 2 4 8 16 32 64 128
368  555  602 0  45 1 8 1 2 4 8 16 32 64 128
369  671   69 0  89 1 8 1 2 4 8 16 32 64 128
370  182  781 0  77 1 8 1 2 4 8 16 32 64 128
371  634  797 0  30 1 8 1 2 4 8 16 32 64 128
372  997  633 0  94 1 8 1 2 4 8 16 32 64 128
373  390  423 0  46 1 8 1 2 4 8 16 32 64 128
374  462  442 0  44 1 8 1 2 4 8 16 32 64 128
375  539  551 0  65 1 8 1 2 4 8 16 32 64 128
376    2  686 0  55 1 8 1 2 4 8 16 32 64 128
377  465  252 0  23 1 8 1 2 4 8 16 32 64 128
378  744  854 0  73 1 8 1 2 4 8 16 32 64 128
379  243  511 0  70 1 8 1 2 4 8 16 32 64 128
380  621  174 0  97 1 8 1 2 4 8 16 32 64 128
381  918  251 0  31 1 8 1 2 4 8 16 32 64 128
382  487    3 0  60 1 8 1 2 4 8 16 32 64 128
383  344  596 0  36 1 8 1 2 4 8 16 32 64 128
384  738  142 0  14 1 8 1 2 4 8 16 32 64 128
385  651  197 0  95 1 8 1 2 4 8 16 32 64 128
386  264  629 0  99 1 8 1 2 4 8 16 32 64 128
387  638  245 0  49 1 8 1 2 4 8 16 32 64 128
388  989  484 0  15 1 8 1 2 4 8 16 32 64 128
389  155  494 0  18 1 8 1 2 4 8 16 32 64 128
390  389  768 0  41 1 8 1 2 4 8 16 32 64 128
391   70  182 0  95 1 8 1 2 4 8 16 32 64 128
392  714  828 0  10 1 8 1 2 4 8 16 32 64 128
393  450  333 0  22 1 8 1 2 4 8 16 32 64 128
394  267  333 0  44 1 8 1 2 4 8 16 32 64 128
395  771    1 0  72 1 8 1 2 4 8 16 32 64 128
396   30   81 0  29 1 8 1 2 4 8 16 32 64 128
397  125  725 0  93 1 8 1 2 4 8 16 32 64 128
398  465  392 0  55 1 8 1 2 4 8 16 32 64 128
399  381  922 0  89 1 8 1 2 4 8 16 32 64 128
400  938   99 0  37 1 8 1 2 4 8 16 32 64 128
401  212  388 0  86 1 8 1 2 4 8 16 32 64 128
402  277  767 0  36 1 8 1 2 4 8 16 32 64 128
403  829  271 0  78 1 8 1 2 4 8 16 32 64 128
404  611  938 0  69 1 8 1 2 4 8 16 32 64 128
405  483  892 0  78 1 8 1 2 4 8 16 32 64 128
406  520  663 0   1 1 8 1 2 4 8 16 32 64 128
407  631  149 0  84 1 8 1 2 4 8 16 32 64 128
408   28  489 0  28 1 8 1 2 4 8 16 32 64 128
409  447  334 0  98 1 8 1 2 4 8 16 32 64 128
410  780    1 0  63 1 8 1 2 4 8 16 32 64 128
411  444   27 0  40 1 8 1 2 4 8 16 32 64 128
412  331   67 0  10 1 8 1 2 4 8 16 32 64 128
413  187  200 0  49 1 8 1 2 4 8 16 32 64 128
414  318  220 0  61 1 8 1 2 4 8 16 32 64 128
415  810  229 0  73 1 8 1 2 4 8 16 32 64 128
416  407  684 0  28 1 8 1 2 4 8 16 32 64 128
417  235  642 0  30 1 8 1 2 4 8 16 32 64 128
418  446  351 0  78 1 8 1 2 4 8 16 32 64 128
419  159  493 0  11 1 8 1 2 4 8 16 32 64 128
420 1000  798 0  72 1 8 1 2 4 8 16 32 64 128
421  435  315 0  41 1 8 1 2 4 8 16 32 64 128
422  263  331 0  13 1 8 1 2 4 8 16 32 64 128
423  863  238 0  13 1 8 1 2 4 8 16 32 64 128
424  400  205 0  50 1 8 1 2 4 8 16 32 64 128
425  640  889 0  25 1 8 1 2 4 8 16 32 64 128
426   83  711 0  48 1 8 1 2 4 8 16 32 64 128
427    9  986 0  82 1 8 1 2 4 8 16 32 64 128
428  438  262 0   7 1 8 1 2 4 8 16 32 64 128
429  629  292 0  38 1 8 1 2 4 8 16 32 64 128
430  386  854 0  98 1 8 1 2 4 8 16 32 64 128
431  979   59 0  36 1 8 1 2 4 8 16 32 64 128
432  155  110 0  92 1 8 1 2 4 8 16 32 64 128
433  745  501 0   9 1 8 1 2 4 8 16 32 64 128
434  922  473 0   4 1 8 1 2 4 8 16 32 64 128
435  199  766 0  33 1 8 1 2 4 8 16 32 64 128
436  253  510 0  77 1 8 1 2 4 8 16 32 64 128
437  901  438 0  40 1 8 1 2 4 8 16 32 64 128
438  531  852 0  65 1 8 1 2 4 8 16 32 64 128
439  950  972 0  13 1 8 1 2 4 8 16 32 64 128
440  414  440 0  77 1 8 1 2 4 8 16 32 64 128
441   51  659 0  74 1 8 1 2 4 8 16 32 64 128
442  845  441 0  79 1 8 1 2 4 8 16 32 64 128
443  358  163 0  62 1 8 1 2 4 8 16 32 64 128
444  671  202 0  91 1 8 1 2 4 8 16 32 64 128
445  627   82 0  92 1 8 1 2 4 8 16 32 64 128
446  798  777 0  87 1 8 1 2 4 8 16 32 64 128
447  955  179 0  71 1 8 1 2 4 8 16 32 64 128
448  534  740 0  53 1 8 1 2 4 8 16 32 64 128
449  371  857 0  38 1 8 1 2 4 8 16 32 64 128
450  231  638 0  54 1 8 1 2 4 8 16 32 64 128
451  889  610 0  19 1 8 1 2 4 8 16 32 64 128
452  363  674 0  15 1 8 1 2 4 8 16 32 64 128
453  561  942 0  85 1 8 1 2 4 8 16 32 64 128
454  891  651 0  59 1 8 1 2 4 8 16 32 64 128
455  598  807 0  61 1 8 1 2 4 8 16 32 64 128
456  964  588 0  34 1 8 1 2 4 8 16 32 64 128
457  251  572 0  60 1 8 1 2 4 8 16 32 64 128
458  993  392 0  87 1 8 1 2 4 8 16 32 64 128
459  970  877 0  59 1 8 1 2 4 8 16 32 64 128
460   25  427 0  83 1 8 1 2 4 8 16 32 64 128
461  688  510 0  36 1 8 1 2 4 8 16 32 64 128
462  750  642 0  68 1 8 1 2 4 8 16 32 64 128
463  811  672 0  60 1 8 1 2 4 8 16 32 64 128
464  782  839 0  10 1 8 1 2 4 8 16 32 64 128
465  354  816 0  59 1 8 1 2 4 8 16 32 64 128
466   53  352 0  19 1 8 1 2 4 8 16 32 64 128
467  251  722 0  60 1 8 1 2 4 8 16 32 64 128
468  156  550 0  77 1 8 1 2 4 8 16 32 64 128
469    9  222 0  29 1 8 1 2 4 8 16 32 64 128
470  478  183 0  19 1 8 1 2 4 8 16 32 64 128
471  792  774 0  73 1 8 1 2 4 8 16 32 64 128
472    9  846 0  39 1 8 1 2 4 8 16 32 64 128
473  514  997 0  34 1 8 1 2 4 8 16 32 64 128
474  448  976 0 100 1 8 1 2 4 8 16 32 64 128
475   24  932 0  52 1 8 1 2 4 8 16 32 64 128
476  852  590 0  53 1 8 1 2 4 8 16 32 64 128
477  867  177 0  19 1 8 1 2 4 8 16 32 64 128
478  495  517 0  48 1 8 1 2 4 8 16 32 64 128
479  618  465 0   1 1 8 1 2 4 8 16 32 64 128
480  458  221 0  32 1 8 1 2 4 8 16 32 64 128
481  478  200 0   5 1 8 1 2 4 8 16 32 64 128
482  291  438 0  24 1 8 1 2 4 8 16 32 64 128
483  423  822 0  91 1 8 1 2 4 8 16 32 64 128
484  371  934 0  20 1 8 1 2 4 8 16 32 64 128
485   13   58 0  41 1 8 1 2 4 8 16 32 64 128
486  141  262 0  75 1 8 1 2 4 8 16 32 64 128
487  604  829 0  13 1 8 1 2 4 8 16 32 64 128
488  536  271 0  44 1 8 1 2 4 8 16 32 64 128
489  794  521 0  27 1 8 1 2 4 8 16 32 64 128
490  909  741 0  68 1 8 1 2 4 8 16 32 64 128
491  292  841 0  60 1 8 1 2 4 8 16 32 64 128
492  972  341 0   6 1 8 1 2 4 8 16 32 64 128
493  479  997 0   3 1 8 1 2 4 8 16 32 64 128
494  366  902 0  96 1 8 1 2 4 8 16 32 64 128
495  523  376 0  93 1 8 1 2 4 8 16 32 64 128
496  780  849 0  51 1 8 1 2 4 8 16 32 64 128
497  830   99 0  66 1 8 1 2 4 8 16 32 64 128
498  467   22 0  80 1 8 1 2 4 8 16 32 64 128
499  598  778 0  29 1 8 1 2 4 8 16 32 64 128
500  499  801 0   5 1 8 1 2 4 8 16 32 64 128
501  109  521 0  23 1 8 1 2 4 8 16 32 64 128
502  174  201 0  50 1 8 1 2 4 8 16 32 64 128
503  440  147 0  73 1 8 1 2 4 8 16 32 64 128
504  302  570 0  18 1 8 1 2 4 8 16 32 64 128
505  391  108 0  37 1 8 1 2 4 8 16 32 64 128
506   32  221 0  30 1 8 1 2 4 8 16 32 64 128
507  373  220 0  38 1 8 1 2 4 8 16 32 64 128
508  277   87 0  23 1 8 1 2 4 8 16 32 64 128
509  909  149 0  82 1 8 1 2 4 8 16 32 64 128
510  847  460 0  19 1 8 1 2 4 8 16 32 64 128
511  726   47 0  65 1 8 1 2 4 8 16 32 64 128
512  936  125 0   1 1 8 1 2 4 8 16 32 64 128
513  434  885 0   4 1 8 1 2 4 8 16 32 64 128
514  464   76 0  89 1 8 1 2 4 8 16 32 64 128
515  103  653 0  26 1 8 1 2 4 8 16 32 64 128
516   60  714 0  14 1 8 1 2 4 8 16 32 64 128
517  966  363 0   3 1 8 1 2 4 8 16 32 64 128
518  281  208 0  33 1 8 1 2 4 8 16 32 64 128
519  208  975 0  30 1 8 1 2 4 8 16 32 64 128
520  788  216 0  74 1 8 1 2 4 8 16 32 64 128
521  660  570 0  30 1 8 1 2 4 8 16 32 64 128
522  852  188 0   4 1 8 1 2 4 8 16 32 64 128
523  626  805 0  91 1 8 1 2 4 8 16 32 64 128
524  500  310 0   7 1 8 1 2 4 8 16 32 64 128
525  378  171 0  45 1 8 1 2 4 8 16 32 64 128
526  513   92 0  37 1 8 1 2 4 8 16 32 64 128
527  888  306 0   8 1 8 1 2 4 8 16 32 64 128
528  300  543 0  50 1 8 1 2 4 8 16 32 64 128
529  358  732 0  83 1 8 1 2 4 8 16 32 64 128
530  894  371 0  39 1 8 1 2 4 8 16 32 64 128
531  675  695 0  97 1 8 1 2 4 8 16 32 64 128
532  272  745 0  75 1 8 1 2 4 8 16 32 64 128
533  398  440 0  27 1 8 1 2 4 8 16 32 64 128
534  200  212 0  19 1 8 1 2 4 8 16 32 64 128
535  289  701 0  17 1 8 1 2 4 8 16 32 64 128
536  701    2 0  89 1 8 1 2 4 8 16 32 64 128
537  450  603 0   5 1 8 1 2 4 8 16 32 64 128
538   88  698 0  73 1 8 1 2 4 8 16 32 64 128
539  286  140 0  29 1 8 1 2 4 8 16 32 64 128
540  571  223 0  63 1 8 1 2 4 8 16 32 64 128
541  481  598 0  17 1 8 1 2 4 8 16 32 64 128
542  878  972 0  85 1 8 1 2 4 8 16 32 64 128
543  936  153 0   9 1 8 1 2 4 8 16 32 64 128
544  335  868 0  20 1 8 1 2 4 8 16 32 64 128
545  808  335 0  36 1 8 1 2 4 8 16 32 64 128
546  709  618 0   4 1 8 1 2 4 8 16 32 64 128
547   95  818 0  36 1 8 1 2 4 8 16 32 64 128
548  274  110 0  27 1 8 1 2 4 8 16 32 64 128
549  300  348 0  75 1 8 1 2 4 8 16 32 64 128
550  730    5 0  27 1 8 1 2 4 8 16 32 64 128
551  490  991 0  99 1 8 1 2 4 8 16 32 64 128
552  497  473 0  42 1 8 1 2 4 8 16 32 64 128
553  567  728 0  89 1 8 1 2 4 8 16 32 64 128
554  851  825 0  97 1 8 1 2 4 8 16 32 64 128
555  466  599 0  15 1 8 1 2 4 8 16 32 64 128
556  220  211 0  21 1 8 1 2 4 8 16 32 64 128
557  911  490 0  75 1 8 1 2 4 8 16 32 64 128
558   23  757 0  55 1 8 1 2 4 8 16 32 64 128
559  718  765 0   9 1 8 1 2 4 8 16 32 64 128
560  503  333 0  52 1 8 1 2 4 8 16 32 64 128
561  139  958 0  38 1 8 1 2 4 8 16 32 64 128
562  275  299 0   1 1 8 1 2 4 8 16 32 64 128
563   71  997 0  89 1 8 1 2 4 8 16 32 64 128
564  251  739 0  38 1 8 1 2 4 8 16 32 64 128
565  185  226 0  40 1 8 1 2 4 8 16 32 64 128
566  383  775 0  90 1 8 1 2 4 8 16 32 64 128
567  283  723 0  71 1 8 1 2 4 8 16 32 64 128
568  212  802 0  97 1 8 1 2 4 8 16 32 64 128
569  174  724 0  80 1 8 1 2 4 8 16 32 64 128
570  191  425 0   4 1 8 1 2 4 8 16 32 64 128
571  597  910 0  79 1 8 1 2 4 8 16 32 64 128
572  396  538 0  33 1 8 1 2 4 8 16 32 64 128
573  652  447 0  64 1 8 1 2 4 8 16 32 64 128
574  451  719 0  25 1 8 1 2 4 8 16 32 64 128
575  960   59 0  85 1 8 1 2 4 8 16 32 64 128
576  286  964 0   0 0 0
577  328  405 0   0 0 0
578  737  581 0   0 0 0
579  138  320 0   0 0 0
580  241  143 0   0 0 0
581  265  428 0   0 0 0
582  381  827 0   0 0 0
583  477  204 0   0 0 0
