2 348 579 2
0 244
0 244
  1  388  302 0  57 1 2 1 2
  2  742  875 0   2 1 2 1 2
  3   74  441 0   6 1 2 1 2
  4  118  335 0   8 1 2 1 2
  5  549  370 0  59 1 2 1 2
  6  862  492 0  75 1 2 1 2
  7  357   93 0   1 1 2 1 2
  8  924  506 0   8 1 2 1 2
  9  893  779 0  22 1 2 1 2
 10  275  602 0  29 1 2 1 2
 11  402  178 0  90 1 2 1 2
 12  229  997 0  68 1 2 1 2
 13  829  940 0   6 1 2 1 2
 14  414  149 0  50 1 2 1 2
 15  121   19 0   3 1 2 1 2
 16  785  483 0  99 1 2 1 2
 17  616  479 0  28 1 2 1 2
 18   21  993 0  67 1 2 1 2
 19  751  728 0  33 1 2 1 2
 20  613  874 0  66 1 2 1 2
 21  418  293 0  83 1 2 1 2
 22   86  469 0  82 1 2 1 2
 23  518  983 0  27 1 2 1 2
 24  622  216 0  45 1 2 1 2
 25  163  917 0   6 1 2 1 2
 26  847  638 0  85 1 2 1 2
 27  532  403 0  96 1 2 1 2
 28   29  307 0  14 1 2 1 2
 29   69  856 0  17 1 2 1 2
 30  676  962 0  91 1 2 1 2
 31  873  758 0  90 1 2 1 2
 32  621  322 0  76 1 2 1 2
 33  226  188 0  40 1 2 1 2
 34  527  375 0  33 1 2 1 2
 35  633  525 0  56 1 2 1 2
 36  645  586 0  17 1 2 1 2
 37  196  371 0  43 1 2 1 2
 38  921  784 0  30 1 2 1 2
 39  546  328 0  77 1 2 1 2
 40   43  539 0  48 1 2 1 2
 41   91  518 0  44 1 2 1 2
 42  535  993 0  90 1 2 1 2
 43   26  239 0  41 1 2 1 2
 44  683  830 0  48 1 2 1 2
 45  209   66 0   7 1 2 1 2
 46  928  595 0  70 1 2 1 2
 47  649  118 0  61 1 2 1 2
 48  896  500 0  15 1 2 1 2
 49  495   13 0  67 1 2 1 2
 50  643  129 0  90 1 2 1 2
 51  549  969 0  51 1 2 1 2
 52  442    2 0  19 1 2 1 2
 53  872   99 0  80 1 2 1 2
 54  633  733 0  17 1 2 1 2
 55  828  233 0  42 1 2 1 2
 56  895  147 0  14 1 2 1 2
 57  590  666 0  17 1 2 1 2
 58  976  720 0  54 1 2 1 2
 59  735  138 0  29 1 2 1 2
 60  315  677 0  36 1 2 1 2
 61  978  663 0  61 1 2 1 2
 62  349  364 0  29 1 2 1 2
 63  418  355 0  86 1 2 1 2
 64  188  224 0  19 1 2 1 2
 65  800  815 0   4 1 2 1 2
 66  446  830 0  16 1 2 1 2
 67   45  736 0  18 1 2 1 2
 68  978  846 0   3 1 2 1 2
 69  827  823 0  20 1 2 1 2
 70  126  842 0  34 1 2 1 2
 71  692  878 0  84 1 2 1 2
 72  312  752 0  43 1 2 1 2
 73  911  739 0  97 1 2 1 2
 74  988  740 0  31 1 2 1 2
 75  333  211 0  96 1 2 1 2
 76  202   96 0  31 1 2 1 2
 77  351  852 0  63 1 2 1 2
 78  245  538 0  23 1 2 1 2
 79  716   76 0  18 1 2 1 2
 80  806  986 0  69 1 2 1 2
 81  800  632 0  13 1 2 1 2
 82  957  517 0  11 1 2 1 2
 83  975  216 0  70 1 2 1 2
 84  239  395 0  86 1 2 1 2
 85  761  440 0  94 1 2 1 2
 86  985  328 0  90 1 2 1 2
 87   69  188 0  45 1 2 1 2
 88  236  930 0  61 1 2 1 2
 89  614  762 0  83 1 2 1 2
 90  385  756 0  61 1 2 1 2
 91  870  444 0   6 1 2 1 2
 92   50  682 0  22 1 2 1 2
 93  852  698 0  45 1 2 1 2
 94   24  657 0   1 1 2 1 2
 95   66  444 0  37 1 2 1 2
 96  644   85 0   1 1 2 1 2
 97  680  944 0  95 1 2 1 2
 98  515   30 0  91 1 2 1 2
 99  611  787 0  75 1 2 1 2
100  550   27 0  17 1 2 1 2
101  475  150 0  55 1 2 1 2
102  185  239 0  37 1 2 1 2
103  193  921 0  60 1 2 1 2
104  442  956 0   9 1 2 1 2
105  596  939 0  60 1 2 1 2
106  355  737 0  17 1 2 1 2
107  540  409 0  77 1 2 1 2
108  650  620 0  33 1 2 1 2
109  620  404 0  28 1 2 1 2
110  453  747 0  96 1 2 1 2
111  500  622 0  35 1 2 1 2
112  442  203 0  50 1 2 1 2
113  611  538 0  82 1 2 1 2
114  659  957 0  51 1 2 1 2
115  874  867 0  89 1 2 1 2
116  846  687 0  10 1 2 1 2
117  721  634 0  78 1 2 1 2
118    5  713 0   4 1 2 1 2
119  564   13 0  17 1 2 1 2
120  126  114 0  39 1 2 1 2
121   27  971 0  64 1 2 1 2
122    5  888 0   9 1 2 1 2
123  140   48 0   9 1 2 1 2
124  706  504 0  22 1 2 1 2
125  458  786 0  50 1 2 1 2
126 1000  592 0  74 1 2 1 2
127  316  978 0  37 1 2 1 2
128  669  839 0   5 1 2 1 2
129  789  489 0  61 1 2 1 2
130  791  296 0  11 1 2 1 2
131  729   92 0  66 1 2 1 2
132   28  848 0   7 1 2 1 2
133  853  536 0  91 1 2 1 2
134  763  733 0  29 1 2 1 2
135  853  244 0  14 1 2 1 2
136  194  862 0  38 1 2 1 2
137  905  418 0  69 1 2 1 2
138   90  793 0  52 1 2 1 2
139  242  240 0  99 1 2 1 2
140  297  462 0  12 1 2 1 2
141  421  922 0  80 1 2 1 2
142  705  401 0  54 1 2 1 2
143  638  871 0  15 1 2 1 2
144   43  416 0  42 1 2 1 2
145  931  601 0  53 1 2 1 2
146  475  733 0  93 1 2 1 2
147  943  745 0  52 1 2 1 2
148  329  599 0  29 1 2 1 2
149  780  479 0  68 1 2 1 2
150  599  162 0 100 1 2 1 2
151  490  401 0  29 1 2 1 2
152  294  247 0   8 1 2 1 2
153  553  948 0  88 1 2 1 2
154  743  421 0  74 1 2 1 2
155  256  217 0  91 1 2 1 2
156  387  298 0  27 1 2 1 2
157  161  788 0  49 1 2 1 2
158  341  718 0  43 1 2 1 2
159  140  745 0  38 1 2 1 2
160  360  174 0  26 1 2 1 2
161  446  304 0   2 1 2 1 2
162  596  135 0  97 1 2 1 2
163  860  632 0  97 1 2 1 2
164   41  160 0  71 1 2 1 2
165  854  526 0  61 1 2 1 2
166  877  574 0  45 1 2 1 2
167  646  502 0  70 1 2 1 2
168  611  213 0  90 1 2 1 2
169  878  688 0  99 1 2 1 2
170  575  138 0  45 1 2 1 2
171  910  794 0  75 1 2 1 2
172  625  282 0  84 1 2 1 2
173  903   81 0  54 1 2 1 2
174  321  362 0  21 1 2 1 2
175  667  502 0   3 1 2 1 2
176  849  929 0  86 1 2 1 2
177   51  460 0  50 1 2 1 2
178  620  866 0  43 1 2 1 2
179  642  999 0  84 1 2 1 2
180   25  592 0  96 1 2 1 2
181  484  763 0  79 1 2 1 2
182  799  491 0   5 1 2 1 2
183  643  326 0  59 1 2 1 2
184  551   94 0  99 1 2 1 2
185  303   76 0  29 1 2 1 2
186  844  507 0  25 1 2 1 2
187  323  885 0  52 1 2 1 2
188  878  665 0  17 1 2 1 2
189  995  595 0  11 1 2 1 2
190  559  897 0  22 1 2 1 2
191  770  954 0  87 1 2 1 2
192  908  164 0  46 1 2 1 2
193   62  217 0  43 1 2 1 2
194  309   55 0  59 1 2 1 2
195  641  409 0  49 1 2 1 2
196  680  915 0  15 1 2 1 2
197  257  261 0  32 1 2 1 2
198  561  177 0   8 1 2 1 2
199  210   61 0  21 1 2 1 2
200  112  310 0  68 1 2 1 2
201  431  934 0   4 1 2 1 2
202  658  952 0  64 1 2 1 2
203  196  889 0   5 1 2 1 2
204  547  323 0  92 1 2 1 2
205  947  402 0  98 1 2 1 2
206   58   85 0  41 1 2 1 2
207  920  746 0  93 1 2 1 2
208  342  343 0  68 1 2 1 2
209  728  768 0  83 1 2 1 2
210   59  802 0   1 1 2 1 2
211  214  157 0  31 1 2 1 2
212  811  484 0  90 1 2 1 2
213  936  698 0  22 1 2 1 2
214  496  631 0  67 1 2 1 2
215  904  359 0  80 1 2 1 2
216  393  998 0  90 1 2 1 2
217  359  895 0  23 1 2 1 2
218   23  722 0  38 1 2 1 2
219  640  623 0  12 1 2 1 2
220  269  944 0  84 1 2 1 2
221   41  580 0  30 1 2 1 2
222  416  419 0  95 1 2 1 2
223  207  405 0  35 1 2 1 2
224  576  778 0  85 1 2 1 2
225    1   92 0  98 1 2 1 2
226  701  931 0  51 1 2 1 2
227  358  314 0  22 1 2 1 2
228  400  258 0  94 1 2 1 2
229  319  146 0  65 1 2 1 2
230  228  132 0  39 1 2 1 2
231  989  443 0   9 1 2 1 2
232  686  579 0  44 1 2 1 2
233  193  467 0  76 1 2 1 2
234  226  750 0   2 1 2 1 2
235  662  704 0  48 1 2 1 2
236  110  323 0  39 1 2 1 2
237  225  527 0  52 1 2 1 2
238  905  128 0  92 1 2 1 2
239  298  481 0  49 1 2 1 2
240  170  481 0  62 1 2 1 2
241   24  973 0  69 1 2 1 2
242   11  761 0 100 1 2 1 2
243  519  344 0  57 1 2 1 2
244  717  957 0  50 1 2 1 2
245  479  389 0  76 1 2 1 2
246  848  149 0  29 1 2 1 2
247  473  762 0  21 1 2 1 2
248  698  325 0   1 1 2 1 2
249  894  891 0  84 1 2 1 2
250  467  677 0  49 1 2 1 2
251  978  113 0  69 1 2 1 2
252  792  801 0  19 1 2 1 2
253  135   11 0 100 1 2 1 2
254  214  878 0  61 1 2 1 2
255  204  937 0  89 1 2 1 2
256  835  171 0   1 1 2 1 2
257  265  283 0  19 1 2 1 2
258  771   69 0  95 1 2 1 2
259  385  108 0  35 1 2 1 2
260   78  338 0  38 1 2 1 2
261  265  145 0  67 1 2 1 2
262  121  612 0  65 1 2 1 2
263  478  462 0   6 1 2 1 2
264    9  438 0   4 1 2 1 2
265  420  609 0  49 1 2 1 2
266  643  351 0  51 1 2 1 2
267  866  119 0  59 1 2 1 2
268  607  769 0   3 1 2 1 2
269  339  931 0  17 1 2 1 2
270  688  635 0  94 1 2 1 2
271  133  704 0  66 1 2 1 2
272  879   81 0  41 1 2 1 2
273  160  558 0  71 1 2 1 2
274  582   62 0  45 1 2 1 2
275  144  556 0  43 1 2 1 2
276  142   56 0  51 1 2 1 2
277  819  984 0  57 1 2 1 2
278  670  452 0  81 1 2 1 2
279  472  813 0  90 1 2 1 2
280   64  475 0  14 1 2 1 2
281    5  127 0  26 1 2 1 2
282  378  953 0 100 1 2 1 2
283  831  389 0  32 1 2 1 2
284  631  595 0  56 1 2 1 2
285  842  231 0  23 1 2 1 2
286   35   40 0  69 1 2 1 2
287  232  184 0  76 1 2 1 2
288   86  467 0  17 1 2 1 2
289  209  349 0  36 1 2 1 2
290  410  174 0  72 1 2 1 2
291  167  335 0  49 1 2 1 2
292  552  507 0  29 1 2 1 2
293  999  445 0  31 1 2 1 2
294  785  298 0  98 1 2 1 2
295   85   37 0  22 1 2 1 2
296  344  110 0  36 1 2 1 2
297  924  846 0  15 1 2 1 2
298  397  107 0  12 1 2 1 2
299  543  815 0  87 1 2 1 2
300   86   98 0  71 1 2 1 2
301  970  818 0  99 1 2 1 2
302  478  714 0  96 1 2 1 2
303  689  572 0  73 1 2 1 2
304  591  423 0  28 1 2 1 2
305  387  749 0  28 1 2 1 2
306  875  158 0  52 1 2 1 2
307  583  732 0  14 1 2 1 2
308  500   68 0  64 1 2 1 2
309  488  868 0  54 1 2 1 2
310  664  609 0  85 1 2 1 2
311  724  630 0  53 1 2 1 2
312  830   96 0  17 1 2 1 2
313  535  637 0  50 1 2 1 2
314  336  562 0  14 1 2 1 2
315  591  570 0  26 1 2 1 2
316  599  784 0  68 1 2 1 2
317  928  125 0  12 1 2 1 2
318  155 1000 0  67 1 2 1 2
319  536  143 0  25 1 2 1 2
320   78  355 0  12 1 2 1 2
321  735   20 0  85 1 2 1 2
322   56  235 0  85 1 2 1 2
323   52  868 0  24 1 2 1 2
324  671   66 0  26 1 2 1 2
325   28  618 0  87 1 2 1 2
326   46  600 0  67 1 2 1 2
327  270  529 0  19 1 2 1 2
328  190    2 0  21 1 2 1 2
329  718    7 0  86 1 2 1 2
330  799  795 0  30 1 2 1 2
331  919  743 0  19 1 2 1 2
332  238  865 0  26 1 2 1 2
333   38  361 0  50 1 2 1 2
334  885  804 0  83 1 2 1 2
335   68  641 0 100 1 2 1 2
336  549  854 0  31 1 2 1 2
337  271   21 0  67 1 2 1 2
338  915  512 0  40 1 2 1 2
339  925  296 0  86 1 2 1 2
340  698  151 0  48 1 2 1 2
341  192  577 0  87 1 2 1 2
342  243  989 0   1 1 2 1 2
343  722  244 0  29 1 2 1 2
344  854  303 0  66 1 2 1 2
345  339  627 0  86 1 2 1 2
346   30  705 0  10 1 2 1 2
347  213  565 0  61 1 2 1 2
348  334   34 0  15 1 2 1 2
349   57  259 0 100 1 2 1 2
350  256  581 0   3 1 2 1 2
351  712  866 0  47 1 2 1 2
352  132  559 0   2 1 2 1 2
353  492  924 0  85 1 2 1 2
354  667  472 0  56 1 2 1 2
355  991  459 0  48 1 2 1 2
356   98  542 0  74 1 2 1 2
357  672  921 0  91 1 2 1 2
358  759  275 0  36 1 2 1 2
359  621  998 0  88 1 2 1 2
360  834  188 0  60 1 2 1 2
361  921   85 0  93 1 2 1 2
362   45  517 0  58 1 2 1 2
363  260  783 0  49 1 2 1 2
364    8   58 0   2 1 2 1 2
365  757  857 0  21 1 2 1 2
366  592   34 0  64 1 2 1 2
367   17   13 0  50 1 2 1 2
368  596  142 0  49 1 2 1 2
369  579  799 0  90 1 2 1 2
370  527  225 0  50 1 2 1 2
371  449  604 0  35 1 2 1 2
372  358  827 0  71 1 2 1 2
373  292  662 0  82 1 2 1 2
374  701  204 0  97 1 2 1 2
375  958   49 0  52 1 2 1 2
376  922  363 0  23 1 2 1 2
377    2  892 0  69 1 2 1 2
378  786  335 0  76 1 2 1 2
379  360   54 0  64 1 2 1 2
380  867  858 0  21 1 2 1 2
381   71  137 0  87 1 2 1 2
382  960  985 0  45 1 2 1 2
383  455  420 0  20 1 2 1 2
384  883  612 0  77 1 2 1 2
385  824  615 0  46 1 2 1 2
386  918  799 0   2 1 2 1 2
387  147  656 0  97 1 2 1 2
388  864  514 0  84 1 2 1 2
389  488  508 0  39 1 2 1 2
390  878  280 0  42 1 2 1 2
391  455  295 0  32 1 2 1 2
392  981  744 0   4 1 2 1 2
393  973  131 0  82 1 2 1 2
394  550  984 0  29 1 2 1 2
395  561  499 0  74 1 2 1 2
396  626  715 0  97 1 2 1 2
397  958  329 0  52 1 2 1 2
398  697  982 0  56 1 2 1 2
399  246  179 0  66 1 2 1 2
400  555  552 0   8 1 2 1 2
401  800   58 0 100 1 2 1 2
402   89  603 0  90 1 2 1 2
403  700  825 0  26 1 2 1 2
404  707  464 0  31 1 2 1 2
405  183  379 0  97 1 2 1 2
406   29  373 0  94 1 2 1 2
407  470  568 0  39 1 2 1 2
408  810  318 0   8 1 2 1 2
409  319  198 0  55 1 2 1 2
410  631  680 0  80 1 2 1 2
411  153  285 0 100 1 2 1 2
412   11  541 0  76 1 2 1 2
413  305  549 0  36 1 2 1 2
414  584  280 0  15 1 2 1 2
415  239  916 0  39 1 2 1 2
416  578  570 0  22 1 2 1 2
417  540  118 0  84 1 2 1 2
418   63  828 0  59 1 2 1 2
419  403  636 0  84 1 2 1 2
420  616  956 0  78 1 2 1 2
421  223  658 0  90 1 2 1 2
422   97  428 0  36 1 2 1 2
423  702  446 0  71 1 2 1 2
424  342  503 0  41 1 2 1 2
425  803  938 0  71 1 2 1 2
426  865  424 0  18 1 2 1 2
427  334  633 0  31 1 2 1 2
428  462  639 0  45 1 2 1 2
429  340  558 0  21 1 2 1 2
430  810  230 0   7 1 2 1 2
431  296  719 0  46 1 2 1 2
432  256  243 0  82 1 2 1 2
433  485  662 0  42 1 2 1 2
434  928  792 0  96 1 2 1 2
435  682   89 0 100 1 2 1 2
436  783  712 0  96 1 2 1 2
437   30   17 0  41 1 2 1 2
438  385  293 0  84 1 2 1 2
439  349  324 0  15 1 2 1 2
440  805  731 0  13 1 2 1 2
441  355  658 0  61 1 2 1 2
442  502  324 0  35 1 2 1 2
443  889  215 0  49 1 2 1 2
444  207  916 0  13 1 2 1 2
445  321  423 0  28 1 2 1 2
446  322  510 0  68 1 2 1 2
447  508  233 0   9 1 2 1 2
448  263  690 0  52 1 2 1 2
449  457  515 0  57 1 2 1 2
450  578   52 0  14 1 2 1 2
451  493  206 0  27 1 2 1 2
452  806  172 0  28 1 2 1 2
453  571  728 0  61 1 2 1 2
454  740   87 0  79 1 2 1 2
455  316  954 0  32 1 2 1 2
456  579  536 0  49 1 2 1 2
457  514  582 0  40 1 2 1 2
458  586  264 0  56 1 2 1 2
459  996  403 0  60 1 2 1 2
460  941  221 0  35 1 2 1 2
461  413  927 0  50 1 2 1 2
462  122  441 0  63 1 2 1 2
463  764  693 0  47 1 2 1 2
464  575  116 0  86 1 2 1 2
465  439   12 0  54 1 2 1 2
466  682  747 0  61 1 2 1 2
467  791  582 0   3 1 2 1 2
468  138  331 0   8 1 2 1 2
469  116   49 0  96 1 2 1 2
470   67  776 0   4 1 2 1 2
471  816  547 0  52 1 2 1 2
472  304   50 0  72 1 2 1 2
473  907  373 0  32 1 2 1 2
474  369  822 0  35 1 2 1 2
475  929  342 0   8 1 2 1 2
476  635  526 0   5 1 2 1 2
477  624   11 0  35 1 2 1 2
478  932  669 0 100 1 2 1 2
479  451  481 0  31 1 2 1 2
480  538  568 0   6 1 2 1 2
481  176  518 0  43 1 2 1 2
482  258  403 0  67 1 2 1 2
483   37  651 0  61 1 2 1 2
484  402  602 0  97 1 2 1 2
485  600  993 0  25 1 2 1 2
486  614  907 0   1 1 2 1 2
487  268  681 0  41 1 2 1 2
488  654  292 0  13 1 2 1 2
489  105  555 0  88 1 2 1 2
490   71  262 0  12 1 2 1 2
491  224  254 0  30 1 2 1 2
492  280  190 0  44 1 2 1 2
493  941  829 0   7 1 2 1 2
494  151  807 0  98 1 2 1 2
495   95  414 0   8 1 2 1 2
496  347    8 0  87 1 2 1 2
497  989  821 0  16 1 2 1 2
498  643  979 0  50 1 2 1 2
499  347  762 0  13 1 2 1 2
500  285   39 0  94 1 2 1 2
501  531  740 0  40 1 2 1 2
502  446  452 0  26 1 2 1 2
503  812  254 0  65 1 2 1 2
504  610  845 0  82 1 2 1 2
505  524  778 0  97 1 2 1 2
506  214  500 0  73 1 2 1 2
507  291  754 0  68 1 2 1 2
508  894  659 0  49 1 2 1 2
509  948  666 0  66 1 2 1 2
510  915  501 0  34 1 2 1 2
511  940  189 0  64 1 2 1 2
512  533  493 0  24 1 2 1 2
513  710  529 0  76 1 2 1 2
514  555  966 0  41 1 2 1 2
515  809  126 0  37 1 2 1 2
516  710  544 0  52 1 2 1 2
517  338  686 0  53 1 2 1 2
518  194  306 0  98 1 2 1 2
519  545  901 0  90 1 2 1 2
520  611  981 0  28 1 2 1 2
521  228  109 0  75 1 2 1 2
522  363  676 0  94 1 2 1 2
523  668   91 0  69 1 2 1 2
524  719  907 0   7 1 2 1 2
525  744  565 0  43 1 2 1 2
526  422  178 0  47 1 2 1 2
527  516  166 0  43 1 2 1 2
528  512  416 0  11 1 2 1 2
529  247  223 0  61 1 2 1 2
530  612  449 0  86 1 2 1 2
531  306  267 0  82 1 2 1 2
532  920  129 0   1 1 2 1 2
533  843  894 0  81 1 2 1 2
534  459  370 0  83 1 2 1 2
535  443  261 0  55 1 2 1 2
536  787  881 0 100 1 2 1 2
537  647  571 0  74 1 2 1 2
538  759  207 0  81 1 2 1 2
539  921  640 0  60 1 2 1 2
540   85  936 0  35 1 2 1 2
541  868  366 0  37 1 2 1 2
542  188  188 0  71 1 2 1 2
543  722  581 0  62 1 2 1 2
544  208  534 0  61 1 2 1 2
545  642  812 0  58 1 2 1 2
546   90  362 0   3 1 2 1 2
547  188  435 0  34 1 2 1 2
548  649  884 0  25 1 2 1 2
549  503  921 0  27 1 2 1 2
550   77  361 0  63 1 2 1 2
551  947  800 0  58 1 2 1 2
552  102  329 0  75 1 2 1 2
553  412   92 0  61 1 2 1 2
554  477  119 0  37 1 2 1 2
555  599  769 0  16 1 2 1 2
556  987  776 0  43 1 2 1 2
557  128  544 0  89 1 2 1 2
558  593  451 0  44 1 2 1 2
559  339  237 0  10 1 2 1 2
560  912  777 0  27 1 2 1 2
561  682  543 0  14 1 2 1 2
562  693  490 0  82 1 2 1 2
563  908  443 0  94 1 2 1 2
564  460   67 0  30 1 2 1 2
565  689  763 0  90 1 2 1 2
566  982  422 0  60 1 2 1 2
567  114  763 0  99 1 2 1 2
568  613  854 0  36 1 2 1 2
569   57  658 0  15 1 2 1 2
570  630  321 0  64 1 2 1 2
571  470   52 0  57 1 2 1 2
572  710  690 0   1 1 2 1 2
573  293  395 0  55 1 2 1 2
574  743  936 0  29 1 2 1 2
575  349  858 0  31 1 2 1 2
576  958  248 0  25 1 2 1 2
577  446  242 0  23 1 2 1 2
578  840  327 0  62 1 2 1 2
579  653  119 0   8 1 2 1 2
580  665  971 0   0 0 0
581  605  592 0   0 0 0
