2 118 593 4
0 244
0 244
0 244
0 244
  1 344  57 0  41 1 4 1 2 4 8
  2 224 960 0  84 1 4 1 2 4 8
  3 739 242 0  96 1 4 1 2 4 8
  4 238 141 0  22 1 4 1 2 4 8
  5 895 983 0  58 1 4 1 2 4 8
  6 788 532 0  60 1 4 1 2 4 8
  7 900 320 0  27 1 4 1 2 4 8
  8 510 373 0  49 1 4 1 2 4 8
  9 917 293 0  32 1 4 1 2 4 8
 10 483 629 0  59 1 4 1 2 4 8
 11 287 373 0  93 1 4 1 2 4 8
 12 327 526 0  80 1 4 1 2 4 8
 13 476 740 0   4 1 4 1 2 4 8
 14 950 906 0  25 1 4 1 2 4 8
 15 725 204 0  40 1 4 1 2 4 8
 16 712  36 0  64 1 4 1 2 4 8
 17 469 956 0  38 1 4 1 2 4 8
 18 240 345 0   7 1 4 1 2 4 8
 19 912 156 0   6 1 4 1 2 4 8
 20  40 183 0  58 1 4 1 2 4 8
 21 161 756 0  66 1 4 1 2 4 8
 22 105 853 0  20 1 4 1 2 4 8
 23 383 708 0   6 1 4 1 2 4 8
 24  71 830 0  72 1 4 1 2 4 8
 25 653 793 0  61 1 4 1 2 4 8
 26 767 500 0  27 1 4 1 2 4 8
 27 352 671 0  40 1 4 1 2 4 8
 28 431 777 0  37 1 4 1 2 4 8
 29 441 513 0  48 1 4 1 2 4 8
 30 992 135 0  32 1 4 1 2 4 8
 31 600 939 0   7 1 4 1 2 4 8
 32 918   3 0  66 1 4 1 2 4 8
 33 283 336 0  98 1 4 1 2 4 8
 34 679  22 0  71 1 4 1 2 4 8
 35 896  55 0  62 1 4 1 2 4 8
 36 179 177 0  82 1 4 1 2 4 8
 37 656 686 0   6 1 4 1 2 4 8
 38 185 602 0  47 1 4 1 2 4 8
 39 632 737 0  59 1 4 1 2 4 8
 40  11 857 0   5 1 4 1 2 4 8
 41 674  47 0  29 1 4 1 2 4 8
 42 460 332 0  23 1 4 1 2 4 8
 43 799 407 0  21 1 4 1 2 4 8
 44 205 597 0  65 1 4 1 2 4 8
 45 614 567 0   7 1 4 1 2 4 8
 46 824 835 0  11 1 4 1 2 4 8
 47 279  44 0  76 1 4 1 2 4 8
 48 676 835 0  40 1 4 1 2 4 8
 49 667 433 0  47 1 4 1 2 4 8
 50 452 751 0  80 1 4 1 2 4 8
 51 941 667 0  74 1 4 1 2 4 8
 52  98 930 0  68 1 4 1 2 4 8
 53 316 511 0  60 1 4 1 2 4 8
 54 442 851 0  17 1 4 1 2 4 8
 55 368 477 0  44 1 4 1 2 4 8
 56 675 427 0   2 1 4 1 2 4 8
 57 638 605 0  21 1 4 1 2 4 8
 58 695 974 0  19 1 4 1 2 4 8
 59 288 365 0  60 1 4 1 2 4 8
 60 456 386 0  67 1 4 1 2 4 8
 61 950 479 0  17 1 4 1 2 4 8
 62 209 187 0  58 1 4 1 2 4 8
 63 132 804 0  34 1 4 1 2 4 8
 64 657 612 0  10 1 4 1 2 4 8
 65 666 711 0  58 1 4 1 2 4 8
 66 481 394 0  65 1 4 1 2 4 8
 67 251 171 0  17 1 4 1 2 4 8
 68 405 554 0 100 1 4 1 2 4 8
 69 675 995 0  95 1 4 1 2 4 8
 70 988 688 0  33 1 4 1 2 4 8
 71 310 772 0  10 1 4 1 2 4 8
 72 128 300 0  92 1 4 1 2 4 8
 73  47 154 0  70 1 4 1 2 4 8
 74 141 426 0   9 1 4 1 2 4 8
 75 256 982 0  77 1 4 1 2 4 8
 76  52 427 0  87 1 4 1 2 4 8
 77 572  93 0  25 1 4 1 2 4 8
 78 218 609 0   3 1 4 1 2 4 8
 79 833 444 0  67 1 4 1 2 4 8
 80 933 238 0  69 1 4 1 2 4 8
 81 512 324 0  50 1 4 1 2 4 8
 82 473 185 0  83 1 4 1 2 4 8
 83 198 593 0  24 1 4 1 2 4 8
 84 458 895 0  83 1 4 1 2 4 8
 85 377   6 0  25 1 4 1 2 4 8
 86  48 512 0  59 1 4 1 2 4 8
 87 395 184 0   9 1 4 1 2 4 8
 88 583 836 0  57 1 4 1 2 4 8
 89 360  26 0  97 1 4 1 2 4 8
 90 110  39 0   3 1 4 1 2 4 8
 91 299 630 0  37 1 4 1 2 4 8
 92 264 532 0  21 1 4 1 2 4 8
 93 678 270 0  46 1 4 1 2 4 8
 94 265 429 0  79 1 4 1 2 4 8
 95 194 667 0  19 1 4 1 2 4 8
 96 864 521 0  17 1 4 1 2 4 8
 97  53 916 0  64 1 4 1 2 4 8
 98 808 405 0  13 1 4 1 2 4 8
 99 243 667 0  73 1 4 1 2 4 8
100 565 152 0  89 1 4 1 2 4 8
101 817 289 0  72 1 4 1 2 4 8
102 144 626 0  31 1 4 1 2 4 8
103 951 296 0  49 1 4 1 2 4 8
104 994  60 0  72 1 4 1 2 4 8
105 931  75 0  42 1 4 1 2 4 8
106 713 542 0  34 1 4 1 2 4 8
107 293 606 0  82 1 4 1 2 4 8
108 168 533 0  65 1 4 1 2 4 8
109 613 331 0  88 1 4 1 2 4 8
110 469 428 0  16 1 4 1 2 4 8
111 463 552 0  97 1 4 1 2 4 8
112   6 601 0  78 1 4 1 2 4 8
113 229 719 0  16 1 4 1 2 4 8
114 609 536 0  91 1 4 1 2 4 8
115 220 219 0  84 1 4 1 2 4 8
116 780 909 0  40 1 4 1 2 4 8
117 857   6 0   1 1 4 1 2 4 8
118 934  29 0  34 1 4 1 2 4 8
119  76 747 0  37 1 4 1 2 4 8
120 101 826 0  51 1 4 1 2 4 8
121  43 719 0  74 1 4 1 2 4 8
122  40 412 0   4 1 4 1 2 4 8
123 424 349 0   3 1 4 1 2 4 8
124 146  66 0  21 1 4 1 2 4 8
125 493 761 0  11 1 4 1 2 4 8
126 953 913 0  50 1 4 1 2 4 8
127 551 609 0  23 1 4 1 2 4 8
128 686  68 0  25 1 4 1 2 4 8
129 117 726 0  60 1 4 1 2 4 8
130 625 794 0  41 1 4 1 2 4 8
131 205  35 0  34 1 4 1 2 4 8
132 354 865 0  75 1 4 1 2 4 8
133 367 756 0  92 1 4 1 2 4 8
134 371  76 0  93 1 4 1 2 4 8
135  97 683 0  43 1 4 1 2 4 8
136 176 298 0  70 1 4 1 2 4 8
137 378 705 0  61 1 4 1 2 4 8
138 983 565 0  11 1 4 1 2 4 8
139 448 974 0  13 1 4 1 2 4 8
140 531 756 0  62 1 4 1 2 4 8
141 324 312 0   9 1 4 1 2 4 8
142 267  97 0  63 1 4 1 2 4 8
143 590 556 0  57 1 4 1 2 4 8
144 715 848 0   6 1 4 1 2 4 8
145 508 541 0  95 1 4 1 2 4 8
146 935 769 0  39 1 4 1 2 4 8
147  79 988 0  39 1 4 1 2 4 8
148  28 593 0  21 1 4 1 2 4 8
149 605 193 0  92 1 4 1 2 4 8
150 306  70 0  99 1 4 1 2 4 8
151 985 217 0  24 1 4 1 2 4 8
152 895  57 0  77 1 4 1 2 4 8
153 436  31 0  12 1 4 1 2 4 8
154   2 117 0  44 1 4 1 2 4 8
155 657 540 0  14 1 4 1 2 4 8
156 839 920 0   8 1 4 1 2 4 8
157 757 946 0  74 1 4 1 2 4 8
158  17 895 0  44 1 4 1 2 4 8
159 871  21 0  41 1 4 1 2 4 8
160 152 228 0   7 1 4 1 2 4 8
161 782 726 0  62 1 4 1 2 4 8
162 270 419 0 100 1 4 1 2 4 8
163 976 238 0  70 1 4 1 2 4 8
164 225 154 0  59 1 4 1 2 4 8
165 248 390 0  54 1 4 1 2 4 8
166 304 537 0  66 1 4 1 2 4 8
167 658 567 0  24 1 4 1 2 4 8
168 254 487 0  73 1 4 1 2 4 8
169 979 655 0  20 1 4 1 2 4 8
170  54 533 0  69 1 4 1 2 4 8
171 952 611 0   3 1 4 1 2 4 8
172 547  11 0  24 1 4 1 2 4 8
173 175 373 0  28 1 4 1 2 4 8
174  92 517 0  18 1 4 1 2 4 8
175 283 628 0  57 1 4 1 2 4 8
176 582 745 0  82 1 4 1 2 4 8
177 465 739 0  94 1 4 1 2 4 8
178 477 820 0  65 1 4 1 2 4 8
179 130 886 0  94 1 4 1 2 4 8
180 452 838 0  10 1 4 1 2 4 8
181 402 724 0  73 1 4 1 2 4 8
182 200 826 0  88 1 4 1 2 4 8
183 540 520 0  60 1 4 1 2 4 8
184 634 787 0  11 1 4 1 2 4 8
185 599 334 0  69 1 4 1 2 4 8
186 866 961 0  68 1 4 1 2 4 8
187 270 888 0  86 1 4 1 2 4 8
188 955 723 0  57 1 4 1 2 4 8
189  63 625 0  99 1 4 1 2 4 8
190 640 114 0  97 1 4 1 2 4 8
191 797 570 0  25 1 4 1 2 4 8
192 966 686 0  78 1 4 1 2 4 8
193  37 307 0  47 1 4 1 2 4 8
194 201 376 0  63 1 4 1 2 4 8
195  47 472 0  12 1 4 1 2 4 8
196 602 388 0  37 1 4 1 2 4 8
197 575 773 0  51 1 4 1 2 4 8
198 688 323 0  13 1 4 1 2 4 8
199 979 812 0  58 1 4 1 2 4 8
200 161 283 0  92 1 4 1 2 4 8
201 134 224 0  59 1 4 1 2 4 8
202 267 209 0  71 1 4 1 2 4 8
203 722 898 0  50 1 4 1 2 4 8
204 707  20 0  30 1 4 1 2 4 8
205 983  51 0  70 1 4 1 2 4 8
206 107 718 0  57 1 4 1 2 4 8
207 765 601 0  75 1 4 1 2 4 8
208 380 939 0  95 1 4 1 2 4 8
209 812 164 0  51 1 4 1 2 4 8
210  45 271 0  75 1 4 1 2 4 8
211 420 842 0  68 1 4 1 2 4 8
212 766 822 0  30 1 4 1 2 4 8
213 941 680 0  56 1 4 1 2 4 8
214 538 852 0  18 1 4 1 2 4 8
215 307 831 0  56 1 4 1 2 4 8
216 324 302 0  69 1 4 1 2 4 8
217 878 118 0  22 1 4 1 2 4 8
218 918 562 0  82 1 4 1 2 4 8
219 604 948 0  10 1 4 1 2 4 8
220  48 529 0  25 1 4 1 2 4 8
221 457 378 0  27 1 4 1 2 4 8
222 445 706 0  37 1 4 1 2 4 8
223 154 425 0  59 1 4 1 2 4 8
224 887 713 0  25 1 4 1 2 4 8
225  27 206 0  77 1 4 1 2 4 8
226 136 368 0  46 1 4 1 2 4 8
227 100 245 0  93 1 4 1 2 4 8
228 670 440 0  32 1 4 1 2 4 8
229  35 286 0  37 1 4 1 2 4 8
230  21 443 0  35 1 4 1 2 4 8
231 459 137 0  43 1 4 1 2 4 8
232 158 993 0  38 1 4 1 2 4 8
233 776 895 0  48 1 4 1 2 4 8
234 365  42 0  61 1 4 1 2 4 8
235 629 154 0   9 1 4 1 2 4 8
236 548 173 0  64 1 4 1 2 4 8
237 715 962 0  48 1 4 1 2 4 8
238 387 938 0  11 1 4 1 2 4 8
239 912 259 0  96 1 4 1 2 4 8
240 224 392 0  98 1 4 1 2 4 8
241 349 384 0  25 1 4 1 2 4 8
242 294 881 0  96 1 4 1 2 4 8
243 422 908 0   6 1 4 1 2 4 8
244 617  17 0  32 1 4 1 2 4 8
245 280 921 0  52 1 4 1 2 4 8
246 146  37 0  66 1 4 1 2 4 8
247 733 186 0  37 1 4 1 2 4 8
248 857 938 0  55 1 4 1 2 4 8
249 177 789 0  67 1 4 1 2 4 8
250 138 539 0  69 1 4 1 2 4 8
251 762  39 0  85 1 4 1 2 4 8
252 463 206 0  79 1 4 1 2 4 8
253 578 988 0  40 1 4 1 2 4 8
254 300 575 0   5 1 4 1 2 4 8
255 605 500 0  26 1 4 1 2 4 8
256 269 386 0  84 1 4 1 2 4 8
257 323 654 0  77 1 4 1 2 4 8
258 854 940 0  97 1 4 1 2 4 8
259 367 274 0  25 1 4 1 2 4 8
260 847 633 0  47 1 4 1 2 4 8
261 305 837 0  40 1 4 1 2 4 8
262 961 586 0  50 1 4 1 2 4 8
263 565 298 0  36 1 4 1 2 4 8
264  84 945 0 100 1 4 1 2 4 8
265 672 634 0   5 1 4 1 2 4 8
266  81 506 0  31 1 4 1 2 4 8
267 740 991 0   9 1 4 1 2 4 8
268 483 122 0  39 1 4 1 2 4 8
269 371 880 0  52 1 4 1 2 4 8
270 673 704 0  51 1 4 1 2 4 8
271 791 678 0  82 1 4 1 2 4 8
272 573 828 0   3 1 4 1 2 4 8
273 585  19 0  52 1 4 1 2 4 8
274 643 904 0  84 1 4 1 2 4 8
275 199 955 0  41 1 4 1 2 4 8
276 346 990 0  37 1 4 1 2 4 8
277  76 601 0  48 1 4 1 2 4 8
278 826 980 0  59 1 4 1 2 4 8
279 165 947 0  15 1 4 1 2 4 8
280 511 824 0  76 1 4 1 2 4 8
281 164 758 0  13 1 4 1 2 4 8
282 907 748 0  34 1 4 1 2 4 8
283 735 339 0  67 1 4 1 2 4 8
284 143 865 0  92 1 4 1 2 4 8
285 993 741 0  42 1 4 1 2 4 8
286 184 782 0  65 1 4 1 2 4 8
287 583 610 0   9 1 4 1 2 4 8
288 294 749 0  11 1 4 1 2 4 8
289  95 988 0  99 1 4 1 2 4 8
290 995  61 0  82 1 4 1 2 4 8
291 729 688 0  12 1 4 1 2 4 8
292 397 375 0  89 1 4 1 2 4 8
293 363 922 0   6 1 4 1 2 4 8
294 175 926 0  18 1 4 1 2 4 8
295 874 999 0  45 1 4 1 2 4 8
296  88 852 0  62 1 4 1 2 4 8
297 919 547 0  81 1 4 1 2 4 8
298 578 449 0  89 1 4 1 2 4 8
299 160 636 0   6 1 4 1 2 4 8
300 865 898 0  96 1 4 1 2 4 8
301 327 279 0  43 1 4 1 2 4 8
302 310 477 0  79 1 4 1 2 4 8
303  77 969 0  89 1 4 1 2 4 8
304 545 195 0  60 1 4 1 2 4 8
305 464 930 0  37 1 4 1 2 4 8
306 330 908 0  24 1 4 1 2 4 8
307 161 793 0  13 1 4 1 2 4 8
308 384 372 0  29 1 4 1 2 4 8
309 611 479 0  69 1 4 1 2 4 8
310 234  10 0   3 1 4 1 2 4 8
311 570 752 0  96 1 4 1 2 4 8
312 466  38 0   1 1 4 1 2 4 8
313 806 942 0  77 1 4 1 2 4 8
314 387 342 0  47 1 4 1 2 4 8
315 475  65 0  57 1 4 1 2 4 8
316 741 363 0  99 1 4 1 2 4 8
317 598 482 0  96 1 4 1 2 4 8
318 272 717 0  27 1 4 1 2 4 8
319 334 989 0  20 1 4 1 2 4 8
320 142 744 0  74 1 4 1 2 4 8
321 850 307 0  24 1 4 1 2 4 8
322 672 807 0  53 1 4 1 2 4 8
323 462 734 0  52 1 4 1 2 4 8
324 962 131 0  80 1 4 1 2 4 8
325 659 157 0  79 1 4 1 2 4 8
326 933 796 0  27 1 4 1 2 4 8
327 972 516 0  95 1 4 1 2 4 8
328  96 503 0  26 1 4 1 2 4 8
329 248 482 0  92 1 4 1 2 4 8
330 231 236 0   7 1 4 1 2 4 8
331 418 727 0  31 1 4 1 2 4 8
332 159 529 0  34 1 4 1 2 4 8
333 739 797 0  42 1 4 1 2 4 8
334 510 399 0  11 1 4 1 2 4 8
335 393  13 0  69 1 4 1 2 4 8
336 502 870 0  44 1 4 1 2 4 8
337 957 286 0  12 1 4 1 2 4 8
338 635 913 0  55 1 4 1 2 4 8
339 361 173 0  57 1 4 1 2 4 8
340 922 278 0  58 1 4 1 2 4 8
341 875 277 0  71 1 4 1 2 4 8
342  35 436 0  12 1 4 1 2 4 8
343 766 354 0  58 1 4 1 2 4 8
344 740 663 0  20 1 4 1 2 4 8
345 849 160 0  95 1 4 1 2 4 8
346 829 527 0  73 1 4 1 2 4 8
347 245 673 0  13 1 4 1 2 4 8
348 919 203 0  50 1 4 1 2 4 8
349  44 442 0  97 1 4 1 2 4 8
350 903  88 0  83 1 4 1 2 4 8
351 282 392 0  35 1 4 1 2 4 8
352  15 591 0  87 1 4 1 2 4 8
353 461 882 0  91 1 4 1 2 4 8
354  39 878 0  35 1 4 1 2 4 8
355 808 161 0  39 1 4 1 2 4 8
356 241 183 0  23 1 4 1 2 4 8
357 739 205 0  32 1 4 1 2 4 8
358 200 257 0  77 1 4 1 2 4 8
359 753 440 0  49 1 4 1 2 4 8
360 161 297 0  96 1 4 1 2 4 8
361 520 794 0  29 1 4 1 2 4 8
362 114  60 0  78 1 4 1 2 4 8
363 440 772 0  93 1 4 1 2 4 8
364  75 498 0  50 1 4 1 2 4 8
365 305 823 0   7 1 4 1 2 4 8
366 345 506 0  79 1 4 1 2 4 8
367  57 650 0  89 1 4 1 2 4 8
368 673 618 0 100 1 4 1 2 4 8
369 949 174 0  95 1 4 1 2 4 8
370 930 929 0  38 1 4 1 2 4 8
371 511 787 0  54 1 4 1 2 4 8
372 580 461 0   5 1 4 1 2 4 8
373 773 515 0  71 1 4 1 2 4 8
374 471 744 0  56 1 4 1 2 4 8
375  24 226 0  33 1 4 1 2 4 8
376 925 960 0  19 1 4 1 2 4 8
377 887 168 0  77 1 4 1 2 4 8
378 982 231 0  50 1 4 1 2 4 8
379 909  81 0  83 1 4 1 2 4 8
380  88 585 0  79 1 4 1 2 4 8
381 451 713 0   3 1 4 1 2 4 8
382 365 979 0  64 1 4 1 2 4 8
383 653 283 0  73 1 4 1 2 4 8
384  23 714 0  68 1 4 1 2 4 8
385 126 934 0   5 1 4 1 2 4 8
386 598 125 0  14 1 4 1 2 4 8
387 790 314 0  51 1 4 1 2 4 8
388 514  90 0  22 1 4 1 2 4 8
389 932 590 0  59 1 4 1 2 4 8
390 710 847 0  97 1 4 1 2 4 8
391   3 814 0  92 1 4 1 2 4 8
392  10  13 0  65 1 4 1 2 4 8
393 226  85 0  55 1 4 1 2 4 8
394 226 660 0  34 1 4 1 2 4 8
395 283 571 0   7 1 4 1 2 4 8
396 370 441 0  86 1 4 1 2 4 8
397 435  54 0   6 1 4 1 2 4 8
398 367 341 0  60 1 4 1 2 4 8
399 290 520 0  63 1 4 1 2 4 8
400 296 129 0  23 1 4 1 2 4 8
401 372  78 0  96 1 4 1 2 4 8
402 145 118 0  40 1 4 1 2 4 8
403 595 749 0  39 1 4 1 2 4 8
404 568 176 0  46 1 4 1 2 4 8
405 947 451 0  64 1 4 1 2 4 8
406 961 789 0  70 1 4 1 2 4 8
407 173 975 0  99 1 4 1 2 4 8
408 928 531 0  24 1 4 1 2 4 8
409 442 473 0  66 1 4 1 2 4 8
410 656 548 0  69 1 4 1 2 4 8
411 242 454 0  33 1 4 1 2 4 8
412 702 525 0  43 1 4 1 2 4 8
413 829 523 0  98 1 4 1 2 4 8
414 726 881 0   7 1 4 1 2 4 8
415 987 524 0  24 1 4 1 2 4 8
416  46 419 0   6 1 4 1 2 4 8
417 576 822 0  81 1 4 1 2 4 8
418 431 488 0   2 1 4 1 2 4 8
419  34 845 0  46 1 4 1 2 4 8
420 469 174 0  66 1 4 1 2 4 8
421 516 145 0   1 1 4 1 2 4 8
422 260 539 0  14 1 4 1 2 4 8
423 987 868 0   9 1 4 1 2 4 8
424 483 934 0  87 1 4 1 2 4 8
425 136 229 0  62 1 4 1 2 4 8
426 919 110 0  67 1 4 1 2 4 8
427 921 359 0  97 1 4 1 2 4 8
428 405 962 0  62 1 4 1 2 4 8
429 913 148 0  41 1 4 1 2 4 8
430 578 758 0  36 1 4 1 2 4 8
431 641  46 0  50 1 4 1 2 4 8
432 173 755 0   2 1 4 1 2 4 8
433 207 711 0  23 1 4 1 2 4 8
434 795 680 0  21 1 4 1 2 4 8
435 721  65 0  78 1 4 1 2 4 8
436 409 474 0  41 1 4 1 2 4 8
437 158 314 0  48 1 4 1 2 4 8
438 801 698 0  51 1 4 1 2 4 8
439 107 527 0  42 1 4 1 2 4 8
440  35 798 0  14 1 4 1 2 4 8
441   9 541 0  60 1 4 1 2 4 8
442 346 563 0   5 1 4 1 2 4 8
443  47 212 0  14 1 4 1 2 4 8
444 688  74 0  93 1 4 1 2 4 8
445 898 522 0  47 1 4 1 2 4 8
446  30 874 0   5 1 4 1 2 4 8
447 290 118 0  48 1 4 1 2 4 8
448 721 465 0  73 1 4 1 2 4 8
449 632 900 0  57 1 4 1 2 4 8
450 187  76 0  24 1 4 1 2 4 8
451 165 411 0  91 1 4 1 2 4 8
452 712 280 0   5 1 4 1 2 4 8
453 377 142 0  99 1 4 1 2 4 8
454  78 802 0  36 1 4 1 2 4 8
455 614 816 0  99 1 4 1 2 4 8
456 500 462 0  33 1 4 1 2 4 8
457 528 482 0  96 1 4 1 2 4 8
458 380 637 0  67 1 4 1 2 4 8
459   9 163 0  41 1 4 1 2 4 8
460 330  91 0   8 1 4 1 2 4 8
461 162 234 0  21 1 4 1 2 4 8
462 805 191 0  31 1 4 1 2 4 8
463 376  38 0  99 1 4 1 2 4 8
464 926 763 0   3 1 4 1 2 4 8
465 596 344 0  70 1 4 1 2 4 8
466  75 959 0  60 1 4 1 2 4 8
467 604 485 0   2 1 4 1 2 4 8
468 422 469 0  67 1 4 1 2 4 8
469 342 111 0  16 1 4 1 2 4 8
470  96 908 0  84 1 4 1 2 4 8
471 541  27 0  71 1 4 1 2 4 8
472 964 430 0  16 1 4 1 2 4 8
473 268 552 0  22 1 4 1 2 4 8
474 458  35 0  59 1 4 1 2 4 8
475 943 955 0  81 1 4 1 2 4 8
476 513 529 0  58 1 4 1 2 4 8
477 971 855 0  49 1 4 1 2 4 8
478 167 112 0  32 1 4 1 2 4 8
479 431 840 0  97 1 4 1 2 4 8
480 708 940 0  18 1 4 1 2 4 8
481 132 761 0  49 1 4 1 2 4 8
482 444 979 0   9 1 4 1 2 4 8
483 758  20 0  38 1 4 1 2 4 8
484 675 323 0  72 1 4 1 2 4 8
485 595 718 0  18 1 4 1 2 4 8
486 855 773 0  31 1 4 1 2 4 8
487 263 715 0   9 1 4 1 2 4 8
488 411 890 0   3 1 4 1 2 4 8
489 840 261 0  84 1 4 1 2 4 8
490 284 244 0  23 1 4 1 2 4 8
491 770 294 0  97 1 4 1 2 4 8
492  25 247 0  53 1 4 1 2 4 8
493 362 939 0  50 1 4 1 2 4 8
494 921 902 0  92 1 4 1 2 4 8
495 463 295 0  53 1 4 1 2 4 8
496 387 456 0  67 1 4 1 2 4 8
497 350  23 0  69 1 4 1 2 4 8
498 844 501 0  55 1 4 1 2 4 8
499 188  69 0  79 1 4 1 2 4 8
500 509 459 0  38 1 4 1 2 4 8
501 437 741 0  97 1 4 1 2 4 8
502 382 379 0  28 1 4 1 2 4 8
503  35 118 0  53 1 4 1 2 4 8
504 921 101 0  47 1 4 1 2 4 8
505 225 543 0  16 1 4 1 2 4 8
506 269 588 0  25 1 4 1 2 4 8
507 609 331 0  25 1 4 1 2 4 8
508 439 922 0  79 1 4 1 2 4 8
509 681 527 0  27 1 4 1 2 4 8
510 745 742 0  31 1 4 1 2 4 8
511 442 855 0  63 1 4 1 2 4 8
512 270   9 0 100 1 4 1 2 4 8
513 569 678 0  14 1 4 1 2 4 8
514 129 715 0  54 1 4 1 2 4 8
515 581 372 0  56 1 4 1 2 4 8
516 268 466 0  12 1 4 1 2 4 8
517 175 487 0  53 1 4 1 2 4 8
518 471 683 0  61 1 4 1 2 4 8
519 714 418 0  13 1 4 1 2 4 8
520 702 230 0  28 1 4 1 2 4 8
521 835 695 0  13 1 4 1 2 4 8
522 693 203 0  57 1 4 1 2 4 8
523 951 642 0  27 1 4 1 2 4 8
524 297 864 0  15 1 4 1 2 4 8
525 911 635 0  76 1 4 1 2 4 8
526 740 846 0  82 1 4 1 2 4 8
527 160 236 0  44 1 4 1 2 4 8
528 746 217 0  85 1 4 1 2 4 8
529 733 561 0   1 1 4 1 2 4 8
530 920 295 0  14 1 4 1 2 4 8
531 554 528 0  49 1 4 1 2 4 8
532 540 158 0  76 1 4 1 2 4 8
533  69 330 0  89 1 4 1 2 4 8
534 605 228 0  23 1 4 1 2 4 8
535 382 145 0  70 1 4 1 2 4 8
536 488  89 0  66 1 4 1 2 4 8
537 553 805 0  27 1 4 1 2 4 8
538 602 975 0  85 1 4 1 2 4 8
539 549 871 0  45 1 4 1 2 4 8
540  43  43 0  98 1 4 1 2 4 8
541 511 563 0  74 1 4 1 2 4 8
542 826 207 0  71 1 4 1 2 4 8
543 166 218 0  70 1 4 1 2 4 8
544 168 709 0  88 1 4 1 2 4 8
545 921 135 0  50 1 4 1 2 4 8
546 610 566 0  99 1 4 1 2 4 8
547 725 276 0  66 1 4 1 2 4 8
548 484 136 0  22 1 4 1 2 4 8
549 618 484 0  86 1 4 1 2 4 8
550 697 745 0   1 1 4 1 2 4 8
551 815 865 0  78 1 4 1 2 4 8
552 344 205 0  45 1 4 1 2 4 8
553 110 132 0  32 1 4 1 2 4 8
554 423  55 0  75 1 4 1 2 4 8
555 850 460 0  39 1 4 1 2 4 8
556 740 554 0  53 1 4 1 2 4 8
557 717   1 0  74 1 4 1 2 4 8
558  61 826 0  69 1 4 1 2 4 8
559 636 246 0  68 1 4 1 2 4 8
560 358 179 0  54 1 4 1 2 4 8
561 750 158 0  26 1 4 1 2 4 8
562 211 754 0  49 1 4 1 2 4 8
563 687 103 0  36 1 4 1 2 4 8
564 655 987 0  70 1 4 1 2 4 8
565 576 930 0  67 1 4 1 2 4 8
566 582 166 0  52 1 4 1 2 4 8
567 338 286 0  39 1 4 1 2 4 8
568 853  20 0  40 1 4 1 2 4 8
569 877 951 0  87 1 4 1 2 4 8
570 313 573 0  88 1 4 1 2 4 8
571 764 288 0   3 1 4 1 2 4 8
572 569 210 0  42 1 4 1 2 4 8
573 960 376 0  58 1 4 1 2 4 8
574 551 869 0  27 1 4 1 2 4 8
575 537 932 0  23 1 4 1 2 4 8
576 918 773 0  97 1 4 1 2 4 8
577 208  85 0  64 1 4 1 2 4 8
578 181 866 0  54 1 4 1 2 4 8
579 129 863 0  51 1 4 1 2 4 8
580 772 173 0  71 1 4 1 2 4 8
581 376 655 0  23 1 4 1 2 4 8
582 575 687 0  28 1 4 1 2 4 8
583 183 746 0  76 1 4 1 2 4 8
584 603 467 0  20 1 4 1 2 4 8
585 785 493 0  28 1 4 1 2 4 8
586 995 755 0  29 1 4 1 2 4 8
587 521  43 0  38 1 4 1 2 4 8
588 324 932 0  52 1 4 1 2 4 8
589 468 606 0  59 1 4 1 2 4 8
590 211 303 0  24 1 4 1 2 4 8
591 108 236 0   3 1 4 1 2 4 8
592 165 837 0  39 1 4 1 2 4 8
593 132   3 0  75 1 4 1 2 4 8
594 533 488 0   0 0 0
595 714 621 0   0 0 0
596 445 903 0   0 0 0
597 715  88 0   0 0 0
