2 98 603 6
0 252
0 252
0 252
0 252
0 252
0 252
  1 772 645 0  40 1 6 1 2 4 8 16 32
  2 591  47 0  81 1 6 1 2 4 8 16 32
  3 925 331 0  44 1 6 1 2 4 8 16 32
  4 389 601 0  72 1 6 1 2 4 8 16 32
  5 733 854 0  70 1 6 1 2 4 8 16 32
  6 463  38 0  51 1 6 1 2 4 8 16 32
  7 313 119 0  38 1 6 1 2 4 8 16 32
  8 558  52 0  48 1 6 1 2 4 8 16 32
  9 504 241 0  91 1 6 1 2 4 8 16 32
 10 998 962 0  98 1 6 1 2 4 8 16 32
 11 619  49 0 100 1 6 1 2 4 8 16 32
 12 168  61 0  66 1 6 1 2 4 8 16 32
 13 974 284 0  39 1 6 1 2 4 8 16 32
 14 812 291 0  43 1 6 1 2 4 8 16 32
 15 949  93 0  58 1 6 1 2 4 8 16 32
 16 888 643 0  41 1 6 1 2 4 8 16 32
 17 742 333 0  18 1 6 1 2 4 8 16 32
 18 756 640 0  40 1 6 1 2 4 8 16 32
 19  95 622 0  69 1 6 1 2 4 8 16 32
 20 510 378 0  61 1 6 1 2 4 8 16 32
 21 620 622 0  46 1 6 1 2 4 8 16 32
 22 687 233 0  82 1 6 1 2 4 8 16 32
 23 261 157 0  95 1 6 1 2 4 8 16 32
 24 476 835 0   6 1 6 1 2 4 8 16 32
 25 962 993 0  50 1 6 1 2 4 8 16 32
 26  35 378 0  94 1 6 1 2 4 8 16 32
 27 880 839 0  47 1 6 1 2 4 8 16 32
 28 903 577 0   6 1 6 1 2 4 8 16 32
 29  37 529 0  62 1 6 1 2 4 8 16 32
 30 225 579 0  70 1 6 1 2 4 8 16 32
 31 827  78 0  23 1 6 1 2 4 8 16 32
 32 383  71 0  93 1 6 1 2 4 8 16 32
 33 413 553 0  86 1 6 1 2 4 8 16 32
 34 101 665 0  37 1 6 1 2 4 8 16 32
 35  24 123 0   3 1 6 1 2 4 8 16 32
 36 897 217 0  47 1 6 1 2 4 8 16 32
 37 997 143 0  80 1 6 1 2 4 8 16 32
 38 469   9 0  18 1 6 1 2 4 8 16 32
 39 457 471 0   4 1 6 1 2 4 8 16 32
 40 365 206 0  71 1 6 1 2 4 8 16 32
 41 134 348 0  19 1 6 1 2 4 8 16 32
 42 139 105 0  60 1 6 1 2 4 8 16 32
 43 242 826 0  10 1 6 1 2 4 8 16 32
 44 323 902 0  63 1 6 1 2 4 8 16 32
 45 783 506 0  47 1 6 1 2 4 8 16 32
 46 780 927 0  12 1 6 1 2 4 8 16 32
 47 471  78 0  31 1 6 1 2 4 8 16 32
 48 821 127 0  37 1 6 1 2 4 8 16 32
 49 949 293 0  17 1 6 1 2 4 8 16 32
 50  30 923 0  85 1 6 1 2 4 8 16 32
 51 496 486 0  42 1 6 1 2 4 8 16 32
 52 910 848 0  96 1 6 1 2 4 8 16 32
 53 388 961 0  87 1 6 1 2 4 8 16 32
 54 421 534 0  89 1 6 1 2 4 8 16 32
 55 474 437 0  22 1 6 1 2 4 8 16 32
 56  31 324 0  97 1 6 1 2 4 8 16 32
 57 484 903 0  12 1 6 1 2 4 8 16 32
 58 716 232 0  34 1 6 1 2 4 8 16 32
 59 623 135 0  30 1 6 1 2 4 8 16 32
 60 138 272 0  86 1 6 1 2 4 8 16 32
 61  46 166 0  55 1 6 1 2 4 8 16 32
 62 833 651 0  87 1 6 1 2 4 8 16 32
 63 405   2 0  91 1 6 1 2 4 8 16 32
 64  71 738 0  79 1 6 1 2 4 8 16 32
 65 791 919 0  15 1 6 1 2 4 8 16 32
 66 137 224 0  88 1 6 1 2 4 8 16 32
 67 479 265 0  34 1 6 1 2 4 8 16 32
 68 286 557 0  61 1 6 1 2 4 8 16 32
 69 884 542 0  15 1 6 1 2 4 8 16 32
 70  52  13 0  17 1 6 1 2 4 8 16 32
 71 814 610 0  22 1 6 1 2 4 8 16 32
 72 487 880 0  93 1 6 1 2 4 8 16 32
 73 898   8 0   1 1 6 1 2 4 8 16 32
 74 152 277 0  73 1 6 1 2 4 8 16 32
 75 169 807 0  37 1 6 1 2 4 8 16 32
 76 536 619 0  78 1 6 1 2 4 8 16 32
 77 987 547 0   8 1 6 1 2 4 8 16 32
 78 199 444 0  96 1 6 1 2 4 8 16 32
 79 646 745 0  30 1 6 1 2 4 8 16 32
 80  23 517 0  95 1 6 1 2 4 8 16 32
 81 286 804 0  85 1 6 1 2 4 8 16 32
 82  62 229 0  13 1 6 1 2 4 8 16 32
 83 664 585 0  11 1 6 1 2 4 8 16 32
 84 133 316 0  49 1 6 1 2 4 8 16 32
 85  25  35 0  87 1 6 1 2 4 8 16 32
 86 835 353 0  12 1 6 1 2 4 8 16 32
 87 344 690 0  34 1 6 1 2 4 8 16 32
 88 515 588 0  44 1 6 1 2 4 8 16 32
 89 769 903 0  28 1 6 1 2 4 8 16 32
 90 684  68 0   8 1 6 1 2 4 8 16 32
 91 744 764 0  81 1 6 1 2 4 8 16 32
 92 953 450 0 100 1 6 1 2 4 8 16 32
 93 599 724 0  69 1 6 1 2 4 8 16 32
 94 449 496 0   4 1 6 1 2 4 8 16 32
 95 276 216 0  36 1 6 1 2 4 8 16 32
 96 783 907 0  99 1 6 1 2 4 8 16 32
 97 709 111 0  16 1 6 1 2 4 8 16 32
 98 171 554 0  82 1 6 1 2 4 8 16 32
 99 191 396 0  28 1 6 1 2 4 8 16 32
100  50 788 0  16 1 6 1 2 4 8 16 32
101 551  29 0  83 1 6 1 2 4 8 16 32
102 255 164 0  50 1 6 1 2 4 8 16 32
103  86 385 0  64 1 6 1 2 4 8 16 32
104 713 611 0  45 1 6 1 2 4 8 16 32
105 505 672 0  93 1 6 1 2 4 8 16 32
106 155 523 0  29 1 6 1 2 4 8 16 32
107 742 640 0   4 1 6 1 2 4 8 16 32
108 541 789 0  55 1 6 1 2 4 8 16 32
109 258 720 0  67 1 6 1 2 4 8 16 32
110 897 212 0  48 1 6 1 2 4 8 16 32
111 119 531 0   1 1 6 1 2 4 8 16 32
112 542 752 0  31 1 6 1 2 4 8 16 32
113 950   6 0  26 1 6 1 2 4 8 16 32
114 603 131 0  16 1 6 1 2 4 8 16 32
115   1 533 0  53 1 6 1 2 4 8 16 32
116 686 240 0  72 1 6 1 2 4 8 16 32
117  87  11 0  37 1 6 1 2 4 8 16 32
118 298 669 0  98 1 6 1 2 4 8 16 32
119 342   8 0  65 1 6 1 2 4 8 16 32
120 103 720 0  14 1 6 1 2 4 8 16 32
121 317 453 0  47 1 6 1 2 4 8 16 32
122 941 473 0  92 1 6 1 2 4 8 16 32
123 694 125 0  86 1 6 1 2 4 8 16 32
124 810 104 0  97 1 6 1 2 4 8 16 32
125 465 453 0  19 1 6 1 2 4 8 16 32
126 702 204 0  74 1 6 1 2 4 8 16 32
127 826 176 0  31 1 6 1 2 4 8 16 32
128 122 424 0  39 1 6 1 2 4 8 16 32
129 506 181 0  44 1 6 1 2 4 8 16 32
130 875 233 0  86 1 6 1 2 4 8 16 32
131 117 845 0  29 1 6 1 2 4 8 16 32
132 214 210 0   7 1 6 1 2 4 8 16 32
133  41 876 0  87 1 6 1 2 4 8 16 32
134 355  40 0  80 1 6 1 2 4 8 16 32
135 776 403 0  92 1 6 1 2 4 8 16 32
136  91 401 0   2 1 6 1 2 4 8 16 32
137 773 633 0  93 1 6 1 2 4 8 16 32
138 267 727 0  87 1 6 1 2 4 8 16 32
139 151  40 0  93 1 6 1 2 4 8 16 32
140 444 906 0   8 1 6 1 2 4 8 16 32
141 378 493 0  89 1 6 1 2 4 8 16 32
142 579 361 0  56 1 6 1 2 4 8 16 32
143 797 262 0  52 1 6 1 2 4 8 16 32
144 505 601 0  40 1 6 1 2 4 8 16 32
145 980 622 0  81 1 6 1 2 4 8 16 32
146 639  48 0  71 1 6 1 2 4 8 16 32
147 378 234 0   2 1 6 1 2 4 8 16 32
148 788 696 0   9 1 6 1 2 4 8 16 32
149 592 162 0  52 1 6 1 2 4 8 16 32
150 903 499 0  52 1 6 1 2 4 8 16 32
151 322 732 0  72 1 6 1 2 4 8 16 32
152 277 323 0  83 1 6 1 2 4 8 16 32
153 279 174 0  49 1 6 1 2 4 8 16 32
154  45 104 0  13 1 6 1 2 4 8 16 32
155 739 112 0  59 1 6 1 2 4 8 16 32
156 395 937 0  44 1 6 1 2 4 8 16 32
157 939 378 0  70 1 6 1 2 4 8 16 32
158 244  43 0  96 1 6 1 2 4 8 16 32
159 557 246 0  24 1 6 1 2 4 8 16 32
160 412 505 0  28 1 6 1 2 4 8 16 32
161 600 226 0  23 1 6 1 2 4 8 16 32
162 679 426 0  98 1 6 1 2 4 8 16 32
163 526 848 0  18 1 6 1 2 4 8 16 32
164 137 739 0  33 1 6 1 2 4 8 16 32
165 338 756 0  39 1 6 1 2 4 8 16 32
166 692 415 0  22 1 6 1 2 4 8 16 32
167 834 189 0  64 1 6 1 2 4 8 16 32
168 727 205 0  75 1 6 1 2 4 8 16 32
169  66 203 0  44 1 6 1 2 4 8 16 32
170 477 303 0  48 1 6 1 2 4 8 16 32
171 342  83 0  59 1 6 1 2 4 8 16 32
172 396 447 0  16 1 6 1 2 4 8 16 32
173 294 954 0  25 1 6 1 2 4 8 16 32
174 354 812 0  98 1 6 1 2 4 8 16 32
175 838 501 0  45 1 6 1 2 4 8 16 32
176 476 264 0  12 1 6 1 2 4 8 16 32
177 840 153 0  64 1 6 1 2 4 8 16 32
178 710 126 0  57 1 6 1 2 4 8 16 32
179 424 438 0  80 1 6 1 2 4 8 16 32
180 817 519 0  61 1 6 1 2 4 8 16 32
181 273 145 0  56 1 6 1 2 4 8 16 32
182  76 648 0  32 1 6 1 2 4 8 16 32
183 431 690 0 100 1 6 1 2 4 8 16 32
184 855 922 0  18 1 6 1 2 4 8 16 32
185 177 399 0  18 1 6 1 2 4 8 16 32
186 690 512 0  44 1 6 1 2 4 8 16 32
187 516 231 0  30 1 6 1 2 4 8 16 32
188 163 319 0  13 1 6 1 2 4 8 16 32
189 379 296 0  88 1 6 1 2 4 8 16 32
190 254 735 0  37 1 6 1 2 4 8 16 32
191 801 606 0   6 1 6 1 2 4 8 16 32
192 729 924 0  40 1 6 1 2 4 8 16 32
193 743 391 0  44 1 6 1 2 4 8 16 32
194 924 361 0  72 1 6 1 2 4 8 16 32
195 939 222 0  62 1 6 1 2 4 8 16 32
196 404 320 0  78 1 6 1 2 4 8 16 32
197 732 252 0  50 1 6 1 2 4 8 16 32
198 145 431 0  62 1 6 1 2 4 8 16 32
199  74   3 0  37 1 6 1 2 4 8 16 32
200 566  21 0  22 1 6 1 2 4 8 16 32
201 325 596 0  76 1 6 1 2 4 8 16 32
202  25 139 0  84 1 6 1 2 4 8 16 32
203 161  52 0  35 1 6 1 2 4 8 16 32
204 396 239 0  88 1 6 1 2 4 8 16 32
205 677 612 0  85 1 6 1 2 4 8 16 32
206 641 392 0  94 1 6 1 2 4 8 16 32
207 644 716 0  46 1 6 1 2 4 8 16 32
208 771  60 0  65 1 6 1 2 4 8 16 32
209 457 886 0  44 1 6 1 2 4 8 16 32
210 275 998 0  22 1 6 1 2 4 8 16 32
211 651 290 0  85 1 6 1 2 4 8 16 32
212 742 598 0  85 1 6 1 2 4 8 16 32
213 430   6 0  78 1 6 1 2 4 8 16 32
214  16 268 0  12 1 6 1 2 4 8 16 32
215 948 688 0  43 1 6 1 2 4 8 16 32
216 721 177 0  91 1 6 1 2 4 8 16 32
217 620 768 0   1 1 6 1 2 4 8 16 32
218 837 555 0  70 1 6 1 2 4 8 16 32
219 783 921 0  80 1 6 1 2 4 8 16 32
220 363 524 0  49 1 6 1 2 4 8 16 32
221 846 230 0  83 1 6 1 2 4 8 16 32
222 147 603 0  89 1 6 1 2 4 8 16 32
223 149 904 0  32 1 6 1 2 4 8 16 32
224 962 627 0  73 1 6 1 2 4 8 16 32
225 542 707 0  26 1 6 1 2 4 8 16 32
226 542 774 0  45 1 6 1 2 4 8 16 32
227 519 931 0  26 1 6 1 2 4 8 16 32
228 472 722 0  95 1 6 1 2 4 8 16 32
229 364 297 0  80 1 6 1 2 4 8 16 32
230 872 554 0  27 1 6 1 2 4 8 16 32
231 409 315 0  21 1 6 1 2 4 8 16 32
232  79  79 0  56 1 6 1 2 4 8 16 32
233 334 407 0  39 1 6 1 2 4 8 16 32
234 955 970 0  69 1 6 1 2 4 8 16 32
235 189 449 0  59 1 6 1 2 4 8 16 32
236 860 254 0  58 1 6 1 2 4 8 16 32
237 928 672 0  41 1 6 1 2 4 8 16 32
238 255 774 0  76 1 6 1 2 4 8 16 32
239 954 224 0  82 1 6 1 2 4 8 16 32
240 531 963 0  85 1 6 1 2 4 8 16 32
241 685 695 0  93 1 6 1 2 4 8 16 32
242 637 226 0  19 1 6 1 2 4 8 16 32
243 180 298 0  44 1 6 1 2 4 8 16 32
244 353 478 0  95 1 6 1 2 4 8 16 32
245 873 580 0  48 1 6 1 2 4 8 16 32
246 697 578 0  53 1 6 1 2 4 8 16 32
247 802 515 0  19 1 6 1 2 4 8 16 32
248 883 454 0  21 1 6 1 2 4 8 16 32
249 923  25 0  11 1 6 1 2 4 8 16 32
250 839 180 0   8 1 6 1 2 4 8 16 32
251 252 877 0  72 1 6 1 2 4 8 16 32
252 258 966 0  83 1 6 1 2 4 8 16 32
253 505 615 0  47 1 6 1 2 4 8 16 32
254 439 724 0  45 1 6 1 2 4 8 16 32
255 365 687 0  73 1 6 1 2 4 8 16 32
256 583 637 0  58 1 6 1 2 4 8 16 32
257 974 675 0  70 1 6 1 2 4 8 16 32
258 642 423 0  39 1 6 1 2 4 8 16 32
259 238 279 0  91 1 6 1 2 4 8 16 32
260 512 959 0  18 1 6 1 2 4 8 16 32
261 913 877 0  31 1 6 1 2 4 8 16 32
262 652 812 0  90 1 6 1 2 4 8 16 32
263 450 944 0  64 1 6 1 2 4 8 16 32
264 389 963 0  55 1 6 1 2 4 8 16 32
265 921  15 0  50 1 6 1 2 4 8 16 32
266 392 129 0   7 1 6 1 2 4 8 16 32
267 734  48 0  68 1 6 1 2 4 8 16 32
268  67 735 0  66 1 6 1 2 4 8 16 32
269 543 308 0  53 1 6 1 2 4 8 16 32
270 386 438 0  66 1 6 1 2 4 8 16 32
271 898 182 0  78 1 6 1 2 4 8 16 32
272 851 578 0  11 1 6 1 2 4 8 16 32
273 517 936 0  59 1 6 1 2 4 8 16 32
274 998 624 0  12 1 6 1 2 4 8 16 32
275 617 922 0  95 1 6 1 2 4 8 16 32
276  24 770 0  40 1 6 1 2 4 8 16 32
277 882 712 0  42 1 6 1 2 4 8 16 32
278 306 186 0  91 1 6 1 2 4 8 16 32
279 773 886 0  47 1 6 1 2 4 8 16 32
280 666 267 0  69 1 6 1 2 4 8 16 32
281 878 573 0  95 1 6 1 2 4 8 16 32
282 863 659 0  92 1 6 1 2 4 8 16 32
283 365 695 0   9 1 6 1 2 4 8 16 32
284 230 595 0  35 1 6 1 2 4 8 16 32
285 990 562 0  45 1 6 1 2 4 8 16 32
286  91 936 0  28 1 6 1 2 4 8 16 32
287  40 439 0  11 1 6 1 2 4 8 16 32
288 387 435 0  68 1 6 1 2 4 8 16 32
289 495 757 0   8 1 6 1 2 4 8 16 32
290 240 978 0  92 1 6 1 2 4 8 16 32
291 763 212 0  26 1 6 1 2 4 8 16 32
292 812 812 0  53 1 6 1 2 4 8 16 32
293 502 432 0   7 1 6 1 2 4 8 16 32
294 671 940 0  57 1 6 1 2 4 8 16 32
295 646 367 0  65 1 6 1 2 4 8 16 32
296 745 239 0   1 1 6 1 2 4 8 16 32
297 365 556 0  37 1 6 1 2 4 8 16 32
298 751 359 0  67 1 6 1 2 4 8 16 32
299 924 328 0  25 1 6 1 2 4 8 16 32
300 524 801 0  58 1 6 1 2 4 8 16 32
301  42 400 0  30 1 6 1 2 4 8 16 32
302 897 272 0  61 1 6 1 2 4 8 16 32
303 207 996 0   9 1 6 1 2 4 8 16 32
304 315  75 0  35 1 6 1 2 4 8 16 32
305 441 855 0  68 1 6 1 2 4 8 16 32
306 676  44 0  46 1 6 1 2 4 8 16 32
307 167 905 0   9 1 6 1 2 4 8 16 32
308 825 525 0   3 1 6 1 2 4 8 16 32
309 809 559 0  58 1 6 1 2 4 8 16 32
310 665 362 0  39 1 6 1 2 4 8 16 32
311 743 424 0  72 1 6 1 2 4 8 16 32
312 550 762 0  72 1 6 1 2 4 8 16 32
313 732 588 0  81 1 6 1 2 4 8 16 32
314 280 388 0  50 1 6 1 2 4 8 16 32
315 249 313 0  35 1 6 1 2 4 8 16 32
316 518 105 0  26 1 6 1 2 4 8 16 32
317 863 596 0  34 1 6 1 2 4 8 16 32
318 672 609 0   7 1 6 1 2 4 8 16 32
319 980 712 0  30 1 6 1 2 4 8 16 32
320 909 805 0  97 1 6 1 2 4 8 16 32
321 995 761 0   7 1 6 1 2 4 8 16 32
322 372 308 0   5 1 6 1 2 4 8 16 32
323 731 829 0  23 1 6 1 2 4 8 16 32
324 706 943 0  28 1 6 1 2 4 8 16 32
325 251 508 0  33 1 6 1 2 4 8 16 32
326  15 452 0   9 1 6 1 2 4 8 16 32
327 761 233 0  45 1 6 1 2 4 8 16 32
328  72 891 0  69 1 6 1 2 4 8 16 32
329 630 658 0  19 1 6 1 2 4 8 16 32
330 375 109 0  22 1 6 1 2 4 8 16 32
331 356 858 0  27 1 6 1 2 4 8 16 32
332 421 342 0  60 1 6 1 2 4 8 16 32
333 497 536 0  24 1 6 1 2 4 8 16 32
334 528 103 0  46 1 6 1 2 4 8 16 32
335 236 607 0  62 1 6 1 2 4 8 16 32
336 633 763 0  88 1 6 1 2 4 8 16 32
337 718 634 0  42 1 6 1 2 4 8 16 32
338 720 422 0  56 1 6 1 2 4 8 16 32
339 136 408 0  94 1 6 1 2 4 8 16 32
340 598 263 0  82 1 6 1 2 4 8 16 32
341 140 421 0  42 1 6 1 2 4 8 16 32
342 270 406 0  87 1 6 1 2 4 8 16 32
343 696 474 0  91 1 6 1 2 4 8 16 32
344 837 473 0   4 1 6 1 2 4 8 16 32
345   9 550 0  61 1 6 1 2 4 8 16 32
346 146 800 0  46 1 6 1 2 4 8 16 32
347 529 245 0  11 1 6 1 2 4 8 16 32
348 670 475 0  96 1 6 1 2 4 8 16 32
349 550 256 0  52 1 6 1 2 4 8 16 32
350 447 884 0  50 1 6 1 2 4 8 16 32
351 169 385 0  71 1 6 1 2 4 8 16 32
352  65  82 0  91 1 6 1 2 4 8 16 32
353 515 808 0  69 1 6 1 2 4 8 16 32
354 389 935 0  52 1 6 1 2 4 8 16 32
355 882 672 0  51 1 6 1 2 4 8 16 32
356  85 690 0  83 1 6 1 2 4 8 16 32
357 604  76 0  50 1 6 1 2 4 8 16 32
358 574 198 0  54 1 6 1 2 4 8 16 32
359 879 353 0  45 1 6 1 2 4 8 16 32
360  62 316 0  38 1 6 1 2 4 8 16 32
361 750 384 0  10 1 6 1 2 4 8 16 32
362 811 593 0  68 1 6 1 2 4 8 16 32
363 951 630 0  15 1 6 1 2 4 8 16 32
364 327 371 0  59 1 6 1 2 4 8 16 32
365  95 583 0  76 1 6 1 2 4 8 16 32
366 565 576 0  52 1 6 1 2 4 8 16 32
367 703 752 0  45 1 6 1 2 4 8 16 32
368 660 322 0  11 1 6 1 2 4 8 16 32
369 696 549 0  78 1 6 1 2 4 8 16 32
370 689 398 0  11 1 6 1 2 4 8 16 32
371 429 484 0  58 1 6 1 2 4 8 16 32
372 527 395 0  96 1 6 1 2 4 8 16 32
373 567 117 0  67 1 6 1 2 4 8 16 32
374 498 520 0  30 1 6 1 2 4 8 16 32
375 904 845 0  94 1 6 1 2 4 8 16 32
376 424 449 0  22 1 6 1 2 4 8 16 32
377 624 556 0  46 1 6 1 2 4 8 16 32
378 688 618 0  88 1 6 1 2 4 8 16 32
379 129 787 0  73 1 6 1 2 4 8 16 32
380 831 790 0  56 1 6 1 2 4 8 16 32
381 855 166 0  48 1 6 1 2 4 8 16 32
382  93 304 0  53 1 6 1 2 4 8 16 32
383 137  68 0  72 1 6 1 2 4 8 16 32
384 121 634 0  30 1 6 1 2 4 8 16 32
385 187  81 0  51 1 6 1 2 4 8 16 32
386 329 591 0  79 1 6 1 2 4 8 16 32
387 987 246 0  99 1 6 1 2 4 8 16 32
388 223  99 0  37 1 6 1 2 4 8 16 32
389 804 492 0  33 1 6 1 2 4 8 16 32
390 443 935 0  95 1 6 1 2 4 8 16 32
391 247 195 0  89 1 6 1 2 4 8 16 32
392 612 214 0   1 1 6 1 2 4 8 16 32
393 800 934 0  67 1 6 1 2 4 8 16 32
394 305 188 0 100 1 6 1 2 4 8 16 32
395 987 438 0  49 1 6 1 2 4 8 16 32
396 407 532 0  83 1 6 1 2 4 8 16 32
397 757 275 0  58 1 6 1 2 4 8 16 32
398 199 859 0  56 1 6 1 2 4 8 16 32
399 437 652 0  11 1 6 1 2 4 8 16 32
400  82 234 0  87 1 6 1 2 4 8 16 32
401 472 787 0  62 1 6 1 2 4 8 16 32
402 205  41 0  73 1 6 1 2 4 8 16 32
403 456 179 0  18 1 6 1 2 4 8 16 32
404  27 379 0   1 1 6 1 2 4 8 16 32
405 673 401 0  34 1 6 1 2 4 8 16 32
406 474 543 0  71 1 6 1 2 4 8 16 32
407 816 151 0  73 1 6 1 2 4 8 16 32
408 129 622 0  68 1 6 1 2 4 8 16 32
409 591   7 0  35 1 6 1 2 4 8 16 32
410 963  59 0  22 1 6 1 2 4 8 16 32
411 864 474 0   5 1 6 1 2 4 8 16 32
412 238  89 0  68 1 6 1 2 4 8 16 32
413 652 698 0  94 1 6 1 2 4 8 16 32
414 578  98 0  32 1 6 1 2 4 8 16 32
415 252 134 0  21 1 6 1 2 4 8 16 32
416  78 161 0  27 1 6 1 2 4 8 16 32
417 557 478 0  55 1 6 1 2 4 8 16 32
418 575 117 0  44 1 6 1 2 4 8 16 32
419  22 910 0  94 1 6 1 2 4 8 16 32
420 371 423 0  59 1 6 1 2 4 8 16 32
421 726 780 0  93 1 6 1 2 4 8 16 32
422 962 596 0  65 1 6 1 2 4 8 16 32
423 736 727 0   4 1 6 1 2 4 8 16 32
424 920 649 0  61 1 6 1 2 4 8 16 32
425 417 145 0  48 1 6 1 2 4 8 16 32
426 125 170 0  37 1 6 1 2 4 8 16 32
427 555 437 0  68 1 6 1 2 4 8 16 32
428 459   6 0  22 1 6 1 2 4 8 16 32
429 968 746 0  35 1 6 1 2 4 8 16 32
430 240 420 0  21 1 6 1 2 4 8 16 32
431 637 945 0  95 1 6 1 2 4 8 16 32
432 565 445 0  72 1 6 1 2 4 8 16 32
433 355 811 0  69 1 6 1 2 4 8 16 32
434 540 696 0  40 1 6 1 2 4 8 16 32
435 667 582 0  83 1 6 1 2 4 8 16 32
436 105  56 0  55 1 6 1 2 4 8 16 32
437 729  76 0  11 1 6 1 2 4 8 16 32
438 927 728 0   6 1 6 1 2 4 8 16 32
439 832 170 0  43 1 6 1 2 4 8 16 32
440 570 463 0  91 1 6 1 2 4 8 16 32
441 961  62 0  56 1 6 1 2 4 8 16 32
442 354 247 0  81 1 6 1 2 4 8 16 32
443 782   9 0  87 1 6 1 2 4 8 16 32
444 545 640 0   7 1 6 1 2 4 8 16 32
445 481 583 0  51 1 6 1 2 4 8 16 32
446  18 804 0  79 1 6 1 2 4 8 16 32
447 580  57 0  84 1 6 1 2 4 8 16 32
448 192   3 0  29 1 6 1 2 4 8 16 32
449 275  79 0  95 1 6 1 2 4 8 16 32
450 765 932 0  72 1 6 1 2 4 8 16 32
451 797 311 0   3 1 6 1 2 4 8 16 32
452 464 435 0  27 1 6 1 2 4 8 16 32
453 404 277 0   1 1 6 1 2 4 8 16 32
454 278 719 0  33 1 6 1 2 4 8 16 32
455 908   6 0  56 1 6 1 2 4 8 16 32
456 317 687 0  63 1 6 1 2 4 8 16 32
457 536 968 0  44 1 6 1 2 4 8 16 32
458 457 931 0  63 1 6 1 2 4 8 16 32
459 407 762 0  83 1 6 1 2 4 8 16 32
460 240 971 0  76 1 6 1 2 4 8 16 32
461 901 573 0  51 1 6 1 2 4 8 16 32
462 730 122 0  94 1 6 1 2 4 8 16 32
463 885 225 0  73 1 6 1 2 4 8 16 32
464 366 140 0  95 1 6 1 2 4 8 16 32
465 722 231 0  12 1 6 1 2 4 8 16 32
466 237 882 0  11 1 6 1 2 4 8 16 32
467 544 134 0  26 1 6 1 2 4 8 16 32
468  82 301 0  58 1 6 1 2 4 8 16 32
469 301 355 0  59 1 6 1 2 4 8 16 32
470 788 811 0  77 1 6 1 2 4 8 16 32
471 916 188 0  38 1 6 1 2 4 8 16 32
472 701 343 0  88 1 6 1 2 4 8 16 32
473 717 969 0   5 1 6 1 2 4 8 16 32
474 310 639 0  53 1 6 1 2 4 8 16 32
475 317 500 0  33 1 6 1 2 4 8 16 32
476 841 547 0   4 1 6 1 2 4 8 16 32
477 145 380 0   4 1 6 1 2 4 8 16 32
478  89 361 0  10 1 6 1 2 4 8 16 32
479 478 477 0   6 1 6 1 2 4 8 16 32
480 775 890 0   6 1 6 1 2 4 8 16 32
481 554 785 0   9 1 6 1 2 4 8 16 32
482 720 953 0   4 1 6 1 2 4 8 16 32
483 726 495 0  53 1 6 1 2 4 8 16 32
484 124 670 0  71 1 6 1 2 4 8 16 32
485 968 817 0  64 1 6 1 2 4 8 16 32
486 535 715 0  67 1 6 1 2 4 8 16 32
487 535 759 0  19 1 6 1 2 4 8 16 32
488 545  32 0  95 1 6 1 2 4 8 16 32
489 455 561 0  82 1 6 1 2 4 8 16 32
490 523 309 0  14 1 6 1 2 4 8 16 32
491 429 576 0  15 1 6 1 2 4 8 16 32
492 396 609 0  98 1 6 1 2 4 8 16 32
493 289 435 0  51 1 6 1 2 4 8 16 32
494 209 345 0  21 1 6 1 2 4 8 16 32
495 586 296 0  89 1 6 1 2 4 8 16 32
496 630  70 0  67 1 6 1 2 4 8 16 32
497 270 778 0  30 1 6 1 2 4 8 16 32
498 624 381 0  72 1 6 1 2 4 8 16 32
499 973 848 0  93 1 6 1 2 4 8 16 32
500  21 424 0  63 1 6 1 2 4 8 16 32
501 221 158 0  42 1 6 1 2 4 8 16 32
502  51  92 0  30 1 6 1 2 4 8 16 32
503 810 795 0  35 1 6 1 2 4 8 16 32
504 352 546 0  47 1 6 1 2 4 8 16 32
505 581 975 0  78 1 6 1 2 4 8 16 32
506 318 968 0  14 1 6 1 2 4 8 16 32
507  70 147 0  89 1 6 1 2 4 8 16 32
508 688 827 0   4 1 6 1 2 4 8 16 32
509 517 330 0  30 1 6 1 2 4 8 16 32
510 893 938 0  40 1 6 1 2 4 8 16 32
511 232 468 0  82 1 6 1 2 4 8 16 32
512 404 480 0  78 1 6 1 2 4 8 16 32
513 769 293 0  57 1 6 1 2 4 8 16 32
514 257 674 0  74 1 6 1 2 4 8 16 32
515  11 349 0  72 1 6 1 2 4 8 16 32
516  82 490 0  59 1 6 1 2 4 8 16 32
517 755 277 0  99 1 6 1 2 4 8 16 32
518 937 589 0  83 1 6 1 2 4 8 16 32
519  70 768 0  41 1 6 1 2 4 8 16 32
520 865 899 0  29 1 6 1 2 4 8 16 32
521 248 889 0   1 1 6 1 2 4 8 16 32
522  42 485 0  42 1 6 1 2 4 8 16 32
523 394 845 0  37 1 6 1 2 4 8 16 32
524  59 425 0  90 1 6 1 2 4 8 16 32
525 147  21 0  67 1 6 1 2 4 8 16 32
526 480 541 0  10 1 6 1 2 4 8 16 32
527 339 171 0   4 1 6 1 2 4 8 16 32
528 934  56 0  82 1 6 1 2 4 8 16 32
529 433 239 0  26 1 6 1 2 4 8 16 32
530 698 172 0  34 1 6 1 2 4 8 16 32
531 332 633 0  88 1 6 1 2 4 8 16 32
532 389 847 0  83 1 6 1 2 4 8 16 32
533 700 477 0  34 1 6 1 2 4 8 16 32
534 192 613 0  18 1 6 1 2 4 8 16 32
535 257 224 0  90 1 6 1 2 4 8 16 32
536 533 397 0   4 1 6 1 2 4 8 16 32
537 145 699 0  62 1 6 1 2 4 8 16 32
538 302 629 0  64 1 6 1 2 4 8 16 32
539 239 678 0  36 1 6 1 2 4 8 16 32
540  84 406 0  95 1 6 1 2 4 8 16 32
541   8 225 0  38 1 6 1 2 4 8 16 32
542 728  31 0  78 1 6 1 2 4 8 16 32
543 379 345 0   4 1 6 1 2 4 8 16 32
544 721 974 0  94 1 6 1 2 4 8 16 32
545 544 603 0  88 1 6 1 2 4 8 16 32
546 376 481 0  82 1 6 1 2 4 8 16 32
547 346 255 0  33 1 6 1 2 4 8 16 32
548 571 105 0  51 1 6 1 2 4 8 16 32
549 437 966 0  75 1 6 1 2 4 8 16 32
550 602 530 0  64 1 6 1 2 4 8 16 32
551 614 444 0   2 1 6 1 2 4 8 16 32
552 479 827 0  27 1 6 1 2 4 8 16 32
553 590  59 0  12 1 6 1 2 4 8 16 32
554 312 409 0  24 1 6 1 2 4 8 16 32
555  62 794 0  43 1 6 1 2 4 8 16 32
556 132 208 0  39 1 6 1 2 4 8 16 32
557 864 259 0  60 1 6 1 2 4 8 16 32
558 624 449 0  62 1 6 1 2 4 8 16 32
559 100 483 0  42 1 6 1 2 4 8 16 32
560 149 489 0  34 1 6 1 2 4 8 16 32
561 875  20 0  52 1 6 1 2 4 8 16 32
562 964 913 0  53 1 6 1 2 4 8 16 32
563 191 219 0  58 1 6 1 2 4 8 16 32
564 949 787 0  49 1 6 1 2 4 8 16 32
565  70  87 0   5 1 6 1 2 4 8 16 32
566 875 429 0  57 1 6 1 2 4 8 16 32
567 933 888 0  28 1 6 1 2 4 8 16 32
568 546 847 0  16 1 6 1 2 4 8 16 32
569  77 259 0  76 1 6 1 2 4 8 16 32
570 490  28 0  28 1 6 1 2 4 8 16 32
571 249 738 0  46 1 6 1 2 4 8 16 32
572 289 240 0  10 1 6 1 2 4 8 16 32
573 678  78 0  59 1 6 1 2 4 8 16 32
574 397 707 0  73 1 6 1 2 4 8 16 32
575 379 792 0  43 1 6 1 2 4 8 16 32
576 993 228 0  94 1 6 1 2 4 8 16 32
577 961 609 0  52 1 6 1 2 4 8 16 32
578 818 482 0  24 1 6 1 2 4 8 16 32
579  20  77 0   2 1 6 1 2 4 8 16 32
580 422 618 0   9 1 6 1 2 4 8 16 32
581 501 944 0  90 1 6 1 2 4 8 16 32
582  86 558 0  92 1 6 1 2 4 8 16 32
583 645 410 0  48 1 6 1 2 4 8 16 32
584 574 937 0  90 1 6 1 2 4 8 16 32
585 323  52 0  97 1 6 1 2 4 8 16 32
586 325 505 0   8 1 6 1 2 4 8 16 32
587 278 467 0  72 1 6 1 2 4 8 16 32
588 556 156 0  92 1 6 1 2 4 8 16 32
589 983 779 0  66 1 6 1 2 4 8 16 32
590 341 349 0  93 1 6 1 2 4 8 16 32
591 438 859 0  60 1 6 1 2 4 8 16 32
592 488 884 0  24 1 6 1 2 4 8 16 32
593 358 111 0  23 1 6 1 2 4 8 16 32
594 573 540 0  62 1 6 1 2 4 8 16 32
595 160 138 0  66 1 6 1 2 4 8 16 32
596 181 523 0  29 1 6 1 2 4 8 16 32
597 299 109 0  75 1 6 1 2 4 8 16 32
598 942 558 0  91 1 6 1 2 4 8 16 32
599 592  89 0  12 1 6 1 2 4 8 16 32
600 545 543 0  82 1 6 1 2 4 8 16 32
601 278 899 0  80 1 6 1 2 4 8 16 32
602 647 150 0  20 1 6 1 2 4 8 16 32
603 594 483 0  49 1 6 1 2 4 8 16 32
604 249 743 0   0 0 0
605 183 276 0   0 0 0
606 455 409 0   0 0 0
607 577 523 0   0 0 0
608 971 835 0   0 0 0
609  64 213 0   0 0 0
