2 158 634 4
0 244
0 244
0 244
0 244
  1 896  567 0  93 1 4 1 2 4 8
  2  53   39 0  71 1 4 1 2 4 8
  3 125  269 0  20 1 4 1 2 4 8
  4 212  140 0  30 1 4 1 2 4 8
  5 881   81 0  77 1 4 1 2 4 8
  6 901   59 0  85 1 4 1 2 4 8
  7 331  596 0  13 1 4 1 2 4 8
  8 974  189 0   3 1 4 1 2 4 8
  9 924   23 0  55 1 4 1 2 4 8
 10 700  945 0  26 1 4 1 2 4 8
 11 188  490 0  87 1 4 1 2 4 8
 12 782  264 0  31 1 4 1 2 4 8
 13 883  737 0  93 1 4 1 2 4 8
 14  30  829 0  58 1 4 1 2 4 8
 15  41  361 0  42 1 4 1 2 4 8
 16 337   56 0  52 1 4 1 2 4 8
 17 254  485 0  60 1 4 1 2 4 8
 18 601  817 0  45 1 4 1 2 4 8
 19 223  603 0  55 1 4 1 2 4 8
 20 984   24 0  92 1 4 1 2 4 8
 21 710  291 0  95 1 4 1 2 4 8
 22 358   47 0  30 1 4 1 2 4 8
 23 213  838 0  13 1 4 1 2 4 8
 24 221  982 0  54 1 4 1 2 4 8
 25 218   53 0  76 1 4 1 2 4 8
 26 266  299 0  47 1 4 1 2 4 8
 27 517  859 0  41 1 4 1 2 4 8
 28 456   94 0  80 1 4 1 2 4 8
 29 793  526 0   5 1 4 1 2 4 8
 30 527  219 0  27 1 4 1 2 4 8
 31 179  937 0  55 1 4 1 2 4 8
 32 546  829 0  49 1 4 1 2 4 8
 33  92  373 0  70 1 4 1 2 4 8
 34 945  887 0  62 1 4 1 2 4 8
 35 571  762 0  29 1 4 1 2 4 8
 36 280  632 0  42 1 4 1 2 4 8
 37 533  190 0  73 1 4 1 2 4 8
 38 611  615 0  55 1 4 1 2 4 8
 39 136  792 0  54 1 4 1 2 4 8
 40 685  347 0  39 1 4 1 2 4 8
 41 670  512 0  77 1 4 1 2 4 8
 42 675  287 0  70 1 4 1 2 4 8
 43 412  529 0  27 1 4 1 2 4 8
 44 102  410 0  82 1 4 1 2 4 8
 45 150  165 0  53 1 4 1 2 4 8
 46  93  835 0  96 1 4 1 2 4 8
 47 281   33 0  14 1 4 1 2 4 8
 48 564  797 0  95 1 4 1 2 4 8
 49 463  428 0  72 1 4 1 2 4 8
 50 518  476 0  37 1 4 1 2 4 8
 51 941  363 0  42 1 4 1 2 4 8
 52 509  500 0   3 1 4 1 2 4 8
 53 810  837 0  54 1 4 1 2 4 8
 54 666  999 0  39 1 4 1 2 4 8
 55  58  341 0  76 1 4 1 2 4 8
 56 236  568 0  34 1 4 1 2 4 8
 57 417  657 0  77 1 4 1 2 4 8
 58 881  106 0  57 1 4 1 2 4 8
 59 853  124 0  32 1 4 1 2 4 8
 60 747  622 0  51 1 4 1 2 4 8
 61 615  378 0  21 1 4 1 2 4 8
 62 334  523 0  89 1 4 1 2 4 8
 63 341  478 0  60 1 4 1 2 4 8
 64 137  901 0  40 1 4 1 2 4 8
 65 995  728 0  66 1 4 1 2 4 8
 66 813  501 0  89 1 4 1 2 4 8
 67 298   63 0  25 1 4 1 2 4 8
 68 482  861 0  84 1 4 1 2 4 8
 69 249  151 0   7 1 4 1 2 4 8
 70 496  516 0   8 1 4 1 2 4 8
 71 246   50 0  94 1 4 1 2 4 8
 72  77  102 0  38 1 4 1 2 4 8
 73 727  401 0  15 1 4 1 2 4 8
 74  58  358 0  13 1 4 1 2 4 8
 75  54  148 0  63 1 4 1 2 4 8
 76 444  877 0  25 1 4 1 2 4 8
 77 913  453 0  25 1 4 1 2 4 8
 78 228  860 0  20 1 4 1 2 4 8
 79 725  633 0  58 1 4 1 2 4 8
 80 913  460 0  91 1 4 1 2 4 8
 81 529  206 0  68 1 4 1 2 4 8
 82 169  168 0  44 1 4 1 2 4 8
 83 116  161 0   6 1 4 1 2 4 8
 84 936  429 0  95 1 4 1 2 4 8
 85 627  726 0  80 1 4 1 2 4 8
 86 427  640 0   8 1 4 1 2 4 8
 87  33  236 0  99 1 4 1 2 4 8
 88 589   48 0  42 1 4 1 2 4 8
 89 662  314 0  43 1 4 1 2 4 8
 90 486  628 0  24 1 4 1 2 4 8
 91  10  783 0  22 1 4 1 2 4 8
 92 631   76 0  98 1 4 1 2 4 8
 93  51  760 0  39 1 4 1 2 4 8
 94 811  724 0  23 1 4 1 2 4 8
 95 846  956 0  41 1 4 1 2 4 8
 96 622   23 0  81 1 4 1 2 4 8
 97 795  192 0  58 1 4 1 2 4 8
 98 680  400 0  89 1 4 1 2 4 8
 99   7  870 0  20 1 4 1 2 4 8
100 124  266 0   8 1 4 1 2 4 8
101 994  648 0  20 1 4 1 2 4 8
102 926  636 0  73 1 4 1 2 4 8
103 338  111 0  73 1 4 1 2 4 8
104 430  917 0  63 1 4 1 2 4 8
105  88    1 0  48 1 4 1 2 4 8
106 638  414 0  27 1 4 1 2 4 8
107 312  613 0  74 1 4 1 2 4 8
108 385  250 0   8 1 4 1 2 4 8
109 805  842 0  53 1 4 1 2 4 8
110 170  893 0  75 1 4 1 2 4 8
111 704  465 0  17 1 4 1 2 4 8
112 583  960 0  46 1 4 1 2 4 8
113 625  562 0  39 1 4 1 2 4 8
114 555  724 0  33 1 4 1 2 4 8
115 244  556 0  92 1 4 1 2 4 8
116 301  220 0  17 1 4 1 2 4 8
117 284  950 0  42 1 4 1 2 4 8
118 590  306 0  11 1 4 1 2 4 8
119  95  920 0  60 1 4 1 2 4 8
120 698  874 0 100 1 4 1 2 4 8
121 469  726 0  75 1 4 1 2 4 8
122 424  785 0  14 1 4 1 2 4 8
123 237   20 0  28 1 4 1 2 4 8
124 678  498 0  96 1 4 1 2 4 8
125 632  524 0  50 1 4 1 2 4 8
126 617  648 0  53 1 4 1 2 4 8
127 322  410 0  63 1 4 1 2 4 8
128 777  575 0  22 1 4 1 2 4 8
129 820  424 0  93 1 4 1 2 4 8
130 112  618 0   2 1 4 1 2 4 8
131 121  429 0  75 1 4 1 2 4 8
132 567  542 0  38 1 4 1 2 4 8
133 455  454 0  54 1 4 1 2 4 8
134 504  898 0  25 1 4 1 2 4 8
135 646  805 0   4 1 4 1 2 4 8
136 134  176 0  70 1 4 1 2 4 8
137 982  498 0  55 1 4 1 2 4 8
138 109  219 0  76 1 4 1 2 4 8
139 718  425 0  71 1 4 1 2 4 8
140 819  634 0  32 1 4 1 2 4 8
141 227  385 0  42 1 4 1 2 4 8
142 935  341 0  48 1 4 1 2 4 8
143 358  698 0  37 1 4 1 2 4 8
144 620  162 0  21 1 4 1 2 4 8
145 825  689 0  68 1 4 1 2 4 8
146 611  723 0  84 1 4 1 2 4 8
147 960  151 0  35 1 4 1 2 4 8
148  45  579 0  98 1 4 1 2 4 8
149 897  717 0  57 1 4 1 2 4 8
150 840  804 0  94 1 4 1 2 4 8
151 548  766 0   5 1 4 1 2 4 8
152 336  638 0  84 1 4 1 2 4 8
153 938  323 0   3 1 4 1 2 4 8
154 647  655 0  21 1 4 1 2 4 8
155 729  283 0  51 1 4 1 2 4 8
156 164   73 0  46 1 4 1 2 4 8
157 186  795 0  65 1 4 1 2 4 8
158 263  455 0  58 1 4 1 2 4 8
159 782  841 0  83 1 4 1 2 4 8
160 156  202 0  98 1 4 1 2 4 8
161  79   31 0   2 1 4 1 2 4 8
162 541  940 0  21 1 4 1 2 4 8
163 635  537 0  32 1 4 1 2 4 8
164  71  844 0  69 1 4 1 2 4 8
165 382  819 0  32 1 4 1 2 4 8
166 516  204 0  52 1 4 1 2 4 8
167 869  524 0  33 1 4 1 2 4 8
168 498  976 0  64 1 4 1 2 4 8
169 755  442 0  64 1 4 1 2 4 8
170 427  226 0  40 1 4 1 2 4 8
171 809   54 0  58 1 4 1 2 4 8
172 828  177 0  58 1 4 1 2 4 8
173 984  489 0  49 1 4 1 2 4 8
174 945  408 0   8 1 4 1 2 4 8
175 445  664 0  85 1 4 1 2 4 8
176 881  819 0   6 1 4 1 2 4 8
177 986  187 0  28 1 4 1 2 4 8
178 252  522 0  60 1 4 1 2 4 8
179 944  543 0  20 1 4 1 2 4 8
180 422  511 0  11 1 4 1 2 4 8
181 484  882 0  94 1 4 1 2 4 8
182 866  434 0  58 1 4 1 2 4 8
183 711  625 0  92 1 4 1 2 4 8
184 512  266 0  33 1 4 1 2 4 8
185 468  787 0  96 1 4 1 2 4 8
186 530  780 0  56 1 4 1 2 4 8
187 526   43 0  69 1 4 1 2 4 8
188 203  830 0  77 1 4 1 2 4 8
189 219  696 0  99 1 4 1 2 4 8
190 849  350 0  98 1 4 1 2 4 8
191 535  784 0  53 1 4 1 2 4 8
192 172  176 0  44 1 4 1 2 4 8
193 855  127 0  24 1 4 1 2 4 8
194 728  880 0   5 1 4 1 2 4 8
195 999  908 0  77 1 4 1 2 4 8
196 215  307 0  26 1 4 1 2 4 8
197 372  416 0  84 1 4 1 2 4 8
198 841  542 0   2 1 4 1 2 4 8
199 158  989 0   5 1 4 1 2 4 8
200 699  375 0  70 1 4 1 2 4 8
201 310  801 0  19 1 4 1 2 4 8
202 909  558 0  49 1 4 1 2 4 8
203 872   81 0  30 1 4 1 2 4 8
204 120  629 0  11 1 4 1 2 4 8
205 900  647 0  49 1 4 1 2 4 8
206 341  901 0  67 1 4 1 2 4 8
207 213  746 0  89 1 4 1 2 4 8
208 353  888 0  87 1 4 1 2 4 8
209 307  672 0  75 1 4 1 2 4 8
210  89  985 0   2 1 4 1 2 4 8
211 690  331 0   1 1 4 1 2 4 8
212 779  412 0  40 1 4 1 2 4 8
213 573  659 0  43 1 4 1 2 4 8
214 696  153 0  64 1 4 1 2 4 8
215 822   54 0  59 1 4 1 2 4 8
216 480   94 0  80 1 4 1 2 4 8
217 802  210 0  47 1 4 1 2 4 8
218 879  514 0  92 1 4 1 2 4 8
219 878   13 0  34 1 4 1 2 4 8
220  51  894 0  23 1 4 1 2 4 8
221 214  688 0  87 1 4 1 2 4 8
222 763  646 0  63 1 4 1 2 4 8
223 663  152 0  86 1 4 1 2 4 8
224 647  181 0  40 1 4 1 2 4 8
225 711   48 0  32 1 4 1 2 4 8
226 125  241 0  14 1 4 1 2 4 8
227 606  141 0   5 1 4 1 2 4 8
228 118   89 0  88 1 4 1 2 4 8
229 320  426 0  72 1 4 1 2 4 8
230 380  905 0  58 1 4 1 2 4 8
231 677   31 0  84 1 4 1 2 4 8
232 566  530 0  65 1 4 1 2 4 8
233 436  982 0  29 1 4 1 2 4 8
234 479  185 0 100 1 4 1 2 4 8
235 743  791 0  99 1 4 1 2 4 8
236 353  662 0   9 1 4 1 2 4 8
237 543  636 0  20 1 4 1 2 4 8
238 153  914 0  12 1 4 1 2 4 8
239 822   51 0  91 1 4 1 2 4 8
240 456   59 0  72 1 4 1 2 4 8
241 976  327 0   1 1 4 1 2 4 8
242 322  308 0 100 1 4 1 2 4 8
243 605  489 0  33 1 4 1 2 4 8
244 317  370 0  74 1 4 1 2 4 8
245 473  197 0  44 1 4 1 2 4 8
246 910  200 0  27 1 4 1 2 4 8
247 749  651 0  16 1 4 1 2 4 8
248 270  945 0  73 1 4 1 2 4 8
249 174  857 0  91 1 4 1 2 4 8
250 210   79 0  19 1 4 1 2 4 8
251 969  443 0  53 1 4 1 2 4 8
252 976  206 0  78 1 4 1 2 4 8
253 228  962 0   1 1 4 1 2 4 8
254 821  469 0  19 1 4 1 2 4 8
255 794  402 0  63 1 4 1 2 4 8
256 762  586 0  98 1 4 1 2 4 8
257 408  825 0  33 1 4 1 2 4 8
258 985   83 0  21 1 4 1 2 4 8
259 153  195 0  91 1 4 1 2 4 8
260 829  536 0  16 1 4 1 2 4 8
261 278  417 0  98 1 4 1 2 4 8
262 577   88 0  18 1 4 1 2 4 8
263 205  478 0   5 1 4 1 2 4 8
264 564  983 0  14 1 4 1 2 4 8
265 519  572 0  45 1 4 1 2 4 8
266 973  362 0  25 1 4 1 2 4 8
267 512   46 0  56 1 4 1 2 4 8
268 385  860 0  12 1 4 1 2 4 8
269 151  357 0  37 1 4 1 2 4 8
270 600  845 0  70 1 4 1 2 4 8
271 644  581 0  27 1 4 1 2 4 8
272 171  549 0  78 1 4 1 2 4 8
273  72  515 0  68 1 4 1 2 4 8
274 117  945 0  51 1 4 1 2 4 8
275 660  795 0  70 1 4 1 2 4 8
276 794  436 0  54 1 4 1 2 4 8
277 383  738 0  26 1 4 1 2 4 8
278 349  153 0   3 1 4 1 2 4 8
279 123  410 0  22 1 4 1 2 4 8
280  27  988 0  71 1 4 1 2 4 8
281 202  847 0  88 1 4 1 2 4 8
282 824  350 0  75 1 4 1 2 4 8
283 137  236 0  15 1 4 1 2 4 8
284 715  389 0  55 1 4 1 2 4 8
285   9  619 0  76 1 4 1 2 4 8
286 482  890 0   8 1 4 1 2 4 8
287 508  541 0  51 1 4 1 2 4 8
288 187  534 0  40 1 4 1 2 4 8
289 620  266 0  85 1 4 1 2 4 8
290 345   80 0  17 1 4 1 2 4 8
291 261  471 0  14 1 4 1 2 4 8
292  95  176 0 100 1 4 1 2 4 8
293 247  303 0  78 1 4 1 2 4 8
294 448  611 0  30 1 4 1 2 4 8
295 103  578 0  17 1 4 1 2 4 8
296 294  441 0  89 1 4 1 2 4 8
297 323  626 0  25 1 4 1 2 4 8
298 185  226 0   9 1 4 1 2 4 8
299 848   11 0 100 1 4 1 2 4 8
300 235   27 0  95 1 4 1 2 4 8
301 502  151 0  16 1 4 1 2 4 8
302 942  445 0  41 1 4 1 2 4 8
303 584  200 0  50 1 4 1 2 4 8
304 428  123 0  86 1 4 1 2 4 8
305  65  608 0   4 1 4 1 2 4 8
306 897  434 0  49 1 4 1 2 4 8
307 513   12 0  11 1 4 1 2 4 8
308 177  548 0  32 1 4 1 2 4 8
309 938  891 0  26 1 4 1 2 4 8
310 503  925 0  90 1 4 1 2 4 8
311 614  531 0  42 1 4 1 2 4 8
312 375   50 0  40 1 4 1 2 4 8
313 328  392 0   6 1 4 1 2 4 8
314 335  972 0  98 1 4 1 2 4 8
315 989    9 0  50 1 4 1 2 4 8
316 858  852 0  40 1 4 1 2 4 8
317 484  324 0   6 1 4 1 2 4 8
318 676  467 0  75 1 4 1 2 4 8
319 846  538 0  20 1 4 1 2 4 8
320 932  159 0  83 1 4 1 2 4 8
321 251  216 0  43 1 4 1 2 4 8
322 908  961 0  23 1 4 1 2 4 8
323 842  215 0  45 1 4 1 2 4 8
324  59   67 0  10 1 4 1 2 4 8
325 259  527 0  36 1 4 1 2 4 8
326 240  279 0  25 1 4 1 2 4 8
327 182  111 0  27 1 4 1 2 4 8
328 162  867 0  39 1 4 1 2 4 8
329 936  290 0  57 1 4 1 2 4 8
330 928  525 0  66 1 4 1 2 4 8
331 724  640 0 100 1 4 1 2 4 8
332 626  815 0  23 1 4 1 2 4 8
333 261  650 0  59 1 4 1 2 4 8
334 377  117 0  51 1 4 1 2 4 8
335 850  921 0  18 1 4 1 2 4 8
336 292  230 0  51 1 4 1 2 4 8
337 336  117 0  25 1 4 1 2 4 8
338 793  691 0  34 1 4 1 2 4 8
339 529  136 0   2 1 4 1 2 4 8
340  39  424 0  80 1 4 1 2 4 8
341 782  356 0  84 1 4 1 2 4 8
342 124   50 0  66 1 4 1 2 4 8
343 760  973 0  39 1 4 1 2 4 8
344   0  380 0  45 1 4 1 2 4 8
345 661  214 0  70 1 4 1 2 4 8
346 544  853 0  91 1 4 1 2 4 8
347 829  186 0  20 1 4 1 2 4 8
348 470  447 0  20 1 4 1 2 4 8
349 236  310 0  50 1 4 1 2 4 8
350 920 1000 0  63 1 4 1 2 4 8
351 183  534 0  25 1 4 1 2 4 8
352 806  171 0  63 1 4 1 2 4 8
353 699  357 0  42 1 4 1 2 4 8
354 323  383 0  56 1 4 1 2 4 8
355 582  427 0  64 1 4 1 2 4 8
356  17  681 0   1 1 4 1 2 4 8
357 874  177 0  56 1 4 1 2 4 8
358 269  868 0  46 1 4 1 2 4 8
359  96  388 0  28 1 4 1 2 4 8
360 901  794 0  26 1 4 1 2 4 8
361 828  964 0  82 1 4 1 2 4 8
362 321  490 0  19 1 4 1 2 4 8
363  47  912 0  89 1 4 1 2 4 8
364  96  853 0  56 1 4 1 2 4 8
365 395  555 0   3 1 4 1 2 4 8
366 491  824 0  27 1 4 1 2 4 8
367 271    8 0  51 1 4 1 2 4 8
368 673   59 0  18 1 4 1 2 4 8
369 152   86 0  49 1 4 1 2 4 8
370  23  727 0  21 1 4 1 2 4 8
371 308  454 0  10 1 4 1 2 4 8
372   6  483 0   8 1 4 1 2 4 8
373 863  904 0  66 1 4 1 2 4 8
374 237  766 0  32 1 4 1 2 4 8
375 969  636 0   2 1 4 1 2 4 8
376 920  371 0  32 1 4 1 2 4 8
377 717  168 0  48 1 4 1 2 4 8
378 327  261 0  28 1 4 1 2 4 8
379 764  529 0  18 1 4 1 2 4 8
380 735  617 0  46 1 4 1 2 4 8
381 194  546 0  30 1 4 1 2 4 8
382 866  977 0  19 1 4 1 2 4 8
383  68  672 0  71 1 4 1 2 4 8
384 316  682 0  23 1 4 1 2 4 8
385 934  852 0  70 1 4 1 2 4 8
386 448   14 0  67 1 4 1 2 4 8
387 368  290 0  34 1 4 1 2 4 8
388 666  257 0  79 1 4 1 2 4 8
389 958  396 0  68 1 4 1 2 4 8
390 505  636 0   6 1 4 1 2 4 8
391 171  239 0  33 1 4 1 2 4 8
392 815  454 0  74 1 4 1 2 4 8
393 287  990 0  67 1 4 1 2 4 8
394 727  746 0  10 1 4 1 2 4 8
395 227  442 0  95 1 4 1 2 4 8
396 710  987 0  62 1 4 1 2 4 8
397 148  454 0  11 1 4 1 2 4 8
398 748  194 0  92 1 4 1 2 4 8
399 652  574 0  94 1 4 1 2 4 8
400  18  625 0  46 1 4 1 2 4 8
401 197  488 0  99 1 4 1 2 4 8
402 324  477 0  91 1 4 1 2 4 8
403 740  216 0  35 1 4 1 2 4 8
404 783  620 0  97 1 4 1 2 4 8
405 329  327 0  27 1 4 1 2 4 8
406  49  335 0  18 1 4 1 2 4 8
407 912   94 0  30 1 4 1 2 4 8
408 711  355 0  16 1 4 1 2 4 8
409 613  551 0  13 1 4 1 2 4 8
410 267  372 0  61 1 4 1 2 4 8
411 269  292 0  94 1 4 1 2 4 8
412 672   45 0  28 1 4 1 2 4 8
413 616  966 0  83 1 4 1 2 4 8
414 176  519 0  66 1 4 1 2 4 8
415 625  700 0  34 1 4 1 2 4 8
416 542  753 0   7 1 4 1 2 4 8
417 965  404 0  61 1 4 1 2 4 8
418 393  668 0  46 1 4 1 2 4 8
419 768  221 0  50 1 4 1 2 4 8
420 404  795 0  77 1 4 1 2 4 8
421 971  565 0  55 1 4 1 2 4 8
422 511  872 0  43 1 4 1 2 4 8
423 973   17 0  42 1 4 1 2 4 8
424 821  786 0  53 1 4 1 2 4 8
425 267  967 0  29 1 4 1 2 4 8
426 256  248 0  10 1 4 1 2 4 8
427 501  382 0  71 1 4 1 2 4 8
428 508  179 0  38 1 4 1 2 4 8
429 439  468 0  87 1 4 1 2 4 8
430 519  958 0  86 1 4 1 2 4 8
431 986  501 0  77 1 4 1 2 4 8
432 699  666 0  55 1 4 1 2 4 8
433 176  632 0  60 1 4 1 2 4 8
434 475   71 0  21 1 4 1 2 4 8
435 969  297 0  11 1 4 1 2 4 8
436  94  356 0  23 1 4 1 2 4 8
437 681   86 0  63 1 4 1 2 4 8
438 505  253 0  54 1 4 1 2 4 8
439   0  763 0  97 1 4 1 2 4 8
440  74  925 0  20 1 4 1 2 4 8
441 823  183 0  14 1 4 1 2 4 8
442  36  539 0  99 1 4 1 2 4 8
443 944  369 0   5 1 4 1 2 4 8
444 517  697 0  65 1 4 1 2 4 8
445 492  327 0  10 1 4 1 2 4 8
446 432  249 0  80 1 4 1 2 4 8
447 590  824 0  55 1 4 1 2 4 8
448 842  124 0  95 1 4 1 2 4 8
449  61  610 0  37 1 4 1 2 4 8
450 195   45 0  56 1 4 1 2 4 8
451  22  494 0  44 1 4 1 2 4 8
452 924  884 0  88 1 4 1 2 4 8
453 925  169 0  31 1 4 1 2 4 8
454 848  966 0  86 1 4 1 2 4 8
455  13  996 0  73 1 4 1 2 4 8
456 779  463 0  61 1 4 1 2 4 8
457 289  971 0  53 1 4 1 2 4 8
458 573  982 0  81 1 4 1 2 4 8
459 502  302 0  43 1 4 1 2 4 8
460  99  906 0  50 1 4 1 2 4 8
461 539   26 0  21 1 4 1 2 4 8
462 840  646 0  97 1 4 1 2 4 8
463 392  787 0  15 1 4 1 2 4 8
464 935  334 0  91 1 4 1 2 4 8
465 614  501 0  87 1 4 1 2 4 8
466 432  617 0  10 1 4 1 2 4 8
467  60  664 0  58 1 4 1 2 4 8
468 813  239 0  70 1 4 1 2 4 8
469 634  825 0  35 1 4 1 2 4 8
470 450  641 0  81 1 4 1 2 4 8
471 672  775 0  64 1 4 1 2 4 8
472 918  920 0  14 1 4 1 2 4 8
473 415   86 0  85 1 4 1 2 4 8
474 523  982 0  82 1 4 1 2 4 8
475 720  989 0  64 1 4 1 2 4 8
476 509  583 0   4 1 4 1 2 4 8
477 390  365 0  57 1 4 1 2 4 8
478 709  902 0  92 1 4 1 2 4 8
479 893  438 0  15 1 4 1 2 4 8
480 381  804 0   6 1 4 1 2 4 8
481 541  839 0  56 1 4 1 2 4 8
482 582  487 0   7 1 4 1 2 4 8
483 734  911 0  83 1 4 1 2 4 8
484 348  261 0  64 1 4 1 2 4 8
485 145  281 0  10 1 4 1 2 4 8
486 948  199 0  89 1 4 1 2 4 8
487 954  442 0  18 1 4 1 2 4 8
488  84  286 0 100 1 4 1 2 4 8
489 504  318 0  70 1 4 1 2 4 8
490 322  514 0  37 1 4 1 2 4 8
491 637  743 0  87 1 4 1 2 4 8
492 318  510 0  36 1 4 1 2 4 8
493 939   97 0  80 1 4 1 2 4 8
494 269  390 0  61 1 4 1 2 4 8
495 746  898 0  25 1 4 1 2 4 8
496  21  582 0  66 1 4 1 2 4 8
497 413  324 0  68 1 4 1 2 4 8
498 188  374 0   5 1 4 1 2 4 8
499 603  311 0  73 1 4 1 2 4 8
500 304  163 0   2 1 4 1 2 4 8
501 958  802 0  23 1 4 1 2 4 8
502 711  429 0   5 1 4 1 2 4 8
503 494  970 0  30 1 4 1 2 4 8
504 783  700 0  60 1 4 1 2 4 8
505 511  972 0  35 1 4 1 2 4 8
506 252  234 0   9 1 4 1 2 4 8
507 829  671 0  54 1 4 1 2 4 8
508 624  995 0  56 1 4 1 2 4 8
509 450  834 0  69 1 4 1 2 4 8
510  51  323 0  80 1 4 1 2 4 8
511 195  721 0  42 1 4 1 2 4 8
512 938   16 0  62 1 4 1 2 4 8
513 936  238 0  13 1 4 1 2 4 8
514 913  657 0  91 1 4 1 2 4 8
515 215  822 0  95 1 4 1 2 4 8
516 329  853 0  32 1 4 1 2 4 8
517 386  934 0  25 1 4 1 2 4 8
518 985   53 0  49 1 4 1 2 4 8
519 575   51 0  76 1 4 1 2 4 8
520 532  211 0  18 1 4 1 2 4 8
521  49  595 0  70 1 4 1 2 4 8
522 384  287 0  44 1 4 1 2 4 8
523 494  868 0  90 1 4 1 2 4 8
524  49  143 0  67 1 4 1 2 4 8
525 404  136 0  25 1 4 1 2 4 8
526  60  909 0  79 1 4 1 2 4 8
527 455  372 0  99 1 4 1 2 4 8
528 147  100 0  96 1 4 1 2 4 8
529 594  875 0  92 1 4 1 2 4 8
530 366  107 0  21 1 4 1 2 4 8
531 583  471 0  81 1 4 1 2 4 8
532 872  562 0   7 1 4 1 2 4 8
533  72  958 0  78 1 4 1 2 4 8
534 752  336 0  53 1 4 1 2 4 8
535 880  905 0  87 1 4 1 2 4 8
536 625  319 0   4 1 4 1 2 4 8
537 709  108 0  50 1 4 1 2 4 8
538 537  316 0  13 1 4 1 2 4 8
539 442  123 0  28 1 4 1 2 4 8
540 251  632 0  49 1 4 1 2 4 8
541 226   22 0  12 1 4 1 2 4 8
542 653  188 0  59 1 4 1 2 4 8
543 979  974 0  25 1 4 1 2 4 8
544 657  527 0  48 1 4 1 2 4 8
545 889  379 0  55 1 4 1 2 4 8
546 537  391 0  28 1 4 1 2 4 8
547 543   26 0  40 1 4 1 2 4 8
548 707  231 0  71 1 4 1 2 4 8
549  18  392 0   4 1 4 1 2 4 8
550 107  797 0  71 1 4 1 2 4 8
551 641  459 0  15 1 4 1 2 4 8
552 327  552 0  72 1 4 1 2 4 8
553 752  514 0  32 1 4 1 2 4 8
554 443  154 0  16 1 4 1 2 4 8
555 759   76 0  85 1 4 1 2 4 8
556 981  558 0  39 1 4 1 2 4 8
557 682  277 0  67 1 4 1 2 4 8
558 134  725 0  87 1 4 1 2 4 8
559 443  277 0  67 1 4 1 2 4 8
560 215  474 0  30 1 4 1 2 4 8
561 165  568 0  25 1 4 1 2 4 8
562 498  688 0  54 1 4 1 2 4 8
563 454  346 0  16 1 4 1 2 4 8
564 769  970 0  19 1 4 1 2 4 8
565 297  925 0   2 1 4 1 2 4 8
566 119  844 0  10 1 4 1 2 4 8
567 520  848 0  74 1 4 1 2 4 8
568 914  966 0  97 1 4 1 2 4 8
569  62  575 0  17 1 4 1 2 4 8
570 520  651 0  91 1 4 1 2 4 8
571 926  388 0 100 1 4 1 2 4 8
572 921  244 0  78 1 4 1 2 4 8
573 314  338 0  47 1 4 1 2 4 8
574 604  144 0  59 1 4 1 2 4 8
575 146  576 0  58 1 4 1 2 4 8
576 664  674 0  69 1 4 1 2 4 8
577 850  659 0  99 1 4 1 2 4 8
578 214  590 0  90 1 4 1 2 4 8
579 542  983 0  95 1 4 1 2 4 8
580 278  804 0  89 1 4 1 2 4 8
581 464  760 0  42 1 4 1 2 4 8
582  35  810 0  52 1 4 1 2 4 8
583 527   87 0  18 1 4 1 2 4 8
584  66  421 0  59 1 4 1 2 4 8
585 188   50 0  21 1 4 1 2 4 8
586 559  594 0   6 1 4 1 2 4 8
587 227  905 0  51 1 4 1 2 4 8
588 855  650 0  34 1 4 1 2 4 8
589 588  921 0  18 1 4 1 2 4 8
590 547  352 0 100 1 4 1 2 4 8
591 426  494 0  67 1 4 1 2 4 8
592 996  224 0  37 1 4 1 2 4 8
593 617  793 0  97 1 4 1 2 4 8
594 130  254 0  27 1 4 1 2 4 8
595 331   47 0  23 1 4 1 2 4 8
596  52  403 0   4 1 4 1 2 4 8
597 782  866 0  10 1 4 1 2 4 8
598 276  145 0  36 1 4 1 2 4 8
599 403  982 0  48 1 4 1 2 4 8
600 982  264 0  36 1 4 1 2 4 8
601 807   69 0  17 1 4 1 2 4 8
602 176  917 0  22 1 4 1 2 4 8
603 111  945 0  64 1 4 1 2 4 8
604 140  174 0   9 1 4 1 2 4 8
605 489  380 0  95 1 4 1 2 4 8
606 268  733 0  50 1 4 1 2 4 8
607 273  705 0  12 1 4 1 2 4 8
608 183  302 0  54 1 4 1 2 4 8
609 762   17 0  45 1 4 1 2 4 8
610 309  802 0   3 1 4 1 2 4 8
611 809  702 0  93 1 4 1 2 4 8
612 646  568 0  35 1 4 1 2 4 8
613 609  519 0  50 1 4 1 2 4 8
614 261  652 0  65 1 4 1 2 4 8
615 453  954 0  22 1 4 1 2 4 8
616 879  532 0  40 1 4 1 2 4 8
617 640  850 0  90 1 4 1 2 4 8
618 361  520 0  49 1 4 1 2 4 8
619 700  213 0  63 1 4 1 2 4 8
620 183  844 0  19 1 4 1 2 4 8
621 962  433 0  93 1 4 1 2 4 8
622  75   70 0  99 1 4 1 2 4 8
623 875  490 0  65 1 4 1 2 4 8
624 531  286 0  94 1 4 1 2 4 8
625 482  946 0  96 1 4 1 2 4 8
626 197  951 0  55 1 4 1 2 4 8
627 297  545 0   7 1 4 1 2 4 8
628 550  378 0  76 1 4 1 2 4 8
629 401  190 0  22 1 4 1 2 4 8
630  25  486 0  95 1 4 1 2 4 8
631 388  649 0  57 1 4 1 2 4 8
632 783  517 0  84 1 4 1 2 4 8
633 477  693 0  46 1 4 1 2 4 8
634 823  575 0  84 1 4 1 2 4 8
635   3  876 0   0 0 0
636 774  292 0   0 0 0
637 957  101 0   0 0 0
638 525  627 0   0 0 0
