2 90 682 8
0 256
0 256
0 256
0 256
0 256
0 256
0 256
0 256
  1   14  993 0 100 1 8 1 2 4 8 16 32 64 128
  2  772  431 0   7 1 8 1 2 4 8 16 32 64 128
  3   64  433 0  37 1 8 1 2 4 8 16 32 64 128
  4  674  873 0   4 1 8 1 2 4 8 16 32 64 128
  5  808  902 0  13 1 8 1 2 4 8 16 32 64 128
  6  867   91 0  93 1 8 1 2 4 8 16 32 64 128
  7  685  823 0  21 1 8 1 2 4 8 16 32 64 128
  8  184  232 0  75 1 8 1 2 4 8 16 32 64 128
  9  688  465 0  84 1 8 1 2 4 8 16 32 64 128
 10  297   40 0  69 1 8 1 2 4 8 16 32 64 128
 11  382   98 0  15 1 8 1 2 4 8 16 32 64 128
 12  418  248 0  36 1 8 1 2 4 8 16 32 64 128
 13  488   46 0  20 1 8 1 2 4 8 16 32 64 128
 14  600  150 0  61 1 8 1 2 4 8 16 32 64 128
 15  386  457 0  38 1 8 1 2 4 8 16 32 64 128
 16  580  221 0   4 1 8 1 2 4 8 16 32 64 128
 17  551  544 0  79 1 8 1 2 4 8 16 32 64 128
 18  543  862 0  59 1 8 1 2 4 8 16 32 64 128
 19  626  610 0  71 1 8 1 2 4 8 16 32 64 128
 20  147  962 0  99 1 8 1 2 4 8 16 32 64 128
 21   76  792 0  58 1 8 1 2 4 8 16 32 64 128
 22  147  196 0  55 1 8 1 2 4 8 16 32 64 128
 23  913  532 0  81 1 8 1 2 4 8 16 32 64 128
 24  419    8 0  40 1 8 1 2 4 8 16 32 64 128
 25  750   51 0  21 1 8 1 2 4 8 16 32 64 128
 26  282  471 0  54 1 8 1 2 4 8 16 32 64 128
 27  862  424 0  19 1 8 1 2 4 8 16 32 64 128
 28  522  270 0   4 1 8 1 2 4 8 16 32 64 128
 29  952  394 0  17 1 8 1 2 4 8 16 32 64 128
 30  147  108 0  38 1 8 1 2 4 8 16 32 64 128
 31  603  877 0  89 1 8 1 2 4 8 16 32 64 128
 32  491    3 0  79 1 8 1 2 4 8 16 32 64 128
 33  874  335 0  72 1 8 1 2 4 8 16 32 64 128
 34  402  365 0  64 1 8 1 2 4 8 16 32 64 128
 35  295  693 0  84 1 8 1 2 4 8 16 32 64 128
 36  382  485 0  87 1 8 1 2 4 8 16 32 64 128
 37  613  903 0  41 1 8 1 2 4 8 16 32 64 128
 38  347  287 0  43 1 8 1 2 4 8 16 32 64 128
 39  874   96 0  12 1 8 1 2 4 8 16 32 64 128
 40  894  425 0  11 1 8 1 2 4 8 16 32 64 128
 41  659  882 0  48 1 8 1 2 4 8 16 32 64 128
 42  614  207 0  95 1 8 1 2 4 8 16 32 64 128
 43  267  556 0  16 1 8 1 2 4 8 16 32 64 128
 44   85  131 0  90 1 8 1 2 4 8 16 32 64 128
 45  670   43 0  87 1 8 1 2 4 8 16 32 64 128
 46  980  793 0  67 1 8 1 2 4 8 16 32 64 128
 47  838   25 0  32 1 8 1 2 4 8 16 32 64 128
 48  625  582 0  88 1 8 1 2 4 8 16 32 64 128
 49  782  738 0   1 1 8 1 2 4 8 16 32 64 128
 50  193  789 0  88 1 8 1 2 4 8 16 32 64 128
 51  108  577 0  71 1 8 1 2 4 8 16 32 64 128
 52    9   10 0  12 1 8 1 2 4 8 16 32 64 128
 53  373  761 0  51 1 8 1 2 4 8 16 32 64 128
 54  676  651 0  97 1 8 1 2 4 8 16 32 64 128
 55  339  464 0  79 1 8 1 2 4 8 16 32 64 128
 56  673  604 0  75 1 8 1 2 4 8 16 32 64 128
 57  579  441 0  64 1 8 1 2 4 8 16 32 64 128
 58  797   17 0  86 1 8 1 2 4 8 16 32 64 128
 59  981  460 0  20 1 8 1 2 4 8 16 32 64 128
 60   92  809 0  89 1 8 1 2 4 8 16 32 64 128
 61  215  994 0  65 1 8 1 2 4 8 16 32 64 128
 62  221  916 0  72 1 8 1 2 4 8 16 32 64 128
 63  920  292 0  21 1 8 1 2 4 8 16 32 64 128
 64  201  881 0  67 1 8 1 2 4 8 16 32 64 128
 65  413  666 0  43 1 8 1 2 4 8 16 32 64 128
 66  725  313 0  46 1 8 1 2 4 8 16 32 64 128
 67  686  581 0   9 1 8 1 2 4 8 16 32 64 128
 68  882  626 0  52 1 8 1 2 4 8 16 32 64 128
 69  467  731 0  58 1 8 1 2 4 8 16 32 64 128
 70  599   11 0  67 1 8 1 2 4 8 16 32 64 128
 71  140  997 0  92 1 8 1 2 4 8 16 32 64 128
 72  312  972 0  45 1 8 1 2 4 8 16 32 64 128
 73  919   45 0  19 1 8 1 2 4 8 16 32 64 128
 74  817  594 0   1 1 8 1 2 4 8 16 32 64 128
 75  540  200 0  89 1 8 1 2 4 8 16 32 64 128
 76  455  787 0  72 1 8 1 2 4 8 16 32 64 128
 77  820  974 0  91 1 8 1 2 4 8 16 32 64 128
 78  501   34 0  15 1 8 1 2 4 8 16 32 64 128
 79  613  204 0  12 1 8 1 2 4 8 16 32 64 128
 80  708  236 0  64 1 8 1 2 4 8 16 32 64 128
 81  576  665 0  36 1 8 1 2 4 8 16 32 64 128
 82  375  497 0   4 1 8 1 2 4 8 16 32 64 128
 83  975  614 0  92 1 8 1 2 4 8 16 32 64 128
 84  184  481 0  83 1 8 1 2 4 8 16 32 64 128
 85  127  702 0  85 1 8 1 2 4 8 16 32 64 128
 86  516  997 0 100 1 8 1 2 4 8 16 32 64 128
 87  383   20 0  65 1 8 1 2 4 8 16 32 64 128
 88   50  721 0  49 1 8 1 2 4 8 16 32 64 128
 89   89  710 0  86 1 8 1 2 4 8 16 32 64 128
 90  421  688 0  21 1 8 1 2 4 8 16 32 64 128
 91  200  767 0  55 1 8 1 2 4 8 16 32 64 128
 92  126 1000 0   7 1 8 1 2 4 8 16 32 64 128
 93  707    9 0  82 1 8 1 2 4 8 16 32 64 128
 94  868  357 0  97 1 8 1 2 4 8 16 32 64 128
 95  225  848 0  17 1 8 1 2 4 8 16 32 64 128
 96  873  751 0  63 1 8 1 2 4 8 16 32 64 128
 97  839  203 0  80 1 8 1 2 4 8 16 32 64 128
 98  988  927 0  16 1 8 1 2 4 8 16 32 64 128
 99  422  755 0  21 1 8 1 2 4 8 16 32 64 128
100  272  951 0  66 1 8 1 2 4 8 16 32 64 128
101   42  867 0  89 1 8 1 2 4 8 16 32 64 128
102   57  726 0  48 1 8 1 2 4 8 16 32 64 128
103  439    3 0  77 1 8 1 2 4 8 16 32 64 128
104  802  623 0  61 1 8 1 2 4 8 16 32 64 128
105  464  997 0  72 1 8 1 2 4 8 16 32 64 128
106  199  759 0  22 1 8 1 2 4 8 16 32 64 128
107  449  714 0  43 1 8 1 2 4 8 16 32 64 128
108  311  885 0  31 1 8 1 2 4 8 16 32 64 128
109  386  143 0  93 1 8 1 2 4 8 16 32 64 128
110  797  348 0  72 1 8 1 2 4 8 16 32 64 128
111  948  986 0  67 1 8 1 2 4 8 16 32 64 128
112  980   65 0  23 1 8 1 2 4 8 16 32 64 128
113   15  481 0  68 1 8 1 2 4 8 16 32 64 128
114   69  551 0  98 1 8 1 2 4 8 16 32 64 128
115  243  195 0  78 1 8 1 2 4 8 16 32 64 128
116  193   15 0  88 1 8 1 2 4 8 16 32 64 128
117  438  820 0  24 1 8 1 2 4 8 16 32 64 128
118  964  451 0  49 1 8 1 2 4 8 16 32 64 128
119  916  173 0  67 1 8 1 2 4 8 16 32 64 128
120  923   38 0  94 1 8 1 2 4 8 16 32 64 128
121  957  756 0  47 1 8 1 2 4 8 16 32 64 128
122  733  397 0   7 1 8 1 2 4 8 16 32 64 128
123  766  526 0  21 1 8 1 2 4 8 16 32 64 128
124  560  945 0  58 1 8 1 2 4 8 16 32 64 128
125  544   96 0  60 1 8 1 2 4 8 16 32 64 128
126  289  135 0  61 1 8 1 2 4 8 16 32 64 128
127  449  312 0  49 1 8 1 2 4 8 16 32 64 128
128  440  716 0  21 1 8 1 2 4 8 16 32 64 128
129  412  838 0  25 1 8 1 2 4 8 16 32 64 128
130  333  313 0  98 1 8 1 2 4 8 16 32 64 128
131  861  220 0  43 1 8 1 2 4 8 16 32 64 128
132  687  974 0  94 1 8 1 2 4 8 16 32 64 128
133  230  708 0  50 1 8 1 2 4 8 16 32 64 128
134  432  170 0  33 1 8 1 2 4 8 16 32 64 128
135  956  155 0  51 1 8 1 2 4 8 16 32 64 128
136  486  780 0  91 1 8 1 2 4 8 16 32 64 128
137  381   59 0  99 1 8 1 2 4 8 16 32 64 128
138  991  466 0  18 1 8 1 2 4 8 16 32 64 128
139  624  443 0  86 1 8 1 2 4 8 16 32 64 128
140  162  339 0  91 1 8 1 2 4 8 16 32 64 128
141  765   25 0  38 1 8 1 2 4 8 16 32 64 128
142  326  385 0  97 1 8 1 2 4 8 16 32 64 128
143  281  994 0  57 1 8 1 2 4 8 16 32 64 128
144  809  926 0  82 1 8 1 2 4 8 16 32 64 128
145  310  434 0  17 1 8 1 2 4 8 16 32 64 128
146  437  331 0  21 1 8 1 2 4 8 16 32 64 128
147  293  415 0  51 1 8 1 2 4 8 16 32 64 128
148   55  645 0  14 1 8 1 2 4 8 16 32 64 128
149  821  239 0  24 1 8 1 2 4 8 16 32 64 128
150  829  840 0  81 1 8 1 2 4 8 16 32 64 128
151  192  100 0  13 1 8 1 2 4 8 16 32 64 128
152  251  565 0  61 1 8 1 2 4 8 16 32 64 128
153  701  840 0  44 1 8 1 2 4 8 16 32 64 128
154  122  638 0  22 1 8 1 2 4 8 16 32 64 128
155  715  716 0  21 1 8 1 2 4 8 16 32 64 128
156  642  962 0  41 1 8 1 2 4 8 16 32 64 128
157  886  650 0  18 1 8 1 2 4 8 16 32 64 128
158    1   61 0  30 1 8 1 2 4 8 16 32 64 128
159  156  175 0  22 1 8 1 2 4 8 16 32 64 128
160  279  397 0   1 1 8 1 2 4 8 16 32 64 128
161  886  606 0  73 1 8 1 2 4 8 16 32 64 128
162   56  893 0  90 1 8 1 2 4 8 16 32 64 128
163  647  978 0   3 1 8 1 2 4 8 16 32 64 128
164  669  657 0  25 1 8 1 2 4 8 16 32 64 128
165  303  697 0  87 1 8 1 2 4 8 16 32 64 128
166  711  397 0  80 1 8 1 2 4 8 16 32 64 128
167  797  941 0  13 1 8 1 2 4 8 16 32 64 128
168  720  892 0 100 1 8 1 2 4 8 16 32 64 128
169  757  692 0  62 1 8 1 2 4 8 16 32 64 128
170  977  258 0  60 1 8 1 2 4 8 16 32 64 128
171  541  835 0  51 1 8 1 2 4 8 16 32 64 128
172  350  214 0  28 1 8 1 2 4 8 16 32 64 128
173  860  696 0  18 1 8 1 2 4 8 16 32 64 128
174  992  903 0  82 1 8 1 2 4 8 16 32 64 128
175  679  345 0  28 1 8 1 2 4 8 16 32 64 128
176  145  893 0  40 1 8 1 2 4 8 16 32 64 128
177  973  289 0  78 1 8 1 2 4 8 16 32 64 128
178  301  644 0  25 1 8 1 2 4 8 16 32 64 128
179  315  390 0  69 1 8 1 2 4 8 16 32 64 128
180 1000  957 0  95 1 8 1 2 4 8 16 32 64 128
181  827  362 0  82 1 8 1 2 4 8 16 32 64 128
182  666  184 0  21 1 8 1 2 4 8 16 32 64 128
183  696  626 0   8 1 8 1 2 4 8 16 32 64 128
184  100  268 0  91 1 8 1 2 4 8 16 32 64 128
185   93  358 0  95 1 8 1 2 4 8 16 32 64 128
186  864  427 0  88 1 8 1 2 4 8 16 32 64 128
187  356  614 0  60 1 8 1 2 4 8 16 32 64 128
188  532  484 0  31 1 8 1 2 4 8 16 32 64 128
189  625  500 0  29 1 8 1 2 4 8 16 32 64 128
190  857  324 0  68 1 8 1 2 4 8 16 32 64 128
191  545  238 0  67 1 8 1 2 4 8 16 32 64 128
192  257  464 0  47 1 8 1 2 4 8 16 32 64 128
193   91  697 0  99 1 8 1 2 4 8 16 32 64 128
194  310  653 0  75 1 8 1 2 4 8 16 32 64 128
195  880  759 0  19 1 8 1 2 4 8 16 32 64 128
196  234  514 0  71 1 8 1 2 4 8 16 32 64 128
197  999  708 0  47 1 8 1 2 4 8 16 32 64 128
198  109  327 0 100 1 8 1 2 4 8 16 32 64 128
199  804  118 0  87 1 8 1 2 4 8 16 32 64 128
200   28  287 0  48 1 8 1 2 4 8 16 32 64 128
201  851  848 0  65 1 8 1 2 4 8 16 32 64 128
202  635  283 0  75 1 8 1 2 4 8 16 32 64 128
203  220  859 0  58 1 8 1 2 4 8 16 32 64 128
204  497  505 0   1 1 8 1 2 4 8 16 32 64 128
205  189  851 0  10 1 8 1 2 4 8 16 32 64 128
206  937  377 0  51 1 8 1 2 4 8 16 32 64 128
207  862  970 0  54 1 8 1 2 4 8 16 32 64 128
208  748   48 0  38 1 8 1 2 4 8 16 32 64 128
209  785  155 0   9 1 8 1 2 4 8 16 32 64 128
210  697  708 0  48 1 8 1 2 4 8 16 32 64 128
211  662  268 0   8 1 8 1 2 4 8 16 32 64 128
212   68  391 0  30 1 8 1 2 4 8 16 32 64 128
213  852  454 0   5 1 8 1 2 4 8 16 32 64 128
214  134  444 0  12 1 8 1 2 4 8 16 32 64 128
215  679  557 0  87 1 8 1 2 4 8 16 32 64 128
216  605   96 0  51 1 8 1 2 4 8 16 32 64 128
217  416   37 0  59 1 8 1 2 4 8 16 32 64 128
218  316  681 0  97 1 8 1 2 4 8 16 32 64 128
219  501  246 0  89 1 8 1 2 4 8 16 32 64 128
220  259   37 0  45 1 8 1 2 4 8 16 32 64 128
221  614  436 0   2 1 8 1 2 4 8 16 32 64 128
222  367  561 0   2 1 8 1 2 4 8 16 32 64 128
223  698  830 0   3 1 8 1 2 4 8 16 32 64 128
224  561  179 0  90 1 8 1 2 4 8 16 32 64 128
225  716  740 0  25 1 8 1 2 4 8 16 32 64 128
226  456  927 0  79 1 8 1 2 4 8 16 32 64 128
227  821  622 0  17 1 8 1 2 4 8 16 32 64 128
228  199  289 0  82 1 8 1 2 4 8 16 32 64 128
229  560  372 0  22 1 8 1 2 4 8 16 32 64 128
230  356  899 0   4 1 8 1 2 4 8 16 32 64 128
231  853  354 0  38 1 8 1 2 4 8 16 32 64 128
232  887  407 0  22 1 8 1 2 4 8 16 32 64 128
233  722  701 0  82 1 8 1 2 4 8 16 32 64 128
234  355  239 0  94 1 8 1 2 4 8 16 32 64 128
235  438  174 0  67 1 8 1 2 4 8 16 32 64 128
236   11  705 0  95 1 8 1 2 4 8 16 32 64 128
237  821  449 0  11 1 8 1 2 4 8 16 32 64 128
238  355  619 0  34 1 8 1 2 4 8 16 32 64 128
239  592  562 0  38 1 8 1 2 4 8 16 32 64 128
240  194  916 0  19 1 8 1 2 4 8 16 32 64 128
241  524  764 0  41 1 8 1 2 4 8 16 32 64 128
242   24   63 0   5 1 8 1 2 4 8 16 32 64 128
243  118   70 0  31 1 8 1 2 4 8 16 32 64 128
244   63  663 0  24 1 8 1 2 4 8 16 32 64 128
245  955  746 0  39 1 8 1 2 4 8 16 32 64 128
246  855  760 0  83 1 8 1 2 4 8 16 32 64 128
247  389  943 0  13 1 8 1 2 4 8 16 32 64 128
248  704  432 0  56 1 8 1 2 4 8 16 32 64 128
249  416  630 0  20 1 8 1 2 4 8 16 32 64 128
250  453  576 0  99 1 8 1 2 4 8 16 32 64 128
251  411   26 0  77 1 8 1 2 4 8 16 32 64 128
252  713  355 0  38 1 8 1 2 4 8 16 32 64 128
253  109  309 0  76 1 8 1 2 4 8 16 32 64 128
254  429  751 0  40 1 8 1 2 4 8 16 32 64 128
255   21  909 0   3 1 8 1 2 4 8 16 32 64 128
256  660  578 0  35 1 8 1 2 4 8 16 32 64 128
257  461  554 0  98 1 8 1 2 4 8 16 32 64 128
258  621  246 0  73 1 8 1 2 4 8 16 32 64 128
259  687  671 0  59 1 8 1 2 4 8 16 32 64 128
260  606   46 0  18 1 8 1 2 4 8 16 32 64 128
261  370    4 0  91 1 8 1 2 4 8 16 32 64 128
262  218   64 0 100 1 8 1 2 4 8 16 32 64 128
263  496  817 0   1 1 8 1 2 4 8 16 32 64 128
264  753  901 0  14 1 8 1 2 4 8 16 32 64 128
265  145  332 0  39 1 8 1 2 4 8 16 32 64 128
266   52  589 0  37 1 8 1 2 4 8 16 32 64 128
267  363  953 0  46 1 8 1 2 4 8 16 32 64 128
268  109  156 0  34 1 8 1 2 4 8 16 32 64 128
269  995  839 0  70 1 8 1 2 4 8 16 32 64 128
270  564  359 0   3 1 8 1 2 4 8 16 32 64 128
271  892  734 0  60 1 8 1 2 4 8 16 32 64 128
272   84  275 0  73 1 8 1 2 4 8 16 32 64 128
273  759   37 0  25 1 8 1 2 4 8 16 32 64 128
274  775  792 0  89 1 8 1 2 4 8 16 32 64 128
275  831  914 0  77 1 8 1 2 4 8 16 32 64 128
276  175  513 0  85 1 8 1 2 4 8 16 32 64 128
277  660   54 0  60 1 8 1 2 4 8 16 32 64 128
278  227  343 0  31 1 8 1 2 4 8 16 32 64 128
279   35  694 0   8 1 8 1 2 4 8 16 32 64 128
280  315   58 0  69 1 8 1 2 4 8 16 32 64 128
281  863  461 0  41 1 8 1 2 4 8 16 32 64 128
282  792  158 0  69 1 8 1 2 4 8 16 32 64 128
283    5  344 0  74 1 8 1 2 4 8 16 32 64 128
284  545  441 0  79 1 8 1 2 4 8 16 32 64 128
285   20  233 0   1 1 8 1 2 4 8 16 32 64 128
286  294  988 0   8 1 8 1 2 4 8 16 32 64 128
287  690  440 0  49 1 8 1 2 4 8 16 32 64 128
288  367  651 0  90 1 8 1 2 4 8 16 32 64 128
289  550  440 0  85 1 8 1 2 4 8 16 32 64 128
290   84  446 0  74 1 8 1 2 4 8 16 32 64 128
291  996  974 0  40 1 8 1 2 4 8 16 32 64 128
292  799  767 0  74 1 8 1 2 4 8 16 32 64 128
293  571  594 0  40 1 8 1 2 4 8 16 32 64 128
294  795  407 0  86 1 8 1 2 4 8 16 32 64 128
295  738  458 0   1 1 8 1 2 4 8 16 32 64 128
296  619  194 0  52 1 8 1 2 4 8 16 32 64 128
297   46  807 0  71 1 8 1 2 4 8 16 32 64 128
298  999  155 0  88 1 8 1 2 4 8 16 32 64 128
299  156  797 0  31 1 8 1 2 4 8 16 32 64 128
300   56  832 0  72 1 8 1 2 4 8 16 32 64 128
301  786  407 0  58 1 8 1 2 4 8 16 32 64 128
302  161  761 0  39 1 8 1 2 4 8 16 32 64 128
303  752  903 0   4 1 8 1 2 4 8 16 32 64 128
304  721   24 0  95 1 8 1 2 4 8 16 32 64 128
305  329  648 0  93 1 8 1 2 4 8 16 32 64 128
306  108   55 0  32 1 8 1 2 4 8 16 32 64 128
307  411  323 0  15 1 8 1 2 4 8 16 32 64 128
308  989  366 0  71 1 8 1 2 4 8 16 32 64 128
309  615  199 0  34 1 8 1 2 4 8 16 32 64 128
310  768   78 0  88 1 8 1 2 4 8 16 32 64 128
311  126  386 0  99 1 8 1 2 4 8 16 32 64 128
312   24  927 0  97 1 8 1 2 4 8 16 32 64 128
313  849  921 0   7 1 8 1 2 4 8 16 32 64 128
314  306  140 0  82 1 8 1 2 4 8 16 32 64 128
315 1000  809 0  43 1 8 1 2 4 8 16 32 64 128
316  884  975 0  64 1 8 1 2 4 8 16 32 64 128
317   44  868 0  52 1 8 1 2 4 8 16 32 64 128
318  605   67 0  95 1 8 1 2 4 8 16 32 64 128
319  873  100 0  92 1 8 1 2 4 8 16 32 64 128
320  556  778 0  79 1 8 1 2 4 8 16 32 64 128
321  239  225 0  28 1 8 1 2 4 8 16 32 64 128
322  522  696 0  75 1 8 1 2 4 8 16 32 64 128
323  147  618 0  63 1 8 1 2 4 8 16 32 64 128
324  595  799 0  63 1 8 1 2 4 8 16 32 64 128
325  238  408 0  35 1 8 1 2 4 8 16 32 64 128
326  893  424 0  57 1 8 1 2 4 8 16 32 64 128
327  335  344 0  41 1 8 1 2 4 8 16 32 64 128
328  118  674 0  97 1 8 1 2 4 8 16 32 64 128
329  904  720 0  97 1 8 1 2 4 8 16 32 64 128
330   38  242 0  30 1 8 1 2 4 8 16 32 64 128
331  363  167 0  60 1 8 1 2 4 8 16 32 64 128
332  784  705 0  21 1 8 1 2 4 8 16 32 64 128
333  648  119 0  20 1 8 1 2 4 8 16 32 64 128
334  271  970 0  61 1 8 1 2 4 8 16 32 64 128
335  610  957 0  48 1 8 1 2 4 8 16 32 64 128
336  477  937 0  61 1 8 1 2 4 8 16 32 64 128
337  710    7 0  61 1 8 1 2 4 8 16 32 64 128
338  545  777 0  60 1 8 1 2 4 8 16 32 64 128
339  258  597 0  61 1 8 1 2 4 8 16 32 64 128
340  617  264 0  67 1 8 1 2 4 8 16 32 64 128
341  358  481 0  49 1 8 1 2 4 8 16 32 64 128
342  568  941 0  52 1 8 1 2 4 8 16 32 64 128
343  262  972 0   9 1 8 1 2 4 8 16 32 64 128
344  378  251 0  99 1 8 1 2 4 8 16 32 64 128
345  433  469 0  38 1 8 1 2 4 8 16 32 64 128
346  755  366 0  49 1 8 1 2 4 8 16 32 64 128
347  747  236 0  45 1 8 1 2 4 8 16 32 64 128
348   23  572 0  46 1 8 1 2 4 8 16 32 64 128
349  638   73 0  23 1 8 1 2 4 8 16 32 64 128
350  707  467 0  92 1 8 1 2 4 8 16 32 64 128
351  881  872 0  34 1 8 1 2 4 8 16 32 64 128
352  849 1000 0  30 1 8 1 2 4 8 16 32 64 128
353  387  702 0   4 1 8 1 2 4 8 16 32 64 128
354  729  170 0  43 1 8 1 2 4 8 16 32 64 128
355   89  810 0  81 1 8 1 2 4 8 16 32 64 128
356  319   43 0  73 1 8 1 2 4 8 16 32 64 128
357  215  311 0  85 1 8 1 2 4 8 16 32 64 128
358  170   43 0  16 1 8 1 2 4 8 16 32 64 128
359  335  497 0  98 1 8 1 2 4 8 16 32 64 128
360  300   90 0  93 1 8 1 2 4 8 16 32 64 128
361  474  695 0  58 1 8 1 2 4 8 16 32 64 128
362  764  879 0  30 1 8 1 2 4 8 16 32 64 128
363  846  937 0  60 1 8 1 2 4 8 16 32 64 128
364  623  630 0  86 1 8 1 2 4 8 16 32 64 128
365  651  763 0  92 1 8 1 2 4 8 16 32 64 128
366  456  324 0  29 1 8 1 2 4 8 16 32 64 128
367  861  466 0  20 1 8 1 2 4 8 16 32 64 128
368  984  572 0  20 1 8 1 2 4 8 16 32 64 128
369  121  625 0  76 1 8 1 2 4 8 16 32 64 128
370  879  162 0  82 1 8 1 2 4 8 16 32 64 128
371  153  497 0  29 1 8 1 2 4 8 16 32 64 128
372  486  633 0  23 1 8 1 2 4 8 16 32 64 128
373   77  939 0  24 1 8 1 2 4 8 16 32 64 128
374  605  948 0   8 1 8 1 2 4 8 16 32 64 128
375  520  914 0  80 1 8 1 2 4 8 16 32 64 128
376  626  651 0  23 1 8 1 2 4 8 16 32 64 128
377   64  754 0  45 1 8 1 2 4 8 16 32 64 128
378  403  581 0  31 1 8 1 2 4 8 16 32 64 128
379  186  364 0  26 1 8 1 2 4 8 16 32 64 128
380  287  614 0  65 1 8 1 2 4 8 16 32 64 128
381  927  712 0  40 1 8 1 2 4 8 16 32 64 128
382  819  180 0  23 1 8 1 2 4 8 16 32 64 128
383  917  663 0  66 1 8 1 2 4 8 16 32 64 128
384  295  666 0   6 1 8 1 2 4 8 16 32 64 128
385   55  993 0  15 1 8 1 2 4 8 16 32 64 128
386  651  899 0  14 1 8 1 2 4 8 16 32 64 128
387  628  803 0  95 1 8 1 2 4 8 16 32 64 128
388  714  787 0  28 1 8 1 2 4 8 16 32 64 128
389  858  831 0  84 1 8 1 2 4 8 16 32 64 128
390  837  659 0   1 1 8 1 2 4 8 16 32 64 128
391  183  515 0   5 1 8 1 2 4 8 16 32 64 128
392  413  265 0  93 1 8 1 2 4 8 16 32 64 128
393  930  493 0  69 1 8 1 2 4 8 16 32 64 128
394  135  920 0  21 1 8 1 2 4 8 16 32 64 128
395  867  159 0  87 1 8 1 2 4 8 16 32 64 128
396  390  998 0  77 1 8 1 2 4 8 16 32 64 128
397  389  304 0  60 1 8 1 2 4 8 16 32 64 128
398  986  454 0  56 1 8 1 2 4 8 16 32 64 128
399  391  356 0   4 1 8 1 2 4 8 16 32 64 128
400  894  133 0  32 1 8 1 2 4 8 16 32 64 128
401   37  374 0  45 1 8 1 2 4 8 16 32 64 128
402  902  761 0  62 1 8 1 2 4 8 16 32 64 128
403  657  751 0  29 1 8 1 2 4 8 16 32 64 128
404  235  798 0  56 1 8 1 2 4 8 16 32 64 128
405  266  417 0  79 1 8 1 2 4 8 16 32 64 128
406  207  703 0  97 1 8 1 2 4 8 16 32 64 128
407  707  103 0  91 1 8 1 2 4 8 16 32 64 128
408  296  682 0  24 1 8 1 2 4 8 16 32 64 128
409  450  389 0  24 1 8 1 2 4 8 16 32 64 128
410  640  347 0  20 1 8 1 2 4 8 16 32 64 128
411  165  618 0   8 1 8 1 2 4 8 16 32 64 128
412  136   38 0  19 1 8 1 2 4 8 16 32 64 128
413  775  325 0  28 1 8 1 2 4 8 16 32 64 128
414  777  686 0  90 1 8 1 2 4 8 16 32 64 128
415  398  694 0  55 1 8 1 2 4 8 16 32 64 128
416  404  220 0  85 1 8 1 2 4 8 16 32 64 128
417  277  925 0  36 1 8 1 2 4 8 16 32 64 128
418  708  331 0  85 1 8 1 2 4 8 16 32 64 128
419  681   50 0  47 1 8 1 2 4 8 16 32 64 128
420  199  925 0  52 1 8 1 2 4 8 16 32 64 128
421  304  329 0  71 1 8 1 2 4 8 16 32 64 128
422  446  354 0  27 1 8 1 2 4 8 16 32 64 128
423  415  977 0  68 1 8 1 2 4 8 16 32 64 128
424  945  794 0  81 1 8 1 2 4 8 16 32 64 128
425  936  260 0  43 1 8 1 2 4 8 16 32 64 128
426  376  145 0  66 1 8 1 2 4 8 16 32 64 128
427  613  214 0  69 1 8 1 2 4 8 16 32 64 128
428  369  835 0  22 1 8 1 2 4 8 16 32 64 128
429  950  506 0  78 1 8 1 2 4 8 16 32 64 128
430  404  171 0  76 1 8 1 2 4 8 16 32 64 128
431  316  431 0  88 1 8 1 2 4 8 16 32 64 128
432  354  898 0 100 1 8 1 2 4 8 16 32 64 128
433  782  936 0  88 1 8 1 2 4 8 16 32 64 128
434  369  822 0  96 1 8 1 2 4 8 16 32 64 128
435  909  756 0  72 1 8 1 2 4 8 16 32 64 128
436  214  748 0  26 1 8 1 2 4 8 16 32 64 128
437  530  702 0  67 1 8 1 2 4 8 16 32 64 128
438  890  258 0  87 1 8 1 2 4 8 16 32 64 128
439  630   48 0  83 1 8 1 2 4 8 16 32 64 128
440  518  669 0  52 1 8 1 2 4 8 16 32 64 128
441  393   96 0  79 1 8 1 2 4 8 16 32 64 128
442  112  987 0  28 1 8 1 2 4 8 16 32 64 128
443  456  716 0  75 1 8 1 2 4 8 16 32 64 128
444  556  966 0  83 1 8 1 2 4 8 16 32 64 128
445   48  469 0  39 1 8 1 2 4 8 16 32 64 128
446  946  495 0  55 1 8 1 2 4 8 16 32 64 128
447  505  944 0  52 1 8 1 2 4 8 16 32 64 128
448   88  781 0   4 1 8 1 2 4 8 16 32 64 128
449  224   69 0  35 1 8 1 2 4 8 16 32 64 128
450   98  183 0  44 1 8 1 2 4 8 16 32 64 128
451  248  574 0  48 1 8 1 2 4 8 16 32 64 128
452  433   10 0  66 1 8 1 2 4 8 16 32 64 128
453  418  225 0  10 1 8 1 2 4 8 16 32 64 128
454  149  840 0  92 1 8 1 2 4 8 16 32 64 128
455  650  535 0  54 1 8 1 2 4 8 16 32 64 128
456  216  294 0  68 1 8 1 2 4 8 16 32 64 128
457  104  590 0  81 1 8 1 2 4 8 16 32 64 128
458  601  804 0  12 1 8 1 2 4 8 16 32 64 128
459  402  941 0  18 1 8 1 2 4 8 16 32 64 128
460   73  354 0  35 1 8 1 2 4 8 16 32 64 128
461  395   39 0  33 1 8 1 2 4 8 16 32 64 128
462  919  975 0  19 1 8 1 2 4 8 16 32 64 128
463  619  513 0  41 1 8 1 2 4 8 16 32 64 128
464  122  383 0  98 1 8 1 2 4 8 16 32 64 128
465  591  270 0  79 1 8 1 2 4 8 16 32 64 128
466  940  529 0  99 1 8 1 2 4 8 16 32 64 128
467  267  837 0  30 1 8 1 2 4 8 16 32 64 128
468  340  942 0  12 1 8 1 2 4 8 16 32 64 128
469  708   43 0  85 1 8 1 2 4 8 16 32 64 128
470   95  483 0  81 1 8 1 2 4 8 16 32 64 128
471  840  934 0  39 1 8 1 2 4 8 16 32 64 128
472  140  932 0  78 1 8 1 2 4 8 16 32 64 128
473  900  736 0  56 1 8 1 2 4 8 16 32 64 128
474  112   36 0  69 1 8 1 2 4 8 16 32 64 128
475  737  148 0  81 1 8 1 2 4 8 16 32 64 128
476  807  364 0  72 1 8 1 2 4 8 16 32 64 128
477  833  595 0  53 1 8 1 2 4 8 16 32 64 128
478  458  158 0  80 1 8 1 2 4 8 16 32 64 128
479  100  280 0  42 1 8 1 2 4 8 16 32 64 128
480  765   34 0  39 1 8 1 2 4 8 16 32 64 128
481  812  437 0  26 1 8 1 2 4 8 16 32 64 128
482  363  464 0  59 1 8 1 2 4 8 16 32 64 128
483  768  761 0  44 1 8 1 2 4 8 16 32 64 128
484  789  867 0  85 1 8 1 2 4 8 16 32 64 128
485  799  707 0  97 1 8 1 2 4 8 16 32 64 128
486  817   38 0  27 1 8 1 2 4 8 16 32 64 128
487  278  436 0  16 1 8 1 2 4 8 16 32 64 128
488  407  463 0  92 1 8 1 2 4 8 16 32 64 128
489  802  662 0   2 1 8 1 2 4 8 16 32 64 128
490  991  154 0  53 1 8 1 2 4 8 16 32 64 128
491  702  234 0  51 1 8 1 2 4 8 16 32 64 128
492  180  126 0  36 1 8 1 2 4 8 16 32 64 128
493  714  656 0  18 1 8 1 2 4 8 16 32 64 128
494  989  212 0  64 1 8 1 2 4 8 16 32 64 128
495  198  878 0  74 1 8 1 2 4 8 16 32 64 128
496  688  728 0  89 1 8 1 2 4 8 16 32 64 128
497  234  532 0  44 1 8 1 2 4 8 16 32 64 128
498  100  124 0  16 1 8 1 2 4 8 16 32 64 128
499  921  846 0  47 1 8 1 2 4 8 16 32 64 128
500  642  943 0  82 1 8 1 2 4 8 16 32 64 128
501  852  522 0  86 1 8 1 2 4 8 16 32 64 128
502  545  107 0  31 1 8 1 2 4 8 16 32 64 128
503  380  399 0  20 1 8 1 2 4 8 16 32 64 128
504  283  989 0  55 1 8 1 2 4 8 16 32 64 128
505    6  623 0  81 1 8 1 2 4 8 16 32 64 128
506  983  758 0  33 1 8 1 2 4 8 16 32 64 128
507  426  942 0  42 1 8 1 2 4 8 16 32 64 128
508  859   44 0  50 1 8 1 2 4 8 16 32 64 128
509   31  292 0  54 1 8 1 2 4 8 16 32 64 128
510  798  977 0  43 1 8 1 2 4 8 16 32 64 128
511  704  328 0  13 1 8 1 2 4 8 16 32 64 128
512  639  311 0  14 1 8 1 2 4 8 16 32 64 128
513   34  836 0  37 1 8 1 2 4 8 16 32 64 128
514  127  920 0  31 1 8 1 2 4 8 16 32 64 128
515  145   64 0  42 1 8 1 2 4 8 16 32 64 128
516  115  563 0  93 1 8 1 2 4 8 16 32 64 128
517  126  509 0  44 1 8 1 2 4 8 16 32 64 128
518  576  299 0   5 1 8 1 2 4 8 16 32 64 128
519  725  879 0  66 1 8 1 2 4 8 16 32 64 128
520  272  743 0  29 1 8 1 2 4 8 16 32 64 128
521  673  145 0  29 1 8 1 2 4 8 16 32 64 128
522  826  156 0  69 1 8 1 2 4 8 16 32 64 128
523  239  104 0  16 1 8 1 2 4 8 16 32 64 128
524  389    0 0  46 1 8 1 2 4 8 16 32 64 128
525  538  262 0  47 1 8 1 2 4 8 16 32 64 128
526  509  225 0  38 1 8 1 2 4 8 16 32 64 128
527  448  835 0  97 1 8 1 2 4 8 16 32 64 128
528  139  619 0 100 1 8 1 2 4 8 16 32 64 128
529  541  852 0  18 1 8 1 2 4 8 16 32 64 128
530  718  234 0   1 1 8 1 2 4 8 16 32 64 128
531  556  140 0  11 1 8 1 2 4 8 16 32 64 128
532  884  546 0   4 1 8 1 2 4 8 16 32 64 128
533  790  371 0  21 1 8 1 2 4 8 16 32 64 128
534  201   51 0  73 1 8 1 2 4 8 16 32 64 128
535   21  727 0  61 1 8 1 2 4 8 16 32 64 128
536  494  237 0  96 1 8 1 2 4 8 16 32 64 128
537  155  254 0  46 1 8 1 2 4 8 16 32 64 128
538  209  405 0  42 1 8 1 2 4 8 16 32 64 128
539  901  274 0  94 1 8 1 2 4 8 16 32 64 128
540  110  470 0  79 1 8 1 2 4 8 16 32 64 128
541   50  401 0  99 1 8 1 2 4 8 16 32 64 128
542  235  836 0  96 1 8 1 2 4 8 16 32 64 128
543  579  831 0  20 1 8 1 2 4 8 16 32 64 128
544  927  359 0   9 1 8 1 2 4 8 16 32 64 128
545  486  976 0  98 1 8 1 2 4 8 16 32 64 128
546  117  101 0  80 1 8 1 2 4 8 16 32 64 128
547  690  288 0  80 1 8 1 2 4 8 16 32 64 128
548  818  384 0  78 1 8 1 2 4 8 16 32 64 128
549  983  602 0  29 1 8 1 2 4 8 16 32 64 128
550   41  851 0  95 1 8 1 2 4 8 16 32 64 128
551   74  633 0  71 1 8 1 2 4 8 16 32 64 128
552  894  186 0  28 1 8 1 2 4 8 16 32 64 128
553  724  738 0  84 1 8 1 2 4 8 16 32 64 128
554  911   19 0  27 1 8 1 2 4 8 16 32 64 128
555  950   19 0  59 1 8 1 2 4 8 16 32 64 128
556  757  179 0  93 1 8 1 2 4 8 16 32 64 128
557  669  906 0  77 1 8 1 2 4 8 16 32 64 128
558  980  354 0  19 1 8 1 2 4 8 16 32 64 128
559  303   54 0  84 1 8 1 2 4 8 16 32 64 128
560  555  260 0  61 1 8 1 2 4 8 16 32 64 128
561  524  123 0  99 1 8 1 2 4 8 16 32 64 128
562  721  770 0  18 1 8 1 2 4 8 16 32 64 128
563  243  630 0  48 1 8 1 2 4 8 16 32 64 128
564  128  915 0  31 1 8 1 2 4 8 16 32 64 128
565  945  648 0  23 1 8 1 2 4 8 16 32 64 128
566  790  450 0  29 1 8 1 2 4 8 16 32 64 128
567  439   59 0  70 1 8 1 2 4 8 16 32 64 128
568  246  662 0  22 1 8 1 2 4 8 16 32 64 128
569  958  370 0  87 1 8 1 2 4 8 16 32 64 128
570  289  937 0  65 1 8 1 2 4 8 16 32 64 128
571  114  246 0  22 1 8 1 2 4 8 16 32 64 128
572  158  583 0  42 1 8 1 2 4 8 16 32 64 128
573  460  749 0  74 1 8 1 2 4 8 16 32 64 128
574  426  831 0  52 1 8 1 2 4 8 16 32 64 128
575  919  982 0  85 1 8 1 2 4 8 16 32 64 128
576  416  222 0  77 1 8 1 2 4 8 16 32 64 128
577  196  364 0  94 1 8 1 2 4 8 16 32 64 128
578   45  165 0  31 1 8 1 2 4 8 16 32 64 128
579  204  606 0  97 1 8 1 2 4 8 16 32 64 128
580  263  798 0  73 1 8 1 2 4 8 16 32 64 128
581  117  509 0  17 1 8 1 2 4 8 16 32 64 128
582  678  244 0  42 1 8 1 2 4 8 16 32 64 128
583  290  747 0  40 1 8 1 2 4 8 16 32 64 128
584  104  615 0  20 1 8 1 2 4 8 16 32 64 128
585  708  372 0  27 1 8 1 2 4 8 16 32 64 128
586  345  418 0  25 1 8 1 2 4 8 16 32 64 128
587  602  375 0  14 1 8 1 2 4 8 16 32 64 128
588  520  445 0  44 1 8 1 2 4 8 16 32 64 128
589  469  816 0  15 1 8 1 2 4 8 16 32 64 128
590  991  659 0  84 1 8 1 2 4 8 16 32 64 128
591  948  396 0  50 1 8 1 2 4 8 16 32 64 128
592   30  536 0  63 1 8 1 2 4 8 16 32 64 128
593  737  113 0  36 1 8 1 2 4 8 16 32 64 128
594  181  452 0  77 1 8 1 2 4 8 16 32 64 128
595  653  930 0  15 1 8 1 2 4 8 16 32 64 128
596  931  191 0  69 1 8 1 2 4 8 16 32 64 128
597  485   24 0  85 1 8 1 2 4 8 16 32 64 128
598   59  543 0  73 1 8 1 2 4 8 16 32 64 128
599  295  881 0   7 1 8 1 2 4 8 16 32 64 128
600  184   23 0  89 1 8 1 2 4 8 16 32 64 128
601  423  545 0  39 1 8 1 2 4 8 16 32 64 128
602  382  752 0  80 1 8 1 2 4 8 16 32 64 128
603  576  798 0  98 1 8 1 2 4 8 16 32 64 128
604  148  843 0  20 1 8 1 2 4 8 16 32 64 128
605   38  852 0  43 1 8 1 2 4 8 16 32 64 128
606  572  631 0  56 1 8 1 2 4 8 16 32 64 128
607   80  937 0  13 1 8 1 2 4 8 16 32 64 128
608  915  586 0   7 1 8 1 2 4 8 16 32 64 128
609  125  500 0  44 1 8 1 2 4 8 16 32 64 128
610  365  776 0  17 1 8 1 2 4 8 16 32 64 128
611  467  666 0  25 1 8 1 2 4 8 16 32 64 128
612  639  253 0  31 1 8 1 2 4 8 16 32 64 128
613  695   16 0  80 1 8 1 2 4 8 16 32 64 128
614   65  465 0  61 1 8 1 2 4 8 16 32 64 128
615  665  878 0  40 1 8 1 2 4 8 16 32 64 128
616  585  192 0  50 1 8 1 2 4 8 16 32 64 128
617   57  460 0  61 1 8 1 2 4 8 16 32 64 128
618  169  953 0  21 1 8 1 2 4 8 16 32 64 128
619  484  781 0  56 1 8 1 2 4 8 16 32 64 128
620  363  836 0  66 1 8 1 2 4 8 16 32 64 128
621  340  499 0  87 1 8 1 2 4 8 16 32 64 128
622  949  986 0  27 1 8 1 2 4 8 16 32 64 128
623  420  741 0  74 1 8 1 2 4 8 16 32 64 128
624  380    7 0  39 1 8 1 2 4 8 16 32 64 128
625  206  419 0  30 1 8 1 2 4 8 16 32 64 128
626  537  572 0  98 1 8 1 2 4 8 16 32 64 128
627  322  189 0  47 1 8 1 2 4 8 16 32 64 128
628  694  440 0  52 1 8 1 2 4 8 16 32 64 128
629  925  970 0  53 1 8 1 2 4 8 16 32 64 128
630  302  249 0  26 1 8 1 2 4 8 16 32 64 128
631  672  772 0  86 1 8 1 2 4 8 16 32 64 128
632  684  291 0  50 1 8 1 2 4 8 16 32 64 128
633  520  719 0  38 1 8 1 2 4 8 16 32 64 128
634  185  931 0  86 1 8 1 2 4 8 16 32 64 128
635  602  914 0  13 1 8 1 2 4 8 16 32 64 128
636  614  201 0  95 1 8 1 2 4 8 16 32 64 128
637  467  180 0   4 1 8 1 2 4 8 16 32 64 128
638  535   18 0   8 1 8 1 2 4 8 16 32 64 128
639  286  551 0  79 1 8 1 2 4 8 16 32 64 128
640  997  878 0  39 1 8 1 2 4 8 16 32 64 128
641  135  964 0  25 1 8 1 2 4 8 16 32 64 128
642  821  511 0  43 1 8 1 2 4 8 16 32 64 128
643  828  565 0  34 1 8 1 2 4 8 16 32 64 128
644  471  863 0  47 1 8 1 2 4 8 16 32 64 128
645  638  812 0   8 1 8 1 2 4 8 16 32 64 128
646  396  197 0  29 1 8 1 2 4 8 16 32 64 128
647  580  900 0  91 1 8 1 2 4 8 16 32 64 128
648  836  204 0  38 1 8 1 2 4 8 16 32 64 128
649  337  279 0  30 1 8 1 2 4 8 16 32 64 128
650   18  291 0  26 1 8 1 2 4 8 16 32 64 128
651   25  911 0  91 1 8 1 2 4 8 16 32 64 128
652  924  296 0  46 1 8 1 2 4 8 16 32 64 128
653  649  315 0  79 1 8 1 2 4 8 16 32 64 128
654  277  785 0  26 1 8 1 2 4 8 16 32 64 128
655  149  257 0  57 1 8 1 2 4 8 16 32 64 128
656  822  208 0  77 1 8 1 2 4 8 16 32 64 128
657  497   95 0  95 1 8 1 2 4 8 16 32 64 128
658  264  992 0  54 1 8 1 2 4 8 16 32 64 128
659  383  102 0  85 1 8 1 2 4 8 16 32 64 128
660  817   56 0   9 1 8 1 2 4 8 16 32 64 128
661  204  972 0  60 1 8 1 2 4 8 16 32 64 128
662  375  149 0  24 1 8 1 2 4 8 16 32 64 128
663  698  559 0  11 1 8 1 2 4 8 16 32 64 128
664   50  465 0  75 1 8 1 2 4 8 16 32 64 128
665  498  693 0  74 1 8 1 2 4 8 16 32 64 128
666  576  836 0  48 1 8 1 2 4 8 16 32 64 128
667   77  902 0  49 1 8 1 2 4 8 16 32 64 128
668  936  612 0  95 1 8 1 2 4 8 16 32 64 128
669  725  815 0  56 1 8 1 2 4 8 16 32 64 128
670  555  590 0  34 1 8 1 2 4 8 16 32 64 128
671  469  492 0  56 1 8 1 2 4 8 16 32 64 128
672  985  976 0  48 1 8 1 2 4 8 16 32 64 128
673  365  441 0  86 1 8 1 2 4 8 16 32 64 128
674  698  152 0  70 1 8 1 2 4 8 16 32 64 128
675  376  781 0  55 1 8 1 2 4 8 16 32 64 128
676  765  360 0  26 1 8 1 2 4 8 16 32 64 128
677  851  181 0  27 1 8 1 2 4 8 16 32 64 128
678  974  745 0  40 1 8 1 2 4 8 16 32 64 128
679  432    2 0  92 1 8 1 2 4 8 16 32 64 128
680  193   77 0   8 1 8 1 2 4 8 16 32 64 128
681  180  928 0   8 1 8 1 2 4 8 16 32 64 128
682  813  764 0  57 1 8 1 2 4 8 16 32 64 128
683  497  810 0   0 0 0
684  681  574 0   0 0 0
685  663  743 0   0 0 0
686  453  319 0   0 0 0
687  995  432 0   0 0 0
688  992  766 0   0 0 0
689  692   82 0   0 0 0
690  149  959 0   0 0 0
