2 88 684 7
0 244
0 244
0 244
0 244
0 244
0 244
0 244
  1 254 929 0  67 1 7 1 2 4 8 16 32 64
  2 840 544 0  80 1 7 1 2 4 8 16 32 64
  3 356 890 0  12 1 7 1 2 4 8 16 32 64
  4 592 484 0   9 1 7 1 2 4 8 16 32 64
  5 113 822 0  54 1 7 1 2 4 8 16 32 64
  6 843 219 0  47 1 7 1 2 4 8 16 32 64
  7 106 582 0   1 1 7 1 2 4 8 16 32 64
  8 187 582 0  17 1 7 1 2 4 8 16 32 64
  9 597 591 0  86 1 7 1 2 4 8 16 32 64
 10 666 638 0  87 1 7 1 2 4 8 16 32 64
 11  19 643 0  11 1 7 1 2 4 8 16 32 64
 12 214 414 0  44 1 7 1 2 4 8 16 32 64
 13 220 226 0  71 1 7 1 2 4 8 16 32 64
 14 768 877 0   9 1 7 1 2 4 8 16 32 64
 15 488 733 0  40 1 7 1 2 4 8 16 32 64
 16 622 467 0   7 1 7 1 2 4 8 16 32 64
 17 637 754 0   8 1 7 1 2 4 8 16 32 64
 18 731 362 0  49 1 7 1 2 4 8 16 32 64
 19 312 312 0  71 1 7 1 2 4 8 16 32 64
 20  70 664 0  15 1 7 1 2 4 8 16 32 64
 21 674 135 0  81 1 7 1 2 4 8 16 32 64
 22 876 510 0  50 1 7 1 2 4 8 16 32 64
 23 864 625 0   6 1 7 1 2 4 8 16 32 64
 24 855  62 0  50 1 7 1 2 4 8 16 32 64
 25 977 218 0  90 1 7 1 2 4 8 16 32 64
 26 177 406 0  31 1 7 1 2 4 8 16 32 64
 27 836 539 0  96 1 7 1 2 4 8 16 32 64
 28  55 866 0  56 1 7 1 2 4 8 16 32 64
 29 172 563 0  71 1 7 1 2 4 8 16 32 64
 30 516 228 0  51 1 7 1 2 4 8 16 32 64
 31 196 183 0  91 1 7 1 2 4 8 16 32 64
 32 633 448 0  34 1 7 1 2 4 8 16 32 64
 33 283 640 0  55 1 7 1 2 4 8 16 32 64
 34 143 655 0  33 1 7 1 2 4 8 16 32 64
 35 188 414 0  13 1 7 1 2 4 8 16 32 64
 36 234 804 0  82 1 7 1 2 4 8 16 32 64
 37 346 702 0  79 1 7 1 2 4 8 16 32 64
 38 434 756 0  48 1 7 1 2 4 8 16 32 64
 39 321   1 0  23 1 7 1 2 4 8 16 32 64
 40 724  38 0  75 1 7 1 2 4 8 16 32 64
 41 284 375 0  86 1 7 1 2 4 8 16 32 64
 42 690 686 0  26 1 7 1 2 4 8 16 32 64
 43 336 916 0  42 1 7 1 2 4 8 16 32 64
 44 258 313 0   5 1 7 1 2 4 8 16 32 64
 45 901 874 0  55 1 7 1 2 4 8 16 32 64
 46 100 122 0  78 1 7 1 2 4 8 16 32 64
 47 578  16 0  80 1 7 1 2 4 8 16 32 64
 48 655 189 0  89 1 7 1 2 4 8 16 32 64
 49 469 294 0   6 1 7 1 2 4 8 16 32 64
 50 745 667 0  48 1 7 1 2 4 8 16 32 64
 51 997 318 0  23 1 7 1 2 4 8 16 32 64
 52 588 386 0  87 1 7 1 2 4 8 16 32 64
 53 906 244 0  84 1 7 1 2 4 8 16 32 64
 54 305 293 0  83 1 7 1 2 4 8 16 32 64
 55 126  22 0  19 1 7 1 2 4 8 16 32 64
 56 227 709 0  13 1 7 1 2 4 8 16 32 64
 57 485 686 0  35 1 7 1 2 4 8 16 32 64
 58 944 171 0  51 1 7 1 2 4 8 16 32 64
 59 180  41 0  96 1 7 1 2 4 8 16 32 64
 60  27 792 0  66 1 7 1 2 4 8 16 32 64
 61 841 676 0  39 1 7 1 2 4 8 16 32 64
 62 378 320 0  19 1 7 1 2 4 8 16 32 64
 63 403 765 0  56 1 7 1 2 4 8 16 32 64
 64  50 843 0  81 1 7 1 2 4 8 16 32 64
 65 357 822 0   8 1 7 1 2 4 8 16 32 64
 66 619  41 0  42 1 7 1 2 4 8 16 32 64
 67 100   2 0  81 1 7 1 2 4 8 16 32 64
 68 668 180 0  65 1 7 1 2 4 8 16 32 64
 69 316 599 0  31 1 7 1 2 4 8 16 32 64
 70 365 425 0  66 1 7 1 2 4 8 16 32 64
 71 182  23 0  58 1 7 1 2 4 8 16 32 64
 72 381 603 0  91 1 7 1 2 4 8 16 32 64
 73  69 138 0  77 1 7 1 2 4 8 16 32 64
 74 504 637 0  20 1 7 1 2 4 8 16 32 64
 75 231 711 0  70 1 7 1 2 4 8 16 32 64
 76 204 350 0  90 1 7 1 2 4 8 16 32 64
 77 547 559 0  14 1 7 1 2 4 8 16 32 64
 78 192 280 0  81 1 7 1 2 4 8 16 32 64
 79 451 673 0  14 1 7 1 2 4 8 16 32 64
 80 149 800 0  59 1 7 1 2 4 8 16 32 64
 81 816  36 0  49 1 7 1 2 4 8 16 32 64
 82 325 259 0  40 1 7 1 2 4 8 16 32 64
 83 983 543 0  80 1 7 1 2 4 8 16 32 64
 84 284  80 0  26 1 7 1 2 4 8 16 32 64
 85 579 167 0 100 1 7 1 2 4 8 16 32 64
 86 715 497 0  47 1 7 1 2 4 8 16 32 64
 87 403 627 0  30 1 7 1 2 4 8 16 32 64
 88 305 388 0   6 1 7 1 2 4 8 16 32 64
 89 347 105 0  98 1 7 1 2 4 8 16 32 64
 90 401 994 0  90 1 7 1 2 4 8 16 32 64
 91 956 546 0  90 1 7 1 2 4 8 16 32 64
 92 510 551 0  78 1 7 1 2 4 8 16 32 64
 93 605 793 0  67 1 7 1 2 4 8 16 32 64
 94 264 780 0  28 1 7 1 2 4 8 16 32 64
 95 672 761 0   5 1 7 1 2 4 8 16 32 64
 96 763 346 0  54 1 7 1 2 4 8 16 32 64
 97 467 918 0  56 1 7 1 2 4 8 16 32 64
 98  11  43 0  31 1 7 1 2 4 8 16 32 64
 99  74 323 0  94 1 7 1 2 4 8 16 32 64
100 580 547 0  44 1 7 1 2 4 8 16 32 64
101 134 724 0  68 1 7 1 2 4 8 16 32 64
102 676 489 0  11 1 7 1 2 4 8 16 32 64
103 985 831 0  15 1 7 1 2 4 8 16 32 64
104   5 773 0  13 1 7 1 2 4 8 16 32 64
105 476 688 0   5 1 7 1 2 4 8 16 32 64
106 300 316 0  87 1 7 1 2 4 8 16 32 64
107 885  36 0  10 1 7 1 2 4 8 16 32 64
108 261  88 0  48 1 7 1 2 4 8 16 32 64
109 943 387 0  88 1 7 1 2 4 8 16 32 64
110 203 502 0  13 1 7 1 2 4 8 16 32 64
111 418 858 0  20 1 7 1 2 4 8 16 32 64
112 893 396 0  39 1 7 1 2 4 8 16 32 64
113 128 724 0  87 1 7 1 2 4 8 16 32 64
114 620 512 0  58 1 7 1 2 4 8 16 32 64
115 583 261 0  40 1 7 1 2 4 8 16 32 64
116 855 562 0  11 1 7 1 2 4 8 16 32 64
117 742 980 0  20 1 7 1 2 4 8 16 32 64
118 555 881 0  87 1 7 1 2 4 8 16 32 64
119 897 131 0  55 1 7 1 2 4 8 16 32 64
120 882 829 0  66 1 7 1 2 4 8 16 32 64
121 460 537 0  60 1 7 1 2 4 8 16 32 64
122 356 629 0  31 1 7 1 2 4 8 16 32 64
123 173 226 0  79 1 7 1 2 4 8 16 32 64
124  69  78 0  42 1 7 1 2 4 8 16 32 64
125 487 301 0   4 1 7 1 2 4 8 16 32 64
126  26 575 0  31 1 7 1 2 4 8 16 32 64
127 763 420 0  18 1 7 1 2 4 8 16 32 64
128 984 809 0  35 1 7 1 2 4 8 16 32 64
129 564 786 0  36 1 7 1 2 4 8 16 32 64
130 845 677 0   3 1 7 1 2 4 8 16 32 64
131 626 489 0  62 1 7 1 2 4 8 16 32 64
132  27 256 0  56 1 7 1 2 4 8 16 32 64
133 967  93 0   9 1 7 1 2 4 8 16 32 64
134 970 543 0  82 1 7 1 2 4 8 16 32 64
135 902 653 0  90 1 7 1 2 4 8 16 32 64
136 536 942 0  59 1 7 1 2 4 8 16 32 64
137 488  48 0   2 1 7 1 2 4 8 16 32 64
138 729 576 0  41 1 7 1 2 4 8 16 32 64
139 920 389 0  97 1 7 1 2 4 8 16 32 64
140 336 954 0  89 1 7 1 2 4 8 16 32 64
141 275 950 0  28 1 7 1 2 4 8 16 32 64
142 200 934 0  61 1 7 1 2 4 8 16 32 64
143 628 159 0  45 1 7 1 2 4 8 16 32 64
144 761  89 0  55 1 7 1 2 4 8 16 32 64
145 404 689 0  72 1 7 1 2 4 8 16 32 64
146 773 928 0  31 1 7 1 2 4 8 16 32 64
147 173 824 0  14 1 7 1 2 4 8 16 32 64
148  22 772 0  78 1 7 1 2 4 8 16 32 64
149 134 596 0  25 1 7 1 2 4 8 16 32 64
150 937 887 0  50 1 7 1 2 4 8 16 32 64
151 783 827 0  43 1 7 1 2 4 8 16 32 64
152 903 595 0   7 1 7 1 2 4 8 16 32 64
153  36 803 0  34 1 7 1 2 4 8 16 32 64
154 208 654 0  62 1 7 1 2 4 8 16 32 64
155 787 988 0  35 1 7 1 2 4 8 16 32 64
156 328 838 0  88 1 7 1 2 4 8 16 32 64
157 931 197 0  60 1 7 1 2 4 8 16 32 64
158 853 225 0  42 1 7 1 2 4 8 16 32 64
159   0 348 0  80 1 7 1 2 4 8 16 32 64
160 348 499 0   9 1 7 1 2 4 8 16 32 64
161 746 736 0  94 1 7 1 2 4 8 16 32 64
162 754 654 0  97 1 7 1 2 4 8 16 32 64
163 267 613 0  42 1 7 1 2 4 8 16 32 64
164 926 284 0   8 1 7 1 2 4 8 16 32 64
165 340 183 0  52 1 7 1 2 4 8 16 32 64
166 525 569 0  63 1 7 1 2 4 8 16 32 64
167 918 274 0  50 1 7 1 2 4 8 16 32 64
168 707 629 0  96 1 7 1 2 4 8 16 32 64
169 545 134 0  45 1 7 1 2 4 8 16 32 64
170 417 162 0  80 1 7 1 2 4 8 16 32 64
171 831  59 0  13 1 7 1 2 4 8 16 32 64
172 306 130 0  67 1 7 1 2 4 8 16 32 64
173 984 676 0  54 1 7 1 2 4 8 16 32 64
174 510 143 0  80 1 7 1 2 4 8 16 32 64
175 216 677 0  57 1 7 1 2 4 8 16 32 64
176 437 844 0  60 1 7 1 2 4 8 16 32 64
177 880 831 0  43 1 7 1 2 4 8 16 32 64
178  51 252 0  99 1 7 1 2 4 8 16 32 64
179 581 481 0   3 1 7 1 2 4 8 16 32 64
180 929 554 0  77 1 7 1 2 4 8 16 32 64
181 878  74 0  23 1 7 1 2 4 8 16 32 64
182 896 521 0  60 1 7 1 2 4 8 16 32 64
183 435 631 0  47 1 7 1 2 4 8 16 32 64
184 875 786 0  98 1 7 1 2 4 8 16 32 64
185 701 395 0   3 1 7 1 2 4 8 16 32 64
186 462 541 0   2 1 7 1 2 4 8 16 32 64
187 465  50 0  57 1 7 1 2 4 8 16 32 64
188  52 697 0  38 1 7 1 2 4 8 16 32 64
189 643 884 0  41 1 7 1 2 4 8 16 32 64
190 788 133 0  80 1 7 1 2 4 8 16 32 64
191 788 820 0  24 1 7 1 2 4 8 16 32 64
192   8 678 0  74 1 7 1 2 4 8 16 32 64
193 195  48 0   1 1 7 1 2 4 8 16 32 64
194 301 562 0   8 1 7 1 2 4 8 16 32 64
195 379 327 0  37 1 7 1 2 4 8 16 32 64
196 491  32 0  54 1 7 1 2 4 8 16 32 64
197 915 906 0  98 1 7 1 2 4 8 16 32 64
198 155 100 0  76 1 7 1 2 4 8 16 32 64
199 488 198 0  92 1 7 1 2 4 8 16 32 64
200 205 632 0  76 1 7 1 2 4 8 16 32 64
201 339 242 0  77 1 7 1 2 4 8 16 32 64
202 307 371 0  10 1 7 1 2 4 8 16 32 64
203 910 361 0  76 1 7 1 2 4 8 16 32 64
204 782 925 0  17 1 7 1 2 4 8 16 32 64
205 289 720 0  20 1 7 1 2 4 8 16 32 64
206 948  49 0  81 1 7 1 2 4 8 16 32 64
207  33  35 0  91 1 7 1 2 4 8 16 32 64
208 731 924 0  11 1 7 1 2 4 8 16 32 64
209 955 934 0  13 1 7 1 2 4 8 16 32 64
210 991 311 0  87 1 7 1 2 4 8 16 32 64
211 183 984 0  51 1 7 1 2 4 8 16 32 64
212 676 330 0  40 1 7 1 2 4 8 16 32 64
213   3 578 0  18 1 7 1 2 4 8 16 32 64
214 113  86 0  53 1 7 1 2 4 8 16 32 64
215 838 195 0  96 1 7 1 2 4 8 16 32 64
216 903  35 0 100 1 7 1 2 4 8 16 32 64
217 249 782 0  63 1 7 1 2 4 8 16 32 64
218 839 328 0  62 1 7 1 2 4 8 16 32 64
219  46 310 0  19 1 7 1 2 4 8 16 32 64
220 380 191 0  84 1 7 1 2 4 8 16 32 64
221 474 841 0  74 1 7 1 2 4 8 16 32 64
222 530 626 0  32 1 7 1 2 4 8 16 32 64
223 292 797 0  65 1 7 1 2 4 8 16 32 64
224 609 472 0  97 1 7 1 2 4 8 16 32 64
225 332 362 0  11 1 7 1 2 4 8 16 32 64
226 149 535 0  62 1 7 1 2 4 8 16 32 64
227 912 773 0  88 1 7 1 2 4 8 16 32 64
228 599 202 0  75 1 7 1 2 4 8 16 32 64
229 385   5 0  80 1 7 1 2 4 8 16 32 64
230 888 770 0  74 1 7 1 2 4 8 16 32 64
231 684 175 0  20 1 7 1 2 4 8 16 32 64
232 226 933 0   2 1 7 1 2 4 8 16 32 64
233 710 917 0  17 1 7 1 2 4 8 16 32 64
234 137 381 0  65 1 7 1 2 4 8 16 32 64
235 585 775 0  66 1 7 1 2 4 8 16 32 64
236 353 287 0  92 1 7 1 2 4 8 16 32 64
237  47 571 0  51 1 7 1 2 4 8 16 32 64
238 920 937 0  94 1 7 1 2 4 8 16 32 64
239  62 500 0  91 1 7 1 2 4 8 16 32 64
240 987 343 0  23 1 7 1 2 4 8 16 32 64
241 291 950 0  13 1 7 1 2 4 8 16 32 64
242 738  45 0   3 1 7 1 2 4 8 16 32 64
243 499 642 0  51 1 7 1 2 4 8 16 32 64
244 313 882 0  49 1 7 1 2 4 8 16 32 64
245 778 436 0   5 1 7 1 2 4 8 16 32 64
246 217 344 0  93 1 7 1 2 4 8 16 32 64
247 452 594 0   2 1 7 1 2 4 8 16 32 64
248 426 297 0  52 1 7 1 2 4 8 16 32 64
249 719 201 0  65 1 7 1 2 4 8 16 32 64
250 365 475 0  98 1 7 1 2 4 8 16 32 64
251 841 348 0  13 1 7 1 2 4 8 16 32 64
252 683 913 0  33 1 7 1 2 4 8 16 32 64
253 897 625 0  96 1 7 1 2 4 8 16 32 64
254 835 849 0  54 1 7 1 2 4 8 16 32 64
255 782 745 0   6 1 7 1 2 4 8 16 32 64
256 603 992 0  46 1 7 1 2 4 8 16 32 64
257 780  28 0  34 1 7 1 2 4 8 16 32 64
258 169  82 0  62 1 7 1 2 4 8 16 32 64
259 207 730 0   6 1 7 1 2 4 8 16 32 64
260 297 759 0  12 1 7 1 2 4 8 16 32 64
261 730   0 0  26 1 7 1 2 4 8 16 32 64
262 575 987 0  12 1 7 1 2 4 8 16 32 64
263 366 701 0  44 1 7 1 2 4 8 16 32 64
264 192 879 0  19 1 7 1 2 4 8 16 32 64
265 218 208 0  84 1 7 1 2 4 8 16 32 64
266 873  86 0  25 1 7 1 2 4 8 16 32 64
267 781 622 0  87 1 7 1 2 4 8 16 32 64
268  65 259 0  50 1 7 1 2 4 8 16 32 64
269 865 249 0  72 1 7 1 2 4 8 16 32 64
270 139 896 0  21 1 7 1 2 4 8 16 32 64
271 323 680 0   5 1 7 1 2 4 8 16 32 64
272 444 881 0  52 1 7 1 2 4 8 16 32 64
273 759 914 0  57 1 7 1 2 4 8 16 32 64
274 657 220 0  52 1 7 1 2 4 8 16 32 64
275 417 472 0  78 1 7 1 2 4 8 16 32 64
276 822 711 0  56 1 7 1 2 4 8 16 32 64
277 613 658 0  79 1 7 1 2 4 8 16 32 64
278 338 407 0   6 1 7 1 2 4 8 16 32 64
279 557 347 0  71 1 7 1 2 4 8 16 32 64
280 259 244 0  48 1 7 1 2 4 8 16 32 64
281 459 307 0  76 1 7 1 2 4 8 16 32 64
282 180 718 0  71 1 7 1 2 4 8 16 32 64
283  47 446 0  98 1 7 1 2 4 8 16 32 64
284 610 721 0  51 1 7 1 2 4 8 16 32 64
285 692 208 0  27 1 7 1 2 4 8 16 32 64
286  23 203 0  34 1 7 1 2 4 8 16 32 64
287 784 431 0  83 1 7 1 2 4 8 16 32 64
288 538   2 0  54 1 7 1 2 4 8 16 32 64
289 248 616 0   9 1 7 1 2 4 8 16 32 64
290 680 696 0  32 1 7 1 2 4 8 16 32 64
291 318 977 0  41 1 7 1 2 4 8 16 32 64
292   4 376 0  47 1 7 1 2 4 8 16 32 64
293 791 894 0  58 1 7 1 2 4 8 16 32 64
294 708 311 0 100 1 7 1 2 4 8 16 32 64
295 952 613 0  66 1 7 1 2 4 8 16 32 64
296 675 800 0  29 1 7 1 2 4 8 16 32 64
297  20 788 0   4 1 7 1 2 4 8 16 32 64
298 895 420 0  97 1 7 1 2 4 8 16 32 64
299 994 776 0  75 1 7 1 2 4 8 16 32 64
300 772 239 0   2 1 7 1 2 4 8 16 32 64
301 421 877 0  26 1 7 1 2 4 8 16 32 64
302 165 882 0   7 1 7 1 2 4 8 16 32 64
303  17 958 0  70 1 7 1 2 4 8 16 32 64
304 370 895 0  75 1 7 1 2 4 8 16 32 64
305 531 558 0  47 1 7 1 2 4 8 16 32 64
306 848 109 0  73 1 7 1 2 4 8 16 32 64
307 856 539 0  49 1 7 1 2 4 8 16 32 64
308 927 219 0  54 1 7 1 2 4 8 16 32 64
309 882 822 0  53 1 7 1 2 4 8 16 32 64
310 573 477 0  92 1 7 1 2 4 8 16 32 64
311 166 769 0  29 1 7 1 2 4 8 16 32 64
312 374 214 0  86 1 7 1 2 4 8 16 32 64
313 483 966 0   5 1 7 1 2 4 8 16 32 64
314 173 773 0  84 1 7 1 2 4 8 16 32 64
315 662 100 0   2 1 7 1 2 4 8 16 32 64
316 747 840 0  65 1 7 1 2 4 8 16 32 64
317 909  22 0  58 1 7 1 2 4 8 16 32 64
318 754 513 0  58 1 7 1 2 4 8 16 32 64
319 911 806 0  12 1 7 1 2 4 8 16 32 64
320 494 629 0  57 1 7 1 2 4 8 16 32 64
321 944 851 0  19 1 7 1 2 4 8 16 32 64
322 821 746 0  57 1 7 1 2 4 8 16 32 64
323 268  90 0  87 1 7 1 2 4 8 16 32 64
324 689 487 0  56 1 7 1 2 4 8 16 32 64
325  30 930 0  60 1 7 1 2 4 8 16 32 64
326 600 923 0  74 1 7 1 2 4 8 16 32 64
327 776 722 0  53 1 7 1 2 4 8 16 32 64
328 494 641 0  50 1 7 1 2 4 8 16 32 64
329 651 886 0  30 1 7 1 2 4 8 16 32 64
330 498 106 0  48 1 7 1 2 4 8 16 32 64
331 167 537 0  51 1 7 1 2 4 8 16 32 64
332 348 778 0  16 1 7 1 2 4 8 16 32 64
333 846 145 0  22 1 7 1 2 4 8 16 32 64
334 247  95 0  23 1 7 1 2 4 8 16 32 64
335 892  92 0  96 1 7 1 2 4 8 16 32 64
336 870  61 0 100 1 7 1 2 4 8 16 32 64
337 328  23 0  93 1 7 1 2 4 8 16 32 64
338 969  53 0  96 1 7 1 2 4 8 16 32 64
339 969 949 0  90 1 7 1 2 4 8 16 32 64
340 677 763 0  17 1 7 1 2 4 8 16 32 64
341 207 716 0  36 1 7 1 2 4 8 16 32 64
342  20 348 0  43 1 7 1 2 4 8 16 32 64
343 413 999 0  90 1 7 1 2 4 8 16 32 64
344 813 613 0  24 1 7 1 2 4 8 16 32 64
345 738 171 0  26 1 7 1 2 4 8 16 32 64
346  33 983 0  66 1 7 1 2 4 8 16 32 64
347 110 260 0  52 1 7 1 2 4 8 16 32 64
348 500 514 0  30 1 7 1 2 4 8 16 32 64
349 269 961 0  28 1 7 1 2 4 8 16 32 64
350 626 846 0  97 1 7 1 2 4 8 16 32 64
351 408 231 0   8 1 7 1 2 4 8 16 32 64
352 609 835 0  34 1 7 1 2 4 8 16 32 64
353 821 585 0  90 1 7 1 2 4 8 16 32 64
354 507 245 0  10 1 7 1 2 4 8 16 32 64
355 176 860 0  90 1 7 1 2 4 8 16 32 64
356 488 891 0  51 1 7 1 2 4 8 16 32 64
357 116 747 0  81 1 7 1 2 4 8 16 32 64
358 472 338 0  93 1 7 1 2 4 8 16 32 64
359 464  41 0  45 1 7 1 2 4 8 16 32 64
360 643 895 0   1 1 7 1 2 4 8 16 32 64
361  25 626 0  48 1 7 1 2 4 8 16 32 64
362 965 162 0  63 1 7 1 2 4 8 16 32 64
363 709 226 0  78 1 7 1 2 4 8 16 32 64
364 874 129 0   6 1 7 1 2 4 8 16 32 64
365 781 882 0  48 1 7 1 2 4 8 16 32 64
366 355 892 0  14 1 7 1 2 4 8 16 32 64
367 883 192 0 100 1 7 1 2 4 8 16 32 64
368 357 301 0  65 1 7 1 2 4 8 16 32 64
369 249 535 0  54 1 7 1 2 4 8 16 32 64
370 999 378 0  39 1 7 1 2 4 8 16 32 64
371 613 159 0  30 1 7 1 2 4 8 16 32 64
372 775 997 0  68 1 7 1 2 4 8 16 32 64
373 222 384 0   8 1 7 1 2 4 8 16 32 64
374 947 435 0  86 1 7 1 2 4 8 16 32 64
375   0 416 0  76 1 7 1 2 4 8 16 32 64
376 234 806 0  89 1 7 1 2 4 8 16 32 64
377  14 252 0  44 1 7 1 2 4 8 16 32 64
378 848 541 0  74 1 7 1 2 4 8 16 32 64
379 579 676 0  59 1 7 1 2 4 8 16 32 64
380 136 502 0  51 1 7 1 2 4 8 16 32 64
381 555  90 0  83 1 7 1 2 4 8 16 32 64
382 882 797 0  50 1 7 1 2 4 8 16 32 64
383 164 759 0  28 1 7 1 2 4 8 16 32 64
384 438 717 0  13 1 7 1 2 4 8 16 32 64
385 692 254 0  41 1 7 1 2 4 8 16 32 64
386 870 488 0  30 1 7 1 2 4 8 16 32 64
387 105  60 0  26 1 7 1 2 4 8 16 32 64
388 381 725 0  32 1 7 1 2 4 8 16 32 64
389 800 496 0  53 1 7 1 2 4 8 16 32 64
390 772 792 0  12 1 7 1 2 4 8 16 32 64
391 291 494 0  68 1 7 1 2 4 8 16 32 64
392 917  35 0  17 1 7 1 2 4 8 16 32 64
393 981 534 0  29 1 7 1 2 4 8 16 32 64
394 596  69 0  70 1 7 1 2 4 8 16 32 64
395 828 664 0  13 1 7 1 2 4 8 16 32 64
396 350 579 0  87 1 7 1 2 4 8 16 32 64
397 450  19 0  68 1 7 1 2 4 8 16 32 64
398 357 109 0  69 1 7 1 2 4 8 16 32 64
399 473  48 0  96 1 7 1 2 4 8 16 32 64
400 198 975 0  89 1 7 1 2 4 8 16 32 64
401 745 624 0  39 1 7 1 2 4 8 16 32 64
402 118 118 0  22 1 7 1 2 4 8 16 32 64
403 300 906 0  43 1 7 1 2 4 8 16 32 64
404 980 983 0  90 1 7 1 2 4 8 16 32 64
405  23 351 0  94 1 7 1 2 4 8 16 32 64
406 905 670 0  82 1 7 1 2 4 8 16 32 64
407 836 960 0  29 1 7 1 2 4 8 16 32 64
408 231 849 0  83 1 7 1 2 4 8 16 32 64
409 482 925 0  41 1 7 1 2 4 8 16 32 64
410 892 789 0  81 1 7 1 2 4 8 16 32 64
411 516 290 0  78 1 7 1 2 4 8 16 32 64
412 339 361 0  10 1 7 1 2 4 8 16 32 64
413 979 997 0  40 1 7 1 2 4 8 16 32 64
414 777 855 0  38 1 7 1 2 4 8 16 32 64
415 239 292 0  26 1 7 1 2 4 8 16 32 64
416 420 599 0   4 1 7 1 2 4 8 16 32 64
417 917 398 0  18 1 7 1 2 4 8 16 32 64
418 777 639 0  62 1 7 1 2 4 8 16 32 64
419 682 227 0  87 1 7 1 2 4 8 16 32 64
420 907 700 0  16 1 7 1 2 4 8 16 32 64
421 595 992 0   5 1 7 1 2 4 8 16 32 64
422  93 934 0  15 1 7 1 2 4 8 16 32 64
423 448 419 0  31 1 7 1 2 4 8 16 32 64
424 240 201 0  30 1 7 1 2 4 8 16 32 64
425 787 635 0  48 1 7 1 2 4 8 16 32 64
426 389 546 0  67 1 7 1 2 4 8 16 32 64
427 353 529 0  76 1 7 1 2 4 8 16 32 64
428 220 441 0  66 1 7 1 2 4 8 16 32 64
429 391  72 0  70 1 7 1 2 4 8 16 32 64
430 346 661 0  84 1 7 1 2 4 8 16 32 64
431 361 690 0  62 1 7 1 2 4 8 16 32 64
432 276 845 0  29 1 7 1 2 4 8 16 32 64
433 344 424 0   5 1 7 1 2 4 8 16 32 64
434 543 443 0  41 1 7 1 2 4 8 16 32 64
435 890  84 0  46 1 7 1 2 4 8 16 32 64
436 151 469 0  44 1 7 1 2 4 8 16 32 64
437 644 271 0  90 1 7 1 2 4 8 16 32 64
438 229 330 0  23 1 7 1 2 4 8 16 32 64
439 172 961 0  93 1 7 1 2 4 8 16 32 64
440 588 672 0  52 1 7 1 2 4 8 16 32 64
441 575 611 0  71 1 7 1 2 4 8 16 32 64
442 930 743 0  44 1 7 1 2 4 8 16 32 64
443 857 712 0  79 1 7 1 2 4 8 16 32 64
444 232 976 0  69 1 7 1 2 4 8 16 32 64
445 192 710 0  29 1 7 1 2 4 8 16 32 64
446 203  98 0  23 1 7 1 2 4 8 16 32 64
447 504 931 0  20 1 7 1 2 4 8 16 32 64
448 286 350 0  37 1 7 1 2 4 8 16 32 64
449 226 140 0  12 1 7 1 2 4 8 16 32 64
450 202 407 0  55 1 7 1 2 4 8 16 32 64
451 539 581 0   7 1 7 1 2 4 8 16 32 64
452   5 967 0  76 1 7 1 2 4 8 16 32 64
453  30 156 0  52 1 7 1 2 4 8 16 32 64
454 694  30 0  25 1 7 1 2 4 8 16 32 64
455 806 471 0  98 1 7 1 2 4 8 16 32 64
456 932  10 0  94 1 7 1 2 4 8 16 32 64
457 753 657 0  10 1 7 1 2 4 8 16 32 64
458  82 403 0  51 1 7 1 2 4 8 16 32 64
459 953 208 0  17 1 7 1 2 4 8 16 32 64
460 354 855 0  91 1 7 1 2 4 8 16 32 64
461 453 921 0  47 1 7 1 2 4 8 16 32 64
462 950 224 0  35 1 7 1 2 4 8 16 32 64
463 805 502 0  21 1 7 1 2 4 8 16 32 64
464 554  45 0  17 1 7 1 2 4 8 16 32 64
465 783 459 0  96 1 7 1 2 4 8 16 32 64
466 407 289 0  19 1 7 1 2 4 8 16 32 64
467 914  57 0  67 1 7 1 2 4 8 16 32 64
468 879  58 0  40 1 7 1 2 4 8 16 32 64
469 979 962 0  85 1 7 1 2 4 8 16 32 64
470 519 544 0  46 1 7 1 2 4 8 16 32 64
471 960 172 0   7 1 7 1 2 4 8 16 32 64
472 190 345 0  47 1 7 1 2 4 8 16 32 64
473 825 856 0  26 1 7 1 2 4 8 16 32 64
474  55 243 0  99 1 7 1 2 4 8 16 32 64
475 330 658 0  98 1 7 1 2 4 8 16 32 64
476 271 257 0  78 1 7 1 2 4 8 16 32 64
477 581  64 0  67 1 7 1 2 4 8 16 32 64
478 524 856 0  14 1 7 1 2 4 8 16 32 64
479 543 114 0  55 1 7 1 2 4 8 16 32 64
480 358 953 0  29 1 7 1 2 4 8 16 32 64
481  73 521 0  29 1 7 1 2 4 8 16 32 64
482 252 819 0  37 1 7 1 2 4 8 16 32 64
483 167 904 0  42 1 7 1 2 4 8 16 32 64
484 997 427 0  46 1 7 1 2 4 8 16 32 64
485 842  23 0  85 1 7 1 2 4 8 16 32 64
486 739 768 0  62 1 7 1 2 4 8 16 32 64
487 872 114 0  82 1 7 1 2 4 8 16 32 64
488 660 569 0  35 1 7 1 2 4 8 16 32 64
489  86 824 0  22 1 7 1 2 4 8 16 32 64
490 847 864 0  22 1 7 1 2 4 8 16 32 64
491 483  32 0  72 1 7 1 2 4 8 16 32 64
492 107 842 0   3 1 7 1 2 4 8 16 32 64
493 549 238 0  14 1 7 1 2 4 8 16 32 64
494 744 402 0  23 1 7 1 2 4 8 16 32 64
495 439 926 0  22 1 7 1 2 4 8 16 32 64
496 361 969 0  15 1 7 1 2 4 8 16 32 64
497 700 933 0  52 1 7 1 2 4 8 16 32 64
498 385 887 0  37 1 7 1 2 4 8 16 32 64
499  52 413 0  16 1 7 1 2 4 8 16 32 64
500 196 956 0  14 1 7 1 2 4 8 16 32 64
501 851 986 0  66 1 7 1 2 4 8 16 32 64
502  92 644 0  67 1 7 1 2 4 8 16 32 64
503 813 682 0  55 1 7 1 2 4 8 16 32 64
504 699 202 0  60 1 7 1 2 4 8 16 32 64
505 605 459 0  90 1 7 1 2 4 8 16 32 64
506 421 109 0  61 1 7 1 2 4 8 16 32 64
507 801 753 0  61 1 7 1 2 4 8 16 32 64
508 748  20 0  22 1 7 1 2 4 8 16 32 64
509 625 451 0  80 1 7 1 2 4 8 16 32 64
510 466 872 0  87 1 7 1 2 4 8 16 32 64
511 986 441 0  98 1 7 1 2 4 8 16 32 64
512 666 121 0  74 1 7 1 2 4 8 16 32 64
513  82 715 0  13 1 7 1 2 4 8 16 32 64
514 739 119 0  45 1 7 1 2 4 8 16 32 64
515  84 814 0  85 1 7 1 2 4 8 16 32 64
516 336  30 0  96 1 7 1 2 4 8 16 32 64
517 913  94 0  82 1 7 1 2 4 8 16 32 64
518 650 235 0  12 1 7 1 2 4 8 16 32 64
519 819 650 0 100 1 7 1 2 4 8 16 32 64
520 194  95 0  95 1 7 1 2 4 8 16 32 64
521 288 608 0  29 1 7 1 2 4 8 16 32 64
522 244 527 0  89 1 7 1 2 4 8 16 32 64
523 954 973 0  62 1 7 1 2 4 8 16 32 64
524 253 385 0  71 1 7 1 2 4 8 16 32 64
525 753 616 0  29 1 7 1 2 4 8 16 32 64
526 888 988 0  15 1 7 1 2 4 8 16 32 64
527 305 637 0   9 1 7 1 2 4 8 16 32 64
528  93 264 0  81 1 7 1 2 4 8 16 32 64
529 626 481 0  44 1 7 1 2 4 8 16 32 64
530 485 528 0  65 1 7 1 2 4 8 16 32 64
531 121 546 0  13 1 7 1 2 4 8 16 32 64
532 961 694 0  58 1 7 1 2 4 8 16 32 64
533 166 248 0  33 1 7 1 2 4 8 16 32 64
534 798  43 0  67 1 7 1 2 4 8 16 32 64
535 307 490 0  30 1 7 1 2 4 8 16 32 64
536 354 249 0  67 1 7 1 2 4 8 16 32 64
537 363 369 0  69 1 7 1 2 4 8 16 32 64
538 857 121 0  69 1 7 1 2 4 8 16 32 64
539  24  41 0  34 1 7 1 2 4 8 16 32 64
540 848 483 0  25 1 7 1 2 4 8 16 32 64
541 590 319 0  35 1 7 1 2 4 8 16 32 64
542 240 416 0  17 1 7 1 2 4 8 16 32 64
543 487  69 0   7 1 7 1 2 4 8 16 32 64
544 793  72 0  17 1 7 1 2 4 8 16 32 64
545 948 377 0  89 1 7 1 2 4 8 16 32 64
546 856 754 0  30 1 7 1 2 4 8 16 32 64
547 170 820 0   8 1 7 1 2 4 8 16 32 64
548 397 434 0  10 1 7 1 2 4 8 16 32 64
549 259 198 0  20 1 7 1 2 4 8 16 32 64
550 707 940 0  31 1 7 1 2 4 8 16 32 64
551 770 967 0  93 1 7 1 2 4 8 16 32 64
552  17 218 0  29 1 7 1 2 4 8 16 32 64
553 320 476 0  68 1 7 1 2 4 8 16 32 64
554 562 436 0  61 1 7 1 2 4 8 16 32 64
555 439 365 0   7 1 7 1 2 4 8 16 32 64
556 977 841 0  70 1 7 1 2 4 8 16 32 64
557 134   6 0  82 1 7 1 2 4 8 16 32 64
558 579 859 0  24 1 7 1 2 4 8 16 32 64
559 504 883 0  66 1 7 1 2 4 8 16 32 64
560 586 211 0  87 1 7 1 2 4 8 16 32 64
561 898 598 0  17 1 7 1 2 4 8 16 32 64
562 536 236 0  44 1 7 1 2 4 8 16 32 64
563 129 857 0 100 1 7 1 2 4 8 16 32 64
564 345   0 0  37 1 7 1 2 4 8 16 32 64
565 614 879 0  46 1 7 1 2 4 8 16 32 64
566 536  60 0  54 1 7 1 2 4 8 16 32 64
567 742 488 0   3 1 7 1 2 4 8 16 32 64
568 160 756 0  46 1 7 1 2 4 8 16 32 64
569 588 124 0  66 1 7 1 2 4 8 16 32 64
570 450 448 0  43 1 7 1 2 4 8 16 32 64
571 757 229 0  22 1 7 1 2 4 8 16 32 64
572 927  22 0  30 1 7 1 2 4 8 16 32 64
573 167 282 0  55 1 7 1 2 4 8 16 32 64
574 571 929 0  38 1 7 1 2 4 8 16 32 64
575 707 340 0  71 1 7 1 2 4 8 16 32 64
576 807 629 0  18 1 7 1 2 4 8 16 32 64
577 632 183 0  30 1 7 1 2 4 8 16 32 64
578 478 189 0  69 1 7 1 2 4 8 16 32 64
579 491  36 0  80 1 7 1 2 4 8 16 32 64
580 935 540 0  27 1 7 1 2 4 8 16 32 64
581 736 112 0  10 1 7 1 2 4 8 16 32 64
582 190  15 0  23 1 7 1 2 4 8 16 32 64
583 141  13 0   8 1 7 1 2 4 8 16 32 64
584 664  71 0  43 1 7 1 2 4 8 16 32 64
585 577 638 0  46 1 7 1 2 4 8 16 32 64
586 962 563 0  53 1 7 1 2 4 8 16 32 64
587   4 832 0  95 1 7 1 2 4 8 16 32 64
588 953 926 0   6 1 7 1 2 4 8 16 32 64
589 526 946 0  94 1 7 1 2 4 8 16 32 64
590 724 736 0   1 1 7 1 2 4 8 16 32 64
591 707 134 0   2 1 7 1 2 4 8 16 32 64
592 953 833 0   4 1 7 1 2 4 8 16 32 64
593 707 673 0  60 1 7 1 2 4 8 16 32 64
594 205 861 0  51 1 7 1 2 4 8 16 32 64
595 564  36 0  47 1 7 1 2 4 8 16 32 64
596  69 959 0  64 1 7 1 2 4 8 16 32 64
597 131 565 0  75 1 7 1 2 4 8 16 32 64
598 391 956 0  71 1 7 1 2 4 8 16 32 64
599 966 407 0  85 1 7 1 2 4 8 16 32 64
600 625 157 0  47 1 7 1 2 4 8 16 32 64
601 559  29 0  38 1 7 1 2 4 8 16 32 64
602 477 296 0  51 1 7 1 2 4 8 16 32 64
603 184 308 0  74 1 7 1 2 4 8 16 32 64
604 840 452 0  57 1 7 1 2 4 8 16 32 64
605 467 650 0  82 1 7 1 2 4 8 16 32 64
606  96 582 0   5 1 7 1 2 4 8 16 32 64
607 762 504 0  78 1 7 1 2 4 8 16 32 64
608 147 975 0   5 1 7 1 2 4 8 16 32 64
609 493 331 0  35 1 7 1 2 4 8 16 32 64
610 954  64 0  22 1 7 1 2 4 8 16 32 64
611 934 630 0  54 1 7 1 2 4 8 16 32 64
612  46 897 0   7 1 7 1 2 4 8 16 32 64
613 619 849 0  48 1 7 1 2 4 8 16 32 64
614 105 896 0  53 1 7 1 2 4 8 16 32 64
615 695 991 0  68 1 7 1 2 4 8 16 32 64
616 211 939 0  59 1 7 1 2 4 8 16 32 64
617  44 307 0  71 1 7 1 2 4 8 16 32 64
618 810 262 0  33 1 7 1 2 4 8 16 32 64
619 515 243 0  13 1 7 1 2 4 8 16 32 64
620 994  74 0  87 1 7 1 2 4 8 16 32 64
621 571 722 0  53 1 7 1 2 4 8 16 32 64
622 426  83 0  56 1 7 1 2 4 8 16 32 64
623 500 464 0  50 1 7 1 2 4 8 16 32 64
624 147 907 0   9 1 7 1 2 4 8 16 32 64
625 178 564 0   1 1 7 1 2 4 8 16 32 64
626 774 251 0   9 1 7 1 2 4 8 16 32 64
627 168 693 0  87 1 7 1 2 4 8 16 32 64
628 282 253 0  20 1 7 1 2 4 8 16 32 64
629 219 379 0  85 1 7 1 2 4 8 16 32 64
630 621 968 0  42 1 7 1 2 4 8 16 32 64
631 453 748 0  66 1 7 1 2 4 8 16 32 64
632  99 854 0   1 1 7 1 2 4 8 16 32 64
633 483 571 0  31 1 7 1 2 4 8 16 32 64
634 672 561 0  13 1 7 1 2 4 8 16 32 64
635 448 704 0  20 1 7 1 2 4 8 16 32 64
636 291 127 0  17 1 7 1 2 4 8 16 32 64
637 522 931 0  75 1 7 1 2 4 8 16 32 64
638 402 485 0   5 1 7 1 2 4 8 16 32 64
639 271 544 0  73 1 7 1 2 4 8 16 32 64
640  99 350 0  60 1 7 1 2 4 8 16 32 64
641 867  14 0  85 1 7 1 2 4 8 16 32 64
642 175 801 0  66 1 7 1 2 4 8 16 32 64
643 611 690 0  84 1 7 1 2 4 8 16 32 64
644 342 826 0  62 1 7 1 2 4 8 16 32 64
645 892 749 0  41 1 7 1 2 4 8 16 32 64
646   5 113 0  71 1 7 1 2 4 8 16 32 64
647  62 795 0  93 1 7 1 2 4 8 16 32 64
648 278  49 0  12 1 7 1 2 4 8 16 32 64
649 799 371 0  92 1 7 1 2 4 8 16 32 64
650 349 278 0  25 1 7 1 2 4 8 16 32 64
651 492 465 0  23 1 7 1 2 4 8 16 32 64
652 577 747 0  91 1 7 1 2 4 8 16 32 64
653  35  13 0  30 1 7 1 2 4 8 16 32 64
654 563 436 0  76 1 7 1 2 4 8 16 32 64
655 544 317 0  77 1 7 1 2 4 8 16 32 64
656 644 862 0  22 1 7 1 2 4 8 16 32 64
657 105 944 0  83 1 7 1 2 4 8 16 32 64
658 539 737 0  87 1 7 1 2 4 8 16 32 64
659 582 888 0  21 1 7 1 2 4 8 16 32 64
660 832 493 0  94 1 7 1 2 4 8 16 32 64
661 618 375 0  74 1 7 1 2 4 8 16 32 64
662 121 927 0  66 1 7 1 2 4 8 16 32 64
663 147 868 0  86 1 7 1 2 4 8 16 32 64
664 673 653 0  10 1 7 1 2 4 8 16 32 64
665 668 124 0  70 1 7 1 2 4 8 16 32 64
666 373 681 0  13 1 7 1 2 4 8 16 32 64
667   6 898 0  18 1 7 1 2 4 8 16 32 64
668  17 906 0   5 1 7 1 2 4 8 16 32 64
669 987 176 0  74 1 7 1 2 4 8 16 32 64
670 317 275 0  70 1 7 1 2 4 8 16 32 64
671 444 688 0  82 1 7 1 2 4 8 16 32 64
672 479 886 0  71 1 7 1 2 4 8 16 32 64
673 655 944 0  94 1 7 1 2 4 8 16 32 64
674 338 772 0  56 1 7 1 2 4 8 16 32 64
675 252  55 0  48 1 7 1 2 4 8 16 32 64
676 820 193 0  44 1 7 1 2 4 8 16 32 64
677 259 227 0  71 1 7 1 2 4 8 16 32 64
678 315 894 0   1 1 7 1 2 4 8 16 32 64
679 984 840 0  99 1 7 1 2 4 8 16 32 64
680 857 227 0   3 1 7 1 2 4 8 16 32 64
681 663 129 0  28 1 7 1 2 4 8 16 32 64
682 902 406 0  80 1 7 1 2 4 8 16 32 64
683 417 462 0  95 1 7 1 2 4 8 16 32 64
684 205 527 0  49 1 7 1 2 4 8 16 32 64
685   8 751 0   0 0 0
686 496 726 0   0 0 0
687 110 255 0   0 0 0
688 784 248 0   0 0 0
689 551 105 0   0 0 0
690 829 531 0   0 0 0
691 876 496 0   0 0 0
