2 88 734 7
0 252
0 252
0 252
0 252
0 252
0 252
0 252
  1  115   47 0  94 1 7 1 2 4 8 16 32 64
  2  529  662 0  14 1 7 1 2 4 8 16 32 64
  3  531  651 0  90 1 7 1 2 4 8 16 32 64
  4  281  433 0  24 1 7 1 2 4 8 16 32 64
  5  969  545 0  90 1 7 1 2 4 8 16 32 64
  6  473  137 0   1 1 7 1 2 4 8 16 32 64
  7  994  609 0  20 1 7 1 2 4 8 16 32 64
  8   73  708 0  40 1 7 1 2 4 8 16 32 64
  9  203   45 0  22 1 7 1 2 4 8 16 32 64
 10  108  390 0  44 1 7 1 2 4 8 16 32 64
 11  299  224 0  31 1 7 1 2 4 8 16 32 64
 12  764  551 0  38 1 7 1 2 4 8 16 32 64
 13  801  524 0  61 1 7 1 2 4 8 16 32 64
 14  228  815 0  20 1 7 1 2 4 8 16 32 64
 15  553  671 0  19 1 7 1 2 4 8 16 32 64
 16   59  449 0  39 1 7 1 2 4 8 16 32 64
 17  496  129 0  97 1 7 1 2 4 8 16 32 64
 18  561  406 0  72 1 7 1 2 4 8 16 32 64
 19  396  800 0  37 1 7 1 2 4 8 16 32 64
 20  125  128 0  80 1 7 1 2 4 8 16 32 64
 21  378  902 0  78 1 7 1 2 4 8 16 32 64
 22  245  460 0  64 1 7 1 2 4 8 16 32 64
 23  313  733 0  67 1 7 1 2 4 8 16 32 64
 24  158  281 0  36 1 7 1 2 4 8 16 32 64
 25  928   99 0  47 1 7 1 2 4 8 16 32 64
 26  925  671 0  68 1 7 1 2 4 8 16 32 64
 27  911   48 0   8 1 7 1 2 4 8 16 32 64
 28  967  295 0  68 1 7 1 2 4 8 16 32 64
 29  139  760 0  65 1 7 1 2 4 8 16 32 64
 30  816   62 0  97 1 7 1 2 4 8 16 32 64
 31  357  112 0  58 1 7 1 2 4 8 16 32 64
 32  160  982 0  97 1 7 1 2 4 8 16 32 64
 33  474  429 0  54 1 7 1 2 4 8 16 32 64
 34  624  754 0  88 1 7 1 2 4 8 16 32 64
 35  150  235 0  45 1 7 1 2 4 8 16 32 64
 36  862  889 0  37 1 7 1 2 4 8 16 32 64
 37  123  245 0  42 1 7 1 2 4 8 16 32 64
 38  603  993 0   1 1 7 1 2 4 8 16 32 64
 39  111  692 0  55 1 7 1 2 4 8 16 32 64
 40   73  891 0  33 1 7 1 2 4 8 16 32 64
 41  575  490 0  62 1 7 1 2 4 8 16 32 64
 42  842  553 0  24 1 7 1 2 4 8 16 32 64
 43  810  524 0  40 1 7 1 2 4 8 16 32 64
 44  857   80 0  81 1 7 1 2 4 8 16 32 64
 45  325  551 0  97 1 7 1 2 4 8 16 32 64
 46  666  865 0  60 1 7 1 2 4 8 16 32 64
 47  323   58 0  58 1 7 1 2 4 8 16 32 64
 48  427  233 0  18 1 7 1 2 4 8 16 32 64
 49  121   80 0  70 1 7 1 2 4 8 16 32 64
 50  212   32 0  77 1 7 1 2 4 8 16 32 64
 51  803  784 0  90 1 7 1 2 4 8 16 32 64
 52  443   24 0  85 1 7 1 2 4 8 16 32 64
 53  488  329 0  66 1 7 1 2 4 8 16 32 64
 54  794  734 0  70 1 7 1 2 4 8 16 32 64
 55  441  903 0  68 1 7 1 2 4 8 16 32 64
 56  686  769 0  71 1 7 1 2 4 8 16 32 64
 57  823  780 0  33 1 7 1 2 4 8 16 32 64
 58  651  927 0  68 1 7 1 2 4 8 16 32 64
 59  256  810 0  47 1 7 1 2 4 8 16 32 64
 60  349  612 0   1 1 7 1 2 4 8 16 32 64
 61  318  866 0  40 1 7 1 2 4 8 16 32 64
 62  978  276 0  15 1 7 1 2 4 8 16 32 64
 63  873  246 0  79 1 7 1 2 4 8 16 32 64
 64  179  164 0  98 1 7 1 2 4 8 16 32 64
 65  698  478 0  86 1 7 1 2 4 8 16 32 64
 66  592  287 0  22 1 7 1 2 4 8 16 32 64
 67  940  367 0  82 1 7 1 2 4 8 16 32 64
 68   52  876 0  17 1 7 1 2 4 8 16 32 64
 69  516  347 0  54 1 7 1 2 4 8 16 32 64
 70  879  196 0   7 1 7 1 2 4 8 16 32 64
 71  228  741 0   9 1 7 1 2 4 8 16 32 64
 72  866  661 0  85 1 7 1 2 4 8 16 32 64
 73  786  631 0  77 1 7 1 2 4 8 16 32 64
 74  674  955 0  26 1 7 1 2 4 8 16 32 64
 75  436   80 0  77 1 7 1 2 4 8 16 32 64
 76  815  681 0   7 1 7 1 2 4 8 16 32 64
 77  103  807 0  55 1 7 1 2 4 8 16 32 64
 78  667  606 0  67 1 7 1 2 4 8 16 32 64
 79  648  862 0  61 1 7 1 2 4 8 16 32 64
 80  591  170 0   3 1 7 1 2 4 8 16 32 64
 81  128  246 0  73 1 7 1 2 4 8 16 32 64
 82  977  104 0  48 1 7 1 2 4 8 16 32 64
 83  956  982 0  36 1 7 1 2 4 8 16 32 64
 84  583  688 0  79 1 7 1 2 4 8 16 32 64
 85  261  401 0  59 1 7 1 2 4 8 16 32 64
 86  203  749 0  34 1 7 1 2 4 8 16 32 64
 87  746  314 0  13 1 7 1 2 4 8 16 32 64
 88  174   19 0  36 1 7 1 2 4 8 16 32 64
 89   69   69 0  59 1 7 1 2 4 8 16 32 64
 90  243  227 0  79 1 7 1 2 4 8 16 32 64
 91  457  106 0  98 1 7 1 2 4 8 16 32 64
 92  758  994 0  49 1 7 1 2 4 8 16 32 64
 93   40  192 0  20 1 7 1 2 4 8 16 32 64
 94  892  993 0  65 1 7 1 2 4 8 16 32 64
 95   14  303 0  78 1 7 1 2 4 8 16 32 64
 96  910  388 0  85 1 7 1 2 4 8 16 32 64
 97  266  223 0  82 1 7 1 2 4 8 16 32 64
 98  518  977 0  54 1 7 1 2 4 8 16 32 64
 99  187  335 0  30 1 7 1 2 4 8 16 32 64
100  147  426 0  97 1 7 1 2 4 8 16 32 64
101  660  992 0  75 1 7 1 2 4 8 16 32 64
102  893  928 0  69 1 7 1 2 4 8 16 32 64
103  816  987 0  31 1 7 1 2 4 8 16 32 64
104  976  846 0  27 1 7 1 2 4 8 16 32 64
105  559  425 0  97 1 7 1 2 4 8 16 32 64
106  851   97 0  94 1 7 1 2 4 8 16 32 64
107   41  706 0  29 1 7 1 2 4 8 16 32 64
108  541  734 0  78 1 7 1 2 4 8 16 32 64
109  293  341 0  29 1 7 1 2 4 8 16 32 64
110   76  227 0  91 1 7 1 2 4 8 16 32 64
111  104  681 0  96 1 7 1 2 4 8 16 32 64
112  989  446 0  12 1 7 1 2 4 8 16 32 64
113   45  195 0  16 1 7 1 2 4 8 16 32 64
114  818  105 0  76 1 7 1 2 4 8 16 32 64
115   42  656 0  73 1 7 1 2 4 8 16 32 64
116   51  989 0  79 1 7 1 2 4 8 16 32 64
117  904  275 0  87 1 7 1 2 4 8 16 32 64
118  149   21 0  19 1 7 1 2 4 8 16 32 64
119  717  850 0  32 1 7 1 2 4 8 16 32 64
120  247  726 0  76 1 7 1 2 4 8 16 32 64
121  984  446 0  72 1 7 1 2 4 8 16 32 64
122  546  862 0  54 1 7 1 2 4 8 16 32 64
123  967  862 0  87 1 7 1 2 4 8 16 32 64
124  257  543 0  85 1 7 1 2 4 8 16 32 64
125  218  171 0  77 1 7 1 2 4 8 16 32 64
126  161  325 0  61 1 7 1 2 4 8 16 32 64
127  918  833 0  60 1 7 1 2 4 8 16 32 64
128  790  386 0  39 1 7 1 2 4 8 16 32 64
129  463  304 0  28 1 7 1 2 4 8 16 32 64
130   39  275 0  81 1 7 1 2 4 8 16 32 64
131  634  670 0  53 1 7 1 2 4 8 16 32 64
132  804  944 0  57 1 7 1 2 4 8 16 32 64
133  297  813 0  67 1 7 1 2 4 8 16 32 64
134  403  721 0  10 1 7 1 2 4 8 16 32 64
135  213  524 0  22 1 7 1 2 4 8 16 32 64
136  412  952 0  68 1 7 1 2 4 8 16 32 64
137  811  717 0  70 1 7 1 2 4 8 16 32 64
138  330  174 0  65 1 7 1 2 4 8 16 32 64
139  491  201 0  38 1 7 1 2 4 8 16 32 64
140  265  425 0  60 1 7 1 2 4 8 16 32 64
141  581    9 0  25 1 7 1 2 4 8 16 32 64
142  537  184 0  71 1 7 1 2 4 8 16 32 64
143  252  910 0  39 1 7 1 2 4 8 16 32 64
144  630  166 0  21 1 7 1 2 4 8 16 32 64
145  128  380 0  31 1 7 1 2 4 8 16 32 64
146  715  351 0   9 1 7 1 2 4 8 16 32 64
147   29  950 0  65 1 7 1 2 4 8 16 32 64
148  257  185 0   1 1 7 1 2 4 8 16 32 64
149  711  550 0  54 1 7 1 2 4 8 16 32 64
150   27  606 0  68 1 7 1 2 4 8 16 32 64
151  381  441 0  20 1 7 1 2 4 8 16 32 64
152  878  641 0  79 1 7 1 2 4 8 16 32 64
153   27  176 0  63 1 7 1 2 4 8 16 32 64
154  260  473 0  94 1 7 1 2 4 8 16 32 64
155   69  747 0  26 1 7 1 2 4 8 16 32 64
156  443  292 0  45 1 7 1 2 4 8 16 32 64
157  122  676 0   2 1 7 1 2 4 8 16 32 64
158  150  494 0  44 1 7 1 2 4 8 16 32 64
159  664  559 0  54 1 7 1 2 4 8 16 32 64
160  670  842 0  46 1 7 1 2 4 8 16 32 64
161  785  396 0   4 1 7 1 2 4 8 16 32 64
162  883    6 0  81 1 7 1 2 4 8 16 32 64
163  608  326 0  83 1 7 1 2 4 8 16 32 64
164   11  387 0  45 1 7 1 2 4 8 16 32 64
165  644   81 0  64 1 7 1 2 4 8 16 32 64
166  690  227 0  24 1 7 1 2 4 8 16 32 64
167  373  481 0  61 1 7 1 2 4 8 16 32 64
168  403  139 0  87 1 7 1 2 4 8 16 32 64
169  694  675 0  39 1 7 1 2 4 8 16 32 64
170  336  240 0  61 1 7 1 2 4 8 16 32 64
171   20  325 0  66 1 7 1 2 4 8 16 32 64
172  587  206 0  47 1 7 1 2 4 8 16 32 64
173   62  395 0  71 1 7 1 2 4 8 16 32 64
174  214  475 0  89 1 7 1 2 4 8 16 32 64
175   19  871 0  35 1 7 1 2 4 8 16 32 64
176  269  536 0  28 1 7 1 2 4 8 16 32 64
177  150  778 0  55 1 7 1 2 4 8 16 32 64
178  199  673 0  85 1 7 1 2 4 8 16 32 64
179  638  448 0  13 1 7 1 2 4 8 16 32 64
180  297   31 0  43 1 7 1 2 4 8 16 32 64
181  242  251 0  97 1 7 1 2 4 8 16 32 64
182  229   47 0  63 1 7 1 2 4 8 16 32 64
183  238  377 0  49 1 7 1 2 4 8 16 32 64
184   30  339 0  71 1 7 1 2 4 8 16 32 64
185  107  632 0  56 1 7 1 2 4 8 16 32 64
186  589  214 0  55 1 7 1 2 4 8 16 32 64
187   37  589 0  22 1 7 1 2 4 8 16 32 64
188  469  603 0  72 1 7 1 2 4 8 16 32 64
189  400  494 0  77 1 7 1 2 4 8 16 32 64
190  179  548 0  40 1 7 1 2 4 8 16 32 64
191  738  113 0  57 1 7 1 2 4 8 16 32 64
192  531  143 0  26 1 7 1 2 4 8 16 32 64
193  318  179 0  23 1 7 1 2 4 8 16 32 64
194   94  178 0  48 1 7 1 2 4 8 16 32 64
195   58  523 0  55 1 7 1 2 4 8 16 32 64
196  797  634 0  25 1 7 1 2 4 8 16 32 64
197  199  298 0 100 1 7 1 2 4 8 16 32 64
198  878  654 0  12 1 7 1 2 4 8 16 32 64
199  486  100 0  58 1 7 1 2 4 8 16 32 64
200  171  566 0  89 1 7 1 2 4 8 16 32 64
201  529  630 0  43 1 7 1 2 4 8 16 32 64
202  577  759 0  48 1 7 1 2 4 8 16 32 64
203  917  162 0  21 1 7 1 2 4 8 16 32 64
204  872  837 0  87 1 7 1 2 4 8 16 32 64
205  477  676 0  81 1 7 1 2 4 8 16 32 64
206  614  476 0   7 1 7 1 2 4 8 16 32 64
207  248  210 0  49 1 7 1 2 4 8 16 32 64
208  671  653 0  37 1 7 1 2 4 8 16 32 64
209  919  695 0  57 1 7 1 2 4 8 16 32 64
210  586  286 0  54 1 7 1 2 4 8 16 32 64
211  455  117 0  88 1 7 1 2 4 8 16 32 64
212  720  217 0  29 1 7 1 2 4 8 16 32 64
213   13  461 0   1 1 7 1 2 4 8 16 32 64
214  535  889 0  45 1 7 1 2 4 8 16 32 64
215  927  713 0  93 1 7 1 2 4 8 16 32 64
216  700  318 0  66 1 7 1 2 4 8 16 32 64
217  288  166 0  81 1 7 1 2 4 8 16 32 64
218  100  839 0  28 1 7 1 2 4 8 16 32 64
219  895  203 0  17 1 7 1 2 4 8 16 32 64
220  208   66 0  56 1 7 1 2 4 8 16 32 64
221   75   14 0  62 1 7 1 2 4 8 16 32 64
222  888  437 0  50 1 7 1 2 4 8 16 32 64
223  102  307 0  27 1 7 1 2 4 8 16 32 64
224  239  994 0  35 1 7 1 2 4 8 16 32 64
225  906  732 0  75 1 7 1 2 4 8 16 32 64
226  288  502 0  31 1 7 1 2 4 8 16 32 64
227  958  743 0  88 1 7 1 2 4 8 16 32 64
228  321  994 0  95 1 7 1 2 4 8 16 32 64
229  193  763 0  39 1 7 1 2 4 8 16 32 64
230   38  293 0  46 1 7 1 2 4 8 16 32 64
231  868  833 0  42 1 7 1 2 4 8 16 32 64
232  926  521 0  89 1 7 1 2 4 8 16 32 64
233  147  315 0  75 1 7 1 2 4 8 16 32 64
234  152  822 0  21 1 7 1 2 4 8 16 32 64
235  900  370 0  14 1 7 1 2 4 8 16 32 64
236  221  193 0  28 1 7 1 2 4 8 16 32 64
237  979  281 0   5 1 7 1 2 4 8 16 32 64
238  507  327 0  99 1 7 1 2 4 8 16 32 64
239  926  309 0  49 1 7 1 2 4 8 16 32 64
240   20  722 0  87 1 7 1 2 4 8 16 32 64
241  364  929 0  25 1 7 1 2 4 8 16 32 64
242  891  220 0  67 1 7 1 2 4 8 16 32 64
243  302  508 0  63 1 7 1 2 4 8 16 32 64
244  838  907 0  94 1 7 1 2 4 8 16 32 64
245  469  476 0  65 1 7 1 2 4 8 16 32 64
246   10  100 0  41 1 7 1 2 4 8 16 32 64
247  382  332 0  19 1 7 1 2 4 8 16 32 64
248   22  788 0  62 1 7 1 2 4 8 16 32 64
249  225  740 0  37 1 7 1 2 4 8 16 32 64
250  451   55 0  65 1 7 1 2 4 8 16 32 64
251  372  152 0  77 1 7 1 2 4 8 16 32 64
252  411  408 0  86 1 7 1 2 4 8 16 32 64
253   32  871 0  56 1 7 1 2 4 8 16 32 64
254  286  405 0  87 1 7 1 2 4 8 16 32 64
255  108  503 0  73 1 7 1 2 4 8 16 32 64
256  874  745 0  22 1 7 1 2 4 8 16 32 64
257  534  467 0  81 1 7 1 2 4 8 16 32 64
258  339  815 0  26 1 7 1 2 4 8 16 32 64
259   77  804 0  34 1 7 1 2 4 8 16 32 64
260   21   61 0   9 1 7 1 2 4 8 16 32 64
261   36  222 0  44 1 7 1 2 4 8 16 32 64
262  645  653 0  11 1 7 1 2 4 8 16 32 64
263  725  315 0  94 1 7 1 2 4 8 16 32 64
264  477  834 0  43 1 7 1 2 4 8 16 32 64
265  290  592 0  63 1 7 1 2 4 8 16 32 64
266  948  326 0  99 1 7 1 2 4 8 16 32 64
267  830  500 0  91 1 7 1 2 4 8 16 32 64
268  433  153 0  35 1 7 1 2 4 8 16 32 64
269  313  312 0  85 1 7 1 2 4 8 16 32 64
270  971  786 0  50 1 7 1 2 4 8 16 32 64
271   35  720 0  24 1 7 1 2 4 8 16 32 64
272  886  701 0  65 1 7 1 2 4 8 16 32 64
273  879  613 0  96 1 7 1 2 4 8 16 32 64
274  580  577 0  62 1 7 1 2 4 8 16 32 64
275   81  526 0  34 1 7 1 2 4 8 16 32 64
276  263    3 0  37 1 7 1 2 4 8 16 32 64
277  999    0 0  57 1 7 1 2 4 8 16 32 64
278  362  795 0  74 1 7 1 2 4 8 16 32 64
279  692  877 0   2 1 7 1 2 4 8 16 32 64
280  927  325 0  14 1 7 1 2 4 8 16 32 64
281  382  830 0  40 1 7 1 2 4 8 16 32 64
282  929  335 0  59 1 7 1 2 4 8 16 32 64
283  371  191 0  58 1 7 1 2 4 8 16 32 64
284   84  951 0  92 1 7 1 2 4 8 16 32 64
285   28  575 0  60 1 7 1 2 4 8 16 32 64
286  161  147 0   4 1 7 1 2 4 8 16 32 64
287  243   84 0  74 1 7 1 2 4 8 16 32 64
288  970  606 0  39 1 7 1 2 4 8 16 32 64
289  330  427 0  94 1 7 1 2 4 8 16 32 64
290  906  152 0  78 1 7 1 2 4 8 16 32 64
291  592  925 0  79 1 7 1 2 4 8 16 32 64
292  158  436 0  61 1 7 1 2 4 8 16 32 64
293  574  202 0  27 1 7 1 2 4 8 16 32 64
294  771  538 0  92 1 7 1 2 4 8 16 32 64
295  722  785 0  52 1 7 1 2 4 8 16 32 64
296  720  648 0  33 1 7 1 2 4 8 16 32 64
297  658  425 0  76 1 7 1 2 4 8 16 32 64
298  764  502 0  35 1 7 1 2 4 8 16 32 64
299  855  162 0   8 1 7 1 2 4 8 16 32 64
300  744  593 0  26 1 7 1 2 4 8 16 32 64
301  475  429 0   4 1 7 1 2 4 8 16 32 64
302  415    8 0  19 1 7 1 2 4 8 16 32 64
303  347  863 0  21 1 7 1 2 4 8 16 32 64
304   23  419 0  63 1 7 1 2 4 8 16 32 64
305  270  528 0  58 1 7 1 2 4 8 16 32 64
306  993  838 0  89 1 7 1 2 4 8 16 32 64
307  527  342 0  47 1 7 1 2 4 8 16 32 64
308  975   23 0  25 1 7 1 2 4 8 16 32 64
309  303  212 0   9 1 7 1 2 4 8 16 32 64
310  937  391 0  80 1 7 1 2 4 8 16 32 64
311   36   33 0  83 1 7 1 2 4 8 16 32 64
312  242  897 0  45 1 7 1 2 4 8 16 32 64
313  739  652 0  75 1 7 1 2 4 8 16 32 64
314  993  764 0  32 1 7 1 2 4 8 16 32 64
315  673  113 0  76 1 7 1 2 4 8 16 32 64
316  187  533 0  29 1 7 1 2 4 8 16 32 64
317   26  589 0  43 1 7 1 2 4 8 16 32 64
318  442  393 0  10 1 7 1 2 4 8 16 32 64
319  955  922 0  74 1 7 1 2 4 8 16 32 64
320   58   29 0  28 1 7 1 2 4 8 16 32 64
321  321  469 0   8 1 7 1 2 4 8 16 32 64
322  803  133 0  72 1 7 1 2 4 8 16 32 64
323  841  481 0   2 1 7 1 2 4 8 16 32 64
324    1  274 0  67 1 7 1 2 4 8 16 32 64
325  589  571 0  92 1 7 1 2 4 8 16 32 64
326   14  521 0  93 1 7 1 2 4 8 16 32 64
327  265  250 0  70 1 7 1 2 4 8 16 32 64
328  383  477 0  28 1 7 1 2 4 8 16 32 64
329  542  464 0  36 1 7 1 2 4 8 16 32 64
330  775  507 0  60 1 7 1 2 4 8 16 32 64
331  994   51 0  94 1 7 1 2 4 8 16 32 64
332   43  835 0  22 1 7 1 2 4 8 16 32 64
333  836  228 0  55 1 7 1 2 4 8 16 32 64
334  313    4 0  68 1 7 1 2 4 8 16 32 64
335  390   51 0  57 1 7 1 2 4 8 16 32 64
336  668  935 0  36 1 7 1 2 4 8 16 32 64
337  738  403 0  10 1 7 1 2 4 8 16 32 64
338  646  686 0   2 1 7 1 2 4 8 16 32 64
339  216  137 0   8 1 7 1 2 4 8 16 32 64
340  792  934 0  62 1 7 1 2 4 8 16 32 64
341  749  317 0  39 1 7 1 2 4 8 16 32 64
342  482  351 0   6 1 7 1 2 4 8 16 32 64
343  336  116 0  90 1 7 1 2 4 8 16 32 64
344  198  882 0   7 1 7 1 2 4 8 16 32 64
345   42  456 0  55 1 7 1 2 4 8 16 32 64
346  903  576 0  88 1 7 1 2 4 8 16 32 64
347  154  337 0  34 1 7 1 2 4 8 16 32 64
348  297   41 0   7 1 7 1 2 4 8 16 32 64
349  662  322 0  26 1 7 1 2 4 8 16 32 64
350  388  701 0  28 1 7 1 2 4 8 16 32 64
351  872  954 0  59 1 7 1 2 4 8 16 32 64
352  811  522 0  30 1 7 1 2 4 8 16 32 64
353  841 1000 0  19 1 7 1 2 4 8 16 32 64
354  293  738 0  16 1 7 1 2 4 8 16 32 64
355  973   15 0  77 1 7 1 2 4 8 16 32 64
356  506  642 0  10 1 7 1 2 4 8 16 32 64
357   94  109 0  84 1 7 1 2 4 8 16 32 64
358  686  510 0  89 1 7 1 2 4 8 16 32 64
359  711  363 0  64 1 7 1 2 4 8 16 32 64
360  316    3 0  92 1 7 1 2 4 8 16 32 64
361  516   35 0   8 1 7 1 2 4 8 16 32 64
362  214  740 0  17 1 7 1 2 4 8 16 32 64
363  958  642 0  41 1 7 1 2 4 8 16 32 64
364  359   45 0   4 1 7 1 2 4 8 16 32 64
365  568  360 0  80 1 7 1 2 4 8 16 32 64
366  893  857 0  25 1 7 1 2 4 8 16 32 64
367  682  466 0  50 1 7 1 2 4 8 16 32 64
368   71  397 0  93 1 7 1 2 4 8 16 32 64
369  673  662 0  16 1 7 1 2 4 8 16 32 64
370  757  278 0 100 1 7 1 2 4 8 16 32 64
371  765   56 0  43 1 7 1 2 4 8 16 32 64
372  907  802 0  51 1 7 1 2 4 8 16 32 64
373  353  967 0  40 1 7 1 2 4 8 16 32 64
374  217  581 0   4 1 7 1 2 4 8 16 32 64
375  393  240 0  92 1 7 1 2 4 8 16 32 64
376  279  441 0  20 1 7 1 2 4 8 16 32 64
377  410  902 0  70 1 7 1 2 4 8 16 32 64
378  719  468 0  47 1 7 1 2 4 8 16 32 64
379  688  406 0  40 1 7 1 2 4 8 16 32 64
380   76  708 0  16 1 7 1 2 4 8 16 32 64
381  304  144 0  62 1 7 1 2 4 8 16 32 64
382  147  536 0  29 1 7 1 2 4 8 16 32 64
383  571  103 0  43 1 7 1 2 4 8 16 32 64
384  494  311 0  41 1 7 1 2 4 8 16 32 64
385   40  964 0  16 1 7 1 2 4 8 16 32 64
386  422  931 0  84 1 7 1 2 4 8 16 32 64
387  666  952 0  16 1 7 1 2 4 8 16 32 64
388  620  167 0  71 1 7 1 2 4 8 16 32 64
389  392  187 0  53 1 7 1 2 4 8 16 32 64
390  641  501 0  47 1 7 1 2 4 8 16 32 64
391  282  271 0  81 1 7 1 2 4 8 16 32 64
392  244  327 0  68 1 7 1 2 4 8 16 32 64
393  660  280 0  23 1 7 1 2 4 8 16 32 64
394  999  682 0  71 1 7 1 2 4 8 16 32 64
395  453  942 0  55 1 7 1 2 4 8 16 32 64
396  723  208 0  49 1 7 1 2 4 8 16 32 64
397  482  113 0  15 1 7 1 2 4 8 16 32 64
398  938  341 0  82 1 7 1 2 4 8 16 32 64
399  217  552 0   1 1 7 1 2 4 8 16 32 64
400  594  552 0  43 1 7 1 2 4 8 16 32 64
401  701  745 0   1 1 7 1 2 4 8 16 32 64
402  584  541 0  68 1 7 1 2 4 8 16 32 64
403  135  191 0   3 1 7 1 2 4 8 16 32 64
404  163  784 0  28 1 7 1 2 4 8 16 32 64
405  144   91 0  74 1 7 1 2 4 8 16 32 64
406  147  834 0   4 1 7 1 2 4 8 16 32 64
407  465  810 0  71 1 7 1 2 4 8 16 32 64
408   85  458 0  19 1 7 1 2 4 8 16 32 64
409  451  673 0  26 1 7 1 2 4 8 16 32 64
410  258  437 0  97 1 7 1 2 4 8 16 32 64
411   57  254 0  88 1 7 1 2 4 8 16 32 64
412  350  900 0  88 1 7 1 2 4 8 16 32 64
413  890  886 0  95 1 7 1 2 4 8 16 32 64
414  551  258 0  90 1 7 1 2 4 8 16 32 64
415  694  132 0  31 1 7 1 2 4 8 16 32 64
416  942  657 0  45 1 7 1 2 4 8 16 32 64
417  159  875 0   2 1 7 1 2 4 8 16 32 64
418  333  140 0  28 1 7 1 2 4 8 16 32 64
419  747  537 0  46 1 7 1 2 4 8 16 32 64
420  846   48 0  99 1 7 1 2 4 8 16 32 64
421  217  589 0  81 1 7 1 2 4 8 16 32 64
422  318  389 0  61 1 7 1 2 4 8 16 32 64
423  742  573 0  21 1 7 1 2 4 8 16 32 64
424  910  218 0  41 1 7 1 2 4 8 16 32 64
425  474  375 0  16 1 7 1 2 4 8 16 32 64
426  195  503 0   6 1 7 1 2 4 8 16 32 64
427  548  370 0  56 1 7 1 2 4 8 16 32 64
428  390  681 0  14 1 7 1 2 4 8 16 32 64
429  300  471 0  47 1 7 1 2 4 8 16 32 64
430  559  899 0  12 1 7 1 2 4 8 16 32 64
431  336  534 0  85 1 7 1 2 4 8 16 32 64
432  417  540 0   3 1 7 1 2 4 8 16 32 64
433  676  142 0  18 1 7 1 2 4 8 16 32 64
434  990  410 0  40 1 7 1 2 4 8 16 32 64
435  666   25 0  53 1 7 1 2 4 8 16 32 64
436  485  310 0  56 1 7 1 2 4 8 16 32 64
437  622  954 0  63 1 7 1 2 4 8 16 32 64
438  753  298 0  54 1 7 1 2 4 8 16 32 64
439  215  345 0   4 1 7 1 2 4 8 16 32 64
440  360  989 0  97 1 7 1 2 4 8 16 32 64
441  963  419 0  32 1 7 1 2 4 8 16 32 64
442  484  448 0  67 1 7 1 2 4 8 16 32 64
443  817  419 0   9 1 7 1 2 4 8 16 32 64
444  948  416 0  63 1 7 1 2 4 8 16 32 64
445  167  239 0  84 1 7 1 2 4 8 16 32 64
446  281  942 0  38 1 7 1 2 4 8 16 32 64
447  941  706 0  16 1 7 1 2 4 8 16 32 64
448  877   64 0  64 1 7 1 2 4 8 16 32 64
449  603  340 0  42 1 7 1 2 4 8 16 32 64
450  187  740 0  98 1 7 1 2 4 8 16 32 64
451  427   28 0  10 1 7 1 2 4 8 16 32 64
452  577  695 0  93 1 7 1 2 4 8 16 32 64
453  578  641 0  20 1 7 1 2 4 8 16 32 64
454  541  657 0   7 1 7 1 2 4 8 16 32 64
455  426  774 0  42 1 7 1 2 4 8 16 32 64
456  112  311 0  18 1 7 1 2 4 8 16 32 64
457  714  274 0   8 1 7 1 2 4 8 16 32 64
458  620  847 0  69 1 7 1 2 4 8 16 32 64
459   41  380 0  49 1 7 1 2 4 8 16 32 64
460  346  460 0  12 1 7 1 2 4 8 16 32 64
461  144  900 0  89 1 7 1 2 4 8 16 32 64
462  108   52 0  57 1 7 1 2 4 8 16 32 64
463  974  842 0  57 1 7 1 2 4 8 16 32 64
464  965  938 0  98 1 7 1 2 4 8 16 32 64
465  628  795 0  39 1 7 1 2 4 8 16 32 64
466  787  230 0  79 1 7 1 2 4 8 16 32 64
467  559  334 0  24 1 7 1 2 4 8 16 32 64
468  667  335 0  65 1 7 1 2 4 8 16 32 64
469  753  774 0  69 1 7 1 2 4 8 16 32 64
470  564  100 0  95 1 7 1 2 4 8 16 32 64
471  725  916 0  61 1 7 1 2 4 8 16 32 64
472  787   39 0  92 1 7 1 2 4 8 16 32 64
473  471  372 0  40 1 7 1 2 4 8 16 32 64
474   81  167 0  10 1 7 1 2 4 8 16 32 64
475  988  212 0   2 1 7 1 2 4 8 16 32 64
476  564  334 0  20 1 7 1 2 4 8 16 32 64
477  773  946 0  23 1 7 1 2 4 8 16 32 64
478  873  961 0  39 1 7 1 2 4 8 16 32 64
479  248  838 0  55 1 7 1 2 4 8 16 32 64
480  129   83 0  42 1 7 1 2 4 8 16 32 64
481  806  312 0  95 1 7 1 2 4 8 16 32 64
482  297  778 0  64 1 7 1 2 4 8 16 32 64
483  841  991 0  80 1 7 1 2 4 8 16 32 64
484  772  209 0  11 1 7 1 2 4 8 16 32 64
485  859  762 0  91 1 7 1 2 4 8 16 32 64
486  861  498 0  17 1 7 1 2 4 8 16 32 64
487  107  192 0  64 1 7 1 2 4 8 16 32 64
488  604  965 0  73 1 7 1 2 4 8 16 32 64
489  191  634 0  55 1 7 1 2 4 8 16 32 64
490  625  770 0  78 1 7 1 2 4 8 16 32 64
491  900   68 0  62 1 7 1 2 4 8 16 32 64
492  878  923 0  36 1 7 1 2 4 8 16 32 64
493  816  124 0  22 1 7 1 2 4 8 16 32 64
494  573  175 0  13 1 7 1 2 4 8 16 32 64
495  332  152 0   2 1 7 1 2 4 8 16 32 64
496    7  138 0  87 1 7 1 2 4 8 16 32 64
497   49   97 0  69 1 7 1 2 4 8 16 32 64
498  132   47 0  70 1 7 1 2 4 8 16 32 64
499  454  520 0  28 1 7 1 2 4 8 16 32 64
500   61  854 0  22 1 7 1 2 4 8 16 32 64
501  749  872 0  12 1 7 1 2 4 8 16 32 64
502  711  251 0  70 1 7 1 2 4 8 16 32 64
503  811  903 0  58 1 7 1 2 4 8 16 32 64
504  441  428 0  96 1 7 1 2 4 8 16 32 64
505   89  349 0  10 1 7 1 2 4 8 16 32 64
506  162   12 0  96 1 7 1 2 4 8 16 32 64
507  164  417 0  45 1 7 1 2 4 8 16 32 64
508  352  380 0   9 1 7 1 2 4 8 16 32 64
509  434  365 0  19 1 7 1 2 4 8 16 32 64
510  328  409 0  65 1 7 1 2 4 8 16 32 64
511  480  136 0  63 1 7 1 2 4 8 16 32 64
512  589  998 0  35 1 7 1 2 4 8 16 32 64
513  468  196 0  74 1 7 1 2 4 8 16 32 64
514  378  516 0  78 1 7 1 2 4 8 16 32 64
515   85  724 0  46 1 7 1 2 4 8 16 32 64
516  282  831 0  23 1 7 1 2 4 8 16 32 64
517  364  319 0  67 1 7 1 2 4 8 16 32 64
518  243  871 0  58 1 7 1 2 4 8 16 32 64
519  138  226 0   1 1 7 1 2 4 8 16 32 64
520  703  275 0   3 1 7 1 2 4 8 16 32 64
521  932   46 0  32 1 7 1 2 4 8 16 32 64
522  852  415 0  94 1 7 1 2 4 8 16 32 64
523  550  149 0  49 1 7 1 2 4 8 16 32 64
524  689  125 0  77 1 7 1 2 4 8 16 32 64
525  112  536 0  84 1 7 1 2 4 8 16 32 64
526  816  333 0  79 1 7 1 2 4 8 16 32 64
527  278  354 0  15 1 7 1 2 4 8 16 32 64
528  925  262 0  18 1 7 1 2 4 8 16 32 64
529  349  878 0  82 1 7 1 2 4 8 16 32 64
530  413  969 0  40 1 7 1 2 4 8 16 32 64
531  334  675 0  73 1 7 1 2 4 8 16 32 64
532  392  682 0  23 1 7 1 2 4 8 16 32 64
533  968  336 0  82 1 7 1 2 4 8 16 32 64
534  413  425 0   8 1 7 1 2 4 8 16 32 64
535  264  522 0  94 1 7 1 2 4 8 16 32 64
536  179  746 0  94 1 7 1 2 4 8 16 32 64
537  839  877 0  60 1 7 1 2 4 8 16 32 64
538  387  758 0  81 1 7 1 2 4 8 16 32 64
539  468  311 0  32 1 7 1 2 4 8 16 32 64
540  583  759 0  48 1 7 1 2 4 8 16 32 64
541  614  624 0  64 1 7 1 2 4 8 16 32 64
542   11  457 0  49 1 7 1 2 4 8 16 32 64
543  253   61 0  23 1 7 1 2 4 8 16 32 64
544  212  709 0  29 1 7 1 2 4 8 16 32 64
545  979  895 0  84 1 7 1 2 4 8 16 32 64
546  110  174 0  95 1 7 1 2 4 8 16 32 64
547   76  328 0  84 1 7 1 2 4 8 16 32 64
548  833    6 0  30 1 7 1 2 4 8 16 32 64
549  738  875 0  30 1 7 1 2 4 8 16 32 64
550  686  376 0 100 1 7 1 2 4 8 16 32 64
551   10   96 0  10 1 7 1 2 4 8 16 32 64
552  588  917 0  64 1 7 1 2 4 8 16 32 64
553  347  300 0  77 1 7 1 2 4 8 16 32 64
554  298   34 0  14 1 7 1 2 4 8 16 32 64
555  806  453 0  95 1 7 1 2 4 8 16 32 64
556  830  854 0  13 1 7 1 2 4 8 16 32 64
557   40  123 0  85 1 7 1 2 4 8 16 32 64
558  830  676 0  58 1 7 1 2 4 8 16 32 64
559   92  599 0  20 1 7 1 2 4 8 16 32 64
560  583  434 0  13 1 7 1 2 4 8 16 32 64
561  452  622 0  82 1 7 1 2 4 8 16 32 64
562  890  370 0  76 1 7 1 2 4 8 16 32 64
563  767  408 0  49 1 7 1 2 4 8 16 32 64
564  821   57 0   3 1 7 1 2 4 8 16 32 64
565  274  689 0   9 1 7 1 2 4 8 16 32 64
566  488  401 0  71 1 7 1 2 4 8 16 32 64
567  675  223 0  41 1 7 1 2 4 8 16 32 64
568  641  784 0  23 1 7 1 2 4 8 16 32 64
569  461  124 0   3 1 7 1 2 4 8 16 32 64
570  179  222 0   4 1 7 1 2 4 8 16 32 64
571  642  977 0   5 1 7 1 2 4 8 16 32 64
572  510  504 0  13 1 7 1 2 4 8 16 32 64
573  906  456 0  67 1 7 1 2 4 8 16 32 64
574  771   93 0  15 1 7 1 2 4 8 16 32 64
575  757  527 0  61 1 7 1 2 4 8 16 32 64
576  686  200 0  20 1 7 1 2 4 8 16 32 64
577  569   14 0  52 1 7 1 2 4 8 16 32 64
578  240  884 0  76 1 7 1 2 4 8 16 32 64
579  518  865 0  43 1 7 1 2 4 8 16 32 64
580   79  594 0  89 1 7 1 2 4 8 16 32 64
581   89  551 0  13 1 7 1 2 4 8 16 32 64
582   76  727 0  59 1 7 1 2 4 8 16 32 64
583  128  114 0  33 1 7 1 2 4 8 16 32 64
584  291  499 0  48 1 7 1 2 4 8 16 32 64
585  291  775 0  94 1 7 1 2 4 8 16 32 64
586  284  698 0  58 1 7 1 2 4 8 16 32 64
587  156  838 0  66 1 7 1 2 4 8 16 32 64
588  579  259 0  29 1 7 1 2 4 8 16 32 64
589  939    4 0  25 1 7 1 2 4 8 16 32 64
590  877  147 0  35 1 7 1 2 4 8 16 32 64
591  746   94 0  37 1 7 1 2 4 8 16 32 64
592  417  874 0   8 1 7 1 2 4 8 16 32 64
593  687  937 0  94 1 7 1 2 4 8 16 32 64
594  883  567 0  26 1 7 1 2 4 8 16 32 64
595  162  516 0  11 1 7 1 2 4 8 16 32 64
596  223  521 0  53 1 7 1 2 4 8 16 32 64
597  146  150 0  79 1 7 1 2 4 8 16 32 64
598  542  395 0  63 1 7 1 2 4 8 16 32 64
599  825  218 0   6 1 7 1 2 4 8 16 32 64
600  883  590 0  57 1 7 1 2 4 8 16 32 64
601  175  552 0  15 1 7 1 2 4 8 16 32 64
602  801  328 0   2 1 7 1 2 4 8 16 32 64
603    3  701 0  89 1 7 1 2 4 8 16 32 64
604  100  591 0  78 1 7 1 2 4 8 16 32 64
605  966  925 0  12 1 7 1 2 4 8 16 32 64
606  429  774 0  52 1 7 1 2 4 8 16 32 64
607  799  428 0  50 1 7 1 2 4 8 16 32 64
608  198  984 0  78 1 7 1 2 4 8 16 32 64
609   90  962 0  87 1 7 1 2 4 8 16 32 64
610  555  789 0  18 1 7 1 2 4 8 16 32 64
611  461  690 0  82 1 7 1 2 4 8 16 32 64
612  311  288 0  88 1 7 1 2 4 8 16 32 64
613  660   53 0  12 1 7 1 2 4 8 16 32 64
614  831  435 0  86 1 7 1 2 4 8 16 32 64
615  274  982 0  33 1 7 1 2 4 8 16 32 64
616  492  682 0  30 1 7 1 2 4 8 16 32 64
617  191  961 0  13 1 7 1 2 4 8 16 32 64
618  133  404 0  39 1 7 1 2 4 8 16 32 64
619  654   69 0  42 1 7 1 2 4 8 16 32 64
620   31  129 0  21 1 7 1 2 4 8 16 32 64
621  434  102 0  95 1 7 1 2 4 8 16 32 64
622  668  444 0  75 1 7 1 2 4 8 16 32 64
623  786  461 0  83 1 7 1 2 4 8 16 32 64
624  718   51 0  72 1 7 1 2 4 8 16 32 64
625 1000  938 0  44 1 7 1 2 4 8 16 32 64
626  303  989 0  14 1 7 1 2 4 8 16 32 64
627  211  844 0  46 1 7 1 2 4 8 16 32 64
628  148  684 0  73 1 7 1 2 4 8 16 32 64
629  671  675 0  13 1 7 1 2 4 8 16 32 64
630  446   52 0  23 1 7 1 2 4 8 16 32 64
631  353  615 0  38 1 7 1 2 4 8 16 32 64
632  548  591 0   8 1 7 1 2 4 8 16 32 64
633   56  694 0  49 1 7 1 2 4 8 16 32 64
634  620  237 0  36 1 7 1 2 4 8 16 32 64
635  271   49 0  21 1 7 1 2 4 8 16 32 64
636  805  889 0  38 1 7 1 2 4 8 16 32 64
637  275  566 0  60 1 7 1 2 4 8 16 32 64
638  338  807 0  88 1 7 1 2 4 8 16 32 64
639  683  926 0  97 1 7 1 2 4 8 16 32 64
640  643  974 0  81 1 7 1 2 4 8 16 32 64
641  193  782 0  75 1 7 1 2 4 8 16 32 64
642  832  172 0  95 1 7 1 2 4 8 16 32 64
643  398  852 0  34 1 7 1 2 4 8 16 32 64
644  204  739 0  69 1 7 1 2 4 8 16 32 64
645  689  828 0  97 1 7 1 2 4 8 16 32 64
646  367  134 0  67 1 7 1 2 4 8 16 32 64
647  430  934 0  27 1 7 1 2 4 8 16 32 64
648  430   96 0  39 1 7 1 2 4 8 16 32 64
649  114  601 0  74 1 7 1 2 4 8 16 32 64
650  282   27 0  93 1 7 1 2 4 8 16 32 64
651  351  586 0  77 1 7 1 2 4 8 16 32 64
652  689  664 0   8 1 7 1 2 4 8 16 32 64
653  828  937 0  86 1 7 1 2 4 8 16 32 64
654  963  234 0  36 1 7 1 2 4 8 16 32 64
655  958  564 0  85 1 7 1 2 4 8 16 32 64
656  281  761 0   9 1 7 1 2 4 8 16 32 64
657  748  658 0  72 1 7 1 2 4 8 16 32 64
658  132  535 0  73 1 7 1 2 4 8 16 32 64
659  306  436 0  72 1 7 1 2 4 8 16 32 64
660  917  440 0  61 1 7 1 2 4 8 16 32 64
661  787  519 0  55 1 7 1 2 4 8 16 32 64
662  530  163 0  97 1 7 1 2 4 8 16 32 64
663  419  184 0  33 1 7 1 2 4 8 16 32 64
664  897  549 0  69 1 7 1 2 4 8 16 32 64
665  487   38 0  63 1 7 1 2 4 8 16 32 64
666   50  898 0  13 1 7 1 2 4 8 16 32 64
667  758  682 0  99 1 7 1 2 4 8 16 32 64
668  395  875 0  87 1 7 1 2 4 8 16 32 64
669  723  907 0  84 1 7 1 2 4 8 16 32 64
670  773  241 0  36 1 7 1 2 4 8 16 32 64
671  325  460 0  96 1 7 1 2 4 8 16 32 64
672  931  519 0  64 1 7 1 2 4 8 16 32 64
673  556  944 0  82 1 7 1 2 4 8 16 32 64
674  150  543 0  75 1 7 1 2 4 8 16 32 64
675  589  276 0   9 1 7 1 2 4 8 16 32 64
676  694  262 0  59 1 7 1 2 4 8 16 32 64
677  115   50 0  62 1 7 1 2 4 8 16 32 64
678  497   63 0  80 1 7 1 2 4 8 16 32 64
679   17  496 0  65 1 7 1 2 4 8 16 32 64
680  439  622 0  93 1 7 1 2 4 8 16 32 64
681  928  413 0  67 1 7 1 2 4 8 16 32 64
682  111   40 0  29 1 7 1 2 4 8 16 32 64
683  633  446 0  20 1 7 1 2 4 8 16 32 64
684  156  632 0  77 1 7 1 2 4 8 16 32 64
685  470  271 0   2 1 7 1 2 4 8 16 32 64
686  795  262 0  58 1 7 1 2 4 8 16 32 64
687  516  618 0  22 1 7 1 2 4 8 16 32 64
688  956  928 0  56 1 7 1 2 4 8 16 32 64
689  567  832 0  40 1 7 1 2 4 8 16 32 64
690  893  790 0  79 1 7 1 2 4 8 16 32 64
691  729  936 0  77 1 7 1 2 4 8 16 32 64
692  783  341 0  60 1 7 1 2 4 8 16 32 64
693  650  945 0  82 1 7 1 2 4 8 16 32 64
694  681  835 0  31 1 7 1 2 4 8 16 32 64
695  727  388 0  36 1 7 1 2 4 8 16 32 64
696  860  997 0  72 1 7 1 2 4 8 16 32 64
697  454  907 0  47 1 7 1 2 4 8 16 32 64
698  313  305 0  89 1 7 1 2 4 8 16 32 64
699  404  577 0  42 1 7 1 2 4 8 16 32 64
700  715  868 0  11 1 7 1 2 4 8 16 32 64
701  595  973 0  52 1 7 1 2 4 8 16 32 64
702  421  328 0  55 1 7 1 2 4 8 16 32 64
703  515  257 0  13 1 7 1 2 4 8 16 32 64
704  933  929 0  13 1 7 1 2 4 8 16 32 64
705  835  241 0  53 1 7 1 2 4 8 16 32 64
706  543  638 0  30 1 7 1 2 4 8 16 32 64
707  676  459 0  41 1 7 1 2 4 8 16 32 64
708  414  978 0  37 1 7 1 2 4 8 16 32 64
709  870  593 0  71 1 7 1 2 4 8 16 32 64
710   26  672 0  74 1 7 1 2 4 8 16 32 64
711   36  519 0  82 1 7 1 2 4 8 16 32 64
712  267  436 0  84 1 7 1 2 4 8 16 32 64
713  915  925 0  29 1 7 1 2 4 8 16 32 64
714  126  269 0  33 1 7 1 2 4 8 16 32 64
715  349  341 0  83 1 7 1 2 4 8 16 32 64
716  828  810 0  74 1 7 1 2 4 8 16 32 64
717  432  712 0  50 1 7 1 2 4 8 16 32 64
718  647  567 0  27 1 7 1 2 4 8 16 32 64
719  678  648 0  96 1 7 1 2 4 8 16 32 64
720  590  853 0  70 1 7 1 2 4 8 16 32 64
721  871  413 0  32 1 7 1 2 4 8 16 32 64
722  268  438 0  35 1 7 1 2 4 8 16 32 64
723  833  839 0  66 1 7 1 2 4 8 16 32 64
724  702  133 0  64 1 7 1 2 4 8 16 32 64
725  178  682 0  85 1 7 1 2 4 8 16 32 64
726  365  112 0  63 1 7 1 2 4 8 16 32 64
727  927  211 0  26 1 7 1 2 4 8 16 32 64
728  721  667 0   5 1 7 1 2 4 8 16 32 64
729  447  729 0  88 1 7 1 2 4 8 16 32 64
730  934  850 0  64 1 7 1 2 4 8 16 32 64
731  634  167 0  87 1 7 1 2 4 8 16 32 64
732  969  748 0  92 1 7 1 2 4 8 16 32 64
733  779  975 0   4 1 7 1 2 4 8 16 32 64
734  751  228 0  93 1 7 1 2 4 8 16 32 64
735  860  476 0   0 0 0
736  258  222 0   0 0 0
737  672  686 0   0 0 0
738  364  858 0   0 0 0
739  422  249 0   0 0 0
740  495  849 0   0 0 0
741  213  400 0   0 0 0
