2 67 777 10
0 244
0 244
0 244
0 244
0 244
0 244
0 244
0 244
0 244
0 244
  1   69  504 0  60 1 10 1 2 4 8 16 32 64 128 256 512
  2  330    4 0  90 1 10 1 2 4 8 16 32 64 128 256 512
  3  639  545 0  17 1 10 1 2 4 8 16 32 64 128 256 512
  4  474  302 0  74 1 10 1 2 4 8 16 32 64 128 256 512
  5  318  272 0  54 1 10 1 2 4 8 16 32 64 128 256 512
  6  812  324 0  39 1 10 1 2 4 8 16 32 64 128 256 512
  7  722  285 0  21 1 10 1 2 4 8 16 32 64 128 256 512
  8  252  152 0  94 1 10 1 2 4 8 16 32 64 128 256 512
  9  146  350 0  65 1 10 1 2 4 8 16 32 64 128 256 512
 10  412  262 0  49 1 10 1 2 4 8 16 32 64 128 256 512
 11  887  781 0  29 1 10 1 2 4 8 16 32 64 128 256 512
 12  594   87 0  26 1 10 1 2 4 8 16 32 64 128 256 512
 13  772  663 0  17 1 10 1 2 4 8 16 32 64 128 256 512
 14  497  342 0  69 1 10 1 2 4 8 16 32 64 128 256 512
 15   64  807 0  82 1 10 1 2 4 8 16 32 64 128 256 512
 16  433  425 0  64 1 10 1 2 4 8 16 32 64 128 256 512
 17  755  697 0  53 1 10 1 2 4 8 16 32 64 128 256 512
 18   68  676 0   4 1 10 1 2 4 8 16 32 64 128 256 512
 19  750  678 0  94 1 10 1 2 4 8 16 32 64 128 256 512
 20  824  548 0  74 1 10 1 2 4 8 16 32 64 128 256 512
 21  312  365 0  19 1 10 1 2 4 8 16 32 64 128 256 512
 22  496  745 0  21 1 10 1 2 4 8 16 32 64 128 256 512
 23  634  725 0  65 1 10 1 2 4 8 16 32 64 128 256 512
 24  118  769 0  97 1 10 1 2 4 8 16 32 64 128 256 512
 25   59  158 0  20 1 10 1 2 4 8 16 32 64 128 256 512
 26  940  826 0   5 1 10 1 2 4 8 16 32 64 128 256 512
 27  677  385 0  21 1 10 1 2 4 8 16 32 64 128 256 512
 28  653  619 0  22 1 10 1 2 4 8 16 32 64 128 256 512
 29  294  786 0  72 1 10 1 2 4 8 16 32 64 128 256 512
 30  457  318 0  78 1 10 1 2 4 8 16 32 64 128 256 512
 31  564  325 0  87 1 10 1 2 4 8 16 32 64 128 256 512
 32  348  450 0  80 1 10 1 2 4 8 16 32 64 128 256 512
 33  995  149 0   6 1 10 1 2 4 8 16 32 64 128 256 512
 34  909   20 0  85 1 10 1 2 4 8 16 32 64 128 256 512
 35   76  450 0  17 1 10 1 2 4 8 16 32 64 128 256 512
 36  693  614 0  10 1 10 1 2 4 8 16 32 64 128 256 512
 37  414  544 0  86 1 10 1 2 4 8 16 32 64 128 256 512
 38  634  996 0  87 1 10 1 2 4 8 16 32 64 128 256 512
 39  874  660 0  38 1 10 1 2 4 8 16 32 64 128 256 512
 40  554  104 0  83 1 10 1 2 4 8 16 32 64 128 256 512
 41  315   16 0  45 1 10 1 2 4 8 16 32 64 128 256 512
 42  721  738 0  84 1 10 1 2 4 8 16 32 64 128 256 512
 43  206  874 0  22 1 10 1 2 4 8 16 32 64 128 256 512
 44   82  753 0  61 1 10 1 2 4 8 16 32 64 128 256 512
 45  147  568 0   4 1 10 1 2 4 8 16 32 64 128 256 512
 46  237  100 0  33 1 10 1 2 4 8 16 32 64 128 256 512
 47  471  614 0  83 1 10 1 2 4 8 16 32 64 128 256 512
 48  749  849 0  57 1 10 1 2 4 8 16 32 64 128 256 512
 49  700  686 0  18 1 10 1 2 4 8 16 32 64 128 256 512
 50   64  597 0  88 1 10 1 2 4 8 16 32 64 128 256 512
 51  833  233 0  61 1 10 1 2 4 8 16 32 64 128 256 512
 52  345  718 0  99 1 10 1 2 4 8 16 32 64 128 256 512
 53  174  400 0   7 1 10 1 2 4 8 16 32 64 128 256 512
 54  234  336 0  17 1 10 1 2 4 8 16 32 64 128 256 512
 55  849  838 0  78 1 10 1 2 4 8 16 32 64 128 256 512
 56  572  974 0  56 1 10 1 2 4 8 16 32 64 128 256 512
 57  962  795 0  33 1 10 1 2 4 8 16 32 64 128 256 512
 58  606  146 0  51 1 10 1 2 4 8 16 32 64 128 256 512
 59  597  400 0  25 1 10 1 2 4 8 16 32 64 128 256 512
 60  279  652 0  98 1 10 1 2 4 8 16 32 64 128 256 512
 61   29  941 0  94 1 10 1 2 4 8 16 32 64 128 256 512
 62  657  435 0  82 1 10 1 2 4 8 16 32 64 128 256 512
 63   97  986 0  48 1 10 1 2 4 8 16 32 64 128 256 512
 64  955  599 0  79 1 10 1 2 4 8 16 32 64 128 256 512
 65  708   68 0  61 1 10 1 2 4 8 16 32 64 128 256 512
 66  914   65 0  47 1 10 1 2 4 8 16 32 64 128 256 512
 67  306   27 0  24 1 10 1 2 4 8 16 32 64 128 256 512
 68  780  349 0  88 1 10 1 2 4 8 16 32 64 128 256 512
 69  690  562 0  19 1 10 1 2 4 8 16 32 64 128 256 512
 70  601  272 0  51 1 10 1 2 4 8 16 32 64 128 256 512
 71  984  336 0  33 1 10 1 2 4 8 16 32 64 128 256 512
 72  761  505 0  41 1 10 1 2 4 8 16 32 64 128 256 512
 73  581  330 0   8 1 10 1 2 4 8 16 32 64 128 256 512
 74  338  836 0  65 1 10 1 2 4 8 16 32 64 128 256 512
 75  165  970 0  48 1 10 1 2 4 8 16 32 64 128 256 512
 76  726  100 0   5 1 10 1 2 4 8 16 32 64 128 256 512
 77  182  102 0  69 1 10 1 2 4 8 16 32 64 128 256 512
 78  138  147 0  39 1 10 1 2 4 8 16 32 64 128 256 512
 79   76  326 0   3 1 10 1 2 4 8 16 32 64 128 256 512
 80  282  748 0  81 1 10 1 2 4 8 16 32 64 128 256 512
 81   60  571 0  72 1 10 1 2 4 8 16 32 64 128 256 512
 82  319  862 0  59 1 10 1 2 4 8 16 32 64 128 256 512
 83  759  690 0 100 1 10 1 2 4 8 16 32 64 128 256 512
 84   12  917 0  60 1 10 1 2 4 8 16 32 64 128 256 512
 85  474  679 0  74 1 10 1 2 4 8 16 32 64 128 256 512
 86  778   42 0  90 1 10 1 2 4 8 16 32 64 128 256 512
 87  937  170 0   3 1 10 1 2 4 8 16 32 64 128 256 512
 88  617  985 0  89 1 10 1 2 4 8 16 32 64 128 256 512
 89  545   71 0  91 1 10 1 2 4 8 16 32 64 128 256 512
 90  833  380 0  53 1 10 1 2 4 8 16 32 64 128 256 512
 91  670  987 0  51 1 10 1 2 4 8 16 32 64 128 256 512
 92  501  502 0  24 1 10 1 2 4 8 16 32 64 128 256 512
 93  344   11 0  81 1 10 1 2 4 8 16 32 64 128 256 512
 94  804   84 0  83 1 10 1 2 4 8 16 32 64 128 256 512
 95  314  854 0  70 1 10 1 2 4 8 16 32 64 128 256 512
 96  282  761 0  85 1 10 1 2 4 8 16 32 64 128 256 512
 97  445  769 0   8 1 10 1 2 4 8 16 32 64 128 256 512
 98  840  141 0  61 1 10 1 2 4 8 16 32 64 128 256 512
 99  339  779 0  67 1 10 1 2 4 8 16 32 64 128 256 512
100   97  777 0  20 1 10 1 2 4 8 16 32 64 128 256 512
101  943  652 0  12 1 10 1 2 4 8 16 32 64 128 256 512
102  973  866 0  95 1 10 1 2 4 8 16 32 64 128 256 512
103  168  407 0  44 1 10 1 2 4 8 16 32 64 128 256 512
104  666  787 0  30 1 10 1 2 4 8 16 32 64 128 256 512
105  406  375 0  78 1 10 1 2 4 8 16 32 64 128 256 512
106  538  518 0  65 1 10 1 2 4 8 16 32 64 128 256 512
107  986  399 0  94 1 10 1 2 4 8 16 32 64 128 256 512
108  241  513 0  75 1 10 1 2 4 8 16 32 64 128 256 512
109  356  706 0  46 1 10 1 2 4 8 16 32 64 128 256 512
110  761  856 0  95 1 10 1 2 4 8 16 32 64 128 256 512
111  113  740 0  78 1 10 1 2 4 8 16 32 64 128 256 512
112  183  874 0  62 1 10 1 2 4 8 16 32 64 128 256 512
113  934  110 0  72 1 10 1 2 4 8 16 32 64 128 256 512
114  803  803 0   2 1 10 1 2 4 8 16 32 64 128 256 512
115  321  680 0  90 1 10 1 2 4 8 16 32 64 128 256 512
116  820  235 0  21 1 10 1 2 4 8 16 32 64 128 256 512
117  465   79 0  80 1 10 1 2 4 8 16 32 64 128 256 512
118  397  808 0  72 1 10 1 2 4 8 16 32 64 128 256 512
119  653  309 0   1 1 10 1 2 4 8 16 32 64 128 256 512
120  210  568 0  56 1 10 1 2 4 8 16 32 64 128 256 512
121  450  314 0  58 1 10 1 2 4 8 16 32 64 128 256 512
122  522  395 0  80 1 10 1 2 4 8 16 32 64 128 256 512
123   43    4 0  15 1 10 1 2 4 8 16 32 64 128 256 512
124  466  587 0  33 1 10 1 2 4 8 16 32 64 128 256 512
125  942  603 0  20 1 10 1 2 4 8 16 32 64 128 256 512
126  432  835 0  48 1 10 1 2 4 8 16 32 64 128 256 512
127  888  146 0  59 1 10 1 2 4 8 16 32 64 128 256 512
128  917  239 0  15 1 10 1 2 4 8 16 32 64 128 256 512
129  633  690 0  27 1 10 1 2 4 8 16 32 64 128 256 512
130  107  383 0  44 1 10 1 2 4 8 16 32 64 128 256 512
131  359  576 0  14 1 10 1 2 4 8 16 32 64 128 256 512
132  352   72 0  79 1 10 1 2 4 8 16 32 64 128 256 512
133  953  694 0  47 1 10 1 2 4 8 16 32 64 128 256 512
134  685  544 0  84 1 10 1 2 4 8 16 32 64 128 256 512
135  837  892 0  79 1 10 1 2 4 8 16 32 64 128 256 512
136  244  909 0  27 1 10 1 2 4 8 16 32 64 128 256 512
137  891  391 0  80 1 10 1 2 4 8 16 32 64 128 256 512
138  234  393 0  15 1 10 1 2 4 8 16 32 64 128 256 512
139  701  312 0  35 1 10 1 2 4 8 16 32 64 128 256 512
140  165  829 0  62 1 10 1 2 4 8 16 32 64 128 256 512
141  812  945 0  78 1 10 1 2 4 8 16 32 64 128 256 512
142  898  627 0  81 1 10 1 2 4 8 16 32 64 128 256 512
143  576   12 0  86 1 10 1 2 4 8 16 32 64 128 256 512
144  901  473 0  37 1 10 1 2 4 8 16 32 64 128 256 512
145  985  274 0   8 1 10 1 2 4 8 16 32 64 128 256 512
146  644  194 0  16 1 10 1 2 4 8 16 32 64 128 256 512
147   73  992 0  57 1 10 1 2 4 8 16 32 64 128 256 512
148  509  357 0  47 1 10 1 2 4 8 16 32 64 128 256 512
149  126  806 0  27 1 10 1 2 4 8 16 32 64 128 256 512
150  548  446 0  39 1 10 1 2 4 8 16 32 64 128 256 512
151  204  571 0  37 1 10 1 2 4 8 16 32 64 128 256 512
152  381  206 0  65 1 10 1 2 4 8 16 32 64 128 256 512
153  235  498 0  83 1 10 1 2 4 8 16 32 64 128 256 512
154  131  524 0  57 1 10 1 2 4 8 16 32 64 128 256 512
155  325  396 0  36 1 10 1 2 4 8 16 32 64 128 256 512
156  846  318 0  64 1 10 1 2 4 8 16 32 64 128 256 512
157  783  713 0  84 1 10 1 2 4 8 16 32 64 128 256 512
158  228  456 0  65 1 10 1 2 4 8 16 32 64 128 256 512
159  397  840 0  65 1 10 1 2 4 8 16 32 64 128 256 512
160  304  253 0  27 1 10 1 2 4 8 16 32 64 128 256 512
161  536  479 0  58 1 10 1 2 4 8 16 32 64 128 256 512
162  448  901 0  72 1 10 1 2 4 8 16 32 64 128 256 512
163  704  920 0  19 1 10 1 2 4 8 16 32 64 128 256 512
164  105  574 0   8 1 10 1 2 4 8 16 32 64 128 256 512
165  484  562 0  12 1 10 1 2 4 8 16 32 64 128 256 512
166  273  180 0  56 1 10 1 2 4 8 16 32 64 128 256 512
167  305  358 0  11 1 10 1 2 4 8 16 32 64 128 256 512
168  627  349 0  90 1 10 1 2 4 8 16 32 64 128 256 512
169  487  244 0  25 1 10 1 2 4 8 16 32 64 128 256 512
170  203  950 0  77 1 10 1 2 4 8 16 32 64 128 256 512
171  548  104 0  81 1 10 1 2 4 8 16 32 64 128 256 512
172  794  955 0  27 1 10 1 2 4 8 16 32 64 128 256 512
173  218  914 0  79 1 10 1 2 4 8 16 32 64 128 256 512
174  304  719 0  97 1 10 1 2 4 8 16 32 64 128 256 512
175  966  158 0  57 1 10 1 2 4 8 16 32 64 128 256 512
176  703  753 0  58 1 10 1 2 4 8 16 32 64 128 256 512
177  808  762 0  23 1 10 1 2 4 8 16 32 64 128 256 512
178  327  955 0  42 1 10 1 2 4 8 16 32 64 128 256 512
179  685  850 0  16 1 10 1 2 4 8 16 32 64 128 256 512
180  501  156 0   4 1 10 1 2 4 8 16 32 64 128 256 512
181  181  415 0  90 1 10 1 2 4 8 16 32 64 128 256 512
182  461  567 0  32 1 10 1 2 4 8 16 32 64 128 256 512
183  625  387 0  88 1 10 1 2 4 8 16 32 64 128 256 512
184  449  677 0   4 1 10 1 2 4 8 16 32 64 128 256 512
185  645  447 0  65 1 10 1 2 4 8 16 32 64 128 256 512
186  870   56 0  34 1 10 1 2 4 8 16 32 64 128 256 512
187  285  287 0  95 1 10 1 2 4 8 16 32 64 128 256 512
188  530  866 0  64 1 10 1 2 4 8 16 32 64 128 256 512
189  128  535 0  59 1 10 1 2 4 8 16 32 64 128 256 512
190  174  765 0  80 1 10 1 2 4 8 16 32 64 128 256 512
191  430  765 0   2 1 10 1 2 4 8 16 32 64 128 256 512
192  249   97 0  20 1 10 1 2 4 8 16 32 64 128 256 512
193  352   28 0  86 1 10 1 2 4 8 16 32 64 128 256 512
194  798  253 0  70 1 10 1 2 4 8 16 32 64 128 256 512
195  219  785 0  26 1 10 1 2 4 8 16 32 64 128 256 512
196  919  506 0  51 1 10 1 2 4 8 16 32 64 128 256 512
197  298  876 0  56 1 10 1 2 4 8 16 32 64 128 256 512
198  993  691 0  18 1 10 1 2 4 8 16 32 64 128 256 512
199  312 1000 0  32 1 10 1 2 4 8 16 32 64 128 256 512
200  931  755 0  69 1 10 1 2 4 8 16 32 64 128 256 512
201  304  385 0  26 1 10 1 2 4 8 16 32 64 128 256 512
202  607  256 0  73 1 10 1 2 4 8 16 32 64 128 256 512
203  814  149 0  17 1 10 1 2 4 8 16 32 64 128 256 512
204  603  837 0  16 1 10 1 2 4 8 16 32 64 128 256 512
205  335  696 0  91 1 10 1 2 4 8 16 32 64 128 256 512
206  819  370 0  56 1 10 1 2 4 8 16 32 64 128 256 512
207  329  627 0  40 1 10 1 2 4 8 16 32 64 128 256 512
208  880  331 0  78 1 10 1 2 4 8 16 32 64 128 256 512
209  492  704 0  83 1 10 1 2 4 8 16 32 64 128 256 512
210  314  861 0  39 1 10 1 2 4 8 16 32 64 128 256 512
211  311  424 0  45 1 10 1 2 4 8 16 32 64 128 256 512
212  164  962 0  74 1 10 1 2 4 8 16 32 64 128 256 512
213  243  899 0  40 1 10 1 2 4 8 16 32 64 128 256 512
214  523  335 0  44 1 10 1 2 4 8 16 32 64 128 256 512
215  883  793 0   3 1 10 1 2 4 8 16 32 64 128 256 512
216  841  580 0   4 1 10 1 2 4 8 16 32 64 128 256 512
217  560  732 0  58 1 10 1 2 4 8 16 32 64 128 256 512
218  712  881 0  24 1 10 1 2 4 8 16 32 64 128 256 512
219  758   45 0   8 1 10 1 2 4 8 16 32 64 128 256 512
220  932  734 0  28 1 10 1 2 4 8 16 32 64 128 256 512
221  716  260 0  97 1 10 1 2 4 8 16 32 64 128 256 512
222  895  475 0  26 1 10 1 2 4 8 16 32 64 128 256 512
223  339  477 0  89 1 10 1 2 4 8 16 32 64 128 256 512
224  449  901 0  66 1 10 1 2 4 8 16 32 64 128 256 512
225   95  383 0  10 1 10 1 2 4 8 16 32 64 128 256 512
226  418  513 0  96 1 10 1 2 4 8 16 32 64 128 256 512
227  243  518 0  38 1 10 1 2 4 8 16 32 64 128 256 512
228  534  457 0  88 1 10 1 2 4 8 16 32 64 128 256 512
229  175  460 0   6 1 10 1 2 4 8 16 32 64 128 256 512
230  898   30 0  97 1 10 1 2 4 8 16 32 64 128 256 512
231  670  467 0  44 1 10 1 2 4 8 16 32 64 128 256 512
232   41   97 0  23 1 10 1 2 4 8 16 32 64 128 256 512
233  515  950 0  36 1 10 1 2 4 8 16 32 64 128 256 512
234  709  836 0  35 1 10 1 2 4 8 16 32 64 128 256 512
235  545  359 0  69 1 10 1 2 4 8 16 32 64 128 256 512
236  522  928 0  21 1 10 1 2 4 8 16 32 64 128 256 512
237  583  427 0  64 1 10 1 2 4 8 16 32 64 128 256 512
238  603  797 0  52 1 10 1 2 4 8 16 32 64 128 256 512
239  626  943 0  49 1 10 1 2 4 8 16 32 64 128 256 512
240  216  571 0  51 1 10 1 2 4 8 16 32 64 128 256 512
241  149  309 0  24 1 10 1 2 4 8 16 32 64 128 256 512
242  959  930 0  96 1 10 1 2 4 8 16 32 64 128 256 512
243  360  184 0  91 1 10 1 2 4 8 16 32 64 128 256 512
244  985  507 0   3 1 10 1 2 4 8 16 32 64 128 256 512
245  551  818 0   9 1 10 1 2 4 8 16 32 64 128 256 512
246  113  992 0  94 1 10 1 2 4 8 16 32 64 128 256 512
247  260  493 0   9 1 10 1 2 4 8 16 32 64 128 256 512
248   36  150 0  11 1 10 1 2 4 8 16 32 64 128 256 512
249  203    4 0   3 1 10 1 2 4 8 16 32 64 128 256 512
250   59  940 0 100 1 10 1 2 4 8 16 32 64 128 256 512
251  172  510 0   5 1 10 1 2 4 8 16 32 64 128 256 512
252  366  434 0  62 1 10 1 2 4 8 16 32 64 128 256 512
253  813  509 0  63 1 10 1 2 4 8 16 32 64 128 256 512
254  898  611 0  59 1 10 1 2 4 8 16 32 64 128 256 512
255  920  610 0  52 1 10 1 2 4 8 16 32 64 128 256 512
256  379  371 0   6 1 10 1 2 4 8 16 32 64 128 256 512
257  286  908 0  90 1 10 1 2 4 8 16 32 64 128 256 512
258  960  157 0 100 1 10 1 2 4 8 16 32 64 128 256 512
259  881   45 0  38 1 10 1 2 4 8 16 32 64 128 256 512
260  915  406 0  35 1 10 1 2 4 8 16 32 64 128 256 512
261  159  427 0  42 1 10 1 2 4 8 16 32 64 128 256 512
262  525  862 0  98 1 10 1 2 4 8 16 32 64 128 256 512
263  603  876 0  43 1 10 1 2 4 8 16 32 64 128 256 512
264  498   35 0  14 1 10 1 2 4 8 16 32 64 128 256 512
265  793  485 0  24 1 10 1 2 4 8 16 32 64 128 256 512
266  421  406 0  52 1 10 1 2 4 8 16 32 64 128 256 512
267  265  782 0  72 1 10 1 2 4 8 16 32 64 128 256 512
268  544  824 0  97 1 10 1 2 4 8 16 32 64 128 256 512
269  410  268 0  74 1 10 1 2 4 8 16 32 64 128 256 512
270  104  205 0   7 1 10 1 2 4 8 16 32 64 128 256 512
271  128   86 0  37 1 10 1 2 4 8 16 32 64 128 256 512
272   56  449 0  95 1 10 1 2 4 8 16 32 64 128 256 512
273   99  532 0  92 1 10 1 2 4 8 16 32 64 128 256 512
274 1000  140 0  79 1 10 1 2 4 8 16 32 64 128 256 512
275  842  508 0  44 1 10 1 2 4 8 16 32 64 128 256 512
276  696  430 0  97 1 10 1 2 4 8 16 32 64 128 256 512
277  664  251 0  11 1 10 1 2 4 8 16 32 64 128 256 512
278  112  553 0  75 1 10 1 2 4 8 16 32 64 128 256 512
279  526  729 0   6 1 10 1 2 4 8 16 32 64 128 256 512
280  373  259 0  96 1 10 1 2 4 8 16 32 64 128 256 512
281  862   86 0  93 1 10 1 2 4 8 16 32 64 128 256 512
282  647    1 0  34 1 10 1 2 4 8 16 32 64 128 256 512
283  533  335 0  12 1 10 1 2 4 8 16 32 64 128 256 512
284  592  610 0  24 1 10 1 2 4 8 16 32 64 128 256 512
285  525  368 0  69 1 10 1 2 4 8 16 32 64 128 256 512
286  210  413 0  26 1 10 1 2 4 8 16 32 64 128 256 512
287  940  326 0  58 1 10 1 2 4 8 16 32 64 128 256 512
288  429  424 0  71 1 10 1 2 4 8 16 32 64 128 256 512
289  391   37 0  53 1 10 1 2 4 8 16 32 64 128 256 512
290  923  808 0  55 1 10 1 2 4 8 16 32 64 128 256 512
291  607  855 0  56 1 10 1 2 4 8 16 32 64 128 256 512
292  488  625 0  61 1 10 1 2 4 8 16 32 64 128 256 512
293  605  857 0  15 1 10 1 2 4 8 16 32 64 128 256 512
294  298  567 0  42 1 10 1 2 4 8 16 32 64 128 256 512
295  310   27 0  51 1 10 1 2 4 8 16 32 64 128 256 512
296  308  626 0  67 1 10 1 2 4 8 16 32 64 128 256 512
297  940  883 0  91 1 10 1 2 4 8 16 32 64 128 256 512
298  415  556 0  41 1 10 1 2 4 8 16 32 64 128 256 512
299  311   49 0  39 1 10 1 2 4 8 16 32 64 128 256 512
300  253  691 0  24 1 10 1 2 4 8 16 32 64 128 256 512
301  464  864 0  89 1 10 1 2 4 8 16 32 64 128 256 512
302   41  837 0  56 1 10 1 2 4 8 16 32 64 128 256 512
303  808  837 0  31 1 10 1 2 4 8 16 32 64 128 256 512
304  483  964 0  63 1 10 1 2 4 8 16 32 64 128 256 512
305  778  597 0  67 1 10 1 2 4 8 16 32 64 128 256 512
306  172  670 0  94 1 10 1 2 4 8 16 32 64 128 256 512
307  605  922 0  54 1 10 1 2 4 8 16 32 64 128 256 512
308  826  839 0  79 1 10 1 2 4 8 16 32 64 128 256 512
309  370   89 0   5 1 10 1 2 4 8 16 32 64 128 256 512
310  791  507 0  53 1 10 1 2 4 8 16 32 64 128 256 512
311  510  929 0  93 1 10 1 2 4 8 16 32 64 128 256 512
312  740  697 0  56 1 10 1 2 4 8 16 32 64 128 256 512
313  705  331 0   9 1 10 1 2 4 8 16 32 64 128 256 512
314  310  722 0  69 1 10 1 2 4 8 16 32 64 128 256 512
315  877  167 0  25 1 10 1 2 4 8 16 32 64 128 256 512
316  727  855 0  52 1 10 1 2 4 8 16 32 64 128 256 512
317  810  565 0  81 1 10 1 2 4 8 16 32 64 128 256 512
318  196   73 0  24 1 10 1 2 4 8 16 32 64 128 256 512
319  884  536 0  86 1 10 1 2 4 8 16 32 64 128 256 512
320  455  697 0   8 1 10 1 2 4 8 16 32 64 128 256 512
321  576  638 0  74 1 10 1 2 4 8 16 32 64 128 256 512
322  456  129 0  61 1 10 1 2 4 8 16 32 64 128 256 512
323   84  780 0  62 1 10 1 2 4 8 16 32 64 128 256 512
324  595  886 0 100 1 10 1 2 4 8 16 32 64 128 256 512
325  198  248 0  83 1 10 1 2 4 8 16 32 64 128 256 512
326  864  152 0  32 1 10 1 2 4 8 16 32 64 128 256 512
327  305  678 0  98 1 10 1 2 4 8 16 32 64 128 256 512
328   28  750 0 100 1 10 1 2 4 8 16 32 64 128 256 512
329  751  115 0   7 1 10 1 2 4 8 16 32 64 128 256 512
330  663  348 0  14 1 10 1 2 4 8 16 32 64 128 256 512
331  135  591 0  65 1 10 1 2 4 8 16 32 64 128 256 512
332  376  896 0  30 1 10 1 2 4 8 16 32 64 128 256 512
333  458   64 0  23 1 10 1 2 4 8 16 32 64 128 256 512
334  532  323 0  94 1 10 1 2 4 8 16 32 64 128 256 512
335  294  699 0  53 1 10 1 2 4 8 16 32 64 128 256 512
336  890  948 0  85 1 10 1 2 4 8 16 32 64 128 256 512
337  818  449 0  10 1 10 1 2 4 8 16 32 64 128 256 512
338  360   99 0  58 1 10 1 2 4 8 16 32 64 128 256 512
339  964  530 0   6 1 10 1 2 4 8 16 32 64 128 256 512
340  796  910 0  24 1 10 1 2 4 8 16 32 64 128 256 512
341  447    2 0   4 1 10 1 2 4 8 16 32 64 128 256 512
342  369  401 0  96 1 10 1 2 4 8 16 32 64 128 256 512
343  605  493 0  48 1 10 1 2 4 8 16 32 64 128 256 512
344  385  699 0  10 1 10 1 2 4 8 16 32 64 128 256 512
345  158  691 0  63 1 10 1 2 4 8 16 32 64 128 256 512
346  399  462 0  24 1 10 1 2 4 8 16 32 64 128 256 512
347  862  434 0  43 1 10 1 2 4 8 16 32 64 128 256 512
348   29  310 0  32 1 10 1 2 4 8 16 32 64 128 256 512
349  754  134 0  96 1 10 1 2 4 8 16 32 64 128 256 512
350  875  427 0   4 1 10 1 2 4 8 16 32 64 128 256 512
351  129  661 0  46 1 10 1 2 4 8 16 32 64 128 256 512
352  270  329 0  69 1 10 1 2 4 8 16 32 64 128 256 512
353  342  874 0  34 1 10 1 2 4 8 16 32 64 128 256 512
354   40  579 0  46 1 10 1 2 4 8 16 32 64 128 256 512
355   59  743 0  97 1 10 1 2 4 8 16 32 64 128 256 512
356  570  975 0  33 1 10 1 2 4 8 16 32 64 128 256 512
357  403  559 0  50 1 10 1 2 4 8 16 32 64 128 256 512
358  690   12 0  79 1 10 1 2 4 8 16 32 64 128 256 512
359  341  850 0  57 1 10 1 2 4 8 16 32 64 128 256 512
360  488  668 0  15 1 10 1 2 4 8 16 32 64 128 256 512
361  402  886 0  93 1 10 1 2 4 8 16 32 64 128 256 512
362  919  741 0  10 1 10 1 2 4 8 16 32 64 128 256 512
363  435  926 0  38 1 10 1 2 4 8 16 32 64 128 256 512
364  709  605 0  89 1 10 1 2 4 8 16 32 64 128 256 512
365  505  899 0  64 1 10 1 2 4 8 16 32 64 128 256 512
366  533  983 0  17 1 10 1 2 4 8 16 32 64 128 256 512
367  388  826 0  47 1 10 1 2 4 8 16 32 64 128 256 512
368  389  432 0  73 1 10 1 2 4 8 16 32 64 128 256 512
369   92  191 0  20 1 10 1 2 4 8 16 32 64 128 256 512
370  580  743 0  71 1 10 1 2 4 8 16 32 64 128 256 512
371  918  753 0  81 1 10 1 2 4 8 16 32 64 128 256 512
372  259  691 0  80 1 10 1 2 4 8 16 32 64 128 256 512
373  225  203 0  29 1 10 1 2 4 8 16 32 64 128 256 512
374  839  269 0  66 1 10 1 2 4 8 16 32 64 128 256 512
375  165  267 0  21 1 10 1 2 4 8 16 32 64 128 256 512
376  193  159 0  82 1 10 1 2 4 8 16 32 64 128 256 512
377  987  841 0  65 1 10 1 2 4 8 16 32 64 128 256 512
378  985  417 0  11 1 10 1 2 4 8 16 32 64 128 256 512
379  475   27 0  35 1 10 1 2 4 8 16 32 64 128 256 512
380  661  665 0  69 1 10 1 2 4 8 16 32 64 128 256 512
381  423  710 0  33 1 10 1 2 4 8 16 32 64 128 256 512
382  596   51 0   9 1 10 1 2 4 8 16 32 64 128 256 512
383  713  636 0  46 1 10 1 2 4 8 16 32 64 128 256 512
384  148  363 0  58 1 10 1 2 4 8 16 32 64 128 256 512
385  157  612 0  30 1 10 1 2 4 8 16 32 64 128 256 512
386  964  858 0  26 1 10 1 2 4 8 16 32 64 128 256 512
387  615  108 0  18 1 10 1 2 4 8 16 32 64 128 256 512
388    1    5 0  20 1 10 1 2 4 8 16 32 64 128 256 512
389  671  656 0  57 1 10 1 2 4 8 16 32 64 128 256 512
390  257  357 0  16 1 10 1 2 4 8 16 32 64 128 256 512
391  124   99 0  91 1 10 1 2 4 8 16 32 64 128 256 512
392  911  849 0  28 1 10 1 2 4 8 16 32 64 128 256 512
393  368  398 0  54 1 10 1 2 4 8 16 32 64 128 256 512
394  437  187 0  64 1 10 1 2 4 8 16 32 64 128 256 512
395   30  906 0  11 1 10 1 2 4 8 16 32 64 128 256 512
396  570  840 0  71 1 10 1 2 4 8 16 32 64 128 256 512
397  946  143 0  58 1 10 1 2 4 8 16 32 64 128 256 512
398  292  102 0  41 1 10 1 2 4 8 16 32 64 128 256 512
399  287  824 0 100 1 10 1 2 4 8 16 32 64 128 256 512
400  676  653 0  79 1 10 1 2 4 8 16 32 64 128 256 512
401  825  252 0  34 1 10 1 2 4 8 16 32 64 128 256 512
402  521  758 0  54 1 10 1 2 4 8 16 32 64 128 256 512
403  192  859 0  39 1 10 1 2 4 8 16 32 64 128 256 512
404  578  190 0  35 1 10 1 2 4 8 16 32 64 128 256 512
405  478  244 0   6 1 10 1 2 4 8 16 32 64 128 256 512
406  426  334 0  14 1 10 1 2 4 8 16 32 64 128 256 512
407  619  332 0  91 1 10 1 2 4 8 16 32 64 128 256 512
408   25  426 0  77 1 10 1 2 4 8 16 32 64 128 256 512
409  259  564 0  89 1 10 1 2 4 8 16 32 64 128 256 512
410  239   60 0  13 1 10 1 2 4 8 16 32 64 128 256 512
411  645  454 0  91 1 10 1 2 4 8 16 32 64 128 256 512
412  971  191 0  41 1 10 1 2 4 8 16 32 64 128 256 512
413  297  395 0  99 1 10 1 2 4 8 16 32 64 128 256 512
414  364  332 0  82 1 10 1 2 4 8 16 32 64 128 256 512
415  117  699 0  67 1 10 1 2 4 8 16 32 64 128 256 512
416   67  662 0   4 1 10 1 2 4 8 16 32 64 128 256 512
417  307  745 0  44 1 10 1 2 4 8 16 32 64 128 256 512
418  810  396 0  21 1 10 1 2 4 8 16 32 64 128 256 512
419  803  536 0  71 1 10 1 2 4 8 16 32 64 128 256 512
420  796  270 0  66 1 10 1 2 4 8 16 32 64 128 256 512
421  821  843 0  22 1 10 1 2 4 8 16 32 64 128 256 512
422  946   31 0  39 1 10 1 2 4 8 16 32 64 128 256 512
423  500  488 0  53 1 10 1 2 4 8 16 32 64 128 256 512
424  924  791 0  83 1 10 1 2 4 8 16 32 64 128 256 512
425  214  467 0  63 1 10 1 2 4 8 16 32 64 128 256 512
426  675   12 0  99 1 10 1 2 4 8 16 32 64 128 256 512
427  911  762 0  46 1 10 1 2 4 8 16 32 64 128 256 512
428  263  756 0  84 1 10 1 2 4 8 16 32 64 128 256 512
429  240  437 0  42 1 10 1 2 4 8 16 32 64 128 256 512
430  564  362 0  19 1 10 1 2 4 8 16 32 64 128 256 512
431  421  207 0   7 1 10 1 2 4 8 16 32 64 128 256 512
432  610  500 0   6 1 10 1 2 4 8 16 32 64 128 256 512
433  106  804 0  87 1 10 1 2 4 8 16 32 64 128 256 512
434  715  434 0  18 1 10 1 2 4 8 16 32 64 128 256 512
435  290  168 0  53 1 10 1 2 4 8 16 32 64 128 256 512
436  461  358 0  58 1 10 1 2 4 8 16 32 64 128 256 512
437  240  622 0  35 1 10 1 2 4 8 16 32 64 128 256 512
438  504  879 0  51 1 10 1 2 4 8 16 32 64 128 256 512
439  891  788 0   1 1 10 1 2 4 8 16 32 64 128 256 512
440  931  412 0  69 1 10 1 2 4 8 16 32 64 128 256 512
441  820  823 0  69 1 10 1 2 4 8 16 32 64 128 256 512
442  394  745 0  49 1 10 1 2 4 8 16 32 64 128 256 512
443  883  499 0  65 1 10 1 2 4 8 16 32 64 128 256 512
444  426  645 0   2 1 10 1 2 4 8 16 32 64 128 256 512
445  543  100 0  92 1 10 1 2 4 8 16 32 64 128 256 512
446   41    1 0  95 1 10 1 2 4 8 16 32 64 128 256 512
447  807   38 0  74 1 10 1 2 4 8 16 32 64 128 256 512
448  976  862 0   7 1 10 1 2 4 8 16 32 64 128 256 512
449  829  230 0  66 1 10 1 2 4 8 16 32 64 128 256 512
450  992  454 0  53 1 10 1 2 4 8 16 32 64 128 256 512
451  521  272 0  50 1 10 1 2 4 8 16 32 64 128 256 512
452  643  857 0  67 1 10 1 2 4 8 16 32 64 128 256 512
453  175  661 0  41 1 10 1 2 4 8 16 32 64 128 256 512
454  631  670 0  87 1 10 1 2 4 8 16 32 64 128 256 512
455  345  523 0  42 1 10 1 2 4 8 16 32 64 128 256 512
456  769  932 0  55 1 10 1 2 4 8 16 32 64 128 256 512
457  594  803 0  14 1 10 1 2 4 8 16 32 64 128 256 512
458  434  873 0  97 1 10 1 2 4 8 16 32 64 128 256 512
459  577   63 0  49 1 10 1 2 4 8 16 32 64 128 256 512
460   43  593 0  49 1 10 1 2 4 8 16 32 64 128 256 512
461  826  558 0  46 1 10 1 2 4 8 16 32 64 128 256 512
462  617  724 0   9 1 10 1 2 4 8 16 32 64 128 256 512
463  752  369 0  47 1 10 1 2 4 8 16 32 64 128 256 512
464  593  188 0  76 1 10 1 2 4 8 16 32 64 128 256 512
465  211  289 0  81 1 10 1 2 4 8 16 32 64 128 256 512
466  608  209 0  66 1 10 1 2 4 8 16 32 64 128 256 512
467  379  937 0  59 1 10 1 2 4 8 16 32 64 128 256 512
468  309  783 0  22 1 10 1 2 4 8 16 32 64 128 256 512
469  793  251 0  54 1 10 1 2 4 8 16 32 64 128 256 512
470  329  608 0  59 1 10 1 2 4 8 16 32 64 128 256 512
471  990  141 0  36 1 10 1 2 4 8 16 32 64 128 256 512
472  657  484 0  65 1 10 1 2 4 8 16 32 64 128 256 512
473  159  647 0  79 1 10 1 2 4 8 16 32 64 128 256 512
474  839  159 0  65 1 10 1 2 4 8 16 32 64 128 256 512
475  918  836 0  50 1 10 1 2 4 8 16 32 64 128 256 512
476  864  871 0   3 1 10 1 2 4 8 16 32 64 128 256 512
477  819  641 0 100 1 10 1 2 4 8 16 32 64 128 256 512
478  130  160 0   3 1 10 1 2 4 8 16 32 64 128 256 512
479  162    8 0  98 1 10 1 2 4 8 16 32 64 128 256 512
480  903  524 0  99 1 10 1 2 4 8 16 32 64 128 256 512
481  342  284 0   1 1 10 1 2 4 8 16 32 64 128 256 512
482  599  278 0  99 1 10 1 2 4 8 16 32 64 128 256 512
483  630  382 0  93 1 10 1 2 4 8 16 32 64 128 256 512
484  100  751 0   4 1 10 1 2 4 8 16 32 64 128 256 512
485  293  793 0  75 1 10 1 2 4 8 16 32 64 128 256 512
486  905  361 0  23 1 10 1 2 4 8 16 32 64 128 256 512
487  278  785 0  66 1 10 1 2 4 8 16 32 64 128 256 512
488  764  224 0  33 1 10 1 2 4 8 16 32 64 128 256 512
489  284  588 0  63 1 10 1 2 4 8 16 32 64 128 256 512
490  485  374 0   5 1 10 1 2 4 8 16 32 64 128 256 512
491  320  144 0  77 1 10 1 2 4 8 16 32 64 128 256 512
492  948    0 0   4 1 10 1 2 4 8 16 32 64 128 256 512
493  339  939 0  85 1 10 1 2 4 8 16 32 64 128 256 512
494  506  194 0  39 1 10 1 2 4 8 16 32 64 128 256 512
495    0  329 0  71 1 10 1 2 4 8 16 32 64 128 256 512
496  590  518 0  63 1 10 1 2 4 8 16 32 64 128 256 512
497  597  612 0  61 1 10 1 2 4 8 16 32 64 128 256 512
498  948  511 0   9 1 10 1 2 4 8 16 32 64 128 256 512
499  415  641 0  86 1 10 1 2 4 8 16 32 64 128 256 512
500  951  831 0  52 1 10 1 2 4 8 16 32 64 128 256 512
501  597  779 0  79 1 10 1 2 4 8 16 32 64 128 256 512
502  806  326 0  21 1 10 1 2 4 8 16 32 64 128 256 512
503  491   56 0  94 1 10 1 2 4 8 16 32 64 128 256 512
504  971  671 0  88 1 10 1 2 4 8 16 32 64 128 256 512
505  940  578 0   7 1 10 1 2 4 8 16 32 64 128 256 512
506  515  912 0  22 1 10 1 2 4 8 16 32 64 128 256 512
507  228  501 0  33 1 10 1 2 4 8 16 32 64 128 256 512
508  445  473 0  83 1 10 1 2 4 8 16 32 64 128 256 512
509  848  782 0  44 1 10 1 2 4 8 16 32 64 128 256 512
510  929  394 0  85 1 10 1 2 4 8 16 32 64 128 256 512
511  515  938 0  86 1 10 1 2 4 8 16 32 64 128 256 512
512  803  883 0   1 1 10 1 2 4 8 16 32 64 128 256 512
513  134  761 0  13 1 10 1 2 4 8 16 32 64 128 256 512
514  600  926 0  81 1 10 1 2 4 8 16 32 64 128 256 512
515  636  902 0  13 1 10 1 2 4 8 16 32 64 128 256 512
516  946  542 0   9 1 10 1 2 4 8 16 32 64 128 256 512
517  354  460 0  91 1 10 1 2 4 8 16 32 64 128 256 512
518  396  852 0   8 1 10 1 2 4 8 16 32 64 128 256 512
519  663  170 0  67 1 10 1 2 4 8 16 32 64 128 256 512
520  430  268 0  93 1 10 1 2 4 8 16 32 64 128 256 512
521  644  450 0  77 1 10 1 2 4 8 16 32 64 128 256 512
522  649   98 0  31 1 10 1 2 4 8 16 32 64 128 256 512
523  425  902 0  49 1 10 1 2 4 8 16 32 64 128 256 512
524  251  735 0  47 1 10 1 2 4 8 16 32 64 128 256 512
525  848  735 0  85 1 10 1 2 4 8 16 32 64 128 256 512
526  224  966 0  52 1 10 1 2 4 8 16 32 64 128 256 512
527  796  272 0  71 1 10 1 2 4 8 16 32 64 128 256 512
528  283  851 0  78 1 10 1 2 4 8 16 32 64 128 256 512
529  269   76 0  53 1 10 1 2 4 8 16 32 64 128 256 512
530  469  507 0  13 1 10 1 2 4 8 16 32 64 128 256 512
531  247  371 0  47 1 10 1 2 4 8 16 32 64 128 256 512
532  232  238 0  84 1 10 1 2 4 8 16 32 64 128 256 512
533  429  941 0  23 1 10 1 2 4 8 16 32 64 128 256 512
534  230   15 0  60 1 10 1 2 4 8 16 32 64 128 256 512
535  219  977 0  68 1 10 1 2 4 8 16 32 64 128 256 512
536   15  288 0  95 1 10 1 2 4 8 16 32 64 128 256 512
537  625  583 0   5 1 10 1 2 4 8 16 32 64 128 256 512
538  778  865 0  44 1 10 1 2 4 8 16 32 64 128 256 512
539  652  556 0  48 1 10 1 2 4 8 16 32 64 128 256 512
540  810   67 0  29 1 10 1 2 4 8 16 32 64 128 256 512
541  223  608 0  21 1 10 1 2 4 8 16 32 64 128 256 512
542  152  444 0  31 1 10 1 2 4 8 16 32 64 128 256 512
543  197  473 0  89 1 10 1 2 4 8 16 32 64 128 256 512
544  562  960 0  70 1 10 1 2 4 8 16 32 64 128 256 512
545  870  744 0  81 1 10 1 2 4 8 16 32 64 128 256 512
546  192  888 0  67 1 10 1 2 4 8 16 32 64 128 256 512
547  804  835 0  46 1 10 1 2 4 8 16 32 64 128 256 512
548  679  831 0  74 1 10 1 2 4 8 16 32 64 128 256 512
549  751  825 0  12 1 10 1 2 4 8 16 32 64 128 256 512
550  188  238 0  37 1 10 1 2 4 8 16 32 64 128 256 512
551  829   14 0  78 1 10 1 2 4 8 16 32 64 128 256 512
552  986  643 0  56 1 10 1 2 4 8 16 32 64 128 256 512
553  260   15 0  42 1 10 1 2 4 8 16 32 64 128 256 512
554  478  205 0  18 1 10 1 2 4 8 16 32 64 128 256 512
555  326  535 0  54 1 10 1 2 4 8 16 32 64 128 256 512
556  999   65 0  70 1 10 1 2 4 8 16 32 64 128 256 512
557  300  394 0  11 1 10 1 2 4 8 16 32 64 128 256 512
558  825  676 0  25 1 10 1 2 4 8 16 32 64 128 256 512
559  714  956 0  75 1 10 1 2 4 8 16 32 64 128 256 512
560  321  735 0  86 1 10 1 2 4 8 16 32 64 128 256 512
561  439   14 0  38 1 10 1 2 4 8 16 32 64 128 256 512
562  432  420 0  58 1 10 1 2 4 8 16 32 64 128 256 512
563  606  573 0  40 1 10 1 2 4 8 16 32 64 128 256 512
564  817  430 0  48 1 10 1 2 4 8 16 32 64 128 256 512
565  879  238 0  49 1 10 1 2 4 8 16 32 64 128 256 512
566  747  920 0  36 1 10 1 2 4 8 16 32 64 128 256 512
567  113   39 0  49 1 10 1 2 4 8 16 32 64 128 256 512
568  565  174 0   3 1 10 1 2 4 8 16 32 64 128 256 512
569  872  705 0  12 1 10 1 2 4 8 16 32 64 128 256 512
570   82  637 0  20 1 10 1 2 4 8 16 32 64 128 256 512
571  879  625 0  49 1 10 1 2 4 8 16 32 64 128 256 512
572  689  615 0  30 1 10 1 2 4 8 16 32 64 128 256 512
573  896  367 0  88 1 10 1 2 4 8 16 32 64 128 256 512
574  500  309 0  25 1 10 1 2 4 8 16 32 64 128 256 512
575  255  154 0  73 1 10 1 2 4 8 16 32 64 128 256 512
576  336  889 0 100 1 10 1 2 4 8 16 32 64 128 256 512
577  936  850 0  25 1 10 1 2 4 8 16 32 64 128 256 512
578  368  697 0  99 1 10 1 2 4 8 16 32 64 128 256 512
579  350   44 0  70 1 10 1 2 4 8 16 32 64 128 256 512
580  135  952 0  37 1 10 1 2 4 8 16 32 64 128 256 512
581  664  279 0  49 1 10 1 2 4 8 16 32 64 128 256 512
582  219  440 0  91 1 10 1 2 4 8 16 32 64 128 256 512
583  478  789 0  27 1 10 1 2 4 8 16 32 64 128 256 512
584  961  904 0  73 1 10 1 2 4 8 16 32 64 128 256 512
585  668  183 0  31 1 10 1 2 4 8 16 32 64 128 256 512
586  245  134 0  77 1 10 1 2 4 8 16 32 64 128 256 512
587  495  616 0  14 1 10 1 2 4 8 16 32 64 128 256 512
588  167  831 0  57 1 10 1 2 4 8 16 32 64 128 256 512
589  560  191 0  14 1 10 1 2 4 8 16 32 64 128 256 512
590  424  147 0  25 1 10 1 2 4 8 16 32 64 128 256 512
591   35  752 0  14 1 10 1 2 4 8 16 32 64 128 256 512
592  490  976 0  22 1 10 1 2 4 8 16 32 64 128 256 512
593  277  628 0   9 1 10 1 2 4 8 16 32 64 128 256 512
594  743  220 0  18 1 10 1 2 4 8 16 32 64 128 256 512
595  317  139 0  22 1 10 1 2 4 8 16 32 64 128 256 512
596  354  491 0  12 1 10 1 2 4 8 16 32 64 128 256 512
597  105  490 0   9 1 10 1 2 4 8 16 32 64 128 256 512
598  483  932 0  83 1 10 1 2 4 8 16 32 64 128 256 512
599  262  835 0  22 1 10 1 2 4 8 16 32 64 128 256 512
600   90   35 0  48 1 10 1 2 4 8 16 32 64 128 256 512
601  209   20 0  22 1 10 1 2 4 8 16 32 64 128 256 512
602   91  564 0  11 1 10 1 2 4 8 16 32 64 128 256 512
603  330  119 0  54 1 10 1 2 4 8 16 32 64 128 256 512
604  141  919 0  31 1 10 1 2 4 8 16 32 64 128 256 512
605  130  616 0   2 1 10 1 2 4 8 16 32 64 128 256 512
606  772    8 0  50 1 10 1 2 4 8 16 32 64 128 256 512
607  345  388 0   4 1 10 1 2 4 8 16 32 64 128 256 512
608  287  173 0  86 1 10 1 2 4 8 16 32 64 128 256 512
609  511  939 0  35 1 10 1 2 4 8 16 32 64 128 256 512
610  645  320 0  78 1 10 1 2 4 8 16 32 64 128 256 512
611  490  978 0   5 1 10 1 2 4 8 16 32 64 128 256 512
612  654  765 0  14 1 10 1 2 4 8 16 32 64 128 256 512
613  863   30 0  76 1 10 1 2 4 8 16 32 64 128 256 512
614   48  933 0  59 1 10 1 2 4 8 16 32 64 128 256 512
615  576  158 0  69 1 10 1 2 4 8 16 32 64 128 256 512
616  342  551 0  25 1 10 1 2 4 8 16 32 64 128 256 512
617   73  436 0  26 1 10 1 2 4 8 16 32 64 128 256 512
618  309  852 0  82 1 10 1 2 4 8 16 32 64 128 256 512
619  625  795 0  11 1 10 1 2 4 8 16 32 64 128 256 512
620  658  724 0  65 1 10 1 2 4 8 16 32 64 128 256 512
621  546  311 0  74 1 10 1 2 4 8 16 32 64 128 256 512
622  874  785 0  27 1 10 1 2 4 8 16 32 64 128 256 512
623  634  469 0  16 1 10 1 2 4 8 16 32 64 128 256 512
624  442   20 0  84 1 10 1 2 4 8 16 32 64 128 256 512
625  671  517 0  45 1 10 1 2 4 8 16 32 64 128 256 512
626  616  690 0  86 1 10 1 2 4 8 16 32 64 128 256 512
627  258  292 0  85 1 10 1 2 4 8 16 32 64 128 256 512
628  220  451 0  55 1 10 1 2 4 8 16 32 64 128 256 512
629  568  375 0  61 1 10 1 2 4 8 16 32 64 128 256 512
630  324  666 0  45 1 10 1 2 4 8 16 32 64 128 256 512
631  398  387 0   8 1 10 1 2 4 8 16 32 64 128 256 512
632  686  734 0  48 1 10 1 2 4 8 16 32 64 128 256 512
633  806  440 0  73 1 10 1 2 4 8 16 32 64 128 256 512
634  928  668 0  33 1 10 1 2 4 8 16 32 64 128 256 512
635  519  873 0  23 1 10 1 2 4 8 16 32 64 128 256 512
636  754  453 0  23 1 10 1 2 4 8 16 32 64 128 256 512
637   15  711 0  42 1 10 1 2 4 8 16 32 64 128 256 512
638  822  212 0  31 1 10 1 2 4 8 16 32 64 128 256 512
639  397  593 0  61 1 10 1 2 4 8 16 32 64 128 256 512
640  399  928 0  38 1 10 1 2 4 8 16 32 64 128 256 512
641  214  246 0 100 1 10 1 2 4 8 16 32 64 128 256 512
642   18  529 0  60 1 10 1 2 4 8 16 32 64 128 256 512
643   79  792 0   5 1 10 1 2 4 8 16 32 64 128 256 512
644  635  234 0 100 1 10 1 2 4 8 16 32 64 128 256 512
645   15  966 0  17 1 10 1 2 4 8 16 32 64 128 256 512
646  542  444 0  91 1 10 1 2 4 8 16 32 64 128 256 512
647  763  294 0   7 1 10 1 2 4 8 16 32 64 128 256 512
648  261  997 0  43 1 10 1 2 4 8 16 32 64 128 256 512
649   44  243 0   9 1 10 1 2 4 8 16 32 64 128 256 512
650   97  722 0  91 1 10 1 2 4 8 16 32 64 128 256 512
651  659  802 0  39 1 10 1 2 4 8 16 32 64 128 256 512
652  114  308 0  32 1 10 1 2 4 8 16 32 64 128 256 512
653  791  969 0  79 1 10 1 2 4 8 16 32 64 128 256 512
654  652  217 0   6 1 10 1 2 4 8 16 32 64 128 256 512
655  374  450 0  11 1 10 1 2 4 8 16 32 64 128 256 512
656  345  542 0  53 1 10 1 2 4 8 16 32 64 128 256 512
657  666  907 0  47 1 10 1 2 4 8 16 32 64 128 256 512
658  353  692 0  30 1 10 1 2 4 8 16 32 64 128 256 512
659  501  255 0   6 1 10 1 2 4 8 16 32 64 128 256 512
660  564  242 0  79 1 10 1 2 4 8 16 32 64 128 256 512
661  433  673 0  72 1 10 1 2 4 8 16 32 64 128 256 512
662  649  396 0  21 1 10 1 2 4 8 16 32 64 128 256 512
663   15  629 0   9 1 10 1 2 4 8 16 32 64 128 256 512
664  981   47 0  12 1 10 1 2 4 8 16 32 64 128 256 512
665  839  605 0  31 1 10 1 2 4 8 16 32 64 128 256 512
666  795  489 0  11 1 10 1 2 4 8 16 32 64 128 256 512
667  381  698 0  95 1 10 1 2 4 8 16 32 64 128 256 512
668  842  258 0  29 1 10 1 2 4 8 16 32 64 128 256 512
669  456  295 0  14 1 10 1 2 4 8 16 32 64 128 256 512
670   19  315 0   2 1 10 1 2 4 8 16 32 64 128 256 512
671  337   59 0  91 1 10 1 2 4 8 16 32 64 128 256 512
672  875  396 0  19 1 10 1 2 4 8 16 32 64 128 256 512
673  540  624 0  13 1 10 1 2 4 8 16 32 64 128 256 512
674  244  320 0  94 1 10 1 2 4 8 16 32 64 128 256 512
675  527  271 0  39 1 10 1 2 4 8 16 32 64 128 256 512
676  463  969 0  52 1 10 1 2 4 8 16 32 64 128 256 512
677  892  945 0  42 1 10 1 2 4 8 16 32 64 128 256 512
678  796  806 0  14 1 10 1 2 4 8 16 32 64 128 256 512
679  516   88 0  39 1 10 1 2 4 8 16 32 64 128 256 512
680  518  216 0  40 1 10 1 2 4 8 16 32 64 128 256 512
681  750  224 0  25 1 10 1 2 4 8 16 32 64 128 256 512
682  123  133 0  13 1 10 1 2 4 8 16 32 64 128 256 512
683  661  701 0  26 1 10 1 2 4 8 16 32 64 128 256 512
684  477  288 0   8 1 10 1 2 4 8 16 32 64 128 256 512
685  438  459 0  47 1 10 1 2 4 8 16 32 64 128 256 512
686  862  474 0  57 1 10 1 2 4 8 16 32 64 128 256 512
687  451  919 0  34 1 10 1 2 4 8 16 32 64 128 256 512
688  596  422 0  63 1 10 1 2 4 8 16 32 64 128 256 512
689  515  778 0  77 1 10 1 2 4 8 16 32 64 128 256 512
690  816  864 0  59 1 10 1 2 4 8 16 32 64 128 256 512
691  218  637 0  98 1 10 1 2 4 8 16 32 64 128 256 512
692  500  676 0  79 1 10 1 2 4 8 16 32 64 128 256 512
693  484  201 0  86 1 10 1 2 4 8 16 32 64 128 256 512
694  877  560 0  83 1 10 1 2 4 8 16 32 64 128 256 512
695   66  840 0  26 1 10 1 2 4 8 16 32 64 128 256 512
696  891  929 0  20 1 10 1 2 4 8 16 32 64 128 256 512
697  183  312 0  52 1 10 1 2 4 8 16 32 64 128 256 512
698  374  885 0  67 1 10 1 2 4 8 16 32 64 128 256 512
699  964  561 0  28 1 10 1 2 4 8 16 32 64 128 256 512
700  281  292 0  92 1 10 1 2 4 8 16 32 64 128 256 512
701  661  177 0  18 1 10 1 2 4 8 16 32 64 128 256 512
702   89  698 0  58 1 10 1 2 4 8 16 32 64 128 256 512
703  359  652 0  38 1 10 1 2 4 8 16 32 64 128 256 512
704  601  452 0  15 1 10 1 2 4 8 16 32 64 128 256 512
705  716  942 0  70 1 10 1 2 4 8 16 32 64 128 256 512
706  403  584 0  77 1 10 1 2 4 8 16 32 64 128 256 512
707   56  320 0  54 1 10 1 2 4 8 16 32 64 128 256 512
708  309  740 0  39 1 10 1 2 4 8 16 32 64 128 256 512
709  702  172 0  72 1 10 1 2 4 8 16 32 64 128 256 512
710  571  597 0  52 1 10 1 2 4 8 16 32 64 128 256 512
711   42  478 0  85 1 10 1 2 4 8 16 32 64 128 256 512
712  912  620 0  39 1 10 1 2 4 8 16 32 64 128 256 512
713  131  109 0  45 1 10 1 2 4 8 16 32 64 128 256 512
714  825  430 0  68 1 10 1 2 4 8 16 32 64 128 256 512
715  296  940 0  44 1 10 1 2 4 8 16 32 64 128 256 512
716  501  442 0   6 1 10 1 2 4 8 16 32 64 128 256 512
717  267  236 0  12 1 10 1 2 4 8 16 32 64 128 256 512
718   75  356 0  63 1 10 1 2 4 8 16 32 64 128 256 512
719  234  946 0  12 1 10 1 2 4 8 16 32 64 128 256 512
720  845  185 0  28 1 10 1 2 4 8 16 32 64 128 256 512
721  209   29 0   8 1 10 1 2 4 8 16 32 64 128 256 512
722  119  174 0  46 1 10 1 2 4 8 16 32 64 128 256 512
723  835  879 0   7 1 10 1 2 4 8 16 32 64 128 256 512
724   95   74 0   8 1 10 1 2 4 8 16 32 64 128 256 512
725  819  959 0   4 1 10 1 2 4 8 16 32 64 128 256 512
726  402  321 0  20 1 10 1 2 4 8 16 32 64 128 256 512
727  196  916 0  65 1 10 1 2 4 8 16 32 64 128 256 512
728  702  207 0  81 1 10 1 2 4 8 16 32 64 128 256 512
729  782  742 0  23 1 10 1 2 4 8 16 32 64 128 256 512
730  530  630 0  53 1 10 1 2 4 8 16 32 64 128 256 512
731  387  817 0  96 1 10 1 2 4 8 16 32 64 128 256 512
732   28  731 0  78 1 10 1 2 4 8 16 32 64 128 256 512
733  354  651 0  32 1 10 1 2 4 8 16 32 64 128 256 512
734   98  794 0   1 1 10 1 2 4 8 16 32 64 128 256 512
735  443  260 0  28 1 10 1 2 4 8 16 32 64 128 256 512
736  237  755 0  18 1 10 1 2 4 8 16 32 64 128 256 512
737  521  252 0  21 1 10 1 2 4 8 16 32 64 128 256 512
738  214  997 0  98 1 10 1 2 4 8 16 32 64 128 256 512
739  287  668 0  46 1 10 1 2 4 8 16 32 64 128 256 512
740  452  226 0  59 1 10 1 2 4 8 16 32 64 128 256 512
741  687  834 0  55 1 10 1 2 4 8 16 32 64 128 256 512
742  290  309 0  22 1 10 1 2 4 8 16 32 64 128 256 512
743  799  351 0  77 1 10 1 2 4 8 16 32 64 128 256 512
744  774  516 0  13 1 10 1 2 4 8 16 32 64 128 256 512
745  249  802 0  26 1 10 1 2 4 8 16 32 64 128 256 512
746  121  761 0  64 1 10 1 2 4 8 16 32 64 128 256 512
747  517  749 0  14 1 10 1 2 4 8 16 32 64 128 256 512
748  914  289 0  57 1 10 1 2 4 8 16 32 64 128 256 512
749  745  236 0  20 1 10 1 2 4 8 16 32 64 128 256 512
750  828  516 0  70 1 10 1 2 4 8 16 32 64 128 256 512
751  867   93 0  90 1 10 1 2 4 8 16 32 64 128 256 512
752  101   91 0  89 1 10 1 2 4 8 16 32 64 128 256 512
753  334  981 0  60 1 10 1 2 4 8 16 32 64 128 256 512
754  814  275 0  91 1 10 1 2 4 8 16 32 64 128 256 512
755  734  139 0  81 1 10 1 2 4 8 16 32 64 128 256 512
756  235  987 0  97 1 10 1 2 4 8 16 32 64 128 256 512
757  791  254 0  74 1 10 1 2 4 8 16 32 64 128 256 512
758  463  258 0  58 1 10 1 2 4 8 16 32 64 128 256 512
759  698  540 0  12 1 10 1 2 4 8 16 32 64 128 256 512
760  140  944 0  55 1 10 1 2 4 8 16 32 64 128 256 512
761  861  787 0  19 1 10 1 2 4 8 16 32 64 128 256 512
762  884    7 0  65 1 10 1 2 4 8 16 32 64 128 256 512
763  725  390 0   7 1 10 1 2 4 8 16 32 64 128 256 512
764  794  647 0  27 1 10 1 2 4 8 16 32 64 128 256 512
765  337  382 0   3 1 10 1 2 4 8 16 32 64 128 256 512
766  264  172 0  30 1 10 1 2 4 8 16 32 64 128 256 512
767  288  228 0  93 1 10 1 2 4 8 16 32 64 128 256 512
768  507  748 0  24 1 10 1 2 4 8 16 32 64 128 256 512
769  256  400 0  44 1 10 1 2 4 8 16 32 64 128 256 512
770  520   15 0  21 1 10 1 2 4 8 16 32 64 128 256 512
771  221  260 0  94 1 10 1 2 4 8 16 32 64 128 256 512
772  479  415 0  74 1 10 1 2 4 8 16 32 64 128 256 512
773  421   61 0  58 1 10 1 2 4 8 16 32 64 128 256 512
774  410  440 0  60 1 10 1 2 4 8 16 32 64 128 256 512
775  559  718 0  64 1 10 1 2 4 8 16 32 64 128 256 512
776  661  203 0  92 1 10 1 2 4 8 16 32 64 128 256 512
777   71  334 0  78 1 10 1 2 4 8 16 32 64 128 256 512
778  608  577 0   0 0  0
779  931  986 0   0 0  0
780   65  192 0   0 0  0
781  192   98 0   0 0  0
782  650  605 0   0 0  0
783  389  104 0   0 0  0
784  185  368 0   0 0  0
785  940  709 0   0 0  0
786  540  337 0   0 0  0
787  157  863 0   0 0  0
