2 359 789 2
0 252
0 252
  1  479  357 0  15 1 2 1 2
  2  599  372 0  14 1 2 1 2
  3  156  388 0  82 1 2 1 2
  4  750  465 0  50 1 2 1 2
  5  704   97 0  58 1 2 1 2
  6  772  533 0  60 1 2 1 2
  7  857   96 0  40 1 2 1 2
  8  122  770 0  65 1 2 1 2
  9  223    9 0  58 1 2 1 2
 10  114  821 0  27 1 2 1 2
 11  990   95 0   6 1 2 1 2
 12  613  720 0  67 1 2 1 2
 13   77  503 0  91 1 2 1 2
 14  652  426 0  76 1 2 1 2
 15  789  733 0  46 1 2 1 2
 16  372  642 0  55 1 2 1 2
 17  457  807 0  27 1 2 1 2
 18   59  242 0  11 1 2 1 2
 19  128  768 0  65 1 2 1 2
 20  818  892 0  34 1 2 1 2
 21   54  262 0  13 1 2 1 2
 22  870  147 0  34 1 2 1 2
 23  370  629 0 100 1 2 1 2
 24  765  761 0  86 1 2 1 2
 25  871  546 0  16 1 2 1 2
 26  950  202 0  34 1 2 1 2
 27   40  537 0  47 1 2 1 2
 28  803  520 0  42 1 2 1 2
 29  184   15 0  91 1 2 1 2
 30  485  592 0  63 1 2 1 2
 31  847  157 0  49 1 2 1 2
 32  347  676 0  63 1 2 1 2
 33  247  668 0  90 1 2 1 2
 34  829  265 0  26 1 2 1 2
 35   24  556 0   2 1 2 1 2
 36  703  896 0   2 1 2 1 2
 37  344  944 0  52 1 2 1 2
 38  980  359 0  35 1 2 1 2
 39  875   76 0  48 1 2 1 2
 40  527  236 0  15 1 2 1 2
 41  370  828 0  32 1 2 1 2
 42  449  234 0  78 1 2 1 2
 43  795   43 0  20 1 2 1 2
 44  544  161 0  35 1 2 1 2
 45  586  887 0  71 1 2 1 2
 46  903  310 0  65 1 2 1 2
 47  107  352 0  67 1 2 1 2
 48  171  572 0  70 1 2 1 2
 49  621  550 0  89 1 2 1 2
 50  735  694 0  41 1 2 1 2
 51  297  433 0  38 1 2 1 2
 52  567  910 0   8 1 2 1 2
 53  202  938 0  26 1 2 1 2
 54  840  551 0  61 1 2 1 2
 55  985  774 0  29 1 2 1 2
 56  193   40 0  70 1 2 1 2
 57  697  329 0  79 1 2 1 2
 58    6  513 0  46 1 2 1 2
 59  696  352 0  50 1 2 1 2
 60  812  588 0  94 1 2 1 2
 61  531   39 0  59 1 2 1 2
 62  560  689 0  23 1 2 1 2
 63  829  631 0  47 1 2 1 2
 64  171  945 0  56 1 2 1 2
 65  690    2 0  95 1 2 1 2
 66  297  198 0  30 1 2 1 2
 67  386  956 0  15 1 2 1 2
 68  635  793 0  33 1 2 1 2
 69  459   39 0  35 1 2 1 2
 70  853  692 0  66 1 2 1 2
 71  802  635 0 100 1 2 1 2
 72  137  202 0  25 1 2 1 2
 73  231   34 0  19 1 2 1 2
 74  726  118 0  48 1 2 1 2
 75  268  501 0  84 1 2 1 2
 76  361  842 0  87 1 2 1 2
 77  459  159 0  90 1 2 1 2
 78  862  622 0  50 1 2 1 2
 79  954  537 0  49 1 2 1 2
 80   22  360 0  74 1 2 1 2
 81  360  403 0  44 1 2 1 2
 82  434  672 0  92 1 2 1 2
 83  652  757 0  13 1 2 1 2
 84  191  137 0  91 1 2 1 2
 85  706  741 0  76 1 2 1 2
 86  994  472 0  43 1 2 1 2
 87  926   11 0  29 1 2 1 2
 88  140  501 0  92 1 2 1 2
 89  450  969 0   9 1 2 1 2
 90  387  540 0  68 1 2 1 2
 91  399  452 0  72 1 2 1 2
 92  579  960 0  75 1 2 1 2
 93  985  740 0  13 1 2 1 2
 94  530  988 0  83 1 2 1 2
 95  558  976 0  20 1 2 1 2
 96  351  228 0  70 1 2 1 2
 97  798  745 0  48 1 2 1 2
 98  486  129 0  61 1 2 1 2
 99  773  526 0  82 1 2 1 2
100 1000  402 0  27 1 2 1 2
101   14  453 0   6 1 2 1 2
102  320  569 0  83 1 2 1 2
103   29  732 0  84 1 2 1 2
104  457  281 0  39 1 2 1 2
105   58   62 0  42 1 2 1 2
106   79  713 0  66 1 2 1 2
107  218  399 0  86 1 2 1 2
108  360  658 0  65 1 2 1 2
109  449  797 0  50 1 2 1 2
110  380  867 0  79 1 2 1 2
111  151  729 0  69 1 2 1 2
112  670  620 0  23 1 2 1 2
113  921  526 0   1 1 2 1 2
114  636  779 0  56 1 2 1 2
115  453  537 0  44 1 2 1 2
116  101  672 0  89 1 2 1 2
117  802  403 0  37 1 2 1 2
118  126   16 0  16 1 2 1 2
119  397  241 0  32 1 2 1 2
120  312  321 0  81 1 2 1 2
121  378  205 0  24 1 2 1 2
122  564  725 0  35 1 2 1 2
123  220  433 0  46 1 2 1 2
124  471  587 0  13 1 2 1 2
125  349  979 0  23 1 2 1 2
126  412  728 0  81 1 2 1 2
127  828  933 0  83 1 2 1 2
128  380  686 0   3 1 2 1 2
129  457  731 0  24 1 2 1 2
130  156  617 0  80 1 2 1 2
131  189  811 0   1 1 2 1 2
132  918  874 0  15 1 2 1 2
133  506  617 0  29 1 2 1 2
134  526  759 0  55 1 2 1 2
135  555  783 0  51 1 2 1 2
136  364  593 0  40 1 2 1 2
137  465  227 0  84 1 2 1 2
138  880  898 0  44 1 2 1 2
139  758  170 0  56 1 2 1 2
140  767   67 0  46 1 2 1 2
141  752  367 0  28 1 2 1 2
142   99   13 0  11 1 2 1 2
143  539  577 0  34 1 2 1 2
144  275  646 0  62 1 2 1 2
145  318  962 0  77 1 2 1 2
146  118  474 0   7 1 2 1 2
147  592  332 0  30 1 2 1 2
148  824  170 0  12 1 2 1 2
149  126  429 0  92 1 2 1 2
150  933  869 0  66 1 2 1 2
151  529  793 0  10 1 2 1 2
152  193  893 0   1 1 2 1 2
153  626  160 0   1 1 2 1 2
154   41  167 0  73 1 2 1 2
155  624   24 0  39 1 2 1 2
156  587  992 0  90 1 2 1 2
157  793  544 0  64 1 2 1 2
158  304  626 0  79 1 2 1 2
159  383   96 0  37 1 2 1 2
160  645   40 0  24 1 2 1 2
161  659  487 0  62 1 2 1 2
162  172  726 0  34 1 2 1 2
163  177  162 0   9 1 2 1 2
164  579  951 0  46 1 2 1 2
165  928  832 0  33 1 2 1 2
166  726  509 0  33 1 2 1 2
167    8  441 0  30 1 2 1 2
168  948  918 0  95 1 2 1 2
169  500  774 0  58 1 2 1 2
170  515  220 0  70 1 2 1 2
171  691  693 0  66 1 2 1 2
172  267  614 0  76 1 2 1 2
173  526  175 0   8 1 2 1 2
174  605  181 0  33 1 2 1 2
175  970  515 0  83 1 2 1 2
176  401    8 0  94 1 2 1 2
177  122  675 0  96 1 2 1 2
178  616    6 0  63 1 2 1 2
179   44  904 0  72 1 2 1 2
180   70  786 0  76 1 2 1 2
181  581   28 0  71 1 2 1 2
182  261  744 0  88 1 2 1 2
183  356  111 0  13 1 2 1 2
184  104  335 0  35 1 2 1 2
185  644   47 0  39 1 2 1 2
186  116  373 0  98 1 2 1 2
187  233  110 0  51 1 2 1 2
188  779  445 0  40 1 2 1 2
189  211  967 0  39 1 2 1 2
190  955  182 0  97 1 2 1 2
191  755  380 0  45 1 2 1 2
192   91  616 0  96 1 2 1 2
193   37   79 0  18 1 2 1 2
194  974  695 0  33 1 2 1 2
195   68  208 0  10 1 2 1 2
196  661  687 0  35 1 2 1 2
197  476  241 0  66 1 2 1 2
198  217  339 0  46 1 2 1 2
199   61  128 0  43 1 2 1 2
200  444   20 0  70 1 2 1 2
201  171   81 0  10 1 2 1 2
202  597  164 0  81 1 2 1 2
203  470  553 0  10 1 2 1 2
204  185  678 0  62 1 2 1 2
205   69  189 0  74 1 2 1 2
206  951  773 0  75 1 2 1 2
207  618  197 0  97 1 2 1 2
208   24  986 0  31 1 2 1 2
209  682  441 0  60 1 2 1 2
210  483  668 0  63 1 2 1 2
211  515  136 0   8 1 2 1 2
212  184  725 0  19 1 2 1 2
213  506  690 0  13 1 2 1 2
214  817  578 0  50 1 2 1 2
215  117  237 0  34 1 2 1 2
216  214  447 0  47 1 2 1 2
217  336  195 0  35 1 2 1 2
218  945  671 0  66 1 2 1 2
219  909  706 0  12 1 2 1 2
220  929  818 0   4 1 2 1 2
221  958  461 0  48 1 2 1 2
222  296  592 0  90 1 2 1 2
223  742  440 0  93 1 2 1 2
224  498  729 0  39 1 2 1 2
225  735   18 0  82 1 2 1 2
226  996  489 0  55 1 2 1 2
227  636  169 0  70 1 2 1 2
228    0  496 0  64 1 2 1 2
229  669  490 0  51 1 2 1 2
230   51   55 0  65 1 2 1 2
231   25  770 0  91 1 2 1 2
232  459  375 0  19 1 2 1 2
233  116  449 0  48 1 2 1 2
234  825  298 0  86 1 2 1 2
235  287  737 0   8 1 2 1 2
236  485  289 0  71 1 2 1 2
237  953  380 0  42 1 2 1 2
238  998  672 0  94 1 2 1 2
239   57  827 0  31 1 2 1 2
240  745  697 0  76 1 2 1 2
241   19  499 0  17 1 2 1 2
242   28  789 0  31 1 2 1 2
243  768  939 0  20 1 2 1 2
244  409  136 0  87 1 2 1 2
245  766  598 0  88 1 2 1 2
246   69   53 0  70 1 2 1 2
247  998   84 0   8 1 2 1 2
248  386  929 0  19 1 2 1 2
249  538  954 0  65 1 2 1 2
250  470  459 0   6 1 2 1 2
251  431   23 0  85 1 2 1 2
252  786  388 0  98 1 2 1 2
253  345  303 0  39 1 2 1 2
254  854  592 0  54 1 2 1 2
255  160  433 0  32 1 2 1 2
256  426  522 0   5 1 2 1 2
257  989  989 0  58 1 2 1 2
258  563  107 0  42 1 2 1 2
259  680  328 0  30 1 2 1 2
260  119  579 0  26 1 2 1 2
261  232  587 0  20 1 2 1 2
262   20  847 0  92 1 2 1 2
263  584  459 0  97 1 2 1 2
264  498  350 0  11 1 2 1 2
265  340  361 0  43 1 2 1 2
266  777  238 0   7 1 2 1 2
267  225  479 0  38 1 2 1 2
268 1000  774 0  92 1 2 1 2
269  396  890 0  80 1 2 1 2
270   51  472 0  31 1 2 1 2
271  759  487 0  36 1 2 1 2
272  403   88 0  79 1 2 1 2
273  991  361 0  23 1 2 1 2
274  714    7 0  46 1 2 1 2
275  989  333 0  91 1 2 1 2
276  470  381 0  31 1 2 1 2
277  518  956 0  10 1 2 1 2
278  633  179 0  14 1 2 1 2
279  168  661 0  17 1 2 1 2
280  227   64 0  45 1 2 1 2
281  418   54 0  97 1 2 1 2
282  384  447 0  73 1 2 1 2
283  408  210 0  83 1 2 1 2
284  235  246 0  53 1 2 1 2
285  669  522 0  44 1 2 1 2
286  797  591 0  18 1 2 1 2
287  379  891 0  72 1 2 1 2
288  572  878 0  90 1 2 1 2
289  481  412 0  99 1 2 1 2
290  961  383 0  90 1 2 1 2
291  337  818 0  62 1 2 1 2
292  282  748 0   7 1 2 1 2
293  510  979 0  22 1 2 1 2
294  404  202 0  35 1 2 1 2
295  946  859 0  11 1 2 1 2
296  720  830 0  27 1 2 1 2
297  338  783 0  91 1 2 1 2
298  110  229 0  83 1 2 1 2
299  679  891 0  42 1 2 1 2
300  722  182 0   7 1 2 1 2
301  665  481 0  18 1 2 1 2
302  511  267 0  99 1 2 1 2
303  670  497 0  82 1 2 1 2
304  188  357 0  61 1 2 1 2
305  120  732 0   7 1 2 1 2
306  122  685 0  91 1 2 1 2
307  577  520 0  91 1 2 1 2
308  349   12 0   8 1 2 1 2
309  100   87 0  38 1 2 1 2
310  787  373 0  47 1 2 1 2
311  460  238 0  45 1 2 1 2
312  885  693 0  45 1 2 1 2
313  982  494 0  31 1 2 1 2
314  574  878 0  72 1 2 1 2
315  183    8 0  81 1 2 1 2
316  994  632 0  59 1 2 1 2
317   53  324 0  49 1 2 1 2
318  145  794 0  74 1 2 1 2
319  857  164 0  97 1 2 1 2
320   81  529 0  11 1 2 1 2
321  124  562 0  91 1 2 1 2
322  509  303 0  45 1 2 1 2
323  596   30 0   1 1 2 1 2
324  231  319 0  49 1 2 1 2
325  340  930 0  37 1 2 1 2
326  820  619 0  15 1 2 1 2
327  369   13 0   8 1 2 1 2
328  387  315 0  49 1 2 1 2
329   59  857 0  32 1 2 1 2
330  671   89 0  22 1 2 1 2
331  524  852 0  53 1 2 1 2
332  798  402 0  31 1 2 1 2
333  470  632 0  36 1 2 1 2
334  449  713 0  39 1 2 1 2
335  152  976 0  55 1 2 1 2
336  293  385 0  34 1 2 1 2
337  557   84 0  34 1 2 1 2
338  539  237 0  95 1 2 1 2
339  922  682 0  72 1 2 1 2
340  550  728 0  27 1 2 1 2
341    6  554 0  91 1 2 1 2
342  908  150 0  78 1 2 1 2
343  682  174 0  59 1 2 1 2
344  626   35 0  68 1 2 1 2
345  319  402 0  82 1 2 1 2
346  268  864 0  76 1 2 1 2
347  361  473 0  76 1 2 1 2
348  696  255 0  35 1 2 1 2
349  969  497 0  61 1 2 1 2
350  926  104 0  22 1 2 1 2
351  350  881 0  23 1 2 1 2
352  567  545 0  53 1 2 1 2
353  441  629 0  51 1 2 1 2
354  149  952 0  83 1 2 1 2
355  681   65 0  79 1 2 1 2
356  703  588 0  12 1 2 1 2
357  584  215 0  95 1 2 1 2
358  770   97 0  72 1 2 1 2
359  780  247 0   2 1 2 1 2
360  363   76 0  44 1 2 1 2
361  564  523 0  51 1 2 1 2
362  973  915 0  36 1 2 1 2
363  765  473 0  10 1 2 1 2
364  927   18 0  29 1 2 1 2
365  258  852 0  17 1 2 1 2
366  508  980 0  91 1 2 1 2
367  912  747 0  34 1 2 1 2
368  913  997 0  40 1 2 1 2
369  373  837 0  40 1 2 1 2
370  602  181 0  82 1 2 1 2
371  776  206 0  79 1 2 1 2
372  421  887 0 100 1 2 1 2
373  539  447 0  49 1 2 1 2
374  101   94 0   8 1 2 1 2
375  528  463 0  41 1 2 1 2
376  379  352 0  89 1 2 1 2
377  920  118 0  88 1 2 1 2
378  295  463 0  24 1 2 1 2
379  595  437 0  56 1 2 1 2
380  388  711 0  39 1 2 1 2
381  375  149 0  19 1 2 1 2
382  604  126 0  75 1 2 1 2
383  708  956 0  61 1 2 1 2
384  166  835 0  90 1 2 1 2
385  619  409 0  41 1 2 1 2
386  645  707 0  67 1 2 1 2
387  783  150 0  97 1 2 1 2
388  489  811 0  80 1 2 1 2
389  314  371 0  84 1 2 1 2
390  915  316 0  68 1 2 1 2
391  866  867 0  73 1 2 1 2
392  759  176 0  10 1 2 1 2
393  314  885 0  87 1 2 1 2
394   39  949 0  11 1 2 1 2
395  967  963 0  89 1 2 1 2
396  874  556 0   7 1 2 1 2
397  330  853 0   7 1 2 1 2
398  812  123 0  50 1 2 1 2
399  333  479 0  56 1 2 1 2
400  989  147 0  71 1 2 1 2
401  426  633 0  12 1 2 1 2
402  331  487 0  65 1 2 1 2
403  777   39 0  28 1 2 1 2
404    6  901 0  95 1 2 1 2
405  129  119 0   3 1 2 1 2
406  603  780 0  53 1 2 1 2
407  965  114 0  68 1 2 1 2
408  675  117 0  18 1 2 1 2
409   47  221 0  71 1 2 1 2
410  778  586 0  79 1 2 1 2
411  566  545 0  80 1 2 1 2
412  830  128 0  57 1 2 1 2
413  687  591 0  58 1 2 1 2
414  420  997 0  59 1 2 1 2
415  393  910 0  94 1 2 1 2
416  855  700 0  57 1 2 1 2
417  663  215 0  82 1 2 1 2
418  505  937 0  81 1 2 1 2
419  815  295 0  94 1 2 1 2
420  187  371 0   5 1 2 1 2
421  161  876 0  57 1 2 1 2
422  672  158 0  53 1 2 1 2
423  695  131 0  78 1 2 1 2
424  429  511 0  71 1 2 1 2
425   98  816 0   3 1 2 1 2
426  791  369 0   5 1 2 1 2
427  931  237 0  59 1 2 1 2
428  989  589 0  61 1 2 1 2
429  216   54 0  57 1 2 1 2
430  488  449 0  97 1 2 1 2
431  983  991 0  92 1 2 1 2
432  220  117 0  76 1 2 1 2
433  566  462 0  72 1 2 1 2
434  691  206 0  39 1 2 1 2
435  660   97 0  60 1 2 1 2
436  144  306 0  70 1 2 1 2
437   90  733 0  32 1 2 1 2
438  917  656 0  92 1 2 1 2
439  370  111 0  83 1 2 1 2
440  405  102 0  96 1 2 1 2
441  211  169 0  38 1 2 1 2
442   59   46 0  87 1 2 1 2
443  617  770 0  18 1 2 1 2
444  230  828 0   4 1 2 1 2
445  904  155 0  51 1 2 1 2
446  543   67 0  37 1 2 1 2
447  750  168 0  58 1 2 1 2
448  830  599 0  82 1 2 1 2
449   84  348 0  98 1 2 1 2
450  329  501 0  15 1 2 1 2
451  103  665 0  15 1 2 1 2
452    2  196 0  91 1 2 1 2
453    9  754 0  80 1 2 1 2
454   48  932 0  22 1 2 1 2
455  153  213 0  38 1 2 1 2
456  482  729 0  92 1 2 1 2
457  771  808 0  28 1 2 1 2
458  293  416 0 100 1 2 1 2
459  721   59 0  64 1 2 1 2
460  923  516 0   5 1 2 1 2
461  426  911 0  46 1 2 1 2
462  693  112 0  83 1 2 1 2
463  686  136 0  95 1 2 1 2
464  573  524 0  42 1 2 1 2
465   35  371 0  24 1 2 1 2
466  489  149 0  39 1 2 1 2
467  925  460 0  15 1 2 1 2
468  754  343 0  53 1 2 1 2
469  318  800 0  11 1 2 1 2
470   95  476 0  74 1 2 1 2
471  550  220 0  38 1 2 1 2
472  585  629 0  56 1 2 1 2
473  777  315 0  81 1 2 1 2
474  378   99 0  13 1 2 1 2
475  418  552 0  49 1 2 1 2
476  824  976 0  36 1 2 1 2
477  879  128 0  69 1 2 1 2
478  425  616 0  38 1 2 1 2
479  287  622 0  33 1 2 1 2
480  577  816 0  91 1 2 1 2
481  566   32 0  39 1 2 1 2
482  475  529 0  27 1 2 1 2
483  724  467 0  16 1 2 1 2
484  746  277 0  27 1 2 1 2
485  337  126 0  59 1 2 1 2
486  279  668 0  55 1 2 1 2
487  785  297 0  41 1 2 1 2
488  884  315 0  65 1 2 1 2
489  296  136 0  27 1 2 1 2
490  434   38 0  87 1 2 1 2
491  641  154 0  86 1 2 1 2
492  464   38 0  54 1 2 1 2
493  284  409 0  63 1 2 1 2
494  181  868 0  54 1 2 1 2
495  979   22 0  94 1 2 1 2
496  187  612 0  98 1 2 1 2
497  439  889 0  17 1 2 1 2
498  271  200 0  53 1 2 1 2
499    2  135 0  26 1 2 1 2
500  475  665 0  85 1 2 1 2
501  143  274 0  72 1 2 1 2
502  157  727 0  88 1 2 1 2
503  560  954 0  43 1 2 1 2
504  249  305 0  40 1 2 1 2
505  992  863 0  25 1 2 1 2
506  106  108 0  25 1 2 1 2
507  790  956 0  12 1 2 1 2
508  210  743 0  79 1 2 1 2
509  239  660 0  68 1 2 1 2
510  229   26 0  10 1 2 1 2
511  179   18 0  43 1 2 1 2
512   19    9 0  26 1 2 1 2
513   75  839 0  83 1 2 1 2
514  125  665 0  59 1 2 1 2
515   39  913 0  68 1 2 1 2
516  782  275 0  18 1 2 1 2
517  186   32 0  22 1 2 1 2
518  443  990 0  31 1 2 1 2
519  130  761 0  40 1 2 1 2
520  664  434 0  78 1 2 1 2
521  193  697 0  97 1 2 1 2
522  198  903 0  97 1 2 1 2
523  537  888 0  22 1 2 1 2
524  172  680 0  37 1 2 1 2
525  250  291 0  86 1 2 1 2
526  746  519 0  36 1 2 1 2
527  735  685 0 100 1 2 1 2
528    8  494 0  12 1 2 1 2
529  999  674 0  36 1 2 1 2
530  270  633 0  28 1 2 1 2
531  582   84 0  66 1 2 1 2
532  255  839 0   8 1 2 1 2
533   57  141 0  39 1 2 1 2
534   90  747 0  38 1 2 1 2
535  884  336 0  85 1 2 1 2
536  131  166 0  15 1 2 1 2
537  464  735 0  20 1 2 1 2
538  761   30 0  63 1 2 1 2
539  788  608 0  79 1 2 1 2
540  360  779 0  56 1 2 1 2
541    8  546 0  94 1 2 1 2
542  258  193 0  21 1 2 1 2
543  189  989 0  60 1 2 1 2
544  200  225 0  62 1 2 1 2
545  756  849 0  73 1 2 1 2
546  757   11 0  96 1 2 1 2
547  351  816 0  19 1 2 1 2
548   18  360 0  25 1 2 1 2
549  390  334 0  52 1 2 1 2
550  229   79 0  56 1 2 1 2
551  279  777 0  94 1 2 1 2
552  515  585 0   6 1 2 1 2
553   10  134 0  67 1 2 1 2
554  228  443 0  68 1 2 1 2
555  761    8 0  33 1 2 1 2
556  191  249 0  16 1 2 1 2
557   65  667 0  71 1 2 1 2
558  437  971 0  89 1 2 1 2
559  982  634 0  77 1 2 1 2
560  452  113 0  96 1 2 1 2
561  794  198 0  13 1 2 1 2
562  885 1000 0  51 1 2 1 2
563   41  817 0  31 1 2 1 2
564  950   11 0  55 1 2 1 2
565  424  214 0  28 1 2 1 2
566  805  158 0  87 1 2 1 2
567  345  148 0   6 1 2 1 2
568  873   52 0  18 1 2 1 2
569  256  822 0  12 1 2 1 2
570  598  721 0  61 1 2 1 2
571  993  524 0  69 1 2 1 2
572  175  944 0   8 1 2 1 2
573  298  969 0  21 1 2 1 2
574  782   92 0  18 1 2 1 2
575  948  348 0  27 1 2 1 2
576  219  488 0  85 1 2 1 2
577  832  425 0  62 1 2 1 2
578  344  254 0  16 1 2 1 2
579  356  999 0  17 1 2 1 2
580  474  869 0  55 1 2 1 2
581  426  813 0  24 1 2 1 2
582  663  268 0  74 1 2 1 2
583  448  824 0  50 1 2 1 2
584  579  455 0  99 1 2 1 2
585  469  526 0  57 1 2 1 2
586   39  710 0  93 1 2 1 2
587  133   36 0  53 1 2 1 2
588  578  657 0   9 1 2 1 2
589  991  901 0  75 1 2 1 2
590   12  814 0  36 1 2 1 2
591  656  339 0  98 1 2 1 2
592  594  475 0  59 1 2 1 2
593  922  695 0  72 1 2 1 2
594  162  270 0  48 1 2 1 2
595  335  146 0  93 1 2 1 2
596  489  508 0  49 1 2 1 2
597  821  921 0  39 1 2 1 2
598  130  364 0  86 1 2 1 2
599  729  153 0  88 1 2 1 2
600  310  100 0  17 1 2 1 2
601   90  511 0  58 1 2 1 2
602  463   99 0  36 1 2 1 2
603  492  434 0  38 1 2 1 2
604  895  152 0  18 1 2 1 2
605  113  316 0  87 1 2 1 2
606  617    3 0  87 1 2 1 2
607  961  134 0  72 1 2 1 2
608  208    9 0  60 1 2 1 2
609  234  121 0  36 1 2 1 2
610  760  742 0  17 1 2 1 2
611  578  784 0  29 1 2 1 2
612  465  102 0  39 1 2 1 2
613  942  296 0  21 1 2 1 2
614  234  221 0  91 1 2 1 2
615  824  808 0  31 1 2 1 2
616  338  448 0  47 1 2 1 2
617  535  175 0  81 1 2 1 2
618   69  326 0  74 1 2 1 2
619  197  788 0  30 1 2 1 2
620  126  713 0  66 1 2 1 2
621  233  420 0  64 1 2 1 2
622  671  359 0  24 1 2 1 2
623  926  290 0  50 1 2 1 2
624  814  742 0  71 1 2 1 2
625   38  223 0  97 1 2 1 2
626  885  390 0  32 1 2 1 2
627  962  389 0  81 1 2 1 2
628  763  256 0   3 1 2 1 2
629  296  667 0  16 1 2 1 2
630  421  533 0  62 1 2 1 2
631  338  209 0  73 1 2 1 2
632  618  896 0  45 1 2 1 2
633  795  934 0  62 1 2 1 2
634  394   40 0  50 1 2 1 2
635  608  146 0  28 1 2 1 2
636  243  363 0  41 1 2 1 2
637  209  792 0  28 1 2 1 2
638  152  249 0  57 1 2 1 2
639  556  858 0  86 1 2 1 2
640  289   27 0  32 1 2 1 2
641  675   89 0  91 1 2 1 2
642  432   37 0  54 1 2 1 2
643  605  306 0   4 1 2 1 2
644  560  932 0  69 1 2 1 2
645  686  409 0 100 1 2 1 2
646  289  144 0  99 1 2 1 2
647  374  754 0  60 1 2 1 2
648  526  673 0  58 1 2 1 2
649  619  602 0  41 1 2 1 2
650  657  476 0  52 1 2 1 2
651  668  390 0  75 1 2 1 2
652  822  259 0  64 1 2 1 2
653  711  995 0  47 1 2 1 2
654   10  738 0  40 1 2 1 2
655  119  226 0  93 1 2 1 2
656   84  245 0  90 1 2 1 2
657   31  132 0  68 1 2 1 2
658  612   46 0   5 1 2 1 2
659  589  136 0  30 1 2 1 2
660  720  657 0  97 1 2 1 2
661  989  264 0   6 1 2 1 2
662  146  374 0  21 1 2 1 2
663  379  158 0  17 1 2 1 2
664  409  448 0 100 1 2 1 2
665  899  756 0  80 1 2 1 2
666  537  568 0  49 1 2 1 2
667  772  673 0  38 1 2 1 2
668  365  616 0   5 1 2 1 2
669  580  483 0  43 1 2 1 2
670  477  477 0  50 1 2 1 2
671  212  958 0  74 1 2 1 2
672  414  358 0  30 1 2 1 2
673  192  556 0  58 1 2 1 2
674  546  963 0  65 1 2 1 2
675  163  715 0  52 1 2 1 2
676   76  110 0  73 1 2 1 2
677  496  511 0  38 1 2 1 2
678  934  610 0   5 1 2 1 2
679   62  326 0  57 1 2 1 2
680  756  659 0  25 1 2 1 2
681  281  695 0  61 1 2 1 2
682  702  428 0  86 1 2 1 2
683  134  678 0  28 1 2 1 2
684  855  967 0  51 1 2 1 2
685  247  911 0  54 1 2 1 2
686  126  881 0  98 1 2 1 2
687   19  640 0  49 1 2 1 2
688  598  637 0  97 1 2 1 2
689  468  918 0  54 1 2 1 2
690  389  474 0  65 1 2 1 2
691   46  305 0   4 1 2 1 2
692  803 1000 0  40 1 2 1 2
693  706  564 0  12 1 2 1 2
694  425  501 0  97 1 2 1 2
695  923  956 0  80 1 2 1 2
696   42  197 0  88 1 2 1 2
697  714   38 0  81 1 2 1 2
698  932  618 0  42 1 2 1 2
699  503  359 0  60 1 2 1 2
700   19  243 0  61 1 2 1 2
701  174  987 0   5 1 2 1 2
702  478   41 0  20 1 2 1 2
703  365  965 0  68 1 2 1 2
704  121  418 0  97 1 2 1 2
705  196  542 0   3 1 2 1 2
706   66  787 0  72 1 2 1 2
707  345  440 0  92 1 2 1 2
708  599  776 0  11 1 2 1 2
709  294  960 0  48 1 2 1 2
710  727  364 0   5 1 2 1 2
711  276  977 0  91 1 2 1 2
712  463  149 0  69 1 2 1 2
713  459  656 0  61 1 2 1 2
714  669  261 0  38 1 2 1 2
715  532  756 0  22 1 2 1 2
716  501  440 0  16 1 2 1 2
717  178  559 0  29 1 2 1 2
718  560  890 0  53 1 2 1 2
719  812  813 0  55 1 2 1 2
720  588  633 0   2 1 2 1 2
721  244  490 0  71 1 2 1 2
722   86   94 0  64 1 2 1 2
723  457  430 0  94 1 2 1 2
724  740  159 0   7 1 2 1 2
725  485   82 0  83 1 2 1 2
726  591  868 0  76 1 2 1 2
727  543   97 0  17 1 2 1 2
728  925  912 0  66 1 2 1 2
729  317  652 0   3 1 2 1 2
730  105   59 0 100 1 2 1 2
731  260  379 0  54 1 2 1 2
732  461  463 0   7 1 2 1 2
733   66  552 0   2 1 2 1 2
734  345  718 0  73 1 2 1 2
735  868  790 0 100 1 2 1 2
736  815  855 0  87 1 2 1 2
737  766  869 0  78 1 2 1 2
738  589  592 0  61 1 2 1 2
739  785  452 0  98 1 2 1 2
740  995  833 0  40 1 2 1 2
741  215  916 0   6 1 2 1 2
742  549   78 0  99 1 2 1 2
743  256  853 0  81 1 2 1 2
744  959  965 0  91 1 2 1 2
745  805  425 0  85 1 2 1 2
746  319  154 0  74 1 2 1 2
747  924   33 0  77 1 2 1 2
748  256  210 0  52 1 2 1 2
749  144   99 0  31 1 2 1 2
750   85  181 0   4 1 2 1 2
751  681  931 0  23 1 2 1 2
752  885  754 0  11 1 2 1 2
753  201  809 0  89 1 2 1 2
754   25  693 0  29 1 2 1 2
755  634  118 0   6 1 2 1 2
756  423  469 0  50 1 2 1 2
757   55  217 0  57 1 2 1 2
758  967  474 0  86 1 2 1 2
759  710  446 0  28 1 2 1 2
760  423  806 0  35 1 2 1 2
761  234  318 0  32 1 2 1 2
762  845  331 0  48 1 2 1 2
763  221  679 0  61 1 2 1 2
764  159  535 0  14 1 2 1 2
765  795  228 0  27 1 2 1 2
766  882  375 0  64 1 2 1 2
767  717  659 0   8 1 2 1 2
768    6  684 0  84 1 2 1 2
769  469  967 0  19 1 2 1 2
770   46  808 0  23 1 2 1 2
771  166  870 0  33 1 2 1 2
772  879  907 0  67 1 2 1 2
773  168  252 0  14 1 2 1 2
774  374  286 0  80 1 2 1 2
775  934  939 0  19 1 2 1 2
776  493  741 0  69 1 2 1 2
777    1  550 0  70 1 2 1 2
778  944  158 0  32 1 2 1 2
779  474  413 0  43 1 2 1 2
780  458  638 0  25 1 2 1 2
781  958  815 0  33 1 2 1 2
782  495  929 0  61 1 2 1 2
783  139  797 0  18 1 2 1 2
784  459  947 0  38 1 2 1 2
785  121  891 0   7 1 2 1 2
786   23  189 0  59 1 2 1 2
787  917  703 0  91 1 2 1 2
788  156  334 0  38 1 2 1 2
789  608  863 0  83 1 2 1 2
790  318  135 0   0 0 0
791  837  104 0   0 0 0
