2 191 794 3
0 251
0 251
0 251
  1 564  40 0  47 1 3 1 2 4
  2 545 447 0  13 1 3 1 2 4
  3 873 654 0  26 1 3 1 2 4
  4 304 934 0  67 1 3 1 2 4
  5 415 489 0  96 1 3 1 2 4
  6 970 941 0  57 1 3 1 2 4
  7 392 710 0  78 1 3 1 2 4
  8 749 628 0   4 1 3 1 2 4
  9 816 626 0  33 1 3 1 2 4
 10 704 156 0   8 1 3 1 2 4
 11 743 916 0  17 1 3 1 2 4
 12 580 138 0  69 1 3 1 2 4
 13 652 911 0  64 1 3 1 2 4
 14 556 279 0  99 1 3 1 2 4
 15 152   6 0 100 1 3 1 2 4
 16 348 764 0  67 1 3 1 2 4
 17 465 596 0  17 1 3 1 2 4
 18 925 463 0  88 1 3 1 2 4
 19 193 376 0  87 1 3 1 2 4
 20 244 341 0  59 1 3 1 2 4
 21 461 827 0  96 1 3 1 2 4
 22 377 836 0   1 1 3 1 2 4
 23  71  33 0  16 1 3 1 2 4
 24 991 494 0  41 1 3 1 2 4
 25 880 670 0  41 1 3 1 2 4
 26 369 589 0   7 1 3 1 2 4
 27 367 455 0  84 1 3 1 2 4
 28 830 610 0  75 1 3 1 2 4
 29 478 301 0  78 1 3 1 2 4
 30 455 602 0  19 1 3 1 2 4
 31 329 550 0  88 1 3 1 2 4
 32 409 907 0  71 1 3 1 2 4
 33 595 718 0  65 1 3 1 2 4
 34 807 638 0  16 1 3 1 2 4
 35 298 362 0  73 1 3 1 2 4
 36 633 811 0  44 1 3 1 2 4
 37  66 449 0  50 1 3 1 2 4
 38 305 935 0  78 1 3 1 2 4
 39 372 663 0  14 1 3 1 2 4
 40 959 997 0   3 1 3 1 2 4
 41 851 299 0  28 1 3 1 2 4
 42 320 197 0   5 1 3 1 2 4
 43  93 243 0  84 1 3 1 2 4
 44 478 657 0  81 1 3 1 2 4
 45 347 775 0  57 1 3 1 2 4
 46 668 431 0  49 1 3 1 2 4
 47 271 341 0  99 1 3 1 2 4
 48 458 718 0  30 1 3 1 2 4
 49 284 542 0  73 1 3 1 2 4
 50  64 360 0  82 1 3 1 2 4
 51 787 768 0  19 1 3 1 2 4
 52 784 374 0  81 1 3 1 2 4
 53 946 954 0  19 1 3 1 2 4
 54 986 346 0   1 1 3 1 2 4
 55 677 589 0  41 1 3 1 2 4
 56  78 275 0  49 1 3 1 2 4
 57 700 288 0  46 1 3 1 2 4
 58 386 325 0  40 1 3 1 2 4
 59 559 709 0  31 1 3 1 2 4
 60 953 850 0  99 1 3 1 2 4
 61 762 287 0  23 1 3 1 2 4
 62 665 227 0  74 1 3 1 2 4
 63  47 724 0  86 1 3 1 2 4
 64 552 458 0   9 1 3 1 2 4
 65 581 976 0  24 1 3 1 2 4
 66 994 682 0  10 1 3 1 2 4
 67 193 192 0  66 1 3 1 2 4
 68 559 297 0  80 1 3 1 2 4
 69 230 572 0  49 1 3 1 2 4
 70 593 574 0   1 1 3 1 2 4
 71 840 228 0  51 1 3 1 2 4
 72 247 927 0  12 1 3 1 2 4
 73 607 315 0  55 1 3 1 2 4
 74 126 564 0  32 1 3 1 2 4
 75 538 821 0  30 1 3 1 2 4
 76 999 837 0  96 1 3 1 2 4
 77 980 648 0   2 1 3 1 2 4
 78 945 591 0   4 1 3 1 2 4
 79 933 223 0  42 1 3 1 2 4
 80 300 835 0  63 1 3 1 2 4
 81  45 986 0  20 1 3 1 2 4
 82 145  11 0  24 1 3 1 2 4
 83  38 216 0  15 1 3 1 2 4
 84 922 119 0  55 1 3 1 2 4
 85 976  21 0  69 1 3 1 2 4
 86 556 140 0  85 1 3 1 2 4
 87 190 167 0  53 1 3 1 2 4
 88 243 273 0  19 1 3 1 2 4
 89  73 632 0  14 1 3 1 2 4
 90 116 706 0  52 1 3 1 2 4
 91 563  66 0  62 1 3 1 2 4
 92 987 552 0  49 1 3 1 2 4
 93 639 385 0  73 1 3 1 2 4
 94 547 815 0  30 1 3 1 2 4
 95 728 170 0  21 1 3 1 2 4
 96 421 324 0  73 1 3 1 2 4
 97 608 560 0  30 1 3 1 2 4
 98  13 613 0  94 1 3 1 2 4
 99 287 457 0   7 1 3 1 2 4
100 903  35 0  48 1 3 1 2 4
101 100  14 0   9 1 3 1 2 4
102 722 554 0  48 1 3 1 2 4
103 568 331 0  22 1 3 1 2 4
104 810 387 0  32 1 3 1 2 4
105 477 768 0  73 1 3 1 2 4
106 359 624 0  33 1 3 1 2 4
107 894 601 0  99 1 3 1 2 4
108 221 770 0  19 1 3 1 2 4
109 268 170 0  52 1 3 1 2 4
110 581 568 0  89 1 3 1 2 4
111 427 526 0  98 1 3 1 2 4
112 290 729 0  47 1 3 1 2 4
113  30 518 0  12 1 3 1 2 4
114   2 847 0  40 1 3 1 2 4
115 688   2 0   1 1 3 1 2 4
116 684 521 0  21 1 3 1 2 4
117 574 214 0  60 1 3 1 2 4
118 604 215 0  85 1 3 1 2 4
119 571 918 0  42 1 3 1 2 4
120   2 239 0  13 1 3 1 2 4
121 159 905 0  79 1 3 1 2 4
122 873 644 0  48 1 3 1 2 4
123 811 662 0  21 1 3 1 2 4
124 290  94 0  37 1 3 1 2 4
125  58 985 0  96 1 3 1 2 4
126 102 315 0  36 1 3 1 2 4
127 800 514 0  88 1 3 1 2 4
128 487 432 0  58 1 3 1 2 4
129 985 461 0  71 1 3 1 2 4
130 243  67 0  22 1 3 1 2 4
131 541 803 0  33 1 3 1 2 4
132 309 377 0  71 1 3 1 2 4
133   4 984 0  83 1 3 1 2 4
134 311 342 0  94 1 3 1 2 4
135 498 925 0  78 1 3 1 2 4
136 501 968 0  47 1 3 1 2 4
137 419 541 0  94 1 3 1 2 4
138 224 982 0  42 1 3 1 2 4
139 912  75 0  39 1 3 1 2 4
140 148 858 0  11 1 3 1 2 4
141 119 556 0   1 1 3 1 2 4
142  48 457 0  68 1 3 1 2 4
143 252 123 0  53 1 3 1 2 4
144 246 385 0  28 1 3 1 2 4
145 239 626 0  19 1 3 1 2 4
146   1 209 0  65 1 3 1 2 4
147 577 810 0  67 1 3 1 2 4
148 255 464 0  23 1 3 1 2 4
149 177 843 0  38 1 3 1 2 4
150 875 949 0  38 1 3 1 2 4
151 943 712 0  56 1 3 1 2 4
152 302 844 0  70 1 3 1 2 4
153  26 578 0   7 1 3 1 2 4
154  60 819 0  42 1 3 1 2 4
155 634 722 0  73 1 3 1 2 4
156 794 966 0  55 1 3 1 2 4
157  85 357 0  14 1 3 1 2 4
158 194 925 0  91 1 3 1 2 4
159  56 786 0  32 1 3 1 2 4
160 518 930 0  89 1 3 1 2 4
161 525 698 0  73 1 3 1 2 4
162 379 871 0  13 1 3 1 2 4
163 246 462 0  29 1 3 1 2 4
164 226 478 0  34 1 3 1 2 4
165 663 805 0  32 1 3 1 2 4
166 205 864 0   8 1 3 1 2 4
167 923 331 0  80 1 3 1 2 4
168 971 772 0  67 1 3 1 2 4
169 831 564 0  43 1 3 1 2 4
170 494 578 0  17 1 3 1 2 4
171 125 691 0  73 1 3 1 2 4
172 311 108 0  98 1 3 1 2 4
173 342  32 0  45 1 3 1 2 4
174   0 572 0  41 1 3 1 2 4
175 598 103 0  55 1 3 1 2 4
176 733 256 0  49 1 3 1 2 4
177 902 714 0  15 1 3 1 2 4
178  81 813 0  52 1 3 1 2 4
179  10 740 0  80 1 3 1 2 4
180 389 805 0  69 1 3 1 2 4
181 961 737 0  10 1 3 1 2 4
182 203 923 0  18 1 3 1 2 4
183  30 727 0  61 1 3 1 2 4
184 407  65 0  79 1 3 1 2 4
185 372  57 0  42 1 3 1 2 4
186 146  30 0   9 1 3 1 2 4
187  84 234 0  89 1 3 1 2 4
188 935  83 0  23 1 3 1 2 4
189 641 381 0  93 1 3 1 2 4
190 372 133 0  80 1 3 1 2 4
191 590 109 0  41 1 3 1 2 4
192 275 767 0  93 1 3 1 2 4
193 862  29 0  47 1 3 1 2 4
194  47 730 0   1 1 3 1 2 4
195  31 227 0  54 1 3 1 2 4
196 582 722 0  41 1 3 1 2 4
197 418  67 0  69 1 3 1 2 4
198 114 664 0  14 1 3 1 2 4
199 809 451 0  64 1 3 1 2 4
200 313 193 0  15 1 3 1 2 4
201 378 404 0  92 1 3 1 2 4
202 490 779 0  38 1 3 1 2 4
203 822 913 0   2 1 3 1 2 4
204 824 774 0  49 1 3 1 2 4
205 418 807 0  46 1 3 1 2 4
206 220 965 0  33 1 3 1 2 4
207 262   6 0  62 1 3 1 2 4
208 614  46 0  82 1 3 1 2 4
209 698 414 0  35 1 3 1 2 4
210 450 684 0  40 1 3 1 2 4
211  13 853 0  22 1 3 1 2 4
212  25 307 0  31 1 3 1 2 4
213 608 316 0  86 1 3 1 2 4
214 193 294 0  72 1 3 1 2 4
215 959 734 0  45 1 3 1 2 4
216 896   9 0  71 1 3 1 2 4
217  69 813 0  20 1 3 1 2 4
218 642 656 0 100 1 3 1 2 4
219 242 172 0  39 1 3 1 2 4
220 689 545 0  22 1 3 1 2 4
221 507 111 0  35 1 3 1 2 4
222 212 938 0  57 1 3 1 2 4
223 219 283 0  16 1 3 1 2 4
224 177 342 0  18 1 3 1 2 4
225 982 499 0  77 1 3 1 2 4
226 976  49 0  89 1 3 1 2 4
227 123 883 0  34 1 3 1 2 4
228 888  54 0  66 1 3 1 2 4
229 212 839 0  60 1 3 1 2 4
230 216 893 0   7 1 3 1 2 4
231 454  93 0  72 1 3 1 2 4
232 178 897 0  99 1 3 1 2 4
233 913  39 0  66 1 3 1 2 4
234 422 843 0  32 1 3 1 2 4
235 502 282 0  54 1 3 1 2 4
236 303 536 0  23 1 3 1 2 4
237 778 911 0  63 1 3 1 2 4
238 620 530 0  48 1 3 1 2 4
239 483 678 0  50 1 3 1 2 4
240 575 244 0  69 1 3 1 2 4
241 496 856 0   4 1 3 1 2 4
242 670 578 0  25 1 3 1 2 4
243 138 169 0  30 1 3 1 2 4
244 606 192 0  49 1 3 1 2 4
245 596   4 0  92 1 3 1 2 4
246 701 930 0  88 1 3 1 2 4
247   7  66 0  30 1 3 1 2 4
248 792 106 0  97 1 3 1 2 4
249 795 815 0  94 1 3 1 2 4
250 313 614 0  37 1 3 1 2 4
251 924 336 0  83 1 3 1 2 4
252   1 399 0  14 1 3 1 2 4
253 700 305 0   6 1 3 1 2 4
254  88 924 0  62 1 3 1 2 4
255 416 969 0  14 1 3 1 2 4
256 528 667 0  17 1 3 1 2 4
257 108  37 0  71 1 3 1 2 4
258 734 479 0   2 1 3 1 2 4
259 607 483 0  11 1 3 1 2 4
260 335 640 0  42 1 3 1 2 4
261 844 490 0 100 1 3 1 2 4
262 638  81 0  12 1 3 1 2 4
263 845  29 0  94 1 3 1 2 4
264 457 702 0  70 1 3 1 2 4
265 608 707 0  72 1 3 1 2 4
266 643 882 0  33 1 3 1 2 4
267 607  79 0  88 1 3 1 2 4
268 450 390 0   3 1 3 1 2 4
269  52 905 0  64 1 3 1 2 4
270 759  89 0  65 1 3 1 2 4
271 738  12 0  47 1 3 1 2 4
272 626 120 0  62 1 3 1 2 4
273 680 583 0  71 1 3 1 2 4
274 220 956 0  20 1 3 1 2 4
275 281 103 0  22 1 3 1 2 4
276 717 819 0   9 1 3 1 2 4
277 293  37 0  29 1 3 1 2 4
278 260 347 0  33 1 3 1 2 4
279 766 570 0  21 1 3 1 2 4
280  39 607 0  23 1 3 1 2 4
281 973 998 0  62 1 3 1 2 4
282 664 279 0  67 1 3 1 2 4
283 316 956 0  15 1 3 1 2 4
284 910 918 0  68 1 3 1 2 4
285 343 748 0  99 1 3 1 2 4
286 680 685 0  12 1 3 1 2 4
287 942 570 0  47 1 3 1 2 4
288 788 344 0  72 1 3 1 2 4
289 171  15 0  61 1 3 1 2 4
290 303 643 0  34 1 3 1 2 4
291 636 988 0  78 1 3 1 2 4
292 811 846 0  14 1 3 1 2 4
293 602 651 0  17 1 3 1 2 4
294 508 646 0  34 1 3 1 2 4
295 803 718 0  93 1 3 1 2 4
296 404 407 0  43 1 3 1 2 4
297 908 914 0  69 1 3 1 2 4
298 849  93 0  71 1 3 1 2 4
299 480 873 0  35 1 3 1 2 4
300 768 836 0  92 1 3 1 2 4
301 628 348 0   3 1 3 1 2 4
302 155 853 0  88 1 3 1 2 4
303 489 846 0  64 1 3 1 2 4
304 770 168 0  94 1 3 1 2 4
305 912 468 0  40 1 3 1 2 4
306  34 855 0  89 1 3 1 2 4
307 906 426 0  82 1 3 1 2 4
308 961 875 0  96 1 3 1 2 4
309 169 453 0  52 1 3 1 2 4
310   1  44 0  38 1 3 1 2 4
311 640 529 0   7 1 3 1 2 4
312 312 544 0   6 1 3 1 2 4
313 521 135 0  21 1 3 1 2 4
314  90  12 0  55 1 3 1 2 4
315 415 520 0  96 1 3 1 2 4
316  37 321 0  10 1 3 1 2 4
317 314 654 0 100 1 3 1 2 4
318 652 721 0  44 1 3 1 2 4
319 706 678 0  89 1 3 1 2 4
320 394 103 0  67 1 3 1 2 4
321 155 976 0  66 1 3 1 2 4
322 372 563 0  34 1 3 1 2 4
323 503 909 0  88 1 3 1 2 4
324 795 544 0  30 1 3 1 2 4
325 441 117 0   6 1 3 1 2 4
326 897 658 0  18 1 3 1 2 4
327 739  58 0  16 1 3 1 2 4
328 655 899 0  77 1 3 1 2 4
329 691 223 0  98 1 3 1 2 4
330 319 763 0  12 1 3 1 2 4
331 906 799 0  16 1 3 1 2 4
332 711 538 0  86 1 3 1 2 4
333  92 858 0  67 1 3 1 2 4
334 557 654 0  14 1 3 1 2 4
335 373 236 0  19 1 3 1 2 4
336  14 630 0  49 1 3 1 2 4
337 731  24 0  96 1 3 1 2 4
338 357 459 0  67 1 3 1 2 4
339 676  33 0  47 1 3 1 2 4
340 225 103 0  80 1 3 1 2 4
341  25 339 0  79 1 3 1 2 4
342 379  71 0  40 1 3 1 2 4
343  59 838 0  88 1 3 1 2 4
344 515 530 0  30 1 3 1 2 4
345 485 967 0  73 1 3 1 2 4
346 614   5 0  43 1 3 1 2 4
347 905 609 0  51 1 3 1 2 4
348 527 843 0  21 1 3 1 2 4
349 894 300 0  11 1 3 1 2 4
350 815 105 0  58 1 3 1 2 4
351 595 395 0  49 1 3 1 2 4
352 572 988 0   3 1 3 1 2 4
353 580  89 0  47 1 3 1 2 4
354 999 642 0  17 1 3 1 2 4
355 363 341 0  42 1 3 1 2 4
356 120 626 0  69 1 3 1 2 4
357 571 903 0  96 1 3 1 2 4
358 843 823 0  38 1 3 1 2 4
359 487 467 0  17 1 3 1 2 4
360 429 518 0  28 1 3 1 2 4
361 337 810 0  88 1 3 1 2 4
362 877 104 0  52 1 3 1 2 4
363 311 522 0  28 1 3 1 2 4
364 909 217 0  97 1 3 1 2 4
365 767 559 0  94 1 3 1 2 4
366 977 248 0  23 1 3 1 2 4
367 697 824 0  70 1 3 1 2 4
368 458 198 0  28 1 3 1 2 4
369 889 892 0  78 1 3 1 2 4
370 406 702 0  64 1 3 1 2 4
371 691 108 0  13 1 3 1 2 4
372 138 385 0  63 1 3 1 2 4
373 956 962 0  45 1 3 1 2 4
374 876 445 0  62 1 3 1 2 4
375 980 360 0  32 1 3 1 2 4
376 204 830 0   3 1 3 1 2 4
377 472 342 0   1 1 3 1 2 4
378 185 785 0  21 1 3 1 2 4
379 683 887 0  54 1 3 1 2 4
380   7 924 0  41 1 3 1 2 4
381 101 660 0  83 1 3 1 2 4
382 348 918 0  58 1 3 1 2 4
383   1 694 0  56 1 3 1 2 4
384 440 536 0  24 1 3 1 2 4
385 795  72 0  63 1 3 1 2 4
386 415 101 0  25 1 3 1 2 4
387 591 373 0  77 1 3 1 2 4
388 280 591 0  35 1 3 1 2 4
389 767 975 0  48 1 3 1 2 4
390 651 334 0  41 1 3 1 2 4
391  84 864 0  46 1 3 1 2 4
392  14 437 0  98 1 3 1 2 4
393 188 261 0  85 1 3 1 2 4
394 144 103 0  51 1 3 1 2 4
395 374 888 0  42 1 3 1 2 4
396  70 924 0 100 1 3 1 2 4
397 315 861 0  41 1 3 1 2 4
398 738 382 0  18 1 3 1 2 4
399 448  94 0   3 1 3 1 2 4
400 901 164 0  74 1 3 1 2 4
401 531 291 0  58 1 3 1 2 4
402 862 810 0   1 1 3 1 2 4
403 207 221 0  37 1 3 1 2 4
404 209 403 0  92 1 3 1 2 4
405 269 343 0  64 1 3 1 2 4
406 761 433 0  76 1 3 1 2 4
407 648 988 0  77 1 3 1 2 4
408 898 878 0  49 1 3 1 2 4
409 372 708 0  42 1 3 1 2 4
410  75 988 0  85 1 3 1 2 4
411 390 613 0  79 1 3 1 2 4
412 871 960 0  85 1 3 1 2 4
413  15 991 0  41 1 3 1 2 4
414 529 466 0  50 1 3 1 2 4
415 268 102 0  72 1 3 1 2 4
416 690 502 0  51 1 3 1 2 4
417 286  80 0  42 1 3 1 2 4
418 831 495 0  61 1 3 1 2 4
419 181 937 0  90 1 3 1 2 4
420 787 963 0  87 1 3 1 2 4
421 738 110 0  12 1 3 1 2 4
422 357 871 0  40 1 3 1 2 4
423 565 409 0 100 1 3 1 2 4
424 536  36 0  96 1 3 1 2 4
425 781 716 0  79 1 3 1 2 4
426 549 552 0  18 1 3 1 2 4
427 960 555 0  97 1 3 1 2 4
428 611 631 0  48 1 3 1 2 4
429 706 628 0   5 1 3 1 2 4
430 477 198 0  30 1 3 1 2 4
431 751 436 0  84 1 3 1 2 4
432 432 677 0   7 1 3 1 2 4
433 915 222 0  72 1 3 1 2 4
434  82 310 0  10 1 3 1 2 4
435 329   1 0  69 1 3 1 2 4
436 521 772 0   4 1 3 1 2 4
437 792  19 0  72 1 3 1 2 4
438 378  27 0  93 1 3 1 2 4
439 283 208 0  37 1 3 1 2 4
440 747 853 0  26 1 3 1 2 4
441 689 468 0  42 1 3 1 2 4
442 899 214 0  65 1 3 1 2 4
443 303  14 0  58 1 3 1 2 4
444 198  50 0  41 1 3 1 2 4
445   3  85 0  56 1 3 1 2 4
446 441 716 0  84 1 3 1 2 4
447 876 722 0  96 1 3 1 2 4
448 919 237 0   2 1 3 1 2 4
449  64 682 0  16 1 3 1 2 4
450 670 140 0   5 1 3 1 2 4
451 141 540 0  68 1 3 1 2 4
452 138 837 0  41 1 3 1 2 4
453 138 586 0   4 1 3 1 2 4
454 746 351 0   8 1 3 1 2 4
455 720 732 0  10 1 3 1 2 4
456 275 774 0  75 1 3 1 2 4
457 276 553 0  95 1 3 1 2 4
458 958 859 0  98 1 3 1 2 4
459 947 271 0  88 1 3 1 2 4
460 154 235 0   3 1 3 1 2 4
461 207 915 0  77 1 3 1 2 4
462 875 831 0  39 1 3 1 2 4
463 327 502 0  58 1 3 1 2 4
464 646 903 0  81 1 3 1 2 4
465 556 116 0  68 1 3 1 2 4
466 250 361 0  81 1 3 1 2 4
467 902 452 0  94 1 3 1 2 4
468 833 458 0  35 1 3 1 2 4
469 133 925 0   1 1 3 1 2 4
470 519 318 0  90 1 3 1 2 4
471 381 991 0  26 1 3 1 2 4
472 458 928 0  32 1 3 1 2 4
473 166  62 0  64 1 3 1 2 4
474  61 949 0   8 1 3 1 2 4
475 978 282 0  16 1 3 1 2 4
476 557 750 0   6 1 3 1 2 4
477 862 451 0  98 1 3 1 2 4
478 663 103 0  30 1 3 1 2 4
479 878 975 0  80 1 3 1 2 4
480 817 936 0  23 1 3 1 2 4
481 933 405 0  28 1 3 1 2 4
482  63 401 0  52 1 3 1 2 4
483 148 964 0  51 1 3 1 2 4
484  81 439 0  23 1 3 1 2 4
485 436 122 0  29 1 3 1 2 4
486 934 766 0  50 1 3 1 2 4
487 529 368 0  41 1 3 1 2 4
488 906 156 0  61 1 3 1 2 4
489 105 907 0  52 1 3 1 2 4
490 854 568 0  89 1 3 1 2 4
491 211 658 0  95 1 3 1 2 4
492 471  91 0  46 1 3 1 2 4
493 348 718 0  63 1 3 1 2 4
494  21 905 0   3 1 3 1 2 4
495 342 609 0  17 1 3 1 2 4
496 170  84 0  78 1 3 1 2 4
497 192 648 0  81 1 3 1 2 4
498 424 531 0  50 1 3 1 2 4
499 708 425 0  97 1 3 1 2 4
500 971 753 0  90 1 3 1 2 4
501 967 238 0  26 1 3 1 2 4
502 515 264 0  94 1 3 1 2 4
503 149 168 0  60 1 3 1 2 4
504 413 208 0  85 1 3 1 2 4
505 841 292 0  45 1 3 1 2 4
506 898 816 0  26 1 3 1 2 4
507 237 630 0  84 1 3 1 2 4
508 454 487 0  62 1 3 1 2 4
509 922 549 0  95 1 3 1 2 4
510 407 970 0  22 1 3 1 2 4
511 438 693 0  11 1 3 1 2 4
512  25 489 0  28 1 3 1 2 4
513 647 880 0  31 1 3 1 2 4
514 277 712 0  12 1 3 1 2 4
515 329 760 0   4 1 3 1 2 4
516 953 367 0  46 1 3 1 2 4
517  77 409 0   9 1 3 1 2 4
518 751 243 0  67 1 3 1 2 4
519  57 638 0  80 1 3 1 2 4
520 931 971 0  78 1 3 1 2 4
521 923   2 0  54 1 3 1 2 4
522 655 703 0  80 1 3 1 2 4
523 794 382 0  18 1 3 1 2 4
524 575 223 0  21 1 3 1 2 4
525 300 566 0  79 1 3 1 2 4
526 759 670 0  12 1 3 1 2 4
527 148 105 0  91 1 3 1 2 4
528 549 679 0  93 1 3 1 2 4
529 557 801 0  69 1 3 1 2 4
530 347 343 0  59 1 3 1 2 4
531 593 527 0  75 1 3 1 2 4
532 869 743 0  59 1 3 1 2 4
533 671 931 0  13 1 3 1 2 4
534 888 902 0  92 1 3 1 2 4
535 558 961 0  91 1 3 1 2 4
536 447 142 0  68 1 3 1 2 4
537 688 282 0  76 1 3 1 2 4
538 717 371 0  90 1 3 1 2 4
539 524 661 0  89 1 3 1 2 4
540 214 481 0  23 1 3 1 2 4
541 601 974 0   2 1 3 1 2 4
542 622 216 0  69 1 3 1 2 4
543 234 745 0  26 1 3 1 2 4
544 505 585 0  42 1 3 1 2 4
545 157 655 0   2 1 3 1 2 4
546 446 390 0   6 1 3 1 2 4
547 221 107 0  66 1 3 1 2 4
548 981 970 0  89 1 3 1 2 4
549 811 130 0  65 1 3 1 2 4
550 250 273 0  32 1 3 1 2 4
551  95 434 0  79 1 3 1 2 4
552 982 654 0  63 1 3 1 2 4
553 107 741 0  29 1 3 1 2 4
554 145 278 0  37 1 3 1 2 4
555 196 829 0  21 1 3 1 2 4
556 366 727 0  58 1 3 1 2 4
557 584 331 0  36 1 3 1 2 4
558 153 330 0  56 1 3 1 2 4
559 299 263 0  45 1 3 1 2 4
560 712  66 0  22 1 3 1 2 4
561 426 628 0  71 1 3 1 2 4
562 134 676 0  51 1 3 1 2 4
563 445 242 0  68 1 3 1 2 4
564 479 661 0 100 1 3 1 2 4
565 961 645 0  81 1 3 1 2 4
566 784 482 0  38 1 3 1 2 4
567 478 820 0  30 1 3 1 2 4
568 427   9 0  75 1 3 1 2 4
569 329 234 0  67 1 3 1 2 4
570 302 967 0  49 1 3 1 2 4
571 631  38 0  57 1 3 1 2 4
572  41 291 0  66 1 3 1 2 4
573 572 107 0 100 1 3 1 2 4
574 318 941 0  81 1 3 1 2 4
575 848 285 0  49 1 3 1 2 4
576 855 914 0  69 1 3 1 2 4
577 524  56 0  56 1 3 1 2 4
578 608 507 0  85 1 3 1 2 4
579 256 317 0  97 1 3 1 2 4
580 476 875 0  93 1 3 1 2 4
581  32 167 0  30 1 3 1 2 4
582 430 820 0  21 1 3 1 2 4
583 707 275 0  41 1 3 1 2 4
584 376 920 0  21 1 3 1 2 4
585 183 206 0  48 1 3 1 2 4
586 277 965 0  97 1 3 1 2 4
587 479 184 0  54 1 3 1 2 4
588 783 612 0  39 1 3 1 2 4
589 814 855 0  20 1 3 1 2 4
590 898 507 0  14 1 3 1 2 4
591 575 606 0  87 1 3 1 2 4
592 822 256 0  93 1 3 1 2 4
593 579 982 0  63 1 3 1 2 4
594 418 466 0  80 1 3 1 2 4
595 931 891 0  72 1 3 1 2 4
596 307 838 0  66 1 3 1 2 4
597 882 438 0  92 1 3 1 2 4
598 347  88 0  23 1 3 1 2 4
599 861 335 0  44 1 3 1 2 4
600 306  40 0  35 1 3 1 2 4
601  55 487 0  70 1 3 1 2 4
602 807 476 0  26 1 3 1 2 4
603 728 575 0  33 1 3 1 2 4
604 281 465 0   5 1 3 1 2 4
605  26 933 0  85 1 3 1 2 4
606 222 834 0  96 1 3 1 2 4
607 881 679 0  47 1 3 1 2 4
608 246 477 0  17 1 3 1 2 4
609 856 876 0  91 1 3 1 2 4
610 343 344 0  80 1 3 1 2 4
611 289 142 0  13 1 3 1 2 4
612 761 518 0  10 1 3 1 2 4
613 498 538 0 100 1 3 1 2 4
614 572 531 0  39 1 3 1 2 4
615 733 713 0  92 1 3 1 2 4
616 506  43 0   7 1 3 1 2 4
617 149 706 0  64 1 3 1 2 4
618 980 819 0  26 1 3 1 2 4
619 783 840 0  21 1 3 1 2 4
620 130 677 0  21 1 3 1 2 4
621 148 900 0  34 1 3 1 2 4
622 682 322 0  92 1 3 1 2 4
623 210 966 0  75 1 3 1 2 4
624 714 268 0  91 1 3 1 2 4
625  48 624 0  50 1 3 1 2 4
626 199 458 0  32 1 3 1 2 4
627 449 935 0  28 1 3 1 2 4
628 719 636 0  59 1 3 1 2 4
629 411  62 0  27 1 3 1 2 4
630 704 441 0  35 1 3 1 2 4
631 776 344 0  56 1 3 1 2 4
632 303 359 0  46 1 3 1 2 4
633 800 740 0  51 1 3 1 2 4
634 686 583 0  39 1 3 1 2 4
635 710 562 0  97 1 3 1 2 4
636 452 710 0  74 1 3 1 2 4
637  42 509 0  15 1 3 1 2 4
638 484 389 0   8 1 3 1 2 4
639 445 340 0  56 1 3 1 2 4
640 193 108 0  45 1 3 1 2 4
641 273 553 0  52 1 3 1 2 4
642 474 693 0  50 1 3 1 2 4
643 569  96 0  44 1 3 1 2 4
644 445 265 0  22 1 3 1 2 4
645  41 873 0  30 1 3 1 2 4
646 641 616 0  98 1 3 1 2 4
647 956  62 0  99 1 3 1 2 4
648 184  53 0  63 1 3 1 2 4
649 750 521 0  74 1 3 1 2 4
650 304 278 0  94 1 3 1 2 4
651 446 115 0  94 1 3 1 2 4
652 808 488 0  31 1 3 1 2 4
653  68 710 0  60 1 3 1 2 4
654 153 176 0  98 1 3 1 2 4
655 560 580 0  72 1 3 1 2 4
656 910 866 0  88 1 3 1 2 4
657 247 139 0 100 1 3 1 2 4
658 929 900 0  46 1 3 1 2 4
659 746 811 0   9 1 3 1 2 4
660 575 956 0  12 1 3 1 2 4
661 547 191 0  17 1 3 1 2 4
662  66 844 0  51 1 3 1 2 4
663 930 276 0  88 1 3 1 2 4
664 154 111 0  19 1 3 1 2 4
665 952 274 0  19 1 3 1 2 4
666 894 297 0  79 1 3 1 2 4
667 220 583 0  75 1 3 1 2 4
668 619 630 0  17 1 3 1 2 4
669 881 881 0  58 1 3 1 2 4
670 386 176 0  88 1 3 1 2 4
671 779 572 0  80 1 3 1 2 4
672 263 847 0  35 1 3 1 2 4
673 464 920 0  51 1 3 1 2 4
674 835 810 0  11 1 3 1 2 4
675   4 542 0  23 1 3 1 2 4
676 821 789 0  87 1 3 1 2 4
677 746 680 0  96 1 3 1 2 4
678 222 307 0  62 1 3 1 2 4
679 560 704 0  67 1 3 1 2 4
680 128 878 0  93 1 3 1 2 4
681 418 357 0  73 1 3 1 2 4
682 235 142 0  88 1 3 1 2 4
683 872  39 0  26 1 3 1 2 4
684 521 425 0  14 1 3 1 2 4
685 910 670 0  17 1 3 1 2 4
686 632 277 0  63 1 3 1 2 4
687 508 517 0   2 1 3 1 2 4
688 699 108 0  70 1 3 1 2 4
689 638 797 0  30 1 3 1 2 4
690 904  42 0  82 1 3 1 2 4
691 351  59 0  71 1 3 1 2 4
692 711 170 0  93 1 3 1 2 4
693 321  80 0  29 1 3 1 2 4
694 473 812 0  63 1 3 1 2 4
695 595 578 0  74 1 3 1 2 4
696 893 882 0   5 1 3 1 2 4
697 472 729 0  60 1 3 1 2 4
698  44 763 0   1 1 3 1 2 4
699 524 283 0  73 1 3 1 2 4
700 548 502 0  63 1 3 1 2 4
701 105 766 0  68 1 3 1 2 4
702 142 152 0   1 1 3 1 2 4
703 860 968 0  60 1 3 1 2 4
704  42 921 0  73 1 3 1 2 4
705 193 491 0  83 1 3 1 2 4
706 729 130 0  85 1 3 1 2 4
707 529 344 0  78 1 3 1 2 4
708 385 726 0  99 1 3 1 2 4
709 832 831 0  97 1 3 1 2 4
710 811 914 0  91 1 3 1 2 4
711 264  50 0  33 1 3 1 2 4
712 220 381 0  91 1 3 1 2 4
713 464 454 0  28 1 3 1 2 4
714 730 216 0  42 1 3 1 2 4
715 405 515 0  98 1 3 1 2 4
716 667 531 0 100 1 3 1 2 4
717 521 155 0  26 1 3 1 2 4
718 340 763 0  67 1 3 1 2 4
719 853 160 0  95 1 3 1 2 4
720 805 160 0  35 1 3 1 2 4
721 599 945 0   3 1 3 1 2 4
722 119 170 0  71 1 3 1 2 4
723 116 540 0  59 1 3 1 2 4
724 321 500 0  59 1 3 1 2 4
725 386 403 0  88 1 3 1 2 4
726 985 747 0   8 1 3 1 2 4
727 658 597 0  39 1 3 1 2 4
728 954 508 0  31 1 3 1 2 4
729 300 674 0  20 1 3 1 2 4
730 406  81 0  90 1 3 1 2 4
731 539 170 0  16 1 3 1 2 4
732 475 722 0  82 1 3 1 2 4
733 344 388 0   8 1 3 1 2 4
734 629 977 0  40 1 3 1 2 4
735 174 572 0  68 1 3 1 2 4
736 609 756 0  91 1 3 1 2 4
737 412 694 0  28 1 3 1 2 4
738 516  80 0  16 1 3 1 2 4
739   4 110 0  57 1 3 1 2 4
740  61 548 0   6 1 3 1 2 4
741 412 771 0   4 1 3 1 2 4
742 447 237 0  96 1 3 1 2 4
743 738 786 0  17 1 3 1 2 4
744 354 771 0  76 1 3 1 2 4
745 100 875 0  87 1 3 1 2 4
746 623 608 0   9 1 3 1 2 4
747 150 317 0  42 1 3 1 2 4
748 424 805 0  70 1 3 1 2 4
749 410 906 0   7 1 3 1 2 4
750 677 984 0  43 1 3 1 2 4
751 916 415 0  85 1 3 1 2 4
752 118 208 0  27 1 3 1 2 4
753 483 847 0  44 1 3 1 2 4
754 185 290 0  40 1 3 1 2 4
755 182 203 0  48 1 3 1 2 4
756  62 132 0  18 1 3 1 2 4
757 786 152 0  68 1 3 1 2 4
758   4 547 0  49 1 3 1 2 4
759 716 693 0  20 1 3 1 2 4
760 428 290 0  16 1 3 1 2 4
761 541 915 0  82 1 3 1 2 4
762 134 297 0  88 1 3 1 2 4
763 478 303 0  31 1 3 1 2 4
764 459 960 0  92 1 3 1 2 4
765 310 856 0  19 1 3 1 2 4
766 629 210 0  59 1 3 1 2 4
767 832 512 0  93 1 3 1 2 4
768 612 266 0  99 1 3 1 2 4
769 519 787 0   8 1 3 1 2 4
770 967  25 0  72 1 3 1 2 4
771 536 961 0  16 1 3 1 2 4
772 442 107 0  19 1 3 1 2 4
773 560 553 0  56 1 3 1 2 4
774 153 487 0  66 1 3 1 2 4
775 766 958 0  22 1 3 1 2 4
776 636  48 0  93 1 3 1 2 4
777 286 592 0  14 1 3 1 2 4
778 537 582 0  34 1 3 1 2 4
779 773 108 0  27 1 3 1 2 4
780 645 909 0  27 1 3 1 2 4
781   5 789 0  87 1 3 1 2 4
782 972 387 0   8 1 3 1 2 4
783 799 645 0  59 1 3 1 2 4
784 227  89 0  54 1 3 1 2 4
785  45 724 0  95 1 3 1 2 4
786 733  94 0  33 1 3 1 2 4
787 344 186 0  84 1 3 1 2 4
788 722 326 0  68 1 3 1 2 4
789 129 376 0   5 1 3 1 2 4
790 289 544 0  43 1 3 1 2 4
791 636 389 0  35 1 3 1 2 4
792  70 786 0  30 1 3 1 2 4
793 963 866 0  90 1 3 1 2 4
794 579 612 0  37 1 3 1 2 4
795 525 259 0   0 0 0
796  14  66 0   0 0 0
797 169 493 0   0 0 0
