2 113 810 7
0 247
0 247
0 247
0 247
0 247
0 247
0 247
  1 511 916 0  26 1 7 1 2 4 8 16 32 64
  2 940 144 0  73 1 7 1 2 4 8 16 32 64
  3 864 775 0  25 1 7 1 2 4 8 16 32 64
  4   5 878 0  48 1 7 1 2 4 8 16 32 64
  5  42 183 0  74 1 7 1 2 4 8 16 32 64
  6 860 893 0  79 1 7 1 2 4 8 16 32 64
  7 841  86 0  44 1 7 1 2 4 8 16 32 64
  8 604 296 0  58 1 7 1 2 4 8 16 32 64
  9 436 590 0  23 1 7 1 2 4 8 16 32 64
 10 110 451 0  50 1 7 1 2 4 8 16 32 64
 11 901 633 0  99 1 7 1 2 4 8 16 32 64
 12 908 790 0  29 1 7 1 2 4 8 16 32 64
 13 863 189 0  17 1 7 1 2 4 8 16 32 64
 14 572 633 0  54 1 7 1 2 4 8 16 32 64
 15 890 643 0   4 1 7 1 2 4 8 16 32 64
 16 562 550 0 100 1 7 1 2 4 8 16 32 64
 17 974  36 0  39 1 7 1 2 4 8 16 32 64
 18 868 817 0  75 1 7 1 2 4 8 16 32 64
 19 990 670 0  27 1 7 1 2 4 8 16 32 64
 20 200 168 0  94 1 7 1 2 4 8 16 32 64
 21 495 683 0  64 1 7 1 2 4 8 16 32 64
 22 727 881 0  42 1 7 1 2 4 8 16 32 64
 23 337  89 0  96 1 7 1 2 4 8 16 32 64
 24 225  45 0  80 1 7 1 2 4 8 16 32 64
 25 843 293 0  95 1 7 1 2 4 8 16 32 64
 26 934 542 0  75 1 7 1 2 4 8 16 32 64
 27 882 910 0   8 1 7 1 2 4 8 16 32 64
 28 215 702 0  31 1 7 1 2 4 8 16 32 64
 29 562 751 0  40 1 7 1 2 4 8 16 32 64
 30 266 939 0  56 1 7 1 2 4 8 16 32 64
 31 808 515 0  42 1 7 1 2 4 8 16 32 64
 32 263  37 0  38 1 7 1 2 4 8 16 32 64
 33 684 841 0  76 1 7 1 2 4 8 16 32 64
 34 364 865 0  61 1 7 1 2 4 8 16 32 64
 35 505 412 0  13 1 7 1 2 4 8 16 32 64
 36  78 348 0  64 1 7 1 2 4 8 16 32 64
 37  61 550 0  91 1 7 1 2 4 8 16 32 64
 38 396 494 0  38 1 7 1 2 4 8 16 32 64
 39 383 557 0  84 1 7 1 2 4 8 16 32 64
 40 733 529 0  77 1 7 1 2 4 8 16 32 64
 41  24 461 0  66 1 7 1 2 4 8 16 32 64
 42 281 867 0  87 1 7 1 2 4 8 16 32 64
 43 499 357 0   8 1 7 1 2 4 8 16 32 64
 44 990 784 0  94 1 7 1 2 4 8 16 32 64
 45 637 618 0  96 1 7 1 2 4 8 16 32 64
 46 332 547 0  39 1 7 1 2 4 8 16 32 64
 47 150  19 0  95 1 7 1 2 4 8 16 32 64
 48 342 859 0  98 1 7 1 2 4 8 16 32 64
 49 487 247 0  29 1 7 1 2 4 8 16 32 64
 50 893 765 0  46 1 7 1 2 4 8 16 32 64
 51 711 303 0  54 1 7 1 2 4 8 16 32 64
 52 247 406 0  39 1 7 1 2 4 8 16 32 64
 53 463  60 0  81 1 7 1 2 4 8 16 32 64
 54 975 357 0  38 1 7 1 2 4 8 16 32 64
 55 718 888 0  34 1 7 1 2 4 8 16 32 64
 56 345 289 0  14 1 7 1 2 4 8 16 32 64
 57 736 371 0  78 1 7 1 2 4 8 16 32 64
 58 338 666 0  81 1 7 1 2 4 8 16 32 64
 59 857 352 0  24 1 7 1 2 4 8 16 32 64
 60 337 280 0  48 1 7 1 2 4 8 16 32 64
 61 357 635 0  24 1 7 1 2 4 8 16 32 64
 62 603  59 0   6 1 7 1 2 4 8 16 32 64
 63 403 188 0  72 1 7 1 2 4 8 16 32 64
 64 699  20 0  85 1 7 1 2 4 8 16 32 64
 65 582 389 0  96 1 7 1 2 4 8 16 32 64
 66  30 323 0  33 1 7 1 2 4 8 16 32 64
 67 410 258 0  90 1 7 1 2 4 8 16 32 64
 68 818 962 0  47 1 7 1 2 4 8 16 32 64
 69 812 547 0  14 1 7 1 2 4 8 16 32 64
 70 493 393 0  16 1 7 1 2 4 8 16 32 64
 71 240 713 0  31 1 7 1 2 4 8 16 32 64
 72 709 720 0  69 1 7 1 2 4 8 16 32 64
 73 709 150 0  87 1 7 1 2 4 8 16 32 64
 74 598 921 0  52 1 7 1 2 4 8 16 32 64
 75 342 955 0  54 1 7 1 2 4 8 16 32 64
 76 915 259 0   4 1 7 1 2 4 8 16 32 64
 77 377 283 0  27 1 7 1 2 4 8 16 32 64
 78 481  74 0  37 1 7 1 2 4 8 16 32 64
 79 740 403 0  42 1 7 1 2 4 8 16 32 64
 80 827  40 0  49 1 7 1 2 4 8 16 32 64
 81 740 648 0  30 1 7 1 2 4 8 16 32 64
 82  19 497 0  21 1 7 1 2 4 8 16 32 64
 83 318 157 0  25 1 7 1 2 4 8 16 32 64
 84 605 583 0  43 1 7 1 2 4 8 16 32 64
 85 580 441 0  75 1 7 1 2 4 8 16 32 64
 86 853 736 0  37 1 7 1 2 4 8 16 32 64
 87 386 972 0  98 1 7 1 2 4 8 16 32 64
 88 967 160 0  20 1 7 1 2 4 8 16 32 64
 89 836 390 0  70 1 7 1 2 4 8 16 32 64
 90 278  25 0  12 1 7 1 2 4 8 16 32 64
 91 414 183 0  16 1 7 1 2 4 8 16 32 64
 92 155 582 0  75 1 7 1 2 4 8 16 32 64
 93 674 644 0  62 1 7 1 2 4 8 16 32 64
 94 673 412 0  21 1 7 1 2 4 8 16 32 64
 95 492 329 0  98 1 7 1 2 4 8 16 32 64
 96   0 272 0   1 1 7 1 2 4 8 16 32 64
 97 455 639 0   3 1 7 1 2 4 8 16 32 64
 98 102 102 0  91 1 7 1 2 4 8 16 32 64
 99 548 208 0  37 1 7 1 2 4 8 16 32 64
100 634 404 0  27 1 7 1 2 4 8 16 32 64
101  82 513 0  17 1 7 1 2 4 8 16 32 64
102 634  75 0  44 1 7 1 2 4 8 16 32 64
103 435 644 0   6 1 7 1 2 4 8 16 32 64
104 435 501 0  49 1 7 1 2 4 8 16 32 64
105 727 167 0  75 1 7 1 2 4 8 16 32 64
106 914  66 0  16 1 7 1 2 4 8 16 32 64
107 303 917 0   4 1 7 1 2 4 8 16 32 64
108 573 235 0  33 1 7 1 2 4 8 16 32 64
109 675 697 0  99 1 7 1 2 4 8 16 32 64
110 698 117 0  48 1 7 1 2 4 8 16 32 64
111  41 881 0  39 1 7 1 2 4 8 16 32 64
112 781 503 0  96 1 7 1 2 4 8 16 32 64
113 760 710 0  15 1 7 1 2 4 8 16 32 64
114 164 474 0  68 1 7 1 2 4 8 16 32 64
115 503 573 0  18 1 7 1 2 4 8 16 32 64
116 494 980 0  80 1 7 1 2 4 8 16 32 64
117  42 103 0  85 1 7 1 2 4 8 16 32 64
118  91 239 0  45 1 7 1 2 4 8 16 32 64
119 675 205 0  36 1 7 1 2 4 8 16 32 64
120 243 289 0  83 1 7 1 2 4 8 16 32 64
121 911 108 0 100 1 7 1 2 4 8 16 32 64
122 685 184 0  31 1 7 1 2 4 8 16 32 64
123 260 413 0  90 1 7 1 2 4 8 16 32 64
124 864 306 0  54 1 7 1 2 4 8 16 32 64
125 109 842 0   4 1 7 1 2 4 8 16 32 64
126 996 814 0  79 1 7 1 2 4 8 16 32 64
127 571 765 0  96 1 7 1 2 4 8 16 32 64
128 748 692 0  88 1 7 1 2 4 8 16 32 64
129 963 459 0  97 1 7 1 2 4 8 16 32 64
130 947 259 0  49 1 7 1 2 4 8 16 32 64
131 655 113 0   3 1 7 1 2 4 8 16 32 64
132 183 858 0  18 1 7 1 2 4 8 16 32 64
133 228 136 0  98 1 7 1 2 4 8 16 32 64
134 881 649 0  28 1 7 1 2 4 8 16 32 64
135 474 746 0  36 1 7 1 2 4 8 16 32 64
136 545 989 0  48 1 7 1 2 4 8 16 32 64
137 330 913 0  65 1 7 1 2 4 8 16 32 64
138  10 878 0  46 1 7 1 2 4 8 16 32 64
139 276 713 0  92 1 7 1 2 4 8 16 32 64
140 820 321 0  86 1 7 1 2 4 8 16 32 64
141 183 693 0  75 1 7 1 2 4 8 16 32 64
142 532  52 0  88 1 7 1 2 4 8 16 32 64
143 351 340 0  62 1 7 1 2 4 8 16 32 64
144 692 796 0   9 1 7 1 2 4 8 16 32 64
145 715 452 0  54 1 7 1 2 4 8 16 32 64
146 976 638 0  87 1 7 1 2 4 8 16 32 64
147 539 354 0  18 1 7 1 2 4 8 16 32 64
148 309 235 0  88 1 7 1 2 4 8 16 32 64
149 429 250 0  30 1 7 1 2 4 8 16 32 64
150 598 361 0  96 1 7 1 2 4 8 16 32 64
151 311 330 0  86 1 7 1 2 4 8 16 32 64
152 903 112 0  83 1 7 1 2 4 8 16 32 64
153 866  72 0  10 1 7 1 2 4 8 16 32 64
154 564 477 0  56 1 7 1 2 4 8 16 32 64
155  92 684 0  83 1 7 1 2 4 8 16 32 64
156 949 737 0  86 1 7 1 2 4 8 16 32 64
157 136 774 0  21 1 7 1 2 4 8 16 32 64
158 764  98 0   9 1 7 1 2 4 8 16 32 64
159   1 838 0  18 1 7 1 2 4 8 16 32 64
160 215 231 0  87 1 7 1 2 4 8 16 32 64
161 392 844 0  52 1 7 1 2 4 8 16 32 64
162 806 686 0  78 1 7 1 2 4 8 16 32 64
163 289 585 0  83 1 7 1 2 4 8 16 32 64
164 856  71 0   6 1 7 1 2 4 8 16 32 64
165 223 841 0  34 1 7 1 2 4 8 16 32 64
166 818 727 0   1 1 7 1 2 4 8 16 32 64
167 473  51 0  47 1 7 1 2 4 8 16 32 64
168 904  25 0  63 1 7 1 2 4 8 16 32 64
169 881 598 0  39 1 7 1 2 4 8 16 32 64
170 211 719 0  30 1 7 1 2 4 8 16 32 64
171 499 153 0  42 1 7 1 2 4 8 16 32 64
172 497 761 0  42 1 7 1 2 4 8 16 32 64
173 758 114 0  50 1 7 1 2 4 8 16 32 64
174 328 504 0  53 1 7 1 2 4 8 16 32 64
175 521 846 0  24 1 7 1 2 4 8 16 32 64
176 521 699 0  85 1 7 1 2 4 8 16 32 64
177 905 556 0  94 1 7 1 2 4 8 16 32 64
178 192  19 0  96 1 7 1 2 4 8 16 32 64
179 764 237 0  11 1 7 1 2 4 8 16 32 64
180 440 387 0  66 1 7 1 2 4 8 16 32 64
181 426 172 0  97 1 7 1 2 4 8 16 32 64
182 427   6 0  17 1 7 1 2 4 8 16 32 64
183 628 440 0  63 1 7 1 2 4 8 16 32 64
184 106 102 0  13 1 7 1 2 4 8 16 32 64
185 632 684 0  16 1 7 1 2 4 8 16 32 64
186 982 258 0  43 1 7 1 2 4 8 16 32 64
187  52  55 0  46 1 7 1 2 4 8 16 32 64
188  57 728 0  62 1 7 1 2 4 8 16 32 64
189 790 241 0  27 1 7 1 2 4 8 16 32 64
190 181 466 0  85 1 7 1 2 4 8 16 32 64
191 100 615 0  71 1 7 1 2 4 8 16 32 64
192 957 605 0  56 1 7 1 2 4 8 16 32 64
193 507 942 0  95 1 7 1 2 4 8 16 32 64
194 790 525 0  57 1 7 1 2 4 8 16 32 64
195 986 554 0  72 1 7 1 2 4 8 16 32 64
196 576 419 0  11 1 7 1 2 4 8 16 32 64
197 890 381 0  17 1 7 1 2 4 8 16 32 64
198  70 777 0   5 1 7 1 2 4 8 16 32 64
199 373 238 0   3 1 7 1 2 4 8 16 32 64
200 684  69 0  71 1 7 1 2 4 8 16 32 64
201 920 329 0  61 1 7 1 2 4 8 16 32 64
202 531 919 0  21 1 7 1 2 4 8 16 32 64
203 598 470 0   3 1 7 1 2 4 8 16 32 64
204 280 998 0  89 1 7 1 2 4 8 16 32 64
205 727  14 0  22 1 7 1 2 4 8 16 32 64
206  23 802 0   8 1 7 1 2 4 8 16 32 64
207 273 156 0  78 1 7 1 2 4 8 16 32 64
208 189 962 0 100 1 7 1 2 4 8 16 32 64
209  82 371 0  11 1 7 1 2 4 8 16 32 64
210 352 211 0  67 1 7 1 2 4 8 16 32 64
211 120 312 0  16 1 7 1 2 4 8 16 32 64
212 833 273 0  89 1 7 1 2 4 8 16 32 64
213 923 992 0   3 1 7 1 2 4 8 16 32 64
214 789 158 0  58 1 7 1 2 4 8 16 32 64
215 846 523 0  38 1 7 1 2 4 8 16 32 64
216 460 954 0  63 1 7 1 2 4 8 16 32 64
217 946 282 0  23 1 7 1 2 4 8 16 32 64
218 340 816 0  61 1 7 1 2 4 8 16 32 64
219 355 126 0  47 1 7 1 2 4 8 16 32 64
220 876  25 0   3 1 7 1 2 4 8 16 32 64
221 773 521 0  38 1 7 1 2 4 8 16 32 64
222  15 627 0  88 1 7 1 2 4 8 16 32 64
223 329 435 0  14 1 7 1 2 4 8 16 32 64
224  29 982 0  23 1 7 1 2 4 8 16 32 64
225 649 161 0  98 1 7 1 2 4 8 16 32 64
226 675 427 0  63 1 7 1 2 4 8 16 32 64
227 671 273 0  65 1 7 1 2 4 8 16 32 64
228 171 710 0  94 1 7 1 2 4 8 16 32 64
229 151 300 0  71 1 7 1 2 4 8 16 32 64
230 231 653 0  69 1 7 1 2 4 8 16 32 64
231 419 630 0  70 1 7 1 2 4 8 16 32 64
232 937 365 0  21 1 7 1 2 4 8 16 32 64
233 883 203 0  96 1 7 1 2 4 8 16 32 64
234 962 214 0  60 1 7 1 2 4 8 16 32 64
235 849 833 0  98 1 7 1 2 4 8 16 32 64
236 265 242 0  74 1 7 1 2 4 8 16 32 64
237 846 688 0  15 1 7 1 2 4 8 16 32 64
238  10 608 0  90 1 7 1 2 4 8 16 32 64
239 411 522 0  55 1 7 1 2 4 8 16 32 64
240 215 867 0  45 1 7 1 2 4 8 16 32 64
241 346 307 0  95 1 7 1 2 4 8 16 32 64
242 761  56 0  74 1 7 1 2 4 8 16 32 64
243 942 880 0  38 1 7 1 2 4 8 16 32 64
244 569  50 0  52 1 7 1 2 4 8 16 32 64
245 458 796 0  11 1 7 1 2 4 8 16 32 64
246 383 968 0  93 1 7 1 2 4 8 16 32 64
247 652 216 0  64 1 7 1 2 4 8 16 32 64
248 422 820 0  85 1 7 1 2 4 8 16 32 64
249 644 233 0  45 1 7 1 2 4 8 16 32 64
250  96 979 0  65 1 7 1 2 4 8 16 32 64
251 674 372 0  12 1 7 1 2 4 8 16 32 64
252 844 658 0  64 1 7 1 2 4 8 16 32 64
253 691  74 0  12 1 7 1 2 4 8 16 32 64
254 605 649 0  27 1 7 1 2 4 8 16 32 64
255 309 366 0  46 1 7 1 2 4 8 16 32 64
256 658  90 0  46 1 7 1 2 4 8 16 32 64
257 229 775 0  76 1 7 1 2 4 8 16 32 64
258 799 347 0   8 1 7 1 2 4 8 16 32 64
259 272 265 0  18 1 7 1 2 4 8 16 32 64
260 327  78 0  11 1 7 1 2 4 8 16 32 64
261 405 950 0  97 1 7 1 2 4 8 16 32 64
262 878 411 0  77 1 7 1 2 4 8 16 32 64
263 592 756 0  69 1 7 1 2 4 8 16 32 64
264 378 377 0  80 1 7 1 2 4 8 16 32 64
265  74 162 0  56 1 7 1 2 4 8 16 32 64
266 915 129 0  75 1 7 1 2 4 8 16 32 64
267  37 336 0  70 1 7 1 2 4 8 16 32 64
268 846 954 0  44 1 7 1 2 4 8 16 32 64
269 766 797 0  54 1 7 1 2 4 8 16 32 64
270 558 121 0  14 1 7 1 2 4 8 16 32 64
271 390 679 0  52 1 7 1 2 4 8 16 32 64
272 721 528 0  30 1 7 1 2 4 8 16 32 64
273 968 279 0  24 1 7 1 2 4 8 16 32 64
274 984 324 0  48 1 7 1 2 4 8 16 32 64
275 754 508 0  62 1 7 1 2 4 8 16 32 64
276 591 607 0  80 1 7 1 2 4 8 16 32 64
277 127 329 0  30 1 7 1 2 4 8 16 32 64
278 619 357 0  84 1 7 1 2 4 8 16 32 64
279 430 522 0  24 1 7 1 2 4 8 16 32 64
280 864 658 0  16 1 7 1 2 4 8 16 32 64
281 287  18 0  62 1 7 1 2 4 8 16 32 64
282 130 983 0  13 1 7 1 2 4 8 16 32 64
283 856 978 0  32 1 7 1 2 4 8 16 32 64
284 372 343 0  20 1 7 1 2 4 8 16 32 64
285 306 654 0  27 1 7 1 2 4 8 16 32 64
286 642 268 0  96 1 7 1 2 4 8 16 32 64
287 837 746 0  51 1 7 1 2 4 8 16 32 64
288 141 295 0  93 1 7 1 2 4 8 16 32 64
289 792 224 0  13 1 7 1 2 4 8 16 32 64
290 958 792 0  52 1 7 1 2 4 8 16 32 64
291 264 868 0  68 1 7 1 2 4 8 16 32 64
292 467 986 0  53 1 7 1 2 4 8 16 32 64
293 515 888 0  33 1 7 1 2 4 8 16 32 64
294 557 450 0  79 1 7 1 2 4 8 16 32 64
295 149 979 0  91 1 7 1 2 4 8 16 32 64
296 804 466 0  79 1 7 1 2 4 8 16 32 64
297 642 914 0  29 1 7 1 2 4 8 16 32 64
298 365 826 0  19 1 7 1 2 4 8 16 32 64
299 892 680 0  61 1 7 1 2 4 8 16 32 64
300 686  91 0  78 1 7 1 2 4 8 16 32 64
301 979 807 0  20 1 7 1 2 4 8 16 32 64
302 682 801 0  57 1 7 1 2 4 8 16 32 64
303 504 357 0  74 1 7 1 2 4 8 16 32 64
304 606 963 0  73 1 7 1 2 4 8 16 32 64
305 870 831 0  91 1 7 1 2 4 8 16 32 64
306 940 487 0  55 1 7 1 2 4 8 16 32 64
307 282 586 0  77 1 7 1 2 4 8 16 32 64
308 312 986 0  33 1 7 1 2 4 8 16 32 64
309 842 176 0  17 1 7 1 2 4 8 16 32 64
310 555 801 0  14 1 7 1 2 4 8 16 32 64
311 449 444 0  59 1 7 1 2 4 8 16 32 64
312 710 810 0  96 1 7 1 2 4 8 16 32 64
313 736 376 0  63 1 7 1 2 4 8 16 32 64
314 319 380 0  41 1 7 1 2 4 8 16 32 64
315 756 739 0  29 1 7 1 2 4 8 16 32 64
316 373 978 0  95 1 7 1 2 4 8 16 32 64
317 819 512 0  15 1 7 1 2 4 8 16 32 64
318 980 430 0  72 1 7 1 2 4 8 16 32 64
319 521 747 0  75 1 7 1 2 4 8 16 32 64
320 631  91 0   7 1 7 1 2 4 8 16 32 64
321 504 793 0  35 1 7 1 2 4 8 16 32 64
322 281 880 0  39 1 7 1 2 4 8 16 32 64
323 989  29 0   9 1 7 1 2 4 8 16 32 64
324 316 688 0  48 1 7 1 2 4 8 16 32 64
325 687 279 0  21 1 7 1 2 4 8 16 32 64
326 811 382 0  23 1 7 1 2 4 8 16 32 64
327  92  76 0  47 1 7 1 2 4 8 16 32 64
328 659 468 0  50 1 7 1 2 4 8 16 32 64
329 293 628 0  39 1 7 1 2 4 8 16 32 64
330 186 918 0  42 1 7 1 2 4 8 16 32 64
331  13 542 0  17 1 7 1 2 4 8 16 32 64
332 938 793 0  38 1 7 1 2 4 8 16 32 64
333 218 436 0  44 1 7 1 2 4 8 16 32 64
334 936  30 0  31 1 7 1 2 4 8 16 32 64
335 869 928 0  99 1 7 1 2 4 8 16 32 64
336 105 137 0  51 1 7 1 2 4 8 16 32 64
337 410  30 0  13 1 7 1 2 4 8 16 32 64
338 856 235 0  13 1 7 1 2 4 8 16 32 64
339 284 703 0  45 1 7 1 2 4 8 16 32 64
340  57 958 0  24 1 7 1 2 4 8 16 32 64
341 555 367 0  51 1 7 1 2 4 8 16 32 64
342 978 999 0   1 1 7 1 2 4 8 16 32 64
343 758 588 0  54 1 7 1 2 4 8 16 32 64
344 767 106 0  24 1 7 1 2 4 8 16 32 64
345  56  78 0  98 1 7 1 2 4 8 16 32 64
346 805 987 0  14 1 7 1 2 4 8 16 32 64
347 591 220 0  23 1 7 1 2 4 8 16 32 64
348 599 714 0  73 1 7 1 2 4 8 16 32 64
349  51 871 0  69 1 7 1 2 4 8 16 32 64
350 174 670 0  75 1 7 1 2 4 8 16 32 64
351 513 301 0  61 1 7 1 2 4 8 16 32 64
352 984 480 0  12 1 7 1 2 4 8 16 32 64
353 985 871 0  79 1 7 1 2 4 8 16 32 64
354 773 870 0  18 1 7 1 2 4 8 16 32 64
355 245 332 0  40 1 7 1 2 4 8 16 32 64
356 276 711 0  82 1 7 1 2 4 8 16 32 64
357 303 915 0  76 1 7 1 2 4 8 16 32 64
358 649 127 0  49 1 7 1 2 4 8 16 32 64
359 107 569 0  38 1 7 1 2 4 8 16 32 64
360 895 138 0  61 1 7 1 2 4 8 16 32 64
361 483 617 0  97 1 7 1 2 4 8 16 32 64
362 301 141 0  84 1 7 1 2 4 8 16 32 64
363 413 843 0  68 1 7 1 2 4 8 16 32 64
364 106  78 0  37 1 7 1 2 4 8 16 32 64
365 401  25 0  92 1 7 1 2 4 8 16 32 64
366 230 933 0  56 1 7 1 2 4 8 16 32 64
367 888 950 0  16 1 7 1 2 4 8 16 32 64
368 758 663 0   2 1 7 1 2 4 8 16 32 64
369 266 889 0  90 1 7 1 2 4 8 16 32 64
370 664 617 0  31 1 7 1 2 4 8 16 32 64
371 929 883 0  27 1 7 1 2 4 8 16 32 64
372 588 548 0   9 1 7 1 2 4 8 16 32 64
373 537 117 0  59 1 7 1 2 4 8 16 32 64
374 726 716 0  74 1 7 1 2 4 8 16 32 64
375 656 984 0  48 1 7 1 2 4 8 16 32 64
376 323 408 0  80 1 7 1 2 4 8 16 32 64
377 349 636 0  52 1 7 1 2 4 8 16 32 64
378 690 404 0  55 1 7 1 2 4 8 16 32 64
379 425 361 0  67 1 7 1 2 4 8 16 32 64
380 440 496 0  73 1 7 1 2 4 8 16 32 64
381 753 435 0  31 1 7 1 2 4 8 16 32 64
382 432 853 0  19 1 7 1 2 4 8 16 32 64
383 899 597 0  82 1 7 1 2 4 8 16 32 64
384 438 488 0  57 1 7 1 2 4 8 16 32 64
385 117 641 0  47 1 7 1 2 4 8 16 32 64
386 499 472 0   7 1 7 1 2 4 8 16 32 64
387   6 292 0   1 1 7 1 2 4 8 16 32 64
388  19 986 0  74 1 7 1 2 4 8 16 32 64
389 594 118 0  20 1 7 1 2 4 8 16 32 64
390 244 291 0  60 1 7 1 2 4 8 16 32 64
391 151 438 0  49 1 7 1 2 4 8 16 32 64
392 519 675 0  96 1 7 1 2 4 8 16 32 64
393 559 391 0  48 1 7 1 2 4 8 16 32 64
394 365 404 0  22 1 7 1 2 4 8 16 32 64
395 380 746 0  71 1 7 1 2 4 8 16 32 64
396 619 760 0  51 1 7 1 2 4 8 16 32 64
397 537 735 0   9 1 7 1 2 4 8 16 32 64
398 415 969 0  67 1 7 1 2 4 8 16 32 64
399 807  60 0  15 1 7 1 2 4 8 16 32 64
400 719 638 0  44 1 7 1 2 4 8 16 32 64
401 380 986 0  49 1 7 1 2 4 8 16 32 64
402  67  59 0  82 1 7 1 2 4 8 16 32 64
403 643 676 0  44 1 7 1 2 4 8 16 32 64
404 335 428 0  78 1 7 1 2 4 8 16 32 64
405 139 310 0  14 1 7 1 2 4 8 16 32 64
406  20 770 0   4 1 7 1 2 4 8 16 32 64
407 650 405 0  48 1 7 1 2 4 8 16 32 64
408 831 432 0  47 1 7 1 2 4 8 16 32 64
409 313 978 0  58 1 7 1 2 4 8 16 32 64
410 587 647 0  94 1 7 1 2 4 8 16 32 64
411 214 787 0   1 1 7 1 2 4 8 16 32 64
412 578 283 0  43 1 7 1 2 4 8 16 32 64
413 414 696 0   4 1 7 1 2 4 8 16 32 64
414 593 715 0  39 1 7 1 2 4 8 16 32 64
415 578 877 0  73 1 7 1 2 4 8 16 32 64
416 392 840 0 100 1 7 1 2 4 8 16 32 64
417 531 770 0  81 1 7 1 2 4 8 16 32 64
418 804  78 0  17 1 7 1 2 4 8 16 32 64
419 161 295 0  52 1 7 1 2 4 8 16 32 64
420 448 525 0  80 1 7 1 2 4 8 16 32 64
421 779 299 0  61 1 7 1 2 4 8 16 32 64
422 704 148 0  92 1 7 1 2 4 8 16 32 64
423  18 670 0  71 1 7 1 2 4 8 16 32 64
424 663 787 0  49 1 7 1 2 4 8 16 32 64
425 377 912 0  55 1 7 1 2 4 8 16 32 64
426 235 388 0  81 1 7 1 2 4 8 16 32 64
427 205 635 0   4 1 7 1 2 4 8 16 32 64
428 651 747 0  37 1 7 1 2 4 8 16 32 64
429 613 503 0  41 1 7 1 2 4 8 16 32 64
430 789 338 0  99 1 7 1 2 4 8 16 32 64
431 998 398 0  98 1 7 1 2 4 8 16 32 64
432 648 279 0  88 1 7 1 2 4 8 16 32 64
433 490 932 0  14 1 7 1 2 4 8 16 32 64
434 109 362 0  77 1 7 1 2 4 8 16 32 64
435 706 482 0  75 1 7 1 2 4 8 16 32 64
436 877 769 0  30 1 7 1 2 4 8 16 32 64
437 546 276 0  38 1 7 1 2 4 8 16 32 64
438 563   7 0  72 1 7 1 2 4 8 16 32 64
439 717 125 0  85 1 7 1 2 4 8 16 32 64
440   6 151 0  47 1 7 1 2 4 8 16 32 64
441 997 585 0  78 1 7 1 2 4 8 16 32 64
442  89 584 0  21 1 7 1 2 4 8 16 32 64
443 180 226 0  86 1 7 1 2 4 8 16 32 64
444 452 339 0  56 1 7 1 2 4 8 16 32 64
445 752 161 0  30 1 7 1 2 4 8 16 32 64
446 831 889 0  18 1 7 1 2 4 8 16 32 64
447 513 752 0  61 1 7 1 2 4 8 16 32 64
448  40 225 0  48 1 7 1 2 4 8 16 32 64
449 888 730 0   7 1 7 1 2 4 8 16 32 64
450 305  99 0  40 1 7 1 2 4 8 16 32 64
451 860 679 0  34 1 7 1 2 4 8 16 32 64
452 903 249 0  11 1 7 1 2 4 8 16 32 64
453 145 176 0  76 1 7 1 2 4 8 16 32 64
454 312 744 0  21 1 7 1 2 4 8 16 32 64
455 464 897 0  38 1 7 1 2 4 8 16 32 64
456 844 963 0  16 1 7 1 2 4 8 16 32 64
457 425  26 0  48 1 7 1 2 4 8 16 32 64
458 258  61 0  24 1 7 1 2 4 8 16 32 64
459 200 811 0  96 1 7 1 2 4 8 16 32 64
460 125   7 0  83 1 7 1 2 4 8 16 32 64
461 279 689 0  24 1 7 1 2 4 8 16 32 64
462 310 340 0  51 1 7 1 2 4 8 16 32 64
463 380 717 0  94 1 7 1 2 4 8 16 32 64
464 774 978 0  48 1 7 1 2 4 8 16 32 64
465 413  49 0  67 1 7 1 2 4 8 16 32 64
466 139 316 0  32 1 7 1 2 4 8 16 32 64
467 327 389 0  93 1 7 1 2 4 8 16 32 64
468 786 150 0  50 1 7 1 2 4 8 16 32 64
469 774 896 0   7 1 7 1 2 4 8 16 32 64
470 722 117 0  41 1 7 1 2 4 8 16 32 64
471 534 190 0  43 1 7 1 2 4 8 16 32 64
472 550  13 0  31 1 7 1 2 4 8 16 32 64
473 564 181 0  15 1 7 1 2 4 8 16 32 64
474 468  49 0  73 1 7 1 2 4 8 16 32 64
475 706 289 0  92 1 7 1 2 4 8 16 32 64
476 986 578 0  93 1 7 1 2 4 8 16 32 64
477 979 243 0  12 1 7 1 2 4 8 16 32 64
478 455 391 0  50 1 7 1 2 4 8 16 32 64
479 546 706 0  46 1 7 1 2 4 8 16 32 64
480 303 312 0  30 1 7 1 2 4 8 16 32 64
481  60 561 0  34 1 7 1 2 4 8 16 32 64
482 841 742 0  74 1 7 1 2 4 8 16 32 64
483 497 543 0 100 1 7 1 2 4 8 16 32 64
484 663 792 0  63 1 7 1 2 4 8 16 32 64
485 853 779 0  74 1 7 1 2 4 8 16 32 64
486 906 177 0   3 1 7 1 2 4 8 16 32 64
487 156 187 0  51 1 7 1 2 4 8 16 32 64
488 336 310 0  89 1 7 1 2 4 8 16 32 64
489 108 674 0  98 1 7 1 2 4 8 16 32 64
490 254 412 0  82 1 7 1 2 4 8 16 32 64
491 672 689 0  35 1 7 1 2 4 8 16 32 64
492 363 627 0  60 1 7 1 2 4 8 16 32 64
493 375 471 0  35 1 7 1 2 4 8 16 32 64
494  62 636 0  28 1 7 1 2 4 8 16 32 64
495 640 171 0  72 1 7 1 2 4 8 16 32 64
496 112 243 0  90 1 7 1 2 4 8 16 32 64
497 862 820 0  74 1 7 1 2 4 8 16 32 64
498 589 688 0  75 1 7 1 2 4 8 16 32 64
499 279  91 0   1 1 7 1 2 4 8 16 32 64
500 894 521 0  38 1 7 1 2 4 8 16 32 64
501 371 620 0  48 1 7 1 2 4 8 16 32 64
502 564  15 0  16 1 7 1 2 4 8 16 32 64
503 771 723 0  48 1 7 1 2 4 8 16 32 64
504 123 333 0  19 1 7 1 2 4 8 16 32 64
505 410 533 0  54 1 7 1 2 4 8 16 32 64
506 988  76 0  29 1 7 1 2 4 8 16 32 64
507 824 497 0   1 1 7 1 2 4 8 16 32 64
508 736 447 0  42 1 7 1 2 4 8 16 32 64
509 736 717 0  49 1 7 1 2 4 8 16 32 64
510 662 236 0  34 1 7 1 2 4 8 16 32 64
511 223 933 0  83 1 7 1 2 4 8 16 32 64
512  47 141 0  35 1 7 1 2 4 8 16 32 64
513 265 780 0  97 1 7 1 2 4 8 16 32 64
514 506 624 0  87 1 7 1 2 4 8 16 32 64
515 310 387 0  60 1 7 1 2 4 8 16 32 64
516 925 512 0  59 1 7 1 2 4 8 16 32 64
517 938 577 0  13 1 7 1 2 4 8 16 32 64
518  27 345 0   4 1 7 1 2 4 8 16 32 64
519 511 214 0  22 1 7 1 2 4 8 16 32 64
520 372  14 0   1 1 7 1 2 4 8 16 32 64
521 848 407 0  58 1 7 1 2 4 8 16 32 64
522 809 267 0  51 1 7 1 2 4 8 16 32 64
523 580 514 0  70 1 7 1 2 4 8 16 32 64
524 146 750 0   2 1 7 1 2 4 8 16 32 64
525 918  83 0  98 1 7 1 2 4 8 16 32 64
526 354 331 0  34 1 7 1 2 4 8 16 32 64
527 178 434 0  52 1 7 1 2 4 8 16 32 64
528 221 787 0   1 1 7 1 2 4 8 16 32 64
529 405 233 0  31 1 7 1 2 4 8 16 32 64
530 419 873 0  63 1 7 1 2 4 8 16 32 64
531  93 921 0  47 1 7 1 2 4 8 16 32 64
532 624 317 0  76 1 7 1 2 4 8 16 32 64
533 215 369 0  74 1 7 1 2 4 8 16 32 64
534 279 987 0  87 1 7 1 2 4 8 16 32 64
535 204 349 0  63 1 7 1 2 4 8 16 32 64
536 934  77 0  77 1 7 1 2 4 8 16 32 64
537 467 459 0  80 1 7 1 2 4 8 16 32 64
538 259 987 0  98 1 7 1 2 4 8 16 32 64
539 903 549 0  12 1 7 1 2 4 8 16 32 64
540 158 638 0  57 1 7 1 2 4 8 16 32 64
541 692 338 0  46 1 7 1 2 4 8 16 32 64
542  46 999 0   4 1 7 1 2 4 8 16 32 64
543 828 621 0  35 1 7 1 2 4 8 16 32 64
544 112 150 0  35 1 7 1 2 4 8 16 32 64
545 846 214 0  28 1 7 1 2 4 8 16 32 64
546 702 672 0  22 1 7 1 2 4 8 16 32 64
547 283 414 0  69 1 7 1 2 4 8 16 32 64
548  14 399 0  98 1 7 1 2 4 8 16 32 64
549 628 798 0  64 1 7 1 2 4 8 16 32 64
550 810 988 0  11 1 7 1 2 4 8 16 32 64
551 606 659 0  24 1 7 1 2 4 8 16 32 64
552 374 876 0  42 1 7 1 2 4 8 16 32 64
553 373 838 0  43 1 7 1 2 4 8 16 32 64
554 176 279 0  85 1 7 1 2 4 8 16 32 64
555 131 417 0  59 1 7 1 2 4 8 16 32 64
556 341  19 0  23 1 7 1 2 4 8 16 32 64
557 462 991 0 100 1 7 1 2 4 8 16 32 64
558 633 164 0   5 1 7 1 2 4 8 16 32 64
559 652 868 0  28 1 7 1 2 4 8 16 32 64
560 346 551 0   2 1 7 1 2 4 8 16 32 64
561 202 925 0  58 1 7 1 2 4 8 16 32 64
562 389 894 0  40 1 7 1 2 4 8 16 32 64
563 650  52 0  70 1 7 1 2 4 8 16 32 64
564 215 815 0   8 1 7 1 2 4 8 16 32 64
565 522 489 0  27 1 7 1 2 4 8 16 32 64
566 984 923 0   6 1 7 1 2 4 8 16 32 64
567  95 120 0  42 1 7 1 2 4 8 16 32 64
568 841 837 0  36 1 7 1 2 4 8 16 32 64
569 701 549 0  93 1 7 1 2 4 8 16 32 64
570 366 903 0  50 1 7 1 2 4 8 16 32 64
571  42 456 0  53 1 7 1 2 4 8 16 32 64
572  26 364 0  21 1 7 1 2 4 8 16 32 64
573 760 112 0  55 1 7 1 2 4 8 16 32 64
574 645 806 0   7 1 7 1 2 4 8 16 32 64
575 300 960 0  12 1 7 1 2 4 8 16 32 64
576 977 507 0   4 1 7 1 2 4 8 16 32 64
577 986 206 0  43 1 7 1 2 4 8 16 32 64
578 230 878 0  74 1 7 1 2 4 8 16 32 64
579 862 537 0  59 1 7 1 2 4 8 16 32 64
580 906 520 0  68 1 7 1 2 4 8 16 32 64
581 214 819 0  26 1 7 1 2 4 8 16 32 64
582 716 569 0  98 1 7 1 2 4 8 16 32 64
583 493 429 0  41 1 7 1 2 4 8 16 32 64
584 260 646 0  35 1 7 1 2 4 8 16 32 64
585 756 880 0  69 1 7 1 2 4 8 16 32 64
586 762 821 0  19 1 7 1 2 4 8 16 32 64
587 275 463 0  56 1 7 1 2 4 8 16 32 64
588 676  66 0  16 1 7 1 2 4 8 16 32 64
589 641 638 0  84 1 7 1 2 4 8 16 32 64
590 911 713 0  22 1 7 1 2 4 8 16 32 64
591  25  61 0  56 1 7 1 2 4 8 16 32 64
592 928 118 0  99 1 7 1 2 4 8 16 32 64
593 295 244 0  29 1 7 1 2 4 8 16 32 64
594 658 625 0  34 1 7 1 2 4 8 16 32 64
595 503  80 0  98 1 7 1 2 4 8 16 32 64
596 127  88 0  23 1 7 1 2 4 8 16 32 64
597 596 970 0  33 1 7 1 2 4 8 16 32 64
598 403 336 0  12 1 7 1 2 4 8 16 32 64
599  64 833 0  57 1 7 1 2 4 8 16 32 64
600 795 733 0  63 1 7 1 2 4 8 16 32 64
601 182 946 0  64 1 7 1 2 4 8 16 32 64
602 211 469 0  75 1 7 1 2 4 8 16 32 64
603 223 444 0  17 1 7 1 2 4 8 16 32 64
604 232 208 0  99 1 7 1 2 4 8 16 32 64
605  77 626 0  69 1 7 1 2 4 8 16 32 64
606 693 998 0  41 1 7 1 2 4 8 16 32 64
607 234 651 0  24 1 7 1 2 4 8 16 32 64
608 879 687 0  39 1 7 1 2 4 8 16 32 64
609 942 198 0   2 1 7 1 2 4 8 16 32 64
610 680 818 0  66 1 7 1 2 4 8 16 32 64
611 108 409 0  56 1 7 1 2 4 8 16 32 64
612 277 350 0  40 1 7 1 2 4 8 16 32 64
613 730 585 0  60 1 7 1 2 4 8 16 32 64
614 414 994 0  16 1 7 1 2 4 8 16 32 64
615 512 326 0  67 1 7 1 2 4 8 16 32 64
616 137 609 0  42 1 7 1 2 4 8 16 32 64
617 961 476 0  84 1 7 1 2 4 8 16 32 64
618 833 751 0  39 1 7 1 2 4 8 16 32 64
619 923 843 0  94 1 7 1 2 4 8 16 32 64
620 574 341 0  30 1 7 1 2 4 8 16 32 64
621 809 972 0  29 1 7 1 2 4 8 16 32 64
622 447 822 0  24 1 7 1 2 4 8 16 32 64
623 118 654 0  14 1 7 1 2 4 8 16 32 64
624 960 564 0  31 1 7 1 2 4 8 16 32 64
625 854 101 0  90 1 7 1 2 4 8 16 32 64
626 494 893 0  50 1 7 1 2 4 8 16 32 64
627 808  63 0  85 1 7 1 2 4 8 16 32 64
628 959 331 0  33 1 7 1 2 4 8 16 32 64
629 469 309 0  56 1 7 1 2 4 8 16 32 64
630  23 744 0  89 1 7 1 2 4 8 16 32 64
631 390 125 0  99 1 7 1 2 4 8 16 32 64
632 435 258 0  97 1 7 1 2 4 8 16 32 64
633 641 174 0  37 1 7 1 2 4 8 16 32 64
634 117 410 0  44 1 7 1 2 4 8 16 32 64
635 191 827 0  30 1 7 1 2 4 8 16 32 64
636 793 871 0  64 1 7 1 2 4 8 16 32 64
637 981 439 0  87 1 7 1 2 4 8 16 32 64
638 209 751 0  31 1 7 1 2 4 8 16 32 64
639 918 746 0  62 1 7 1 2 4 8 16 32 64
640  33 990 0  32 1 7 1 2 4 8 16 32 64
641  99 148 0  89 1 7 1 2 4 8 16 32 64
642 409 478 0  27 1 7 1 2 4 8 16 32 64
643 992 999 0  73 1 7 1 2 4 8 16 32 64
644 802 295 0  29 1 7 1 2 4 8 16 32 64
645 631 915 0  93 1 7 1 2 4 8 16 32 64
646 658 744 0  54 1 7 1 2 4 8 16 32 64
647 559 125 0  53 1 7 1 2 4 8 16 32 64
648 313 793 0  49 1 7 1 2 4 8 16 32 64
649 893 496 0  25 1 7 1 2 4 8 16 32 64
650 446 971 0  72 1 7 1 2 4 8 16 32 64
651 848 192 0  90 1 7 1 2 4 8 16 32 64
652 337 876 0  76 1 7 1 2 4 8 16 32 64
653 255 523 0  52 1 7 1 2 4 8 16 32 64
654   5 906 0   9 1 7 1 2 4 8 16 32 64
655 867 989 0  75 1 7 1 2 4 8 16 32 64
656 884 791 0  84 1 7 1 2 4 8 16 32 64
657 812 961 0  93 1 7 1 2 4 8 16 32 64
658 262 624 0  83 1 7 1 2 4 8 16 32 64
659 283 361 0  46 1 7 1 2 4 8 16 32 64
660 528 668 0  69 1 7 1 2 4 8 16 32 64
661 454 862 0  69 1 7 1 2 4 8 16 32 64
662 819  80 0  38 1 7 1 2 4 8 16 32 64
663 819 337 0  77 1 7 1 2 4 8 16 32 64
664 448 694 0   7 1 7 1 2 4 8 16 32 64
665 147  82 0  40 1 7 1 2 4 8 16 32 64
666 729 696 0  79 1 7 1 2 4 8 16 32 64
667  85  54 0  84 1 7 1 2 4 8 16 32 64
668 746 979 0  94 1 7 1 2 4 8 16 32 64
669 854  10 0  64 1 7 1 2 4 8 16 32 64
670 731 748 0  56 1 7 1 2 4 8 16 32 64
671 416 761 0  16 1 7 1 2 4 8 16 32 64
672 590 913 0  63 1 7 1 2 4 8 16 32 64
673 628 369 0 100 1 7 1 2 4 8 16 32 64
674 610 656 0  71 1 7 1 2 4 8 16 32 64
675 166 109 0  68 1 7 1 2 4 8 16 32 64
676 365  84 0  23 1 7 1 2 4 8 16 32 64
677 603 103 0  23 1 7 1 2 4 8 16 32 64
678 226 111 0 100 1 7 1 2 4 8 16 32 64
679 522  41 0  35 1 7 1 2 4 8 16 32 64
680 515 129 0  40 1 7 1 2 4 8 16 32 64
681 299 802 0  54 1 7 1 2 4 8 16 32 64
682 795   2 0  67 1 7 1 2 4 8 16 32 64
683  62 167 0  50 1 7 1 2 4 8 16 32 64
684 229 666 0   4 1 7 1 2 4 8 16 32 64
685  10  38 0  86 1 7 1 2 4 8 16 32 64
686 685  58 0  16 1 7 1 2 4 8 16 32 64
687 716 172 0  52 1 7 1 2 4 8 16 32 64
688 667 761 0  21 1 7 1 2 4 8 16 32 64
689 583 808 0  66 1 7 1 2 4 8 16 32 64
690 881 823 0  97 1 7 1 2 4 8 16 32 64
691 589 373 0  71 1 7 1 2 4 8 16 32 64
692 347 316 0  45 1 7 1 2 4 8 16 32 64
693 445 391 0  82 1 7 1 2 4 8 16 32 64
694 925 723 0  15 1 7 1 2 4 8 16 32 64
695 711  30 0  30 1 7 1 2 4 8 16 32 64
696 298 181 0  83 1 7 1 2 4 8 16 32 64
697  47 108 0  29 1 7 1 2 4 8 16 32 64
698 808 173 0   6 1 7 1 2 4 8 16 32 64
699 232 383 0  35 1 7 1 2 4 8 16 32 64
700 483 404 0  43 1 7 1 2 4 8 16 32 64
701 311 928 0  63 1 7 1 2 4 8 16 32 64
702 367 350 0  33 1 7 1 2 4 8 16 32 64
703 993 131 0  82 1 7 1 2 4 8 16 32 64
704 974 261 0  60 1 7 1 2 4 8 16 32 64
705 790 338 0  59 1 7 1 2 4 8 16 32 64
706 617 977 0  47 1 7 1 2 4 8 16 32 64
707 199 459 0  36 1 7 1 2 4 8 16 32 64
708 133 881 0  74 1 7 1 2 4 8 16 32 64
709 958 334 0  10 1 7 1 2 4 8 16 32 64
710 378 680 0  10 1 7 1 2 4 8 16 32 64
711 713  57 0   5 1 7 1 2 4 8 16 32 64
712 809 504 0  15 1 7 1 2 4 8 16 32 64
713 352 722 0  77 1 7 1 2 4 8 16 32 64
714 128 885 0  25 1 7 1 2 4 8 16 32 64
715 648 930 0  82 1 7 1 2 4 8 16 32 64
716 491 590 0  59 1 7 1 2 4 8 16 32 64
717 656  10 0  27 1 7 1 2 4 8 16 32 64
718 370  39 0  75 1 7 1 2 4 8 16 32 64
719 742 378 0  97 1 7 1 2 4 8 16 32 64
720 623 770 0  49 1 7 1 2 4 8 16 32 64
721 787 353 0  23 1 7 1 2 4 8 16 32 64
722 643  89 0   1 1 7 1 2 4 8 16 32 64
723 702 235 0  32 1 7 1 2 4 8 16 32 64
724 441 302 0  69 1 7 1 2 4 8 16 32 64
725 523  57 0  95 1 7 1 2 4 8 16 32 64
726 919 848 0  70 1 7 1 2 4 8 16 32 64
727 989 739 0  83 1 7 1 2 4 8 16 32 64
728 955 409 0   9 1 7 1 2 4 8 16 32 64
729  20 541 0   3 1 7 1 2 4 8 16 32 64
730 243 416 0  34 1 7 1 2 4 8 16 32 64
731 570 744 0  78 1 7 1 2 4 8 16 32 64
732 763 716 0  56 1 7 1 2 4 8 16 32 64
733 307 758 0  72 1 7 1 2 4 8 16 32 64
734 821 161 0   6 1 7 1 2 4 8 16 32 64
735 127 693 0  10 1 7 1 2 4 8 16 32 64
736 706 624 0  93 1 7 1 2 4 8 16 32 64
737 954 592 0  72 1 7 1 2 4 8 16 32 64
738 246 932 0  71 1 7 1 2 4 8 16 32 64
739 507 408 0  98 1 7 1 2 4 8 16 32 64
740 566   4 0  91 1 7 1 2 4 8 16 32 64
741 137 505 0  77 1 7 1 2 4 8 16 32 64
742 716 222 0  81 1 7 1 2 4 8 16 32 64
743 726 939 0  11 1 7 1 2 4 8 16 32 64
744 333 783 0  17 1 7 1 2 4 8 16 32 64
745 745 286 0  63 1 7 1 2 4 8 16 32 64
746 528 532 0  69 1 7 1 2 4 8 16 32 64
747  19 602 0   1 1 7 1 2 4 8 16 32 64
748 192 755 0  31 1 7 1 2 4 8 16 32 64
749 748 503 0  91 1 7 1 2 4 8 16 32 64
750 864 445 0  50 1 7 1 2 4 8 16 32 64
751 921 441 0  37 1 7 1 2 4 8 16 32 64
752 946 212 0  35 1 7 1 2 4 8 16 32 64
753 112  81 0   9 1 7 1 2 4 8 16 32 64
754 950 447 0  29 1 7 1 2 4 8 16 32 64
755 779 672 0  58 1 7 1 2 4 8 16 32 64
756 336 522 0   1 1 7 1 2 4 8 16 32 64
757 235  11 0  50 1 7 1 2 4 8 16 32 64
758 325 323 0  66 1 7 1 2 4 8 16 32 64
759 607 400 0  33 1 7 1 2 4 8 16 32 64
760 943 494 0  49 1 7 1 2 4 8 16 32 64
761 421 846 0  81 1 7 1 2 4 8 16 32 64
762 806 579 0  63 1 7 1 2 4 8 16 32 64
763 329 822 0  22 1 7 1 2 4 8 16 32 64
764  84  28 0  19 1 7 1 2 4 8 16 32 64
765 903 404 0  80 1 7 1 2 4 8 16 32 64
766  20 907 0  70 1 7 1 2 4 8 16 32 64
767 109 830 0  49 1 7 1 2 4 8 16 32 64
768 218 382 0  48 1 7 1 2 4 8 16 32 64
769 604 833 0  24 1 7 1 2 4 8 16 32 64
770 497 108 0  65 1 7 1 2 4 8 16 32 64
771 823 517 0  83 1 7 1 2 4 8 16 32 64
772 669 344 0  61 1 7 1 2 4 8 16 32 64
773 339  57 0   7 1 7 1 2 4 8 16 32 64
774 729 177 0   4 1 7 1 2 4 8 16 32 64
775  64 504 0  35 1 7 1 2 4 8 16 32 64
776 173  99 0  15 1 7 1 2 4 8 16 32 64
777 361 963 0  62 1 7 1 2 4 8 16 32 64
778 334 969 0  56 1 7 1 2 4 8 16 32 64
779 126 583 0   9 1 7 1 2 4 8 16 32 64
780 463 322 0  46 1 7 1 2 4 8 16 32 64
781  96 889 0  13 1 7 1 2 4 8 16 32 64
782 642 581 0  48 1 7 1 2 4 8 16 32 64
783 921 388 0  24 1 7 1 2 4 8 16 32 64
784 297 579 0  77 1 7 1 2 4 8 16 32 64
785 424 550 0  61 1 7 1 2 4 8 16 32 64
786 172 881 0  93 1 7 1 2 4 8 16 32 64
787 878 407 0  42 1 7 1 2 4 8 16 32 64
788 547 875 0   5 1 7 1 2 4 8 16 32 64
789 641 897 0  55 1 7 1 2 4 8 16 32 64
790 167  39 0  45 1 7 1 2 4 8 16 32 64
791 103  10 0  50 1 7 1 2 4 8 16 32 64
792 617  48 0  94 1 7 1 2 4 8 16 32 64
793 285 283 0  58 1 7 1 2 4 8 16 32 64
794 920 491 0  13 1 7 1 2 4 8 16 32 64
795 962 528 0  28 1 7 1 2 4 8 16 32 64
796 362 363 0  35 1 7 1 2 4 8 16 32 64
797 523 530 0  75 1 7 1 2 4 8 16 32 64
798 506 930 0  58 1 7 1 2 4 8 16 32 64
799 338 166 0  11 1 7 1 2 4 8 16 32 64
800  98 945 0  43 1 7 1 2 4 8 16 32 64
801 337 397 0  55 1 7 1 2 4 8 16 32 64
802 318 408 0  75 1 7 1 2 4 8 16 32 64
803 478  41 0  36 1 7 1 2 4 8 16 32 64
804 379 695 0  83 1 7 1 2 4 8 16 32 64
805 701 785 0  67 1 7 1 2 4 8 16 32 64
806 400 670 0  25 1 7 1 2 4 8 16 32 64
807 794 299 0  12 1 7 1 2 4 8 16 32 64
808 238 477 0   8 1 7 1 2 4 8 16 32 64
809 712 505 0  87 1 7 1 2 4 8 16 32 64
810 193 416 0  17 1 7 1 2 4 8 16 32 64
811 658 599 0   0 0 0
812 227 259 0   0 0 0
813 172 749 0   0 0 0
814  21 786 0   0 0 0
815 519 362 0   0 0 0
816 884 912 0   0 0 0
817 605 699 0   0 0 0
