2 328 820 3
0 242
0 242
0 242
  1 603  774 0  41 1 3 1 2 4
  2 881  238 0  58 1 3 1 2 4
  3 988  742 0  20 1 3 1 2 4
  4 480  599 0  33 1 3 1 2 4
  5 333  419 0  22 1 3 1 2 4
  6 727    5 0  12 1 3 1 2 4
  7 494  127 0  39 1 3 1 2 4
  8 365  734 0   4 1 3 1 2 4
  9 987  296 0  36 1 3 1 2 4
 10  68  401 0   1 1 3 1 2 4
 11 330  259 0  55 1 3 1 2 4
 12 384  216 0  11 1 3 1 2 4
 13  51  345 0  54 1 3 1 2 4
 14 656  712 0  81 1 3 1 2 4
 15 403  191 0  76 1 3 1 2 4
 16 638  983 0   2 1 3 1 2 4
 17 318  960 0  25 1 3 1 2 4
 18 559  207 0  97 1 3 1 2 4
 19 115  524 0  56 1 3 1 2 4
 20 433  286 0  68 1 3 1 2 4
 21 681  758 0   1 1 3 1 2 4
 22 644   46 0  10 1 3 1 2 4
 23 401  240 0   7 1 3 1 2 4
 24 344  663 0  67 1 3 1 2 4
 25 575  939 0  44 1 3 1 2 4
 26 329  778 0  39 1 3 1 2 4
 27 356  302 0  68 1 3 1 2 4
 28 434  469 0  34 1 3 1 2 4
 29 691  257 0  28 1 3 1 2 4
 30 113  113 0  17 1 3 1 2 4
 31 137  870 0  61 1 3 1 2 4
 32  68  409 0  15 1 3 1 2 4
 33 128    5 0  38 1 3 1 2 4
 34 584   57 0  13 1 3 1 2 4
 35 521  741 0  84 1 3 1 2 4
 36 698  545 0  63 1 3 1 2 4
 37 930  695 0  17 1 3 1 2 4
 38 795  154 0  78 1 3 1 2 4
 39 175  629 0  22 1 3 1 2 4
 40 529  753 0  28 1 3 1 2 4
 41 869  441 0  59 1 3 1 2 4
 42 571  930 0  53 1 3 1 2 4
 43 622  342 0  49 1 3 1 2 4
 44 653  979 0  98 1 3 1 2 4
 45 159  425 0  36 1 3 1 2 4
 46 791  816 0  79 1 3 1 2 4
 47  33  353 0  74 1 3 1 2 4
 48 574  342 0  63 1 3 1 2 4
 49 542  354 0  22 1 3 1 2 4
 50 802   10 0  72 1 3 1 2 4
 51  93  245 0  15 1 3 1 2 4
 52 136  344 0  22 1 3 1 2 4
 53 959  377 0  28 1 3 1 2 4
 54 686  315 0  47 1 3 1 2 4
 55 529  884 0   4 1 3 1 2 4
 56 696  156 0  79 1 3 1 2 4
 57 656  797 0  54 1 3 1 2 4
 58 555   51 0  31 1 3 1 2 4
 59 231  179 0   8 1 3 1 2 4
 60 612  744 0  79 1 3 1 2 4
 61 962  386 0   6 1 3 1 2 4
 62 263  447 0  51 1 3 1 2 4
 63 992  122 0  30 1 3 1 2 4
 64 961   53 0  77 1 3 1 2 4
 65 998  441 0  93 1 3 1 2 4
 66 696  787 0  21 1 3 1 2 4
 67  96  882 0  58 1 3 1 2 4
 68 538  183 0  14 1 3 1 2 4
 69 655  361 0  98 1 3 1 2 4
 70 280  473 0  87 1 3 1 2 4
 71 891  324 0  88 1 3 1 2 4
 72   2  889 0  73 1 3 1 2 4
 73  82  132 0  98 1 3 1 2 4
 74 249  353 0  29 1 3 1 2 4
 75 994   99 0   2 1 3 1 2 4
 76 332  897 0  46 1 3 1 2 4
 77 569  669 0  68 1 3 1 2 4
 78 826  518 0  28 1 3 1 2 4
 79  23  853 0  38 1 3 1 2 4
 80 781  239 0  48 1 3 1 2 4
 81 959    6 0  55 1 3 1 2 4
 82 502  879 0  50 1 3 1 2 4
 83 442  919 0  50 1 3 1 2 4
 84 386  670 0  99 1 3 1 2 4
 85 101  395 0  44 1 3 1 2 4
 86 905  916 0  54 1 3 1 2 4
 87 345  378 0  25 1 3 1 2 4
 88 287  862 0  12 1 3 1 2 4
 89 611  584 0  32 1 3 1 2 4
 90  99  353 0  38 1 3 1 2 4
 91 580  981 0  83 1 3 1 2 4
 92 644  556 0  46 1 3 1 2 4
 93 156  726 0  72 1 3 1 2 4
 94 339  263 0  29 1 3 1 2 4
 95 322  681 0  79 1 3 1 2 4
 96 350  122 0  76 1 3 1 2 4
 97 642  786 0  64 1 3 1 2 4
 98 345  545 0  71 1 3 1 2 4
 99 448  839 0  82 1 3 1 2 4
100 298  989 0   4 1 3 1 2 4
101 173  356 0  49 1 3 1 2 4
102 393  394 0  66 1 3 1 2 4
103 391  673 0  20 1 3 1 2 4
104 996  370 0  38 1 3 1 2 4
105 518  890 0  81 1 3 1 2 4
106 526  773 0  27 1 3 1 2 4
107 528  732 0  48 1 3 1 2 4
108 444  326 0  31 1 3 1 2 4
109 468  684 0  84 1 3 1 2 4
110 493  204 0  49 1 3 1 2 4
111  64  340 0  37 1 3 1 2 4
112 796  625 0  71 1 3 1 2 4
113 974  222 0  56 1 3 1 2 4
114 496  652 0  46 1 3 1 2 4
115 986  403 0  28 1 3 1 2 4
116 547  869 0  48 1 3 1 2 4
117 924  371 0  75 1 3 1 2 4
118  71  635 0  85 1 3 1 2 4
119  25  148 0  78 1 3 1 2 4
120 853  385 0  63 1 3 1 2 4
121 907  667 0  50 1 3 1 2 4
122 248  209 0  79 1 3 1 2 4
123 973  452 0   4 1 3 1 2 4
124 914  115 0  74 1 3 1 2 4
125 589  466 0  46 1 3 1 2 4
126 379  108 0  54 1 3 1 2 4
127 346  664 0  70 1 3 1 2 4
128 471  815 0  69 1 3 1 2 4
129 228  278 0  77 1 3 1 2 4
130 584   47 0  82 1 3 1 2 4
131  21  630 0  52 1 3 1 2 4
132 312  589 0   4 1 3 1 2 4
133 376  302 0  84 1 3 1 2 4
134 829  852 0  51 1 3 1 2 4
135 132  900 0  59 1 3 1 2 4
136 751  644 0  11 1 3 1 2 4
137 535  490 0 100 1 3 1 2 4
138 297  866 0  73 1 3 1 2 4
139 946  669 0  29 1 3 1 2 4
140 342  662 0  33 1 3 1 2 4
141 355  866 0  48 1 3 1 2 4
142  18  247 0   3 1 3 1 2 4
143 673  374 0   2 1 3 1 2 4
144 573   37 0  39 1 3 1 2 4
145 408  824 0  87 1 3 1 2 4
146 460  742 0  89 1 3 1 2 4
147 811  306 0  26 1 3 1 2 4
148  36  339 0  91 1 3 1 2 4
149 940  229 0  61 1 3 1 2 4
150 809  315 0  15 1 3 1 2 4
151 182  720 0  10 1 3 1 2 4
152 544  386 0  38 1 3 1 2 4
153 536  568 0  47 1 3 1 2 4
154  87  985 0  93 1 3 1 2 4
155 124  491 0  98 1 3 1 2 4
156 817  605 0   2 1 3 1 2 4
157 479  880 0  54 1 3 1 2 4
158  66  863 0  84 1 3 1 2 4
159 191  515 0  83 1 3 1 2 4
160 686  388 0  16 1 3 1 2 4
161 525  756 0  90 1 3 1 2 4
162  26  855 0  86 1 3 1 2 4
163 358  893 0  66 1 3 1 2 4
164 172  663 0  17 1 3 1 2 4
165 930  752 0  74 1 3 1 2 4
166 528  660 0  51 1 3 1 2 4
167 758  920 0  43 1 3 1 2 4
168 782  525 0  86 1 3 1 2 4
169 713  193 0  63 1 3 1 2 4
170 824  356 0  75 1 3 1 2 4
171 260  495 0  76 1 3 1 2 4
172 939 1000 0  88 1 3 1 2 4
173 952  609 0  97 1 3 1 2 4
174 976  858 0  28 1 3 1 2 4
175 455  327 0  56 1 3 1 2 4
176 109  612 0  61 1 3 1 2 4
177 652  384 0  39 1 3 1 2 4
178 138  386 0  32 1 3 1 2 4
179  83  210 0   9 1 3 1 2 4
180 388   28 0  36 1 3 1 2 4
181 360  590 0  15 1 3 1 2 4
182  91  725 0  31 1 3 1 2 4
183 287  184 0  87 1 3 1 2 4
184 343  122 0  92 1 3 1 2 4
185  86  551 0  21 1 3 1 2 4
186 619  600 0  74 1 3 1 2 4
187 247    4 0  36 1 3 1 2 4
188 624  761 0  76 1 3 1 2 4
189 263    2 0  72 1 3 1 2 4
190 380   89 0  68 1 3 1 2 4
191 722  933 0  18 1 3 1 2 4
192 390  281 0  49 1 3 1 2 4
193 724  739 0   8 1 3 1 2 4
194 478  580 0  68 1 3 1 2 4
195 706  222 0  31 1 3 1 2 4
196 736  285 0  34 1 3 1 2 4
197 800  503 0  20 1 3 1 2 4
198 360  687 0  11 1 3 1 2 4
199 402  885 0  56 1 3 1 2 4
200 386  264 0  92 1 3 1 2 4
201 734  368 0  48 1 3 1 2 4
202 550  328 0  27 1 3 1 2 4
203 921  570 0  64 1 3 1 2 4
204 851  432 0  13 1 3 1 2 4
205 808  876 0   5 1 3 1 2 4
206 594  969 0  86 1 3 1 2 4
207 194  379 0  53 1 3 1 2 4
208 733  163 0  71 1 3 1 2 4
209 849  255 0   2 1 3 1 2 4
210 616  365 0  87 1 3 1 2 4
211 336  630 0  60 1 3 1 2 4
212 506  109 0  42 1 3 1 2 4
213 924  864 0  32 1 3 1 2 4
214 527    2 0  55 1 3 1 2 4
215 877  308 0  63 1 3 1 2 4
216 399   52 0  88 1 3 1 2 4
217 383  966 0   9 1 3 1 2 4
218 569  959 0  70 1 3 1 2 4
219 690  296 0   7 1 3 1 2 4
220 982  442 0  15 1 3 1 2 4
221 248  622 0  90 1 3 1 2 4
222 160  147 0  17 1 3 1 2 4
223 107  267 0  58 1 3 1 2 4
224 348  196 0  20 1 3 1 2 4
225 547  235 0  25 1 3 1 2 4
226  81  242 0  65 1 3 1 2 4
227 657  125 0  43 1 3 1 2 4
228 406  371 0  36 1 3 1 2 4
229  41  707 0  71 1 3 1 2 4
230 229  688 0   7 1 3 1 2 4
231 344  173 0  78 1 3 1 2 4
232 195  883 0  21 1 3 1 2 4
233 817  456 0  10 1 3 1 2 4
234 874  264 0   4 1 3 1 2 4
235 689  379 0  83 1 3 1 2 4
236 618  552 0  48 1 3 1 2 4
237 825  841 0   8 1 3 1 2 4
238 790  501 0  60 1 3 1 2 4
239 515   53 0  16 1 3 1 2 4
240 129  327 0  38 1 3 1 2 4
241 432  612 0   1 1 3 1 2 4
242 739  328 0   9 1 3 1 2 4
243 155  207 0  55 1 3 1 2 4
244 801  715 0  38 1 3 1 2 4
245 489  905 0  66 1 3 1 2 4
246 121  883 0  43 1 3 1 2 4
247 544  228 0   2 1 3 1 2 4
248  10  782 0  81 1 3 1 2 4
249 869  592 0  27 1 3 1 2 4
250 953  972 0  66 1 3 1 2 4
251 752   95 0   4 1 3 1 2 4
252 834  943 0  54 1 3 1 2 4
253 830  838 0  42 1 3 1 2 4
254 155  947 0  68 1 3 1 2 4
255 747  717 0  79 1 3 1 2 4
256 356   97 0  14 1 3 1 2 4
257 305  143 0   5 1 3 1 2 4
258 250  416 0 100 1 3 1 2 4
259 804  784 0  70 1 3 1 2 4
260  72  399 0   4 1 3 1 2 4
261 551  618 0  93 1 3 1 2 4
262 251  407 0  68 1 3 1 2 4
263 647  255 0  98 1 3 1 2 4
264 797  474 0  89 1 3 1 2 4
265  14  860 0  71 1 3 1 2 4
266 230  917 0  37 1 3 1 2 4
267 253   22 0  75 1 3 1 2 4
268 807  502 0  60 1 3 1 2 4
269 143  373 0  33 1 3 1 2 4
270 343   28 0   7 1 3 1 2 4
271  37  574 0  57 1 3 1 2 4
272 712  320 0  18 1 3 1 2 4
273 884  821 0  21 1 3 1 2 4
274 372  749 0  26 1 3 1 2 4
275 687  152 0  24 1 3 1 2 4
276 685  781 0  85 1 3 1 2 4
277 640  280 0  65 1 3 1 2 4
278 930  292 0   9 1 3 1 2 4
279 355  980 0  43 1 3 1 2 4
280 891   76 0  74 1 3 1 2 4
281 856  576 0  13 1 3 1 2 4
282 168  843 0  76 1 3 1 2 4
283 629  923 0  27 1 3 1 2 4
284 465  110 0  97 1 3 1 2 4
285 861  867 0  14 1 3 1 2 4
286 273  662 0  51 1 3 1 2 4
287 306   29 0  78 1 3 1 2 4
288 716  837 0  30 1 3 1 2 4
289 861  379 0  20 1 3 1 2 4
290 887  610 0  52 1 3 1 2 4
291 626  535 0  99 1 3 1 2 4
292  90  457 0  41 1 3 1 2 4
293 556  829 0   1 1 3 1 2 4
294 427  655 0   3 1 3 1 2 4
295 989  345 0  13 1 3 1 2 4
296 296   22 0  55 1 3 1 2 4
297 968  124 0  94 1 3 1 2 4
298 530  312 0  99 1 3 1 2 4
299 873  996 0  99 1 3 1 2 4
300 453  668 0  11 1 3 1 2 4
301 681  339 0  62 1 3 1 2 4
302 586  639 0  91 1 3 1 2 4
303 611   54 0  14 1 3 1 2 4
304 475  886 0  41 1 3 1 2 4
305 787  160 0  38 1 3 1 2 4
306 170  660 0  75 1 3 1 2 4
307 790  675 0  31 1 3 1 2 4
308 364  933 0  37 1 3 1 2 4
309 506  419 0  80 1 3 1 2 4
310  58  836 0  60 1 3 1 2 4
311 106  845 0 100 1 3 1 2 4
312 805  679 0  10 1 3 1 2 4
313 999  291 0  61 1 3 1 2 4
314 405  623 0  52 1 3 1 2 4
315 573  506 0  69 1 3 1 2 4
316 824  784 0   9 1 3 1 2 4
317 843  851 0  82 1 3 1 2 4
318 169  758 0  67 1 3 1 2 4
319 783  275 0  97 1 3 1 2 4
320 444  372 0  97 1 3 1 2 4
321 507  632 0  40 1 3 1 2 4
322 532  918 0  67 1 3 1 2 4
323 549  297 0   5 1 3 1 2 4
324 751  190 0  55 1 3 1 2 4
325 203  192 0  83 1 3 1 2 4
326 648  168 0  20 1 3 1 2 4
327 156  777 0  23 1 3 1 2 4
328 571  578 0  92 1 3 1 2 4
329 676  480 0  58 1 3 1 2 4
330 327  797 0  29 1 3 1 2 4
331 134  939 0  62 1 3 1 2 4
332  32  201 0  65 1 3 1 2 4
333 107  239 0  92 1 3 1 2 4
334  96  473 0  90 1 3 1 2 4
335 595  863 0  87 1 3 1 2 4
336 342   38 0  21 1 3 1 2 4
337 350  256 0  11 1 3 1 2 4
338 839  221 0  32 1 3 1 2 4
339 982  502 0  55 1 3 1 2 4
340 401  875 0  73 1 3 1 2 4
341 522  556 0  63 1 3 1 2 4
342  79  906 0  49 1 3 1 2 4
343 423  156 0   6 1 3 1 2 4
344 517  721 0  62 1 3 1 2 4
345 367  159 0  17 1 3 1 2 4
346 676  779 0  73 1 3 1 2 4
347 837  896 0  35 1 3 1 2 4
348 769  855 0  17 1 3 1 2 4
349 913  306 0  97 1 3 1 2 4
350 385  162 0  19 1 3 1 2 4
351 732  172 0  72 1 3 1 2 4
352 198  693 0  12 1 3 1 2 4
353 941  458 0  35 1 3 1 2 4
354 541  764 0  95 1 3 1 2 4
355 126  290 0  69 1 3 1 2 4
356 456  651 0  67 1 3 1 2 4
357 930  706 0  33 1 3 1 2 4
358 123  660 0  56 1 3 1 2 4
359 385  292 0  73 1 3 1 2 4
360 504  473 0  67 1 3 1 2 4
361 614  456 0  12 1 3 1 2 4
362  10  443 0  82 1 3 1 2 4
363 748  802 0  65 1 3 1 2 4
364 829  854 0  80 1 3 1 2 4
365 951  535 0  56 1 3 1 2 4
366 851  730 0   1 1 3 1 2 4
367 897  335 0  34 1 3 1 2 4
368 737  902 0  41 1 3 1 2 4
369 998  615 0  30 1 3 1 2 4
370  66  991 0  53 1 3 1 2 4
371 624  916 0  26 1 3 1 2 4
372 575   69 0  69 1 3 1 2 4
373 713  409 0   8 1 3 1 2 4
374 536  532 0  71 1 3 1 2 4
375 281   53 0  69 1 3 1 2 4
376 431  782 0  20 1 3 1 2 4
377 646  139 0   1 1 3 1 2 4
378 814  199 0  72 1 3 1 2 4
379 217  471 0  88 1 3 1 2 4
380 116  636 0  76 1 3 1 2 4
381 613  438 0  78 1 3 1 2 4
382 107  149 0  14 1 3 1 2 4
383 391  587 0  90 1 3 1 2 4
384 827    8 0  92 1 3 1 2 4
385 746  596 0  19 1 3 1 2 4
386 345   54 0  25 1 3 1 2 4
387 722  946 0  32 1 3 1 2 4
388 841  986 0  14 1 3 1 2 4
389  14  545 0  37 1 3 1 2 4
390 654  480 0   4 1 3 1 2 4
391 502  587 0  95 1 3 1 2 4
392  85  668 0  76 1 3 1 2 4
393 315   46 0  41 1 3 1 2 4
394 859  657 0  63 1 3 1 2 4
395 769  643 0  72 1 3 1 2 4
396 686  841 0  31 1 3 1 2 4
397 787  325 0  97 1 3 1 2 4
398 698  578 0  57 1 3 1 2 4
399  21  757 0  35 1 3 1 2 4
400 185  495 0  65 1 3 1 2 4
401 854  403 0  65 1 3 1 2 4
402 216  778 0  25 1 3 1 2 4
403 558  288 0  95 1 3 1 2 4
404 766   80 0  49 1 3 1 2 4
405 710  644 0  85 1 3 1 2 4
406 965  530 0  36 1 3 1 2 4
407 532   70 0  15 1 3 1 2 4
408 550  171 0  69 1 3 1 2 4
409 933  665 0  54 1 3 1 2 4
410 373  130 0  49 1 3 1 2 4
411 651  510 0  71 1 3 1 2 4
412 311  641 0  43 1 3 1 2 4
413 878  408 0  47 1 3 1 2 4
414 273   71 0  34 1 3 1 2 4
415  10  521 0  29 1 3 1 2 4
416  96  586 0  31 1 3 1 2 4
417 790  860 0  59 1 3 1 2 4
418 997  982 0 100 1 3 1 2 4
419 755  678 0  63 1 3 1 2 4
420 338  196 0   6 1 3 1 2 4
421 821  252 0  61 1 3 1 2 4
422 974  511 0  74 1 3 1 2 4
423 524  856 0  69 1 3 1 2 4
424 318  281 0  62 1 3 1 2 4
425  51  689 0  52 1 3 1 2 4
426 461  447 0  73 1 3 1 2 4
427  91    6 0  32 1 3 1 2 4
428 604   41 0  30 1 3 1 2 4
429 391  304 0  15 1 3 1 2 4
430 527   70 0  37 1 3 1 2 4
431   0  701 0  76 1 3 1 2 4
432 247  681 0  63 1 3 1 2 4
433  41  556 0  57 1 3 1 2 4
434  33  562 0  64 1 3 1 2 4
435  34  900 0  99 1 3 1 2 4
436 800  352 0  99 1 3 1 2 4
437 820  475 0   9 1 3 1 2 4
438 822  330 0  55 1 3 1 2 4
439 414  862 0  47 1 3 1 2 4
440  81  226 0  92 1 3 1 2 4
441 760  323 0  80 1 3 1 2 4
442 324  489 0  43 1 3 1 2 4
443  14  849 0  71 1 3 1 2 4
444 353  862 0  74 1 3 1 2 4
445 443   61 0   1 1 3 1 2 4
446 124  438 0  63 1 3 1 2 4
447 235  381 0  50 1 3 1 2 4
448 903  299 0  41 1 3 1 2 4
449 327  729 0  10 1 3 1 2 4
450  21  996 0  63 1 3 1 2 4
451 524  353 0  72 1 3 1 2 4
452 450  906 0  98 1 3 1 2 4
453 411   41 0  32 1 3 1 2 4
454 312  514 0  72 1 3 1 2 4
455 924   90 0  53 1 3 1 2 4
456 666  402 0  72 1 3 1 2 4
457 345  805 0  66 1 3 1 2 4
458 370  653 0  27 1 3 1 2 4
459 355  383 0  65 1 3 1 2 4
460 676  739 0 100 1 3 1 2 4
461 228  142 0  29 1 3 1 2 4
462 213  234 0  52 1 3 1 2 4
463 523  754 0  24 1 3 1 2 4
464 451  641 0  45 1 3 1 2 4
465 262  387 0  20 1 3 1 2 4
466 564  643 0  45 1 3 1 2 4
467 802  455 0  35 1 3 1 2 4
468 608  401 0  32 1 3 1 2 4
469 945  990 0  36 1 3 1 2 4
470 147  591 0  95 1 3 1 2 4
471 534  245 0  55 1 3 1 2 4
472 558   66 0  72 1 3 1 2 4
473 264  946 0  83 1 3 1 2 4
474 379  254 0  66 1 3 1 2 4
475  63  325 0   2 1 3 1 2 4
476 435  527 0  35 1 3 1 2 4
477 685  639 0  90 1 3 1 2 4
478 590  445 0  26 1 3 1 2 4
479 213   15 0  50 1 3 1 2 4
480 937  530 0  69 1 3 1 2 4
481 178  796 0  71 1 3 1 2 4
482   1  191 0  15 1 3 1 2 4
483 816  708 0  51 1 3 1 2 4
484 754    4 0  26 1 3 1 2 4
485 560  927 0  61 1 3 1 2 4
486 683  983 0  31 1 3 1 2 4
487 335  966 0  38 1 3 1 2 4
488 351  511 0  88 1 3 1 2 4
489 778  592 0  92 1 3 1 2 4
490 790   90 0  26 1 3 1 2 4
491 436  674 0  38 1 3 1 2 4
492  55  665 0  88 1 3 1 2 4
493 936  558 0  55 1 3 1 2 4
494 605  836 0  57 1 3 1 2 4
495 465  967 0  54 1 3 1 2 4
496 635   42 0   9 1 3 1 2 4
497 188  463 0  51 1 3 1 2 4
498 567  684 0  83 1 3 1 2 4
499 724  652 0  26 1 3 1 2 4
500 461  600 0  77 1 3 1 2 4
501 927   13 0 100 1 3 1 2 4
502 569  406 0  50 1 3 1 2 4
503 673  911 0   5 1 3 1 2 4
504 447  354 0  69 1 3 1 2 4
505 235  854 0   7 1 3 1 2 4
506 776  807 0  92 1 3 1 2 4
507 631  886 0  24 1 3 1 2 4
508 466  225 0  74 1 3 1 2 4
509 189  355 0  20 1 3 1 2 4
510 501  289 0  29 1 3 1 2 4
511 670  620 0  10 1 3 1 2 4
512 278  110 0  30 1 3 1 2 4
513 751  899 0  19 1 3 1 2 4
514 361  835 0  25 1 3 1 2 4
515 225  168 0  12 1 3 1 2 4
516 400  743 0  24 1 3 1 2 4
517 226  694 0  56 1 3 1 2 4
518 980  728 0  15 1 3 1 2 4
519 745  216 0  94 1 3 1 2 4
520 993  998 0  49 1 3 1 2 4
521 382  550 0  20 1 3 1 2 4
522 920  739 0  98 1 3 1 2 4
523 783  929 0  36 1 3 1 2 4
524 340  785 0  88 1 3 1 2 4
525 698   10 0  52 1 3 1 2 4
526 139  321 0   4 1 3 1 2 4
527 226  655 0  98 1 3 1 2 4
528 603  600 0   7 1 3 1 2 4
529 130   71 0  68 1 3 1 2 4
530 717  605 0  32 1 3 1 2 4
531  45  573 0  23 1 3 1 2 4
532 142  869 0  22 1 3 1 2 4
533 119  161 0  24 1 3 1 2 4
534 764  854 0  21 1 3 1 2 4
535 473  473 0  23 1 3 1 2 4
536 189  182 0  26 1 3 1 2 4
537 463  410 0  45 1 3 1 2 4
538 553  779 0  85 1 3 1 2 4
539 388   40 0  63 1 3 1 2 4
540 370  482 0  74 1 3 1 2 4
541 286  989 0  43 1 3 1 2 4
542 593  113 0  98 1 3 1 2 4
543 707   47 0  80 1 3 1 2 4
544 620  420 0  35 1 3 1 2 4
545 176  453 0   8 1 3 1 2 4
546 710  555 0   4 1 3 1 2 4
547 496  685 0  51 1 3 1 2 4
548 191  591 0  11 1 3 1 2 4
549 662  189 0  85 1 3 1 2 4
550 664  479 0  50 1 3 1 2 4
551 995  733 0  15 1 3 1 2 4
552   6  547 0  44 1 3 1 2 4
553  31  318 0  89 1 3 1 2 4
554 475  577 0  54 1 3 1 2 4
555 274  192 0   9 1 3 1 2 4
556 356  809 0  98 1 3 1 2 4
557 310  652 0  66 1 3 1 2 4
558  80  792 0  43 1 3 1 2 4
559 415  791 0  21 1 3 1 2 4
560 350  211 0  34 1 3 1 2 4
561 978  950 0  87 1 3 1 2 4
562 763  103 0  86 1 3 1 2 4
563 497  773 0   1 1 3 1 2 4
564 118  543 0  79 1 3 1 2 4
565  85  851 0  59 1 3 1 2 4
566 505   37 0  84 1 3 1 2 4
567  72  599 0   2 1 3 1 2 4
568 897  312 0  48 1 3 1 2 4
569 895   88 0  32 1 3 1 2 4
570 295  712 0  47 1 3 1 2 4
571 759   98 0  90 1 3 1 2 4
572 836  831 0  90 1 3 1 2 4
573  10  831 0  30 1 3 1 2 4
574 982  762 0  86 1 3 1 2 4
575 433  566 0  29 1 3 1 2 4
576  15  978 0  18 1 3 1 2 4
577 762  234 0  63 1 3 1 2 4
578 237  166 0  38 1 3 1 2 4
579 926  141 0  24 1 3 1 2 4
580 344  598 0  63 1 3 1 2 4
581 727  418 0  56 1 3 1 2 4
582  92  755 0  64 1 3 1 2 4
583 657   85 0  70 1 3 1 2 4
584 601  380 0 100 1 3 1 2 4
585 373  262 0  59 1 3 1 2 4
586 422  522 0  77 1 3 1 2 4
587 143  954 0  44 1 3 1 2 4
588 870  645 0  20 1 3 1 2 4
589 542   66 0  12 1 3 1 2 4
590 516  805 0  25 1 3 1 2 4
591 823  338 0  62 1 3 1 2 4
592 352   47 0  46 1 3 1 2 4
593   3  555 0  81 1 3 1 2 4
594 929  987 0  14 1 3 1 2 4
595 236  963 0  72 1 3 1 2 4
596 739  442 0  29 1 3 1 2 4
597 352  323 0  97 1 3 1 2 4
598 255  778 0  65 1 3 1 2 4
599 346   88 0  22 1 3 1 2 4
600 931  739 0  52 1 3 1 2 4
601  51  748 0  15 1 3 1 2 4
602 226   70 0  33 1 3 1 2 4
603 828   93 0  52 1 3 1 2 4
604 891  390 0  33 1 3 1 2 4
605 125  828 0  74 1 3 1 2 4
606 490  394 0  70 1 3 1 2 4
607 258  659 0  47 1 3 1 2 4
608 959  103 0  38 1 3 1 2 4
609 559  311 0  52 1 3 1 2 4
610 738  809 0  88 1 3 1 2 4
611 458  554 0  83 1 3 1 2 4
612 847  723 0  90 1 3 1 2 4
613   2  154 0  90 1 3 1 2 4
614 731  949 0   9 1 3 1 2 4
615 225  329 0  26 1 3 1 2 4
616 880  269 0   9 1 3 1 2 4
617  86  869 0  88 1 3 1 2 4
618 304  910 0  58 1 3 1 2 4
619 634  914 0  99 1 3 1 2 4
620 293  419 0  38 1 3 1 2 4
621 403  432 0  79 1 3 1 2 4
622 480  935 0  94 1 3 1 2 4
623 918  191 0 100 1 3 1 2 4
624 715  887 0  28 1 3 1 2 4
625 935  127 0  34 1 3 1 2 4
626 436  469 0  57 1 3 1 2 4
627 749  704 0  58 1 3 1 2 4
628 756    7 0  97 1 3 1 2 4
629 690  283 0  73 1 3 1 2 4
630 443  967 0  65 1 3 1 2 4
631  24  681 0  32 1 3 1 2 4
632 152  431 0  69 1 3 1 2 4
633 652  457 0  49 1 3 1 2 4
634 834  812 0  39 1 3 1 2 4
635 315  796 0  67 1 3 1 2 4
636  19  980 0  46 1 3 1 2 4
637 367  162 0  56 1 3 1 2 4
638 145  880 0   5 1 3 1 2 4
639 720  142 0   9 1 3 1 2 4
640 651  428 0  96 1 3 1 2 4
641 121   17 0  26 1 3 1 2 4
642 634  773 0  69 1 3 1 2 4
643 111  771 0  81 1 3 1 2 4
644 262  592 0  87 1 3 1 2 4
645 365  207 0  90 1 3 1 2 4
646 596   93 0  92 1 3 1 2 4
647 939  879 0  67 1 3 1 2 4
648 970  610 0  51 1 3 1 2 4
649 626  686 0  41 1 3 1 2 4
650 802  113 0  23 1 3 1 2 4
651 712  161 0  47 1 3 1 2 4
652 321  561 0  29 1 3 1 2 4
653 688  598 0  25 1 3 1 2 4
654 505  878 0  18 1 3 1 2 4
655 815  937 0  14 1 3 1 2 4
656 230  885 0  74 1 3 1 2 4
657 417  600 0  85 1 3 1 2 4
658 822  391 0  43 1 3 1 2 4
659 616   61 0  52 1 3 1 2 4
660 386  311 0  27 1 3 1 2 4
661 570  106 0  30 1 3 1 2 4
662 898  494 0  12 1 3 1 2 4
663 146  451 0  39 1 3 1 2 4
664 991  108 0  82 1 3 1 2 4
665 373  345 0  71 1 3 1 2 4
666 168  490 0   4 1 3 1 2 4
667 699  524 0  35 1 3 1 2 4
668 851  224 0  92 1 3 1 2 4
669 587  931 0   9 1 3 1 2 4
670  34  249 0  56 1 3 1 2 4
671 180  272 0  13 1 3 1 2 4
672 190  909 0  63 1 3 1 2 4
673 116  465 0  43 1 3 1 2 4
674 577  349 0  54 1 3 1 2 4
675 832  221 0  25 1 3 1 2 4
676 111  723 0  43 1 3 1 2 4
677 523  205 0  22 1 3 1 2 4
678 167  403 0  59 1 3 1 2 4
679 846  725 0  80 1 3 1 2 4
680 644  661 0  52 1 3 1 2 4
681 182  440 0  66 1 3 1 2 4
682 724  872 0  76 1 3 1 2 4
683  74  752 0  67 1 3 1 2 4
684 178  108 0  37 1 3 1 2 4
685 928  149 0  20 1 3 1 2 4
686 616  226 0  69 1 3 1 2 4
687 864  153 0   6 1 3 1 2 4
688  24  577 0  46 1 3 1 2 4
689  70  694 0  97 1 3 1 2 4
690 619  258 0  33 1 3 1 2 4
691 207   67 0  17 1 3 1 2 4
692 481  858 0  41 1 3 1 2 4
693 441  921 0 100 1 3 1 2 4
694 714   69 0  97 1 3 1 2 4
695 643  174 0  13 1 3 1 2 4
696 872  984 0  28 1 3 1 2 4
697 801  243 0  25 1 3 1 2 4
698 875  858 0  13 1 3 1 2 4
699 137  771 0  42 1 3 1 2 4
700 615  116 0  57 1 3 1 2 4
701 218  725 0  45 1 3 1 2 4
702 399   15 0  94 1 3 1 2 4
703 921  511 0  26 1 3 1 2 4
704 968  317 0  90 1 3 1 2 4
705  33  858 0  11 1 3 1 2 4
706 717  773 0  22 1 3 1 2 4
707 516  366 0  47 1 3 1 2 4
708 237  381 0  24 1 3 1 2 4
709 224  383 0  36 1 3 1 2 4
710 895  778 0  40 1 3 1 2 4
711 470  230 0  16 1 3 1 2 4
712 835  279 0  37 1 3 1 2 4
713 779  293 0  19 1 3 1 2 4
714 547  970 0  11 1 3 1 2 4
715   6   82 0  68 1 3 1 2 4
716 148  657 0  82 1 3 1 2 4
717  13  997 0  44 1 3 1 2 4
718 845  187 0  36 1 3 1 2 4
719 109  930 0  72 1 3 1 2 4
720 264  306 0  40 1 3 1 2 4
721 985  209 0  91 1 3 1 2 4
722 329  576 0  51 1 3 1 2 4
723 869  606 0  30 1 3 1 2 4
724 226  101 0   2 1 3 1 2 4
725 730  668 0  34 1 3 1 2 4
726 219  276 0  57 1 3 1 2 4
727 914  769 0  29 1 3 1 2 4
728 347  103 0  14 1 3 1 2 4
729  21  659 0  17 1 3 1 2 4
730 406  245 0  33 1 3 1 2 4
731  24  998 0  94 1 3 1 2 4
732 181  445 0  47 1 3 1 2 4
733 325  906 0  19 1 3 1 2 4
734 536  752 0  26 1 3 1 2 4
735 858  634 0  92 1 3 1 2 4
736 907  636 0  91 1 3 1 2 4
737  19  610 0   1 1 3 1 2 4
738 735   24 0  69 1 3 1 2 4
739 909  111 0  51 1 3 1 2 4
740 789  158 0  34 1 3 1 2 4
741 469  993 0   7 1 3 1 2 4
742 753  335 0   6 1 3 1 2 4
743 530  190 0  16 1 3 1 2 4
744  39   72 0  67 1 3 1 2 4
745 872  155 0  56 1 3 1 2 4
746 894  164 0  73 1 3 1 2 4
747 202  243 0  46 1 3 1 2 4
748 676  385 0  92 1 3 1 2 4
749 342  310 0  11 1 3 1 2 4
750 971  945 0  56 1 3 1 2 4
751 403  998 0  20 1 3 1 2 4
752 747  690 0  61 1 3 1 2 4
753 542    9 0  47 1 3 1 2 4
754  37  771 0  34 1 3 1 2 4
755 658  265 0   2 1 3 1 2 4
756 990  616 0  72 1 3 1 2 4
757 946  993 0  31 1 3 1 2 4
758 638  584 0  21 1 3 1 2 4
759 892  900 0  56 1 3 1 2 4
760 773  830 0  56 1 3 1 2 4
761 843   61 0   4 1 3 1 2 4
762 599  372 0  17 1 3 1 2 4
763 502  870 0  13 1 3 1 2 4
764 549  155 0  65 1 3 1 2 4
765 255   80 0  82 1 3 1 2 4
766 739  194 0  31 1 3 1 2 4
767 518  976 0  60 1 3 1 2 4
768 121  730 0  28 1 3 1 2 4
769 183  261 0  21 1 3 1 2 4
770 120  107 0  38 1 3 1 2 4
771 949   34 0   3 1 3 1 2 4
772 667  641 0  44 1 3 1 2 4
773 180   19 0  68 1 3 1 2 4
774 723  909 0  77 1 3 1 2 4
775 157  162 0  80 1 3 1 2 4
776  95  137 0  14 1 3 1 2 4
777 327  293 0   2 1 3 1 2 4
778 636   16 0  36 1 3 1 2 4
779 754  131 0  92 1 3 1 2 4
780 494  529 0  90 1 3 1 2 4
781 516  760 0  78 1 3 1 2 4
782 418    9 0  72 1 3 1 2 4
783 449  490 0  39 1 3 1 2 4
784 888  836 0  27 1 3 1 2 4
785 527  680 0  62 1 3 1 2 4
786 337  946 0  98 1 3 1 2 4
787 875  323 0  41 1 3 1 2 4
788 201  252 0  37 1 3 1 2 4
789 728  760 0  34 1 3 1 2 4
790 180  912 0  39 1 3 1 2 4
791 939  821 0  54 1 3 1 2 4
792 928  958 0  28 1 3 1 2 4
793 288  462 0  34 1 3 1 2 4
794 366  905 0  34 1 3 1 2 4
795 282  497 0  19 1 3 1 2 4
796 193  228 0  50 1 3 1 2 4
797 719  180 0  37 1 3 1 2 4
798 601  919 0  21 1 3 1 2 4
799 788  142 0  22 1 3 1 2 4
800 630   31 0  59 1 3 1 2 4
801 801  289 0  86 1 3 1 2 4
802 121  117 0  49 1 3 1 2 4
803 907  851 0  28 1 3 1 2 4
804 956  714 0  23 1 3 1 2 4
805 581  203 0  87 1 3 1 2 4
806 385  452 0  67 1 3 1 2 4
807 747   20 0  92 1 3 1 2 4
808 423  677 0  59 1 3 1 2 4
809  45  331 0  74 1 3 1 2 4
810 522  790 0  23 1 3 1 2 4
811 537    4 0  74 1 3 1 2 4
812 877  936 0  29 1 3 1 2 4
813 827  878 0  77 1 3 1 2 4
814  66  827 0  13 1 3 1 2 4
815 651   93 0  36 1 3 1 2 4
816 565  407 0  83 1 3 1 2 4
817 116  227 0  56 1 3 1 2 4
818 651  227 0  13 1 3 1 2 4
819 398   70 0  80 1 3 1 2 4
820 715  460 0  34 1 3 1 2 4
821 601  237 0   0 0 0
822 577  912 0   0 0 0
823  36  663 0   0 0 0
