2 137 831 5
0 243
0 243
0 243
0 243
0 243
  1 697  528 0  10 1 5 1 2 4 8 16
  2 479  642 0   2 1 5 1 2 4 8 16
  3 368  207 0  10 1 5 1 2 4 8 16
  4 575  451 0  78 1 5 1 2 4 8 16
  5 890  666 0  37 1 5 1 2 4 8 16
  6 390  939 0  70 1 5 1 2 4 8 16
  7 553  751 0  11 1 5 1 2 4 8 16
  8 347  736 0  27 1 5 1 2 4 8 16
  9 193  974 0  14 1 5 1 2 4 8 16
 10 183  385 0  69 1 5 1 2 4 8 16
 11 859  170 0  99 1 5 1 2 4 8 16
 12 558  437 0  13 1 5 1 2 4 8 16
 13 530  157 0  64 1 5 1 2 4 8 16
 14 175  914 0   9 1 5 1 2 4 8 16
 15 727   63 0  72 1 5 1 2 4 8 16
 16 662  161 0   3 1 5 1 2 4 8 16
 17 903   42 0  13 1 5 1 2 4 8 16
 18  94   60 0  33 1 5 1 2 4 8 16
 19 390  259 0  28 1 5 1 2 4 8 16
 20 387  374 0  24 1 5 1 2 4 8 16
 21 169   98 0  58 1 5 1 2 4 8 16
 22 935  569 0  41 1 5 1 2 4 8 16
 23 617  629 0  98 1 5 1 2 4 8 16
 24 388  814 0  59 1 5 1 2 4 8 16
 25 925  896 0  23 1 5 1 2 4 8 16
 26 869  409 0  48 1 5 1 2 4 8 16
 27 188  565 0  27 1 5 1 2 4 8 16
 28 245   44 0  45 1 5 1 2 4 8 16
 29 191  131 0  90 1 5 1 2 4 8 16
 30 724  379 0  18 1 5 1 2 4 8 16
 31 247  261 0  71 1 5 1 2 4 8 16
 32 237  410 0  32 1 5 1 2 4 8 16
 33 292  864 0  27 1 5 1 2 4 8 16
 34 998  340 0  93 1 5 1 2 4 8 16
 35 723  741 0  35 1 5 1 2 4 8 16
 36  96   84 0  80 1 5 1 2 4 8 16
 37  45  382 0  58 1 5 1 2 4 8 16
 38 570  167 0  94 1 5 1 2 4 8 16
 39 154  964 0  29 1 5 1 2 4 8 16
 40 444  849 0  69 1 5 1 2 4 8 16
 41 243  265 0  57 1 5 1 2 4 8 16
 42 918  469 0  76 1 5 1 2 4 8 16
 43 558  722 0  43 1 5 1 2 4 8 16
 44 339  281 0  70 1 5 1 2 4 8 16
 45 447  208 0  72 1 5 1 2 4 8 16
 46  56  677 0  91 1 5 1 2 4 8 16
 47 828  986 0  27 1 5 1 2 4 8 16
 48 322   71 0  17 1 5 1 2 4 8 16
 49 520  678 0  93 1 5 1 2 4 8 16
 50 678  120 0  64 1 5 1 2 4 8 16
 51 761   31 0  54 1 5 1 2 4 8 16
 52 732   97 0   7 1 5 1 2 4 8 16
 53 930  225 0  33 1 5 1 2 4 8 16
 54 631  834 0  79 1 5 1 2 4 8 16
 55 643  316 0  73 1 5 1 2 4 8 16
 56 537  976 0  21 1 5 1 2 4 8 16
 57 710   92 0  67 1 5 1 2 4 8 16
 58  80  464 0  38 1 5 1 2 4 8 16
 59 295  894 0  11 1 5 1 2 4 8 16
 60 412   75 0  23 1 5 1 2 4 8 16
 61 907  840 0  95 1 5 1 2 4 8 16
 62  46  233 0  60 1 5 1 2 4 8 16
 63 268  179 0  46 1 5 1 2 4 8 16
 64 306  287 0  30 1 5 1 2 4 8 16
 65 566  351 0  34 1 5 1 2 4 8 16
 66 624  118 0   8 1 5 1 2 4 8 16
 67 448   12 0  60 1 5 1 2 4 8 16
 68 961  240 0  44 1 5 1 2 4 8 16
 69 575  761 0  69 1 5 1 2 4 8 16
 70 764  652 0  19 1 5 1 2 4 8 16
 71 694   36 0   9 1 5 1 2 4 8 16
 72 710  979 0  81 1 5 1 2 4 8 16
 73 599  496 0 100 1 5 1 2 4 8 16
 74 116  186 0  40 1 5 1 2 4 8 16
 75 583  625 0   9 1 5 1 2 4 8 16
 76 865  838 0  94 1 5 1 2 4 8 16
 77 256  776 0  67 1 5 1 2 4 8 16
 78 835  189 0   1 1 5 1 2 4 8 16
 79  10   57 0  90 1 5 1 2 4 8 16
 80  95  444 0  73 1 5 1 2 4 8 16
 81 291  952 0  33 1 5 1 2 4 8 16
 82 845  773 0  23 1 5 1 2 4 8 16
 83  26  780 0  82 1 5 1 2 4 8 16
 84 639  612 0   2 1 5 1 2 4 8 16
 85 727  927 0  44 1 5 1 2 4 8 16
 86 636  434 0  22 1 5 1 2 4 8 16
 87 794  110 0  77 1 5 1 2 4 8 16
 88 156  290 0   8 1 5 1 2 4 8 16
 89 612  834 0  34 1 5 1 2 4 8 16
 90 286  395 0  55 1 5 1 2 4 8 16
 91 684  550 0  68 1 5 1 2 4 8 16
 92 693  775 0  35 1 5 1 2 4 8 16
 93 224  344 0  56 1 5 1 2 4 8 16
 94 766  651 0  32 1 5 1 2 4 8 16
 95 128  821 0   7 1 5 1 2 4 8 16
 96 769  359 0 100 1 5 1 2 4 8 16
 97 921   14 0  86 1 5 1 2 4 8 16
 98 566  156 0  75 1 5 1 2 4 8 16
 99 988  863 0  94 1 5 1 2 4 8 16
100 138  835 0  93 1 5 1 2 4 8 16
101 278  913 0  49 1 5 1 2 4 8 16
102 724  319 0  20 1 5 1 2 4 8 16
103 518   70 0  31 1 5 1 2 4 8 16
104 334  455 0  47 1 5 1 2 4 8 16
105 363  556 0  29 1 5 1 2 4 8 16
106  56  782 0  58 1 5 1 2 4 8 16
107 757  946 0  29 1 5 1 2 4 8 16
108 181  756 0  17 1 5 1 2 4 8 16
109 618  193 0  69 1 5 1 2 4 8 16
110 518  875 0  98 1 5 1 2 4 8 16
111 671   96 0  41 1 5 1 2 4 8 16
112 367  805 0  87 1 5 1 2 4 8 16
113 911   96 0  50 1 5 1 2 4 8 16
114 645  100 0  45 1 5 1 2 4 8 16
115 306  641 0  56 1 5 1 2 4 8 16
116 566  352 0  22 1 5 1 2 4 8 16
117 998  770 0  55 1 5 1 2 4 8 16
118  56  569 0  14 1 5 1 2 4 8 16
119 752   72 0  91 1 5 1 2 4 8 16
120 172  938 0  47 1 5 1 2 4 8 16
121 485  445 0  61 1 5 1 2 4 8 16
122 882  424 0  45 1 5 1 2 4 8 16
123 518   90 0  58 1 5 1 2 4 8 16
124 390  339 0  21 1 5 1 2 4 8 16
125 585  956 0  29 1 5 1 2 4 8 16
126 242  453 0  94 1 5 1 2 4 8 16
127 680  334 0   1 1 5 1 2 4 8 16
128 464  650 0  78 1 5 1 2 4 8 16
129  54  611 0  36 1 5 1 2 4 8 16
130 459  210 0  83 1 5 1 2 4 8 16
131 878  191 0  64 1 5 1 2 4 8 16
132 651  462 0  91 1 5 1 2 4 8 16
133 926  380 0  96 1 5 1 2 4 8 16
134 381  210 0  19 1 5 1 2 4 8 16
135  12   26 0  87 1 5 1 2 4 8 16
136 915  892 0  93 1 5 1 2 4 8 16
137 939  998 0  99 1 5 1 2 4 8 16
138 596   18 0  91 1 5 1 2 4 8 16
139 486   84 0   9 1 5 1 2 4 8 16
140 762   90 0  80 1 5 1 2 4 8 16
141 679  828 0  42 1 5 1 2 4 8 16
142 170  667 0  31 1 5 1 2 4 8 16
143 759  760 0  42 1 5 1 2 4 8 16
144 771  188 0  91 1 5 1 2 4 8 16
145 603  941 0  86 1 5 1 2 4 8 16
146 803  758 0  76 1 5 1 2 4 8 16
147 869  637 0  50 1 5 1 2 4 8 16
148 814  598 0  82 1 5 1 2 4 8 16
149 628  423 0  53 1 5 1 2 4 8 16
150 262  806 0  20 1 5 1 2 4 8 16
151 468  137 0  92 1 5 1 2 4 8 16
152 467  157 0  91 1 5 1 2 4 8 16
153 702  775 0  73 1 5 1 2 4 8 16
154 915  384 0  79 1 5 1 2 4 8 16
155 276  867 0  70 1 5 1 2 4 8 16
156 443   54 0  19 1 5 1 2 4 8 16
157 795  136 0  84 1 5 1 2 4 8 16
158 501  168 0  37 1 5 1 2 4 8 16
159 269  900 0  47 1 5 1 2 4 8 16
160  17  853 0  38 1 5 1 2 4 8 16
161 109  797 0   3 1 5 1 2 4 8 16
162 988   34 0  55 1 5 1 2 4 8 16
163 204  681 0  74 1 5 1 2 4 8 16
164 469  766 0  58 1 5 1 2 4 8 16
165 227  603 0  69 1 5 1 2 4 8 16
166 410   54 0  63 1 5 1 2 4 8 16
167 346  687 0  17 1 5 1 2 4 8 16
168 461  282 0  98 1 5 1 2 4 8 16
169 391  237 0  34 1 5 1 2 4 8 16
170 887  280 0   3 1 5 1 2 4 8 16
171  76  234 0  41 1 5 1 2 4 8 16
172 191  559 0   7 1 5 1 2 4 8 16
173 257  257 0  21 1 5 1 2 4 8 16
174 534  826 0  90 1 5 1 2 4 8 16
175 660  994 0  11 1 5 1 2 4 8 16
176 304  200 0  47 1 5 1 2 4 8 16
177 523  595 0  80 1 5 1 2 4 8 16
178 364  107 0  85 1 5 1 2 4 8 16
179 933 1000 0  85 1 5 1 2 4 8 16
180 649   69 0  78 1 5 1 2 4 8 16
181 310  823 0  31 1 5 1 2 4 8 16
182 137  141 0  35 1 5 1 2 4 8 16
183 314  716 0  90 1 5 1 2 4 8 16
184 915  252 0  38 1 5 1 2 4 8 16
185 909  486 0  21 1 5 1 2 4 8 16
186 270  176 0  22 1 5 1 2 4 8 16
187 225  430 0 100 1 5 1 2 4 8 16
188 302  275 0   5 1 5 1 2 4 8 16
189 623  476 0  55 1 5 1 2 4 8 16
190 713  461 0  10 1 5 1 2 4 8 16
191 769  360 0  35 1 5 1 2 4 8 16
192 686  129 0  29 1 5 1 2 4 8 16
193 923  497 0  17 1 5 1 2 4 8 16
194 288   63 0   2 1 5 1 2 4 8 16
195 105  700 0  26 1 5 1 2 4 8 16
196 490  574 0  70 1 5 1 2 4 8 16
197 438  801 0  79 1 5 1 2 4 8 16
198 132  237 0  90 1 5 1 2 4 8 16
199 376  253 0  62 1 5 1 2 4 8 16
200 751  883 0  81 1 5 1 2 4 8 16
201  82  897 0   4 1 5 1 2 4 8 16
202 532  291 0  69 1 5 1 2 4 8 16
203 774  346 0   1 1 5 1 2 4 8 16
204 178  237 0  22 1 5 1 2 4 8 16
205 750  328 0  83 1 5 1 2 4 8 16
206 638  713 0  46 1 5 1 2 4 8 16
207 998  533 0   3 1 5 1 2 4 8 16
208 589  123 0  37 1 5 1 2 4 8 16
209  61  719 0  37 1 5 1 2 4 8 16
210 968   36 0  15 1 5 1 2 4 8 16
211 963  590 0  18 1 5 1 2 4 8 16
212 109  369 0   6 1 5 1 2 4 8 16
213 738  748 0  25 1 5 1 2 4 8 16
214 512  728 0   8 1 5 1 2 4 8 16
215 596  934 0  12 1 5 1 2 4 8 16
216 269  882 0  57 1 5 1 2 4 8 16
217 247  153 0   3 1 5 1 2 4 8 16
218 607  897 0  95 1 5 1 2 4 8 16
219 441  693 0  79 1 5 1 2 4 8 16
220 436  181 0   2 1 5 1 2 4 8 16
221 857  810 0  93 1 5 1 2 4 8 16
222  37  283 0  13 1 5 1 2 4 8 16
223 697  612 0  16 1 5 1 2 4 8 16
224 849  420 0  30 1 5 1 2 4 8 16
225 527  462 0  40 1 5 1 2 4 8 16
226 589  977 0  60 1 5 1 2 4 8 16
227 528  486 0  67 1 5 1 2 4 8 16
228 686  253 0  76 1 5 1 2 4 8 16
229 857  776 0   3 1 5 1 2 4 8 16
230 648  659 0  51 1 5 1 2 4 8 16
231 710  533 0  40 1 5 1 2 4 8 16
232 852  427 0  54 1 5 1 2 4 8 16
233 673  268 0  80 1 5 1 2 4 8 16
234 448  623 0  78 1 5 1 2 4 8 16
235 240  481 0  63 1 5 1 2 4 8 16
236 534   11 0  16 1 5 1 2 4 8 16
237 105   29 0  24 1 5 1 2 4 8 16
238 605   92 0  41 1 5 1 2 4 8 16
239 544  374 0   7 1 5 1 2 4 8 16
240 917  309 0  57 1 5 1 2 4 8 16
241 333  359 0  58 1 5 1 2 4 8 16
242 353   63 0  13 1 5 1 2 4 8 16
243 789  310 0  89 1 5 1 2 4 8 16
244 894  263 0   2 1 5 1 2 4 8 16
245 611  438 0  65 1 5 1 2 4 8 16
246 161  245 0  61 1 5 1 2 4 8 16
247 334  249 0  51 1 5 1 2 4 8 16
248  42  165 0  79 1 5 1 2 4 8 16
249 837   60 0  44 1 5 1 2 4 8 16
250  18  845 0  58 1 5 1 2 4 8 16
251 696  990 0  42 1 5 1 2 4 8 16
252 674   82 0  26 1 5 1 2 4 8 16
253 456  667 0  83 1 5 1 2 4 8 16
254 324   49 0  31 1 5 1 2 4 8 16
255 562  677 0  77 1 5 1 2 4 8 16
256 494  411 0  21 1 5 1 2 4 8 16
257 425  254 0  95 1 5 1 2 4 8 16
258 133  959 0  12 1 5 1 2 4 8 16
259 508  496 0  72 1 5 1 2 4 8 16
260 754  656 0  67 1 5 1 2 4 8 16
261 139  703 0   7 1 5 1 2 4 8 16
262 793  662 0  96 1 5 1 2 4 8 16
263 789  915 0  35 1 5 1 2 4 8 16
264 469  473 0  29 1 5 1 2 4 8 16
265 545    9 0  79 1 5 1 2 4 8 16
266 589  414 0  52 1 5 1 2 4 8 16
267 320  185 0  23 1 5 1 2 4 8 16
268 569  115 0  64 1 5 1 2 4 8 16
269 585  595 0  28 1 5 1 2 4 8 16
270 637  408 0  31 1 5 1 2 4 8 16
271 788  364 0  31 1 5 1 2 4 8 16
272 727  794 0  61 1 5 1 2 4 8 16
273 622  878 0  27 1 5 1 2 4 8 16
274  46  387 0  48 1 5 1 2 4 8 16
275 109  592 0   8 1 5 1 2 4 8 16
276 388  568 0  63 1 5 1 2 4 8 16
277 826  898 0  17 1 5 1 2 4 8 16
278 185   66 0  41 1 5 1 2 4 8 16
279 310   79 0  33 1 5 1 2 4 8 16
280 163  538 0  52 1 5 1 2 4 8 16
281 132  196 0  22 1 5 1 2 4 8 16
282 848  165 0  65 1 5 1 2 4 8 16
283 919  262 0  46 1 5 1 2 4 8 16
284 603  133 0  35 1 5 1 2 4 8 16
285 417  169 0  56 1 5 1 2 4 8 16
286 264   16 0  30 1 5 1 2 4 8 16
287 948  103 0  20 1 5 1 2 4 8 16
288  34  553 0 100 1 5 1 2 4 8 16
289  71  306 0  80 1 5 1 2 4 8 16
290 229   58 0   2 1 5 1 2 4 8 16
291 662  311 0  83 1 5 1 2 4 8 16
292 194   98 0  57 1 5 1 2 4 8 16
293 224   31 0  47 1 5 1 2 4 8 16
294 667  552 0  37 1 5 1 2 4 8 16
295 224  414 0  86 1 5 1 2 4 8 16
296 989  976 0  87 1 5 1 2 4 8 16
297 289  181 0  50 1 5 1 2 4 8 16
298 429  207 0   8 1 5 1 2 4 8 16
299 245  747 0   2 1 5 1 2 4 8 16
300  69  346 0   4 1 5 1 2 4 8 16
301 987  291 0  73 1 5 1 2 4 8 16
302 560  315 0  51 1 5 1 2 4 8 16
303 301  538 0  27 1 5 1 2 4 8 16
304 653  755 0  76 1 5 1 2 4 8 16
305 223  155 0  35 1 5 1 2 4 8 16
306 196  421 0  87 1 5 1 2 4 8 16
307 214  509 0   2 1 5 1 2 4 8 16
308 411   60 0  68 1 5 1 2 4 8 16
309 320  183 0  91 1 5 1 2 4 8 16
310 439  684 0  64 1 5 1 2 4 8 16
311 547  624 0  21 1 5 1 2 4 8 16
312 103  239 0  10 1 5 1 2 4 8 16
313 955  940 0  61 1 5 1 2 4 8 16
314 219  277 0  77 1 5 1 2 4 8 16
315 112  511 0  28 1 5 1 2 4 8 16
316 388  166 0  56 1 5 1 2 4 8 16
317 468  921 0  87 1 5 1 2 4 8 16
318 958  132 0  99 1 5 1 2 4 8 16
319 705  462 0  35 1 5 1 2 4 8 16
320 627  533 0  61 1 5 1 2 4 8 16
321 655  257 0  70 1 5 1 2 4 8 16
322 412  634 0  41 1 5 1 2 4 8 16
323  79  148 0  83 1 5 1 2 4 8 16
324 147  428 0  40 1 5 1 2 4 8 16
325 603  109 0  38 1 5 1 2 4 8 16
326 676  289 0  13 1 5 1 2 4 8 16
327 114  677 0  42 1 5 1 2 4 8 16
328 580  193 0  51 1 5 1 2 4 8 16
329 733  575 0   7 1 5 1 2 4 8 16
330 462  981 0  98 1 5 1 2 4 8 16
331 101  939 0  75 1 5 1 2 4 8 16
332 147  620 0  19 1 5 1 2 4 8 16
333 197  456 0  97 1 5 1 2 4 8 16
334 748  990 0  17 1 5 1 2 4 8 16
335  52  495 0  13 1 5 1 2 4 8 16
336  76  459 0   2 1 5 1 2 4 8 16
337 389  572 0  26 1 5 1 2 4 8 16
338 533  850 0  44 1 5 1 2 4 8 16
339 377  779 0  40 1 5 1 2 4 8 16
340 651  388 0  14 1 5 1 2 4 8 16
341 945  208 0  38 1 5 1 2 4 8 16
342 249  701 0  64 1 5 1 2 4 8 16
343 845  779 0  38 1 5 1 2 4 8 16
344 741  561 0  35 1 5 1 2 4 8 16
345  92  467 0  15 1 5 1 2 4 8 16
346 681  447 0  34 1 5 1 2 4 8 16
347 150   91 0  38 1 5 1 2 4 8 16
348  63  989 0   7 1 5 1 2 4 8 16
349 160  985 0  99 1 5 1 2 4 8 16
350 257  356 0  92 1 5 1 2 4 8 16
351 925  434 0  50 1 5 1 2 4 8 16
352 383  941 0   5 1 5 1 2 4 8 16
353 347  673 0  73 1 5 1 2 4 8 16
354 398  297 0  50 1 5 1 2 4 8 16
355 374   32 0  38 1 5 1 2 4 8 16
356 196  526 0  14 1 5 1 2 4 8 16
357 359  691 0  71 1 5 1 2 4 8 16
358 120  722 0  79 1 5 1 2 4 8 16
359 353  267 0  43 1 5 1 2 4 8 16
360 179  219 0  84 1 5 1 2 4 8 16
361 171  489 0  62 1 5 1 2 4 8 16
362 103  567 0  78 1 5 1 2 4 8 16
363 529  148 0  25 1 5 1 2 4 8 16
364 866  547 0  30 1 5 1 2 4 8 16
365 238  211 0  63 1 5 1 2 4 8 16
366 242  733 0  73 1 5 1 2 4 8 16
367 137  251 0  79 1 5 1 2 4 8 16
368 381  627 0  76 1 5 1 2 4 8 16
369 308    6 0  20 1 5 1 2 4 8 16
370 654  779 0  82 1 5 1 2 4 8 16
371 144  221 0  96 1 5 1 2 4 8 16
372 700  110 0  45 1 5 1 2 4 8 16
373 160  799 0  80 1 5 1 2 4 8 16
374 362  261 0  82 1 5 1 2 4 8 16
375 144  683 0  82 1 5 1 2 4 8 16
376 518  122 0   4 1 5 1 2 4 8 16
377 784  107 0   9 1 5 1 2 4 8 16
378  43  549 0  64 1 5 1 2 4 8 16
379 250  677 0   5 1 5 1 2 4 8 16
380 530  633 0  32 1 5 1 2 4 8 16
381 972  601 0  49 1 5 1 2 4 8 16
382 656  198 0  88 1 5 1 2 4 8 16
383 643  525 0  97 1 5 1 2 4 8 16
384 833  513 0  33 1 5 1 2 4 8 16
385 466  922 0  26 1 5 1 2 4 8 16
386 961  445 0  91 1 5 1 2 4 8 16
387 118  331 0  15 1 5 1 2 4 8 16
388 675  306 0  95 1 5 1 2 4 8 16
389 746  823 0  90 1 5 1 2 4 8 16
390 771  273 0  43 1 5 1 2 4 8 16
391 642  550 0  33 1 5 1 2 4 8 16
392 524  797 0  59 1 5 1 2 4 8 16
393 303  941 0  28 1 5 1 2 4 8 16
394 652  973 0   9 1 5 1 2 4 8 16
395  70  449 0  33 1 5 1 2 4 8 16
396 132  544 0  17 1 5 1 2 4 8 16
397 155  253 0  84 1 5 1 2 4 8 16
398 505  723 0   8 1 5 1 2 4 8 16
399 235  167 0  39 1 5 1 2 4 8 16
400 283  399 0  21 1 5 1 2 4 8 16
401 555  167 0  89 1 5 1 2 4 8 16
402 456  865 0  22 1 5 1 2 4 8 16
403 374  999 0  53 1 5 1 2 4 8 16
404 976  911 0  49 1 5 1 2 4 8 16
405 576  193 0  92 1 5 1 2 4 8 16
406 271  891 0  54 1 5 1 2 4 8 16
407 513  739 0  99 1 5 1 2 4 8 16
408 721  256 0  83 1 5 1 2 4 8 16
409 685  242 0  88 1 5 1 2 4 8 16
410 516  704 0  30 1 5 1 2 4 8 16
411 184   50 0   2 1 5 1 2 4 8 16
412 884  104 0   4 1 5 1 2 4 8 16
413 137  410 0  52 1 5 1 2 4 8 16
414 988  837 0  95 1 5 1 2 4 8 16
415 896  713 0  63 1 5 1 2 4 8 16
416 763  336 0  81 1 5 1 2 4 8 16
417 210  746 0  84 1 5 1 2 4 8 16
418 291   82 0  86 1 5 1 2 4 8 16
419 539  521 0  98 1 5 1 2 4 8 16
420 956  854 0  23 1 5 1 2 4 8 16
421 959  864 0  12 1 5 1 2 4 8 16
422  16  371 0  98 1 5 1 2 4 8 16
423 325  754 0  56 1 5 1 2 4 8 16
424 267  157 0  61 1 5 1 2 4 8 16
425 552  352 0   5 1 5 1 2 4 8 16
426  49  193 0  12 1 5 1 2 4 8 16
427 681  575 0  78 1 5 1 2 4 8 16
428 185  323 0  71 1 5 1 2 4 8 16
429 914  542 0  48 1 5 1 2 4 8 16
430 609  582 0  16 1 5 1 2 4 8 16
431  30  748 0  30 1 5 1 2 4 8 16
432 121  424 0  56 1 5 1 2 4 8 16
433 968  726 0  92 1 5 1 2 4 8 16
434 188  146 0   3 1 5 1 2 4 8 16
435 251  328 0   5 1 5 1 2 4 8 16
436 614  483 0  68 1 5 1 2 4 8 16
437 494  359 0  19 1 5 1 2 4 8 16
438 984  699 0  43 1 5 1 2 4 8 16
439 864  190 0  77 1 5 1 2 4 8 16
440 669   54 0  85 1 5 1 2 4 8 16
441 107  716 0  68 1 5 1 2 4 8 16
442 930  377 0  25 1 5 1 2 4 8 16
443 243  273 0  17 1 5 1 2 4 8 16
444 872  154 0  29 1 5 1 2 4 8 16
445 742  373 0   3 1 5 1 2 4 8 16
446 665  898 0  42 1 5 1 2 4 8 16
447 966  510 0  46 1 5 1 2 4 8 16
448 653  181 0  63 1 5 1 2 4 8 16
449 314  921 0  49 1 5 1 2 4 8 16
450 236  479 0  64 1 5 1 2 4 8 16
451 638  260 0  41 1 5 1 2 4 8 16
452 368  573 0  94 1 5 1 2 4 8 16
453 351  301 0  27 1 5 1 2 4 8 16
454 353  147 0  42 1 5 1 2 4 8 16
455  40   29 0   2 1 5 1 2 4 8 16
456 661  755 0  44 1 5 1 2 4 8 16
457 465  517 0  14 1 5 1 2 4 8 16
458 548  369 0  73 1 5 1 2 4 8 16
459 482  697 0  48 1 5 1 2 4 8 16
460  25  592 0 100 1 5 1 2 4 8 16
461 431  140 0  68 1 5 1 2 4 8 16
462  31   54 0  63 1 5 1 2 4 8 16
463 680  954 0  30 1 5 1 2 4 8 16
464 253  248 0  45 1 5 1 2 4 8 16
465 458  766 0 100 1 5 1 2 4 8 16
466 989   87 0  98 1 5 1 2 4 8 16
467 701  448 0  36 1 5 1 2 4 8 16
468 700  814 0  82 1 5 1 2 4 8 16
469 692  232 0  31 1 5 1 2 4 8 16
470 569  939 0   3 1 5 1 2 4 8 16
471  93  546 0  51 1 5 1 2 4 8 16
472 117  835 0  12 1 5 1 2 4 8 16
473 910  483 0  29 1 5 1 2 4 8 16
474 754    5 0   8 1 5 1 2 4 8 16
475 173    1 0  86 1 5 1 2 4 8 16
476 700  505 0   2 1 5 1 2 4 8 16
477 449  647 0  82 1 5 1 2 4 8 16
478 201  597 0  26 1 5 1 2 4 8 16
479 289  669 0  82 1 5 1 2 4 8 16
480   6  254 0   5 1 5 1 2 4 8 16
481 641  372 0   5 1 5 1 2 4 8 16
482 307  682 0  20 1 5 1 2 4 8 16
483  59  534 0  38 1 5 1 2 4 8 16
484  22  797 0  37 1 5 1 2 4 8 16
485 634   59 0  31 1 5 1 2 4 8 16
486 135  469 0  98 1 5 1 2 4 8 16
487 411  446 0  33 1 5 1 2 4 8 16
488 264  220 0  38 1 5 1 2 4 8 16
489  47  341 0  73 1 5 1 2 4 8 16
490 735  668 0  68 1 5 1 2 4 8 16
491 288  553 0  50 1 5 1 2 4 8 16
492 172   14 0  20 1 5 1 2 4 8 16
493 739  749 0  32 1 5 1 2 4 8 16
494 907  923 0  77 1 5 1 2 4 8 16
495 741   51 0  20 1 5 1 2 4 8 16
496 771    2 0  77 1 5 1 2 4 8 16
497 423  994 0  21 1 5 1 2 4 8 16
498 518  769 0  85 1 5 1 2 4 8 16
499 640  625 0  84 1 5 1 2 4 8 16
500  66   14 0  60 1 5 1 2 4 8 16
501  57  888 0   5 1 5 1 2 4 8 16
502 842  314 0  57 1 5 1 2 4 8 16
503 795  785 0  63 1 5 1 2 4 8 16
504 658   53 0  33 1 5 1 2 4 8 16
505 719  465 0  49 1 5 1 2 4 8 16
506 842  758 0   9 1 5 1 2 4 8 16
507 358  277 0  23 1 5 1 2 4 8 16
508 805  779 0  98 1 5 1 2 4 8 16
509 335  889 0  49 1 5 1 2 4 8 16
510 642  254 0   9 1 5 1 2 4 8 16
511 350  157 0  57 1 5 1 2 4 8 16
512 542  867 0  27 1 5 1 2 4 8 16
513 744  804 0  27 1 5 1 2 4 8 16
514 481   94 0  25 1 5 1 2 4 8 16
515  30  698 0  48 1 5 1 2 4 8 16
516 186  379 0  77 1 5 1 2 4 8 16
517 763  559 0  50 1 5 1 2 4 8 16
518 573  383 0  31 1 5 1 2 4 8 16
519  95  212 0   3 1 5 1 2 4 8 16
520  54  614 0  67 1 5 1 2 4 8 16
521 526  140 0  99 1 5 1 2 4 8 16
522 855  487 0  77 1 5 1 2 4 8 16
523 911  154 0  11 1 5 1 2 4 8 16
524 261  840 0  15 1 5 1 2 4 8 16
525 797   22 0  44 1 5 1 2 4 8 16
526 508  635 0  61 1 5 1 2 4 8 16
527 513  277 0  82 1 5 1 2 4 8 16
528 167  227 0  73 1 5 1 2 4 8 16
529 701  888 0  19 1 5 1 2 4 8 16
530  77  310 0  71 1 5 1 2 4 8 16
531 727  163 0  58 1 5 1 2 4 8 16
532 472   39 0  10 1 5 1 2 4 8 16
533 837  797 0  27 1 5 1 2 4 8 16
534 855  415 0  68 1 5 1 2 4 8 16
535 668  276 0  81 1 5 1 2 4 8 16
536 199   35 0  84 1 5 1 2 4 8 16
537 449  689 0  92 1 5 1 2 4 8 16
538 762  815 0  67 1 5 1 2 4 8 16
539 269  564 0  57 1 5 1 2 4 8 16
540 995  761 0  94 1 5 1 2 4 8 16
541 593  419 0  93 1 5 1 2 4 8 16
542 712   99 0   5 1 5 1 2 4 8 16
543  79  124 0  81 1 5 1 2 4 8 16
544  85  209 0  17 1 5 1 2 4 8 16
545 605  590 0  26 1 5 1 2 4 8 16
546 761  397 0  38 1 5 1 2 4 8 16
547 517  343 0  76 1 5 1 2 4 8 16
548 691  546 0  10 1 5 1 2 4 8 16
549 197  463 0  68 1 5 1 2 4 8 16
550 482  512 0  83 1 5 1 2 4 8 16
551 646  751 0  88 1 5 1 2 4 8 16
552 451  424 0  25 1 5 1 2 4 8 16
553 998  148 0  96 1 5 1 2 4 8 16
554 955  304 0  69 1 5 1 2 4 8 16
555 345  120 0   8 1 5 1 2 4 8 16
556 747  828 0  65 1 5 1 2 4 8 16
557 336  625 0  99 1 5 1 2 4 8 16
558 848  923 0  83 1 5 1 2 4 8 16
559 575  459 0  97 1 5 1 2 4 8 16
560 893  533 0  10 1 5 1 2 4 8 16
561 490  404 0  74 1 5 1 2 4 8 16
562 137  704 0  76 1 5 1 2 4 8 16
563 795  992 0  41 1 5 1 2 4 8 16
564 470  396 0  82 1 5 1 2 4 8 16
565 410  754 0  28 1 5 1 2 4 8 16
566 471  693 0  65 1 5 1 2 4 8 16
567 760  515 0  29 1 5 1 2 4 8 16
568 993  952 0   6 1 5 1 2 4 8 16
569 906  319 0  82 1 5 1 2 4 8 16
570 196  625 0  90 1 5 1 2 4 8 16
571 686  363 0  12 1 5 1 2 4 8 16
572 343  108 0  12 1 5 1 2 4 8 16
573 937  259 0  33 1 5 1 2 4 8 16
574 278  536 0  78 1 5 1 2 4 8 16
575 284  872 0  95 1 5 1 2 4 8 16
576 878  309 0  23 1 5 1 2 4 8 16
577 802  508 0   8 1 5 1 2 4 8 16
578 739  997 0  18 1 5 1 2 4 8 16
579 276  767 0  13 1 5 1 2 4 8 16
580 147   36 0  15 1 5 1 2 4 8 16
581 257  333 0  19 1 5 1 2 4 8 16
582 772  406 0  31 1 5 1 2 4 8 16
583  12  137 0  21 1 5 1 2 4 8 16
584 627  148 0  84 1 5 1 2 4 8 16
585 639  556 0  46 1 5 1 2 4 8 16
586 537  717 0  56 1 5 1 2 4 8 16
587 385   63 0  49 1 5 1 2 4 8 16
588 353  492 0  49 1 5 1 2 4 8 16
589 568  250 0  67 1 5 1 2 4 8 16
590 605  302 0  46 1 5 1 2 4 8 16
591 122  858 0 100 1 5 1 2 4 8 16
592 167  332 0  36 1 5 1 2 4 8 16
593 468  190 0   8 1 5 1 2 4 8 16
594 821  921 0  43 1 5 1 2 4 8 16
595 105  202 0  96 1 5 1 2 4 8 16
596 350  509 0  92 1 5 1 2 4 8 16
597 449  586 0  62 1 5 1 2 4 8 16
598 135  625 0  28 1 5 1 2 4 8 16
599 367  749 0  35 1 5 1 2 4 8 16
600 246   74 0  32 1 5 1 2 4 8 16
601  46  401 0  18 1 5 1 2 4 8 16
602 512  617 0  90 1 5 1 2 4 8 16
603 311  584 0   7 1 5 1 2 4 8 16
604 870  830 0  77 1 5 1 2 4 8 16
605 301  675 0  47 1 5 1 2 4 8 16
606 365  140 0  73 1 5 1 2 4 8 16
607 847   32 0  15 1 5 1 2 4 8 16
608 664  359 0  36 1 5 1 2 4 8 16
609 372  613 0  52 1 5 1 2 4 8 16
610 630  138 0  69 1 5 1 2 4 8 16
611 989  144 0  13 1 5 1 2 4 8 16
612 750  112 0  70 1 5 1 2 4 8 16
613 807  550 0  92 1 5 1 2 4 8 16
614 267  821 0  85 1 5 1 2 4 8 16
615 873  714 0  73 1 5 1 2 4 8 16
616 675  384 0  83 1 5 1 2 4 8 16
617 234  976 0  64 1 5 1 2 4 8 16
618 217  274 0  66 1 5 1 2 4 8 16
619 163  349 0  99 1 5 1 2 4 8 16
620 357  682 0   5 1 5 1 2 4 8 16
621 919  901 0  75 1 5 1 2 4 8 16
622 387  276 0  50 1 5 1 2 4 8 16
623 361  525 0  74 1 5 1 2 4 8 16
624 802   62 0  31 1 5 1 2 4 8 16
625 759  159 0  12 1 5 1 2 4 8 16
626 577  322 0  77 1 5 1 2 4 8 16
627 938  584 0  96 1 5 1 2 4 8 16
628 536  819 0  59 1 5 1 2 4 8 16
629 711  725 0  29 1 5 1 2 4 8 16
630 468  685 0  64 1 5 1 2 4 8 16
631 997  739 0  68 1 5 1 2 4 8 16
632 377  413 0  66 1 5 1 2 4 8 16
633 467  724 0  25 1 5 1 2 4 8 16
634 674   91 0  23 1 5 1 2 4 8 16
635 829  830 0   8 1 5 1 2 4 8 16
636   6  964 0  62 1 5 1 2 4 8 16
637 733  718 0  62 1 5 1 2 4 8 16
638 337   22 0  86 1 5 1 2 4 8 16
639 806  900 0   3 1 5 1 2 4 8 16
640 187  805 0  59 1 5 1 2 4 8 16
641 618  560 0  10 1 5 1 2 4 8 16
642 313  348 0  10 1 5 1 2 4 8 16
643 133  985 0  64 1 5 1 2 4 8 16
644  43  939 0  56 1 5 1 2 4 8 16
645 904  590 0  51 1 5 1 2 4 8 16
646 880  214 0  55 1 5 1 2 4 8 16
647 676  505 0  79 1 5 1 2 4 8 16
648 571  280 0  46 1 5 1 2 4 8 16
649 519  305 0  66 1 5 1 2 4 8 16
650 782  807 0   3 1 5 1 2 4 8 16
651 201  375 0  63 1 5 1 2 4 8 16
652 362  555 0  74 1 5 1 2 4 8 16
653 808   63 0  90 1 5 1 2 4 8 16
654 411  730 0  45 1 5 1 2 4 8 16
655 370  334 0  47 1 5 1 2 4 8 16
656 966  244 0  59 1 5 1 2 4 8 16
657 480  953 0  11 1 5 1 2 4 8 16
658 600  802 0  99 1 5 1 2 4 8 16
659 799  787 0  46 1 5 1 2 4 8 16
660 197    0 0  24 1 5 1 2 4 8 16
661 363  562 0  35 1 5 1 2 4 8 16
662  34  727 0   6 1 5 1 2 4 8 16
663 275  798 0  59 1 5 1 2 4 8 16
664 359  229 0  69 1 5 1 2 4 8 16
665 685  186 0  16 1 5 1 2 4 8 16
666 328  310 0   9 1 5 1 2 4 8 16
667 477  707 0  54 1 5 1 2 4 8 16
668 177   44 0  79 1 5 1 2 4 8 16
669 713   66 0  97 1 5 1 2 4 8 16
670 580  667 0   1 1 5 1 2 4 8 16
671 471  668 0  67 1 5 1 2 4 8 16
672 346  642 0  97 1 5 1 2 4 8 16
673 518  265 0  65 1 5 1 2 4 8 16
674 250  544 0  73 1 5 1 2 4 8 16
675  70  333 0  17 1 5 1 2 4 8 16
676 392  110 0  87 1 5 1 2 4 8 16
677 409  978 0  92 1 5 1 2 4 8 16
678 603  427 0  58 1 5 1 2 4 8 16
679 258  876 0  27 1 5 1 2 4 8 16
680 747  977 0  49 1 5 1 2 4 8 16
681 531  928 0 100 1 5 1 2 4 8 16
682 726  649 0  17 1 5 1 2 4 8 16
683 176  768 0  78 1 5 1 2 4 8 16
684 765  115 0  83 1 5 1 2 4 8 16
685  64  996 0  82 1 5 1 2 4 8 16
686 624  259 0  62 1 5 1 2 4 8 16
687 282  327 0  83 1 5 1 2 4 8 16
688 402  694 0  53 1 5 1 2 4 8 16
689 348  511 0  61 1 5 1 2 4 8 16
690 259  667 0  34 1 5 1 2 4 8 16
691  19  209 0   5 1 5 1 2 4 8 16
692 698  267 0   7 1 5 1 2 4 8 16
693 757  344 0  20 1 5 1 2 4 8 16
694 230  199 0  63 1 5 1 2 4 8 16
695 109  623 0  52 1 5 1 2 4 8 16
696 871  975 0  79 1 5 1 2 4 8 16
697  64  484 0  65 1 5 1 2 4 8 16
698 119  320 0  40 1 5 1 2 4 8 16
699 337  652 0  25 1 5 1 2 4 8 16
700 391  757 0  63 1 5 1 2 4 8 16
701 294  113 0   9 1 5 1 2 4 8 16
702 136  926 0   5 1 5 1 2 4 8 16
703 360  745 0  82 1 5 1 2 4 8 16
704 356  260 0  88 1 5 1 2 4 8 16
705 961  614 0  43 1 5 1 2 4 8 16
706 162  242 0  85 1 5 1 2 4 8 16
707 124  909 0  57 1 5 1 2 4 8 16
708 691  714 0  37 1 5 1 2 4 8 16
709 700   52 0  47 1 5 1 2 4 8 16
710 659  804 0  18 1 5 1 2 4 8 16
711 702  241 0  87 1 5 1 2 4 8 16
712 279  317 0  45 1 5 1 2 4 8 16
713 706  152 0  30 1 5 1 2 4 8 16
714  42  897 0  40 1 5 1 2 4 8 16
715 221  694 0  19 1 5 1 2 4 8 16
716 920  609 0  25 1 5 1 2 4 8 16
717 609  266 0  44 1 5 1 2 4 8 16
718 506  959 0  68 1 5 1 2 4 8 16
719 746   80 0  40 1 5 1 2 4 8 16
720 794  222 0   9 1 5 1 2 4 8 16
721 294  564 0  80 1 5 1 2 4 8 16
722 820  835 0  63 1 5 1 2 4 8 16
723 856  685 0  52 1 5 1 2 4 8 16
724  59  825 0  12 1 5 1 2 4 8 16
725 493  566 0  65 1 5 1 2 4 8 16
726 460  284 0  82 1 5 1 2 4 8 16
727 869  701 0  79 1 5 1 2 4 8 16
728 232  449 0  10 1 5 1 2 4 8 16
729 515  499 0  83 1 5 1 2 4 8 16
730 262  452 0  19 1 5 1 2 4 8 16
731 598   26 0  35 1 5 1 2 4 8 16
732 443  650 0  81 1 5 1 2 4 8 16
733 962   77 0   8 1 5 1 2 4 8 16
734 276  826 0   3 1 5 1 2 4 8 16
735 184  270 0  54 1 5 1 2 4 8 16
736 143  159 0  43 1 5 1 2 4 8 16
737 108  486 0 100 1 5 1 2 4 8 16
738 726  306 0  40 1 5 1 2 4 8 16
739 651  797 0  22 1 5 1 2 4 8 16
740 547  550 0  77 1 5 1 2 4 8 16
741 464  955 0  57 1 5 1 2 4 8 16
742 672  321 0  18 1 5 1 2 4 8 16
743 878  142 0   7 1 5 1 2 4 8 16
744 253   99 0   8 1 5 1 2 4 8 16
745 806  482 0  32 1 5 1 2 4 8 16
746 836  723 0  66 1 5 1 2 4 8 16
747 217  810 0  48 1 5 1 2 4 8 16
748 432  279 0  75 1 5 1 2 4 8 16
749 914  879 0  84 1 5 1 2 4 8 16
750 837  676 0  80 1 5 1 2 4 8 16
751 884  627 0  49 1 5 1 2 4 8 16
752 128  538 0  37 1 5 1 2 4 8 16
753 182  440 0  88 1 5 1 2 4 8 16
754 275  187 0  17 1 5 1 2 4 8 16
755 297   68 0  49 1 5 1 2 4 8 16
756 809  300 0  62 1 5 1 2 4 8 16
757 783  464 0  20 1 5 1 2 4 8 16
758 906  931 0   5 1 5 1 2 4 8 16
759 394  782 0  99 1 5 1 2 4 8 16
760 773  135 0  90 1 5 1 2 4 8 16
761 896  578 0  40 1 5 1 2 4 8 16
762 435  155 0  14 1 5 1 2 4 8 16
763 500  631 0  81 1 5 1 2 4 8 16
764 202  841 0  59 1 5 1 2 4 8 16
765 242  235 0  18 1 5 1 2 4 8 16
766 737  216 0  60 1 5 1 2 4 8 16
767 411  433 0  83 1 5 1 2 4 8 16
768 200  101 0  50 1 5 1 2 4 8 16
769 747   98 0  69 1 5 1 2 4 8 16
770 256  425 0  52 1 5 1 2 4 8 16
771 255  918 0  74 1 5 1 2 4 8 16
772 689   86 0  66 1 5 1 2 4 8 16
773 716  566 0  17 1 5 1 2 4 8 16
774 974  702 0  86 1 5 1 2 4 8 16
775 758  550 0  57 1 5 1 2 4 8 16
776 895  985 0  14 1 5 1 2 4 8 16
777 372  615 0  69 1 5 1 2 4 8 16
778 873  848 0  17 1 5 1 2 4 8 16
779  13  515 0  74 1 5 1 2 4 8 16
780 689  965 0  99 1 5 1 2 4 8 16
781   7  904 0  68 1 5 1 2 4 8 16
782 111  985 0  81 1 5 1 2 4 8 16
783 105  987 0  77 1 5 1 2 4 8 16
784 542  639 0  99 1 5 1 2 4 8 16
785 385  730 0   8 1 5 1 2 4 8 16
786 585  553 0  35 1 5 1 2 4 8 16
787 147  529 0  46 1 5 1 2 4 8 16
788 155  587 0   5 1 5 1 2 4 8 16
789  87  216 0  16 1 5 1 2 4 8 16
790 657  350 0 100 1 5 1 2 4 8 16
791 516  540 0  27 1 5 1 2 4 8 16
792 306  160 0  26 1 5 1 2 4 8 16
793 311  192 0  72 1 5 1 2 4 8 16
794 104  512 0  90 1 5 1 2 4 8 16
795 472  837 0  83 1 5 1 2 4 8 16
796 668  633 0   1 1 5 1 2 4 8 16
797 446  444 0  48 1 5 1 2 4 8 16
798 611  309 0  64 1 5 1 2 4 8 16
799 793  217 0  88 1 5 1 2 4 8 16
800 882  782 0  22 1 5 1 2 4 8 16
801 783  623 0  61 1 5 1 2 4 8 16
802 286  631 0   6 1 5 1 2 4 8 16
803 554  802 0  90 1 5 1 2 4 8 16
804 601  336 0   8 1 5 1 2 4 8 16
805 638  292 0  89 1 5 1 2 4 8 16
806 435  849 0  26 1 5 1 2 4 8 16
807 612   67 0  86 1 5 1 2 4 8 16
808  78  479 0  46 1 5 1 2 4 8 16
809 242  756 0  39 1 5 1 2 4 8 16
810 151  954 0  40 1 5 1 2 4 8 16
811 627  473 0  34 1 5 1 2 4 8 16
812 808  196 0  73 1 5 1 2 4 8 16
813 959  494 0  92 1 5 1 2 4 8 16
814  77  506 0  65 1 5 1 2 4 8 16
815 587  453 0  14 1 5 1 2 4 8 16
816 904   22 0  28 1 5 1 2 4 8 16
817 449  272 0  11 1 5 1 2 4 8 16
818 812   71 0  69 1 5 1 2 4 8 16
819 111  394 0  72 1 5 1 2 4 8 16
820 441  609 0  99 1 5 1 2 4 8 16
821 893   42 0  97 1 5 1 2 4 8 16
822 889  430 0   8 1 5 1 2 4 8 16
823 888  354 0   8 1 5 1 2 4 8 16
824 114  631 0   2 1 5 1 2 4 8 16
825 652  641 0  66 1 5 1 2 4 8 16
826 135  491 0  67 1 5 1 2 4 8 16
827 226   88 0  15 1 5 1 2 4 8 16
828 242  883 0   3 1 5 1 2 4 8 16
829 742  628 0  21 1 5 1 2 4 8 16
830  30   95 0   4 1 5 1 2 4 8 16
831 631  669 0  25 1 5 1 2 4 8 16
832 916  991 0   0 0 0
833 242   31 0   0 0 0
834 817  250 0   0 0 0
835 117   69 0   0 0 0
836 455  441 0   0 0 0
