2 330 871 3
0 255
0 255
0 255
  1    3   59 0  58 1 3 1 2 4
  2  206  270 0  71 1 3 1 2 4
  3  105  848 0  93 1 3 1 2 4
  4   28  822 0  76 1 3 1 2 4
  5  288   94 0  75 1 3 1 2 4
  6  948  218 0  28 1 3 1 2 4
  7  532  860 0   4 1 3 1 2 4
  8  398  114 0  40 1 3 1 2 4
  9  983  431 0   6 1 3 1 2 4
 10  226  650 0   1 1 3 1 2 4
 11   69  604 0  42 1 3 1 2 4
 12   78  874 0  18 1 3 1 2 4
 13  850  119 0  58 1 3 1 2 4
 14  927  150 0  24 1 3 1 2 4
 15  351  319 0  66 1 3 1 2 4
 16  474  237 0  53 1 3 1 2 4
 17  648  814 0 100 1 3 1 2 4
 18  748  242 0  61 1 3 1 2 4
 19  174  538 0  74 1 3 1 2 4
 20  232  259 0  10 1 3 1 2 4
 21  914  615 0  95 1 3 1 2 4
 22  121  435 0   5 1 3 1 2 4
 23  806  237 0  49 1 3 1 2 4
 24  328  863 0  10 1 3 1 2 4
 25  968  450 0  25 1 3 1 2 4
 26  234  323 0  49 1 3 1 2 4
 27  541  637 0  67 1 3 1 2 4
 28  175  342 0  78 1 3 1 2 4
 29  642  180 0  82 1 3 1 2 4
 30  764  212 0  62 1 3 1 2 4
 31  778  249 0  34 1 3 1 2 4
 32  327  585 0  50 1 3 1 2 4
 33  936  857 0  42 1 3 1 2 4
 34  987  513 0  89 1 3 1 2 4
 35  362  304 0  11 1 3 1 2 4
 36  843  881 0  63 1 3 1 2 4
 37  711  607 0  69 1 3 1 2 4
 38  226  800 0  97 1 3 1 2 4
 39  891  661 0  77 1 3 1 2 4
 40  476  728 0  45 1 3 1 2 4
 41  353  119 0  47 1 3 1 2 4
 42  675  484 0  30 1 3 1 2 4
 43  771   91 0  94 1 3 1 2 4
 44  558  146 0  60 1 3 1 2 4
 45  323  457 0  13 1 3 1 2 4
 46  125  519 0  65 1 3 1 2 4
 47  604  431 0  28 1 3 1 2 4
 48  702  768 0  15 1 3 1 2 4
 49  498  308 0  92 1 3 1 2 4
 50  281  566 0  99 1 3 1 2 4
 51   97  300 0  75 1 3 1 2 4
 52  425   70 0  40 1 3 1 2 4
 53  206  881 0   1 1 3 1 2 4
 54  399  550 0  44 1 3 1 2 4
 55  499  476 0  93 1 3 1 2 4
 56   70   45 0  83 1 3 1 2 4
 57  753  258 0   2 1 3 1 2 4
 58  880  954 0  29 1 3 1 2 4
 59  218  430 0  52 1 3 1 2 4
 60  264  912 0   2 1 3 1 2 4
 61  947  768 0  38 1 3 1 2 4
 62  435  229 0  10 1 3 1 2 4
 63  407  114 0  62 1 3 1 2 4
 64  273  633 0  49 1 3 1 2 4
 65  141  758 0   8 1 3 1 2 4
 66  857  506 0  26 1 3 1 2 4
 67  153  288 0  12 1 3 1 2 4
 68  501  972 0  26 1 3 1 2 4
 69  693  737 0  36 1 3 1 2 4
 70  769  729 0  73 1 3 1 2 4
 71  501  136 0  13 1 3 1 2 4
 72  165  791 0  42 1 3 1 2 4
 73  127  397 0  71 1 3 1 2 4
 74  487  816 0  97 1 3 1 2 4
 75  799  332 0  52 1 3 1 2 4
 76  729  208 0 100 1 3 1 2 4
 77  588  151 0  20 1 3 1 2 4
 78  921  718 0  66 1 3 1 2 4
 79  317  735 0  69 1 3 1 2 4
 80  586  917 0  73 1 3 1 2 4
 81   39  601 0  15 1 3 1 2 4
 82  943  466 0  86 1 3 1 2 4
 83  256  575 0  49 1 3 1 2 4
 84  612  725 0  67 1 3 1 2 4
 85  305  800 0  95 1 3 1 2 4
 86  369  955 0  79 1 3 1 2 4
 87  476  832 0  79 1 3 1 2 4
 88  323  824 0  53 1 3 1 2 4
 89   85  500 0  24 1 3 1 2 4
 90  334  523 0  14 1 3 1 2 4
 91  957  944 0  39 1 3 1 2 4
 92  168  667 0  19 1 3 1 2 4
 93  732  164 0  35 1 3 1 2 4
 94  694  274 0  16 1 3 1 2 4
 95  885  592 0  11 1 3 1 2 4
 96  191  531 0  70 1 3 1 2 4
 97  317  727 0  81 1 3 1 2 4
 98  288  484 0  19 1 3 1 2 4
 99  921  942 0  43 1 3 1 2 4
100  315  350 0  90 1 3 1 2 4
101  186  942 0  99 1 3 1 2 4
102  431  364 0  69 1 3 1 2 4
103  588  710 0  44 1 3 1 2 4
104  393   76 0  62 1 3 1 2 4
105  397  771 0  43 1 3 1 2 4
106  585  865 0  47 1 3 1 2 4
107  595   18 0  54 1 3 1 2 4
108  119  913 0  39 1 3 1 2 4
109  204  663 0  56 1 3 1 2 4
110  195  614 0  49 1 3 1 2 4
111  689  213 0  65 1 3 1 2 4
112  945  458 0  52 1 3 1 2 4
113  757  914 0  10 1 3 1 2 4
114  535  851 0  91 1 3 1 2 4
115  934  701 0  32 1 3 1 2 4
116  430   93 0  51 1 3 1 2 4
117  647  398 0  54 1 3 1 2 4
118  658  584 0  55 1 3 1 2 4
119  525  731 0  86 1 3 1 2 4
120  313  403 0  52 1 3 1 2 4
121  797  776 0  42 1 3 1 2 4
122  421  482 0  58 1 3 1 2 4
123  983  446 0  87 1 3 1 2 4
124  774   33 0  37 1 3 1 2 4
125  334  378 0  40 1 3 1 2 4
126  589  583 0 100 1 3 1 2 4
127  477  898 0   3 1 3 1 2 4
128  678  379 0   4 1 3 1 2 4
129  143   38 0  31 1 3 1 2 4
130  593  618 0  62 1 3 1 2 4
131  833  543 0  69 1 3 1 2 4
132  671  763 0   1 1 3 1 2 4
133  294  956 0  76 1 3 1 2 4
134  271  442 0 100 1 3 1 2 4
135  525  398 0  20 1 3 1 2 4
136  472  399 0  47 1 3 1 2 4
137  772  840 0  73 1 3 1 2 4
138  102  258 0  76 1 3 1 2 4
139  626  936 0  74 1 3 1 2 4
140  363  107 0  78 1 3 1 2 4
141  477  604 0 100 1 3 1 2 4
142  302  984 0  80 1 3 1 2 4
143  154  133 0  74 1 3 1 2 4
144  751  983 0  28 1 3 1 2 4
145  424  696 0   3 1 3 1 2 4
146  899  376 0  18 1 3 1 2 4
147  969  293 0  85 1 3 1 2 4
148  590  581 0  54 1 3 1 2 4
149  650  250 0  37 1 3 1 2 4
150  946  320 0  33 1 3 1 2 4
151  915  486 0  40 1 3 1 2 4
152  885   50 0   8 1 3 1 2 4
153  874  748 0 100 1 3 1 2 4
154  511  691 0  49 1 3 1 2 4
155  341  605 0  74 1 3 1 2 4
156  165  449 0  76 1 3 1 2 4
157  614  922 0   8 1 3 1 2 4
158  670  525 0  82 1 3 1 2 4
159  693  761 0  77 1 3 1 2 4
160  873  902 0  95 1 3 1 2 4
161  617  249 0  62 1 3 1 2 4
162  209  542 0   1 1 3 1 2 4
163  500  240 0  41 1 3 1 2 4
164    6  378 0  70 1 3 1 2 4
165  707  325 0  25 1 3 1 2 4
166  659  974 0  73 1 3 1 2 4
167  152  583 0  93 1 3 1 2 4
168  619  912 0  21 1 3 1 2 4
169   73  844 0  42 1 3 1 2 4
170  250  426 0   6 1 3 1 2 4
171  718  232 0  39 1 3 1 2 4
172  703  201 0  66 1 3 1 2 4
173  807  646 0  70 1 3 1 2 4
174   53  865 0  31 1 3 1 2 4
175  949  964 0  45 1 3 1 2 4
176  848  528 0  74 1 3 1 2 4
177  312  260 0   3 1 3 1 2 4
178  689  953 0  35 1 3 1 2 4
179  178  364 0  53 1 3 1 2 4
180  782  309 0  28 1 3 1 2 4
181  442   75 0  53 1 3 1 2 4
182  590  695 0  26 1 3 1 2 4
183  716  203 0  88 1 3 1 2 4
184  169  723 0   7 1 3 1 2 4
185  278  134 0  38 1 3 1 2 4
186  174   98 0  22 1 3 1 2 4
187  768  547 0  89 1 3 1 2 4
188  294  631 0  99 1 3 1 2 4
189  854  129 0  83 1 3 1 2 4
190  564   13 0  11 1 3 1 2 4
191  404  112 0  40 1 3 1 2 4
192  983  434 0  95 1 3 1 2 4
193  313  632 0   9 1 3 1 2 4
194  839  638 0  61 1 3 1 2 4
195  384   51 0  32 1 3 1 2 4
196  348  350 0  15 1 3 1 2 4
197  350  701 0  86 1 3 1 2 4
198  553  872 0  30 1 3 1 2 4
199   25  491 0  35 1 3 1 2 4
200  880  612 0  93 1 3 1 2 4
201   68   29 0  12 1 3 1 2 4
202  136  294 0  25 1 3 1 2 4
203  220  548 0  95 1 3 1 2 4
204  662  522 0   3 1 3 1 2 4
205   57  697 0  72 1 3 1 2 4
206  239  807 0  10 1 3 1 2 4
207  294  891 0  91 1 3 1 2 4
208  131   98 0  86 1 3 1 2 4
209  655  899 0  59 1 3 1 2 4
210  392  248 0  57 1 3 1 2 4
211  619  581 0  95 1 3 1 2 4
212   40  557 0  62 1 3 1 2 4
213  301  668 0  84 1 3 1 2 4
214  405  543 0  88 1 3 1 2 4
215  122  630 0  70 1 3 1 2 4
216  804  413 0  98 1 3 1 2 4
217  756  230 0  22 1 3 1 2 4
218  121   46 0  94 1 3 1 2 4
219  786    7 0  16 1 3 1 2 4
220  668   17 0  53 1 3 1 2 4
221  711   45 0  75 1 3 1 2 4
222  375  841 0  85 1 3 1 2 4
223  145  625 0  98 1 3 1 2 4
224  656  726 0  41 1 3 1 2 4
225   79   67 0  54 1 3 1 2 4
226  613  301 0  70 1 3 1 2 4
227  690  500 0   3 1 3 1 2 4
228  242  322 0  31 1 3 1 2 4
229  976  371 0  82 1 3 1 2 4
230  724  152 0  84 1 3 1 2 4
231  924  780 0  97 1 3 1 2 4
232  457  394 0  75 1 3 1 2 4
233  648  479 0  16 1 3 1 2 4
234  537  213 0  63 1 3 1 2 4
235   37   38 0  89 1 3 1 2 4
236  648  432 0  71 1 3 1 2 4
237  713  256 0  50 1 3 1 2 4
238  658  609 0  26 1 3 1 2 4
239  254  487 0  65 1 3 1 2 4
240   11   73 0  58 1 3 1 2 4
241  760  655 0   3 1 3 1 2 4
242  924  909 0  62 1 3 1 2 4
243  644  468 0  14 1 3 1 2 4
244  609  857 0   1 1 3 1 2 4
245  636  584 0  24 1 3 1 2 4
246  457  182 0  43 1 3 1 2 4
247    6  789 0   4 1 3 1 2 4
248  296  229 0  63 1 3 1 2 4
249  478  269 0  49 1 3 1 2 4
250   70  125 0  11 1 3 1 2 4
251  287  592 0  96 1 3 1 2 4
252  512  702 0  70 1 3 1 2 4
253  832  667 0  58 1 3 1 2 4
254  738  842 0  87 1 3 1 2 4
255  791  128 0  38 1 3 1 2 4
256  132   95 0  83 1 3 1 2 4
257  879  216 0  88 1 3 1 2 4
258   55  284 0  20 1 3 1 2 4
259  915  967 0  74 1 3 1 2 4
260  842  187 0  40 1 3 1 2 4
261  622  559 0  90 1 3 1 2 4
262  492  166 0  14 1 3 1 2 4
263  826  535 0  34 1 3 1 2 4
264  419   21 0  35 1 3 1 2 4
265  713  777 0  27 1 3 1 2 4
266  475  552 0  55 1 3 1 2 4
267  290  529 0  72 1 3 1 2 4
268   81  784 0  50 1 3 1 2 4
269  176  869 0 100 1 3 1 2 4
270  556  158 0  31 1 3 1 2 4
271  457  796 0  60 1 3 1 2 4
272  690  764 0  38 1 3 1 2 4
273  833  971 0  43 1 3 1 2 4
274    9  677 0  98 1 3 1 2 4
275   45  108 0  57 1 3 1 2 4
276   88   43 0  37 1 3 1 2 4
277  815  554 0  68 1 3 1 2 4
278   78  891 0  57 1 3 1 2 4
279  418  908 0  60 1 3 1 2 4
280  410  266 0   3 1 3 1 2 4
281  458   47 0   9 1 3 1 2 4
282  347  341 0  13 1 3 1 2 4
283  922  471 0  44 1 3 1 2 4
284  898    0 0  66 1 3 1 2 4
285  789   58 0  21 1 3 1 2 4
286  671  149 0  90 1 3 1 2 4
287   98  886 0  73 1 3 1 2 4
288  771  391 0   7 1 3 1 2 4
289  799  770 0  10 1 3 1 2 4
290  866  694 0  90 1 3 1 2 4
291  249  449 0  66 1 3 1 2 4
292  349  137 0  55 1 3 1 2 4
293  737  569 0  55 1 3 1 2 4
294  610  321 0  34 1 3 1 2 4
295  814   71 0  32 1 3 1 2 4
296  246  991 0  12 1 3 1 2 4
297  233  968 0  80 1 3 1 2 4
298  562  882 0  28 1 3 1 2 4
299  635  254 0  17 1 3 1 2 4
300  857  110 0  72 1 3 1 2 4
301  218  458 0  49 1 3 1 2 4
302  731  208 0  70 1 3 1 2 4
303  274  876 0  80 1 3 1 2 4
304   27  477 0  42 1 3 1 2 4
305  725  192 0  86 1 3 1 2 4
306  319  896 0   5 1 3 1 2 4
307  338  957 0  96 1 3 1 2 4
308  274  237 0  86 1 3 1 2 4
309  518  514 0  46 1 3 1 2 4
310  575   68 0   5 1 3 1 2 4
311  250  660 0  53 1 3 1 2 4
312  755  378 0  20 1 3 1 2 4
313  109  743 0  26 1 3 1 2 4
314  604  801 0  43 1 3 1 2 4
315  597  863 0  77 1 3 1 2 4
316  652  427 0  78 1 3 1 2 4
317  158  132 0  26 1 3 1 2 4
318  785  487 0  27 1 3 1 2 4
319  495  112 0  22 1 3 1 2 4
320  438  832 0  84 1 3 1 2 4
321  815  997 0  35 1 3 1 2 4
322  132  786 0  40 1 3 1 2 4
323  632  951 0  67 1 3 1 2 4
324  144  890 0  38 1 3 1 2 4
325  161  967 0  53 1 3 1 2 4
326  295  767 0  25 1 3 1 2 4
327  578  947 0  70 1 3 1 2 4
328  841   98 0  51 1 3 1 2 4
329  477  544 0  71 1 3 1 2 4
330  905  956 0  25 1 3 1 2 4
331  821  223 0  75 1 3 1 2 4
332  881  417 0  63 1 3 1 2 4
333   99  342 0  19 1 3 1 2 4
334  462  886 0  86 1 3 1 2 4
335   25  811 0  65 1 3 1 2 4
336  913  120 0  63 1 3 1 2 4
337  124  205 0  63 1 3 1 2 4
338  687   22 0  38 1 3 1 2 4
339  807  679 0  93 1 3 1 2 4
340  775  766 0  92 1 3 1 2 4
341  813  938 0  52 1 3 1 2 4
342  930  518 0  73 1 3 1 2 4
343  145  406 0  10 1 3 1 2 4
344  373  748 0  85 1 3 1 2 4
345  466   77 0  66 1 3 1 2 4
346   94   56 0  82 1 3 1 2 4
347  102  374 0  84 1 3 1 2 4
348  193  923 0  52 1 3 1 2 4
349  683  222 0   2 1 3 1 2 4
350  378  458 0  40 1 3 1 2 4
351  839  986 0  90 1 3 1 2 4
352  764  752 0   8 1 3 1 2 4
353  369  444 0  69 1 3 1 2 4
354  355  484 0  98 1 3 1 2 4
355  791  770 0  52 1 3 1 2 4
356  220  120 0  23 1 3 1 2 4
357  426  801 0  20 1 3 1 2 4
358  901  711 0  42 1 3 1 2 4
359  604  397 0  95 1 3 1 2 4
360  534  230 0  29 1 3 1 2 4
361   60  305 0  19 1 3 1 2 4
362  683  771 0  15 1 3 1 2 4
363   48  579 0   8 1 3 1 2 4
364  420  667 0  89 1 3 1 2 4
365  777  374 0  81 1 3 1 2 4
366  752  370 0   6 1 3 1 2 4
367  948  964 0   5 1 3 1 2 4
368  642  199 0  54 1 3 1 2 4
369  140  832 0   2 1 3 1 2 4
370  362  596 0  41 1 3 1 2 4
371  758  582 0  82 1 3 1 2 4
372  631  486 0 100 1 3 1 2 4
373  947  494 0  14 1 3 1 2 4
374  262  511 0  76 1 3 1 2 4
375  501  526 0  57 1 3 1 2 4
376  711  231 0   9 1 3 1 2 4
377  256   70 0  71 1 3 1 2 4
378  412   88 0  16 1 3 1 2 4
379  652  946 0  30 1 3 1 2 4
380  589  555 0  51 1 3 1 2 4
381   23  886 0  16 1 3 1 2 4
382  328  811 0  63 1 3 1 2 4
383  651  814 0  31 1 3 1 2 4
384  170  481 0  31 1 3 1 2 4
385  355  792 0  46 1 3 1 2 4
386  544  245 0  41 1 3 1 2 4
387  345  719 0  59 1 3 1 2 4
388  797  543 0  29 1 3 1 2 4
389  112  484 0  53 1 3 1 2 4
390  591  391 0   7 1 3 1 2 4
391  447   33 0  99 1 3 1 2 4
392   76  817 0  98 1 3 1 2 4
393  286  600 0  62 1 3 1 2 4
394  972  571 0  54 1 3 1 2 4
395  912  514 0  33 1 3 1 2 4
396  942  777 0  62 1 3 1 2 4
397  958  262 0  30 1 3 1 2 4
398  765  292 0  63 1 3 1 2 4
399  534  227 0  10 1 3 1 2 4
400  645  248 0  79 1 3 1 2 4
401  254  683 0  37 1 3 1 2 4
402  270  998 0  59 1 3 1 2 4
403  959  818 0  41 1 3 1 2 4
404  296  907 0  87 1 3 1 2 4
405  101  101 0  32 1 3 1 2 4
406  217  359 0  22 1 3 1 2 4
407  371   43 0  31 1 3 1 2 4
408  372  570 0   2 1 3 1 2 4
409  536  505 0  59 1 3 1 2 4
410  967  995 0  83 1 3 1 2 4
411  224  866 0  98 1 3 1 2 4
412  736  174 0  95 1 3 1 2 4
413  985  476 0   3 1 3 1 2 4
414  403  179 0  27 1 3 1 2 4
415   78  867 0  17 1 3 1 2 4
416  193  880 0  43 1 3 1 2 4
417  506  779 0   3 1 3 1 2 4
418  435  401 0  75 1 3 1 2 4
419  426  277 0  12 1 3 1 2 4
420  292  143 0  17 1 3 1 2 4
421  121  182 0  21 1 3 1 2 4
422  598  279 0  62 1 3 1 2 4
423  511  459 0  80 1 3 1 2 4
424  750  652 0  81 1 3 1 2 4
425  889  494 0  85 1 3 1 2 4
426  285  441 0   5 1 3 1 2 4
427  974  368 0  14 1 3 1 2 4
428   26  430 0  71 1 3 1 2 4
429 1000  221 0  68 1 3 1 2 4
430  496  677 0  21 1 3 1 2 4
431   50  136 0  46 1 3 1 2 4
432  413  779 0  10 1 3 1 2 4
433  773   51 0  59 1 3 1 2 4
434  724  598 0  57 1 3 1 2 4
435  268  906 0  51 1 3 1 2 4
436   97  334 0  58 1 3 1 2 4
437  681  930 0  82 1 3 1 2 4
438  489  869 0   6 1 3 1 2 4
439  762  907 0  86 1 3 1 2 4
440  125  253 0   1 1 3 1 2 4
441  325  151 0  64 1 3 1 2 4
442  796  771 0  20 1 3 1 2 4
443  644  594 0  65 1 3 1 2 4
444  425  672 0  98 1 3 1 2 4
445  814  972 0  71 1 3 1 2 4
446  600  727 0   4 1 3 1 2 4
447  712  621 0  58 1 3 1 2 4
448  890  830 0  18 1 3 1 2 4
449  187  879 0   9 1 3 1 2 4
450  465  964 0  74 1 3 1 2 4
451  779  113 0  64 1 3 1 2 4
452  197    2 0  17 1 3 1 2 4
453    2  382 0  37 1 3 1 2 4
454  830  429 0  95 1 3 1 2 4
455  185    0 0  25 1 3 1 2 4
456   61  180 0  20 1 3 1 2 4
457   39  803 0  77 1 3 1 2 4
458  262  521 0  22 1 3 1 2 4
459  431  161 0  68 1 3 1 2 4
460  308  630 0  77 1 3 1 2 4
461  746  377 0  16 1 3 1 2 4
462  305   35 0  84 1 3 1 2 4
463  563  172 0  33 1 3 1 2 4
464  550  371 0  97 1 3 1 2 4
465  351  341 0  73 1 3 1 2 4
466  949  577 0  57 1 3 1 2 4
467  945  794 0   5 1 3 1 2 4
468  569  309 0  74 1 3 1 2 4
469  593  507 0  37 1 3 1 2 4
470  451  917 0  45 1 3 1 2 4
471  954  394 0  50 1 3 1 2 4
472  288  185 0  80 1 3 1 2 4
473  895  502 0  65 1 3 1 2 4
474  811  538 0  63 1 3 1 2 4
475  690  698 0  97 1 3 1 2 4
476   92  400 0  15 1 3 1 2 4
477  831  222 0  28 1 3 1 2 4
478  852   11 0  16 1 3 1 2 4
479  583  669 0  19 1 3 1 2 4
480  570  870 0  83 1 3 1 2 4
481  264   73 0  91 1 3 1 2 4
482  791  876 0  17 1 3 1 2 4
483  181  978 0   9 1 3 1 2 4
484  173  801 0  14 1 3 1 2 4
485  330  825 0  38 1 3 1 2 4
486  618  923 0  56 1 3 1 2 4
487   50  130 0  79 1 3 1 2 4
488  361  634 0  38 1 3 1 2 4
489  471  704 0  74 1 3 1 2 4
490  727  290 0  93 1 3 1 2 4
491  478  818 0  80 1 3 1 2 4
492  637  863 0  65 1 3 1 2 4
493  775  683 0  66 1 3 1 2 4
494  346  324 0  66 1 3 1 2 4
495  687  978 0  55 1 3 1 2 4
496  836  380 0  31 1 3 1 2 4
497  434  928 0  98 1 3 1 2 4
498  571  192 0  69 1 3 1 2 4
499  670  817 0  48 1 3 1 2 4
500   77  514 0  86 1 3 1 2 4
501  444  182 0  49 1 3 1 2 4
502  382  449 0  63 1 3 1 2 4
503  330  163 0  74 1 3 1 2 4
504  947  702 0  61 1 3 1 2 4
505  899  536 0  55 1 3 1 2 4
506  534  683 0  56 1 3 1 2 4
507  527  814 0  51 1 3 1 2 4
508  322    7 0  58 1 3 1 2 4
509  716  963 0  67 1 3 1 2 4
510  750   66 0  50 1 3 1 2 4
511  377  913 0  24 1 3 1 2 4
512  291  268 0   7 1 3 1 2 4
513  555  476 0  79 1 3 1 2 4
514  860  350 0  93 1 3 1 2 4
515  163  574 0  91 1 3 1 2 4
516  968  242 0  18 1 3 1 2 4
517   94  731 0  46 1 3 1 2 4
518  866  477 0  29 1 3 1 2 4
519  434  914 0  18 1 3 1 2 4
520  538    1 0  32 1 3 1 2 4
521  577  899 0  44 1 3 1 2 4
522  264  655 0  81 1 3 1 2 4
523  220  428 0  57 1 3 1 2 4
524  870  359 0  65 1 3 1 2 4
525  407  744 0  74 1 3 1 2 4
526  326   50 0  22 1 3 1 2 4
527  796  438 0  26 1 3 1 2 4
528  517  346 0  68 1 3 1 2 4
529  750  827 0  28 1 3 1 2 4
530  118  393 0  87 1 3 1 2 4
531  616  347 0  33 1 3 1 2 4
532  638  573 0  38 1 3 1 2 4
533  126   98 0  21 1 3 1 2 4
534  973  832 0  39 1 3 1 2 4
535  293  456 0  41 1 3 1 2 4
536   54  486 0  21 1 3 1 2 4
537  335  445 0  56 1 3 1 2 4
538  586  508 0  26 1 3 1 2 4
539  630  507 0  81 1 3 1 2 4
540  584  871 0  84 1 3 1 2 4
541  244  412 0  71 1 3 1 2 4
542  739  220 0  31 1 3 1 2 4
543    3  874 0 100 1 3 1 2 4
544  176  130 0  60 1 3 1 2 4
545  474  529 0   8 1 3 1 2 4
546  460  622 0  67 1 3 1 2 4
547  881  690 0  19 1 3 1 2 4
548  856   57 0  70 1 3 1 2 4
549  599  798 0  65 1 3 1 2 4
550  947  947 0  21 1 3 1 2 4
551  272  421 0  19 1 3 1 2 4
552  957  345 0  80 1 3 1 2 4
553  476  996 0  90 1 3 1 2 4
554  509  613 0  50 1 3 1 2 4
555  963   80 0  36 1 3 1 2 4
556  711  746 0  82 1 3 1 2 4
557  246  224 0  99 1 3 1 2 4
558   70  131 0  97 1 3 1 2 4
559  528  967 0  81 1 3 1 2 4
560  171  265 0  71 1 3 1 2 4
561  596  481 0  28 1 3 1 2 4
562  865  531 0  85 1 3 1 2 4
563  569   12 0  57 1 3 1 2 4
564  871  620 0  27 1 3 1 2 4
565  918  211 0  16 1 3 1 2 4
566  148  625 0  31 1 3 1 2 4
567  582  810 0  51 1 3 1 2 4
568  975  246 0  77 1 3 1 2 4
569  393   61 0  75 1 3 1 2 4
570  660  167 0  91 1 3 1 2 4
571  688  745 0  81 1 3 1 2 4
572  123  688 0   2 1 3 1 2 4
573  117  980 0  70 1 3 1 2 4
574  249  415 0  56 1 3 1 2 4
575  969  403 0  62 1 3 1 2 4
576  895   44 0  94 1 3 1 2 4
577   63  826 0  24 1 3 1 2 4
578  645  866 0  56 1 3 1 2 4
579  674  454 0  82 1 3 1 2 4
580  136  694 0  55 1 3 1 2 4
581  395  625 0  19 1 3 1 2 4
582  397  179 0   6 1 3 1 2 4
583  618  215 0  97 1 3 1 2 4
584  332   78 0   2 1 3 1 2 4
585   78  448 0  83 1 3 1 2 4
586  601  286 0  40 1 3 1 2 4
587  390  178 0  42 1 3 1 2 4
588  235  247 0  76 1 3 1 2 4
589  310  436 0  77 1 3 1 2 4
590  701  228 0  81 1 3 1 2 4
591  218  506 0  86 1 3 1 2 4
592  942  396 0  58 1 3 1 2 4
593  917  418 0  41 1 3 1 2 4
594  619  363 0  82 1 3 1 2 4
595  478  997 0  57 1 3 1 2 4
596  200  768 0  78 1 3 1 2 4
597  765  620 0  89 1 3 1 2 4
598  147  543 0  85 1 3 1 2 4
599  879  480 0  27 1 3 1 2 4
600  677  346 0   4 1 3 1 2 4
601  777  113 0  52 1 3 1 2 4
602   83   55 0  45 1 3 1 2 4
603  546  836 0  70 1 3 1 2 4
604  264  217 0  51 1 3 1 2 4
605  629   79 0  61 1 3 1 2 4
606  694  523 0  18 1 3 1 2 4
607    9  570 0 100 1 3 1 2 4
608  820  334 0  97 1 3 1 2 4
609  666  110 0  96 1 3 1 2 4
610  868  559 0  57 1 3 1 2 4
611  237  573 0  12 1 3 1 2 4
612  683  690 0  61 1 3 1 2 4
613  121  511 0   1 1 3 1 2 4
614  341  355 0  48 1 3 1 2 4
615  292  748 0  33 1 3 1 2 4
616  194  406 0  77 1 3 1 2 4
617  624  783 0  43 1 3 1 2 4
618  703  906 0  23 1 3 1 2 4
619  946  908 0  80 1 3 1 2 4
620  176  218 0  41 1 3 1 2 4
621  254  311 0  41 1 3 1 2 4
622  717  476 0  57 1 3 1 2 4
623  451  820 0  21 1 3 1 2 4
624  465  266 0  69 1 3 1 2 4
625  996  456 0  70 1 3 1 2 4
626  982  973 0  49 1 3 1 2 4
627  249  751 0  76 1 3 1 2 4
628  239  321 0  87 1 3 1 2 4
629   17  511 0  63 1 3 1 2 4
630  390  999 0   4 1 3 1 2 4
631  775  963 0  85 1 3 1 2 4
632  689  674 0  88 1 3 1 2 4
633  157  769 0   3 1 3 1 2 4
634  412  718 0  88 1 3 1 2 4
635  183  521 0   4 1 3 1 2 4
636  628  755 0  68 1 3 1 2 4
637  867  766 0  21 1 3 1 2 4
638  209  979 0  17 1 3 1 2 4
639  542  293 0  17 1 3 1 2 4
640   21  548 0  12 1 3 1 2 4
641  268  371 0  15 1 3 1 2 4
642  541   17 0   4 1 3 1 2 4
643  346  309 0   8 1 3 1 2 4
644  892  894 0  65 1 3 1 2 4
645  123  903 0  98 1 3 1 2 4
646  642  488 0  80 1 3 1 2 4
647  693  724 0  24 1 3 1 2 4
648  793  123 0  37 1 3 1 2 4
649  525   32 0  89 1 3 1 2 4
650  905  930 0  73 1 3 1 2 4
651  668  147 0  92 1 3 1 2 4
652  820   94 0  74 1 3 1 2 4
653  500  729 0  61 1 3 1 2 4
654  874  273 0  60 1 3 1 2 4
655  634  683 0  49 1 3 1 2 4
656  758   97 0  17 1 3 1 2 4
657  769  396 0  97 1 3 1 2 4
658  395  916 0  50 1 3 1 2 4
659   33  385 0  33 1 3 1 2 4
660  421  473 0  29 1 3 1 2 4
661  523  215 0  38 1 3 1 2 4
662  951  785 0  20 1 3 1 2 4
663  297  339 0  73 1 3 1 2 4
664  660  180 0  63 1 3 1 2 4
665  599  905 0  71 1 3 1 2 4
666  886  164 0  55 1 3 1 2 4
667  954  797 0  81 1 3 1 2 4
668  918  634 0  91 1 3 1 2 4
669  413  824 0   3 1 3 1 2 4
670  667  956 0  63 1 3 1 2 4
671  754  879 0  24 1 3 1 2 4
672  737  954 0  11 1 3 1 2 4
673  983  140 0  56 1 3 1 2 4
674  431   62 0  34 1 3 1 2 4
675  776  661 0   3 1 3 1 2 4
676  801  987 0  26 1 3 1 2 4
677  749  839 0  82 1 3 1 2 4
678  920  721 0  86 1 3 1 2 4
679  215  436 0  37 1 3 1 2 4
680  559  875 0   9 1 3 1 2 4
681  177   52 0  86 1 3 1 2 4
682  412  448 0   6 1 3 1 2 4
683  832  984 0  97 1 3 1 2 4
684  101  211 0  42 1 3 1 2 4
685  673  414 0  45 1 3 1 2 4
686  235  660 0  75 1 3 1 2 4
687   83  186 0  30 1 3 1 2 4
688  273  979 0  62 1 3 1 2 4
689  231  400 0  49 1 3 1 2 4
690  333 1000 0  50 1 3 1 2 4
691  746  519 0  93 1 3 1 2 4
692  435  717 0  76 1 3 1 2 4
693  772  925 0  19 1 3 1 2 4
694  957  305 0  40 1 3 1 2 4
695  509   34 0  67 1 3 1 2 4
696  890  126 0  80 1 3 1 2 4
697  886  942 0  59 1 3 1 2 4
698  864  383 0  70 1 3 1 2 4
699  494   46 0  69 1 3 1 2 4
700  157  661 0  28 1 3 1 2 4
701  671  784 0   6 1 3 1 2 4
702  874  212 0  24 1 3 1 2 4
703  828  470 0  18 1 3 1 2 4
704  367  182 0  41 1 3 1 2 4
705  600  348 0  78 1 3 1 2 4
706   88  415 0  85 1 3 1 2 4
707  661  857 0  24 1 3 1 2 4
708  259  375 0  78 1 3 1 2 4
709  631  436 0  72 1 3 1 2 4
710  580  986 0  81 1 3 1 2 4
711  653  976 0  28 1 3 1 2 4
712  489  868 0  44 1 3 1 2 4
713  682   48 0  79 1 3 1 2 4
714  438  313 0  50 1 3 1 2 4
715  815  995 0  45 1 3 1 2 4
716  815  533 0  87 1 3 1 2 4
717  400  368 0   7 1 3 1 2 4
718  653  377 0  13 1 3 1 2 4
719  975  941 0  60 1 3 1 2 4
720  143  568 0  56 1 3 1 2 4
721  687    1 0  41 1 3 1 2 4
722  956   46 0  20 1 3 1 2 4
723  950  740 0  80 1 3 1 2 4
724  138  409 0   3 1 3 1 2 4
725  564  693 0  41 1 3 1 2 4
726  215  755 0  95 1 3 1 2 4
727   51  997 0  75 1 3 1 2 4
728  401  180 0  54 1 3 1 2 4
729  857  252 0   3 1 3 1 2 4
730  580  425 0  94 1 3 1 2 4
731  570  922 0   4 1 3 1 2 4
732  505  221 0  66 1 3 1 2 4
733  153  957 0  96 1 3 1 2 4
734   25  522 0  60 1 3 1 2 4
735  360  738 0  73 1 3 1 2 4
736  536  215 0  96 1 3 1 2 4
737  248  307 0  32 1 3 1 2 4
738  126  839 0  86 1 3 1 2 4
739  223  961 0  15 1 3 1 2 4
740  221  983 0  82 1 3 1 2 4
741  199  813 0  81 1 3 1 2 4
742  367  680 0  93 1 3 1 2 4
743   14  979 0  59 1 3 1 2 4
744  373  335 0  96 1 3 1 2 4
745  986  667 0  56 1 3 1 2 4
746  673  395 0  18 1 3 1 2 4
747  608  620 0  11 1 3 1 2 4
748  822  690 0  73 1 3 1 2 4
749  799   61 0  83 1 3 1 2 4
750  680  739 0  30 1 3 1 2 4
751  488  357 0  86 1 3 1 2 4
752  710  474 0  59 1 3 1 2 4
753  132  155 0  42 1 3 1 2 4
754  299   79 0 100 1 3 1 2 4
755  817  528 0  34 1 3 1 2 4
756  107  193 0  33 1 3 1 2 4
757  801  519 0  30 1 3 1 2 4
758  135  890 0  57 1 3 1 2 4
759  177   43 0  72 1 3 1 2 4
760  276  253 0  87 1 3 1 2 4
761    2  152 0  93 1 3 1 2 4
762  395  883 0  23 1 3 1 2 4
763  510   73 0  41 1 3 1 2 4
764   36  485 0  63 1 3 1 2 4
765  765   33 0  84 1 3 1 2 4
766  115  116 0  12 1 3 1 2 4
767  801  132 0 100 1 3 1 2 4
768  971  772 0  68 1 3 1 2 4
769  961  118 0  76 1 3 1 2 4
770  878  953 0  30 1 3 1 2 4
771   73  531 0  92 1 3 1 2 4
772  809  737 0   3 1 3 1 2 4
773  374  163 0  14 1 3 1 2 4
774   37  387 0  77 1 3 1 2 4
775  452  191 0  97 1 3 1 2 4
776  501  663 0   6 1 3 1 2 4
777  916  202 0  42 1 3 1 2 4
778  730  736 0  38 1 3 1 2 4
779  752  515 0  72 1 3 1 2 4
780  912  926 0  48 1 3 1 2 4
781  965  183 0  60 1 3 1 2 4
782  457  414 0   7 1 3 1 2 4
783  600  138 0  65 1 3 1 2 4
784   99  114 0  58 1 3 1 2 4
785  943  784 0  92 1 3 1 2 4
786  557  725 0  70 1 3 1 2 4
787  974  607 0  41 1 3 1 2 4
788  592  418 0  35 1 3 1 2 4
789  802  238 0   3 1 3 1 2 4
790  468   78 0  18 1 3 1 2 4
791  659  473 0  17 1 3 1 2 4
792  228  897 0  35 1 3 1 2 4
793  864  269 0  93 1 3 1 2 4
794  230  295 0  49 1 3 1 2 4
795  219  742 0  93 1 3 1 2 4
796  863  685 0  65 1 3 1 2 4
797  431  876 0  63 1 3 1 2 4
798  653  280 0  78 1 3 1 2 4
799  477  644 0   8 1 3 1 2 4
800  668  400 0  17 1 3 1 2 4
801  545  301 0  46 1 3 1 2 4
802  229  173 0  21 1 3 1 2 4
803  425  683 0  56 1 3 1 2 4
804  721  119 0  53 1 3 1 2 4
805  492  670 0  58 1 3 1 2 4
806  697  254 0   2 1 3 1 2 4
807  453  197 0  98 1 3 1 2 4
808  166  620 0   8 1 3 1 2 4
809  318  462 0  74 1 3 1 2 4
810  647  214 0  62 1 3 1 2 4
811  413  770 0  51 1 3 1 2 4
812  800  177 0  91 1 3 1 2 4
813  263  646 0  74 1 3 1 2 4
814  284  147 0   4 1 3 1 2 4
815  714  415 0  63 1 3 1 2 4
816   45  842 0  16 1 3 1 2 4
817  987  810 0  71 1 3 1 2 4
818  964  244 0  87 1 3 1 2 4
819  395  744 0  46 1 3 1 2 4
820  308  732 0  96 1 3 1 2 4
821  871  561 0  80 1 3 1 2 4
822  208  123 0  24 1 3 1 2 4
823  301  456 0  25 1 3 1 2 4
824  676  521 0  27 1 3 1 2 4
825  517  125 0  94 1 3 1 2 4
826  305  570 0  68 1 3 1 2 4
827  472  546 0  80 1 3 1 2 4
828  337  256 0  58 1 3 1 2 4
829  996  561 0  80 1 3 1 2 4
830  680  594 0  36 1 3 1 2 4
831  231  380 0  56 1 3 1 2 4
832  118  712 0  22 1 3 1 2 4
833   26   32 0  68 1 3 1 2 4
834  813  548 0   5 1 3 1 2 4
835  795  317 0  89 1 3 1 2 4
836  230  714 0  95 1 3 1 2 4
837  475  855 0  44 1 3 1 2 4
838  909  925 0  91 1 3 1 2 4
839  429  777 0  40 1 3 1 2 4
840  999  757 0  87 1 3 1 2 4
841  494  142 0  42 1 3 1 2 4
842  789  508 0  39 1 3 1 2 4
843  654  278 0  83 1 3 1 2 4
844  517  907 0  53 1 3 1 2 4
845  859  596 0  52 1 3 1 2 4
846  711   57 0  14 1 3 1 2 4
847  621  467 0  75 1 3 1 2 4
848  738   82 0  49 1 3 1 2 4
849  123  702 0  13 1 3 1 2 4
850  861  553 0  90 1 3 1 2 4
851  629  887 0  24 1 3 1 2 4
852  930  661 0  15 1 3 1 2 4
853  407  557 0  39 1 3 1 2 4
854  414  865 0  33 1 3 1 2 4
855  943  418 0  91 1 3 1 2 4
856  203  901 0  48 1 3 1 2 4
857   39  441 0  85 1 3 1 2 4
858  720  256 0  88 1 3 1 2 4
859  711  817 0  43 1 3 1 2 4
860  199  180 0  33 1 3 1 2 4
861  885  220 0  92 1 3 1 2 4
862  134  606 0  48 1 3 1 2 4
863  694  624 0  59 1 3 1 2 4
864  987   33 0  55 1 3 1 2 4
865   54  270 0  13 1 3 1 2 4
866  132   69 0  88 1 3 1 2 4
867  758  244 0  55 1 3 1 2 4
868  614  731 0  33 1 3 1 2 4
869  621  734 0  98 1 3 1 2 4
870  279  453 0  28 1 3 1 2 4
871  791  470 0  34 1 3 1 2 4
872  423  344 0   0 0 0
873   73  609 0   0 0 0
874  333  263 0   0 0 0
