2 554 924 2
0 241
0 241
  1  539  765 0  79 1 2 1 2
  2  406   30 0   4 1 2 1 2
  3  333  796 0  34 1 2 1 2
  4  200  420 0  19 1 2 1 2
  5  110  631 0  96 1 2 1 2
  6  906  431 0  43 1 2 1 2
  7  686  705 0  36 1 2 1 2
  8   41   57 0  55 1 2 1 2
  9  538  371 0  11 1 2 1 2
 10  494  281 0  38 1 2 1 2
 11  433  923 0  29 1 2 1 2
 12  375  509 0  49 1 2 1 2
 13  390  218 0  52 1 2 1 2
 14  461  752 0  95 1 2 1 2
 15  860  459 0 100 1 2 1 2
 16  591  870 0  28 1 2 1 2
 17  279  393 0  68 1 2 1 2
 18  926  642 0  77 1 2 1 2
 19  907  479 0  60 1 2 1 2
 20   72  238 0  16 1 2 1 2
 21  906  640 0  85 1 2 1 2
 22  431  107 0  70 1 2 1 2
 23  603  754 0  26 1 2 1 2
 24   42  653 0  66 1 2 1 2
 25  689  309 0  58 1 2 1 2
 26  977   74 0  17 1 2 1 2
 27  322  147 0  72 1 2 1 2
 28  760   49 0  45 1 2 1 2
 29   45  591 0  23 1 2 1 2
 30  167  662 0   1 1 2 1 2
 31  450  397 0  19 1 2 1 2
 32  745  853 0  40 1 2 1 2
 33  281  865 0  13 1 2 1 2
 34  203  870 0  59 1 2 1 2
 35  562  879 0  16 1 2 1 2
 36  732  781 0  19 1 2 1 2
 37  686  861 0  36 1 2 1 2
 38  854  162 0  49 1 2 1 2
 39   43  190 0  78 1 2 1 2
 40  671  345 0  41 1 2 1 2
 41   37  674 0  22 1 2 1 2
 42  169  512 0  98 1 2 1 2
 43  244  195 0 100 1 2 1 2
 44   54  940 0  69 1 2 1 2
 45  484  580 0  76 1 2 1 2
 46  728  391 0  88 1 2 1 2
 47  813   32 0  64 1 2 1 2
 48  148  922 0   8 1 2 1 2
 49  437   30 0  37 1 2 1 2
 50  572  944 0  36 1 2 1 2
 51  475  774 0  92 1 2 1 2
 52  687  638 0  58 1 2 1 2
 53  847  581 0  37 1 2 1 2
 54  778  839 0  64 1 2 1 2
 55  758  961 0  27 1 2 1 2
 56  197  581 0  15 1 2 1 2
 57  852  578 0  61 1 2 1 2
 58  660  833 0  69 1 2 1 2
 59  468   36 0  76 1 2 1 2
 60  684  772 0  44 1 2 1 2
 61  915  422 0  36 1 2 1 2
 62   32  815 0  79 1 2 1 2
 63  625  981 0  61 1 2 1 2
 64  326  445 0  56 1 2 1 2
 65  575  115 0  57 1 2 1 2
 66  523  331 0  14 1 2 1 2
 67  585  756 0  33 1 2 1 2
 68  502  977 0  56 1 2 1 2
 69  217  770 0  52 1 2 1 2
 70   46  155 0  50 1 2 1 2
 71  925  382 0   7 1 2 1 2
 72  690   26 0  99 1 2 1 2
 73  320  563 0  96 1 2 1 2
 74  708  789 0  97 1 2 1 2
 75  758  902 0  86 1 2 1 2
 76  122  766 0  62 1 2 1 2
 77  401  183 0  13 1 2 1 2
 78  885  966 0  53 1 2 1 2
 79  407  163 0  73 1 2 1 2
 80  852  917 0  77 1 2 1 2
 81  712  440 0  93 1 2 1 2
 82  507  662 0   2 1 2 1 2
 83   59  492 0 100 1 2 1 2
 84  412  248 0  25 1 2 1 2
 85   28  637 0  65 1 2 1 2
 86  834  973 0  83 1 2 1 2
 87   68   51 0  66 1 2 1 2
 88  291  929 0   3 1 2 1 2
 89  828  180 0  40 1 2 1 2
 90  386  249 0  71 1 2 1 2
 91  269  469 0  16 1 2 1 2
 92  443  148 0   2 1 2 1 2
 93  532  712 0  43 1 2 1 2
 94  904  778 0  93 1 2 1 2
 95  653   73 0  70 1 2 1 2
 96  536  887 0  24 1 2 1 2
 97  695  461 0  70 1 2 1 2
 98  886  869 0  90 1 2 1 2
 99  865  946 0  38 1 2 1 2
100  189  601 0  71 1 2 1 2
101   82  932 0  65 1 2 1 2
102  705  605 0  57 1 2 1 2
103  173   96 0  52 1 2 1 2
104  535  258 0  20 1 2 1 2
105  801  570 0  76 1 2 1 2
106  105  161 0  38 1 2 1 2
107  873  439 0   6 1 2 1 2
108  883  415 0  82 1 2 1 2
109  645  357 0  56 1 2 1 2
110  896  558 0  73 1 2 1 2
111   71  361 0  90 1 2 1 2
112  672  897 0 100 1 2 1 2
113  777   76 0   7 1 2 1 2
114  223  954 0  15 1 2 1 2
115   48  321 0  76 1 2 1 2
116  167  776 0  34 1 2 1 2
117  220  474 0  38 1 2 1 2
118  519  680 0  79 1 2 1 2
119  135  940 0  21 1 2 1 2
120  223  667 0  44 1 2 1 2
121  917  623 0  66 1 2 1 2
122   39  746 0  69 1 2 1 2
123  589   33 0  66 1 2 1 2
124  987  968 0  39 1 2 1 2
125  579  331 0  55 1 2 1 2
126   92  497 0  61 1 2 1 2
127  585  971 0  80 1 2 1 2
128  644   92 0  13 1 2 1 2
129  780  979 0  73 1 2 1 2
130  808  275 0  55 1 2 1 2
131  725  951 0  59 1 2 1 2
132   59  637 0  38 1 2 1 2
133  121  820 0  38 1 2 1 2
134   37   98 0  40 1 2 1 2
135  207  225 0  97 1 2 1 2
136  419  159 0  82 1 2 1 2
137  786  905 0  13 1 2 1 2
138  676  215 0   9 1 2 1 2
139  584  375 0  35 1 2 1 2
140  543   44 0  30 1 2 1 2
141   95  134 0   9 1 2 1 2
142  391  609 0  64 1 2 1 2
143   97  960 0  47 1 2 1 2
144  754  712 0  39 1 2 1 2
145  449  713 0  61 1 2 1 2
146  642  163 0  24 1 2 1 2
147   98  732 0  63 1 2 1 2
148  723  183 0  69 1 2 1 2
149  394  594 0  22 1 2 1 2
150  859  464 0  59 1 2 1 2
151  316  947 0  85 1 2 1 2
152  796  823 0  34 1 2 1 2
153  515  641 0  70 1 2 1 2
154  763  862 0  58 1 2 1 2
155  783  686 0  37 1 2 1 2
156  935  398 0  35 1 2 1 2
157  880  120 0  63 1 2 1 2
158  530  495 0  77 1 2 1 2
159  280  127 0  20 1 2 1 2
160  589  679 0   3 1 2 1 2
161  620  294 0  28 1 2 1 2
162  789   61 0   1 1 2 1 2
163  779  808 0  91 1 2 1 2
164  305  122 0  20 1 2 1 2
165  929  241 0  78 1 2 1 2
166  190  223 0  39 1 2 1 2
167  872  608 0  66 1 2 1 2
168  729  443 0  73 1 2 1 2
169  331  863 0  77 1 2 1 2
170  564   50 0  28 1 2 1 2
171  297  732 0  79 1 2 1 2
172  559  937 0  88 1 2 1 2
173  135  878 0  88 1 2 1 2
174   99  773 0  30 1 2 1 2
175  725  653 0  76 1 2 1 2
176  967  358 0  80 1 2 1 2
177  802  195 0  20 1 2 1 2
178  300  212 0   4 1 2 1 2
179  315  104 0  74 1 2 1 2
180  465  447 0   3 1 2 1 2
181  720  892 0  13 1 2 1 2
182  954  903 0  47 1 2 1 2
183  754  671 0  62 1 2 1 2
184  520  274 0   2 1 2 1 2
185  990  288 0  12 1 2 1 2
186  620  869 0  70 1 2 1 2
187  705  313 0  94 1 2 1 2
188  310  580 0  22 1 2 1 2
189  250  344 0  88 1 2 1 2
190  946  349 0  64 1 2 1 2
191   67  365 0  49 1 2 1 2
192  918   26 0  23 1 2 1 2
193  507  260 0  56 1 2 1 2
194  692  913 0 100 1 2 1 2
195  501  725 0  52 1 2 1 2
196  368  494 0  47 1 2 1 2
197  963    1 0   2 1 2 1 2
198  397  164 0  12 1 2 1 2
199   62  420 0  65 1 2 1 2
200  854  338 0  59 1 2 1 2
201  828   76 0  75 1 2 1 2
202  231  708 0  47 1 2 1 2
203  512   40 0  80 1 2 1 2
204  415  724 0  63 1 2 1 2
205  979  852 0  83 1 2 1 2
206  593  637 0  81 1 2 1 2
207  399  397 0  44 1 2 1 2
208   41  909 0  63 1 2 1 2
209  939  691 0  21 1 2 1 2
210  540  916 0  33 1 2 1 2
211  392  951 0  27 1 2 1 2
212  243  959 0  41 1 2 1 2
213  628   46 0  69 1 2 1 2
214  228  354 0  42 1 2 1 2
215  989  771 0   9 1 2 1 2
216  874  810 0  69 1 2 1 2
217  184   33 0   5 1 2 1 2
218  595  144 0  80 1 2 1 2
219  159  345 0  66 1 2 1 2
220  936  469 0  25 1 2 1 2
221  131  160 0   8 1 2 1 2
222  481  267 0  33 1 2 1 2
223  927  896 0  15 1 2 1 2
224  778  373 0   5 1 2 1 2
225  302  671 0  93 1 2 1 2
226  379  247 0  63 1 2 1 2
227  600  293 0  17 1 2 1 2
228  967   22 0  62 1 2 1 2
229  976  490 0  87 1 2 1 2
230  465  306 0  82 1 2 1 2
231  906  240 0  41 1 2 1 2
232  112  200 0  25 1 2 1 2
233  745  139 0  63 1 2 1 2
234  781  940 0  87 1 2 1 2
235  432  864 0  33 1 2 1 2
236  964  981 0  72 1 2 1 2
237  914  879 0  63 1 2 1 2
238  282  262 0   9 1 2 1 2
239  933  955 0  45 1 2 1 2
240  830  157 0  25 1 2 1 2
241  319  880 0  59 1 2 1 2
242   83  973 0  41 1 2 1 2
243  833  205 0   8 1 2 1 2
244  425  133 0  78 1 2 1 2
245  314  570 0  84 1 2 1 2
246   49  256 0  67 1 2 1 2
247    4   95 0   6 1 2 1 2
248  443  120 0   2 1 2 1 2
249  551  381 0  16 1 2 1 2
250  957  491 0  45 1 2 1 2
251  448  173 0  49 1 2 1 2
252  225  443 0  56 1 2 1 2
253  460  181 0  56 1 2 1 2
254  158  211 0  52 1 2 1 2
255  723  505 0  67 1 2 1 2
256  737  457 0  97 1 2 1 2
257  575  808 0  30 1 2 1 2
258  899  117 0  80 1 2 1 2
259  802  110 0  78 1 2 1 2
260  984  789 0  34 1 2 1 2
261  304  623 0  88 1 2 1 2
262   67  463 0  97 1 2 1 2
263  782  285 0   6 1 2 1 2
264  860  613 0  37 1 2 1 2
265  364   78 0  93 1 2 1 2
266  558  524 0  68 1 2 1 2
267  571   95 0 100 1 2 1 2
268  268   93 0  82 1 2 1 2
269  634  258 0  67 1 2 1 2
270  664  473 0  80 1 2 1 2
271  454  978 0  58 1 2 1 2
272  421  263 0   2 1 2 1 2
273   78  922 0  68 1 2 1 2
274  349  664 0  25 1 2 1 2
275  499  309 0  13 1 2 1 2
276  864  825 0  21 1 2 1 2
277  668  487 0  12 1 2 1 2
278   98  520 0  19 1 2 1 2
279  805  698 0  55 1 2 1 2
280  706  595 0  55 1 2 1 2
281  531  648 0  90 1 2 1 2
282  350  871 0  63 1 2 1 2
283   94  373 0  88 1 2 1 2
284  231  692 0   1 1 2 1 2
285  629  412 0  51 1 2 1 2
286  747  458 0  29 1 2 1 2
287  850  304 0  24 1 2 1 2
288  111   65 0  76 1 2 1 2
289  644  825 0  21 1 2 1 2
290  152  146 0  14 1 2 1 2
291  423    4 0  61 1 2 1 2
292  114  920 0  99 1 2 1 2
293  312  405 0  72 1 2 1 2
294  299  441 0   3 1 2 1 2
295  496  675 0  61 1 2 1 2
296  417  401 0  93 1 2 1 2
297  709  917 0  85 1 2 1 2
298  856  572 0  24 1 2 1 2
299  381  519 0  68 1 2 1 2
300  150  442 0   1 1 2 1 2
301   25  492 0   9 1 2 1 2
302  933  508 0  97 1 2 1 2
303  418  154 0  15 1 2 1 2
304  781  489 0  89 1 2 1 2
305  101  464 0  92 1 2 1 2
306  569  855 0  71 1 2 1 2
307   89  543 0  48 1 2 1 2
308  257  551 0  22 1 2 1 2
309  593  482 0   2 1 2 1 2
310  219  922 0  76 1 2 1 2
311  980  484 0   4 1 2 1 2
312  543  800 0  43 1 2 1 2
313   89  280 0  57 1 2 1 2
314  302  616 0  28 1 2 1 2
315  909  215 0  27 1 2 1 2
316  460  136 0   7 1 2 1 2
317   58  870 0  61 1 2 1 2
318  219  452 0  95 1 2 1 2
319   54  498 0  67 1 2 1 2
320  149  696 0  40 1 2 1 2
321  633   14 0  98 1 2 1 2
322  310  231 0  69 1 2 1 2
323  870  430 0  84 1 2 1 2
324  972  565 0  98 1 2 1 2
325   28  424 0   3 1 2 1 2
326   59  256 0  53 1 2 1 2
327  666  412 0  34 1 2 1 2
328  380  345 0   6 1 2 1 2
329  725  584 0  21 1 2 1 2
330  972  259 0  79 1 2 1 2
331  631  596 0  15 1 2 1 2
332  827  268 0   2 1 2 1 2
333  575  755 0  15 1 2 1 2
334  262  142 0  93 1 2 1 2
335  933   58 0  86 1 2 1 2
336  695  295 0  53 1 2 1 2
337  533  788 0  77 1 2 1 2
338  993  297 0  32 1 2 1 2
339  136   40 0  71 1 2 1 2
340  476  376 0  99 1 2 1 2
341  438  962 0  36 1 2 1 2
342  251  411 0  77 1 2 1 2
343  726  793 0  18 1 2 1 2
344  611  251 0  69 1 2 1 2
345    3 1000 0  20 1 2 1 2
346  745  551 0  27 1 2 1 2
347 1000  284 0  46 1 2 1 2
348  656  911 0  30 1 2 1 2
349  936  420 0  59 1 2 1 2
350  479  505 0  37 1 2 1 2
351  364  847 0  40 1 2 1 2
352   11  256 0  35 1 2 1 2
353  832  125 0  43 1 2 1 2
354    9  849 0  86 1 2 1 2
355  355  287 0  18 1 2 1 2
356  951  606 0  14 1 2 1 2
357  724  698 0  74 1 2 1 2
358  467  762 0  56 1 2 1 2
359  100  942 0   8 1 2 1 2
360  872  315 0  75 1 2 1 2
361  365  234 0  72 1 2 1 2
362  858  629 0  14 1 2 1 2
363  911  654 0  55 1 2 1 2
364    5    9 0   1 1 2 1 2
365  385  760 0  57 1 2 1 2
366  267   97 0  65 1 2 1 2
367  140  363 0  33 1 2 1 2
368  573  264 0  55 1 2 1 2
369  247   63 0  33 1 2 1 2
370  976   71 0  40 1 2 1 2
371  615  752 0  58 1 2 1 2
372   97  525 0  53 1 2 1 2
373  699  910 0  90 1 2 1 2
374  276  815 0  77 1 2 1 2
375  266  104 0  91 1 2 1 2
376  399  860 0  64 1 2 1 2
377  559   60 0  48 1 2 1 2
378  364  327 0  21 1 2 1 2
379  314  311 0  17 1 2 1 2
380  363   96 0   9 1 2 1 2
381  156  679 0  66 1 2 1 2
382  983  914 0  46 1 2 1 2
383  341  812 0  17 1 2 1 2
384  135  812 0  14 1 2 1 2
385  285  713 0  78 1 2 1 2
386  620  215 0  18 1 2 1 2
387  668   50 0  14 1 2 1 2
388  982  230 0  55 1 2 1 2
389  287  384 0  25 1 2 1 2
390   58  328 0  30 1 2 1 2
391  384  781 0   5 1 2 1 2
392  675  875 0  83 1 2 1 2
393  623  269 0  35 1 2 1 2
394  907  435 0   5 1 2 1 2
395  901  358 0   6 1 2 1 2
396  890  834 0  84 1 2 1 2
397   56   68 0  69 1 2 1 2
398  329  392 0  79 1 2 1 2
399  334  316 0  26 1 2 1 2
400  113  175 0  16 1 2 1 2
401  147  486 0  29 1 2 1 2
402  628  844 0   6 1 2 1 2
403  362   37 0  57 1 2 1 2
404  977  307 0   1 1 2 1 2
405  444  707 0   2 1 2 1 2
406  827  815 0  45 1 2 1 2
407   69   75 0  25 1 2 1 2
408  535  624 0  91 1 2 1 2
409  312  529 0 100 1 2 1 2
410  655  589 0  45 1 2 1 2
411  330  188 0  63 1 2 1 2
412  663  715 0  85 1 2 1 2
413  448  668 0  72 1 2 1 2
414  727  543 0  81 1 2 1 2
415  899  516 0  43 1 2 1 2
416  663  655 0  77 1 2 1 2
417  289  977 0  39 1 2 1 2
418   76  785 0  79 1 2 1 2
419  561  475 0   9 1 2 1 2
420  429  163 0  12 1 2 1 2
421  471  451 0  68 1 2 1 2
422  300  370 0  89 1 2 1 2
423  914  647 0  66 1 2 1 2
424  264  582 0  29 1 2 1 2
425  943  540 0   7 1 2 1 2
426  435  130 0   7 1 2 1 2
427  195  547 0  61 1 2 1 2
428  901  264 0  82 1 2 1 2
429  639  555 0  43 1 2 1 2
430  610   33 0  93 1 2 1 2
431  297  402 0  20 1 2 1 2
432  325   71 0  65 1 2 1 2
433  498  904 0   5 1 2 1 2
434   29  522 0  48 1 2 1 2
435    9  483 0  80 1 2 1 2
436  391  833 0  26 1 2 1 2
437  366  834 0  45 1 2 1 2
438  393  493 0  21 1 2 1 2
439  831  293 0  41 1 2 1 2
440  444  848 0  55 1 2 1 2
441  993  720 0  79 1 2 1 2
442  527  830 0  77 1 2 1 2
443  363  505 0  62 1 2 1 2
444  134  246 0  25 1 2 1 2
445  494  872 0  58 1 2 1 2
446  193  920 0  88 1 2 1 2
447  681  310 0  59 1 2 1 2
448   62  823 0  57 1 2 1 2
449  268  487 0  43 1 2 1 2
450  822  400 0  14 1 2 1 2
451  318  758 0  13 1 2 1 2
452   47  362 0  34 1 2 1 2
453  150  745 0  74 1 2 1 2
454  348  694 0   3 1 2 1 2
455  421  211 0  57 1 2 1 2
456   47  374 0   2 1 2 1 2
457  757  137 0   4 1 2 1 2
458  658  222 0  18 1 2 1 2
459  565  879 0  51 1 2 1 2
460  287  931 0   5 1 2 1 2
461   67  799 0  96 1 2 1 2
462  608  125 0  43 1 2 1 2
463  202  609 0  65 1 2 1 2
464  217  575 0  44 1 2 1 2
465  599  461 0  33 1 2 1 2
466   34  116 0  58 1 2 1 2
467  418   76 0  17 1 2 1 2
468   91   47 0  59 1 2 1 2
469  684  492 0  79 1 2 1 2
470  273  468 0  57 1 2 1 2
471  629  409 0   5 1 2 1 2
472  455  920 0  90 1 2 1 2
473  987  414 0  36 1 2 1 2
474  254  554 0  70 1 2 1 2
475  931  928 0  35 1 2 1 2
476  812  358 0  63 1 2 1 2
477  817  822 0  78 1 2 1 2
478  551  910 0  40 1 2 1 2
479  640  270 0  42 1 2 1 2
480  849  661 0  27 1 2 1 2
481  439  449 0  97 1 2 1 2
482  355   10 0  48 1 2 1 2
483  446  408 0  63 1 2 1 2
484  807  836 0  70 1 2 1 2
485  115  508 0  30 1 2 1 2
486  370  169 0  90 1 2 1 2
487  361  718 0  47 1 2 1 2
488  887  779 0  45 1 2 1 2
489  400  390 0  36 1 2 1 2
490  417  374 0   3 1 2 1 2
491  968  158 0   3 1 2 1 2
492   50  606 0   9 1 2 1 2
493   68  978 0  69 1 2 1 2
494  524  787 0  86 1 2 1 2
495  511   11 0  11 1 2 1 2
496   71   68 0  92 1 2 1 2
497  228  523 0  62 1 2 1 2
498  364  707 0  64 1 2 1 2
499  847  388 0  99 1 2 1 2
500  286  660 0  50 1 2 1 2
501  973  760 0  49 1 2 1 2
502  249  324 0  95 1 2 1 2
503  278  408 0  18 1 2 1 2
504  756  422 0  57 1 2 1 2
505  595  551 0  24 1 2 1 2
506  261  672 0  86 1 2 1 2
507  531  391 0  93 1 2 1 2
508  843  587 0  57 1 2 1 2
509   92  244 0  82 1 2 1 2
510  889  452 0  19 1 2 1 2
511  902  359 0  46 1 2 1 2
512  366    2 0  97 1 2 1 2
513  206  922 0  67 1 2 1 2
514  343  959 0   1 1 2 1 2
515  153  277 0  68 1 2 1 2
516  151  418 0  75 1 2 1 2
517   69  585 0  68 1 2 1 2
518  726  777 0  59 1 2 1 2
519  279  299 0  93 1 2 1 2
520  788  576 0   6 1 2 1 2
521  268    3 0  66 1 2 1 2
522  899  213 0  63 1 2 1 2
523  434  555 0  96 1 2 1 2
524  427  354 0  34 1 2 1 2
525  365  930 0  15 1 2 1 2
526  740  534 0  74 1 2 1 2
527  223  426 0  83 1 2 1 2
528  678  398 0  78 1 2 1 2
529  526  251 0  52 1 2 1 2
530  951  832 0  61 1 2 1 2
531  902   73 0  50 1 2 1 2
532  176  129 0   4 1 2 1 2
533  221  951 0  87 1 2 1 2
534  468  888 0  94 1 2 1 2
535   99  405 0  61 1 2 1 2
536   59  554 0  42 1 2 1 2
537  466  213 0   9 1 2 1 2
538  274  240 0  89 1 2 1 2
539  691  918 0  87 1 2 1 2
540  511  427 0   5 1 2 1 2
541   12  762 0  43 1 2 1 2
542  188  896 0  14 1 2 1 2
543  490  460 0  77 1 2 1 2
544  895  807 0   4 1 2 1 2
545  390  517 0  60 1 2 1 2
546  202  765 0  84 1 2 1 2
547  228  950 0  82 1 2 1 2
548  593  523 0  89 1 2 1 2
549  972  934 0  47 1 2 1 2
550  819  260 0  59 1 2 1 2
551  376   95 0  58 1 2 1 2
552   96  571 0  21 1 2 1 2
553  956  253 0  77 1 2 1 2
554  568  782 0  44 1 2 1 2
555  648  198 0  44 1 2 1 2
556  725   29 0  24 1 2 1 2
557  716   76 0  63 1 2 1 2
558  666   37 0  31 1 2 1 2
559  258  235 0  36 1 2 1 2
560  816  238 0  15 1 2 1 2
561  949   80 0  72 1 2 1 2
562  195  451 0  98 1 2 1 2
563  897  101 0  72 1 2 1 2
564  711  327 0  18 1 2 1 2
565  259  874 0  78 1 2 1 2
566  628   86 0  96 1 2 1 2
567  164  467 0  42 1 2 1 2
568  366  453 0  19 1 2 1 2
569  567  148 0  73 1 2 1 2
570  365   43 0  60 1 2 1 2
571  918  272 0  33 1 2 1 2
572   66  423 0  83 1 2 1 2
573  247  877 0  16 1 2 1 2
574  768  337 0  26 1 2 1 2
575  656  949 0  42 1 2 1 2
576  379   73 0  92 1 2 1 2
577  961  844 0  16 1 2 1 2
578  272  541 0   6 1 2 1 2
579  505  215 0  41 1 2 1 2
580  695  113 0  34 1 2 1 2
581  821  950 0  21 1 2 1 2
582  335    6 0  13 1 2 1 2
583  533  734 0  94 1 2 1 2
584  441  156 0  86 1 2 1 2
585  671  322 0  45 1 2 1 2
586  254  574 0  54 1 2 1 2
587  172  106 0   9 1 2 1 2
588  825  964 0  77 1 2 1 2
589  124  704 0  81 1 2 1 2
590   69  245 0  50 1 2 1 2
591  512  854 0  40 1 2 1 2
592  624   51 0  38 1 2 1 2
593  886  498 0  50 1 2 1 2
594  261  517 0  55 1 2 1 2
595  924  983 0  17 1 2 1 2
596  602  875 0  73 1 2 1 2
597  960  779 0  28 1 2 1 2
598  934  276 0  36 1 2 1 2
599  175  680 0   8 1 2 1 2
600  167  740 0  17 1 2 1 2
601  734  932 0  91 1 2 1 2
602  522  561 0  96 1 2 1 2
603  807   39 0   6 1 2 1 2
604  831  117 0  24 1 2 1 2
605  570  148 0   6 1 2 1 2
606   61  126 0  16 1 2 1 2
607  876  917 0  38 1 2 1 2
608  868  650 0   2 1 2 1 2
609  464  269 0  59 1 2 1 2
610  481  163 0   6 1 2 1 2
611  537  509 0  27 1 2 1 2
612   28  865 0  17 1 2 1 2
613  207  935 0  45 1 2 1 2
614  391  288 0  73 1 2 1 2
615  618  700 0  88 1 2 1 2
616  538   94 0  29 1 2 1 2
617  931   93 0  97 1 2 1 2
618  269  967 0  14 1 2 1 2
619  485  176 0  75 1 2 1 2
620  123  157 0  36 1 2 1 2
621  211  892 0  69 1 2 1 2
622  841  865 0  92 1 2 1 2
623   28  910 0  40 1 2 1 2
624   55  204 0  20 1 2 1 2
625  721  204 0  29 1 2 1 2
626  299  484 0  35 1 2 1 2
627  358  396 0  14 1 2 1 2
628  329  313 0  94 1 2 1 2
629  966  675 0  21 1 2 1 2
630  429  591 0  47 1 2 1 2
631  112  538 0   6 1 2 1 2
632  517  401 0  15 1 2 1 2
633  706  978 0  73 1 2 1 2
634  597  746 0 100 1 2 1 2
635  162  450 0  32 1 2 1 2
636  315  280 0  41 1 2 1 2
637  175  196 0  21 1 2 1 2
638  935  133 0  68 1 2 1 2
639  173  485 0  57 1 2 1 2
640   49  405 0  33 1 2 1 2
641  647  685 0  53 1 2 1 2
642  103  415 0  25 1 2 1 2
643  671  567 0  90 1 2 1 2
644  110  801 0  44 1 2 1 2
645  669  287 0  75 1 2 1 2
646   54  601 0  98 1 2 1 2
647  658  260 0  38 1 2 1 2
648  338  347 0  80 1 2 1 2
649  907    8 0  79 1 2 1 2
650  891   37 0  98 1 2 1 2
651  970  282 0  83 1 2 1 2
652  381  873 0  63 1 2 1 2
653  159  203 0  34 1 2 1 2
654  476  665 0  92 1 2 1 2
655  517  748 0  40 1 2 1 2
656  976  118 0  14 1 2 1 2
657  608  224 0   3 1 2 1 2
658  134  255 0   3 1 2 1 2
659  840  332 0  52 1 2 1 2
660  904  206 0  64 1 2 1 2
661  729  279 0  18 1 2 1 2
662  606  359 0 100 1 2 1 2
663  129   12 0  72 1 2 1 2
664  435  473 0  39 1 2 1 2
665  904  420 0  73 1 2 1 2
666  640  363 0  80 1 2 1 2
667  539  534 0   3 1 2 1 2
668  337   64 0  38 1 2 1 2
669  824  245 0  75 1 2 1 2
670  228  803 0  43 1 2 1 2
671  574   43 0  56 1 2 1 2
672  454  214 0  14 1 2 1 2
673  959  131 0  48 1 2 1 2
674  911  827 0   4 1 2 1 2
675  277   55 0  60 1 2 1 2
676  752  721 0  72 1 2 1 2
677  757  647 0  48 1 2 1 2
678  256  289 0  25 1 2 1 2
679  285   63 0  27 1 2 1 2
680  113  366 0  24 1 2 1 2
681  161  208 0  22 1 2 1 2
682  672  452 0  85 1 2 1 2
683  990  103 0  30 1 2 1 2
684   35  881 0   7 1 2 1 2
685  367  653 0  40 1 2 1 2
686  152  410 0  24 1 2 1 2
687  854  342 0  92 1 2 1 2
688  963  425 0  23 1 2 1 2
689  357  866 0  34 1 2 1 2
690  388  693 0  28 1 2 1 2
691  242  531 0  37 1 2 1 2
692  610  672 0  12 1 2 1 2
693  296  354 0  61 1 2 1 2
694  576  387 0  51 1 2 1 2
695  822    3 0  58 1 2 1 2
696  631  703 0  95 1 2 1 2
697  916  594 0  85 1 2 1 2
698  364  815 0  17 1 2 1 2
699 1000  534 0  23 1 2 1 2
700  567  949 0  36 1 2 1 2
701  544  818 0  84 1 2 1 2
702  546  161 0  98 1 2 1 2
703  150  736 0  42 1 2 1 2
704   54  900 0  68 1 2 1 2
705  299  795 0  83 1 2 1 2
706  836  929 0  79 1 2 1 2
707  689  736 0  71 1 2 1 2
708  953  412 0  99 1 2 1 2
709  523  458 0  19 1 2 1 2
710  853  842 0  77 1 2 1 2
711  150  239 0  46 1 2 1 2
712  660  435 0  63 1 2 1 2
713  760  994 0  25 1 2 1 2
714  159   28 0  40 1 2 1 2
715  805    3 0  54 1 2 1 2
716  484   59 0  36 1 2 1 2
717  630   51 0  66 1 2 1 2
718  933  728 0  89 1 2 1 2
719  676  523 0  50 1 2 1 2
720  418  345 0  89 1 2 1 2
721  260  525 0  71 1 2 1 2
722  815  532 0  20 1 2 1 2
723  511  456 0  84 1 2 1 2
724  809  666 0  61 1 2 1 2
725  712  761 0  52 1 2 1 2
726  430   34 0  15 1 2 1 2
727  574  424 0  22 1 2 1 2
728   86  492 0  11 1 2 1 2
729  669  615 0  28 1 2 1 2
730  937  147 0  25 1 2 1 2
731  137  438 0  10 1 2 1 2
732  829  458 0  21 1 2 1 2
733   60  276 0  68 1 2 1 2
734  406  303 0  90 1 2 1 2
735  325   18 0  89 1 2 1 2
736  150  504 0  62 1 2 1 2
737  643  102 0  51 1 2 1 2
738  621  969 0  78 1 2 1 2
739  823  953 0  81 1 2 1 2
740  244  702 0   5 1 2 1 2
741  607   34 0  90 1 2 1 2
742  384  260 0  47 1 2 1 2
743  959  620 0  20 1 2 1 2
744  962  344 0  13 1 2 1 2
745  510  219 0  39 1 2 1 2
746   17  461 0  24 1 2 1 2
747  502   49 0  58 1 2 1 2
748  263  739 0  29 1 2 1 2
749  186  984 0 100 1 2 1 2
750  428  219 0  47 1 2 1 2
751  762  671 0  85 1 2 1 2
752   32  861 0  11 1 2 1 2
753  578  128 0  55 1 2 1 2
754  967  519 0  93 1 2 1 2
755  551  414 0  73 1 2 1 2
756  481  168 0  24 1 2 1 2
757  745  678 0  99 1 2 1 2
758  487  738 0  26 1 2 1 2
759  814  846 0  47 1 2 1 2
760  356  962 0  67 1 2 1 2
761  631  884 0  52 1 2 1 2
762  689  244 0  32 1 2 1 2
763  718  928 0  88 1 2 1 2
764  636  911 0  69 1 2 1 2
765  845  477 0  49 1 2 1 2
766  454  102 0  40 1 2 1 2
767  917  932 0   4 1 2 1 2
768  485  137 0   2 1 2 1 2
769  273  569 0  32 1 2 1 2
770  773  478 0  39 1 2 1 2
771  418   22 0  28 1 2 1 2
772  402  405 0  56 1 2 1 2
773  264  523 0  27 1 2 1 2
774  405  182 0  19 1 2 1 2
775  703  358 0  30 1 2 1 2
776  843  798 0  87 1 2 1 2
777   25  436 0  37 1 2 1 2
778    8  918 0  28 1 2 1 2
779  289  840 0  25 1 2 1 2
780  689  366 0  76 1 2 1 2
781  239  951 0  75 1 2 1 2
782  616  410 0  31 1 2 1 2
783  208  525 0  89 1 2 1 2
784    4  143 0  23 1 2 1 2
785  471  288 0   1 1 2 1 2
786  657  381 0  11 1 2 1 2
787  243  391 0  38 1 2 1 2
788  278  268 0  96 1 2 1 2
789  295  261 0  25 1 2 1 2
790  244  954 0  15 1 2 1 2
791  749  403 0   3 1 2 1 2
792  865  121 0  72 1 2 1 2
793  583  329 0  12 1 2 1 2
794  677  916 0  72 1 2 1 2
795  299  142 0  75 1 2 1 2
796   24  882 0  42 1 2 1 2
797  400  431 0  43 1 2 1 2
798  129  680 0  37 1 2 1 2
799  279   87 0  16 1 2 1 2
800  293  286 0  35 1 2 1 2
801  530  588 0  10 1 2 1 2
802  711  891 0  35 1 2 1 2
803  572  874 0  76 1 2 1 2
804  455  330 0  35 1 2 1 2
805  214  404 0  54 1 2 1 2
806   99  372 0  42 1 2 1 2
807   15  524 0   7 1 2 1 2
808  356  343 0  51 1 2 1 2
809  761  517 0  23 1 2 1 2
810  795  871 0  65 1 2 1 2
811   49  768 0  51 1 2 1 2
812  226  352 0  17 1 2 1 2
813  128  477 0  17 1 2 1 2
814  567   70 0  83 1 2 1 2
815  409  565 0  29 1 2 1 2
816  140   96 0  26 1 2 1 2
817  679   46 0  39 1 2 1 2
818  622  930 0  42 1 2 1 2
819   30  452 0  79 1 2 1 2
820  851  172 0  56 1 2 1 2
821  622  961 0  90 1 2 1 2
822  106  482 0  39 1 2 1 2
823  686  679 0  10 1 2 1 2
824   28  909 0  37 1 2 1 2
825  639  874 0  56 1 2 1 2
826  689  589 0  33 1 2 1 2
827   65  828 0  48 1 2 1 2
828  340  242 0  84 1 2 1 2
829  460  810 0  59 1 2 1 2
830  656  523 0  56 1 2 1 2
831  428  321 0  68 1 2 1 2
832   70  409 0   8 1 2 1 2
833  814  665 0  20 1 2 1 2
834  770  211 0  84 1 2 1 2
835  823  623 0   6 1 2 1 2
836  556  621 0  88 1 2 1 2
837  413  405 0  14 1 2 1 2
838  575  585 0  59 1 2 1 2
839  275  366 0  27 1 2 1 2
840  484  881 0  87 1 2 1 2
841  438  751 0  18 1 2 1 2
842  441  274 0  42 1 2 1 2
843   18  527 0  69 1 2 1 2
844  310  559 0  55 1 2 1 2
845  739  580 0   5 1 2 1 2
846  563  685 0  41 1 2 1 2
847  625  182 0  19 1 2 1 2
848  528  426 0  20 1 2 1 2
849  483  798 0  77 1 2 1 2
850  201  805 0  64 1 2 1 2
851  964  302 0  78 1 2 1 2
852  170   46 0  24 1 2 1 2
853  588  600 0  15 1 2 1 2
854  208  999 0  80 1 2 1 2
855  778  681 0  96 1 2 1 2
856  197  752 0  59 1 2 1 2
857  363   36 0  29 1 2 1 2
858  134  677 0  54 1 2 1 2
859  620  521 0  38 1 2 1 2
860  412  197 0  63 1 2 1 2
861  202  375 0  23 1 2 1 2
862  261  392 0  52 1 2 1 2
863  589  125 0  48 1 2 1 2
864  426  256 0  95 1 2 1 2
865  365   57 0   6 1 2 1 2
866  685  985 0  89 1 2 1 2
867  786  487 0  11 1 2 1 2
868  582  839 0  13 1 2 1 2
869  139  147 0  59 1 2 1 2
870  220  787 0  53 1 2 1 2
871  255  439 0  23 1 2 1 2
872  309  941 0  51 1 2 1 2
873  227  488 0  63 1 2 1 2
874  753  627 0  41 1 2 1 2
875  479  109 0  72 1 2 1 2
876  292  130 0  80 1 2 1 2
877  769  538 0  34 1 2 1 2
878  190  930 0  72 1 2 1 2
879   39   60 0  77 1 2 1 2
880  847  818 0  21 1 2 1 2
881  807  335 0  31 1 2 1 2
882  813  325 0  49 1 2 1 2
883  789   47 0  62 1 2 1 2
884  800  816 0  97 1 2 1 2
885  850  171 0  81 1 2 1 2
886  532  955 0  92 1 2 1 2
887  437  438 0  66 1 2 1 2
888  835  469 0  98 1 2 1 2
889  299  788 0  90 1 2 1 2
890  178  782 0  23 1 2 1 2
891  279   68 0  51 1 2 1 2
892  823  987 0  45 1 2 1 2
893  872  543 0  70 1 2 1 2
894   79  221 0  68 1 2 1 2
895  586  138 0  31 1 2 1 2
896   97  654 0  45 1 2 1 2
897  552  344 0  57 1 2 1 2
898  155  754 0  51 1 2 1 2
899  623  330 0  63 1 2 1 2
900  685   95 0  18 1 2 1 2
901  460  292 0  15 1 2 1 2
902  759  546 0  13 1 2 1 2
903  316  403 0  83 1 2 1 2
904  992  110 0  99 1 2 1 2
905  669  803 0  17 1 2 1 2
906  909  682 0  34 1 2 1 2
907  348  574 0  68 1 2 1 2
908  111  911 0  39 1 2 1 2
909  886  788 0  29 1 2 1 2
910  612  284 0  77 1 2 1 2
911   38  543 0  81 1 2 1 2
912  308  452 0  16 1 2 1 2
913   11  736 0  88 1 2 1 2
914  171  305 0  22 1 2 1 2
915  595  563 0  15 1 2 1 2
916  336  551 0  26 1 2 1 2
917   71  767 0  72 1 2 1 2
918  251  710 0   7 1 2 1 2
919  416  327 0  23 1 2 1 2
920  668  844 0  28 1 2 1 2
921  580  615 0  89 1 2 1 2
922  578  995 0  16 1 2 1 2
923  461  108 0  43 1 2 1 2
924  240  722 0  58 1 2 1 2
925  284  773 0   0 0 0
926  805   99 0   0 0 0
