2 129 935 6
0 250
0 250
0 250
0 250
0 250
0 250
  1  392  285 0  69 1 6 1 2 4 8 16 32
  2  452  346 0  50 1 6 1 2 4 8 16 32
  3  111  359 0  32 1 6 1 2 4 8 16 32
  4  388  641 0  43 1 6 1 2 4 8 16 32
  5  190  255 0  22 1 6 1 2 4 8 16 32
  6  707  227 0  10 1 6 1 2 4 8 16 32
  7    7  735 0  32 1 6 1 2 4 8 16 32
  8  571  867 0  50 1 6 1 2 4 8 16 32
  9  454  787 0  22 1 6 1 2 4 8 16 32
 10  378 1000 0  77 1 6 1 2 4 8 16 32
 11  339   63 0  24 1 6 1 2 4 8 16 32
 12  275  683 0  47 1 6 1 2 4 8 16 32
 13  791  114 0  55 1 6 1 2 4 8 16 32
 14  595  340 0  75 1 6 1 2 4 8 16 32
 15  324  602 0  79 1 6 1 2 4 8 16 32
 16  902  766 0  95 1 6 1 2 4 8 16 32
 17  511   43 0   3 1 6 1 2 4 8 16 32
 18  306  382 0  47 1 6 1 2 4 8 16 32
 19  302  762 0  29 1 6 1 2 4 8 16 32
 20  445  737 0  69 1 6 1 2 4 8 16 32
 21  693  685 0  76 1 6 1 2 4 8 16 32
 22  513  391 0  20 1 6 1 2 4 8 16 32
 23  590  294 0  72 1 6 1 2 4 8 16 32
 24   33  421 0  57 1 6 1 2 4 8 16 32
 25  716  138 0  26 1 6 1 2 4 8 16 32
 26   82  802 0  99 1 6 1 2 4 8 16 32
 27   90  880 0  79 1 6 1 2 4 8 16 32
 28  339  429 0  57 1 6 1 2 4 8 16 32
 29  139  525 0  75 1 6 1 2 4 8 16 32
 30  134  526 0  53 1 6 1 2 4 8 16 32
 31  780  534 0  62 1 6 1 2 4 8 16 32
 32  644  795 0  36 1 6 1 2 4 8 16 32
 33  859   64 0  36 1 6 1 2 4 8 16 32
 34  233   33 0  85 1 6 1 2 4 8 16 32
 35  644  401 0  60 1 6 1 2 4 8 16 32
 36  334    5 0  31 1 6 1 2 4 8 16 32
 37  631  864 0  63 1 6 1 2 4 8 16 32
 38  185  610 0  78 1 6 1 2 4 8 16 32
 39   42  635 0  15 1 6 1 2 4 8 16 32
 40  499  101 0  40 1 6 1 2 4 8 16 32
 41  896  489 0  70 1 6 1 2 4 8 16 32
 42  960  467 0  97 1 6 1 2 4 8 16 32
 43  977  514 0   8 1 6 1 2 4 8 16 32
 44  375  864 0  30 1 6 1 2 4 8 16 32
 45  152  525 0  18 1 6 1 2 4 8 16 32
 46  528  698 0  78 1 6 1 2 4 8 16 32
 47   11  273 0  49 1 6 1 2 4 8 16 32
 48  913  353 0  70 1 6 1 2 4 8 16 32
 49  815  336 0   5 1 6 1 2 4 8 16 32
 50  909  438 0   5 1 6 1 2 4 8 16 32
 51  269  502 0  95 1 6 1 2 4 8 16 32
 52  493  371 0  22 1 6 1 2 4 8 16 32
 53  369  127 0  38 1 6 1 2 4 8 16 32
 54  592  460 0  48 1 6 1 2 4 8 16 32
 55  254  940 0  72 1 6 1 2 4 8 16 32
 56  197  104 0  79 1 6 1 2 4 8 16 32
 57  516  712 0  86 1 6 1 2 4 8 16 32
 58  985   44 0  35 1 6 1 2 4 8 16 32
 59  831  443 0  47 1 6 1 2 4 8 16 32
 60  329   54 0  95 1 6 1 2 4 8 16 32
 61  954  510 0  55 1 6 1 2 4 8 16 32
 62   58  519 0  76 1 6 1 2 4 8 16 32
 63  184  462 0  30 1 6 1 2 4 8 16 32
 64  614  560 0  64 1 6 1 2 4 8 16 32
 65  255  855 0  93 1 6 1 2 4 8 16 32
 66  745  757 0  10 1 6 1 2 4 8 16 32
 67  459  850 0  45 1 6 1 2 4 8 16 32
 68  969  681 0  88 1 6 1 2 4 8 16 32
 69  819  208 0  65 1 6 1 2 4 8 16 32
 70  281  514 0  69 1 6 1 2 4 8 16 32
 71  710  534 0  99 1 6 1 2 4 8 16 32
 72  694  204 0  49 1 6 1 2 4 8 16 32
 73  363  147 0  27 1 6 1 2 4 8 16 32
 74  827  799 0  83 1 6 1 2 4 8 16 32
 75  942  457 0  12 1 6 1 2 4 8 16 32
 76  733   59 0  95 1 6 1 2 4 8 16 32
 77  959  961 0  36 1 6 1 2 4 8 16 32
 78  484  112 0  22 1 6 1 2 4 8 16 32
 79  942  388 0  21 1 6 1 2 4 8 16 32
 80  786  485 0  83 1 6 1 2 4 8 16 32
 81  618  368 0  34 1 6 1 2 4 8 16 32
 82  900  235 0  36 1 6 1 2 4 8 16 32
 83  963  222 0  91 1 6 1 2 4 8 16 32
 84   70  294 0  69 1 6 1 2 4 8 16 32
 85  811  393 0  10 1 6 1 2 4 8 16 32
 86  774  474 0  57 1 6 1 2 4 8 16 32
 87  345  517 0  22 1 6 1 2 4 8 16 32
 88  222  131 0  67 1 6 1 2 4 8 16 32
 89  139  694 0  65 1 6 1 2 4 8 16 32
 90  739  816 0  82 1 6 1 2 4 8 16 32
 91  298  709 0  61 1 6 1 2 4 8 16 32
 92  105  687 0  21 1 6 1 2 4 8 16 32
 93  774    3 0  17 1 6 1 2 4 8 16 32
 94  913  722 0  52 1 6 1 2 4 8 16 32
 95  315  691 0  97 1 6 1 2 4 8 16 32
 96  625  537 0  83 1 6 1 2 4 8 16 32
 97  593  151 0  73 1 6 1 2 4 8 16 32
 98  516  713 0  94 1 6 1 2 4 8 16 32
 99  308  232 0  44 1 6 1 2 4 8 16 32
100  285  178 0  61 1 6 1 2 4 8 16 32
101  919  297 0  22 1 6 1 2 4 8 16 32
102   60  913 0  31 1 6 1 2 4 8 16 32
103  656  251 0  66 1 6 1 2 4 8 16 32
104   95  778 0  19 1 6 1 2 4 8 16 32
105  950   75 0  58 1 6 1 2 4 8 16 32
106  854  269 0  46 1 6 1 2 4 8 16 32
107  517  567 0  99 1 6 1 2 4 8 16 32
108  503  944 0   4 1 6 1 2 4 8 16 32
109  919  587 0  85 1 6 1 2 4 8 16 32
110  275  696 0  82 1 6 1 2 4 8 16 32
111  689  843 0  28 1 6 1 2 4 8 16 32
112   48  989 0 100 1 6 1 2 4 8 16 32
113   82  625 0   8 1 6 1 2 4 8 16 32
114  199  152 0  50 1 6 1 2 4 8 16 32
115   90  372 0   5 1 6 1 2 4 8 16 32
116  810  889 0  76 1 6 1 2 4 8 16 32
117   26  548 0  70 1 6 1 2 4 8 16 32
118  743  583 0  86 1 6 1 2 4 8 16 32
119  866  355 0   9 1 6 1 2 4 8 16 32
120  477  873 0  10 1 6 1 2 4 8 16 32
121  651  122 0  37 1 6 1 2 4 8 16 32
122  947  513 0  42 1 6 1 2 4 8 16 32
123  334  170 0  74 1 6 1 2 4 8 16 32
124  370  951 0  53 1 6 1 2 4 8 16 32
125  971  398 0  66 1 6 1 2 4 8 16 32
126  753  208 0  91 1 6 1 2 4 8 16 32
127  552  949 0  74 1 6 1 2 4 8 16 32
128  885  978 0  29 1 6 1 2 4 8 16 32
129  918  638 0   3 1 6 1 2 4 8 16 32
130  522  412 0  61 1 6 1 2 4 8 16 32
131  364  154 0  24 1 6 1 2 4 8 16 32
132  739  900 0  54 1 6 1 2 4 8 16 32
133  620  246 0  42 1 6 1 2 4 8 16 32
134  393  940 0  87 1 6 1 2 4 8 16 32
135  188  251 0  23 1 6 1 2 4 8 16 32
136  270  412 0  56 1 6 1 2 4 8 16 32
137  559  344 0  88 1 6 1 2 4 8 16 32
138   39  532 0  38 1 6 1 2 4 8 16 32
139   40  864 0  25 1 6 1 2 4 8 16 32
140  881  602 0   1 1 6 1 2 4 8 16 32
141  358  652 0  11 1 6 1 2 4 8 16 32
142  412  690 0  43 1 6 1 2 4 8 16 32
143  366  668 0  21 1 6 1 2 4 8 16 32
144  266  503 0  91 1 6 1 2 4 8 16 32
145  696   43 0  96 1 6 1 2 4 8 16 32
146  590  731 0  98 1 6 1 2 4 8 16 32
147  767  213 0  62 1 6 1 2 4 8 16 32
148  459  560 0  88 1 6 1 2 4 8 16 32
149   92  614 0   5 1 6 1 2 4 8 16 32
150  661  230 0  88 1 6 1 2 4 8 16 32
151  940  644 0   6 1 6 1 2 4 8 16 32
152  681   30 0  40 1 6 1 2 4 8 16 32
153  410  926 0  96 1 6 1 2 4 8 16 32
154  746  260 0  18 1 6 1 2 4 8 16 32
155  656  208 0  45 1 6 1 2 4 8 16 32
156  138  359 0  52 1 6 1 2 4 8 16 32
157  416  929 0  72 1 6 1 2 4 8 16 32
158  300  728 0   6 1 6 1 2 4 8 16 32
159  214  724 0   4 1 6 1 2 4 8 16 32
160  461  741 0  73 1 6 1 2 4 8 16 32
161  481   42 0  31 1 6 1 2 4 8 16 32
162  626  733 0   4 1 6 1 2 4 8 16 32
163  925  678 0  84 1 6 1 2 4 8 16 32
164   93  541 0  15 1 6 1 2 4 8 16 32
165   41   40 0  77 1 6 1 2 4 8 16 32
166  996  526 0  35 1 6 1 2 4 8 16 32
167  756  379 0  39 1 6 1 2 4 8 16 32
168  866   26 0  90 1 6 1 2 4 8 16 32
169  843  932 0  16 1 6 1 2 4 8 16 32
170   40  303 0  52 1 6 1 2 4 8 16 32
171  963  636 0  84 1 6 1 2 4 8 16 32
172  481  278 0  15 1 6 1 2 4 8 16 32
173  350  974 0  83 1 6 1 2 4 8 16 32
174  301  548 0  35 1 6 1 2 4 8 16 32
175  847  904 0  95 1 6 1 2 4 8 16 32
176  359  348 0  52 1 6 1 2 4 8 16 32
177  609  157 0   2 1 6 1 2 4 8 16 32
178  715   50 0  97 1 6 1 2 4 8 16 32
179  879  518 0  50 1 6 1 2 4 8 16 32
180  885  963 0  65 1 6 1 2 4 8 16 32
181   89  914 0   7 1 6 1 2 4 8 16 32
182  675  504 0  78 1 6 1 2 4 8 16 32
183  697  798 0  93 1 6 1 2 4 8 16 32
184  251  990 0  42 1 6 1 2 4 8 16 32
185  623  516 0  80 1 6 1 2 4 8 16 32
186  461  648 0  13 1 6 1 2 4 8 16 32
187   65  368 0  26 1 6 1 2 4 8 16 32
188  951  394 0  27 1 6 1 2 4 8 16 32
189  387  492 0  97 1 6 1 2 4 8 16 32
190  101  686 0  73 1 6 1 2 4 8 16 32
191   36   58 0  91 1 6 1 2 4 8 16 32
192  843  682 0  36 1 6 1 2 4 8 16 32
193  574   37 0  71 1 6 1 2 4 8 16 32
194  986  262 0  24 1 6 1 2 4 8 16 32
195  645  853 0  27 1 6 1 2 4 8 16 32
196  401   35 0  66 1 6 1 2 4 8 16 32
197  386  790 0  48 1 6 1 2 4 8 16 32
198  562  148 0  54 1 6 1 2 4 8 16 32
199   60  821 0  30 1 6 1 2 4 8 16 32
200  313  474 0  20 1 6 1 2 4 8 16 32
201    5  195 0  14 1 6 1 2 4 8 16 32
202  962  384 0   4 1 6 1 2 4 8 16 32
203  568  556 0  81 1 6 1 2 4 8 16 32
204  987  969 0  47 1 6 1 2 4 8 16 32
205  943  810 0   2 1 6 1 2 4 8 16 32
206  141  136 0  32 1 6 1 2 4 8 16 32
207  492  341 0  79 1 6 1 2 4 8 16 32
208  362  737 0  29 1 6 1 2 4 8 16 32
209  956  245 0  38 1 6 1 2 4 8 16 32
210  331  535 0  47 1 6 1 2 4 8 16 32
211  421  228 0  21 1 6 1 2 4 8 16 32
212  237  733 0   7 1 6 1 2 4 8 16 32
213  338  703 0  60 1 6 1 2 4 8 16 32
214  858  285 0  56 1 6 1 2 4 8 16 32
215  273  635 0  24 1 6 1 2 4 8 16 32
216  571  453 0  75 1 6 1 2 4 8 16 32
217  403  856 0   6 1 6 1 2 4 8 16 32
218  398  224 0  78 1 6 1 2 4 8 16 32
219  723  749 0  58 1 6 1 2 4 8 16 32
220  967  214 0  97 1 6 1 2 4 8 16 32
221  789  902 0  53 1 6 1 2 4 8 16 32
222  172  444 0   6 1 6 1 2 4 8 16 32
223   36  197 0  80 1 6 1 2 4 8 16 32
224  356  230 0  42 1 6 1 2 4 8 16 32
225  938  879 0  28 1 6 1 2 4 8 16 32
226  683  616 0  45 1 6 1 2 4 8 16 32
227  564  509 0   4 1 6 1 2 4 8 16 32
228  466  653 0  54 1 6 1 2 4 8 16 32
229  707  338 0  25 1 6 1 2 4 8 16 32
230  910  382 0  24 1 6 1 2 4 8 16 32
231   44  944 0  93 1 6 1 2 4 8 16 32
232  565  933 0  55 1 6 1 2 4 8 16 32
233  116  681 0  21 1 6 1 2 4 8 16 32
234  851    8 0   1 1 6 1 2 4 8 16 32
235  972  592 0   5 1 6 1 2 4 8 16 32
236  653  277 0  15 1 6 1 2 4 8 16 32
237  143   24 0  16 1 6 1 2 4 8 16 32
238  537  764 0  88 1 6 1 2 4 8 16 32
239  736  138 0  16 1 6 1 2 4 8 16 32
240   66  654 0  28 1 6 1 2 4 8 16 32
241  573  316 0  17 1 6 1 2 4 8 16 32
242  717   38 0  47 1 6 1 2 4 8 16 32
243  597   19 0 100 1 6 1 2 4 8 16 32
244  403  239 0   5 1 6 1 2 4 8 16 32
245  307  883 0  58 1 6 1 2 4 8 16 32
246  704  390 0  44 1 6 1 2 4 8 16 32
247  149  303 0  55 1 6 1 2 4 8 16 32
248  409  402 0  11 1 6 1 2 4 8 16 32
249  807  983 0  55 1 6 1 2 4 8 16 32
250  809  626 0  55 1 6 1 2 4 8 16 32
251   26  844 0  90 1 6 1 2 4 8 16 32
252  612  316 0  59 1 6 1 2 4 8 16 32
253   19  502 0  49 1 6 1 2 4 8 16 32
254  548  722 0  13 1 6 1 2 4 8 16 32
255  490  888 0  23 1 6 1 2 4 8 16 32
256  681  606 0  19 1 6 1 2 4 8 16 32
257  856  127 0  84 1 6 1 2 4 8 16 32
258  155  829 0  88 1 6 1 2 4 8 16 32
259  797  117 0  84 1 6 1 2 4 8 16 32
260  163  126 0  33 1 6 1 2 4 8 16 32
261   84  122 0  73 1 6 1 2 4 8 16 32
262   46    5 0  49 1 6 1 2 4 8 16 32
263  326  371 0  88 1 6 1 2 4 8 16 32
264   41  666 0  53 1 6 1 2 4 8 16 32
265  765  907 0   7 1 6 1 2 4 8 16 32
266  584  591 0  74 1 6 1 2 4 8 16 32
267  766  549 0  25 1 6 1 2 4 8 16 32
268  608  916 0  97 1 6 1 2 4 8 16 32
269  374  297 0  46 1 6 1 2 4 8 16 32
270  966  843 0  64 1 6 1 2 4 8 16 32
271  634  453 0  26 1 6 1 2 4 8 16 32
272  242  104 0  84 1 6 1 2 4 8 16 32
273  675  534 0  48 1 6 1 2 4 8 16 32
274  487  424 0  32 1 6 1 2 4 8 16 32
275   90  614 0  36 1 6 1 2 4 8 16 32
276  946  310 0  87 1 6 1 2 4 8 16 32
277  870   76 0  13 1 6 1 2 4 8 16 32
278  900  426 0  95 1 6 1 2 4 8 16 32
279  149  855 0  71 1 6 1 2 4 8 16 32
280   22  467 0  50 1 6 1 2 4 8 16 32
281  360  707 0  69 1 6 1 2 4 8 16 32
282  120  886 0  99 1 6 1 2 4 8 16 32
283  847    9 0  22 1 6 1 2 4 8 16 32
284   87  313 0  32 1 6 1 2 4 8 16 32
285  323  831 0  35 1 6 1 2 4 8 16 32
286  945  879 0  42 1 6 1 2 4 8 16 32
287  529  612 0  49 1 6 1 2 4 8 16 32
288   53  397 0  87 1 6 1 2 4 8 16 32
289  852  388 0  54 1 6 1 2 4 8 16 32
290  876  746 0   8 1 6 1 2 4 8 16 32
291  280  692 0  99 1 6 1 2 4 8 16 32
292  258  909 0  42 1 6 1 2 4 8 16 32
293  955  389 0  96 1 6 1 2 4 8 16 32
294  555  166 0  34 1 6 1 2 4 8 16 32
295  825  521 0  21 1 6 1 2 4 8 16 32
296  765  921 0  20 1 6 1 2 4 8 16 32
297  818  991 0  37 1 6 1 2 4 8 16 32
298  241  482 0  15 1 6 1 2 4 8 16 32
299  772  120 0  92 1 6 1 2 4 8 16 32
300  816  450 0  76 1 6 1 2 4 8 16 32
301   49  350 0   5 1 6 1 2 4 8 16 32
302  478  567 0  88 1 6 1 2 4 8 16 32
303  877  268 0  10 1 6 1 2 4 8 16 32
304  667  292 0  18 1 6 1 2 4 8 16 32
305  413   24 0  92 1 6 1 2 4 8 16 32
306  498  141 0  52 1 6 1 2 4 8 16 32
307  252  824 0  49 1 6 1 2 4 8 16 32
308  509  386 0  85 1 6 1 2 4 8 16 32
309  230  130 0  85 1 6 1 2 4 8 16 32
310  596   15 0  49 1 6 1 2 4 8 16 32
311  548  105 0  11 1 6 1 2 4 8 16 32
312  489  175 0  93 1 6 1 2 4 8 16 32
313  867  892 0  31 1 6 1 2 4 8 16 32
314   29  141 0  40 1 6 1 2 4 8 16 32
315  857  424 0  20 1 6 1 2 4 8 16 32
316  441  427 0  66 1 6 1 2 4 8 16 32
317  428  983 0  96 1 6 1 2 4 8 16 32
318  674  151 0  90 1 6 1 2 4 8 16 32
319  120  824 0  86 1 6 1 2 4 8 16 32
320  164  696 0  24 1 6 1 2 4 8 16 32
321  766    1 0  41 1 6 1 2 4 8 16 32
322  619  299 0  27 1 6 1 2 4 8 16 32
323   23  966 0   7 1 6 1 2 4 8 16 32
324  916  717 0  89 1 6 1 2 4 8 16 32
325  687   81 0  23 1 6 1 2 4 8 16 32
326  404  711 0  39 1 6 1 2 4 8 16 32
327  441  812 0  99 1 6 1 2 4 8 16 32
328  384  222 0  72 1 6 1 2 4 8 16 32
329  765  479 0  30 1 6 1 2 4 8 16 32
330  622  663 0  62 1 6 1 2 4 8 16 32
331  364    2 0  62 1 6 1 2 4 8 16 32
332  640  519 0   9 1 6 1 2 4 8 16 32
333   13  123 0  62 1 6 1 2 4 8 16 32
334  808  415 0  72 1 6 1 2 4 8 16 32
335  913  810 0  40 1 6 1 2 4 8 16 32
336  707  846 0  61 1 6 1 2 4 8 16 32
337  735  247 0  81 1 6 1 2 4 8 16 32
338   55  843 0  84 1 6 1 2 4 8 16 32
339  533  820 0  86 1 6 1 2 4 8 16 32
340  779  598 0  98 1 6 1 2 4 8 16 32
341  506  237 0  99 1 6 1 2 4 8 16 32
342  737  960 0   3 1 6 1 2 4 8 16 32
343  111  154 0  42 1 6 1 2 4 8 16 32
344  517   24 0  34 1 6 1 2 4 8 16 32
345  530  373 0  88 1 6 1 2 4 8 16 32
346   52  773 0  30 1 6 1 2 4 8 16 32
347  119  802 0  10 1 6 1 2 4 8 16 32
348  126  476 0  95 1 6 1 2 4 8 16 32
349  624  649 0  97 1 6 1 2 4 8 16 32
350  670  179 0  99 1 6 1 2 4 8 16 32
351  447  856 0  57 1 6 1 2 4 8 16 32
352  773  802 0  56 1 6 1 2 4 8 16 32
353  576  498 0  41 1 6 1 2 4 8 16 32
354  247  879 0  31 1 6 1 2 4 8 16 32
355  185  911 0  51 1 6 1 2 4 8 16 32
356  376  583 0  12 1 6 1 2 4 8 16 32
357  100  301 0  51 1 6 1 2 4 8 16 32
358  964  655 0  84 1 6 1 2 4 8 16 32
359   98  739 0  51 1 6 1 2 4 8 16 32
360   32  686 0  33 1 6 1 2 4 8 16 32
361  494  234 0   4 1 6 1 2 4 8 16 32
362  404  126 0  74 1 6 1 2 4 8 16 32
363  281  787 0   9 1 6 1 2 4 8 16 32
364  192    7 0  77 1 6 1 2 4 8 16 32
365  782  668 0  35 1 6 1 2 4 8 16 32
366  186  498 0  45 1 6 1 2 4 8 16 32
367  844  679 0  11 1 6 1 2 4 8 16 32
368  718  333 0  33 1 6 1 2 4 8 16 32
369  360  877 0  37 1 6 1 2 4 8 16 32
370  764  373 0  39 1 6 1 2 4 8 16 32
371  285  822 0  97 1 6 1 2 4 8 16 32
372  986  520 0  76 1 6 1 2 4 8 16 32
373  921   74 0  50 1 6 1 2 4 8 16 32
374    1  174 0  92 1 6 1 2 4 8 16 32
375  878  223 0  95 1 6 1 2 4 8 16 32
376  786  591 0  82 1 6 1 2 4 8 16 32
377  451    7 0  15 1 6 1 2 4 8 16 32
378  188  375 0  31 1 6 1 2 4 8 16 32
379  462  474 0  19 1 6 1 2 4 8 16 32
380  923  709 0  79 1 6 1 2 4 8 16 32
381  212  261 0  84 1 6 1 2 4 8 16 32
382  406  139 0  18 1 6 1 2 4 8 16 32
383  107  236 0  60 1 6 1 2 4 8 16 32
384  714  266 0  63 1 6 1 2 4 8 16 32
385   26  327 0  77 1 6 1 2 4 8 16 32
386  989  249 0  12 1 6 1 2 4 8 16 32
387  163  774 0  52 1 6 1 2 4 8 16 32
388  847   81 0  85 1 6 1 2 4 8 16 32
389  435  675 0  13 1 6 1 2 4 8 16 32
390  333  256 0  35 1 6 1 2 4 8 16 32
391  385   11 0  41 1 6 1 2 4 8 16 32
392  119  543 0  95 1 6 1 2 4 8 16 32
393  760  159 0   6 1 6 1 2 4 8 16 32
394  671  958 0  61 1 6 1 2 4 8 16 32
395  806  713 0  90 1 6 1 2 4 8 16 32
396  546  104 0  78 1 6 1 2 4 8 16 32
397  772  977 0  61 1 6 1 2 4 8 16 32
398   56   35 0  14 1 6 1 2 4 8 16 32
399  667  696 0  65 1 6 1 2 4 8 16 32
400  304  578 0  31 1 6 1 2 4 8 16 32
401  269   34 0  16 1 6 1 2 4 8 16 32
402  842  583 0  67 1 6 1 2 4 8 16 32
403  522   15 0  29 1 6 1 2 4 8 16 32
404  842  844 0  96 1 6 1 2 4 8 16 32
405  366   16 0   1 1 6 1 2 4 8 16 32
406  639  364 0  71 1 6 1 2 4 8 16 32
407  449  251 0  43 1 6 1 2 4 8 16 32
408  763  553 0  16 1 6 1 2 4 8 16 32
409  507  283 0  75 1 6 1 2 4 8 16 32
410  605  454 0  24 1 6 1 2 4 8 16 32
411  650  531 0  98 1 6 1 2 4 8 16 32
412  698  158 0  38 1 6 1 2 4 8 16 32
413  968  607 0  83 1 6 1 2 4 8 16 32
414  325  527 0  28 1 6 1 2 4 8 16 32
415  261  734 0  28 1 6 1 2 4 8 16 32
416  867  689 0 100 1 6 1 2 4 8 16 32
417  819  256 0  23 1 6 1 2 4 8 16 32
418  260  392 0   3 1 6 1 2 4 8 16 32
419  471    9 0  78 1 6 1 2 4 8 16 32
420  994  237 0   5 1 6 1 2 4 8 16 32
421   20  503 0  13 1 6 1 2 4 8 16 32
422  313  980 0  18 1 6 1 2 4 8 16 32
423  482  855 0  37 1 6 1 2 4 8 16 32
424  402  556 0  23 1 6 1 2 4 8 16 32
425  201  417 0  46 1 6 1 2 4 8 16 32
426  512   96 0  25 1 6 1 2 4 8 16 32
427  318  476 0   1 1 6 1 2 4 8 16 32
428  129  686 0  14 1 6 1 2 4 8 16 32
429  687   41 0  70 1 6 1 2 4 8 16 32
430  561  749 0  92 1 6 1 2 4 8 16 32
431  877  943 0  28 1 6 1 2 4 8 16 32
432  398  303 0  82 1 6 1 2 4 8 16 32
433  642  410 0  82 1 6 1 2 4 8 16 32
434  486  546 0  49 1 6 1 2 4 8 16 32
435  298  134 0 100 1 6 1 2 4 8 16 32
436  510  525 0   1 1 6 1 2 4 8 16 32
437  269  521 0  60 1 6 1 2 4 8 16 32
438  200  692 0  75 1 6 1 2 4 8 16 32
439  190   71 0  74 1 6 1 2 4 8 16 32
440  142  717 0  18 1 6 1 2 4 8 16 32
441  193  864 0  61 1 6 1 2 4 8 16 32
442   40  417 0  94 1 6 1 2 4 8 16 32
443  285   63 0  61 1 6 1 2 4 8 16 32
444   42  124 0  97 1 6 1 2 4 8 16 32
445  795  292 0  77 1 6 1 2 4 8 16 32
446  837    6 0  65 1 6 1 2 4 8 16 32
447  625   11 0 100 1 6 1 2 4 8 16 32
448  530  603 0   1 1 6 1 2 4 8 16 32
449  389  174 0  83 1 6 1 2 4 8 16 32
450  810  661 0  86 1 6 1 2 4 8 16 32
451  213  945 0  50 1 6 1 2 4 8 16 32
452  330  769 0  31 1 6 1 2 4 8 16 32
453  310  822 0  29 1 6 1 2 4 8 16 32
454  315  968 0  88 1 6 1 2 4 8 16 32
455  719  317 0  95 1 6 1 2 4 8 16 32
456  678  857 0  14 1 6 1 2 4 8 16 32
457  909  561 0  86 1 6 1 2 4 8 16 32
458  998  716 0  71 1 6 1 2 4 8 16 32
459  545  255 0  20 1 6 1 2 4 8 16 32
460   29  590 0  99 1 6 1 2 4 8 16 32
461  437  738 0  62 1 6 1 2 4 8 16 32
462  423  888 0  78 1 6 1 2 4 8 16 32
463  583  947 0  25 1 6 1 2 4 8 16 32
464  481  414 0  87 1 6 1 2 4 8 16 32
465  283  849 0  51 1 6 1 2 4 8 16 32
466  756  667 0  80 1 6 1 2 4 8 16 32
467  334  566 0  23 1 6 1 2 4 8 16 32
468  161  486 0  28 1 6 1 2 4 8 16 32
469  428  382 0  28 1 6 1 2 4 8 16 32
470   93  403 0  14 1 6 1 2 4 8 16 32
471  435  188 0  27 1 6 1 2 4 8 16 32
472  683  656 0  35 1 6 1 2 4 8 16 32
473  248  883 0  28 1 6 1 2 4 8 16 32
474  170  220 0  12 1 6 1 2 4 8 16 32
475  524  709 0  71 1 6 1 2 4 8 16 32
476  578  970 0  19 1 6 1 2 4 8 16 32
477  941  515 0  77 1 6 1 2 4 8 16 32
478  988  710 0  97 1 6 1 2 4 8 16 32
479  564  367 0  28 1 6 1 2 4 8 16 32
480  102  172 0  64 1 6 1 2 4 8 16 32
481  187  114 0  12 1 6 1 2 4 8 16 32
482  328  128 0  40 1 6 1 2 4 8 16 32
483  496  771 0  80 1 6 1 2 4 8 16 32
484   10  377 0  28 1 6 1 2 4 8 16 32
485  931  631 0  75 1 6 1 2 4 8 16 32
486  486  991 0  39 1 6 1 2 4 8 16 32
487  778  906 0  57 1 6 1 2 4 8 16 32
488  304  366 0  53 1 6 1 2 4 8 16 32
489  344  241 0   2 1 6 1 2 4 8 16 32
490  697  909 0  35 1 6 1 2 4 8 16 32
491  545  940 0  75 1 6 1 2 4 8 16 32
492  480  594 0  91 1 6 1 2 4 8 16 32
493  725  825 0  99 1 6 1 2 4 8 16 32
494  206  817 0  64 1 6 1 2 4 8 16 32
495   32  201 0  50 1 6 1 2 4 8 16 32
496  136  758 0  87 1 6 1 2 4 8 16 32
497  473  894 0   3 1 6 1 2 4 8 16 32
498  659  744 0  41 1 6 1 2 4 8 16 32
499  364   54 0  36 1 6 1 2 4 8 16 32
500  881  978 0   4 1 6 1 2 4 8 16 32
501  683  245 0  23 1 6 1 2 4 8 16 32
502   20  504 0  29 1 6 1 2 4 8 16 32
503  259  251 0  48 1 6 1 2 4 8 16 32
504  375  975 0  59 1 6 1 2 4 8 16 32
505  839  913 0  30 1 6 1 2 4 8 16 32
506  729  981 0  12 1 6 1 2 4 8 16 32
507  249  494 0  39 1 6 1 2 4 8 16 32
508  549  931 0  27 1 6 1 2 4 8 16 32
509  618   62 0  12 1 6 1 2 4 8 16 32
510  649  401 0  59 1 6 1 2 4 8 16 32
511  901  675 0  26 1 6 1 2 4 8 16 32
512  595  473 0  53 1 6 1 2 4 8 16 32
513  181  563 0   7 1 6 1 2 4 8 16 32
514   90  321 0  22 1 6 1 2 4 8 16 32
515  295  732 0  43 1 6 1 2 4 8 16 32
516  906  526 0  62 1 6 1 2 4 8 16 32
517  257   57 0  75 1 6 1 2 4 8 16 32
518  611  700 0  13 1 6 1 2 4 8 16 32
519  127  570 0  51 1 6 1 2 4 8 16 32
520  427  252 0  94 1 6 1 2 4 8 16 32
521  383  442 0  79 1 6 1 2 4 8 16 32
522  741  815 0  31 1 6 1 2 4 8 16 32
523  328  485 0  93 1 6 1 2 4 8 16 32
524  637  397 0  13 1 6 1 2 4 8 16 32
525  334  908 0   5 1 6 1 2 4 8 16 32
526  206  718 0  78 1 6 1 2 4 8 16 32
527  752  941 0  62 1 6 1 2 4 8 16 32
528  814  458 0  87 1 6 1 2 4 8 16 32
529  200  262 0  45 1 6 1 2 4 8 16 32
530  902  437 0  43 1 6 1 2 4 8 16 32
531  143  336 0  45 1 6 1 2 4 8 16 32
532  944   77 0  55 1 6 1 2 4 8 16 32
533  476  154 0  53 1 6 1 2 4 8 16 32
534   98  236 0  76 1 6 1 2 4 8 16 32
535  209  233 0  42 1 6 1 2 4 8 16 32
536   89  376 0  99 1 6 1 2 4 8 16 32
537  216  580 0  27 1 6 1 2 4 8 16 32
538  429  885 0  45 1 6 1 2 4 8 16 32
539  505  692 0  86 1 6 1 2 4 8 16 32
540  137  510 0  51 1 6 1 2 4 8 16 32
541  425  213 0   2 1 6 1 2 4 8 16 32
542  831  165 0  37 1 6 1 2 4 8 16 32
543  469  198 0  29 1 6 1 2 4 8 16 32
544  894  498 0  71 1 6 1 2 4 8 16 32
545  668  639 0  16 1 6 1 2 4 8 16 32
546  433  410 0  29 1 6 1 2 4 8 16 32
547  146  344 0  71 1 6 1 2 4 8 16 32
548  541  849 0  96 1 6 1 2 4 8 16 32
549  222  711 0  51 1 6 1 2 4 8 16 32
550  342  307 0  46 1 6 1 2 4 8 16 32
551  189  238 0  79 1 6 1 2 4 8 16 32
552  668  800 0  45 1 6 1 2 4 8 16 32
553  359  994 0  80 1 6 1 2 4 8 16 32
554  359   51 0  94 1 6 1 2 4 8 16 32
555  144  105 0  55 1 6 1 2 4 8 16 32
556  643  229 0  89 1 6 1 2 4 8 16 32
557  899  646 0  78 1 6 1 2 4 8 16 32
558  139  673 0  91 1 6 1 2 4 8 16 32
559  789  790 0  61 1 6 1 2 4 8 16 32
560  213  506 0   4 1 6 1 2 4 8 16 32
561  578   43 0  54 1 6 1 2 4 8 16 32
562  777  212 0  49 1 6 1 2 4 8 16 32
563  345  487 0  14 1 6 1 2 4 8 16 32
564  200  184 0  67 1 6 1 2 4 8 16 32
565  856  363 0  97 1 6 1 2 4 8 16 32
566  463  511 0  47 1 6 1 2 4 8 16 32
567  963  943 0  11 1 6 1 2 4 8 16 32
568  377   53 0  35 1 6 1 2 4 8 16 32
569  623  556 0  85 1 6 1 2 4 8 16 32
570  170   53 0  56 1 6 1 2 4 8 16 32
571  828  685 0  34 1 6 1 2 4 8 16 32
572  184  953 0  37 1 6 1 2 4 8 16 32
573  145  441 0  15 1 6 1 2 4 8 16 32
574  949  528 0  85 1 6 1 2 4 8 16 32
575  907  650 0  24 1 6 1 2 4 8 16 32
576  876  648 0  68 1 6 1 2 4 8 16 32
577  438  983 0  40 1 6 1 2 4 8 16 32
578  910  965 0  92 1 6 1 2 4 8 16 32
579  292  293 0  88 1 6 1 2 4 8 16 32
580  366  764 0  46 1 6 1 2 4 8 16 32
581  562  305 0  95 1 6 1 2 4 8 16 32
582  250  798 0  27 1 6 1 2 4 8 16 32
583    4  581 0  97 1 6 1 2 4 8 16 32
584  830   95 0  10 1 6 1 2 4 8 16 32
585    9   41 0   5 1 6 1 2 4 8 16 32
586  250  220 0  87 1 6 1 2 4 8 16 32
587  165  660 0  12 1 6 1 2 4 8 16 32
588  415  228 0  82 1 6 1 2 4 8 16 32
589  942  629 0  77 1 6 1 2 4 8 16 32
590  616  126 0  44 1 6 1 2 4 8 16 32
591   33  922 0  84 1 6 1 2 4 8 16 32
592  382  317 0  28 1 6 1 2 4 8 16 32
593  628  217 0  68 1 6 1 2 4 8 16 32
594  903  724 0  94 1 6 1 2 4 8 16 32
595  789  506 0  97 1 6 1 2 4 8 16 32
596   79  548 0  41 1 6 1 2 4 8 16 32
597  202  412 0  93 1 6 1 2 4 8 16 32
598  790  798 0  68 1 6 1 2 4 8 16 32
599  842  323 0  20 1 6 1 2 4 8 16 32
600  208   59 0   5 1 6 1 2 4 8 16 32
601  696  613 0  24 1 6 1 2 4 8 16 32
602  126  615 0  13 1 6 1 2 4 8 16 32
603  607  325 0  38 1 6 1 2 4 8 16 32
604  610  817 0  52 1 6 1 2 4 8 16 32
605  846  907 0  86 1 6 1 2 4 8 16 32
606  364  233 0  36 1 6 1 2 4 8 16 32
607  942  954 0  34 1 6 1 2 4 8 16 32
608  338   31 0  44 1 6 1 2 4 8 16 32
609  776  820 0  93 1 6 1 2 4 8 16 32
610  493  962 0   6 1 6 1 2 4 8 16 32
611  178  367 0  99 1 6 1 2 4 8 16 32
612  229  127 0  20 1 6 1 2 4 8 16 32
613  224   80 0  77 1 6 1 2 4 8 16 32
614   11  508 0  31 1 6 1 2 4 8 16 32
615  175  819 0  61 1 6 1 2 4 8 16 32
616  847  656 0  36 1 6 1 2 4 8 16 32
617  518  930 0  38 1 6 1 2 4 8 16 32
618  340  687 0  40 1 6 1 2 4 8 16 32
619  938    5 0  71 1 6 1 2 4 8 16 32
620  769  930 0  42 1 6 1 2 4 8 16 32
621  667  158 0  85 1 6 1 2 4 8 16 32
622  640  541 0  75 1 6 1 2 4 8 16 32
623   46   20 0  94 1 6 1 2 4 8 16 32
624   34    4 0  86 1 6 1 2 4 8 16 32
625  809  534 0  73 1 6 1 2 4 8 16 32
626  237  843 0  84 1 6 1 2 4 8 16 32
627  427  505 0  57 1 6 1 2 4 8 16 32
628  186  910 0  48 1 6 1 2 4 8 16 32
629   81  202 0  27 1 6 1 2 4 8 16 32
630  151  187 0  57 1 6 1 2 4 8 16 32
631  647  176 0  17 1 6 1 2 4 8 16 32
632  292  403 0  15 1 6 1 2 4 8 16 32
633  724  905 0  11 1 6 1 2 4 8 16 32
634  392  732 0  37 1 6 1 2 4 8 16 32
635  817  987 0  86 1 6 1 2 4 8 16 32
636  370  175 0  30 1 6 1 2 4 8 16 32
637  618   51 0  64 1 6 1 2 4 8 16 32
638  585  350 0  26 1 6 1 2 4 8 16 32
639  115  914 0  72 1 6 1 2 4 8 16 32
640  762  692 0  17 1 6 1 2 4 8 16 32
641  925  151 0  15 1 6 1 2 4 8 16 32
642  154   80 0  55 1 6 1 2 4 8 16 32
643  483  289 0  22 1 6 1 2 4 8 16 32
644  746  508 0  79 1 6 1 2 4 8 16 32
645  450  861 0  57 1 6 1 2 4 8 16 32
646   38  521 0  82 1 6 1 2 4 8 16 32
647  951  553 0  12 1 6 1 2 4 8 16 32
648  637  961 0  44 1 6 1 2 4 8 16 32
649   27  795 0  86 1 6 1 2 4 8 16 32
650  375  407 0  15 1 6 1 2 4 8 16 32
651  239  225 0  40 1 6 1 2 4 8 16 32
652  830  226 0  44 1 6 1 2 4 8 16 32
653  545  766 0  85 1 6 1 2 4 8 16 32
654   71  262 0  37 1 6 1 2 4 8 16 32
655  576  793 0  58 1 6 1 2 4 8 16 32
656  534  153 0   2 1 6 1 2 4 8 16 32
657  633  742 0  90 1 6 1 2 4 8 16 32
658  784  973 0  23 1 6 1 2 4 8 16 32
659  656  777 0   8 1 6 1 2 4 8 16 32
660  206  128 0  93 1 6 1 2 4 8 16 32
661  405  849 0  18 1 6 1 2 4 8 16 32
662  433  617 0  18 1 6 1 2 4 8 16 32
663  171  100 0  10 1 6 1 2 4 8 16 32
664  973  117 0  95 1 6 1 2 4 8 16 32
665  132  163 0  31 1 6 1 2 4 8 16 32
666  358  180 0  88 1 6 1 2 4 8 16 32
667  727  706 0  51 1 6 1 2 4 8 16 32
668  607  728 0  70 1 6 1 2 4 8 16 32
669  322  725 0  78 1 6 1 2 4 8 16 32
670  651  394 0  69 1 6 1 2 4 8 16 32
671  648  650 0  49 1 6 1 2 4 8 16 32
672  918   72 0  84 1 6 1 2 4 8 16 32
673  596  729 0  66 1 6 1 2 4 8 16 32
674  516  952 0  18 1 6 1 2 4 8 16 32
675  772  388 0  31 1 6 1 2 4 8 16 32
676  630  882 0  54 1 6 1 2 4 8 16 32
677  945  796 0   5 1 6 1 2 4 8 16 32
678  143  948 0  12 1 6 1 2 4 8 16 32
679  282  700 0  18 1 6 1 2 4 8 16 32
680  770  992 0  50 1 6 1 2 4 8 16 32
681  649  942 0  28 1 6 1 2 4 8 16 32
682  128  174 0  42 1 6 1 2 4 8 16 32
683  251  918 0   2 1 6 1 2 4 8 16 32
684  249  117 0  12 1 6 1 2 4 8 16 32
685  827  828 0  33 1 6 1 2 4 8 16 32
686   64  295 0  25 1 6 1 2 4 8 16 32
687  380  165 0  83 1 6 1 2 4 8 16 32
688  355  202 0  12 1 6 1 2 4 8 16 32
689  300  259 0  91 1 6 1 2 4 8 16 32
690  946    2 0  77 1 6 1 2 4 8 16 32
691  434  109 0  20 1 6 1 2 4 8 16 32
692  712  394 0  15 1 6 1 2 4 8 16 32
693  762  544 0  13 1 6 1 2 4 8 16 32
694  319  902 0  87 1 6 1 2 4 8 16 32
695  596   60 0  59 1 6 1 2 4 8 16 32
696   52  418 0  78 1 6 1 2 4 8 16 32
697  653  543 0  10 1 6 1 2 4 8 16 32
698  984   84 0  76 1 6 1 2 4 8 16 32
699  879  107 0  63 1 6 1 2 4 8 16 32
700  338   53 0  65 1 6 1 2 4 8 16 32
701  336  477 0  56 1 6 1 2 4 8 16 32
702   25  795 0  72 1 6 1 2 4 8 16 32
703  954  524 0  33 1 6 1 2 4 8 16 32
704  232    5 0  13 1 6 1 2 4 8 16 32
705  708  835 0  71 1 6 1 2 4 8 16 32
706  509  495 0  47 1 6 1 2 4 8 16 32
707  302  264 0  67 1 6 1 2 4 8 16 32
708  456  852 0  86 1 6 1 2 4 8 16 32
709  107  496 0  43 1 6 1 2 4 8 16 32
710  627  744 0   9 1 6 1 2 4 8 16 32
711  763  991 0  85 1 6 1 2 4 8 16 32
712  273  298 0  54 1 6 1 2 4 8 16 32
713  217  351 0  59 1 6 1 2 4 8 16 32
714  738   21 0  79 1 6 1 2 4 8 16 32
715  667  365 0  51 1 6 1 2 4 8 16 32
716  633  825 0  34 1 6 1 2 4 8 16 32
717  272  264 0  11 1 6 1 2 4 8 16 32
718  298  119 0  31 1 6 1 2 4 8 16 32
719  871  179 0  48 1 6 1 2 4 8 16 32
720  927   94 0  63 1 6 1 2 4 8 16 32
721   73  242 0   1 1 6 1 2 4 8 16 32
722  106  659 0  59 1 6 1 2 4 8 16 32
723  717  395 0  65 1 6 1 2 4 8 16 32
724  365  199 0  36 1 6 1 2 4 8 16 32
725  527  415 0  35 1 6 1 2 4 8 16 32
726   46   55 0  49 1 6 1 2 4 8 16 32
727  724  920 0  88 1 6 1 2 4 8 16 32
728  996  405 0  21 1 6 1 2 4 8 16 32
729  518  994 0  64 1 6 1 2 4 8 16 32
730  749  813 0   9 1 6 1 2 4 8 16 32
731  128  149 0   7 1 6 1 2 4 8 16 32
732  475 1000 0  69 1 6 1 2 4 8 16 32
733   85  852 0  57 1 6 1 2 4 8 16 32
734  252  689 0  55 1 6 1 2 4 8 16 32
735  895  651 0  73 1 6 1 2 4 8 16 32
736  840  950 0  47 1 6 1 2 4 8 16 32
737  731  699 0  13 1 6 1 2 4 8 16 32
738   98  656 0  15 1 6 1 2 4 8 16 32
739  786  180 0  93 1 6 1 2 4 8 16 32
740  469    3 0  74 1 6 1 2 4 8 16 32
741  892  712 0  88 1 6 1 2 4 8 16 32
742  349  407 0  74 1 6 1 2 4 8 16 32
743  223  278 0  26 1 6 1 2 4 8 16 32
744  817  310 0  63 1 6 1 2 4 8 16 32
745  389  379 0   9 1 6 1 2 4 8 16 32
746  336  920 0  35 1 6 1 2 4 8 16 32
747   51  678 0  12 1 6 1 2 4 8 16 32
748  194  483 0  44 1 6 1 2 4 8 16 32
749   89  174 0  81 1 6 1 2 4 8 16 32
750  577  625 0  13 1 6 1 2 4 8 16 32
751   44   99 0   9 1 6 1 2 4 8 16 32
752  470  775 0  73 1 6 1 2 4 8 16 32
753  228  786 0  31 1 6 1 2 4 8 16 32
754  671   35 0  38 1 6 1 2 4 8 16 32
755  762  801 0  50 1 6 1 2 4 8 16 32
756   95  301 0  79 1 6 1 2 4 8 16 32
757  426  619 0  66 1 6 1 2 4 8 16 32
758  723  596 0  20 1 6 1 2 4 8 16 32
759  699  253 0  29 1 6 1 2 4 8 16 32
760  739  568 0  16 1 6 1 2 4 8 16 32
761  778  898 0  63 1 6 1 2 4 8 16 32
762  156  624 0  42 1 6 1 2 4 8 16 32
763  615  768 0  83 1 6 1 2 4 8 16 32
764  482  402 0  68 1 6 1 2 4 8 16 32
765  741  305 0  60 1 6 1 2 4 8 16 32
766  164  579 0  62 1 6 1 2 4 8 16 32
767  886  752 0  14 1 6 1 2 4 8 16 32
768  377  688 0  65 1 6 1 2 4 8 16 32
769  237  591 0  10 1 6 1 2 4 8 16 32
770  576  633 0  75 1 6 1 2 4 8 16 32
771  727  134 0  61 1 6 1 2 4 8 16 32
772  300  305 0  98 1 6 1 2 4 8 16 32
773 1000  205 0  24 1 6 1 2 4 8 16 32
774  183  573 0  70 1 6 1 2 4 8 16 32
775  198  883 0  68 1 6 1 2 4 8 16 32
776  752  973 0  90 1 6 1 2 4 8 16 32
777  786  947 0  83 1 6 1 2 4 8 16 32
778   54  369 0  84 1 6 1 2 4 8 16 32
779  841  743 0  81 1 6 1 2 4 8 16 32
780  840  888 0  42 1 6 1 2 4 8 16 32
781  745  354 0  67 1 6 1 2 4 8 16 32
782  889  576 0  24 1 6 1 2 4 8 16 32
783  472  658 0  76 1 6 1 2 4 8 16 32
784  731  347 0  23 1 6 1 2 4 8 16 32
785  584  507 0  30 1 6 1 2 4 8 16 32
786  981   97 0   6 1 6 1 2 4 8 16 32
787  600  648 0   9 1 6 1 2 4 8 16 32
788  459  750 0  93 1 6 1 2 4 8 16 32
789  797  163 0  68 1 6 1 2 4 8 16 32
790   54    2 0  88 1 6 1 2 4 8 16 32
791  123  896 0  48 1 6 1 2 4 8 16 32
792  854  167 0  44 1 6 1 2 4 8 16 32
793  230  793 0   5 1 6 1 2 4 8 16 32
794  784  688 0   4 1 6 1 2 4 8 16 32
795  806  409 0  94 1 6 1 2 4 8 16 32
796  861  847 0  49 1 6 1 2 4 8 16 32
797  572  168 0 100 1 6 1 2 4 8 16 32
798  815  519 0  84 1 6 1 2 4 8 16 32
799  713  978 0  56 1 6 1 2 4 8 16 32
800  202   87 0  60 1 6 1 2 4 8 16 32
801  322   22 0  68 1 6 1 2 4 8 16 32
802  482  506 0  45 1 6 1 2 4 8 16 32
803  484  780 0  34 1 6 1 2 4 8 16 32
804  625  307 0  16 1 6 1 2 4 8 16 32
805  322   20 0  41 1 6 1 2 4 8 16 32
806  425  656 0  21 1 6 1 2 4 8 16 32
807  162  587 0  76 1 6 1 2 4 8 16 32
808  246  154 0  49 1 6 1 2 4 8 16 32
809  924  585 0  26 1 6 1 2 4 8 16 32
810  756  490 0  84 1 6 1 2 4 8 16 32
811  396  277 0  45 1 6 1 2 4 8 16 32
812  497  845 0  41 1 6 1 2 4 8 16 32
813  795  198 0  54 1 6 1 2 4 8 16 32
814  801  150 0  45 1 6 1 2 4 8 16 32
815   80   47 0   7 1 6 1 2 4 8 16 32
816  239  187 0  72 1 6 1 2 4 8 16 32
817  400  720 0  88 1 6 1 2 4 8 16 32
818  892  139 0  67 1 6 1 2 4 8 16 32
819  954  225 0  24 1 6 1 2 4 8 16 32
820   27  740 0  55 1 6 1 2 4 8 16 32
821  693   83 0  54 1 6 1 2 4 8 16 32
822  538  151 0  88 1 6 1 2 4 8 16 32
823  255  570 0  76 1 6 1 2 4 8 16 32
824  656  464 0  98 1 6 1 2 4 8 16 32
825  248  307 0  62 1 6 1 2 4 8 16 32
826  876  908 0  74 1 6 1 2 4 8 16 32
827  544  874 0  74 1 6 1 2 4 8 16 32
828  798  293 0  17 1 6 1 2 4 8 16 32
829  546  761 0  33 1 6 1 2 4 8 16 32
830  118  256 0  92 1 6 1 2 4 8 16 32
831  807  834 0  21 1 6 1 2 4 8 16 32
832   90  399 0  24 1 6 1 2 4 8 16 32
833  629  601 0  50 1 6 1 2 4 8 16 32
834  742  355 0  48 1 6 1 2 4 8 16 32
835  711  812 0   4 1 6 1 2 4 8 16 32
836   99  345 0  84 1 6 1 2 4 8 16 32
837  850  129 0  77 1 6 1 2 4 8 16 32
838  618  541 0  66 1 6 1 2 4 8 16 32
839  227  788 0  70 1 6 1 2 4 8 16 32
840  753  664 0  50 1 6 1 2 4 8 16 32
841  857  789 0  30 1 6 1 2 4 8 16 32
842  411  861 0  67 1 6 1 2 4 8 16 32
843  285  437 0  33 1 6 1 2 4 8 16 32
844  691  654 0  16 1 6 1 2 4 8 16 32
845  805  346 0  27 1 6 1 2 4 8 16 32
846  778  558 0  52 1 6 1 2 4 8 16 32
847  141  515 0  87 1 6 1 2 4 8 16 32
848  614   55 0  33 1 6 1 2 4 8 16 32
849  176  120 0  81 1 6 1 2 4 8 16 32
850  475   24 0  46 1 6 1 2 4 8 16 32
851  796    2 0  10 1 6 1 2 4 8 16 32
852  931   33 0  87 1 6 1 2 4 8 16 32
853  391  838 0  38 1 6 1 2 4 8 16 32
854  189  340 0  83 1 6 1 2 4 8 16 32
855  767  222 0  28 1 6 1 2 4 8 16 32
856  714  164 0  56 1 6 1 2 4 8 16 32
857  946   52 0  82 1 6 1 2 4 8 16 32
858  607   83 0  90 1 6 1 2 4 8 16 32
859  637  572 0  20 1 6 1 2 4 8 16 32
860  438  221 0  97 1 6 1 2 4 8 16 32
861   82  697 0  12 1 6 1 2 4 8 16 32
862  315  963 0  66 1 6 1 2 4 8 16 32
863  199  331 0  85 1 6 1 2 4 8 16 32
864  953  322 0  87 1 6 1 2 4 8 16 32
865  974  496 0  51 1 6 1 2 4 8 16 32
866   16  247 0  12 1 6 1 2 4 8 16 32
867  300  516 0  17 1 6 1 2 4 8 16 32
868  706  691 0  24 1 6 1 2 4 8 16 32
869  180  168 0  17 1 6 1 2 4 8 16 32
870   59   90 0 100 1 6 1 2 4 8 16 32
871  162  382 0  72 1 6 1 2 4 8 16 32
872  209  542 0  64 1 6 1 2 4 8 16 32
873  933  982 0  49 1 6 1 2 4 8 16 32
874  425  951 0  87 1 6 1 2 4 8 16 32
875  583  677 0  85 1 6 1 2 4 8 16 32
876  938   47 0  80 1 6 1 2 4 8 16 32
877   29  650 0  97 1 6 1 2 4 8 16 32
878  735  612 0  59 1 6 1 2 4 8 16 32
879  472  578 0  59 1 6 1 2 4 8 16 32
880  209  987 0  94 1 6 1 2 4 8 16 32
881  356  337 0  85 1 6 1 2 4 8 16 32
882  182  156 0  61 1 6 1 2 4 8 16 32
883  709  314 0  85 1 6 1 2 4 8 16 32
884  730  697 0  54 1 6 1 2 4 8 16 32
885  387   67 0   4 1 6 1 2 4 8 16 32
886  803  287 0  63 1 6 1 2 4 8 16 32
887  746  885 0  39 1 6 1 2 4 8 16 32
888  626  838 0  51 1 6 1 2 4 8 16 32
889   72  536 0  46 1 6 1 2 4 8 16 32
890  244  563 0  52 1 6 1 2 4 8 16 32
891  577  709 0  75 1 6 1 2 4 8 16 32
892  814  380 0   2 1 6 1 2 4 8 16 32
893  768  986 0  50 1 6 1 2 4 8 16 32
894  501  302 0  63 1 6 1 2 4 8 16 32
895  569  604 0   5 1 6 1 2 4 8 16 32
896  115  295 0  27 1 6 1 2 4 8 16 32
897    1  828 0  84 1 6 1 2 4 8 16 32
898  900  102 0  40 1 6 1 2 4 8 16 32
899  380  153 0  26 1 6 1 2 4 8 16 32
900  751  290 0  59 1 6 1 2 4 8 16 32
901  544  767 0  64 1 6 1 2 4 8 16 32
902  701  301 0  17 1 6 1 2 4 8 16 32
903  858  922 0  28 1 6 1 2 4 8 16 32
904  499  201 0  90 1 6 1 2 4 8 16 32
905  113  195 0  76 1 6 1 2 4 8 16 32
906  608  306 0   1 1 6 1 2 4 8 16 32
907  311  206 0   6 1 6 1 2 4 8 16 32
908  414   68 0  30 1 6 1 2 4 8 16 32
909  198  550 0  12 1 6 1 2 4 8 16 32
910  389  869 0  78 1 6 1 2 4 8 16 32
911  215  529 0  57 1 6 1 2 4 8 16 32
912  783  394 0  65 1 6 1 2 4 8 16 32
913  543   28 0  93 1 6 1 2 4 8 16 32
914  519  468 0  60 1 6 1 2 4 8 16 32
915   26  535 0  83 1 6 1 2 4 8 16 32
916  210  753 0  44 1 6 1 2 4 8 16 32
917  615  666 0  95 1 6 1 2 4 8 16 32
918  533  298 0  86 1 6 1 2 4 8 16 32
919  680  595 0  26 1 6 1 2 4 8 16 32
920  486  406 0  80 1 6 1 2 4 8 16 32
921  311  650 0  85 1 6 1 2 4 8 16 32
922  560  952 0  63 1 6 1 2 4 8 16 32
923   30  125 0  12 1 6 1 2 4 8 16 32
924  731  915 0  15 1 6 1 2 4 8 16 32
925  659  868 0  49 1 6 1 2 4 8 16 32
926   85  757 0  32 1 6 1 2 4 8 16 32
927  234   80 0  76 1 6 1 2 4 8 16 32
928  561  837 0  16 1 6 1 2 4 8 16 32
929  822  567 0  59 1 6 1 2 4 8 16 32
930  248  912 0  98 1 6 1 2 4 8 16 32
931    5  663 0  69 1 6 1 2 4 8 16 32
932  791  494 0  70 1 6 1 2 4 8 16 32
933  684  621 0  75 1 6 1 2 4 8 16 32
934  183  462 0  41 1 6 1 2 4 8 16 32
935  144   91 0  33 1 6 1 2 4 8 16 32
936  490   39 0   0 0 0
937  498  714 0   0 0 0
938  948  709 0   0 0 0
939  185  930 0   0 0 0
940  334  123 0   0 0 0
941  233  838 0   0 0 0
