2 116 943 7
0 244
0 244
0 244
0 244
0 244
0 244
0 244
  1   16  764 0  61 1 7 1 2 4 8 16 32 64
  2   68  793 0   9 1 7 1 2 4 8 16 32 64
  3  358  359 0  68 1 7 1 2 4 8 16 32 64
  4  914  145 0  96 1 7 1 2 4 8 16 32 64
  5  136  559 0  65 1 7 1 2 4 8 16 32 64
  6  908   52 0  52 1 7 1 2 4 8 16 32 64
  7  655  386 0  64 1 7 1 2 4 8 16 32 64
  8  725  542 0  67 1 7 1 2 4 8 16 32 64
  9  345  254 0  71 1 7 1 2 4 8 16 32 64
 10  258  545 0  34 1 7 1 2 4 8 16 32 64
 11  304  607 0  39 1 7 1 2 4 8 16 32 64
 12  504  486 0  74 1 7 1 2 4 8 16 32 64
 13   41  511 0  98 1 7 1 2 4 8 16 32 64
 14  940  828 0  79 1 7 1 2 4 8 16 32 64
 15   26  996 0  17 1 7 1 2 4 8 16 32 64
 16  266  957 0  62 1 7 1 2 4 8 16 32 64
 17  651  868 0  30 1 7 1 2 4 8 16 32 64
 18  212  675 0  70 1 7 1 2 4 8 16 32 64
 19  137  638 0  58 1 7 1 2 4 8 16 32 64
 20  146   17 0  11 1 7 1 2 4 8 16 32 64
 21  625  801 0  59 1 7 1 2 4 8 16 32 64
 22  151  130 0  80 1 7 1 2 4 8 16 32 64
 23  238   98 0  15 1 7 1 2 4 8 16 32 64
 24  981  516 0  20 1 7 1 2 4 8 16 32 64
 25  782   89 0  17 1 7 1 2 4 8 16 32 64
 26  341  335 0  58 1 7 1 2 4 8 16 32 64
 27  145  175 0  60 1 7 1 2 4 8 16 32 64
 28  994  364 0  27 1 7 1 2 4 8 16 32 64
 29   54  366 0  67 1 7 1 2 4 8 16 32 64
 30  696  322 0  42 1 7 1 2 4 8 16 32 64
 31  704   10 0  40 1 7 1 2 4 8 16 32 64
 32  976  749 0  42 1 7 1 2 4 8 16 32 64
 33  819  914 0  78 1 7 1 2 4 8 16 32 64
 34  765  490 0  43 1 7 1 2 4 8 16 32 64
 35  637  612 0  24 1 7 1 2 4 8 16 32 64
 36  476  583 0  60 1 7 1 2 4 8 16 32 64
 37  474  438 0  64 1 7 1 2 4 8 16 32 64
 38   82  673 0  15 1 7 1 2 4 8 16 32 64
 39   80  767 0  45 1 7 1 2 4 8 16 32 64
 40  748  850 0  70 1 7 1 2 4 8 16 32 64
 41  330  696 0  88 1 7 1 2 4 8 16 32 64
 42  916  913 0  20 1 7 1 2 4 8 16 32 64
 43  297  440 0  99 1 7 1 2 4 8 16 32 64
 44  688   37 0  40 1 7 1 2 4 8 16 32 64
 45  223  873 0  51 1 7 1 2 4 8 16 32 64
 46  777  603 0  65 1 7 1 2 4 8 16 32 64
 47  228  716 0  31 1 7 1 2 4 8 16 32 64
 48  806  826 0  86 1 7 1 2 4 8 16 32 64
 49  367  168 0  94 1 7 1 2 4 8 16 32 64
 50  243   77 0  80 1 7 1 2 4 8 16 32 64
 51  363  491 0  32 1 7 1 2 4 8 16 32 64
 52  169    9 0  22 1 7 1 2 4 8 16 32 64
 53  480  627 0  86 1 7 1 2 4 8 16 32 64
 54  828  740 0  53 1 7 1 2 4 8 16 32 64
 55  820  128 0  28 1 7 1 2 4 8 16 32 64
 56  822  512 0  35 1 7 1 2 4 8 16 32 64
 57  306  146 0  70 1 7 1 2 4 8 16 32 64
 58  884  536 0  76 1 7 1 2 4 8 16 32 64
 59  936  607 0  65 1 7 1 2 4 8 16 32 64
 60  625  855 0  44 1 7 1 2 4 8 16 32 64
 61  699  225 0  72 1 7 1 2 4 8 16 32 64
 62  321  578 0  40 1 7 1 2 4 8 16 32 64
 63  750  396 0  44 1 7 1 2 4 8 16 32 64
 64  201  985 0  79 1 7 1 2 4 8 16 32 64
 65  103  997 0  21 1 7 1 2 4 8 16 32 64
 66  284  195 0  67 1 7 1 2 4 8 16 32 64
 67  126   70 0  22 1 7 1 2 4 8 16 32 64
 68  602   91 0  29 1 7 1 2 4 8 16 32 64
 69  714  306 0  89 1 7 1 2 4 8 16 32 64
 70  206   56 0  93 1 7 1 2 4 8 16 32 64
 71  541  734 0  66 1 7 1 2 4 8 16 32 64
 72  952  905 0  36 1 7 1 2 4 8 16 32 64
 73  868  877 0  72 1 7 1 2 4 8 16 32 64
 74  116  905 0  90 1 7 1 2 4 8 16 32 64
 75   89  665 0  82 1 7 1 2 4 8 16 32 64
 76  293 1000 0  41 1 7 1 2 4 8 16 32 64
 77  800  834 0  61 1 7 1 2 4 8 16 32 64
 78   54  314 0  48 1 7 1 2 4 8 16 32 64
 79  637  110 0  88 1 7 1 2 4 8 16 32 64
 80  353  156 0  75 1 7 1 2 4 8 16 32 64
 81  176  552 0  81 1 7 1 2 4 8 16 32 64
 82  992  287 0  56 1 7 1 2 4 8 16 32 64
 83  640  157 0  85 1 7 1 2 4 8 16 32 64
 84  444   84 0  50 1 7 1 2 4 8 16 32 64
 85  472  941 0   1 1 7 1 2 4 8 16 32 64
 86  606  445 0   3 1 7 1 2 4 8 16 32 64
 87  116  558 0  52 1 7 1 2 4 8 16 32 64
 88  163  904 0  79 1 7 1 2 4 8 16 32 64
 89  640  491 0  38 1 7 1 2 4 8 16 32 64
 90  614  449 0  60 1 7 1 2 4 8 16 32 64
 91  289  157 0  32 1 7 1 2 4 8 16 32 64
 92  149  500 0  30 1 7 1 2 4 8 16 32 64
 93  740  597 0  20 1 7 1 2 4 8 16 32 64
 94  743  590 0  66 1 7 1 2 4 8 16 32 64
 95  718  975 0  58 1 7 1 2 4 8 16 32 64
 96  624  269 0  47 1 7 1 2 4 8 16 32 64
 97  755   84 0   1 1 7 1 2 4 8 16 32 64
 98  337  950 0  15 1 7 1 2 4 8 16 32 64
 99  448   41 0  14 1 7 1 2 4 8 16 32 64
100  460  767 0  73 1 7 1 2 4 8 16 32 64
101   13  569 0  30 1 7 1 2 4 8 16 32 64
102  137  878 0  10 1 7 1 2 4 8 16 32 64
103  100  951 0  20 1 7 1 2 4 8 16 32 64
104   47  254 0  39 1 7 1 2 4 8 16 32 64
105   71    9 0  84 1 7 1 2 4 8 16 32 64
106  269   59 0  92 1 7 1 2 4 8 16 32 64
107  414  433 0  29 1 7 1 2 4 8 16 32 64
108  245    4 0  72 1 7 1 2 4 8 16 32 64
109  853   19 0   2 1 7 1 2 4 8 16 32 64
110  177  520 0  57 1 7 1 2 4 8 16 32 64
111  720  638 0  52 1 7 1 2 4 8 16 32 64
112  530  910 0   6 1 7 1 2 4 8 16 32 64
113   69  900 0  17 1 7 1 2 4 8 16 32 64
114  711  772 0  61 1 7 1 2 4 8 16 32 64
115  782   45 0  24 1 7 1 2 4 8 16 32 64
116  732  476 0  79 1 7 1 2 4 8 16 32 64
117  567  757 0  44 1 7 1 2 4 8 16 32 64
118  138  549 0  79 1 7 1 2 4 8 16 32 64
119   57   59 0  88 1 7 1 2 4 8 16 32 64
120  610  439 0  56 1 7 1 2 4 8 16 32 64
121  585    5 0  95 1 7 1 2 4 8 16 32 64
122  823    1 0  86 1 7 1 2 4 8 16 32 64
123  596  826 0   4 1 7 1 2 4 8 16 32 64
124  212  431 0  32 1 7 1 2 4 8 16 32 64
125  568  488 0  71 1 7 1 2 4 8 16 32 64
126  311   80 0  90 1 7 1 2 4 8 16 32 64
127  712  917 0  62 1 7 1 2 4 8 16 32 64
128  140  882 0  23 1 7 1 2 4 8 16 32 64
129  271  569 0  31 1 7 1 2 4 8 16 32 64
130  290  230 0  54 1 7 1 2 4 8 16 32 64
131  322  947 0   7 1 7 1 2 4 8 16 32 64
132  114  101 0  55 1 7 1 2 4 8 16 32 64
133  860  455 0  69 1 7 1 2 4 8 16 32 64
134  604  510 0  14 1 7 1 2 4 8 16 32 64
135  569  977 0  84 1 7 1 2 4 8 16 32 64
136  280  734 0  53 1 7 1 2 4 8 16 32 64
137  744   41 0  63 1 7 1 2 4 8 16 32 64
138  799  434 0   1 1 7 1 2 4 8 16 32 64
139  157  273 0  21 1 7 1 2 4 8 16 32 64
140  443  176 0  17 1 7 1 2 4 8 16 32 64
141  173   39 0  58 1 7 1 2 4 8 16 32 64
142  601  946 0  92 1 7 1 2 4 8 16 32 64
143  367  379 0  85 1 7 1 2 4 8 16 32 64
144  962  326 0  61 1 7 1 2 4 8 16 32 64
145  665  736 0  52 1 7 1 2 4 8 16 32 64
146  900   68 0  51 1 7 1 2 4 8 16 32 64
147  767  367 0  95 1 7 1 2 4 8 16 32 64
148    2  788 0  55 1 7 1 2 4 8 16 32 64
149  281  354 0  42 1 7 1 2 4 8 16 32 64
150  663  264 0  83 1 7 1 2 4 8 16 32 64
151  697  824 0  95 1 7 1 2 4 8 16 32 64
152  136  925 0  16 1 7 1 2 4 8 16 32 64
153  215  382 0  18 1 7 1 2 4 8 16 32 64
154   29  366 0  78 1 7 1 2 4 8 16 32 64
155  503  897 0  44 1 7 1 2 4 8 16 32 64
156  139  369 0  44 1 7 1 2 4 8 16 32 64
157  442  923 0  79 1 7 1 2 4 8 16 32 64
158    2  377 0  26 1 7 1 2 4 8 16 32 64
159  646  344 0  26 1 7 1 2 4 8 16 32 64
160  152  837 0  28 1 7 1 2 4 8 16 32 64
161  966  123 0  30 1 7 1 2 4 8 16 32 64
162  781  221 0  71 1 7 1 2 4 8 16 32 64
163  117  720 0  69 1 7 1 2 4 8 16 32 64
164  787   78 0   1 1 7 1 2 4 8 16 32 64
165  243  489 0  73 1 7 1 2 4 8 16 32 64
166  687  822 0  31 1 7 1 2 4 8 16 32 64
167  787  949 0  72 1 7 1 2 4 8 16 32 64
168  796  817 0  78 1 7 1 2 4 8 16 32 64
169  151  671 0  81 1 7 1 2 4 8 16 32 64
170  870  692 0   2 1 7 1 2 4 8 16 32 64
171  932  239 0  16 1 7 1 2 4 8 16 32 64
172  329  111 0  30 1 7 1 2 4 8 16 32 64
173  834  114 0  95 1 7 1 2 4 8 16 32 64
174  471    3 0  29 1 7 1 2 4 8 16 32 64
175  874   32 0  60 1 7 1 2 4 8 16 32 64
176  331  790 0  68 1 7 1 2 4 8 16 32 64
177  720  161 0  31 1 7 1 2 4 8 16 32 64
178  327  718 0  57 1 7 1 2 4 8 16 32 64
179  269  538 0  60 1 7 1 2 4 8 16 32 64
180  189  186 0  79 1 7 1 2 4 8 16 32 64
181   27  324 0  53 1 7 1 2 4 8 16 32 64
182  865  700 0  45 1 7 1 2 4 8 16 32 64
183   93  625 0  87 1 7 1 2 4 8 16 32 64
184  238  425 0  49 1 7 1 2 4 8 16 32 64
185  650  364 0  69 1 7 1 2 4 8 16 32 64
186  143  376 0  72 1 7 1 2 4 8 16 32 64
187  435  321 0  39 1 7 1 2 4 8 16 32 64
188  806   91 0   7 1 7 1 2 4 8 16 32 64
189  328  237 0  30 1 7 1 2 4 8 16 32 64
190  535  455 0  95 1 7 1 2 4 8 16 32 64
191  866  892 0  28 1 7 1 2 4 8 16 32 64
192  427  419 0  78 1 7 1 2 4 8 16 32 64
193  630  415 0   8 1 7 1 2 4 8 16 32 64
194  535  265 0  69 1 7 1 2 4 8 16 32 64
195  284  587 0  99 1 7 1 2 4 8 16 32 64
196  543  859 0  56 1 7 1 2 4 8 16 32 64
197  636  541 0  46 1 7 1 2 4 8 16 32 64
198  467  702 0  58 1 7 1 2 4 8 16 32 64
199  206  512 0  56 1 7 1 2 4 8 16 32 64
200  532  767 0  90 1 7 1 2 4 8 16 32 64
201  168  341 0  19 1 7 1 2 4 8 16 32 64
202  773  666 0  35 1 7 1 2 4 8 16 32 64
203  678  468 0  84 1 7 1 2 4 8 16 32 64
204  196  245 0   2 1 7 1 2 4 8 16 32 64
205  896  870 0  40 1 7 1 2 4 8 16 32 64
206  467    5 0  73 1 7 1 2 4 8 16 32 64
207  682  798 0   6 1 7 1 2 4 8 16 32 64
208  108  970 0  50 1 7 1 2 4 8 16 32 64
209  652  681 0  95 1 7 1 2 4 8 16 32 64
210  832  916 0  33 1 7 1 2 4 8 16 32 64
211  390  339 0  77 1 7 1 2 4 8 16 32 64
212  377  616 0  70 1 7 1 2 4 8 16 32 64
213  469  881 0  73 1 7 1 2 4 8 16 32 64
214  912  809 0  54 1 7 1 2 4 8 16 32 64
215  543  231 0  83 1 7 1 2 4 8 16 32 64
216  524  868 0  14 1 7 1 2 4 8 16 32 64
217   83  247 0  56 1 7 1 2 4 8 16 32 64
218  147  234 0  74 1 7 1 2 4 8 16 32 64
219  590  707 0  71 1 7 1 2 4 8 16 32 64
220   56  819 0  27 1 7 1 2 4 8 16 32 64
221  416  345 0  10 1 7 1 2 4 8 16 32 64
222  710  435 0  57 1 7 1 2 4 8 16 32 64
223  334   50 0  36 1 7 1 2 4 8 16 32 64
224  908  988 0   6 1 7 1 2 4 8 16 32 64
225  751  729 0  78 1 7 1 2 4 8 16 32 64
226  880  468 0  74 1 7 1 2 4 8 16 32 64
227    0  601 0  11 1 7 1 2 4 8 16 32 64
228  816  740 0  21 1 7 1 2 4 8 16 32 64
229  920  323 0  95 1 7 1 2 4 8 16 32 64
230  886   58 0  88 1 7 1 2 4 8 16 32 64
231  621  777 0  79 1 7 1 2 4 8 16 32 64
232  209  293 0  29 1 7 1 2 4 8 16 32 64
233  118  822 0  93 1 7 1 2 4 8 16 32 64
234  765  957 0  70 1 7 1 2 4 8 16 32 64
235  698  824 0  16 1 7 1 2 4 8 16 32 64
236  609  498 0  63 1 7 1 2 4 8 16 32 64
237  766  883 0  61 1 7 1 2 4 8 16 32 64
238  446  272 0  84 1 7 1 2 4 8 16 32 64
239  269  477 0  23 1 7 1 2 4 8 16 32 64
240  855  789 0  32 1 7 1 2 4 8 16 32 64
241  528  327 0  26 1 7 1 2 4 8 16 32 64
242  791  812 0  93 1 7 1 2 4 8 16 32 64
243  377  448 0   1 1 7 1 2 4 8 16 32 64
244  632  758 0  50 1 7 1 2 4 8 16 32 64
245  371  467 0  47 1 7 1 2 4 8 16 32 64
246  125  813 0  28 1 7 1 2 4 8 16 32 64
247  622  440 0  67 1 7 1 2 4 8 16 32 64
248  508  738 0  34 1 7 1 2 4 8 16 32 64
249  133  443 0  97 1 7 1 2 4 8 16 32 64
250  300  904 0  90 1 7 1 2 4 8 16 32 64
251  473  191 0  99 1 7 1 2 4 8 16 32 64
252  980  413 0  22 1 7 1 2 4 8 16 32 64
253  828  541 0   5 1 7 1 2 4 8 16 32 64
254  707  932 0  74 1 7 1 2 4 8 16 32 64
255  139  405 0  95 1 7 1 2 4 8 16 32 64
256  551  401 0  98 1 7 1 2 4 8 16 32 64
257  298  308 0  59 1 7 1 2 4 8 16 32 64
258  908  495 0  19 1 7 1 2 4 8 16 32 64
259  771  664 0  48 1 7 1 2 4 8 16 32 64
260  439  359 0 100 1 7 1 2 4 8 16 32 64
261  661  660 0  10 1 7 1 2 4 8 16 32 64
262  913  544 0  18 1 7 1 2 4 8 16 32 64
263  971  597 0   7 1 7 1 2 4 8 16 32 64
264  192  962 0  96 1 7 1 2 4 8 16 32 64
265  655  257 0  27 1 7 1 2 4 8 16 32 64
266  761  387 0  47 1 7 1 2 4 8 16 32 64
267  468  106 0  94 1 7 1 2 4 8 16 32 64
268  927   21 0  32 1 7 1 2 4 8 16 32 64
269  585  823 0  72 1 7 1 2 4 8 16 32 64
270  979  971 0  41 1 7 1 2 4 8 16 32 64
271  988  549 0  15 1 7 1 2 4 8 16 32 64
272  454  992 0  74 1 7 1 2 4 8 16 32 64
273  803  235 0  14 1 7 1 2 4 8 16 32 64
274  123  145 0  79 1 7 1 2 4 8 16 32 64
275  759  428 0  71 1 7 1 2 4 8 16 32 64
276  557  669 0  83 1 7 1 2 4 8 16 32 64
277  354  136 0  20 1 7 1 2 4 8 16 32 64
278  716  936 0  82 1 7 1 2 4 8 16 32 64
279  296  908 0  40 1 7 1 2 4 8 16 32 64
280    8  947 0  95 1 7 1 2 4 8 16 32 64
281   78  970 0  73 1 7 1 2 4 8 16 32 64
282 1000  500 0 100 1 7 1 2 4 8 16 32 64
283  112  458 0  53 1 7 1 2 4 8 16 32 64
284  745  850 0  56 1 7 1 2 4 8 16 32 64
285  611  642 0  77 1 7 1 2 4 8 16 32 64
286    4  443 0  63 1 7 1 2 4 8 16 32 64
287  971  600 0  54 1 7 1 2 4 8 16 32 64
288  669  645 0  15 1 7 1 2 4 8 16 32 64
289  106  905 0   2 1 7 1 2 4 8 16 32 64
290  925  966 0  11 1 7 1 2 4 8 16 32 64
291  440  654 0  13 1 7 1 2 4 8 16 32 64
292  687  994 0  75 1 7 1 2 4 8 16 32 64
293  317  317 0   6 1 7 1 2 4 8 16 32 64
294  165   47 0  38 1 7 1 2 4 8 16 32 64
295  902  166 0  74 1 7 1 2 4 8 16 32 64
296  588  112 0  22 1 7 1 2 4 8 16 32 64
297   25  601 0  37 1 7 1 2 4 8 16 32 64
298  664  651 0  39 1 7 1 2 4 8 16 32 64
299  223   67 0   5 1 7 1 2 4 8 16 32 64
300  447    6 0  25 1 7 1 2 4 8 16 32 64
301  249   29 0  33 1 7 1 2 4 8 16 32 64
302  957  222 0  88 1 7 1 2 4 8 16 32 64
303  877  814 0  70 1 7 1 2 4 8 16 32 64
304  996  491 0  49 1 7 1 2 4 8 16 32 64
305  170  658 0  95 1 7 1 2 4 8 16 32 64
306  552  742 0  47 1 7 1 2 4 8 16 32 64
307   14  735 0  59 1 7 1 2 4 8 16 32 64
308  861  124 0  11 1 7 1 2 4 8 16 32 64
309  158  208 0  99 1 7 1 2 4 8 16 32 64
310  646  833 0  44 1 7 1 2 4 8 16 32 64
311  122  658 0  49 1 7 1 2 4 8 16 32 64
312  953  560 0  69 1 7 1 2 4 8 16 32 64
313  543  798 0  31 1 7 1 2 4 8 16 32 64
314  914  815 0  81 1 7 1 2 4 8 16 32 64
315  523  566 0  61 1 7 1 2 4 8 16 32 64
316  239  113 0  56 1 7 1 2 4 8 16 32 64
317  328  832 0  82 1 7 1 2 4 8 16 32 64
318  806  478 0   6 1 7 1 2 4 8 16 32 64
319   75  610 0  55 1 7 1 2 4 8 16 32 64
320  368  723 0  10 1 7 1 2 4 8 16 32 64
321  174  504 0  93 1 7 1 2 4 8 16 32 64
322  874  329 0   5 1 7 1 2 4 8 16 32 64
323  775   87 0  77 1 7 1 2 4 8 16 32 64
324  723  184 0  89 1 7 1 2 4 8 16 32 64
325  917   18 0  47 1 7 1 2 4 8 16 32 64
326  111  337 0  46 1 7 1 2 4 8 16 32 64
327  593  552 0  33 1 7 1 2 4 8 16 32 64
328  373  820 0  26 1 7 1 2 4 8 16 32 64
329  719    4 0   7 1 7 1 2 4 8 16 32 64
330  935  763 0  92 1 7 1 2 4 8 16 32 64
331   22  453 0  63 1 7 1 2 4 8 16 32 64
332  388   53 0  35 1 7 1 2 4 8 16 32 64
333  100  602 0  66 1 7 1 2 4 8 16 32 64
334  299  401 0   2 1 7 1 2 4 8 16 32 64
335  455  509 0  71 1 7 1 2 4 8 16 32 64
336  654  152 0  60 1 7 1 2 4 8 16 32 64
337  903  227 0  24 1 7 1 2 4 8 16 32 64
338  387  880 0  67 1 7 1 2 4 8 16 32 64
339  254   12 0  39 1 7 1 2 4 8 16 32 64
340  611  424 0  59 1 7 1 2 4 8 16 32 64
341  109  916 0  20 1 7 1 2 4 8 16 32 64
342  227  179 0  41 1 7 1 2 4 8 16 32 64
343  482  289 0  78 1 7 1 2 4 8 16 32 64
344  542  343 0  17 1 7 1 2 4 8 16 32 64
345  935  982 0   8 1 7 1 2 4 8 16 32 64
346  123  940 0  99 1 7 1 2 4 8 16 32 64
347  634  602 0  65 1 7 1 2 4 8 16 32 64
348   30  745 0  14 1 7 1 2 4 8 16 32 64
349   11  736 0  78 1 7 1 2 4 8 16 32 64
350  195  611 0   5 1 7 1 2 4 8 16 32 64
351  259  781 0  55 1 7 1 2 4 8 16 32 64
352  925  226 0  26 1 7 1 2 4 8 16 32 64
353  721  603 0  66 1 7 1 2 4 8 16 32 64
354  807  921 0  40 1 7 1 2 4 8 16 32 64
355  419  727 0  68 1 7 1 2 4 8 16 32 64
356  538   72 0  47 1 7 1 2 4 8 16 32 64
357  346  812 0  17 1 7 1 2 4 8 16 32 64
358  967  638 0  37 1 7 1 2 4 8 16 32 64
359  781  515 0   7 1 7 1 2 4 8 16 32 64
360  730  344 0  25 1 7 1 2 4 8 16 32 64
361  388  959 0  44 1 7 1 2 4 8 16 32 64
362  125  296 0  90 1 7 1 2 4 8 16 32 64
363  145  116 0  63 1 7 1 2 4 8 16 32 64
364  822   67 0  76 1 7 1 2 4 8 16 32 64
365  917  240 0  70 1 7 1 2 4 8 16 32 64
366  254  425 0  24 1 7 1 2 4 8 16 32 64
367  947  406 0  81 1 7 1 2 4 8 16 32 64
368  953  257 0  74 1 7 1 2 4 8 16 32 64
369  335  471 0  21 1 7 1 2 4 8 16 32 64
370  570   62 0  59 1 7 1 2 4 8 16 32 64
371  514  123 0  78 1 7 1 2 4 8 16 32 64
372  854  232 0  52 1 7 1 2 4 8 16 32 64
373  411  121 0  97 1 7 1 2 4 8 16 32 64
374   78  747 0   3 1 7 1 2 4 8 16 32 64
375    6  968 0  88 1 7 1 2 4 8 16 32 64
376  595  477 0  39 1 7 1 2 4 8 16 32 64
377  389  273 0  32 1 7 1 2 4 8 16 32 64
378  922  141 0   5 1 7 1 2 4 8 16 32 64
379  723  256 0  40 1 7 1 2 4 8 16 32 64
380  805  748 0  35 1 7 1 2 4 8 16 32 64
381  820  753 0  34 1 7 1 2 4 8 16 32 64
382  386  532 0  62 1 7 1 2 4 8 16 32 64
383  823  363 0  13 1 7 1 2 4 8 16 32 64
384  843  334 0  99 1 7 1 2 4 8 16 32 64
385  173  684 0  12 1 7 1 2 4 8 16 32 64
386  466  331 0  59 1 7 1 2 4 8 16 32 64
387  741  377 0  14 1 7 1 2 4 8 16 32 64
388  990  275 0  35 1 7 1 2 4 8 16 32 64
389  579  116 0   3 1 7 1 2 4 8 16 32 64
390  542   36 0  92 1 7 1 2 4 8 16 32 64
391  536  315 0  12 1 7 1 2 4 8 16 32 64
392  677   30 0  10 1 7 1 2 4 8 16 32 64
393  327   89 0   3 1 7 1 2 4 8 16 32 64
394  808  962 0  22 1 7 1 2 4 8 16 32 64
395  370  138 0  99 1 7 1 2 4 8 16 32 64
396  628  433 0  41 1 7 1 2 4 8 16 32 64
397  621  985 0  52 1 7 1 2 4 8 16 32 64
398  169  609 0  52 1 7 1 2 4 8 16 32 64
399  459   75 0  67 1 7 1 2 4 8 16 32 64
400  945  893 0  55 1 7 1 2 4 8 16 32 64
401  732  215 0  42 1 7 1 2 4 8 16 32 64
402  743  685 0  15 1 7 1 2 4 8 16 32 64
403  397   78 0  42 1 7 1 2 4 8 16 32 64
404  167  745 0  37 1 7 1 2 4 8 16 32 64
405  837  302 0  20 1 7 1 2 4 8 16 32 64
406  492  684 0  96 1 7 1 2 4 8 16 32 64
407  389  252 0  82 1 7 1 2 4 8 16 32 64
408  341   30 0  46 1 7 1 2 4 8 16 32 64
409   99  271 0  54 1 7 1 2 4 8 16 32 64
410  829  755 0  58 1 7 1 2 4 8 16 32 64
411  706  206 0  83 1 7 1 2 4 8 16 32 64
412  238  476 0  52 1 7 1 2 4 8 16 32 64
413  606  754 0  20 1 7 1 2 4 8 16 32 64
414  230  132 0  24 1 7 1 2 4 8 16 32 64
415  260  884 0  76 1 7 1 2 4 8 16 32 64
416  257  599 0  12 1 7 1 2 4 8 16 32 64
417  418  370 0  77 1 7 1 2 4 8 16 32 64
418  148  100 0  95 1 7 1 2 4 8 16 32 64
419  756  627 0  12 1 7 1 2 4 8 16 32 64
420  812  575 0  90 1 7 1 2 4 8 16 32 64
421  117   78 0  99 1 7 1 2 4 8 16 32 64
422  978  964 0  62 1 7 1 2 4 8 16 32 64
423  158   15 0  68 1 7 1 2 4 8 16 32 64
424  723  523 0  92 1 7 1 2 4 8 16 32 64
425  330  479 0  23 1 7 1 2 4 8 16 32 64
426  939  211 0  41 1 7 1 2 4 8 16 32 64
427  233  785 0  57 1 7 1 2 4 8 16 32 64
428  936  810 0  11 1 7 1 2 4 8 16 32 64
429  305   18 0  30 1 7 1 2 4 8 16 32 64
430  236   50 0  43 1 7 1 2 4 8 16 32 64
431    8  805 0  29 1 7 1 2 4 8 16 32 64
432  255  638 0  83 1 7 1 2 4 8 16 32 64
433  590  401 0  51 1 7 1 2 4 8 16 32 64
434  214  233 0  60 1 7 1 2 4 8 16 32 64
435  287  205 0  33 1 7 1 2 4 8 16 32 64
436  921  871 0  49 1 7 1 2 4 8 16 32 64
437  294  917 0  34 1 7 1 2 4 8 16 32 64
438  845  830 0  79 1 7 1 2 4 8 16 32 64
439  376  703 0  21 1 7 1 2 4 8 16 32 64
440  641  810 0  39 1 7 1 2 4 8 16 32 64
441  867  108 0  50 1 7 1 2 4 8 16 32 64
442  771  925 0  47 1 7 1 2 4 8 16 32 64
443   24  488 0  80 1 7 1 2 4 8 16 32 64
444   75  968 0   7 1 7 1 2 4 8 16 32 64
445  317  887 0  47 1 7 1 2 4 8 16 32 64
446  348  867 0   8 1 7 1 2 4 8 16 32 64
447  762   81 0   4 1 7 1 2 4 8 16 32 64
448  369  579 0  53 1 7 1 2 4 8 16 32 64
449  600  832 0  12 1 7 1 2 4 8 16 32 64
450  976   92 0  38 1 7 1 2 4 8 16 32 64
451  803  929 0   5 1 7 1 2 4 8 16 32 64
452  467  204 0  88 1 7 1 2 4 8 16 32 64
453  720  942 0  46 1 7 1 2 4 8 16 32 64
454  773  363 0  83 1 7 1 2 4 8 16 32 64
455  652  980 0  35 1 7 1 2 4 8 16 32 64
456  672  989 0  61 1 7 1 2 4 8 16 32 64
457  811  953 0  76 1 7 1 2 4 8 16 32 64
458  433   34 0  98 1 7 1 2 4 8 16 32 64
459 1000   10 0  79 1 7 1 2 4 8 16 32 64
460  697  710 0  98 1 7 1 2 4 8 16 32 64
461  571  151 0  48 1 7 1 2 4 8 16 32 64
462  228  178 0  66 1 7 1 2 4 8 16 32 64
463   91  707 0  85 1 7 1 2 4 8 16 32 64
464  139  286 0  27 1 7 1 2 4 8 16 32 64
465   37  232 0  71 1 7 1 2 4 8 16 32 64
466  363  336 0  45 1 7 1 2 4 8 16 32 64
467  979  295 0  67 1 7 1 2 4 8 16 32 64
468  760  216 0  58 1 7 1 2 4 8 16 32 64
469  216  129 0  21 1 7 1 2 4 8 16 32 64
470   19  921 0  91 1 7 1 2 4 8 16 32 64
471  756  734 0  82 1 7 1 2 4 8 16 32 64
472  291  399 0  64 1 7 1 2 4 8 16 32 64
473  706  830 0  77 1 7 1 2 4 8 16 32 64
474  315  934 0  74 1 7 1 2 4 8 16 32 64
475  592  751 0  90 1 7 1 2 4 8 16 32 64
476  795  983 0  86 1 7 1 2 4 8 16 32 64
477  760  692 0  87 1 7 1 2 4 8 16 32 64
478   97  297 0  83 1 7 1 2 4 8 16 32 64
479  522  430 0  79 1 7 1 2 4 8 16 32 64
480  308  148 0  64 1 7 1 2 4 8 16 32 64
481  869  415 0  87 1 7 1 2 4 8 16 32 64
482   55  397 0  97 1 7 1 2 4 8 16 32 64
483   83   15 0  51 1 7 1 2 4 8 16 32 64
484  686  766 0  69 1 7 1 2 4 8 16 32 64
485  665  345 0 100 1 7 1 2 4 8 16 32 64
486  241  614 0  25 1 7 1 2 4 8 16 32 64
487  333  621 0  15 1 7 1 2 4 8 16 32 64
488  270  361 0  85 1 7 1 2 4 8 16 32 64
489  766  961 0  66 1 7 1 2 4 8 16 32 64
490  194   96 0  39 1 7 1 2 4 8 16 32 64
491  309  565 0  25 1 7 1 2 4 8 16 32 64
492  650  273 0  62 1 7 1 2 4 8 16 32 64
493  313  156 0  62 1 7 1 2 4 8 16 32 64
494  837  990 0  43 1 7 1 2 4 8 16 32 64
495  137  497 0   8 1 7 1 2 4 8 16 32 64
496  113  958 0  99 1 7 1 2 4 8 16 32 64
497  179  803 0  47 1 7 1 2 4 8 16 32 64
498  730  898 0   7 1 7 1 2 4 8 16 32 64
499  662  546 0  65 1 7 1 2 4 8 16 32 64
500  867  812 0  39 1 7 1 2 4 8 16 32 64
501  147  693 0  89 1 7 1 2 4 8 16 32 64
502  775  269 0  17 1 7 1 2 4 8 16 32 64
503   80  336 0  89 1 7 1 2 4 8 16 32 64
504  583  198 0 100 1 7 1 2 4 8 16 32 64
505  168  379 0  29 1 7 1 2 4 8 16 32 64
506  182  356 0  44 1 7 1 2 4 8 16 32 64
507  274  477 0  20 1 7 1 2 4 8 16 32 64
508  936  585 0  88 1 7 1 2 4 8 16 32 64
509  892  869 0  68 1 7 1 2 4 8 16 32 64
510  871  841 0   1 1 7 1 2 4 8 16 32 64
511  120  573 0  68 1 7 1 2 4 8 16 32 64
512  543  547 0  77 1 7 1 2 4 8 16 32 64
513  238  749 0  69 1 7 1 2 4 8 16 32 64
514   65   83 0  38 1 7 1 2 4 8 16 32 64
515  544  629 0   5 1 7 1 2 4 8 16 32 64
516  142  393 0  49 1 7 1 2 4 8 16 32 64
517  782  646 0  12 1 7 1 2 4 8 16 32 64
518  379  515 0  39 1 7 1 2 4 8 16 32 64
519  969  288 0  84 1 7 1 2 4 8 16 32 64
520  871  237 0  25 1 7 1 2 4 8 16 32 64
521   85  899 0  68 1 7 1 2 4 8 16 32 64
522  687  593 0  74 1 7 1 2 4 8 16 32 64
523  325  434 0  62 1 7 1 2 4 8 16 32 64
524  649  451 0  66 1 7 1 2 4 8 16 32 64
525  139  605 0  16 1 7 1 2 4 8 16 32 64
526  849  325 0  84 1 7 1 2 4 8 16 32 64
527  140  562 0  26 1 7 1 2 4 8 16 32 64
528  506    8 0  29 1 7 1 2 4 8 16 32 64
529  525  725 0  11 1 7 1 2 4 8 16 32 64
530  672  303 0  63 1 7 1 2 4 8 16 32 64
531  231  119 0  56 1 7 1 2 4 8 16 32 64
532  467  442 0   5 1 7 1 2 4 8 16 32 64
533  287  160 0   8 1 7 1 2 4 8 16 32 64
534  602   20 0  97 1 7 1 2 4 8 16 32 64
535  101  676 0  75 1 7 1 2 4 8 16 32 64
536  467  276 0  82 1 7 1 2 4 8 16 32 64
537  379  473 0  23 1 7 1 2 4 8 16 32 64
538  175  851 0  73 1 7 1 2 4 8 16 32 64
539   26  202 0  46 1 7 1 2 4 8 16 32 64
540  906   93 0  70 1 7 1 2 4 8 16 32 64
541   35  842 0  21 1 7 1 2 4 8 16 32 64
542  352  190 0  61 1 7 1 2 4 8 16 32 64
543  835  884 0  44 1 7 1 2 4 8 16 32 64
544  419  918 0  95 1 7 1 2 4 8 16 32 64
545  453  603 0   4 1 7 1 2 4 8 16 32 64
546  961  562 0  26 1 7 1 2 4 8 16 32 64
547  107  521 0   1 1 7 1 2 4 8 16 32 64
548  479  174 0   3 1 7 1 2 4 8 16 32 64
549  914  363 0  99 1 7 1 2 4 8 16 32 64
550  714  289 0   8 1 7 1 2 4 8 16 32 64
551  460  592 0  88 1 7 1 2 4 8 16 32 64
552  818  941 0   3 1 7 1 2 4 8 16 32 64
553  973  709 0  54 1 7 1 2 4 8 16 32 64
554  940  742 0  18 1 7 1 2 4 8 16 32 64
555  624  760 0  83 1 7 1 2 4 8 16 32 64
556  618  837 0  51 1 7 1 2 4 8 16 32 64
557  388  798 0   8 1 7 1 2 4 8 16 32 64
558   23  775 0  80 1 7 1 2 4 8 16 32 64
559  920  608 0  60 1 7 1 2 4 8 16 32 64
560  939  611 0  85 1 7 1 2 4 8 16 32 64
561  998   19 0   3 1 7 1 2 4 8 16 32 64
562  352  466 0  88 1 7 1 2 4 8 16 32 64
563  889  756 0  45 1 7 1 2 4 8 16 32 64
564  671  777 0  76 1 7 1 2 4 8 16 32 64
565  129  312 0  10 1 7 1 2 4 8 16 32 64
566  602  950 0  76 1 7 1 2 4 8 16 32 64
567  399  311 0  69 1 7 1 2 4 8 16 32 64
568  478  671 0   1 1 7 1 2 4 8 16 32 64
569  595   66 0  78 1 7 1 2 4 8 16 32 64
570  150  363 0  67 1 7 1 2 4 8 16 32 64
571  319  984 0  85 1 7 1 2 4 8 16 32 64
572  773  416 0   6 1 7 1 2 4 8 16 32 64
573  554  819 0  90 1 7 1 2 4 8 16 32 64
574   87  915 0  58 1 7 1 2 4 8 16 32 64
575  987   52 0  66 1 7 1 2 4 8 16 32 64
576  826  155 0 100 1 7 1 2 4 8 16 32 64
577  327  814 0   4 1 7 1 2 4 8 16 32 64
578  894  257 0  51 1 7 1 2 4 8 16 32 64
579   33   29 0  14 1 7 1 2 4 8 16 32 64
580  547  615 0   8 1 7 1 2 4 8 16 32 64
581  250  885 0  72 1 7 1 2 4 8 16 32 64
582  649  853 0  79 1 7 1 2 4 8 16 32 64
583  748  655 0  73 1 7 1 2 4 8 16 32 64
584   22  386 0  11 1 7 1 2 4 8 16 32 64
585  125   74 0   8 1 7 1 2 4 8 16 32 64
586  975   94 0  85 1 7 1 2 4 8 16 32 64
587  165  469 0  19 1 7 1 2 4 8 16 32 64
588  947  882 0  85 1 7 1 2 4 8 16 32 64
589  687  381 0  25 1 7 1 2 4 8 16 32 64
590  328  126 0  16 1 7 1 2 4 8 16 32 64
591  397  829 0  61 1 7 1 2 4 8 16 32 64
592  541   80 0  99 1 7 1 2 4 8 16 32 64
593  523  590 0   4 1 7 1 2 4 8 16 32 64
594  354   53 0  77 1 7 1 2 4 8 16 32 64
595  890  780 0  19 1 7 1 2 4 8 16 32 64
596  631  520 0  11 1 7 1 2 4 8 16 32 64
597  253  438 0  69 1 7 1 2 4 8 16 32 64
598  384  218 0  94 1 7 1 2 4 8 16 32 64
599  824  420 0  85 1 7 1 2 4 8 16 32 64
600  106  391 0  63 1 7 1 2 4 8 16 32 64
601  495  805 0  69 1 7 1 2 4 8 16 32 64
602  894    0 0  59 1 7 1 2 4 8 16 32 64
603  254  313 0  29 1 7 1 2 4 8 16 32 64
604   25  307 0  15 1 7 1 2 4 8 16 32 64
605   75  952 0  75 1 7 1 2 4 8 16 32 64
606  849  848 0  55 1 7 1 2 4 8 16 32 64
607  228  951 0  45 1 7 1 2 4 8 16 32 64
608  660  857 0  45 1 7 1 2 4 8 16 32 64
609  575  432 0  77 1 7 1 2 4 8 16 32 64
610  773  240 0  65 1 7 1 2 4 8 16 32 64
611   19   85 0  46 1 7 1 2 4 8 16 32 64
612  908  388 0  58 1 7 1 2 4 8 16 32 64
613  429  839 0  33 1 7 1 2 4 8 16 32 64
614  287  946 0  54 1 7 1 2 4 8 16 32 64
615  382  143 0  35 1 7 1 2 4 8 16 32 64
616  523  406 0   7 1 7 1 2 4 8 16 32 64
617  612  279 0  31 1 7 1 2 4 8 16 32 64
618  496  402 0  30 1 7 1 2 4 8 16 32 64
619  342   61 0  18 1 7 1 2 4 8 16 32 64
620  224    6 0  11 1 7 1 2 4 8 16 32 64
621   32  586 0  56 1 7 1 2 4 8 16 32 64
622  664  946 0  32 1 7 1 2 4 8 16 32 64
623  887  416 0  26 1 7 1 2 4 8 16 32 64
624   67  887 0  51 1 7 1 2 4 8 16 32 64
625  201    5 0  28 1 7 1 2 4 8 16 32 64
626  691  390 0  53 1 7 1 2 4 8 16 32 64
627  920  676 0  55 1 7 1 2 4 8 16 32 64
628  505  633 0  62 1 7 1 2 4 8 16 32 64
629  942  244 0  47 1 7 1 2 4 8 16 32 64
630  622  438 0  96 1 7 1 2 4 8 16 32 64
631  663  233 0  34 1 7 1 2 4 8 16 32 64
632  850  831 0  43 1 7 1 2 4 8 16 32 64
633  662  602 0  87 1 7 1 2 4 8 16 32 64
634  263  348 0  15 1 7 1 2 4 8 16 32 64
635    9  984 0 100 1 7 1 2 4 8 16 32 64
636  187  655 0  17 1 7 1 2 4 8 16 32 64
637  949  636 0  99 1 7 1 2 4 8 16 32 64
638   90  208 0  42 1 7 1 2 4 8 16 32 64
639   73   98 0   4 1 7 1 2 4 8 16 32 64
640  935  144 0  44 1 7 1 2 4 8 16 32 64
641  196   21 0  45 1 7 1 2 4 8 16 32 64
642  106  897 0  17 1 7 1 2 4 8 16 32 64
643  471  146 0  35 1 7 1 2 4 8 16 32 64
644  763  217 0   5 1 7 1 2 4 8 16 32 64
645  360  441 0   2 1 7 1 2 4 8 16 32 64
646  426  128 0   4 1 7 1 2 4 8 16 32 64
647  617  616 0  63 1 7 1 2 4 8 16 32 64
648  133  770 0   2 1 7 1 2 4 8 16 32 64
649  401  593 0   8 1 7 1 2 4 8 16 32 64
650  483  944 0  55 1 7 1 2 4 8 16 32 64
651  452  302 0  70 1 7 1 2 4 8 16 32 64
652  586  613 0  58 1 7 1 2 4 8 16 32 64
653  999   57 0 100 1 7 1 2 4 8 16 32 64
654  644  706 0  69 1 7 1 2 4 8 16 32 64
655  194  746 0  10 1 7 1 2 4 8 16 32 64
656  106  791 0  74 1 7 1 2 4 8 16 32 64
657  822   78 0  47 1 7 1 2 4 8 16 32 64
658  789   66 0  10 1 7 1 2 4 8 16 32 64
659  583  877 0  64 1 7 1 2 4 8 16 32 64
660   66  607 0  75 1 7 1 2 4 8 16 32 64
661  183  128 0  68 1 7 1 2 4 8 16 32 64
662  978  840 0  12 1 7 1 2 4 8 16 32 64
663  405  420 0  78 1 7 1 2 4 8 16 32 64
664  891   88 0   9 1 7 1 2 4 8 16 32 64
665  151  340 0  43 1 7 1 2 4 8 16 32 64
666  961  668 0  35 1 7 1 2 4 8 16 32 64
667  334  992 0  81 1 7 1 2 4 8 16 32 64
668  338  131 0  12 1 7 1 2 4 8 16 32 64
669  130  418 0  70 1 7 1 2 4 8 16 32 64
670  772  575 0  20 1 7 1 2 4 8 16 32 64
671   13  666 0  40 1 7 1 2 4 8 16 32 64
672  130  718 0  13 1 7 1 2 4 8 16 32 64
673  482  117 0  82 1 7 1 2 4 8 16 32 64
674  541  536 0  32 1 7 1 2 4 8 16 32 64
675  542  557 0  97 1 7 1 2 4 8 16 32 64
676  618  949 0  23 1 7 1 2 4 8 16 32 64
677  629  310 0  72 1 7 1 2 4 8 16 32 64
678  964  292 0  61 1 7 1 2 4 8 16 32 64
679   35  762 0  44 1 7 1 2 4 8 16 32 64
680  962  582 0  46 1 7 1 2 4 8 16 32 64
681  263  516 0  34 1 7 1 2 4 8 16 32 64
682  116  567 0   2 1 7 1 2 4 8 16 32 64
683  405  640 0  76 1 7 1 2 4 8 16 32 64
684  649  983 0  58 1 7 1 2 4 8 16 32 64
685  768  168 0  34 1 7 1 2 4 8 16 32 64
686  843  493 0  24 1 7 1 2 4 8 16 32 64
687  455  576 0  62 1 7 1 2 4 8 16 32 64
688  103   30 0   9 1 7 1 2 4 8 16 32 64
689  706  934 0  64 1 7 1 2 4 8 16 32 64
690  690  751 0  86 1 7 1 2 4 8 16 32 64
691  734  996 0  70 1 7 1 2 4 8 16 32 64
692  449  708 0  10 1 7 1 2 4 8 16 32 64
693  895  173 0  19 1 7 1 2 4 8 16 32 64
694  149   19 0   2 1 7 1 2 4 8 16 32 64
695   48  699 0  17 1 7 1 2 4 8 16 32 64
696  465  233 0  39 1 7 1 2 4 8 16 32 64
697  946  544 0  89 1 7 1 2 4 8 16 32 64
698  677  221 0   1 1 7 1 2 4 8 16 32 64
699  856  679 0  35 1 7 1 2 4 8 16 32 64
700  455  541 0  50 1 7 1 2 4 8 16 32 64
701  384   30 0  15 1 7 1 2 4 8 16 32 64
702  336  306 0 100 1 7 1 2 4 8 16 32 64
703  258  404 0   8 1 7 1 2 4 8 16 32 64
704  664  363 0  64 1 7 1 2 4 8 16 32 64
705  112  353 0  47 1 7 1 2 4 8 16 32 64
706  581  607 0  86 1 7 1 2 4 8 16 32 64
707  594  827 0  22 1 7 1 2 4 8 16 32 64
708  471  751 0  19 1 7 1 2 4 8 16 32 64
709  777  885 0 100 1 7 1 2 4 8 16 32 64
710   80  844 0  72 1 7 1 2 4 8 16 32 64
711  579  459 0  27 1 7 1 2 4 8 16 32 64
712  428  649 0  49 1 7 1 2 4 8 16 32 64
713   12  931 0  65 1 7 1 2 4 8 16 32 64
714  504  777 0  80 1 7 1 2 4 8 16 32 64
715  125  348 0   3 1 7 1 2 4 8 16 32 64
716  253   35 0  44 1 7 1 2 4 8 16 32 64
717  119  954 0  45 1 7 1 2 4 8 16 32 64
718  639  980 0  46 1 7 1 2 4 8 16 32 64
719  464  297 0   2 1 7 1 2 4 8 16 32 64
720  851  130 0  89 1 7 1 2 4 8 16 32 64
721  267  807 0  46 1 7 1 2 4 8 16 32 64
722  447  583 0  30 1 7 1 2 4 8 16 32 64
723  379  690 0  74 1 7 1 2 4 8 16 32 64
724  941  838 0  44 1 7 1 2 4 8 16 32 64
725   26  425 0  42 1 7 1 2 4 8 16 32 64
726  146  580 0   7 1 7 1 2 4 8 16 32 64
727  150  324 0  73 1 7 1 2 4 8 16 32 64
728  789  664 0  11 1 7 1 2 4 8 16 32 64
729  817  949 0 100 1 7 1 2 4 8 16 32 64
730  733   76 0  36 1 7 1 2 4 8 16 32 64
731  951   98 0  31 1 7 1 2 4 8 16 32 64
732  220  294 0  52 1 7 1 2 4 8 16 32 64
733  100  496 0  68 1 7 1 2 4 8 16 32 64
734  686  773 0  11 1 7 1 2 4 8 16 32 64
735  312  375 0  57 1 7 1 2 4 8 16 32 64
736  443  849 0  67 1 7 1 2 4 8 16 32 64
737  552   16 0  25 1 7 1 2 4 8 16 32 64
738  446  961 0  39 1 7 1 2 4 8 16 32 64
739  582  744 0  60 1 7 1 2 4 8 16 32 64
740   11  187 0  82 1 7 1 2 4 8 16 32 64
741  978  275 0  86 1 7 1 2 4 8 16 32 64
742  331   23 0  27 1 7 1 2 4 8 16 32 64
743  282  352 0  25 1 7 1 2 4 8 16 32 64
744  120  367 0  14 1 7 1 2 4 8 16 32 64
745   27  140 0  99 1 7 1 2 4 8 16 32 64
746  176  839 0  34 1 7 1 2 4 8 16 32 64
747  251  269 0  22 1 7 1 2 4 8 16 32 64
748  868  863 0  91 1 7 1 2 4 8 16 32 64
749  565  589 0  36 1 7 1 2 4 8 16 32 64
750  745  711 0  88 1 7 1 2 4 8 16 32 64
751  767  170 0  68 1 7 1 2 4 8 16 32 64
752  389  806 0   1 1 7 1 2 4 8 16 32 64
753  902  307 0  59 1 7 1 2 4 8 16 32 64
754  579  520 0  91 1 7 1 2 4 8 16 32 64
755  722  843 0  23 1 7 1 2 4 8 16 32 64
756  588   79 0  44 1 7 1 2 4 8 16 32 64
757  776  371 0   7 1 7 1 2 4 8 16 32 64
758  891  924 0  38 1 7 1 2 4 8 16 32 64
759  898  809 0  10 1 7 1 2 4 8 16 32 64
760  284  172 0  54 1 7 1 2 4 8 16 32 64
761  177   97 0  93 1 7 1 2 4 8 16 32 64
762   51  888 0  70 1 7 1 2 4 8 16 32 64
763  150  621 0  20 1 7 1 2 4 8 16 32 64
764  815  167 0  29 1 7 1 2 4 8 16 32 64
765  944  705 0  87 1 7 1 2 4 8 16 32 64
766  722  803 0   9 1 7 1 2 4 8 16 32 64
767  278  320 0  64 1 7 1 2 4 8 16 32 64
768  444  233 0  91 1 7 1 2 4 8 16 32 64
769  623  832 0  12 1 7 1 2 4 8 16 32 64
770  404  650 0  10 1 7 1 2 4 8 16 32 64
771  439  472 0  94 1 7 1 2 4 8 16 32 64
772  529  178 0  49 1 7 1 2 4 8 16 32 64
773   35  780 0  44 1 7 1 2 4 8 16 32 64
774  173  893 0   9 1 7 1 2 4 8 16 32 64
775  266  248 0  58 1 7 1 2 4 8 16 32 64
776  790  515 0  63 1 7 1 2 4 8 16 32 64
777   77  736 0  34 1 7 1 2 4 8 16 32 64
778  205  424 0   1 1 7 1 2 4 8 16 32 64
779  638  559 0  59 1 7 1 2 4 8 16 32 64
780  227   82 0  66 1 7 1 2 4 8 16 32 64
781  552  522 0  47 1 7 1 2 4 8 16 32 64
782   21  964 0  96 1 7 1 2 4 8 16 32 64
783  347  781 0  52 1 7 1 2 4 8 16 32 64
784  171  833 0  99 1 7 1 2 4 8 16 32 64
785  787  195 0  40 1 7 1 2 4 8 16 32 64
786  302  363 0  68 1 7 1 2 4 8 16 32 64
787  105  693 0  96 1 7 1 2 4 8 16 32 64
788  857  496 0  42 1 7 1 2 4 8 16 32 64
789  198  330 0  10 1 7 1 2 4 8 16 32 64
790  400  150 0  23 1 7 1 2 4 8 16 32 64
791  452  296 0  33 1 7 1 2 4 8 16 32 64
792  296  375 0   2 1 7 1 2 4 8 16 32 64
793  288  317 0  36 1 7 1 2 4 8 16 32 64
794  884  693 0  80 1 7 1 2 4 8 16 32 64
795  896  654 0   8 1 7 1 2 4 8 16 32 64
796  528  552 0  35 1 7 1 2 4 8 16 32 64
797  976  735 0  34 1 7 1 2 4 8 16 32 64
798  552  495 0  51 1 7 1 2 4 8 16 32 64
799   44  176 0  98 1 7 1 2 4 8 16 32 64
800  788  498 0   5 1 7 1 2 4 8 16 32 64
801    5  327 0  77 1 7 1 2 4 8 16 32 64
802  635  487 0  40 1 7 1 2 4 8 16 32 64
803  732  402 0  12 1 7 1 2 4 8 16 32 64
804  180  959 0  29 1 7 1 2 4 8 16 32 64
805  108  193 0  85 1 7 1 2 4 8 16 32 64
806  893  192 0  14 1 7 1 2 4 8 16 32 64
807  580  189 0  96 1 7 1 2 4 8 16 32 64
808  636  382 0  89 1 7 1 2 4 8 16 32 64
809   54  539 0  67 1 7 1 2 4 8 16 32 64
810  258  323 0  92 1 7 1 2 4 8 16 32 64
811  986  546 0  17 1 7 1 2 4 8 16 32 64
812  113  439 0  87 1 7 1 2 4 8 16 32 64
813  638  289 0  83 1 7 1 2 4 8 16 32 64
814  136  771 0  62 1 7 1 2 4 8 16 32 64
815  233  502 0  72 1 7 1 2 4 8 16 32 64
816  780  991 0  33 1 7 1 2 4 8 16 32 64
817  980  889 0  46 1 7 1 2 4 8 16 32 64
818  617  894 0  40 1 7 1 2 4 8 16 32 64
819  492  954 0   1 1 7 1 2 4 8 16 32 64
820  657  209 0  42 1 7 1 2 4 8 16 32 64
821  855  740 0   2 1 7 1 2 4 8 16 32 64
822  623  464 0  66 1 7 1 2 4 8 16 32 64
823  106  478 0   7 1 7 1 2 4 8 16 32 64
824  216  188 0  27 1 7 1 2 4 8 16 32 64
825  816   18 0  50 1 7 1 2 4 8 16 32 64
826   95  152 0  46 1 7 1 2 4 8 16 32 64
827  779  229 0  97 1 7 1 2 4 8 16 32 64
828  633  792 0  33 1 7 1 2 4 8 16 32 64
829   50  482 0  15 1 7 1 2 4 8 16 32 64
830  763   62 0   7 1 7 1 2 4 8 16 32 64
831  830  395 0  72 1 7 1 2 4 8 16 32 64
832  457  834 0  12 1 7 1 2 4 8 16 32 64
833  435  978 0  92 1 7 1 2 4 8 16 32 64
834  577  216 0  58 1 7 1 2 4 8 16 32 64
835  194  523 0  78 1 7 1 2 4 8 16 32 64
836  446  773 0  32 1 7 1 2 4 8 16 32 64
837  454  958 0  10 1 7 1 2 4 8 16 32 64
838   50   50 0  99 1 7 1 2 4 8 16 32 64
839  284  964 0  59 1 7 1 2 4 8 16 32 64
840  909  193 0  20 1 7 1 2 4 8 16 32 64
841  212  513 0  71 1 7 1 2 4 8 16 32 64
842  220  576 0  44 1 7 1 2 4 8 16 32 64
843  749   75 0  37 1 7 1 2 4 8 16 32 64
844  209  660 0  14 1 7 1 2 4 8 16 32 64
845  688  856 0  46 1 7 1 2 4 8 16 32 64
846  908  220 0  23 1 7 1 2 4 8 16 32 64
847  164  604 0  17 1 7 1 2 4 8 16 32 64
848  700  544 0  43 1 7 1 2 4 8 16 32 64
849  432  701 0  51 1 7 1 2 4 8 16 32 64
850  930  473 0  71 1 7 1 2 4 8 16 32 64
851  371  362 0  57 1 7 1 2 4 8 16 32 64
852  338  236 0  10 1 7 1 2 4 8 16 32 64
853  499  313 0  44 1 7 1 2 4 8 16 32 64
854   88  130 0  89 1 7 1 2 4 8 16 32 64
855  896  649 0  86 1 7 1 2 4 8 16 32 64
856  432  634 0  76 1 7 1 2 4 8 16 32 64
857  361  827 0  67 1 7 1 2 4 8 16 32 64
858  661  190 0  25 1 7 1 2 4 8 16 32 64
859  811  172 0  54 1 7 1 2 4 8 16 32 64
860  900  254 0  64 1 7 1 2 4 8 16 32 64
861  680  942 0  94 1 7 1 2 4 8 16 32 64
862   28   33 0   2 1 7 1 2 4 8 16 32 64
863  490  988 0   9 1 7 1 2 4 8 16 32 64
864  871  185 0  76 1 7 1 2 4 8 16 32 64
865  975  525 0   2 1 7 1 2 4 8 16 32 64
866  195    3 0  48 1 7 1 2 4 8 16 32 64
867  758  856 0  66 1 7 1 2 4 8 16 32 64
868  180  221 0  17 1 7 1 2 4 8 16 32 64
869  946  607 0  45 1 7 1 2 4 8 16 32 64
870  776   76 0  59 1 7 1 2 4 8 16 32 64
871  411  766 0  46 1 7 1 2 4 8 16 32 64
872  921  723 0  10 1 7 1 2 4 8 16 32 64
873  458  344 0  48 1 7 1 2 4 8 16 32 64
874  437  891 0  31 1 7 1 2 4 8 16 32 64
875  774  390 0  41 1 7 1 2 4 8 16 32 64
876  823  503 0   9 1 7 1 2 4 8 16 32 64
877   51  122 0  83 1 7 1 2 4 8 16 32 64
878  694  935 0  96 1 7 1 2 4 8 16 32 64
879   14  250 0  18 1 7 1 2 4 8 16 32 64
880  824  596 0  11 1 7 1 2 4 8 16 32 64
881  210  724 0  57 1 7 1 2 4 8 16 32 64
882  275  198 0  34 1 7 1 2 4 8 16 32 64
883  706  963 0  20 1 7 1 2 4 8 16 32 64
884  657  379 0  12 1 7 1 2 4 8 16 32 64
885  357  398 0  69 1 7 1 2 4 8 16 32 64
886  635  942 0  92 1 7 1 2 4 8 16 32 64
887  582  208 0  18 1 7 1 2 4 8 16 32 64
888  484  402 0  41 1 7 1 2 4 8 16 32 64
889   82  590 0  14 1 7 1 2 4 8 16 32 64
890   93  703 0  57 1 7 1 2 4 8 16 32 64
891  168  263 0  57 1 7 1 2 4 8 16 32 64
892  560  909 0  88 1 7 1 2 4 8 16 32 64
893  954  271 0  66 1 7 1 2 4 8 16 32 64
894  779  848 0  22 1 7 1 2 4 8 16 32 64
895  161  274 0  36 1 7 1 2 4 8 16 32 64
896  950  576 0  40 1 7 1 2 4 8 16 32 64
897  900  709 0  20 1 7 1 2 4 8 16 32 64
898  747  469 0  76 1 7 1 2 4 8 16 32 64
899  207  219 0   2 1 7 1 2 4 8 16 32 64
900   18   22 0  35 1 7 1 2 4 8 16 32 64
901  348  946 0  51 1 7 1 2 4 8 16 32 64
902  978  461 0  29 1 7 1 2 4 8 16 32 64
903  650  643 0  20 1 7 1 2 4 8 16 32 64
904  617  235 0   8 1 7 1 2 4 8 16 32 64
905  500  608 0  87 1 7 1 2 4 8 16 32 64
906  196  917 0  40 1 7 1 2 4 8 16 32 64
907  173  648 0  27 1 7 1 2 4 8 16 32 64
908  154  718 0  94 1 7 1 2 4 8 16 32 64
909  257  934 0  62 1 7 1 2 4 8 16 32 64
910  157  265 0  40 1 7 1 2 4 8 16 32 64
911  894  869 0  17 1 7 1 2 4 8 16 32 64
912  100   61 0  99 1 7 1 2 4 8 16 32 64
913  270  599 0  34 1 7 1 2 4 8 16 32 64
914  727  725 0  36 1 7 1 2 4 8 16 32 64
915  790  650 0  68 1 7 1 2 4 8 16 32 64
916   80  270 0  81 1 7 1 2 4 8 16 32 64
917   67  252 0  33 1 7 1 2 4 8 16 32 64
918  921  121 0  46 1 7 1 2 4 8 16 32 64
919  724  382 0   4 1 7 1 2 4 8 16 32 64
920  283  248 0  81 1 7 1 2 4 8 16 32 64
921  674  340 0  67 1 7 1 2 4 8 16 32 64
922  639   95 0  66 1 7 1 2 4 8 16 32 64
923  309  587 0  58 1 7 1 2 4 8 16 32 64
924  101  640 0  76 1 7 1 2 4 8 16 32 64
925  943  511 0  16 1 7 1 2 4 8 16 32 64
926  889  930 0  60 1 7 1 2 4 8 16 32 64
927  697  896 0  89 1 7 1 2 4 8 16 32 64
928  755  756 0  96 1 7 1 2 4 8 16 32 64
929  464  890 0  36 1 7 1 2 4 8 16 32 64
930  701  919 0  47 1 7 1 2 4 8 16 32 64
931  390  909 0  59 1 7 1 2 4 8 16 32 64
932  524  339 0  23 1 7 1 2 4 8 16 32 64
933  854  391 0  82 1 7 1 2 4 8 16 32 64
934  933  935 0  36 1 7 1 2 4 8 16 32 64
935  777   60 0  80 1 7 1 2 4 8 16 32 64
936  227  699 0  43 1 7 1 2 4 8 16 32 64
937  913  168 0  94 1 7 1 2 4 8 16 32 64
938  279   94 0  43 1 7 1 2 4 8 16 32 64
939   90  787 0  26 1 7 1 2 4 8 16 32 64
940  679  894 0  38 1 7 1 2 4 8 16 32 64
941  608  994 0  29 1 7 1 2 4 8 16 32 64
942  915    2 0  43 1 7 1 2 4 8 16 32 64
943  961  566 0  99 1 7 1 2 4 8 16 32 64
944  493  842 0   0 0 0
945  920  772 0   0 0 0
946   56  117 0   0 0 0
947  183   40 0   0 0 0
948   80  117 0   0 0 0
949  341   84 0   0 0 0
950  471  874 0   0 0 0
