2 98 972 10
0 255
0 255
0 255
0 255
0 255
0 255
0 255
0 255
0 255
0 255
  1  720 330 0  90 1 10 1 2 4 8 16 32 64 128 256 512
  2  512 800 0  17 1 10 1 2 4 8 16 32 64 128 256 512
  3  807 457 0  75 1 10 1 2 4 8 16 32 64 128 256 512
  4  583 446 0  98 1 10 1 2 4 8 16 32 64 128 256 512
  5  125 414 0  25 1 10 1 2 4 8 16 32 64 128 256 512
  6  952 487 0  93 1 10 1 2 4 8 16 32 64 128 256 512
  7  661 399 0  65 1 10 1 2 4 8 16 32 64 128 256 512
  8  525 611 0  41 1 10 1 2 4 8 16 32 64 128 256 512
  9  601  24 0  70 1 10 1 2 4 8 16 32 64 128 256 512
 10  391 949 0  62 1 10 1 2 4 8 16 32 64 128 256 512
 11  953 501 0  25 1 10 1 2 4 8 16 32 64 128 256 512
 12   84 275 0  77 1 10 1 2 4 8 16 32 64 128 256 512
 13  625 415 0  76 1 10 1 2 4 8 16 32 64 128 256 512
 14  833 177 0  20 1 10 1 2 4 8 16 32 64 128 256 512
 15  361 468 0  26 1 10 1 2 4 8 16 32 64 128 256 512
 16   38 857 0  18 1 10 1 2 4 8 16 32 64 128 256 512
 17  607 348 0  83 1 10 1 2 4 8 16 32 64 128 256 512
 18  409  10 0  80 1 10 1 2 4 8 16 32 64 128 256 512
 19  476 275 0  18 1 10 1 2 4 8 16 32 64 128 256 512
 20  300 955 0  62 1 10 1 2 4 8 16 32 64 128 256 512
 21  920 152 0  16 1 10 1 2 4 8 16 32 64 128 256 512
 22  686 974 0  75 1 10 1 2 4 8 16 32 64 128 256 512
 23  641 523 0  90 1 10 1 2 4 8 16 32 64 128 256 512
 24  286 626 0  38 1 10 1 2 4 8 16 32 64 128 256 512
 25   53 330 0  87 1 10 1 2 4 8 16 32 64 128 256 512
 26  952  69 0  28 1 10 1 2 4 8 16 32 64 128 256 512
 27  420  10 0  10 1 10 1 2 4 8 16 32 64 128 256 512
 28  890 118 0  87 1 10 1 2 4 8 16 32 64 128 256 512
 29  962 329 0  58 1 10 1 2 4 8 16 32 64 128 256 512
 30  983  94 0  79 1 10 1 2 4 8 16 32 64 128 256 512
 31  637 115 0  99 1 10 1 2 4 8 16 32 64 128 256 512
 32  899 898 0  47 1 10 1 2 4 8 16 32 64 128 256 512
 33  300 739 0  16 1 10 1 2 4 8 16 32 64 128 256 512
 34  356 515 0  52 1 10 1 2 4 8 16 32 64 128 256 512
 35   11 720 0  11 1 10 1 2 4 8 16 32 64 128 256 512
 36  190 269 0  26 1 10 1 2 4 8 16 32 64 128 256 512
 37  189 772 0  43 1 10 1 2 4 8 16 32 64 128 256 512
 38  630 505 0  99 1 10 1 2 4 8 16 32 64 128 256 512
 39  596 149 0  13 1 10 1 2 4 8 16 32 64 128 256 512
 40  149 614 0  28 1 10 1 2 4 8 16 32 64 128 256 512
 41  503 185 0   6 1 10 1 2 4 8 16 32 64 128 256 512
 42  319 644 0  36 1 10 1 2 4 8 16 32 64 128 256 512
 43  788 407 0  46 1 10 1 2 4 8 16 32 64 128 256 512
 44  595 743 0  86 1 10 1 2 4 8 16 32 64 128 256 512
 45  719 954 0  22 1 10 1 2 4 8 16 32 64 128 256 512
 46  805 497 0  22 1 10 1 2 4 8 16 32 64 128 256 512
 47  932 701 0  91 1 10 1 2 4 8 16 32 64 128 256 512
 48  225 886 0  81 1 10 1 2 4 8 16 32 64 128 256 512
 49  286 104 0   9 1 10 1 2 4 8 16 32 64 128 256 512
 50  784  11 0  45 1 10 1 2 4 8 16 32 64 128 256 512
 51  662 457 0  28 1 10 1 2 4 8 16 32 64 128 256 512
 52  507 911 0  34 1 10 1 2 4 8 16 32 64 128 256 512
 53  503 269 0   2 1 10 1 2 4 8 16 32 64 128 256 512
 54  855 778 0  75 1 10 1 2 4 8 16 32 64 128 256 512
 55    7 501 0  62 1 10 1 2 4 8 16 32 64 128 256 512
 56   31 423 0  63 1 10 1 2 4 8 16 32 64 128 256 512
 57  906 518 0  45 1 10 1 2 4 8 16 32 64 128 256 512
 58  165 601 0  13 1 10 1 2 4 8 16 32 64 128 256 512
 59  803 726 0  75 1 10 1 2 4 8 16 32 64 128 256 512
 60  943 816 0  76 1 10 1 2 4 8 16 32 64 128 256 512
 61  106 285 0  31 1 10 1 2 4 8 16 32 64 128 256 512
 62  449 151 0  46 1 10 1 2 4 8 16 32 64 128 256 512
 63  539 734 0   7 1 10 1 2 4 8 16 32 64 128 256 512
 64  907  51 0  62 1 10 1 2 4 8 16 32 64 128 256 512
 65  830 937 0  40 1 10 1 2 4 8 16 32 64 128 256 512
 66   95 830 0 100 1 10 1 2 4 8 16 32 64 128 256 512
 67  692 668 0  66 1 10 1 2 4 8 16 32 64 128 256 512
 68  838 625 0  39 1 10 1 2 4 8 16 32 64 128 256 512
 69  166 335 0  93 1 10 1 2 4 8 16 32 64 128 256 512
 70  752 438 0  90 1 10 1 2 4 8 16 32 64 128 256 512
 71  118 878 0  32 1 10 1 2 4 8 16 32 64 128 256 512
 72  131 498 0  92 1 10 1 2 4 8 16 32 64 128 256 512
 73  529 322 0  92 1 10 1 2 4 8 16 32 64 128 256 512
 74  286  87 0  95 1 10 1 2 4 8 16 32 64 128 256 512
 75  215 354 0  80 1 10 1 2 4 8 16 32 64 128 256 512
 76   38 410 0  86 1 10 1 2 4 8 16 32 64 128 256 512
 77  926 824 0  77 1 10 1 2 4 8 16 32 64 128 256 512
 78  764 114 0  83 1 10 1 2 4 8 16 32 64 128 256 512
 79  597 192 0   4 1 10 1 2 4 8 16 32 64 128 256 512
 80  729 177 0  44 1 10 1 2 4 8 16 32 64 128 256 512
 81  627  10 0  87 1 10 1 2 4 8 16 32 64 128 256 512
 82  492 758 0  74 1 10 1 2 4 8 16 32 64 128 256 512
 83   94 309 0  25 1 10 1 2 4 8 16 32 64 128 256 512
 84  745 717 0  45 1 10 1 2 4 8 16 32 64 128 256 512
 85  858 342 0  53 1 10 1 2 4 8 16 32 64 128 256 512
 86  684 916 0  52 1 10 1 2 4 8 16 32 64 128 256 512
 87  173 974 0  88 1 10 1 2 4 8 16 32 64 128 256 512
 88  613 759 0  52 1 10 1 2 4 8 16 32 64 128 256 512
 89  494 977 0  49 1 10 1 2 4 8 16 32 64 128 256 512
 90   91 498 0  33 1 10 1 2 4 8 16 32 64 128 256 512
 91  981 827 0  54 1 10 1 2 4 8 16 32 64 128 256 512
 92  648 834 0  25 1 10 1 2 4 8 16 32 64 128 256 512
 93  607 185 0  76 1 10 1 2 4 8 16 32 64 128 256 512
 94  142 557 0  21 1 10 1 2 4 8 16 32 64 128 256 512
 95  177  70 0  59 1 10 1 2 4 8 16 32 64 128 256 512
 96  934 470 0  51 1 10 1 2 4 8 16 32 64 128 256 512
 97  995 805 0  42 1 10 1 2 4 8 16 32 64 128 256 512
 98    1 840 0  73 1 10 1 2 4 8 16 32 64 128 256 512
 99  669 473 0  70 1 10 1 2 4 8 16 32 64 128 256 512
100  199 472 0  65 1 10 1 2 4 8 16 32 64 128 256 512
101  231 195 0  38 1 10 1 2 4 8 16 32 64 128 256 512
102  790 826 0  47 1 10 1 2 4 8 16 32 64 128 256 512
103  331 405 0  82 1 10 1 2 4 8 16 32 64 128 256 512
104  380 607 0  87 1 10 1 2 4 8 16 32 64 128 256 512
105  888 995 0  56 1 10 1 2 4 8 16 32 64 128 256 512
106   10 766 0  37 1 10 1 2 4 8 16 32 64 128 256 512
107  274 816 0  53 1 10 1 2 4 8 16 32 64 128 256 512
108  762 840 0  27 1 10 1 2 4 8 16 32 64 128 256 512
109  172 203 0  74 1 10 1 2 4 8 16 32 64 128 256 512
110  934 990 0  70 1 10 1 2 4 8 16 32 64 128 256 512
111  207 956 0  85 1 10 1 2 4 8 16 32 64 128 256 512
112  588 804 0  26 1 10 1 2 4 8 16 32 64 128 256 512
113   98 711 0  31 1 10 1 2 4 8 16 32 64 128 256 512
114  284 518 0   6 1 10 1 2 4 8 16 32 64 128 256 512
115   39 268 0  76 1 10 1 2 4 8 16 32 64 128 256 512
116  284 627 0  18 1 10 1 2 4 8 16 32 64 128 256 512
117  426 337 0  35 1 10 1 2 4 8 16 32 64 128 256 512
118  217 484 0  64 1 10 1 2 4 8 16 32 64 128 256 512
119  503 953 0  62 1 10 1 2 4 8 16 32 64 128 256 512
120  516 588 0   5 1 10 1 2 4 8 16 32 64 128 256 512
121  448 466 0  52 1 10 1 2 4 8 16 32 64 128 256 512
122  272 340 0  77 1 10 1 2 4 8 16 32 64 128 256 512
123   26 332 0  35 1 10 1 2 4 8 16 32 64 128 256 512
124  412  16 0  68 1 10 1 2 4 8 16 32 64 128 256 512
125  495  57 0   6 1 10 1 2 4 8 16 32 64 128 256 512
126   77 527 0  38 1 10 1 2 4 8 16 32 64 128 256 512
127  698 295 0  44 1 10 1 2 4 8 16 32 64 128 256 512
128  301 992 0  64 1 10 1 2 4 8 16 32 64 128 256 512
129  592 726 0  23 1 10 1 2 4 8 16 32 64 128 256 512
130  606 722 0  89 1 10 1 2 4 8 16 32 64 128 256 512
131  588 737 0  75 1 10 1 2 4 8 16 32 64 128 256 512
132  533  12 0  62 1 10 1 2 4 8 16 32 64 128 256 512
133  627 102 0   1 1 10 1 2 4 8 16 32 64 128 256 512
134  634 707 0  67 1 10 1 2 4 8 16 32 64 128 256 512
135  901 548 0  23 1 10 1 2 4 8 16 32 64 128 256 512
136   29 381 0  56 1 10 1 2 4 8 16 32 64 128 256 512
137  463 401 0  94 1 10 1 2 4 8 16 32 64 128 256 512
138   67  30 0  41 1 10 1 2 4 8 16 32 64 128 256 512
139  436 546 0  28 1 10 1 2 4 8 16 32 64 128 256 512
140  637 333 0  44 1 10 1 2 4 8 16 32 64 128 256 512
141  524 965 0  81 1 10 1 2 4 8 16 32 64 128 256 512
142  870 913 0  77 1 10 1 2 4 8 16 32 64 128 256 512
143   17  54 0  74 1 10 1 2 4 8 16 32 64 128 256 512
144  307 916 0  25 1 10 1 2 4 8 16 32 64 128 256 512
145  287 905 0  42 1 10 1 2 4 8 16 32 64 128 256 512
146  277 689 0  83 1 10 1 2 4 8 16 32 64 128 256 512
147  768 862 0  99 1 10 1 2 4 8 16 32 64 128 256 512
148  350 487 0  20 1 10 1 2 4 8 16 32 64 128 256 512
149  690 167 0  46 1 10 1 2 4 8 16 32 64 128 256 512
150   68 282 0  67 1 10 1 2 4 8 16 32 64 128 256 512
151  971 701 0  82 1 10 1 2 4 8 16 32 64 128 256 512
152  954  19 0  84 1 10 1 2 4 8 16 32 64 128 256 512
153  391 206 0  55 1 10 1 2 4 8 16 32 64 128 256 512
154  256 600 0  49 1 10 1 2 4 8 16 32 64 128 256 512
155  799 585 0  66 1 10 1 2 4 8 16 32 64 128 256 512
156  555 775 0  87 1 10 1 2 4 8 16 32 64 128 256 512
157  365 212 0  93 1 10 1 2 4 8 16 32 64 128 256 512
158  577 438 0  44 1 10 1 2 4 8 16 32 64 128 256 512
159   61 100 0  82 1 10 1 2 4 8 16 32 64 128 256 512
160  470 132 0  68 1 10 1 2 4 8 16 32 64 128 256 512
161  981 740 0  97 1 10 1 2 4 8 16 32 64 128 256 512
162  564  23 0  22 1 10 1 2 4 8 16 32 64 128 256 512
163  749 424 0  70 1 10 1 2 4 8 16 32 64 128 256 512
164  597 787 0  72 1 10 1 2 4 8 16 32 64 128 256 512
165  934 813 0  66 1 10 1 2 4 8 16 32 64 128 256 512
166  259 446 0  99 1 10 1 2 4 8 16 32 64 128 256 512
167  130 758 0  37 1 10 1 2 4 8 16 32 64 128 256 512
168  985 545 0  16 1 10 1 2 4 8 16 32 64 128 256 512
169  448 853 0  27 1 10 1 2 4 8 16 32 64 128 256 512
170  532 923 0  84 1 10 1 2 4 8 16 32 64 128 256 512
171  289  29 0   1 1 10 1 2 4 8 16 32 64 128 256 512
172  959 476 0  64 1 10 1 2 4 8 16 32 64 128 256 512
173  994 659 0  49 1 10 1 2 4 8 16 32 64 128 256 512
174  188 951 0  95 1 10 1 2 4 8 16 32 64 128 256 512
175  284 487 0  97 1 10 1 2 4 8 16 32 64 128 256 512
176  914 959 0  92 1 10 1 2 4 8 16 32 64 128 256 512
177  971  89 0  56 1 10 1 2 4 8 16 32 64 128 256 512
178  469  11 0  40 1 10 1 2 4 8 16 32 64 128 256 512
179   56 669 0  28 1 10 1 2 4 8 16 32 64 128 256 512
180   74 581 0  48 1 10 1 2 4 8 16 32 64 128 256 512
181  183 222 0  25 1 10 1 2 4 8 16 32 64 128 256 512
182  694 352 0  87 1 10 1 2 4 8 16 32 64 128 256 512
183  117 450 0  96 1 10 1 2 4 8 16 32 64 128 256 512
184   97 613 0  36 1 10 1 2 4 8 16 32 64 128 256 512
185  670 177 0  39 1 10 1 2 4 8 16 32 64 128 256 512
186  774 735 0  52 1 10 1 2 4 8 16 32 64 128 256 512
187  943  71 0  38 1 10 1 2 4 8 16 32 64 128 256 512
188  436 641 0  91 1 10 1 2 4 8 16 32 64 128 256 512
189  930 487 0  42 1 10 1 2 4 8 16 32 64 128 256 512
190  107 674 0  90 1 10 1 2 4 8 16 32 64 128 256 512
191  730 293 0  46 1 10 1 2 4 8 16 32 64 128 256 512
192  684 830 0  13 1 10 1 2 4 8 16 32 64 128 256 512
193  724 551 0  98 1 10 1 2 4 8 16 32 64 128 256 512
194  171 681 0  61 1 10 1 2 4 8 16 32 64 128 256 512
195  898 650 0  98 1 10 1 2 4 8 16 32 64 128 256 512
196   79 523 0   6 1 10 1 2 4 8 16 32 64 128 256 512
197  510 768 0  27 1 10 1 2 4 8 16 32 64 128 256 512
198  287 275 0  16 1 10 1 2 4 8 16 32 64 128 256 512
199   38 933 0  34 1 10 1 2 4 8 16 32 64 128 256 512
200  636 886 0  32 1 10 1 2 4 8 16 32 64 128 256 512
201  443 859 0  34 1 10 1 2 4 8 16 32 64 128 256 512
202  953 433 0  49 1 10 1 2 4 8 16 32 64 128 256 512
203   41 978 0  35 1 10 1 2 4 8 16 32 64 128 256 512
204  297 844 0  79 1 10 1 2 4 8 16 32 64 128 256 512
205  251 815 0  77 1 10 1 2 4 8 16 32 64 128 256 512
206  312 793 0  11 1 10 1 2 4 8 16 32 64 128 256 512
207  467 860 0  51 1 10 1 2 4 8 16 32 64 128 256 512
208  756 402 0  31 1 10 1 2 4 8 16 32 64 128 256 512
209  294 549 0  63 1 10 1 2 4 8 16 32 64 128 256 512
210  342 717 0  51 1 10 1 2 4 8 16 32 64 128 256 512
211  854 298 0  27 1 10 1 2 4 8 16 32 64 128 256 512
212  327 861 0   4 1 10 1 2 4 8 16 32 64 128 256 512
213  603 583 0  38 1 10 1 2 4 8 16 32 64 128 256 512
214  922 547 0  97 1 10 1 2 4 8 16 32 64 128 256 512
215    4 958 0  94 1 10 1 2 4 8 16 32 64 128 256 512
216  791 938 0  61 1 10 1 2 4 8 16 32 64 128 256 512
217  275 762 0  15 1 10 1 2 4 8 16 32 64 128 256 512
218   70  96 0  93 1 10 1 2 4 8 16 32 64 128 256 512
219  546  51 0  26 1 10 1 2 4 8 16 32 64 128 256 512
220  180 178 0  47 1 10 1 2 4 8 16 32 64 128 256 512
221  420 673 0  27 1 10 1 2 4 8 16 32 64 128 256 512
222  760 756 0  43 1 10 1 2 4 8 16 32 64 128 256 512
223  807 337 0  89 1 10 1 2 4 8 16 32 64 128 256 512
224  709  27 0  49 1 10 1 2 4 8 16 32 64 128 256 512
225  475 821 0  56 1 10 1 2 4 8 16 32 64 128 256 512
226  652 436 0  93 1 10 1 2 4 8 16 32 64 128 256 512
227  274 648 0  93 1 10 1 2 4 8 16 32 64 128 256 512
228  615 341 0  73 1 10 1 2 4 8 16 32 64 128 256 512
229  266  44 0  82 1 10 1 2 4 8 16 32 64 128 256 512
230  564 996 0  35 1 10 1 2 4 8 16 32 64 128 256 512
231  531 641 0  94 1 10 1 2 4 8 16 32 64 128 256 512
232  150 321 0  98 1 10 1 2 4 8 16 32 64 128 256 512
233  527 732 0  41 1 10 1 2 4 8 16 32 64 128 256 512
234  561 213 0  73 1 10 1 2 4 8 16 32 64 128 256 512
235  828 748 0  69 1 10 1 2 4 8 16 32 64 128 256 512
236  716  95 0  52 1 10 1 2 4 8 16 32 64 128 256 512
237  853  39 0  12 1 10 1 2 4 8 16 32 64 128 256 512
238  932 494 0  62 1 10 1 2 4 8 16 32 64 128 256 512
239  261 209 0   4 1 10 1 2 4 8 16 32 64 128 256 512
240  237 852 0  57 1 10 1 2 4 8 16 32 64 128 256 512
241  880  79 0  39 1 10 1 2 4 8 16 32 64 128 256 512
242  378 532 0  17 1 10 1 2 4 8 16 32 64 128 256 512
243  410 347 0  64 1 10 1 2 4 8 16 32 64 128 256 512
244   30 400 0  87 1 10 1 2 4 8 16 32 64 128 256 512
245    3 257 0  77 1 10 1 2 4 8 16 32 64 128 256 512
246  586 816 0  83 1 10 1 2 4 8 16 32 64 128 256 512
247  929 942 0  82 1 10 1 2 4 8 16 32 64 128 256 512
248  204 146 0  90 1 10 1 2 4 8 16 32 64 128 256 512
249  382 366 0  42 1 10 1 2 4 8 16 32 64 128 256 512
250   80 220 0  63 1 10 1 2 4 8 16 32 64 128 256 512
251  981 749 0  30 1 10 1 2 4 8 16 32 64 128 256 512
252  952 828 0  46 1 10 1 2 4 8 16 32 64 128 256 512
253  709 251 0  35 1 10 1 2 4 8 16 32 64 128 256 512
254  741 865 0  43 1 10 1 2 4 8 16 32 64 128 256 512
255  935 707 0  17 1 10 1 2 4 8 16 32 64 128 256 512
256  936 692 0  69 1 10 1 2 4 8 16 32 64 128 256 512
257  862  58 0  18 1 10 1 2 4 8 16 32 64 128 256 512
258  448 361 0  60 1 10 1 2 4 8 16 32 64 128 256 512
259   45 527 0   9 1 10 1 2 4 8 16 32 64 128 256 512
260  230 201 0  99 1 10 1 2 4 8 16 32 64 128 256 512
261  915 788 0  54 1 10 1 2 4 8 16 32 64 128 256 512
262  572 807 0  17 1 10 1 2 4 8 16 32 64 128 256 512
263  732 765 0  50 1 10 1 2 4 8 16 32 64 128 256 512
264  985 124 0  78 1 10 1 2 4 8 16 32 64 128 256 512
265  783 737 0  51 1 10 1 2 4 8 16 32 64 128 256 512
266   72 351 0  10 1 10 1 2 4 8 16 32 64 128 256 512
267  487 485 0  66 1 10 1 2 4 8 16 32 64 128 256 512
268  822 541 0  86 1 10 1 2 4 8 16 32 64 128 256 512
269  493  16 0  68 1 10 1 2 4 8 16 32 64 128 256 512
270  807 782 0  54 1 10 1 2 4 8 16 32 64 128 256 512
271  665 134 0  78 1 10 1 2 4 8 16 32 64 128 256 512
272  143 277 0  60 1 10 1 2 4 8 16 32 64 128 256 512
273   97 715 0  63 1 10 1 2 4 8 16 32 64 128 256 512
274  388 285 0  20 1 10 1 2 4 8 16 32 64 128 256 512
275  485 846 0  17 1 10 1 2 4 8 16 32 64 128 256 512
276  407 867 0  90 1 10 1 2 4 8 16 32 64 128 256 512
277  840 378 0  12 1 10 1 2 4 8 16 32 64 128 256 512
278  534  87 0  12 1 10 1 2 4 8 16 32 64 128 256 512
279   83 568 0  95 1 10 1 2 4 8 16 32 64 128 256 512
280  456 662 0  57 1 10 1 2 4 8 16 32 64 128 256 512
281   65 783 0  12 1 10 1 2 4 8 16 32 64 128 256 512
282  217 751 0  30 1 10 1 2 4 8 16 32 64 128 256 512
283  466 873 0  73 1 10 1 2 4 8 16 32 64 128 256 512
284  479 263 0  88 1 10 1 2 4 8 16 32 64 128 256 512
285  278 509 0  14 1 10 1 2 4 8 16 32 64 128 256 512
286  826 768 0  80 1 10 1 2 4 8 16 32 64 128 256 512
287  629 765 0  28 1 10 1 2 4 8 16 32 64 128 256 512
288  782 816 0  16 1 10 1 2 4 8 16 32 64 128 256 512
289  886 635 0  93 1 10 1 2 4 8 16 32 64 128 256 512
290  241 851 0  65 1 10 1 2 4 8 16 32 64 128 256 512
291  235 569 0  55 1 10 1 2 4 8 16 32 64 128 256 512
292  980 626 0  19 1 10 1 2 4 8 16 32 64 128 256 512
293   32 965 0  23 1 10 1 2 4 8 16 32 64 128 256 512
294  784 823 0   7 1 10 1 2 4 8 16 32 64 128 256 512
295  388 307 0  17 1 10 1 2 4 8 16 32 64 128 256 512
296  597 282 0  47 1 10 1 2 4 8 16 32 64 128 256 512
297  713 328 0  49 1 10 1 2 4 8 16 32 64 128 256 512
298  389 951 0  39 1 10 1 2 4 8 16 32 64 128 256 512
299  238 966 0  93 1 10 1 2 4 8 16 32 64 128 256 512
300  327 642 0  53 1 10 1 2 4 8 16 32 64 128 256 512
301  305 507 0  43 1 10 1 2 4 8 16 32 64 128 256 512
302   27 517 0  93 1 10 1 2 4 8 16 32 64 128 256 512
303  263   0 0 100 1 10 1 2 4 8 16 32 64 128 256 512
304  992 589 0  51 1 10 1 2 4 8 16 32 64 128 256 512
305  749 585 0  98 1 10 1 2 4 8 16 32 64 128 256 512
306  253 330 0  26 1 10 1 2 4 8 16 32 64 128 256 512
307  968 574 0  61 1 10 1 2 4 8 16 32 64 128 256 512
308  678 301 0  32 1 10 1 2 4 8 16 32 64 128 256 512
309  605 208 0  18 1 10 1 2 4 8 16 32 64 128 256 512
310  600  21 0  63 1 10 1 2 4 8 16 32 64 128 256 512
311  174  11 0  53 1 10 1 2 4 8 16 32 64 128 256 512
312  757 353 0  38 1 10 1 2 4 8 16 32 64 128 256 512
313  227  14 0  33 1 10 1 2 4 8 16 32 64 128 256 512
314  203  31 0  77 1 10 1 2 4 8 16 32 64 128 256 512
315  128 506 0  41 1 10 1 2 4 8 16 32 64 128 256 512
316  712 820 0  51 1 10 1 2 4 8 16 32 64 128 256 512
317 1000 722 0  44 1 10 1 2 4 8 16 32 64 128 256 512
318  707 638 0   8 1 10 1 2 4 8 16 32 64 128 256 512
319  573 840 0   3 1 10 1 2 4 8 16 32 64 128 256 512
320  932 720 0   6 1 10 1 2 4 8 16 32 64 128 256 512
321  543 230 0  49 1 10 1 2 4 8 16 32 64 128 256 512
322   67 631 0  31 1 10 1 2 4 8 16 32 64 128 256 512
323  441 964 0   9 1 10 1 2 4 8 16 32 64 128 256 512
324   96 549 0  58 1 10 1 2 4 8 16 32 64 128 256 512
325  548 123 0  50 1 10 1 2 4 8 16 32 64 128 256 512
326  118 382 0  34 1 10 1 2 4 8 16 32 64 128 256 512
327  156 983 0  17 1 10 1 2 4 8 16 32 64 128 256 512
328  830 892 0  59 1 10 1 2 4 8 16 32 64 128 256 512
329  348 267 0  74 1 10 1 2 4 8 16 32 64 128 256 512
330  278 927 0  83 1 10 1 2 4 8 16 32 64 128 256 512
331  539 738 0  19 1 10 1 2 4 8 16 32 64 128 256 512
332  614  52 0  92 1 10 1 2 4 8 16 32 64 128 256 512
333  248  30 0  62 1 10 1 2 4 8 16 32 64 128 256 512
334  344 479 0  39 1 10 1 2 4 8 16 32 64 128 256 512
335  199 100 0  14 1 10 1 2 4 8 16 32 64 128 256 512
336   94 100 0  71 1 10 1 2 4 8 16 32 64 128 256 512
337  672 831 0  28 1 10 1 2 4 8 16 32 64 128 256 512
338  972 610 0  49 1 10 1 2 4 8 16 32 64 128 256 512
339  650 643 0  93 1 10 1 2 4 8 16 32 64 128 256 512
340  171 910 0  21 1 10 1 2 4 8 16 32 64 128 256 512
341  985 409 0   2 1 10 1 2 4 8 16 32 64 128 256 512
342  258 544 0  31 1 10 1 2 4 8 16 32 64 128 256 512
343  424 824 0  39 1 10 1 2 4 8 16 32 64 128 256 512
344  915 900 0  53 1 10 1 2 4 8 16 32 64 128 256 512
345  793 630 0  60 1 10 1 2 4 8 16 32 64 128 256 512
346  454  67 0  83 1 10 1 2 4 8 16 32 64 128 256 512
347  161 877 0  45 1 10 1 2 4 8 16 32 64 128 256 512
348  378 512 0  56 1 10 1 2 4 8 16 32 64 128 256 512
349  780 648 0  78 1 10 1 2 4 8 16 32 64 128 256 512
350  810 937 0  28 1 10 1 2 4 8 16 32 64 128 256 512
351  285 821 0   3 1 10 1 2 4 8 16 32 64 128 256 512
352  731 247 0  62 1 10 1 2 4 8 16 32 64 128 256 512
353  144 502 0  11 1 10 1 2 4 8 16 32 64 128 256 512
354  399 818 0  99 1 10 1 2 4 8 16 32 64 128 256 512
355  864 870 0  10 1 10 1 2 4 8 16 32 64 128 256 512
356    6 325 0  98 1 10 1 2 4 8 16 32 64 128 256 512
357  888 860 0  21 1 10 1 2 4 8 16 32 64 128 256 512
358  522  42 0  14 1 10 1 2 4 8 16 32 64 128 256 512
359  262 220 0   6 1 10 1 2 4 8 16 32 64 128 256 512
360  887 158 0  72 1 10 1 2 4 8 16 32 64 128 256 512
361  978 183 0  17 1 10 1 2 4 8 16 32 64 128 256 512
362   95 885 0  71 1 10 1 2 4 8 16 32 64 128 256 512
363  332  35 0  61 1 10 1 2 4 8 16 32 64 128 256 512
364  970 139 0  95 1 10 1 2 4 8 16 32 64 128 256 512
365  442 883 0  67 1 10 1 2 4 8 16 32 64 128 256 512
366  631  99 0  49 1 10 1 2 4 8 16 32 64 128 256 512
367  539 251 0  33 1 10 1 2 4 8 16 32 64 128 256 512
368  813 337 0  42 1 10 1 2 4 8 16 32 64 128 256 512
369  647 117 0  71 1 10 1 2 4 8 16 32 64 128 256 512
370   21 239 0  48 1 10 1 2 4 8 16 32 64 128 256 512
371  547 851 0  60 1 10 1 2 4 8 16 32 64 128 256 512
372  457 568 0  14 1 10 1 2 4 8 16 32 64 128 256 512
373  779 658 0  64 1 10 1 2 4 8 16 32 64 128 256 512
374  772  92 0  37 1 10 1 2 4 8 16 32 64 128 256 512
375  576 633 0  77 1 10 1 2 4 8 16 32 64 128 256 512
376  207 825 0  91 1 10 1 2 4 8 16 32 64 128 256 512
377  878 638 0  96 1 10 1 2 4 8 16 32 64 128 256 512
378  126 242 0  85 1 10 1 2 4 8 16 32 64 128 256 512
379  587 516 0 100 1 10 1 2 4 8 16 32 64 128 256 512
380  818 778 0  13 1 10 1 2 4 8 16 32 64 128 256 512
381  111 578 0  50 1 10 1 2 4 8 16 32 64 128 256 512
382  703 808 0  81 1 10 1 2 4 8 16 32 64 128 256 512
383  906 831 0  50 1 10 1 2 4 8 16 32 64 128 256 512
384  773 776 0  83 1 10 1 2 4 8 16 32 64 128 256 512
385  550 329 0  78 1 10 1 2 4 8 16 32 64 128 256 512
386  344 557 0  73 1 10 1 2 4 8 16 32 64 128 256 512
387  961  47 0  41 1 10 1 2 4 8 16 32 64 128 256 512
388  812  28 0  27 1 10 1 2 4 8 16 32 64 128 256 512
389  149 320 0  17 1 10 1 2 4 8 16 32 64 128 256 512
390  760 559 0  21 1 10 1 2 4 8 16 32 64 128 256 512
391  588 604 0  24 1 10 1 2 4 8 16 32 64 128 256 512
392  512 682 0  74 1 10 1 2 4 8 16 32 64 128 256 512
393  195 717 0  82 1 10 1 2 4 8 16 32 64 128 256 512
394  987 957 0  24 1 10 1 2 4 8 16 32 64 128 256 512
395  789 823 0  62 1 10 1 2 4 8 16 32 64 128 256 512
396  372 283 0  91 1 10 1 2 4 8 16 32 64 128 256 512
397  632 298 0  41 1 10 1 2 4 8 16 32 64 128 256 512
398  679 709 0  81 1 10 1 2 4 8 16 32 64 128 256 512
399  596  98 0  70 1 10 1 2 4 8 16 32 64 128 256 512
400  373 203 0  81 1 10 1 2 4 8 16 32 64 128 256 512
401  743 738 0  37 1 10 1 2 4 8 16 32 64 128 256 512
402  239 822 0  49 1 10 1 2 4 8 16 32 64 128 256 512
403  791  45 0  49 1 10 1 2 4 8 16 32 64 128 256 512
404   11 292 0  66 1 10 1 2 4 8 16 32 64 128 256 512
405   54 430 0  37 1 10 1 2 4 8 16 32 64 128 256 512
406  778 665 0  22 1 10 1 2 4 8 16 32 64 128 256 512
407  289 717 0  36 1 10 1 2 4 8 16 32 64 128 256 512
408  359 629 0  61 1 10 1 2 4 8 16 32 64 128 256 512
409  873 795 0  76 1 10 1 2 4 8 16 32 64 128 256 512
410  766 405 0   9 1 10 1 2 4 8 16 32 64 128 256 512
411  257 937 0  92 1 10 1 2 4 8 16 32 64 128 256 512
412  850 791 0  39 1 10 1 2 4 8 16 32 64 128 256 512
413  831 980 0  24 1 10 1 2 4 8 16 32 64 128 256 512
414  298 849 0  22 1 10 1 2 4 8 16 32 64 128 256 512
415  163  69 0  26 1 10 1 2 4 8 16 32 64 128 256 512
416  274 183 0  35 1 10 1 2 4 8 16 32 64 128 256 512
417  451 942 0  50 1 10 1 2 4 8 16 32 64 128 256 512
418  772 848 0  15 1 10 1 2 4 8 16 32 64 128 256 512
419  259 818 0   3 1 10 1 2 4 8 16 32 64 128 256 512
420  482 905 0  99 1 10 1 2 4 8 16 32 64 128 256 512
421  601 899 0  10 1 10 1 2 4 8 16 32 64 128 256 512
422  154 738 0  82 1 10 1 2 4 8 16 32 64 128 256 512
423  446 162 0  83 1 10 1 2 4 8 16 32 64 128 256 512
424  929 422 0  24 1 10 1 2 4 8 16 32 64 128 256 512
425    1 815 0   2 1 10 1 2 4 8 16 32 64 128 256 512
426  571  36 0  31 1 10 1 2 4 8 16 32 64 128 256 512
427  619 318 0  32 1 10 1 2 4 8 16 32 64 128 256 512
428  749 672 0   7 1 10 1 2 4 8 16 32 64 128 256 512
429  230 788 0  87 1 10 1 2 4 8 16 32 64 128 256 512
430  846 826 0  95 1 10 1 2 4 8 16 32 64 128 256 512
431   63 548 0  45 1 10 1 2 4 8 16 32 64 128 256 512
432  911 106 0  99 1 10 1 2 4 8 16 32 64 128 256 512
433  840  39 0  65 1 10 1 2 4 8 16 32 64 128 256 512
434  212 769 0   7 1 10 1 2 4 8 16 32 64 128 256 512
435  542 786 0  32 1 10 1 2 4 8 16 32 64 128 256 512
436  402 221 0  27 1 10 1 2 4 8 16 32 64 128 256 512
437  621 935 0  26 1 10 1 2 4 8 16 32 64 128 256 512
438  361  79 0  59 1 10 1 2 4 8 16 32 64 128 256 512
439  355 636 0  95 1 10 1 2 4 8 16 32 64 128 256 512
440  308 825 0  87 1 10 1 2 4 8 16 32 64 128 256 512
441  309 701 0  94 1 10 1 2 4 8 16 32 64 128 256 512
442  395 845 0  97 1 10 1 2 4 8 16 32 64 128 256 512
443  907 405 0  61 1 10 1 2 4 8 16 32 64 128 256 512
444  218 511 0   1 1 10 1 2 4 8 16 32 64 128 256 512
445  870 683 0  19 1 10 1 2 4 8 16 32 64 128 256 512
446  365  49 0  39 1 10 1 2 4 8 16 32 64 128 256 512
447  254 188 0  23 1 10 1 2 4 8 16 32 64 128 256 512
448  696 146 0  25 1 10 1 2 4 8 16 32 64 128 256 512
449  284 238 0  11 1 10 1 2 4 8 16 32 64 128 256 512
450  357 189 0  96 1 10 1 2 4 8 16 32 64 128 256 512
451   22 974 0  50 1 10 1 2 4 8 16 32 64 128 256 512
452  788 196 0  46 1 10 1 2 4 8 16 32 64 128 256 512
453  388 448 0  10 1 10 1 2 4 8 16 32 64 128 256 512
454  207  46 0  32 1 10 1 2 4 8 16 32 64 128 256 512
455  267 481 0  69 1 10 1 2 4 8 16 32 64 128 256 512
456  207 972 0  43 1 10 1 2 4 8 16 32 64 128 256 512
457  439 639 0  45 1 10 1 2 4 8 16 32 64 128 256 512
458  831 591 0  81 1 10 1 2 4 8 16 32 64 128 256 512
459  200 130 0  65 1 10 1 2 4 8 16 32 64 128 256 512
460  317 668 0  59 1 10 1 2 4 8 16 32 64 128 256 512
461  272 951 0  93 1 10 1 2 4 8 16 32 64 128 256 512
462  460 882 0  42 1 10 1 2 4 8 16 32 64 128 256 512
463  855 752 0  86 1 10 1 2 4 8 16 32 64 128 256 512
464  954 412 0  18 1 10 1 2 4 8 16 32 64 128 256 512
465  495 349 0  37 1 10 1 2 4 8 16 32 64 128 256 512
466  571 330 0  17 1 10 1 2 4 8 16 32 64 128 256 512
467  683 946 0  36 1 10 1 2 4 8 16 32 64 128 256 512
468  468 280 0  12 1 10 1 2 4 8 16 32 64 128 256 512
469  829 765 0  70 1 10 1 2 4 8 16 32 64 128 256 512
470  977 472 0   2 1 10 1 2 4 8 16 32 64 128 256 512
471  493  44 0  78 1 10 1 2 4 8 16 32 64 128 256 512
472  683  36 0 100 1 10 1 2 4 8 16 32 64 128 256 512
473  871 413 0  67 1 10 1 2 4 8 16 32 64 128 256 512
474  904 797 0  53 1 10 1 2 4 8 16 32 64 128 256 512
475  207 593 0  71 1 10 1 2 4 8 16 32 64 128 256 512
476   85 148 0  96 1 10 1 2 4 8 16 32 64 128 256 512
477  511 811 0 100 1 10 1 2 4 8 16 32 64 128 256 512
478  929 915 0  47 1 10 1 2 4 8 16 32 64 128 256 512
479  289 201 0   9 1 10 1 2 4 8 16 32 64 128 256 512
480  104 324 0  42 1 10 1 2 4 8 16 32 64 128 256 512
481  310 876 0  83 1 10 1 2 4 8 16 32 64 128 256 512
482  715 823 0  31 1 10 1 2 4 8 16 32 64 128 256 512
483  103 422 0  50 1 10 1 2 4 8 16 32 64 128 256 512
484  825 157 0  36 1 10 1 2 4 8 16 32 64 128 256 512
485  241 801 0  71 1 10 1 2 4 8 16 32 64 128 256 512
486  428 356 0  91 1 10 1 2 4 8 16 32 64 128 256 512
487   30 722 0  73 1 10 1 2 4 8 16 32 64 128 256 512
488  487 525 0  64 1 10 1 2 4 8 16 32 64 128 256 512
489  375 823 0  62 1 10 1 2 4 8 16 32 64 128 256 512
490  707 973 0  44 1 10 1 2 4 8 16 32 64 128 256 512
491  580 519 0  61 1 10 1 2 4 8 16 32 64 128 256 512
492  449 323 0  11 1 10 1 2 4 8 16 32 64 128 256 512
493  728 591 0  66 1 10 1 2 4 8 16 32 64 128 256 512
494  520  40 0  52 1 10 1 2 4 8 16 32 64 128 256 512
495  702 275 0  18 1 10 1 2 4 8 16 32 64 128 256 512
496  790 790 0  98 1 10 1 2 4 8 16 32 64 128 256 512
497  776 749 0  27 1 10 1 2 4 8 16 32 64 128 256 512
498   96  87 0  78 1 10 1 2 4 8 16 32 64 128 256 512
499  243 489 0  67 1 10 1 2 4 8 16 32 64 128 256 512
500  896   6 0  19 1 10 1 2 4 8 16 32 64 128 256 512
501  603 466 0   8 1 10 1 2 4 8 16 32 64 128 256 512
502  444  94 0  73 1 10 1 2 4 8 16 32 64 128 256 512
503  912 472 0  50 1 10 1 2 4 8 16 32 64 128 256 512
504  626 410 0   3 1 10 1 2 4 8 16 32 64 128 256 512
505  559 568 0  24 1 10 1 2 4 8 16 32 64 128 256 512
506  486 596 0  11 1 10 1 2 4 8 16 32 64 128 256 512
507  870 182 0  37 1 10 1 2 4 8 16 32 64 128 256 512
508  675 457 0   7 1 10 1 2 4 8 16 32 64 128 256 512
509  169 744 0  82 1 10 1 2 4 8 16 32 64 128 256 512
510  210 489 0  17 1 10 1 2 4 8 16 32 64 128 256 512
511  941  46 0  91 1 10 1 2 4 8 16 32 64 128 256 512
512  838 823 0  99 1 10 1 2 4 8 16 32 64 128 256 512
513  581 554 0  81 1 10 1 2 4 8 16 32 64 128 256 512
514  938 788 0  33 1 10 1 2 4 8 16 32 64 128 256 512
515  161 755 0  32 1 10 1 2 4 8 16 32 64 128 256 512
516  829 718 0  64 1 10 1 2 4 8 16 32 64 128 256 512
517  281 690 0  18 1 10 1 2 4 8 16 32 64 128 256 512
518  272 395 0  90 1 10 1 2 4 8 16 32 64 128 256 512
519  995 911 0  28 1 10 1 2 4 8 16 32 64 128 256 512
520  558 159 0  70 1 10 1 2 4 8 16 32 64 128 256 512
521  332 249 0  96 1 10 1 2 4 8 16 32 64 128 256 512
522  802 777 0  14 1 10 1 2 4 8 16 32 64 128 256 512
523  206 875 0   8 1 10 1 2 4 8 16 32 64 128 256 512
524  142 747 0  79 1 10 1 2 4 8 16 32 64 128 256 512
525  426   5 0   9 1 10 1 2 4 8 16 32 64 128 256 512
526  400 907 0  22 1 10 1 2 4 8 16 32 64 128 256 512
527  442 287 0  48 1 10 1 2 4 8 16 32 64 128 256 512
528  258 662 0 100 1 10 1 2 4 8 16 32 64 128 256 512
529  578 467 0  68 1 10 1 2 4 8 16 32 64 128 256 512
530  404 980 0  12 1 10 1 2 4 8 16 32 64 128 256 512
531  279  34 0  14 1 10 1 2 4 8 16 32 64 128 256 512
532  270 427 0  10 1 10 1 2 4 8 16 32 64 128 256 512
533  876 223 0  84 1 10 1 2 4 8 16 32 64 128 256 512
534  703 610 0  58 1 10 1 2 4 8 16 32 64 128 256 512
535  714  39 0   2 1 10 1 2 4 8 16 32 64 128 256 512
536  701 496 0 100 1 10 1 2 4 8 16 32 64 128 256 512
537  840 808 0  57 1 10 1 2 4 8 16 32 64 128 256 512
538   45 800 0  34 1 10 1 2 4 8 16 32 64 128 256 512
539   53  52 0  98 1 10 1 2 4 8 16 32 64 128 256 512
540  718 343 0  55 1 10 1 2 4 8 16 32 64 128 256 512
541  198 477 0  58 1 10 1 2 4 8 16 32 64 128 256 512
542  783 456 0  13 1 10 1 2 4 8 16 32 64 128 256 512
543  522  69 0  39 1 10 1 2 4 8 16 32 64 128 256 512
544  794  26 0  30 1 10 1 2 4 8 16 32 64 128 256 512
545  412 990 0  94 1 10 1 2 4 8 16 32 64 128 256 512
546  270 524 0  93 1 10 1 2 4 8 16 32 64 128 256 512
547  475 407 0   2 1 10 1 2 4 8 16 32 64 128 256 512
548  758 976 0   5 1 10 1 2 4 8 16 32 64 128 256 512
549  698 886 0  92 1 10 1 2 4 8 16 32 64 128 256 512
550  305 414 0   4 1 10 1 2 4 8 16 32 64 128 256 512
551  101 744 0  19 1 10 1 2 4 8 16 32 64 128 256 512
552  100 253 0  88 1 10 1 2 4 8 16 32 64 128 256 512
553  326 418 0  76 1 10 1 2 4 8 16 32 64 128 256 512
554  707  90 0  45 1 10 1 2 4 8 16 32 64 128 256 512
555  266 339 0   2 1 10 1 2 4 8 16 32 64 128 256 512
556  798 427 0   1 1 10 1 2 4 8 16 32 64 128 256 512
557  808 487 0   1 1 10 1 2 4 8 16 32 64 128 256 512
558  297 556 0  47 1 10 1 2 4 8 16 32 64 128 256 512
559  433 864 0  63 1 10 1 2 4 8 16 32 64 128 256 512
560  942 541 0  38 1 10 1 2 4 8 16 32 64 128 256 512
561  215 725 0  19 1 10 1 2 4 8 16 32 64 128 256 512
562  344 343 0  74 1 10 1 2 4 8 16 32 64 128 256 512
563  692 256 0  38 1 10 1 2 4 8 16 32 64 128 256 512
564  832 665 0  35 1 10 1 2 4 8 16 32 64 128 256 512
565  937 495 0  21 1 10 1 2 4 8 16 32 64 128 256 512
566  403 400 0  56 1 10 1 2 4 8 16 32 64 128 256 512
567  979 540 0  64 1 10 1 2 4 8 16 32 64 128 256 512
568  680 909 0  50 1 10 1 2 4 8 16 32 64 128 256 512
569  745 395 0  28 1 10 1 2 4 8 16 32 64 128 256 512
570  917 409 0  71 1 10 1 2 4 8 16 32 64 128 256 512
571  736 406 0  88 1 10 1 2 4 8 16 32 64 128 256 512
572   73 231 0  86 1 10 1 2 4 8 16 32 64 128 256 512
573  213 402 0  84 1 10 1 2 4 8 16 32 64 128 256 512
574  573 740 0  67 1 10 1 2 4 8 16 32 64 128 256 512
575  879  77 0  71 1 10 1 2 4 8 16 32 64 128 256 512
576  840   3 0  94 1 10 1 2 4 8 16 32 64 128 256 512
577  200 880 0  72 1 10 1 2 4 8 16 32 64 128 256 512
578  691 658 0  31 1 10 1 2 4 8 16 32 64 128 256 512
579  964 402 0  47 1 10 1 2 4 8 16 32 64 128 256 512
580  862 241 0  30 1 10 1 2 4 8 16 32 64 128 256 512
581  582 726 0  93 1 10 1 2 4 8 16 32 64 128 256 512
582  801 537 0  31 1 10 1 2 4 8 16 32 64 128 256 512
583  642 364 0  94 1 10 1 2 4 8 16 32 64 128 256 512
584  973 499 0  18 1 10 1 2 4 8 16 32 64 128 256 512
585  674 924 0  83 1 10 1 2 4 8 16 32 64 128 256 512
586  650 865 0   8 1 10 1 2 4 8 16 32 64 128 256 512
587  433 170 0  41 1 10 1 2 4 8 16 32 64 128 256 512
588   56  68 0  94 1 10 1 2 4 8 16 32 64 128 256 512
589  308 921 0  72 1 10 1 2 4 8 16 32 64 128 256 512
590   53 117 0  66 1 10 1 2 4 8 16 32 64 128 256 512
591   68 891 0  64 1 10 1 2 4 8 16 32 64 128 256 512
592  112 579 0  12 1 10 1 2 4 8 16 32 64 128 256 512
593  177  82 0   4 1 10 1 2 4 8 16 32 64 128 256 512
594  518 309 0  36 1 10 1 2 4 8 16 32 64 128 256 512
595  909 753 0  85 1 10 1 2 4 8 16 32 64 128 256 512
596  835 166 0  91 1 10 1 2 4 8 16 32 64 128 256 512
597  225 492 0  94 1 10 1 2 4 8 16 32 64 128 256 512
598  370  64 0  53 1 10 1 2 4 8 16 32 64 128 256 512
599  435 994 0  53 1 10 1 2 4 8 16 32 64 128 256 512
600  814 667 0  52 1 10 1 2 4 8 16 32 64 128 256 512
601  473 609 0  86 1 10 1 2 4 8 16 32 64 128 256 512
602  516 749 0  42 1 10 1 2 4 8 16 32 64 128 256 512
603  625 439 0  70 1 10 1 2 4 8 16 32 64 128 256 512
604   55 597 0  26 1 10 1 2 4 8 16 32 64 128 256 512
605  591 362 0  92 1 10 1 2 4 8 16 32 64 128 256 512
606  635 232 0   7 1 10 1 2 4 8 16 32 64 128 256 512
607  751 908 0  80 1 10 1 2 4 8 16 32 64 128 256 512
608  515 769 0  17 1 10 1 2 4 8 16 32 64 128 256 512
609  275 314 0  42 1 10 1 2 4 8 16 32 64 128 256 512
610   95 541 0  97 1 10 1 2 4 8 16 32 64 128 256 512
611  888  63 0  29 1 10 1 2 4 8 16 32 64 128 256 512
612   63 396 0  66 1 10 1 2 4 8 16 32 64 128 256 512
613  371 433 0  59 1 10 1 2 4 8 16 32 64 128 256 512
614  387 857 0  75 1 10 1 2 4 8 16 32 64 128 256 512
615  958 462 0   4 1 10 1 2 4 8 16 32 64 128 256 512
616  204 960 0  60 1 10 1 2 4 8 16 32 64 128 256 512
617  338 267 0  97 1 10 1 2 4 8 16 32 64 128 256 512
618  542 777 0  70 1 10 1 2 4 8 16 32 64 128 256 512
619  705  32 0  20 1 10 1 2 4 8 16 32 64 128 256 512
620  526 835 0  57 1 10 1 2 4 8 16 32 64 128 256 512
621  695 424 0  32 1 10 1 2 4 8 16 32 64 128 256 512
622  963 474 0  85 1 10 1 2 4 8 16 32 64 128 256 512
623  419 600 0  65 1 10 1 2 4 8 16 32 64 128 256 512
624  546 305 0  32 1 10 1 2 4 8 16 32 64 128 256 512
625   84 764 0  88 1 10 1 2 4 8 16 32 64 128 256 512
626  508 741 0  72 1 10 1 2 4 8 16 32 64 128 256 512
627  854 222 0   4 1 10 1 2 4 8 16 32 64 128 256 512
628  705 980 0  49 1 10 1 2 4 8 16 32 64 128 256 512
629  264 221 0  28 1 10 1 2 4 8 16 32 64 128 256 512
630  727 307 0  20 1 10 1 2 4 8 16 32 64 128 256 512
631   74 982 0  40 1 10 1 2 4 8 16 32 64 128 256 512
632  346 240 0  75 1 10 1 2 4 8 16 32 64 128 256 512
633  379 674 0  77 1 10 1 2 4 8 16 32 64 128 256 512
634  666 142 0  37 1 10 1 2 4 8 16 32 64 128 256 512
635  778 499 0  61 1 10 1 2 4 8 16 32 64 128 256 512
636   17 870 0  49 1 10 1 2 4 8 16 32 64 128 256 512
637  157 292 0  56 1 10 1 2 4 8 16 32 64 128 256 512
638  282 999 0  11 1 10 1 2 4 8 16 32 64 128 256 512
639  102 295 0  69 1 10 1 2 4 8 16 32 64 128 256 512
640  905 842 0  83 1 10 1 2 4 8 16 32 64 128 256 512
641  968 754 0  93 1 10 1 2 4 8 16 32 64 128 256 512
642  149 309 0  26 1 10 1 2 4 8 16 32 64 128 256 512
643  444  85 0  83 1 10 1 2 4 8 16 32 64 128 256 512
644  988 382 0  91 1 10 1 2 4 8 16 32 64 128 256 512
645  544 319 0  75 1 10 1 2 4 8 16 32 64 128 256 512
646  980 103 0  86 1 10 1 2 4 8 16 32 64 128 256 512
647  295 437 0  50 1 10 1 2 4 8 16 32 64 128 256 512
648  348 805 0  94 1 10 1 2 4 8 16 32 64 128 256 512
649  813 719 0  93 1 10 1 2 4 8 16 32 64 128 256 512
650  171 248 0  78 1 10 1 2 4 8 16 32 64 128 256 512
651  681 626 0  37 1 10 1 2 4 8 16 32 64 128 256 512
652  966  71 0  78 1 10 1 2 4 8 16 32 64 128 256 512
653  923 844 0  80 1 10 1 2 4 8 16 32 64 128 256 512
654  265 946 0  63 1 10 1 2 4 8 16 32 64 128 256 512
655  105 679 0  22 1 10 1 2 4 8 16 32 64 128 256 512
656  820 329 0   9 1 10 1 2 4 8 16 32 64 128 256 512
657  770 724 0  85 1 10 1 2 4 8 16 32 64 128 256 512
658   43 861 0  68 1 10 1 2 4 8 16 32 64 128 256 512
659  388 932 0  70 1 10 1 2 4 8 16 32 64 128 256 512
660  721 301 0  14 1 10 1 2 4 8 16 32 64 128 256 512
661  694 831 0  87 1 10 1 2 4 8 16 32 64 128 256 512
662    9 136 0  58 1 10 1 2 4 8 16 32 64 128 256 512
663  629 151 0   7 1 10 1 2 4 8 16 32 64 128 256 512
664   91 941 0  71 1 10 1 2 4 8 16 32 64 128 256 512
665  338 121 0  95 1 10 1 2 4 8 16 32 64 128 256 512
666  378 196 0  87 1 10 1 2 4 8 16 32 64 128 256 512
667 1000 378 0  71 1 10 1 2 4 8 16 32 64 128 256 512
668   25 500 0  80 1 10 1 2 4 8 16 32 64 128 256 512
669   16 728 0  98 1 10 1 2 4 8 16 32 64 128 256 512
670  990 365 0  51 1 10 1 2 4 8 16 32 64 128 256 512
671  716 249 0  48 1 10 1 2 4 8 16 32 64 128 256 512
672  149 766 0  12 1 10 1 2 4 8 16 32 64 128 256 512
673  816 424 0   5 1 10 1 2 4 8 16 32 64 128 256 512
674  941 218 0  77 1 10 1 2 4 8 16 32 64 128 256 512
675  966 356 0  50 1 10 1 2 4 8 16 32 64 128 256 512
676  982 631 0  30 1 10 1 2 4 8 16 32 64 128 256 512
677  917 325 0  17 1 10 1 2 4 8 16 32 64 128 256 512
678  334 982 0  93 1 10 1 2 4 8 16 32 64 128 256 512
679  746 667 0  78 1 10 1 2 4 8 16 32 64 128 256 512
680  158 817 0   2 1 10 1 2 4 8 16 32 64 128 256 512
681  654 516 0  86 1 10 1 2 4 8 16 32 64 128 256 512
682  845 450 0  40 1 10 1 2 4 8 16 32 64 128 256 512
683  299 488 0  89 1 10 1 2 4 8 16 32 64 128 256 512
684  945  48 0  84 1 10 1 2 4 8 16 32 64 128 256 512
685  707 277 0  55 1 10 1 2 4 8 16 32 64 128 256 512
686  862 725 0  27 1 10 1 2 4 8 16 32 64 128 256 512
687  198 621 0  55 1 10 1 2 4 8 16 32 64 128 256 512
688  567 875 0  90 1 10 1 2 4 8 16 32 64 128 256 512
689  952  22 0  29 1 10 1 2 4 8 16 32 64 128 256 512
690  958 612 0   3 1 10 1 2 4 8 16 32 64 128 256 512
691  835 102 0  13 1 10 1 2 4 8 16 32 64 128 256 512
692  745  89 0  22 1 10 1 2 4 8 16 32 64 128 256 512
693  655 854 0 100 1 10 1 2 4 8 16 32 64 128 256 512
694  416 101 0  76 1 10 1 2 4 8 16 32 64 128 256 512
695  904 283 0  44 1 10 1 2 4 8 16 32 64 128 256 512
696  338 596 0  95 1 10 1 2 4 8 16 32 64 128 256 512
697  210  66 0  86 1 10 1 2 4 8 16 32 64 128 256 512
698  319 713 0  20 1 10 1 2 4 8 16 32 64 128 256 512
699  519 842 0  77 1 10 1 2 4 8 16 32 64 128 256 512
700  705 336 0  42 1 10 1 2 4 8 16 32 64 128 256 512
701  559 388 0  23 1 10 1 2 4 8 16 32 64 128 256 512
702  839 809 0  49 1 10 1 2 4 8 16 32 64 128 256 512
703   94 904 0  52 1 10 1 2 4 8 16 32 64 128 256 512
704  930 968 0  47 1 10 1 2 4 8 16 32 64 128 256 512
705  561 193 0  35 1 10 1 2 4 8 16 32 64 128 256 512
706  298 251 0  47 1 10 1 2 4 8 16 32 64 128 256 512
707  572 637 0  64 1 10 1 2 4 8 16 32 64 128 256 512
708  594 264 0  63 1 10 1 2 4 8 16 32 64 128 256 512
709  203 395 0  40 1 10 1 2 4 8 16 32 64 128 256 512
710  642 423 0   3 1 10 1 2 4 8 16 32 64 128 256 512
711   94 895 0  72 1 10 1 2 4 8 16 32 64 128 256 512
712  223 120 0  44 1 10 1 2 4 8 16 32 64 128 256 512
713  499 152 0  81 1 10 1 2 4 8 16 32 64 128 256 512
714  792 613 0   9 1 10 1 2 4 8 16 32 64 128 256 512
715   50 521 0  79 1 10 1 2 4 8 16 32 64 128 256 512
716  764 713 0  76 1 10 1 2 4 8 16 32 64 128 256 512
717  215 556 0  63 1 10 1 2 4 8 16 32 64 128 256 512
718  374 347 0  12 1 10 1 2 4 8 16 32 64 128 256 512
719  668 854 0  51 1 10 1 2 4 8 16 32 64 128 256 512
720  413 510 0  71 1 10 1 2 4 8 16 32 64 128 256 512
721  275 607 0   8 1 10 1 2 4 8 16 32 64 128 256 512
722  561 969 0  73 1 10 1 2 4 8 16 32 64 128 256 512
723  759 260 0  35 1 10 1 2 4 8 16 32 64 128 256 512
724  934 335 0  30 1 10 1 2 4 8 16 32 64 128 256 512
725  637 136 0  47 1 10 1 2 4 8 16 32 64 128 256 512
726  209 641 0   3 1 10 1 2 4 8 16 32 64 128 256 512
727  976 645 0  71 1 10 1 2 4 8 16 32 64 128 256 512
728  606 168 0  84 1 10 1 2 4 8 16 32 64 128 256 512
729  326 826 0  98 1 10 1 2 4 8 16 32 64 128 256 512
730  173 589 0  32 1 10 1 2 4 8 16 32 64 128 256 512
731  359 851 0  93 1 10 1 2 4 8 16 32 64 128 256 512
732  367 474 0  15 1 10 1 2 4 8 16 32 64 128 256 512
733  292 946 0   3 1 10 1 2 4 8 16 32 64 128 256 512
734  194 299 0  22 1 10 1 2 4 8 16 32 64 128 256 512
735  777 563 0   3 1 10 1 2 4 8 16 32 64 128 256 512
736  560 383 0  70 1 10 1 2 4 8 16 32 64 128 256 512
737   73 406 0  89 1 10 1 2 4 8 16 32 64 128 256 512
738  998 677 0  48 1 10 1 2 4 8 16 32 64 128 256 512
739  892 419 0  85 1 10 1 2 4 8 16 32 64 128 256 512
740  399 702 0  14 1 10 1 2 4 8 16 32 64 128 256 512
741  203 971 0  66 1 10 1 2 4 8 16 32 64 128 256 512
742  209 822 0  25 1 10 1 2 4 8 16 32 64 128 256 512
743  635 735 0   1 1 10 1 2 4 8 16 32 64 128 256 512
744  578  64 0  23 1 10 1 2 4 8 16 32 64 128 256 512
745  921 172 0  18 1 10 1 2 4 8 16 32 64 128 256 512
746  808 131 0  11 1 10 1 2 4 8 16 32 64 128 256 512
747  651 500 0  35 1 10 1 2 4 8 16 32 64 128 256 512
748  159 670 0  32 1 10 1 2 4 8 16 32 64 128 256 512
749   46 851 0  26 1 10 1 2 4 8 16 32 64 128 256 512
750  824 665 0  25 1 10 1 2 4 8 16 32 64 128 256 512
751  770 458 0  40 1 10 1 2 4 8 16 32 64 128 256 512
752  702 348 0  94 1 10 1 2 4 8 16 32 64 128 256 512
753  928 216 0   7 1 10 1 2 4 8 16 32 64 128 256 512
754  761 676 0  81 1 10 1 2 4 8 16 32 64 128 256 512
755   23 865 0   2 1 10 1 2 4 8 16 32 64 128 256 512
756  990 127 0   2 1 10 1 2 4 8 16 32 64 128 256 512
757  519 715 0  83 1 10 1 2 4 8 16 32 64 128 256 512
758  560 355 0  50 1 10 1 2 4 8 16 32 64 128 256 512
759  591 225 0  91 1 10 1 2 4 8 16 32 64 128 256 512
760  941 474 0  86 1 10 1 2 4 8 16 32 64 128 256 512
761  956 346 0  49 1 10 1 2 4 8 16 32 64 128 256 512
762  192 246 0  31 1 10 1 2 4 8 16 32 64 128 256 512
763  743 266 0  75 1 10 1 2 4 8 16 32 64 128 256 512
764   80 167 0  59 1 10 1 2 4 8 16 32 64 128 256 512
765  982 707 0  72 1 10 1 2 4 8 16 32 64 128 256 512
766  940 707 0  53 1 10 1 2 4 8 16 32 64 128 256 512
767  754 876 0  29 1 10 1 2 4 8 16 32 64 128 256 512
768  873 474 0  72 1 10 1 2 4 8 16 32 64 128 256 512
769  249 984 0  80 1 10 1 2 4 8 16 32 64 128 256 512
770   59 474 0  53 1 10 1 2 4 8 16 32 64 128 256 512
771  573 568 0  35 1 10 1 2 4 8 16 32 64 128 256 512
772  830 385 0  95 1 10 1 2 4 8 16 32 64 128 256 512
773  476 897 0  85 1 10 1 2 4 8 16 32 64 128 256 512
774  841 326 0  98 1 10 1 2 4 8 16 32 64 128 256 512
775  642 885 0  13 1 10 1 2 4 8 16 32 64 128 256 512
776  742 794 0  10 1 10 1 2 4 8 16 32 64 128 256 512
777  583 637 0  30 1 10 1 2 4 8 16 32 64 128 256 512
778  413 751 0   8 1 10 1 2 4 8 16 32 64 128 256 512
779  879 174 0  75 1 10 1 2 4 8 16 32 64 128 256 512
780  753   9 0  18 1 10 1 2 4 8 16 32 64 128 256 512
781  234 827 0  19 1 10 1 2 4 8 16 32 64 128 256 512
782  155 431 0  23 1 10 1 2 4 8 16 32 64 128 256 512
783  737 464 0  12 1 10 1 2 4 8 16 32 64 128 256 512
784  867 377 0  10 1 10 1 2 4 8 16 32 64 128 256 512
785  377 346 0  52 1 10 1 2 4 8 16 32 64 128 256 512
786  932 938 0   7 1 10 1 2 4 8 16 32 64 128 256 512
787  370 797 0  60 1 10 1 2 4 8 16 32 64 128 256 512
788   96 682 0  68 1 10 1 2 4 8 16 32 64 128 256 512
789  478 243 0  86 1 10 1 2 4 8 16 32 64 128 256 512
790  115  59 0  37 1 10 1 2 4 8 16 32 64 128 256 512
791  306 584 0  83 1 10 1 2 4 8 16 32 64 128 256 512
792  545 534 0  60 1 10 1 2 4 8 16 32 64 128 256 512
793  987 817 0   2 1 10 1 2 4 8 16 32 64 128 256 512
794  683 302 0  43 1 10 1 2 4 8 16 32 64 128 256 512
795  548 837 0  25 1 10 1 2 4 8 16 32 64 128 256 512
796  723 421 0  80 1 10 1 2 4 8 16 32 64 128 256 512
797  623 150 0  17 1 10 1 2 4 8 16 32 64 128 256 512
798  328 930 0   9 1 10 1 2 4 8 16 32 64 128 256 512
799  420 317 0  76 1 10 1 2 4 8 16 32 64 128 256 512
800  430 697 0  33 1 10 1 2 4 8 16 32 64 128 256 512
801  962  96 0  73 1 10 1 2 4 8 16 32 64 128 256 512
802  529 260 0  62 1 10 1 2 4 8 16 32 64 128 256 512
803  531 447 0  70 1 10 1 2 4 8 16 32 64 128 256 512
804    0 123 0   8 1 10 1 2 4 8 16 32 64 128 256 512
805  243 943 0  28 1 10 1 2 4 8 16 32 64 128 256 512
806  292 251 0  84 1 10 1 2 4 8 16 32 64 128 256 512
807  179 392 0   7 1 10 1 2 4 8 16 32 64 128 256 512
808  113 605 0  41 1 10 1 2 4 8 16 32 64 128 256 512
809  749 136 0  36 1 10 1 2 4 8 16 32 64 128 256 512
810  499 216 0  23 1 10 1 2 4 8 16 32 64 128 256 512
811  549 782 0  33 1 10 1 2 4 8 16 32 64 128 256 512
812   63 893 0  37 1 10 1 2 4 8 16 32 64 128 256 512
813  717 274 0  45 1 10 1 2 4 8 16 32 64 128 256 512
814  219 106 0  48 1 10 1 2 4 8 16 32 64 128 256 512
815  666 913 0  33 1 10 1 2 4 8 16 32 64 128 256 512
816  469 818 0  59 1 10 1 2 4 8 16 32 64 128 256 512
817  102 780 0  16 1 10 1 2 4 8 16 32 64 128 256 512
818  317 560 0  37 1 10 1 2 4 8 16 32 64 128 256 512
819  411 672 0  80 1 10 1 2 4 8 16 32 64 128 256 512
820  121 321 0   3 1 10 1 2 4 8 16 32 64 128 256 512
821  182 692 0  64 1 10 1 2 4 8 16 32 64 128 256 512
822  803 509 0  61 1 10 1 2 4 8 16 32 64 128 256 512
823  385 891 0  28 1 10 1 2 4 8 16 32 64 128 256 512
824  186 502 0  98 1 10 1 2 4 8 16 32 64 128 256 512
825  258 306 0  82 1 10 1 2 4 8 16 32 64 128 256 512
826  500  72 0  84 1 10 1 2 4 8 16 32 64 128 256 512
827  501 665 0  11 1 10 1 2 4 8 16 32 64 128 256 512
828  371 573 0  73 1 10 1 2 4 8 16 32 64 128 256 512
829  185 927 0  61 1 10 1 2 4 8 16 32 64 128 256 512
830  248 145 0  79 1 10 1 2 4 8 16 32 64 128 256 512
831  997 711 0  83 1 10 1 2 4 8 16 32 64 128 256 512
832  878 709 0   7 1 10 1 2 4 8 16 32 64 128 256 512
833   87 322 0  96 1 10 1 2 4 8 16 32 64 128 256 512
834  670 192 0  70 1 10 1 2 4 8 16 32 64 128 256 512
835  474 404 0  91 1 10 1 2 4 8 16 32 64 128 256 512
836  310 970 0  41 1 10 1 2 4 8 16 32 64 128 256 512
837  681 604 0  36 1 10 1 2 4 8 16 32 64 128 256 512
838  536  44 0  52 1 10 1 2 4 8 16 32 64 128 256 512
839  532 653 0  70 1 10 1 2 4 8 16 32 64 128 256 512
840  103 676 0  13 1 10 1 2 4 8 16 32 64 128 256 512
841  354 783 0  47 1 10 1 2 4 8 16 32 64 128 256 512
842  317 793 0  33 1 10 1 2 4 8 16 32 64 128 256 512
843  384 861 0  36 1 10 1 2 4 8 16 32 64 128 256 512
844  252 951 0  65 1 10 1 2 4 8 16 32 64 128 256 512
845  701 409 0  79 1 10 1 2 4 8 16 32 64 128 256 512
846  356 153 0  11 1 10 1 2 4 8 16 32 64 128 256 512
847  233 253 0  83 1 10 1 2 4 8 16 32 64 128 256 512
848  174 513 0  27 1 10 1 2 4 8 16 32 64 128 256 512
849   32  35 0  75 1 10 1 2 4 8 16 32 64 128 256 512
850  594 166 0  49 1 10 1 2 4 8 16 32 64 128 256 512
851  680 551 0  89 1 10 1 2 4 8 16 32 64 128 256 512
852  266 634 0  34 1 10 1 2 4 8 16 32 64 128 256 512
853  290 784 0  43 1 10 1 2 4 8 16 32 64 128 256 512
854  703 946 0  86 1 10 1 2 4 8 16 32 64 128 256 512
855  750 932 0  55 1 10 1 2 4 8 16 32 64 128 256 512
856  549 293 0  63 1 10 1 2 4 8 16 32 64 128 256 512
857  536 500 0   5 1 10 1 2 4 8 16 32 64 128 256 512
858  653 379 0  66 1 10 1 2 4 8 16 32 64 128 256 512
859  446 308 0  78 1 10 1 2 4 8 16 32 64 128 256 512
860  179 822 0  42 1 10 1 2 4 8 16 32 64 128 256 512
861  709 938 0   3 1 10 1 2 4 8 16 32 64 128 256 512
862  255 339 0  25 1 10 1 2 4 8 16 32 64 128 256 512
863  872 738 0 100 1 10 1 2 4 8 16 32 64 128 256 512
864  965 761 0  93 1 10 1 2 4 8 16 32 64 128 256 512
865  901 922 0  78 1 10 1 2 4 8 16 32 64 128 256 512
866  198 363 0   8 1 10 1 2 4 8 16 32 64 128 256 512
867  958 241 0  38 1 10 1 2 4 8 16 32 64 128 256 512
868  348 595 0  11 1 10 1 2 4 8 16 32 64 128 256 512
869   22 527 0  69 1 10 1 2 4 8 16 32 64 128 256 512
870  617  11 0  23 1 10 1 2 4 8 16 32 64 128 256 512
871  252 494 0  33 1 10 1 2 4 8 16 32 64 128 256 512
872  970 528 0  98 1 10 1 2 4 8 16 32 64 128 256 512
873  854 666 0  41 1 10 1 2 4 8 16 32 64 128 256 512
874  118 612 0  52 1 10 1 2 4 8 16 32 64 128 256 512
875  352 293 0  60 1 10 1 2 4 8 16 32 64 128 256 512
876  471 796 0  28 1 10 1 2 4 8 16 32 64 128 256 512
877  546 136 0  92 1 10 1 2 4 8 16 32 64 128 256 512
878  298 103 0  86 1 10 1 2 4 8 16 32 64 128 256 512
879   19  25 0  62 1 10 1 2 4 8 16 32 64 128 256 512
880  655 202 0  30 1 10 1 2 4 8 16 32 64 128 256 512
881  197 243 0  64 1 10 1 2 4 8 16 32 64 128 256 512
882  725 719 0  10 1 10 1 2 4 8 16 32 64 128 256 512
883  459 786 0  18 1 10 1 2 4 8 16 32 64 128 256 512
884  723 218 0  36 1 10 1 2 4 8 16 32 64 128 256 512
885  781 899 0  86 1 10 1 2 4 8 16 32 64 128 256 512
886  197 158 0  63 1 10 1 2 4 8 16 32 64 128 256 512
887  424  80 0  31 1 10 1 2 4 8 16 32 64 128 256 512
888  201 486 0  48 1 10 1 2 4 8 16 32 64 128 256 512
889   35 394 0   8 1 10 1 2 4 8 16 32 64 128 256 512
890  901 921 0  91 1 10 1 2 4 8 16 32 64 128 256 512
891  559 188 0   1 1 10 1 2 4 8 16 32 64 128 256 512
892   97 945 0  82 1 10 1 2 4 8 16 32 64 128 256 512
893  944 676 0  98 1 10 1 2 4 8 16 32 64 128 256 512
894  949 703 0  12 1 10 1 2 4 8 16 32 64 128 256 512
895  184  97 0  61 1 10 1 2 4 8 16 32 64 128 256 512
896  602 517 0  56 1 10 1 2 4 8 16 32 64 128 256 512
897  357 635 0  29 1 10 1 2 4 8 16 32 64 128 256 512
898  624 639 0  90 1 10 1 2 4 8 16 32 64 128 256 512
899  664 128 0  15 1 10 1 2 4 8 16 32 64 128 256 512
900   83 432 0  64 1 10 1 2 4 8 16 32 64 128 256 512
901  823 254 0   1 1 10 1 2 4 8 16 32 64 128 256 512
902  268 271 0  54 1 10 1 2 4 8 16 32 64 128 256 512
903  824 270 0  45 1 10 1 2 4 8 16 32 64 128 256 512
904  659 815 0  44 1 10 1 2 4 8 16 32 64 128 256 512
905  713 220 0  68 1 10 1 2 4 8 16 32 64 128 256 512
906  374 305 0  94 1 10 1 2 4 8 16 32 64 128 256 512
907  799 536 0  58 1 10 1 2 4 8 16 32 64 128 256 512
908  933  91 0  27 1 10 1 2 4 8 16 32 64 128 256 512
909  501 585 0  98 1 10 1 2 4 8 16 32 64 128 256 512
910  877 597 0  22 1 10 1 2 4 8 16 32 64 128 256 512
911  141 551 0  59 1 10 1 2 4 8 16 32 64 128 256 512
912  408 913 0  43 1 10 1 2 4 8 16 32 64 128 256 512
913  591 978 0  46 1 10 1 2 4 8 16 32 64 128 256 512
914  627 684 0  15 1 10 1 2 4 8 16 32 64 128 256 512
915  247  38 0  13 1 10 1 2 4 8 16 32 64 128 256 512
916  259 808 0  38 1 10 1 2 4 8 16 32 64 128 256 512
917  998  29 0 100 1 10 1 2 4 8 16 32 64 128 256 512
918  330 860 0  77 1 10 1 2 4 8 16 32 64 128 256 512
919  245 634 0  89 1 10 1 2 4 8 16 32 64 128 256 512
920  840 766 0  96 1 10 1 2 4 8 16 32 64 128 256 512
921   70 685 0  62 1 10 1 2 4 8 16 32 64 128 256 512
922  716 523 0  94 1 10 1 2 4 8 16 32 64 128 256 512
923  875 441 0  25 1 10 1 2 4 8 16 32 64 128 256 512
924  667 888 0  57 1 10 1 2 4 8 16 32 64 128 256 512
925  235 585 0  55 1 10 1 2 4 8 16 32 64 128 256 512
926  186 282 0  99 1 10 1 2 4 8 16 32 64 128 256 512
927   52 975 0  34 1 10 1 2 4 8 16 32 64 128 256 512
928  595 562 0  23 1 10 1 2 4 8 16 32 64 128 256 512
929  103 767 0  16 1 10 1 2 4 8 16 32 64 128 256 512
930  222 426 0   9 1 10 1 2 4 8 16 32 64 128 256 512
931  363 804 0  45 1 10 1 2 4 8 16 32 64 128 256 512
932  878 996 0   2 1 10 1 2 4 8 16 32 64 128 256 512
933  575 139 0  52 1 10 1 2 4 8 16 32 64 128 256 512
934  962 487 0  58 1 10 1 2 4 8 16 32 64 128 256 512
935  845 262 0  25 1 10 1 2 4 8 16 32 64 128 256 512
936  122  36 0  93 1 10 1 2 4 8 16 32 64 128 256 512
937  842  52 0  97 1 10 1 2 4 8 16 32 64 128 256 512
938  364 583 0  26 1 10 1 2 4 8 16 32 64 128 256 512
939  960 717 0   4 1 10 1 2 4 8 16 32 64 128 256 512
940  529 297 0  69 1 10 1 2 4 8 16 32 64 128 256 512
941  620 487 0  69 1 10 1 2 4 8 16 32 64 128 256 512
942   67 801 0  98 1 10 1 2 4 8 16 32 64 128 256 512
943  667 976 0  56 1 10 1 2 4 8 16 32 64 128 256 512
944   12 285 0  81 1 10 1 2 4 8 16 32 64 128 256 512
945  448 561 0  86 1 10 1 2 4 8 16 32 64 128 256 512
946  176 110 0  88 1 10 1 2 4 8 16 32 64 128 256 512
947  799  15 0  71 1 10 1 2 4 8 16 32 64 128 256 512
948  569  92 0  53 1 10 1 2 4 8 16 32 64 128 256 512
949  318 347 0  96 1 10 1 2 4 8 16 32 64 128 256 512
950  490 718 0  55 1 10 1 2 4 8 16 32 64 128 256 512
951  285 917 0  52 1 10 1 2 4 8 16 32 64 128 256 512
952  811 161 0   7 1 10 1 2 4 8 16 32 64 128 256 512
953  697 600 0  14 1 10 1 2 4 8 16 32 64 128 256 512
954  162 936 0  99 1 10 1 2 4 8 16 32 64 128 256 512
955  545 405 0  93 1 10 1 2 4 8 16 32 64 128 256 512
956  115 658 0  41 1 10 1 2 4 8 16 32 64 128 256 512
957  116 291 0  60 1 10 1 2 4 8 16 32 64 128 256 512
958  315 206 0  64 1 10 1 2 4 8 16 32 64 128 256 512
959  414  95 0  32 1 10 1 2 4 8 16 32 64 128 256 512
960  765 229 0  98 1 10 1 2 4 8 16 32 64 128 256 512
961   93 225 0  80 1 10 1 2 4 8 16 32 64 128 256 512
962   95 567 0  95 1 10 1 2 4 8 16 32 64 128 256 512
963  518 769 0  60 1 10 1 2 4 8 16 32 64 128 256 512
964  213 742 0  12 1 10 1 2 4 8 16 32 64 128 256 512
965  335 410 0  38 1 10 1 2 4 8 16 32 64 128 256 512
966  800 766 0  43 1 10 1 2 4 8 16 32 64 128 256 512
967  974 303 0  45 1 10 1 2 4 8 16 32 64 128 256 512
968   32 372 0  47 1 10 1 2 4 8 16 32 64 128 256 512
969  293 460 0  38 1 10 1 2 4 8 16 32 64 128 256 512
970  559 722 0  60 1 10 1 2 4 8 16 32 64 128 256 512
971  879 636 0  85 1 10 1 2 4 8 16 32 64 128 256 512
972  225 308 0  22 1 10 1 2 4 8 16 32 64 128 256 512
973  863  24 0   0 0  0
974  959 533 0   0 0  0
975   33 573 0   0 0  0
976  791 351 0   0 0  0
977  837 158 0   0 0  0
978  656 656 0   0 0  0
979  150 103 0   0 0  0
980  722 452 0   0 0  0
981  514 938 0   0 0  0
982   53 993 0   0 0  0
