2 383 985 2
0 243
0 243
  1  775  795 0  44 1 2 1 2
  2   33  403 0  85 1 2 1 2
  3  906  593 0   4 1 2 1 2
  4  418  305 0  26 1 2 1 2
  5  444  112 0  77 1 2 1 2
  6  771  553 0  65 1 2 1 2
  7  211  722 0  64 1 2 1 2
  8  178  610 0  29 1 2 1 2
  9  619  921 0  85 1 2 1 2
 10  532  190 0  65 1 2 1 2
 11  906  213 0  89 1 2 1 2
 12  757  751 0  80 1 2 1 2
 13  401   47 0  54 1 2 1 2
 14  225  668 0  39 1 2 1 2
 15  193  996 0  10 1 2 1 2
 16  168  316 0  49 1 2 1 2
 17  278  562 0  23 1 2 1 2
 18  514  801 0  79 1 2 1 2
 19  163  652 0   4 1 2 1 2
 20  903  461 0  64 1 2 1 2
 21  810  112 0   3 1 2 1 2
 22  412  642 0  91 1 2 1 2
 23  295  898 0  37 1 2 1 2
 24  501  606 0  53 1 2 1 2
 25  922  803 0  64 1 2 1 2
 26   97  474 0  34 1 2 1 2
 27  217  328 0  57 1 2 1 2
 28  416  790 0  89 1 2 1 2
 29  757  135 0  77 1 2 1 2
 30  389  818 0  74 1 2 1 2
 31  154  119 0  34 1 2 1 2
 32  871  380 0  97 1 2 1 2
 33  856  444 0  48 1 2 1 2
 34  326  214 0  49 1 2 1 2
 35  129  131 0  50 1 2 1 2
 36  160  381 0  81 1 2 1 2
 37   75  437 0  65 1 2 1 2
 38  103   30 0  37 1 2 1 2
 39  324   67 0  74 1 2 1 2
 40  180  446 0  61 1 2 1 2
 41  227  384 0  27 1 2 1 2
 42  243   72 0  19 1 2 1 2
 43   95  755 0   2 1 2 1 2
 44  546  358 0  11 1 2 1 2
 45  292  404 0  78 1 2 1 2
 46  913  505 0   4 1 2 1 2
 47  621  633 0  76 1 2 1 2
 48  307   45 0  90 1 2 1 2
 49  242  311 0  91 1 2 1 2
 50  160  847 0  34 1 2 1 2
 51   86    9 0  18 1 2 1 2
 52  721  714 0  53 1 2 1 2
 53  697  708 0  41 1 2 1 2
 54  358    0 0   6 1 2 1 2
 55  425  928 0  96 1 2 1 2
 56  874  704 0  87 1 2 1 2
 57  269  670 0  85 1 2 1 2
 58  635  652 0  28 1 2 1 2
 59  155  828 0   7 1 2 1 2
 60  657  338 0  20 1 2 1 2
 61   31  358 0  38 1 2 1 2
 62  594   18 0  84 1 2 1 2
 63  525  977 0  78 1 2 1 2
 64  908  312 0  21 1 2 1 2
 65  651    2 0  80 1 2 1 2
 66  828  919 0  78 1 2 1 2
 67  590   95 0  75 1 2 1 2
 68  710   25 0  87 1 2 1 2
 69  396  506 0  54 1 2 1 2
 70  180  872 0  81 1 2 1 2
 71  972  363 0  82 1 2 1 2
 72  169  508 0  92 1 2 1 2
 73  167   76 0   4 1 2 1 2
 74  876  429 0  19 1 2 1 2
 75  349  865 0  61 1 2 1 2
 76  105  143 0  15 1 2 1 2
 77  100   99 0  54 1 2 1 2
 78   65  247 0  85 1 2 1 2
 79  840  597 0  72 1 2 1 2
 80  421  770 0  69 1 2 1 2
 81  805  353 0  52 1 2 1 2
 82  941  154 0  41 1 2 1 2
 83  879  735 0  59 1 2 1 2
 84  151  988 0  51 1 2 1 2
 85  395  626 0   5 1 2 1 2
 86  205  418 0  97 1 2 1 2
 87   98  640 0  54 1 2 1 2
 88  248  665 0  85 1 2 1 2
 89  824  460 0  16 1 2 1 2
 90  319  349 0  95 1 2 1 2
 91  410   50 0  43 1 2 1 2
 92  753  557 0  79 1 2 1 2
 93  275  173 0  16 1 2 1 2
 94  837  213 0   9 1 2 1 2
 95  998  701 0  76 1 2 1 2
 96  727  977 0  22 1 2 1 2
 97  934  280 0  45 1 2 1 2
 98  118  875 0  40 1 2 1 2
 99  765  654 0  70 1 2 1 2
100  666  966 0  74 1 2 1 2
101  234   27 0  89 1 2 1 2
102  166  145 0  82 1 2 1 2
103  992  283 0   1 1 2 1 2
104  190  345 0  49 1 2 1 2
105  474  567 0  56 1 2 1 2
106  247  159 0  81 1 2 1 2
107  609   21 0  63 1 2 1 2
108  816  167 0   3 1 2 1 2
109  791  598 0   1 1 2 1 2
110  872  929 0  65 1 2 1 2
111  152  853 0   2 1 2 1 2
112  263  558 0  86 1 2 1 2
113  643  436 0  85 1 2 1 2
114  452  908 0  26 1 2 1 2
115  169  817 0  67 1 2 1 2
116  981  693 0 100 1 2 1 2
117  724  977 0  15 1 2 1 2
118  516  287 0   1 1 2 1 2
119  708  460 0  82 1 2 1 2
120  145  176 0  49 1 2 1 2
121  457  208 0  63 1 2 1 2
122  207  163 0  75 1 2 1 2
123  906  546 0  13 1 2 1 2
124  267  112 0  54 1 2 1 2
125  309  702 0  93 1 2 1 2
126  841  221 0  54 1 2 1 2
127  276  618 0  15 1 2 1 2
128  818  579 0  18 1 2 1 2
129  352  123 0  75 1 2 1 2
130  725  449 0  13 1 2 1 2
131  262  469 0  36 1 2 1 2
132  233  487 0   6 1 2 1 2
133  140  180 0  51 1 2 1 2
134   87  362 0  82 1 2 1 2
135  952  508 0  48 1 2 1 2
136  728  514 0  65 1 2 1 2
137  105  859 0   8 1 2 1 2
138   90  191 0  32 1 2 1 2
139  340  274 0  23 1 2 1 2
140  275  729 0  13 1 2 1 2
141  716  182 0  73 1 2 1 2
142  938  410 0  50 1 2 1 2
143   58  699 0  29 1 2 1 2
144  303  639 0  54 1 2 1 2
145  593  788 0  17 1 2 1 2
146  854  913 0  39 1 2 1 2
147  512  620 0  38 1 2 1 2
148  115   55 0  53 1 2 1 2
149  785  477 0  12 1 2 1 2
150  614    0 0  86 1 2 1 2
151  958  371 0  97 1 2 1 2
152  775  513 0  75 1 2 1 2
153  865  676 0   4 1 2 1 2
154  396  848 0  99 1 2 1 2
155  281   23 0  54 1 2 1 2
156   68   74 0  52 1 2 1 2
157  209   19 0  97 1 2 1 2
158  573  742 0  30 1 2 1 2
159  593  298 0  38 1 2 1 2
160  373  123 0  87 1 2 1 2
161  148  627 0  74 1 2 1 2
162  123  740 0  85 1 2 1 2
163  964  213 0  88 1 2 1 2
164  411  785 0  36 1 2 1 2
165  793  936 0   1 1 2 1 2
166  526  753 0  86 1 2 1 2
167  144  475 0  59 1 2 1 2
168    8  803 0  76 1 2 1 2
169  209  674 0  57 1 2 1 2
170  720  232 0  55 1 2 1 2
171  326  154 0  72 1 2 1 2
172  563  290 0  43 1 2 1 2
173  863  317 0  98 1 2 1 2
174  667  687 0  45 1 2 1 2
175  684  330 0  97 1 2 1 2
176  321  329 0  16 1 2 1 2
177  615  805 0  91 1 2 1 2
178   77  451 0  46 1 2 1 2
179  414   18 0  97 1 2 1 2
180  468  670 0  79 1 2 1 2
181  894  783 0  37 1 2 1 2
182  247   63 0  53 1 2 1 2
183  511  512 0  19 1 2 1 2
184  873  790 0  24 1 2 1 2
185  438  760 0  12 1 2 1 2
186  639  341 0  52 1 2 1 2
187  583  917 0  63 1 2 1 2
188  408   15 0  28 1 2 1 2
189  427  539 0  71 1 2 1 2
190  216  695 0   2 1 2 1 2
191  459  469 0  26 1 2 1 2
192  785  648 0  66 1 2 1 2
193  876  792 0  70 1 2 1 2
194   20  521 0  16 1 2 1 2
195  832  266 0  20 1 2 1 2
196  767  932 0  18 1 2 1 2
197  815  830 0  51 1 2 1 2
198  854  507 0  52 1 2 1 2
199  734  804 0  40 1 2 1 2
200  976   14 0  98 1 2 1 2
201   66  282 0  10 1 2 1 2
202  953  969 0  10 1 2 1 2
203  594  714 0  93 1 2 1 2
204  983  428 0  88 1 2 1 2
205  848  978 0  10 1 2 1 2
206  707  671 0  13 1 2 1 2
207  573  376 0  79 1 2 1 2
208  672  798 0  20 1 2 1 2
209  740  171 0  20 1 2 1 2
210  262  177 0  12 1 2 1 2
211  888  733 0  51 1 2 1 2
212  223  486 0  80 1 2 1 2
213  883  564 0  90 1 2 1 2
214  296   20 0  47 1 2 1 2
215  744  472 0  27 1 2 1 2
216  816   10 0  14 1 2 1 2
217  517  248 0  89 1 2 1 2
218    7  314 0  87 1 2 1 2
219  640  562 0  92 1 2 1 2
220  803   43 0  13 1 2 1 2
221   90  530 0  55 1 2 1 2
222  893  143 0  41 1 2 1 2
223  522  319 0  27 1 2 1 2
224  561  197 0  18 1 2 1 2
225  554  132 0  66 1 2 1 2
226  153  114 0  34 1 2 1 2
227  520  364 0  92 1 2 1 2
228  504  465 0  20 1 2 1 2
229    4  879 0  64 1 2 1 2
230   98  976 0  51 1 2 1 2
231  624  772 0  86 1 2 1 2
232  316  450 0  10 1 2 1 2
233  367  555 0  72 1 2 1 2
234  516  829 0  62 1 2 1 2
235  848  338 0  15 1 2 1 2
236  315  254 0  46 1 2 1 2
237  866  559 0  56 1 2 1 2
238  336  130 0  63 1 2 1 2
239  308  482 0  99 1 2 1 2
240  104  650 0  99 1 2 1 2
241  284  931 0  45 1 2 1 2
242  341  350 0  34 1 2 1 2
243  755  143 0  97 1 2 1 2
244  455   14 0  30 1 2 1 2
245  507  524 0  31 1 2 1 2
246  722  448 0   4 1 2 1 2
247  195  572 0  90 1 2 1 2
248   46  186 0  71 1 2 1 2
249  406  180 0  80 1 2 1 2
250  754  574 0  69 1 2 1 2
251  362  825 0   7 1 2 1 2
252  384  972 0   4 1 2 1 2
253  308  818 0  41 1 2 1 2
254  959  731 0  47 1 2 1 2
255  564  482 0  31 1 2 1 2
256  323   85 0  43 1 2 1 2
257  180  305 0  20 1 2 1 2
258  540  505 0  88 1 2 1 2
259  800  493 0  51 1 2 1 2
260  473  136 0  94 1 2 1 2
261  291  851 0   4 1 2 1 2
262   87  332 0  13 1 2 1 2
263   31  690 0  50 1 2 1 2
264  539  603 0  58 1 2 1 2
265  165  715 0  94 1 2 1 2
266  309  284 0  71 1 2 1 2
267  952  281 0   3 1 2 1 2
268  606  369 0  13 1 2 1 2
269   80  708 0  73 1 2 1 2
270  680  894 0  31 1 2 1 2
271  720  121 0  11 1 2 1 2
272  263  308 0  69 1 2 1 2
273  912  881 0  96 1 2 1 2
274  991  690 0  94 1 2 1 2
275  847  815 0  71 1 2 1 2
276  214  442 0  75 1 2 1 2
277  742  954 0  15 1 2 1 2
278  850  984 0  24 1 2 1 2
279  668   13 0  98 1 2 1 2
280  840  158 0  18 1 2 1 2
281  843  729 0  24 1 2 1 2
282  765   75 0  97 1 2 1 2
283   41  634 0  54 1 2 1 2
284  567   40 0  46 1 2 1 2
285  588  391 0  10 1 2 1 2
286  796  650 0  92 1 2 1 2
287  145   25 0  35 1 2 1 2
288  270   18 0  38 1 2 1 2
289  696  214 0  10 1 2 1 2
290  237  937 0  89 1 2 1 2
291  185  171 0  57 1 2 1 2
292  378  986 0  27 1 2 1 2
293  731  287 0  22 1 2 1 2
294  103  903 0  26 1 2 1 2
295  217  629 0   9 1 2 1 2
296   88  740 0  60 1 2 1 2
297  263  948 0  48 1 2 1 2
298  935  110 0  38 1 2 1 2
299  740  321 0  39 1 2 1 2
300  871  680 0  74 1 2 1 2
301  109  764 0  72 1 2 1 2
302  652  202 0  39 1 2 1 2
303  273  993 0  23 1 2 1 2
304    5  960 0  42 1 2 1 2
305  262  280 0   9 1 2 1 2
306  500  260 0  63 1 2 1 2
307  959  905 0  24 1 2 1 2
308  726  790 0  39 1 2 1 2
309  589  636 0  76 1 2 1 2
310  866  762 0   1 1 2 1 2
311  810  923 0  59 1 2 1 2
312  866  104 0   2 1 2 1 2
313  206  899 0  17 1 2 1 2
314  599   15 0  29 1 2 1 2
315  889  320 0  39 1 2 1 2
316  833  697 0  44 1 2 1 2
317  190  233 0  54 1 2 1 2
318  870  518 0  27 1 2 1 2
319  889  980 0  87 1 2 1 2
320  416  282 0  75 1 2 1 2
321  635  226 0  14 1 2 1 2
322  662 1000 0  22 1 2 1 2
323  982  327 0  53 1 2 1 2
324  477  671 0  27 1 2 1 2
325  567  164 0  89 1 2 1 2
326  601  315 0  23 1 2 1 2
327   58  607 0   9 1 2 1 2
328  909  220 0   6 1 2 1 2
329  659  301 0  55 1 2 1 2
330  416  463 0  54 1 2 1 2
331  658   49 0  90 1 2 1 2
332  368  449 0  60 1 2 1 2
333   99  463 0  27 1 2 1 2
334  202  246 0  70 1 2 1 2
335  786  581 0  69 1 2 1 2
336  376   66 0  63 1 2 1 2
337  904  201 0  64 1 2 1 2
338  962  439 0  25 1 2 1 2
339  185  591 0  97 1 2 1 2
340  942  412 0  43 1 2 1 2
341  320  397 0  58 1 2 1 2
342   66  274 0  30 1 2 1 2
343  802  140 0   3 1 2 1 2
344  204  563 0  61 1 2 1 2
345  385  981 0  57 1 2 1 2
346   20  689 0  59 1 2 1 2
347  347  930 0  87 1 2 1 2
348  975  876 0  99 1 2 1 2
349  966  348 0  26 1 2 1 2
350  359  599 0  34 1 2 1 2
351  999  717 0  74 1 2 1 2
352  856  625 0   9 1 2 1 2
353  385  235 0  22 1 2 1 2
354  482  489 0  45 1 2 1 2
355  694  512 0  48 1 2 1 2
356  691  290 0  45 1 2 1 2
357  714  533 0  21 1 2 1 2
358  388  300 0  30 1 2 1 2
359  320  189 0  42 1 2 1 2
360   53  691 0  75 1 2 1 2
361  234  783 0  10 1 2 1 2
362  547  156 0  93 1 2 1 2
363  657   45 0  45 1 2 1 2
364  159  697 0  81 1 2 1 2
365  598  673 0  40 1 2 1 2
366  497   26 0  22 1 2 1 2
367  259  975 0  30 1 2 1 2
368  209  146 0  94 1 2 1 2
369  565  506 0  23 1 2 1 2
370  937  526 0  83 1 2 1 2
371  586  504 0  96 1 2 1 2
372  321  123 0  10 1 2 1 2
373  900  546 0  85 1 2 1 2
374  338  685 0  47 1 2 1 2
375  801  681 0  56 1 2 1 2
376  216  126 0  17 1 2 1 2
377  651  724 0  91 1 2 1 2
378  945  435 0  14 1 2 1 2
379  352  773 0  69 1 2 1 2
380  695  578 0  55 1 2 1 2
381  402  140 0  62 1 2 1 2
382  230  237 0  37 1 2 1 2
383  152  127 0  88 1 2 1 2
384  507  200 0  48 1 2 1 2
385  148  501 0  60 1 2 1 2
386  253  298 0  39 1 2 1 2
387  275  587 0  69 1 2 1 2
388   93   83 0  77 1 2 1 2
389  865  495 0  11 1 2 1 2
390  199  127 0   2 1 2 1 2
391  822  961 0  19 1 2 1 2
392  173  431 0  90 1 2 1 2
393  983  330 0  59 1 2 1 2
394  893  937 0  70 1 2 1 2
395  369  554 0  74 1 2 1 2
396  496  418 0  91 1 2 1 2
397  906  120 0  16 1 2 1 2
398  288  351 0  47 1 2 1 2
399  862  733 0  13 1 2 1 2
400  347  582 0  64 1 2 1 2
401  613  283 0  24 1 2 1 2
402  945  576 0  40 1 2 1 2
403  625  990 0  59 1 2 1 2
404  217  811 0  56 1 2 1 2
405  635  163 0  52 1 2 1 2
406  938  357 0  71 1 2 1 2
407  989  369 0  67 1 2 1 2
408  199  919 0  58 1 2 1 2
409  712  360 0  61 1 2 1 2
410  588  291 0  61 1 2 1 2
411   39  225 0  36 1 2 1 2
412  159  700 0  38 1 2 1 2
413  219  699 0  93 1 2 1 2
414  142  742 0  74 1 2 1 2
415  369  307 0  62 1 2 1 2
416  242  609 0  94 1 2 1 2
417  340  778 0  42 1 2 1 2
418  899  242 0  47 1 2 1 2
419  969  461 0  14 1 2 1 2
420   61  696 0  73 1 2 1 2
421  456  907 0  19 1 2 1 2
422  110  365 0  52 1 2 1 2
423  841    1 0  25 1 2 1 2
424  716  630 0  48 1 2 1 2
425  515  911 0   2 1 2 1 2
426  629  645 0   5 1 2 1 2
427  241  254 0  89 1 2 1 2
428  811  819 0  40 1 2 1 2
429  397  880 0  93 1 2 1 2
430  507  118 0  84 1 2 1 2
431  835  635 0  79 1 2 1 2
432  410  388 0  15 1 2 1 2
433  970  269 0  28 1 2 1 2
434  664  998 0  91 1 2 1 2
435  956  198 0  54 1 2 1 2
436  355   22 0  15 1 2 1 2
437  419  758 0  64 1 2 1 2
438  481  367 0  38 1 2 1 2
439  140  865 0   9 1 2 1 2
440  384  981 0  89 1 2 1 2
441  635  658 0  16 1 2 1 2
442  197  718 0  23 1 2 1 2
443  731  420 0  89 1 2 1 2
444  412  697 0  49 1 2 1 2
445  515  158 0  19 1 2 1 2
446  351  906 0  37 1 2 1 2
447  861  927 0  90 1 2 1 2
448   33  622 0  19 1 2 1 2
449  699  255 0   5 1 2 1 2
450  991  756 0  17 1 2 1 2
451  660   48 0   9 1 2 1 2
452  604  718 0  10 1 2 1 2
453  607  253 0 100 1 2 1 2
454  990   94 0  12 1 2 1 2
455  642  425 0  20 1 2 1 2
456  819  827 0  56 1 2 1 2
457  903  967 0  28 1 2 1 2
458  574  781 0  60 1 2 1 2
459   35  258 0  86 1 2 1 2
460  368  235 0  73 1 2 1 2
461  170  648 0   4 1 2 1 2
462  431  218 0  12 1 2 1 2
463  216  725 0  61 1 2 1 2
464  627  632 0  58 1 2 1 2
465  261  128 0  38 1 2 1 2
466  773  873 0  49 1 2 1 2
467  988  182 0  44 1 2 1 2
468  349   16 0  24 1 2 1 2
469  905  433 0  92 1 2 1 2
470  780  322 0  79 1 2 1 2
471  136  740 0  61 1 2 1 2
472  517  746 0  72 1 2 1 2
473  666  277 0  35 1 2 1 2
474  828  230 0  53 1 2 1 2
475  162  798 0  94 1 2 1 2
476  176  769 0  81 1 2 1 2
477  584  376 0  37 1 2 1 2
478  950  188 0  50 1 2 1 2
479  840  472 0  48 1 2 1 2
480  773  701 0  34 1 2 1 2
481  687   28 0  76 1 2 1 2
482  686   84 0   7 1 2 1 2
483  229  656 0   9 1 2 1 2
484  972   14 0  60 1 2 1 2
485   41  571 0  98 1 2 1 2
486  256   41 0   1 1 2 1 2
487  304  948 0  82 1 2 1 2
488  462  143 0  87 1 2 1 2
489  837  836 0  61 1 2 1 2
490  298  420 0   8 1 2 1 2
491  397  503 0   2 1 2 1 2
492  916  527 0  16 1 2 1 2
493  263  903 0  55 1 2 1 2
494   96   57 0  14 1 2 1 2
495  881  774 0  96 1 2 1 2
496  581   29 0  89 1 2 1 2
497   17  953 0   1 1 2 1 2
498  134  199 0   8 1 2 1 2
499  355  214 0  48 1 2 1 2
500  585  825 0  26 1 2 1 2
501  132   87 0  25 1 2 1 2
502  753  880 0  50 1 2 1 2
503  339  323 0  77 1 2 1 2
504  909  277 0  83 1 2 1 2
505  581  771 0  29 1 2 1 2
506  876  745 0  50 1 2 1 2
507  941  200 0  40 1 2 1 2
508    1  639 0  90 1 2 1 2
509  604  452 0  69 1 2 1 2
510  367  126 0  43 1 2 1 2
511  220  509 0  57 1 2 1 2
512  789  387 0  14 1 2 1 2
513    8  175 0  64 1 2 1 2
514  277  204 0  16 1 2 1 2
515  196  655 0  92 1 2 1 2
516  633  105 0  78 1 2 1 2
517  293  817 0   2 1 2 1 2
518  721  643 0  37 1 2 1 2
519  292  820 0  90 1 2 1 2
520  476  500 0  96 1 2 1 2
521  793  431 0 100 1 2 1 2
522  344  809 0  10 1 2 1 2
523   20  112 0  70 1 2 1 2
524  779  947 0  88 1 2 1 2
525  322  693 0  56 1 2 1 2
526  782  573 0  99 1 2 1 2
527  956  860 0  44 1 2 1 2
528  789  727 0  65 1 2 1 2
529  474  713 0  30 1 2 1 2
530  738  723 0  60 1 2 1 2
531  386  182 0  94 1 2 1 2
532   34  650 0  70 1 2 1 2
533   70  504 0  92 1 2 1 2
534  383  691 0  71 1 2 1 2
535  227  182 0  37 1 2 1 2
536  137   64 0  76 1 2 1 2
537  362   15 0  85 1 2 1 2
538  245  293 0 100 1 2 1 2
539   60  133 0  47 1 2 1 2
540  131  664 0   1 1 2 1 2
541  520  929 0   2 1 2 1 2
542  684   24 0  71 1 2 1 2
543  625  716 0  75 1 2 1 2
544  197  440 0  31 1 2 1 2
545  626  147 0  44 1 2 1 2
546  222  874 0   8 1 2 1 2
547  158  610 0   9 1 2 1 2
548  188  405 0  12 1 2 1 2
549  498  902 0  60 1 2 1 2
550  464  794 0  34 1 2 1 2
551  662   11 0  73 1 2 1 2
552  730  734 0  24 1 2 1 2
553  886  173 0  13 1 2 1 2
554  389  169 0  21 1 2 1 2
555  666  689 0  84 1 2 1 2
556  541  703 0  44 1 2 1 2
557  300  266 0  17 1 2 1 2
558  941  809 0  49 1 2 1 2
559  790  932 0  66 1 2 1 2
560  525  718 0  86 1 2 1 2
561  148  438 0  20 1 2 1 2
562  979  893 0  45 1 2 1 2
563  768  564 0   9 1 2 1 2
564  631  585 0   3 1 2 1 2
565  962  826 0  67 1 2 1 2
566  167  408 0  19 1 2 1 2
567   56  804 0   6 1 2 1 2
568  676  761 0  19 1 2 1 2
569  383  490 0  88 1 2 1 2
570  152  271 0  66 1 2 1 2
571  771  797 0  93 1 2 1 2
572    3  677 0  92 1 2 1 2
573   87  854 0  72 1 2 1 2
574   78  622 0  96 1 2 1 2
575  160  161 0  38 1 2 1 2
576  479  426 0  70 1 2 1 2
577  939  873 0  76 1 2 1 2
578  185  533 0  52 1 2 1 2
579  674  764 0  15 1 2 1 2
580  674   73 0  57 1 2 1 2
581  879  651 0  48 1 2 1 2
582  914  830 0  53 1 2 1 2
583  644  385 0  91 1 2 1 2
584  878  769 0   4 1 2 1 2
585   42  714 0  70 1 2 1 2
586  689  441 0  41 1 2 1 2
587  974  524 0  89 1 2 1 2
588  221  869 0  72 1 2 1 2
589   99  768 0   6 1 2 1 2
590  559  357 0  39 1 2 1 2
591  143  924 0  19 1 2 1 2
592  753  608 0  56 1 2 1 2
593  599  595 0  60 1 2 1 2
594  691  330 0   9 1 2 1 2
595  165  483 0  88 1 2 1 2
596  311  752 0  35 1 2 1 2
597  808  532 0  26 1 2 1 2
598  171   89 0  34 1 2 1 2
599  564   32 0  30 1 2 1 2
600  866  612 0   3 1 2 1 2
601  567  679 0  46 1 2 1 2
602  464  606 0  87 1 2 1 2
603   97  310 0   5 1 2 1 2
604  359  786 0  33 1 2 1 2
605  492  637 0 100 1 2 1 2
606  677  535 0  56 1 2 1 2
607  924  311 0 100 1 2 1 2
608  207  794 0  13 1 2 1 2
609  264  731 0  69 1 2 1 2
610  743  902 0   6 1 2 1 2
611  409  452 0  87 1 2 1 2
612  589  868 0  38 1 2 1 2
613  545  332 0  86 1 2 1 2
614   43  128 0  27 1 2 1 2
615  612  884 0   6 1 2 1 2
616  805  973 0  42 1 2 1 2
617  380  224 0  20 1 2 1 2
618  415  665 0  59 1 2 1 2
619  622  524 0  91 1 2 1 2
620  297  769 0  90 1 2 1 2
621  795  476 0   7 1 2 1 2
622  531   98 0  99 1 2 1 2
623  671  562 0   9 1 2 1 2
624  549  455 0  91 1 2 1 2
625  578  865 0  77 1 2 1 2
626  564   39 0  83 1 2 1 2
627  671  154 0  55 1 2 1 2
628  790  689 0  72 1 2 1 2
629  968  254 0  50 1 2 1 2
630  166  499 0   7 1 2 1 2
631  315  883 0   4 1 2 1 2
632  444  775 0  86 1 2 1 2
633  851  271 0  76 1 2 1 2
634   87  345 0  35 1 2 1 2
635  141  821 0  10 1 2 1 2
636  833  267 0  52 1 2 1 2
637  142  477 0  42 1 2 1 2
638  180  669 0  16 1 2 1 2
639  528  221 0  71 1 2 1 2
640  310  196 0   8 1 2 1 2
641  632  549 0  18 1 2 1 2
642  150  680 0  50 1 2 1 2
643  387  861 0  82 1 2 1 2
644  390   98 0  27 1 2 1 2
645  167  217 0  65 1 2 1 2
646  375  364 0  40 1 2 1 2
647  491  621 0  91 1 2 1 2
648  369  652 0   6 1 2 1 2
649  737  120 0   3 1 2 1 2
650  202  252 0  88 1 2 1 2
651  632  890 0  29 1 2 1 2
652  405   40 0  92 1 2 1 2
653  423  282 0  63 1 2 1 2
654  341  780 0  62 1 2 1 2
655  499  240 0  19 1 2 1 2
656  365  939 0  91 1 2 1 2
657  868  720 0  11 1 2 1 2
658   77    2 0  70 1 2 1 2
659  122  114 0  97 1 2 1 2
660  385  302 0  36 1 2 1 2
661  790  627 0  22 1 2 1 2
662  909  779 0  40 1 2 1 2
663  606  732 0  85 1 2 1 2
664  432  390 0  40 1 2 1 2
665  898   30 0  58 1 2 1 2
666  692  845 0  97 1 2 1 2
667  533  935 0  58 1 2 1 2
668  675  491 0  98 1 2 1 2
669  843  525 0  39 1 2 1 2
670  673  116 0  70 1 2 1 2
671  587  258 0  38 1 2 1 2
672  886    4 0   7 1 2 1 2
673   70  946 0  51 1 2 1 2
674  376  561 0   2 1 2 1 2
675  183  339 0  90 1 2 1 2
676  186   58 0  64 1 2 1 2
677  913  658 0  35 1 2 1 2
678  978  172 0  18 1 2 1 2
679  372  551 0  59 1 2 1 2
680  264  512 0  49 1 2 1 2
681  946  968 0  84 1 2 1 2
682   92  844 0  14 1 2 1 2
683  800  258 0  10 1 2 1 2
684  223  335 0  44 1 2 1 2
685  406  288 0  98 1 2 1 2
686  670  346 0  19 1 2 1 2
687  293  590 0   5 1 2 1 2
688  675  642 0  49 1 2 1 2
689  370   91 0  57 1 2 1 2
690  744  106 0  56 1 2 1 2
691  751  251 0  97 1 2 1 2
692  350  236 0  25 1 2 1 2
693  828  754 0  67 1 2 1 2
694  495   45 0  38 1 2 1 2
695  346   17 0  15 1 2 1 2
696  279  988 0  74 1 2 1 2
697  866  900 0  48 1 2 1 2
698  554  485 0  64 1 2 1 2
699  395  534 0  31 1 2 1 2
700  254  621 0  22 1 2 1 2
701  959   11 0  96 1 2 1 2
702  558  264 0  82 1 2 1 2
703  103  639 0  50 1 2 1 2
704  294  533 0  34 1 2 1 2
705  485  395 0  24 1 2 1 2
706  550   72 0   1 1 2 1 2
707  177  924 0   8 1 2 1 2
708  243  694 0   1 1 2 1 2
709  277  232 0  26 1 2 1 2
710  105  419 0  83 1 2 1 2
711  808  520 0  47 1 2 1 2
712  936  845 0   6 1 2 1 2
713   85  521 0  81 1 2 1 2
714  537  424 0  36 1 2 1 2
715   63  723 0   1 1 2 1 2
716  347  385 0  21 1 2 1 2
717  209  917 0  72 1 2 1 2
718  515  783 0  33 1 2 1 2
719   56  157 0  68 1 2 1 2
720  543  575 0  79 1 2 1 2
721   72  551 0  54 1 2 1 2
722  637  608 0   7 1 2 1 2
723  712  604 0  74 1 2 1 2
724  474   23 0  48 1 2 1 2
725  664  781 0  24 1 2 1 2
726   10  979 0  70 1 2 1 2
727   21  763 0  63 1 2 1 2
728  983  961 0  34 1 2 1 2
729  845  877 0  93 1 2 1 2
730  838  869 0  38 1 2 1 2
731  437  466 0  40 1 2 1 2
732  668  476 0   9 1 2 1 2
733  138   14 0  12 1 2 1 2
734  755  831 0  23 1 2 1 2
735  266  760 0  76 1 2 1 2
736  823  296 0  19 1 2 1 2
737  439  248 0  21 1 2 1 2
738  410  203 0   5 1 2 1 2
739  443  601 0   3 1 2 1 2
740  140  998 0  34 1 2 1 2
741  970  777 0  64 1 2 1 2
742  379  368 0  78 1 2 1 2
743  417  600 0  79 1 2 1 2
744  282  741 0  66 1 2 1 2
745  634  624 0  48 1 2 1 2
746  216  682 0  87 1 2 1 2
747  930  825 0  25 1 2 1 2
748  334  454 0  41 1 2 1 2
749  671  849 0  10 1 2 1 2
750  677    2 0  56 1 2 1 2
751  417  717 0  51 1 2 1 2
752  743  386 0  73 1 2 1 2
753  783  186 0  12 1 2 1 2
754  447  994 0  24 1 2 1 2
755  881  240 0  36 1 2 1 2
756  299   53 0  33 1 2 1 2
757  357  375 0  88 1 2 1 2
758  266  313 0  98 1 2 1 2
759  594  437 0   6 1 2 1 2
760  434  411 0  67 1 2 1 2
761    6   19 0  13 1 2 1 2
762  137   17 0  96 1 2 1 2
763  829  534 0  77 1 2 1 2
764  924  527 0  29 1 2 1 2
765  469  510 0   4 1 2 1 2
766  416  971 0  90 1 2 1 2
767  594  952 0   5 1 2 1 2
768  412  203 0  92 1 2 1 2
769  634  676 0  91 1 2 1 2
770  290  383 0  95 1 2 1 2
771  462  593 0  60 1 2 1 2
772  262  156 0  51 1 2 1 2
773  964  116 0  99 1 2 1 2
774  734  890 0   4 1 2 1 2
775   16  285 0   9 1 2 1 2
776  235  853 0  81 1 2 1 2
777  288  236 0  55 1 2 1 2
778  615  603 0  91 1 2 1 2
779  315   27 0  17 1 2 1 2
780  503   85 0  51 1 2 1 2
781  582   35 0  11 1 2 1 2
782  618  415 0  82 1 2 1 2
783  320  559 0  71 1 2 1 2
784  478  930 0  99 1 2 1 2
785  962  342 0  41 1 2 1 2
786  383  135 0  66 1 2 1 2
787   85  865 0  88 1 2 1 2
788  522  195 0  79 1 2 1 2
789  559  249 0  29 1 2 1 2
790  872  925 0  25 1 2 1 2
791  238  830 0  74 1 2 1 2
792  758  410 0  67 1 2 1 2
793  118  860 0  52 1 2 1 2
794  683  483 0  53 1 2 1 2
795  345  123 0  43 1 2 1 2
796  363  414 0  79 1 2 1 2
797  320  530 0  52 1 2 1 2
798  947  936 0  24 1 2 1 2
799  965  226 0  96 1 2 1 2
800  399  415 0  19 1 2 1 2
801  407  833 0  97 1 2 1 2
802  264  579 0  91 1 2 1 2
803  965  315 0  26 1 2 1 2
804  419  501 0  94 1 2 1 2
805  188  279 0  70 1 2 1 2
806  565  591 0   5 1 2 1 2
807  820  586 0  68 1 2 1 2
808  186  344 0  94 1 2 1 2
809  118  107 0   3 1 2 1 2
810  778   78 0  59 1 2 1 2
811   30  892 0  60 1 2 1 2
812   89  603 0  54 1 2 1 2
813  477  263 0  42 1 2 1 2
814  644  800 0  52 1 2 1 2
815  250  437 0  26 1 2 1 2
816  226  982 0  95 1 2 1 2
817  486  143 0  82 1 2 1 2
818  438  975 0   8 1 2 1 2
819  724  875 0  22 1 2 1 2
820  209  972 0  99 1 2 1 2
821  956  296 0  68 1 2 1 2
822  679  762 0  64 1 2 1 2
823  279   11 0  33 1 2 1 2
824  394  780 0  66 1 2 1 2
825  143  457 0  72 1 2 1 2
826   48  773 0  55 1 2 1 2
827  498  130 0   4 1 2 1 2
828  717  488 0  56 1 2 1 2
829  349  861 0  76 1 2 1 2
830  889  604 0  15 1 2 1 2
831  615  349 0  56 1 2 1 2
832  434  298 0   5 1 2 1 2
833  553   56 0  50 1 2 1 2
834  742  502 0   4 1 2 1 2
835  336  267 0  74 1 2 1 2
836  307   57 0  21 1 2 1 2
837  141  278 0  22 1 2 1 2
838  709  609 0   2 1 2 1 2
839  977  219 0   9 1 2 1 2
840  921  842 0  92 1 2 1 2
841  683  512 0  85 1 2 1 2
842  803  820 0  71 1 2 1 2
843  792  996 0  77 1 2 1 2
844   54  625 0  18 1 2 1 2
845  473  440 0  18 1 2 1 2
846  314  951 0  24 1 2 1 2
847  276  569 0  63 1 2 1 2
848  224  704 0  26 1 2 1 2
849  317  846 0  33 1 2 1 2
850  891  533 0  79 1 2 1 2
851  897  737 0  34 1 2 1 2
852  443  125 0  35 1 2 1 2
853  389  968 0   9 1 2 1 2
854  134  985 0  72 1 2 1 2
855  650  171 0   4 1 2 1 2
856  963  202 0   3 1 2 1 2
857  909   13 0  40 1 2 1 2
858  711  319 0  94 1 2 1 2
859  407  599 0  98 1 2 1 2
860  256  854 0  30 1 2 1 2
861  202  413 0  97 1 2 1 2
862   62  800 0   3 1 2 1 2
863  442  216 0  45 1 2 1 2
864  954  867 0  75 1 2 1 2
865  578  209 0  46 1 2 1 2
866  494  624 0  65 1 2 1 2
867  211  224 0  24 1 2 1 2
868  439  868 0  20 1 2 1 2
869  912  694 0  25 1 2 1 2
870  899  263 0  66 1 2 1 2
871  401  560 0  81 1 2 1 2
872  121  319 0  51 1 2 1 2
873  129  408 0  68 1 2 1 2
874  363  219 0  42 1 2 1 2
875  877  239 0  43 1 2 1 2
876  689  295 0  46 1 2 1 2
877   81  356 0  52 1 2 1 2
878  226  177 0  85 1 2 1 2
879  169  169 0  81 1 2 1 2
880  638  919 0  69 1 2 1 2
881  736  344 0  62 1 2 1 2
882  703  802 0  34 1 2 1 2
883  500  307 0  75 1 2 1 2
884  584  488 0  76 1 2 1 2
885  105   81 0  48 1 2 1 2
886  714  902 0  64 1 2 1 2
887  224  695 0  13 1 2 1 2
888  314  149 0  89 1 2 1 2
889  697  528 0  28 1 2 1 2
890    5  568 0   5 1 2 1 2
891  218  374 0  78 1 2 1 2
892  937  897 0  12 1 2 1 2
893  834  307 0  13 1 2 1 2
894  984  183 0  83 1 2 1 2
895  501  963 0  96 1 2 1 2
896  880  849 0   3 1 2 1 2
897  851   23 0  93 1 2 1 2
898  202  576 0  78 1 2 1 2
899  254  814 0  25 1 2 1 2
900  161   14 0  53 1 2 1 2
901  763  554 0  43 1 2 1 2
902  177   82 0  76 1 2 1 2
903  440  366 0   2 1 2 1 2
904  480  612 0  20 1 2 1 2
905  370  264 0  28 1 2 1 2
906  124  453 0  82 1 2 1 2
907  232   35 0  80 1 2 1 2
908   73  321 0  54 1 2 1 2
909  947  982 0  72 1 2 1 2
910  936  171 0  70 1 2 1 2
911  684  589 0  31 1 2 1 2
912  720  493 0  40 1 2 1 2
913  978  804 0  25 1 2 1 2
914  735  291 0  16 1 2 1 2
915  854  158 0  44 1 2 1 2
916  596   78 0  56 1 2 1 2
917  783  292 0  59 1 2 1 2
918   92  876 0  77 1 2 1 2
919  538  773 0  55 1 2 1 2
920  749   75 0  96 1 2 1 2
921  666  307 0  32 1 2 1 2
922  431  830 0  22 1 2 1 2
923  819  681 0  89 1 2 1 2
924  233   74 0  22 1 2 1 2
925   87  337 0  10 1 2 1 2
926  310  458 0  62 1 2 1 2
927  398  539 0  33 1 2 1 2
928  727  731 0  28 1 2 1 2
929  667  996 0  61 1 2 1 2
930  279  923 0   4 1 2 1 2
931  700  259 0  71 1 2 1 2
932  251  208 0  36 1 2 1 2
933  673  724 0  15 1 2 1 2
934  877  220 0  60 1 2 1 2
935  844  340 0  52 1 2 1 2
936  400  590 0  43 1 2 1 2
937  516  906 0  73 1 2 1 2
938  669  814 0  85 1 2 1 2
939  261   89 0  11 1 2 1 2
940  921  960 0  10 1 2 1 2
941   10  114 0  22 1 2 1 2
942  361  956 0  29 1 2 1 2
943  477  515 0  50 1 2 1 2
944   93  438 0 100 1 2 1 2
945  293   65 0  43 1 2 1 2
946  751  697 0  17 1 2 1 2
947  124  575 0  92 1 2 1 2
948  500  118 0  19 1 2 1 2
949   88  388 0  94 1 2 1 2
950  945  672 0  21 1 2 1 2
951  391  950 0  62 1 2 1 2
952  902   23 0  79 1 2 1 2
953  364   61 0  40 1 2 1 2
954  609  294 0   5 1 2 1 2
955  209  890 0  84 1 2 1 2
956  210  142 0  58 1 2 1 2
957  877  537 0   9 1 2 1 2
958  829  616 0   1 1 2 1 2
959  972   54 0   5 1 2 1 2
960   36  110 0  54 1 2 1 2
961  896   84 0  36 1 2 1 2
962 1000  472 0  14 1 2 1 2
963   20  828 0  25 1 2 1 2
964  669  864 0  76 1 2 1 2
965  183  791 0  57 1 2 1 2
966  371  853 0  77 1 2 1 2
967   45   78 0   7 1 2 1 2
968  383  752 0  16 1 2 1 2
969  893  600 0  36 1 2 1 2
970  409  368 0  30 1 2 1 2
971  178  100 0  91 1 2 1 2
972  502   95 0  91 1 2 1 2
973  226   26 0  33 1 2 1 2
974  886  788 0 100 1 2 1 2
975  908  932 0  19 1 2 1 2
976  656   55 0  50 1 2 1 2
977  273  465 0   8 1 2 1 2
978  733  234 0  79 1 2 1 2
979  133  518 0   3 1 2 1 2
980   52  817 0  63 1 2 1 2
981  784  231 0  53 1 2 1 2
982   43  929 0  87 1 2 1 2
983  459  367 0  49 1 2 1 2
984  823  107 0  56 1 2 1 2
985  267  354 0  12 1 2 1 2
986  915  754 0   0 0 0
987  533  786 0   0 0 0
