2 90 1000 9
0 248
0 248
0 248
0 248
0 248
0 248
0 248
0 248
0 248
   1  484  403 0  31 1 9 1 2 4 8 16 32 64 128 256
   2  360  405 0   8 1 9 1 2 4 8 16 32 64 128 256
   3   39  714 0  83 1 9 1 2 4 8 16 32 64 128 256
   4  730  504 0  46 1 9 1 2 4 8 16 32 64 128 256
   5  442  868 0  36 1 9 1 2 4 8 16 32 64 128 256
   6  265  578 0  30 1 9 1 2 4 8 16 32 64 128 256
   7  545   24 0  85 1 9 1 2 4 8 16 32 64 128 256
   8  906  658 0  43 1 9 1 2 4 8 16 32 64 128 256
   9  295  757 0  61 1 9 1 2 4 8 16 32 64 128 256
  10  998  556 0  98 1 9 1 2 4 8 16 32 64 128 256
  11  175  411 0  42 1 9 1 2 4 8 16 32 64 128 256
  12  316  538 0  24 1 9 1 2 4 8 16 32 64 128 256
  13  368  801 0  30 1 9 1 2 4 8 16 32 64 128 256
  14  457  598 0  97 1 9 1 2 4 8 16 32 64 128 256
  15  929  207 0  78 1 9 1 2 4 8 16 32 64 128 256
  16  363  416 0  86 1 9 1 2 4 8 16 32 64 128 256
  17  978  270 0  58 1 9 1 2 4 8 16 32 64 128 256
  18  731  346 0  15 1 9 1 2 4 8 16 32 64 128 256
  19  885  513 0  37 1 9 1 2 4 8 16 32 64 128 256
  20   30  144 0  40 1 9 1 2 4 8 16 32 64 128 256
  21  968  609 0  29 1 9 1 2 4 8 16 32 64 128 256
  22  495  779 0  57 1 9 1 2 4 8 16 32 64 128 256
  23   69  511 0  19 1 9 1 2 4 8 16 32 64 128 256
  24  350  859 0  35 1 9 1 2 4 8 16 32 64 128 256
  25  398  226 0  60 1 9 1 2 4 8 16 32 64 128 256
  26  636  348 0  38 1 9 1 2 4 8 16 32 64 128 256
  27   44  759 0  23 1 9 1 2 4 8 16 32 64 128 256
  28  976  917 0  26 1 9 1 2 4 8 16 32 64 128 256
  29  142  416 0   1 1 9 1 2 4 8 16 32 64 128 256
  30  323  555 0  41 1 9 1 2 4 8 16 32 64 128 256
  31  697  646 0  68 1 9 1 2 4 8 16 32 64 128 256
  32   12  107 0  83 1 9 1 2 4 8 16 32 64 128 256
  33  512   64 0  42 1 9 1 2 4 8 16 32 64 128 256
  34  677  522 0  10 1 9 1 2 4 8 16 32 64 128 256
  35  258   56 0  44 1 9 1 2 4 8 16 32 64 128 256
  36  754  125 0  53 1 9 1 2 4 8 16 32 64 128 256
  37  696  915 0   2 1 9 1 2 4 8 16 32 64 128 256
  38  385  424 0  80 1 9 1 2 4 8 16 32 64 128 256
  39  840  929 0  87 1 9 1 2 4 8 16 32 64 128 256
  40  866  236 0  94 1 9 1 2 4 8 16 32 64 128 256
  41  645  433 0  51 1 9 1 2 4 8 16 32 64 128 256
  42  470   71 0  60 1 9 1 2 4 8 16 32 64 128 256
  43  446  236 0  80 1 9 1 2 4 8 16 32 64 128 256
  44  912  210 0  53 1 9 1 2 4 8 16 32 64 128 256
  45  775   92 0  28 1 9 1 2 4 8 16 32 64 128 256
  46  295  658 0  41 1 9 1 2 4 8 16 32 64 128 256
  47  775   77 0  23 1 9 1 2 4 8 16 32 64 128 256
  48  408  838 0  70 1 9 1 2 4 8 16 32 64 128 256
  49  446  325 0  64 1 9 1 2 4 8 16 32 64 128 256
  50  360   13 0  80 1 9 1 2 4 8 16 32 64 128 256
  51  827  693 0  58 1 9 1 2 4 8 16 32 64 128 256
  52  148  755 0  34 1 9 1 2 4 8 16 32 64 128 256
  53  720  598 0  37 1 9 1 2 4 8 16 32 64 128 256
  54  192  926 0  47 1 9 1 2 4 8 16 32 64 128 256
  55   44  331 0  44 1 9 1 2 4 8 16 32 64 128 256
  56  657  564 0  26 1 9 1 2 4 8 16 32 64 128 256
  57  428  132 0  88 1 9 1 2 4 8 16 32 64 128 256
  58  480  704 0  82 1 9 1 2 4 8 16 32 64 128 256
  59  935  891 0  56 1 9 1 2 4 8 16 32 64 128 256
  60  979  812 0  57 1 9 1 2 4 8 16 32 64 128 256
  61   63  629 0  57 1 9 1 2 4 8 16 32 64 128 256
  62  349  894 0   6 1 9 1 2 4 8 16 32 64 128 256
  63  250  653 0   9 1 9 1 2 4 8 16 32 64 128 256
  64  893  782 0  51 1 9 1 2 4 8 16 32 64 128 256
  65  791  300 0  26 1 9 1 2 4 8 16 32 64 128 256
  66  551  236 0  68 1 9 1 2 4 8 16 32 64 128 256
  67  271  838 0  97 1 9 1 2 4 8 16 32 64 128 256
  68  268  110 0  87 1 9 1 2 4 8 16 32 64 128 256
  69  546  816 0  80 1 9 1 2 4 8 16 32 64 128 256
  70  504  654 0  44 1 9 1 2 4 8 16 32 64 128 256
  71  625  389 0  92 1 9 1 2 4 8 16 32 64 128 256
  72  705  567 0  28 1 9 1 2 4 8 16 32 64 128 256
  73  545  234 0  89 1 9 1 2 4 8 16 32 64 128 256
  74  559  672 0  39 1 9 1 2 4 8 16 32 64 128 256
  75   89  345 0  83 1 9 1 2 4 8 16 32 64 128 256
  76  538  784 0  80 1 9 1 2 4 8 16 32 64 128 256
  77  373  897 0  87 1 9 1 2 4 8 16 32 64 128 256
  78  184  233 0  60 1 9 1 2 4 8 16 32 64 128 256
  79  916  121 0  83 1 9 1 2 4 8 16 32 64 128 256
  80  727  347 0  79 1 9 1 2 4 8 16 32 64 128 256
  81  385  253 0  29 1 9 1 2 4 8 16 32 64 128 256
  82  445  352 0  45 1 9 1 2 4 8 16 32 64 128 256
  83  707  314 0  80 1 9 1 2 4 8 16 32 64 128 256
  84  690  611 0  21 1 9 1 2 4 8 16 32 64 128 256
  85  860  560 0  54 1 9 1 2 4 8 16 32 64 128 256
  86  733  906 0  97 1 9 1 2 4 8 16 32 64 128 256
  87  361  945 0   8 1 9 1 2 4 8 16 32 64 128 256
  88  710  988 0  72 1 9 1 2 4 8 16 32 64 128 256
  89  805  653 0   2 1 9 1 2 4 8 16 32 64 128 256
  90  160  210 0  75 1 9 1 2 4 8 16 32 64 128 256
  91  651  398 0  67 1 9 1 2 4 8 16 32 64 128 256
  92  682  171 0  44 1 9 1 2 4 8 16 32 64 128 256
  93  267  327 0  97 1 9 1 2 4 8 16 32 64 128 256
  94  679  726 0  41 1 9 1 2 4 8 16 32 64 128 256
  95   59  734 0  11 1 9 1 2 4 8 16 32 64 128 256
  96  883   33 0   5 1 9 1 2 4 8 16 32 64 128 256
  97  798  161 0  89 1 9 1 2 4 8 16 32 64 128 256
  98  153  524 0  39 1 9 1 2 4 8 16 32 64 128 256
  99   88  460 0  76 1 9 1 2 4 8 16 32 64 128 256
 100  201  154 0  91 1 9 1 2 4 8 16 32 64 128 256
 101  230  681 0  25 1 9 1 2 4 8 16 32 64 128 256
 102  177   13 0  80 1 9 1 2 4 8 16 32 64 128 256
 103  176  825 0  59 1 9 1 2 4 8 16 32 64 128 256
 104  982   97 0  56 1 9 1 2 4 8 16 32 64 128 256
 105  475  576 0  47 1 9 1 2 4 8 16 32 64 128 256
 106  733  505 0  37 1 9 1 2 4 8 16 32 64 128 256
 107  968   58 0  58 1 9 1 2 4 8 16 32 64 128 256
 108  856  930 0  61 1 9 1 2 4 8 16 32 64 128 256
 109  795  842 0  23 1 9 1 2 4 8 16 32 64 128 256
 110  320  958 0  67 1 9 1 2 4 8 16 32 64 128 256
 111  640    2 0  39 1 9 1 2 4 8 16 32 64 128 256
 112   29  413 0  97 1 9 1 2 4 8 16 32 64 128 256
 113  929   50 0   8 1 9 1 2 4 8 16 32 64 128 256
 114   78  540 0   5 1 9 1 2 4 8 16 32 64 128 256
 115  371  125 0  12 1 9 1 2 4 8 16 32 64 128 256
 116  665   67 0  87 1 9 1 2 4 8 16 32 64 128 256
 117  620    7 0  29 1 9 1 2 4 8 16 32 64 128 256
 118  228   22 0  45 1 9 1 2 4 8 16 32 64 128 256
 119  941   74 0  54 1 9 1 2 4 8 16 32 64 128 256
 120  485  552 0  82 1 9 1 2 4 8 16 32 64 128 256
 121  670  505 0  23 1 9 1 2 4 8 16 32 64 128 256
 122  691  316 0  41 1 9 1 2 4 8 16 32 64 128 256
 123  514  892 0   6 1 9 1 2 4 8 16 32 64 128 256
 124  498  390 0  17 1 9 1 2 4 8 16 32 64 128 256
 125  941  502 0  11 1 9 1 2 4 8 16 32 64 128 256
 126  507  685 0  70 1 9 1 2 4 8 16 32 64 128 256
 127  334  692 0  96 1 9 1 2 4 8 16 32 64 128 256
 128  495   72 0  34 1 9 1 2 4 8 16 32 64 128 256
 129  575  450 0  73 1 9 1 2 4 8 16 32 64 128 256
 130  114  197 0   6 1 9 1 2 4 8 16 32 64 128 256
 131  868  558 0   8 1 9 1 2 4 8 16 32 64 128 256
 132  266  855 0  48 1 9 1 2 4 8 16 32 64 128 256
 133  412  499 0  26 1 9 1 2 4 8 16 32 64 128 256
 134    4  250 0  54 1 9 1 2 4 8 16 32 64 128 256
 135   48  612 0  68 1 9 1 2 4 8 16 32 64 128 256
 136  687   18 0  12 1 9 1 2 4 8 16 32 64 128 256
 137  479  911 0  78 1 9 1 2 4 8 16 32 64 128 256
 138  105  329 0  80 1 9 1 2 4 8 16 32 64 128 256
 139  317   29 0  12 1 9 1 2 4 8 16 32 64 128 256
 140   77  453 0  46 1 9 1 2 4 8 16 32 64 128 256
 141  728  117 0  71 1 9 1 2 4 8 16 32 64 128 256
 142  732  169 0  64 1 9 1 2 4 8 16 32 64 128 256
 143  881  364 0  50 1 9 1 2 4 8 16 32 64 128 256
 144  794  601 0  21 1 9 1 2 4 8 16 32 64 128 256
 145  416  491 0  49 1 9 1 2 4 8 16 32 64 128 256
 146  475  177 0  61 1 9 1 2 4 8 16 32 64 128 256
 147  578  996 0  65 1 9 1 2 4 8 16 32 64 128 256
 148  802  856 0  48 1 9 1 2 4 8 16 32 64 128 256
 149  753  601 0  97 1 9 1 2 4 8 16 32 64 128 256
 150   91  692 0   6 1 9 1 2 4 8 16 32 64 128 256
 151  568  790 0  59 1 9 1 2 4 8 16 32 64 128 256
 152  364  972 0  86 1 9 1 2 4 8 16 32 64 128 256
 153   99  952 0  34 1 9 1 2 4 8 16 32 64 128 256
 154  670  958 0  61 1 9 1 2 4 8 16 32 64 128 256
 155  804  820 0  34 1 9 1 2 4 8 16 32 64 128 256
 156  894  755 0  12 1 9 1 2 4 8 16 32 64 128 256
 157  852   13 0  62 1 9 1 2 4 8 16 32 64 128 256
 158  840  412 0  34 1 9 1 2 4 8 16 32 64 128 256
 159  578  842 0  77 1 9 1 2 4 8 16 32 64 128 256
 160  979  735 0  94 1 9 1 2 4 8 16 32 64 128 256
 161  337  946 0  16 1 9 1 2 4 8 16 32 64 128 256
 162  527  945 0  94 1 9 1 2 4 8 16 32 64 128 256
 163  828  962 0   4 1 9 1 2 4 8 16 32 64 128 256
 164  638  218 0  85 1 9 1 2 4 8 16 32 64 128 256
 165  954  928 0  95 1 9 1 2 4 8 16 32 64 128 256
 166  891  929 0  62 1 9 1 2 4 8 16 32 64 128 256
 167    9  171 0   9 1 9 1 2 4 8 16 32 64 128 256
 168  244  443 0  28 1 9 1 2 4 8 16 32 64 128 256
 169  105  196 0 100 1 9 1 2 4 8 16 32 64 128 256
 170  604  408 0  34 1 9 1 2 4 8 16 32 64 128 256
 171  282  884 0  62 1 9 1 2 4 8 16 32 64 128 256
 172  596  316 0   1 1 9 1 2 4 8 16 32 64 128 256
 173  683  270 0  94 1 9 1 2 4 8 16 32 64 128 256
 174    0   30 0  87 1 9 1 2 4 8 16 32 64 128 256
 175  321  388 0  94 1 9 1 2 4 8 16 32 64 128 256
 176  164  692 0  35 1 9 1 2 4 8 16 32 64 128 256
 177  550  207 0  31 1 9 1 2 4 8 16 32 64 128 256
 178  332  684 0  45 1 9 1 2 4 8 16 32 64 128 256
 179  343  565 0  63 1 9 1 2 4 8 16 32 64 128 256
 180  785   21 0  32 1 9 1 2 4 8 16 32 64 128 256
 181  764  782 0  11 1 9 1 2 4 8 16 32 64 128 256
 182  621  260 0  51 1 9 1 2 4 8 16 32 64 128 256
 183  819  508 0  60 1 9 1 2 4 8 16 32 64 128 256
 184  925  285 0  90 1 9 1 2 4 8 16 32 64 128 256
 185  822  269 0   8 1 9 1 2 4 8 16 32 64 128 256
 186  806   77 0  91 1 9 1 2 4 8 16 32 64 128 256
 187  819  704 0  43 1 9 1 2 4 8 16 32 64 128 256
 188  758  758 0  95 1 9 1 2 4 8 16 32 64 128 256
 189  897  212 0  51 1 9 1 2 4 8 16 32 64 128 256
 190  987  229 0  48 1 9 1 2 4 8 16 32 64 128 256
 191  931   35 0  90 1 9 1 2 4 8 16 32 64 128 256
 192  594  861 0   8 1 9 1 2 4 8 16 32 64 128 256
 193  773  659 0  30 1 9 1 2 4 8 16 32 64 128 256
 194  818  708 0  20 1 9 1 2 4 8 16 32 64 128 256
 195  585   74 0  31 1 9 1 2 4 8 16 32 64 128 256
 196  184   97 0  28 1 9 1 2 4 8 16 32 64 128 256
 197  159  622 0  52 1 9 1 2 4 8 16 32 64 128 256
 198  296  851 0  12 1 9 1 2 4 8 16 32 64 128 256
 199  316  165 0  31 1 9 1 2 4 8 16 32 64 128 256
 200  199  532 0  29 1 9 1 2 4 8 16 32 64 128 256
 201  512  244 0  67 1 9 1 2 4 8 16 32 64 128 256
 202  161   27 0  37 1 9 1 2 4 8 16 32 64 128 256
 203  176  456 0  60 1 9 1 2 4 8 16 32 64 128 256
 204  806  110 0  58 1 9 1 2 4 8 16 32 64 128 256
 205  159  198 0  84 1 9 1 2 4 8 16 32 64 128 256
 206  409  377 0  49 1 9 1 2 4 8 16 32 64 128 256
 207  503   91 0  45 1 9 1 2 4 8 16 32 64 128 256
 208  241  893 0  74 1 9 1 2 4 8 16 32 64 128 256
 209  505  252 0  81 1 9 1 2 4 8 16 32 64 128 256
 210  780  100 0  44 1 9 1 2 4 8 16 32 64 128 256
 211  636  784 0   4 1 9 1 2 4 8 16 32 64 128 256
 212  663  326 0  76 1 9 1 2 4 8 16 32 64 128 256
 213  141  467 0   1 1 9 1 2 4 8 16 32 64 128 256
 214  410  271 0  55 1 9 1 2 4 8 16 32 64 128 256
 215  878  444 0  17 1 9 1 2 4 8 16 32 64 128 256
 216  408  204 0  85 1 9 1 2 4 8 16 32 64 128 256
 217  529  230 0  67 1 9 1 2 4 8 16 32 64 128 256
 218   19  918 0  32 1 9 1 2 4 8 16 32 64 128 256
 219  919  302 0  53 1 9 1 2 4 8 16 32 64 128 256
 220  430  273 0  22 1 9 1 2 4 8 16 32 64 128 256
 221  981  449 0  81 1 9 1 2 4 8 16 32 64 128 256
 222  310   41 0  46 1 9 1 2 4 8 16 32 64 128 256
 223  245  479 0  50 1 9 1 2 4 8 16 32 64 128 256
 224  784  498 0  45 1 9 1 2 4 8 16 32 64 128 256
 225  304  432 0  80 1 9 1 2 4 8 16 32 64 128 256
 226  862  312 0  56 1 9 1 2 4 8 16 32 64 128 256
 227  850   58 0  11 1 9 1 2 4 8 16 32 64 128 256
 228  342  541 0  72 1 9 1 2 4 8 16 32 64 128 256
 229  924  370 0  57 1 9 1 2 4 8 16 32 64 128 256
 230  169  293 0  56 1 9 1 2 4 8 16 32 64 128 256
 231  772   88 0  57 1 9 1 2 4 8 16 32 64 128 256
 232  212   18 0  42 1 9 1 2 4 8 16 32 64 128 256
 233  918  127 0  31 1 9 1 2 4 8 16 32 64 128 256
 234  302  724 0  14 1 9 1 2 4 8 16 32 64 128 256
 235  951  506 0  98 1 9 1 2 4 8 16 32 64 128 256
 236  606  839 0   9 1 9 1 2 4 8 16 32 64 128 256
 237  406  924 0  33 1 9 1 2 4 8 16 32 64 128 256
 238  301  131 0  69 1 9 1 2 4 8 16 32 64 128 256
 239  710  729 0  24 1 9 1 2 4 8 16 32 64 128 256
 240  223  211 0  15 1 9 1 2 4 8 16 32 64 128 256
 241  186  814 0  64 1 9 1 2 4 8 16 32 64 128 256
 242  437  116 0  24 1 9 1 2 4 8 16 32 64 128 256
 243  812  184 0  47 1 9 1 2 4 8 16 32 64 128 256
 244  174   98 0  72 1 9 1 2 4 8 16 32 64 128 256
 245  711  567 0  34 1 9 1 2 4 8 16 32 64 128 256
 246  262  427 0  95 1 9 1 2 4 8 16 32 64 128 256
 247  757  543 0  75 1 9 1 2 4 8 16 32 64 128 256
 248  217   52 0  34 1 9 1 2 4 8 16 32 64 128 256
 249  382  668 0  63 1 9 1 2 4 8 16 32 64 128 256
 250  692  185 0  65 1 9 1 2 4 8 16 32 64 128 256
 251  593  464 0  57 1 9 1 2 4 8 16 32 64 128 256
 252  321  219 0  76 1 9 1 2 4 8 16 32 64 128 256
 253  555  959 0   2 1 9 1 2 4 8 16 32 64 128 256
 254  954  130 0  83 1 9 1 2 4 8 16 32 64 128 256
 255  628  469 0  28 1 9 1 2 4 8 16 32 64 128 256
 256  701  202 0  67 1 9 1 2 4 8 16 32 64 128 256
 257  349  191 0  89 1 9 1 2 4 8 16 32 64 128 256
 258   62  176 0  88 1 9 1 2 4 8 16 32 64 128 256
 259  302  154 0  41 1 9 1 2 4 8 16 32 64 128 256
 260  448  599 0  32 1 9 1 2 4 8 16 32 64 128 256
 261  362  994 0  97 1 9 1 2 4 8 16 32 64 128 256
 262  290  284 0  23 1 9 1 2 4 8 16 32 64 128 256
 263  684   53 0  48 1 9 1 2 4 8 16 32 64 128 256
 264  590  611 0   4 1 9 1 2 4 8 16 32 64 128 256
 265  592   73 0  61 1 9 1 2 4 8 16 32 64 128 256
 266  634  290 0  44 1 9 1 2 4 8 16 32 64 128 256
 267   22  743 0  88 1 9 1 2 4 8 16 32 64 128 256
 268  917  169 0  52 1 9 1 2 4 8 16 32 64 128 256
 269  393  703 0  41 1 9 1 2 4 8 16 32 64 128 256
 270  808  807 0  96 1 9 1 2 4 8 16 32 64 128 256
 271  938  611 0  34 1 9 1 2 4 8 16 32 64 128 256
 272  298  566 0  43 1 9 1 2 4 8 16 32 64 128 256
 273  319  115 0  53 1 9 1 2 4 8 16 32 64 128 256
 274  139  805 0  66 1 9 1 2 4 8 16 32 64 128 256
 275  873  903 0  61 1 9 1 2 4 8 16 32 64 128 256
 276  426    9 0  24 1 9 1 2 4 8 16 32 64 128 256
 277  586  804 0  78 1 9 1 2 4 8 16 32 64 128 256
 278  165  445 0  14 1 9 1 2 4 8 16 32 64 128 256
 279  284  576 0  30 1 9 1 2 4 8 16 32 64 128 256
 280  585  814 0   1 1 9 1 2 4 8 16 32 64 128 256
 281  523  320 0  81 1 9 1 2 4 8 16 32 64 128 256
 282  771  765 0  11 1 9 1 2 4 8 16 32 64 128 256
 283  996  466 0  36 1 9 1 2 4 8 16 32 64 128 256
 284  355   53 0   3 1 9 1 2 4 8 16 32 64 128 256
 285  994  659 0  27 1 9 1 2 4 8 16 32 64 128 256
 286  303  520 0  95 1 9 1 2 4 8 16 32 64 128 256
 287 1000  450 0  49 1 9 1 2 4 8 16 32 64 128 256
 288  488  366 0  27 1 9 1 2 4 8 16 32 64 128 256
 289   12  822 0  88 1 9 1 2 4 8 16 32 64 128 256
 290  877  136 0 100 1 9 1 2 4 8 16 32 64 128 256
 291  168  808 0  16 1 9 1 2 4 8 16 32 64 128 256
 292  231  714 0  82 1 9 1 2 4 8 16 32 64 128 256
 293  599  437 0  48 1 9 1 2 4 8 16 32 64 128 256
 294  906  332 0  36 1 9 1 2 4 8 16 32 64 128 256
 295  500  904 0  16 1 9 1 2 4 8 16 32 64 128 256
 296  326  421 0  93 1 9 1 2 4 8 16 32 64 128 256
 297  825  492 0  68 1 9 1 2 4 8 16 32 64 128 256
 298  351  631 0  10 1 9 1 2 4 8 16 32 64 128 256
 299  135  699 0  63 1 9 1 2 4 8 16 32 64 128 256
 300  290   68 0  80 1 9 1 2 4 8 16 32 64 128 256
 301  979  979 0  52 1 9 1 2 4 8 16 32 64 128 256
 302  229  176 0  40 1 9 1 2 4 8 16 32 64 128 256
 303  453   67 0  46 1 9 1 2 4 8 16 32 64 128 256
 304  941  198 0  92 1 9 1 2 4 8 16 32 64 128 256
 305  124  270 0   4 1 9 1 2 4 8 16 32 64 128 256
 306  929  346 0  39 1 9 1 2 4 8 16 32 64 128 256
 307  499  995 0  17 1 9 1 2 4 8 16 32 64 128 256
 308  412  638 0  21 1 9 1 2 4 8 16 32 64 128 256
 309  281  844 0  82 1 9 1 2 4 8 16 32 64 128 256
 310  344  367 0  11 1 9 1 2 4 8 16 32 64 128 256
 311  310  213 0  57 1 9 1 2 4 8 16 32 64 128 256
 312  960    6 0  22 1 9 1 2 4 8 16 32 64 128 256
 313  353  710 0  46 1 9 1 2 4 8 16 32 64 128 256
 314  641  786 0  36 1 9 1 2 4 8 16 32 64 128 256
 315  716  726 0  54 1 9 1 2 4 8 16 32 64 128 256
 316  647  680 0  88 1 9 1 2 4 8 16 32 64 128 256
 317  762  850 0  75 1 9 1 2 4 8 16 32 64 128 256
 318  185  708 0  33 1 9 1 2 4 8 16 32 64 128 256
 319  423  742 0  83 1 9 1 2 4 8 16 32 64 128 256
 320  165  357 0  58 1 9 1 2 4 8 16 32 64 128 256
 321  566  281 0  37 1 9 1 2 4 8 16 32 64 128 256
 322  387  497 0  37 1 9 1 2 4 8 16 32 64 128 256
 323  707   22 0  74 1 9 1 2 4 8 16 32 64 128 256
 324  911  486 0  82 1 9 1 2 4 8 16 32 64 128 256
 325  501  354 0  71 1 9 1 2 4 8 16 32 64 128 256
 326  706  629 0  87 1 9 1 2 4 8 16 32 64 128 256
 327  990  629 0  41 1 9 1 2 4 8 16 32 64 128 256
 328  558    2 0  12 1 9 1 2 4 8 16 32 64 128 256
 329  269  710 0  38 1 9 1 2 4 8 16 32 64 128 256
 330  396  599 0  34 1 9 1 2 4 8 16 32 64 128 256
 331  283  553 0   7 1 9 1 2 4 8 16 32 64 128 256
 332  436  651 0  45 1 9 1 2 4 8 16 32 64 128 256
 333  633  720 0  33 1 9 1 2 4 8 16 32 64 128 256
 334  545  322 0  79 1 9 1 2 4 8 16 32 64 128 256
 335  281  735 0  18 1 9 1 2 4 8 16 32 64 128 256
 336  729  937 0  40 1 9 1 2 4 8 16 32 64 128 256
 337  331   35 0  57 1 9 1 2 4 8 16 32 64 128 256
 338   65  758 0  79 1 9 1 2 4 8 16 32 64 128 256
 339  106  685 0  26 1 9 1 2 4 8 16 32 64 128 256
 340  590  890 0  21 1 9 1 2 4 8 16 32 64 128 256
 341  789  504 0   8 1 9 1 2 4 8 16 32 64 128 256
 342  193  784 0  38 1 9 1 2 4 8 16 32 64 128 256
 343  868  676 0  13 1 9 1 2 4 8 16 32 64 128 256
 344  211  417 0  79 1 9 1 2 4 8 16 32 64 128 256
 345  943  658 0  66 1 9 1 2 4 8 16 32 64 128 256
 346   93  711 0   7 1 9 1 2 4 8 16 32 64 128 256
 347  642  393 0  10 1 9 1 2 4 8 16 32 64 128 256
 348  101  949 0  96 1 9 1 2 4 8 16 32 64 128 256
 349  658  887 0  68 1 9 1 2 4 8 16 32 64 128 256
 350  599  270 0  56 1 9 1 2 4 8 16 32 64 128 256
 351  702  708 0 100 1 9 1 2 4 8 16 32 64 128 256
 352  420  852 0  27 1 9 1 2 4 8 16 32 64 128 256
 353  536  903 0   6 1 9 1 2 4 8 16 32 64 128 256
 354  724   27 0  45 1 9 1 2 4 8 16 32 64 128 256
 355   63  776 0  89 1 9 1 2 4 8 16 32 64 128 256
 356  873  898 0  89 1 9 1 2 4 8 16 32 64 128 256
 357  491  199 0  36 1 9 1 2 4 8 16 32 64 128 256
 358  115  116 0  86 1 9 1 2 4 8 16 32 64 128 256
 359  531  268 0  90 1 9 1 2 4 8 16 32 64 128 256
 360  826  594 0  93 1 9 1 2 4 8 16 32 64 128 256
 361  333  880 0  93 1 9 1 2 4 8 16 32 64 128 256
 362  554  527 0  24 1 9 1 2 4 8 16 32 64 128 256
 363  173  734 0  46 1 9 1 2 4 8 16 32 64 128 256
 364  857  862 0  30 1 9 1 2 4 8 16 32 64 128 256
 365  274  730 0  63 1 9 1 2 4 8 16 32 64 128 256
 366  318  773 0  68 1 9 1 2 4 8 16 32 64 128 256
 367  247  621 0  26 1 9 1 2 4 8 16 32 64 128 256
 368  116  677 0  27 1 9 1 2 4 8 16 32 64 128 256
 369  862  122 0  76 1 9 1 2 4 8 16 32 64 128 256
 370  703   74 0  53 1 9 1 2 4 8 16 32 64 128 256
 371    1  251 0  25 1 9 1 2 4 8 16 32 64 128 256
 372  942  157 0  36 1 9 1 2 4 8 16 32 64 128 256
 373  820  501 0  63 1 9 1 2 4 8 16 32 64 128 256
 374  414  918 0  29 1 9 1 2 4 8 16 32 64 128 256
 375  950  348 0  45 1 9 1 2 4 8 16 32 64 128 256
 376  475  234 0  43 1 9 1 2 4 8 16 32 64 128 256
 377  460  637 0  77 1 9 1 2 4 8 16 32 64 128 256
 378  924  609 0   7 1 9 1 2 4 8 16 32 64 128 256
 379  407  542 0   2 1 9 1 2 4 8 16 32 64 128 256
 380   59  972 0  52 1 9 1 2 4 8 16 32 64 128 256
 381  614  654 0  44 1 9 1 2 4 8 16 32 64 128 256
 382  840  470 0  76 1 9 1 2 4 8 16 32 64 128 256
 383  993  257 0  36 1 9 1 2 4 8 16 32 64 128 256
 384  993  342 0   4 1 9 1 2 4 8 16 32 64 128 256
 385  605  382 0  77 1 9 1 2 4 8 16 32 64 128 256
 386  309  640 0  68 1 9 1 2 4 8 16 32 64 128 256
 387  172  520 0  23 1 9 1 2 4 8 16 32 64 128 256
 388    0  857 0  86 1 9 1 2 4 8 16 32 64 128 256
 389  652  374 0  16 1 9 1 2 4 8 16 32 64 128 256
 390  463  559 0  75 1 9 1 2 4 8 16 32 64 128 256
 391  341  283 0  43 1 9 1 2 4 8 16 32 64 128 256
 392  158  191 0   7 1 9 1 2 4 8 16 32 64 128 256
 393  874  266 0  24 1 9 1 2 4 8 16 32 64 128 256
 394  436  703 0  89 1 9 1 2 4 8 16 32 64 128 256
 395  678  967 0  94 1 9 1 2 4 8 16 32 64 128 256
 396  542  973 0   6 1 9 1 2 4 8 16 32 64 128 256
 397  858   21 0   4 1 9 1 2 4 8 16 32 64 128 256
 398  600  920 0  95 1 9 1 2 4 8 16 32 64 128 256
 399  870  404 0  84 1 9 1 2 4 8 16 32 64 128 256
 400  660  306 0  19 1 9 1 2 4 8 16 32 64 128 256
 401  883  488 0  18 1 9 1 2 4 8 16 32 64 128 256
 402  830  684 0  46 1 9 1 2 4 8 16 32 64 128 256
 403  661  577 0  76 1 9 1 2 4 8 16 32 64 128 256
 404  405  927 0  94 1 9 1 2 4 8 16 32 64 128 256
 405  458  546 0  49 1 9 1 2 4 8 16 32 64 128 256
 406  452  138 0  81 1 9 1 2 4 8 16 32 64 128 256
 407  130  520 0  61 1 9 1 2 4 8 16 32 64 128 256
 408  654   93 0  40 1 9 1 2 4 8 16 32 64 128 256
 409  752  710 0  28 1 9 1 2 4 8 16 32 64 128 256
 410  269  668 0  91 1 9 1 2 4 8 16 32 64 128 256
 411  687  779 0  11 1 9 1 2 4 8 16 32 64 128 256
 412  701  169 0  46 1 9 1 2 4 8 16 32 64 128 256
 413   79  709 0  88 1 9 1 2 4 8 16 32 64 128 256
 414  169  934 0  47 1 9 1 2 4 8 16 32 64 128 256
 415  963  951 0  45 1 9 1 2 4 8 16 32 64 128 256
 416  573   57 0  83 1 9 1 2 4 8 16 32 64 128 256
 417  193  214 0  87 1 9 1 2 4 8 16 32 64 128 256
 418  859  679 0  38 1 9 1 2 4 8 16 32 64 128 256
 419  412   74 0  46 1 9 1 2 4 8 16 32 64 128 256
 420   64  185 0  32 1 9 1 2 4 8 16 32 64 128 256
 421  639  751 0  87 1 9 1 2 4 8 16 32 64 128 256
 422  265  547 0  24 1 9 1 2 4 8 16 32 64 128 256
 423  413  392 0  79 1 9 1 2 4 8 16 32 64 128 256
 424  236  619 0  27 1 9 1 2 4 8 16 32 64 128 256
 425  369  900 0  58 1 9 1 2 4 8 16 32 64 128 256
 426  231  856 0  53 1 9 1 2 4 8 16 32 64 128 256
 427  398  710 0  55 1 9 1 2 4 8 16 32 64 128 256
 428  206  844 0  52 1 9 1 2 4 8 16 32 64 128 256
 429  579  596 0  59 1 9 1 2 4 8 16 32 64 128 256
 430  624   89 0  51 1 9 1 2 4 8 16 32 64 128 256
 431  147  842 0  34 1 9 1 2 4 8 16 32 64 128 256
 432   46  545 0  80 1 9 1 2 4 8 16 32 64 128 256
 433  209  790 0  58 1 9 1 2 4 8 16 32 64 128 256
 434  572  912 0  48 1 9 1 2 4 8 16 32 64 128 256
 435  484  639 0  10 1 9 1 2 4 8 16 32 64 128 256
 436  480  849 0   6 1 9 1 2 4 8 16 32 64 128 256
 437  407  791 0  61 1 9 1 2 4 8 16 32 64 128 256
 438  854  181 0  88 1 9 1 2 4 8 16 32 64 128 256
 439  992  775 0   8 1 9 1 2 4 8 16 32 64 128 256
 440  276  632 0  86 1 9 1 2 4 8 16 32 64 128 256
 441  168  960 0  64 1 9 1 2 4 8 16 32 64 128 256
 442  374  491 0  25 1 9 1 2 4 8 16 32 64 128 256
 443  645  257 0  17 1 9 1 2 4 8 16 32 64 128 256
 444  856  838 0   7 1 9 1 2 4 8 16 32 64 128 256
 445  155  132 0  75 1 9 1 2 4 8 16 32 64 128 256
 446  916  590 0  67 1 9 1 2 4 8 16 32 64 128 256
 447  898  383 0  62 1 9 1 2 4 8 16 32 64 128 256
 448  161  319 0  21 1 9 1 2 4 8 16 32 64 128 256
 449  829  514 0  20 1 9 1 2 4 8 16 32 64 128 256
 450  774  734 0  96 1 9 1 2 4 8 16 32 64 128 256
 451  494  302 0  36 1 9 1 2 4 8 16 32 64 128 256
 452  961  361 0  97 1 9 1 2 4 8 16 32 64 128 256
 453  376  205 0  74 1 9 1 2 4 8 16 32 64 128 256
 454  754  629 0  65 1 9 1 2 4 8 16 32 64 128 256
 455  775  982 0  84 1 9 1 2 4 8 16 32 64 128 256
 456  256  182 0  96 1 9 1 2 4 8 16 32 64 128 256
 457  135  188 0  27 1 9 1 2 4 8 16 32 64 128 256
 458  341  378 0   8 1 9 1 2 4 8 16 32 64 128 256
 459  228  979 0  33 1 9 1 2 4 8 16 32 64 128 256
 460  218  781 0  98 1 9 1 2 4 8 16 32 64 128 256
 461  438  309 0  16 1 9 1 2 4 8 16 32 64 128 256
 462  866  600 0  97 1 9 1 2 4 8 16 32 64 128 256
 463  716  318 0  84 1 9 1 2 4 8 16 32 64 128 256
 464  980  989 0  60 1 9 1 2 4 8 16 32 64 128 256
 465  699  717 0  14 1 9 1 2 4 8 16 32 64 128 256
 466  604  289 0  87 1 9 1 2 4 8 16 32 64 128 256
 467  343  254 0  58 1 9 1 2 4 8 16 32 64 128 256
 468  220   91 0  59 1 9 1 2 4 8 16 32 64 128 256
 469  435  411 0  67 1 9 1 2 4 8 16 32 64 128 256
 470  265   83 0   5 1 9 1 2 4 8 16 32 64 128 256
 471  743   13 0  39 1 9 1 2 4 8 16 32 64 128 256
 472  625  144 0  88 1 9 1 2 4 8 16 32 64 128 256
 473  440   52 0  86 1 9 1 2 4 8 16 32 64 128 256
 474  458  378 0  39 1 9 1 2 4 8 16 32 64 128 256
 475  705  623 0  84 1 9 1 2 4 8 16 32 64 128 256
 476  532  354 0  91 1 9 1 2 4 8 16 32 64 128 256
 477  969  203 0  35 1 9 1 2 4 8 16 32 64 128 256
 478  780  973 0  49 1 9 1 2 4 8 16 32 64 128 256
 479  849  202 0  50 1 9 1 2 4 8 16 32 64 128 256
 480  802  720 0  43 1 9 1 2 4 8 16 32 64 128 256
 481  769  551 0  29 1 9 1 2 4 8 16 32 64 128 256
 482  415  183 0  55 1 9 1 2 4 8 16 32 64 128 256
 483  190  444 0  72 1 9 1 2 4 8 16 32 64 128 256
 484  124  226 0  19 1 9 1 2 4 8 16 32 64 128 256
 485  458  116 0  16 1 9 1 2 4 8 16 32 64 128 256
 486  736  347 0  87 1 9 1 2 4 8 16 32 64 128 256
 487  435  594 0  12 1 9 1 2 4 8 16 32 64 128 256
 488   77  841 0   4 1 9 1 2 4 8 16 32 64 128 256
 489  534  157 0  80 1 9 1 2 4 8 16 32 64 128 256
 490   66  957 0  99 1 9 1 2 4 8 16 32 64 128 256
 491  230  136 0  90 1 9 1 2 4 8 16 32 64 128 256
 492  470  553 0  45 1 9 1 2 4 8 16 32 64 128 256
 493   27  137 0  38 1 9 1 2 4 8 16 32 64 128 256
 494  301  969 0  66 1 9 1 2 4 8 16 32 64 128 256
 495  355  897 0  99 1 9 1 2 4 8 16 32 64 128 256
 496  624  370 0   2 1 9 1 2 4 8 16 32 64 128 256
 497  479  708 0  63 1 9 1 2 4 8 16 32 64 128 256
 498  941   16 0  63 1 9 1 2 4 8 16 32 64 128 256
 499  167  984 0  59 1 9 1 2 4 8 16 32 64 128 256
 500  687  539 0  54 1 9 1 2 4 8 16 32 64 128 256
 501  404  920 0   1 1 9 1 2 4 8 16 32 64 128 256
 502   51  334 0  17 1 9 1 2 4 8 16 32 64 128 256
 503  951  795 0  37 1 9 1 2 4 8 16 32 64 128 256
 504  958  996 0  86 1 9 1 2 4 8 16 32 64 128 256
 505  797  566 0  38 1 9 1 2 4 8 16 32 64 128 256
 506  682  206 0  91 1 9 1 2 4 8 16 32 64 128 256
 507  118  509 0  36 1 9 1 2 4 8 16 32 64 128 256
 508  529  561 0  68 1 9 1 2 4 8 16 32 64 128 256
 509  236  763 0  99 1 9 1 2 4 8 16 32 64 128 256
 510  889   55 0  95 1 9 1 2 4 8 16 32 64 128 256
 511  370  768 0  53 1 9 1 2 4 8 16 32 64 128 256
 512  831  203 0  64 1 9 1 2 4 8 16 32 64 128 256
 513  358  367 0  46 1 9 1 2 4 8 16 32 64 128 256
 514  938  973 0  81 1 9 1 2 4 8 16 32 64 128 256
 515  138  447 0  25 1 9 1 2 4 8 16 32 64 128 256
 516  179  794 0  95 1 9 1 2 4 8 16 32 64 128 256
 517  327   43 0  18 1 9 1 2 4 8 16 32 64 128 256
 518  261  862 0  59 1 9 1 2 4 8 16 32 64 128 256
 519  984  983 0  46 1 9 1 2 4 8 16 32 64 128 256
 520  813   73 0  79 1 9 1 2 4 8 16 32 64 128 256
 521  445  640 0  44 1 9 1 2 4 8 16 32 64 128 256
 522  371  520 0  49 1 9 1 2 4 8 16 32 64 128 256
 523  989  185 0  59 1 9 1 2 4 8 16 32 64 128 256
 524  979  301 0  94 1 9 1 2 4 8 16 32 64 128 256
 525  798  591 0  79 1 9 1 2 4 8 16 32 64 128 256
 526  758  230 0  29 1 9 1 2 4 8 16 32 64 128 256
 527  682   82 0  63 1 9 1 2 4 8 16 32 64 128 256
 528    9  870 0  44 1 9 1 2 4 8 16 32 64 128 256
 529  666  481 0   4 1 9 1 2 4 8 16 32 64 128 256
 530  798  590 0  11 1 9 1 2 4 8 16 32 64 128 256
 531  587  325 0   2 1 9 1 2 4 8 16 32 64 128 256
 532  325  558 0  42 1 9 1 2 4 8 16 32 64 128 256
 533  691  703 0  12 1 9 1 2 4 8 16 32 64 128 256
 534  505  729 0  15 1 9 1 2 4 8 16 32 64 128 256
 535   38  914 0  84 1 9 1 2 4 8 16 32 64 128 256
 536   54  414 0  26 1 9 1 2 4 8 16 32 64 128 256
 537  283  825 0  76 1 9 1 2 4 8 16 32 64 128 256
 538  707  463 0  14 1 9 1 2 4 8 16 32 64 128 256
 539   59  557 0  62 1 9 1 2 4 8 16 32 64 128 256
 540   71  443 0  59 1 9 1 2 4 8 16 32 64 128 256
 541  713  487 0  16 1 9 1 2 4 8 16 32 64 128 256
 542  639   70 0  92 1 9 1 2 4 8 16 32 64 128 256
 543  256   99 0  31 1 9 1 2 4 8 16 32 64 128 256
 544  551  887 0  61 1 9 1 2 4 8 16 32 64 128 256
 545  694  238 0  19 1 9 1 2 4 8 16 32 64 128 256
 546  988   24 0  42 1 9 1 2 4 8 16 32 64 128 256
 547  733  270 0  85 1 9 1 2 4 8 16 32 64 128 256
 548  406  696 0  39 1 9 1 2 4 8 16 32 64 128 256
 549  494  401 0  74 1 9 1 2 4 8 16 32 64 128 256
 550   60  955 0  55 1 9 1 2 4 8 16 32 64 128 256
 551  279  286 0  16 1 9 1 2 4 8 16 32 64 128 256
 552  502  733 0   5 1 9 1 2 4 8 16 32 64 128 256
 553  683  245 0  44 1 9 1 2 4 8 16 32 64 128 256
 554  187  950 0   3 1 9 1 2 4 8 16 32 64 128 256
 555  725   92 0  48 1 9 1 2 4 8 16 32 64 128 256
 556  299   22 0  12 1 9 1 2 4 8 16 32 64 128 256
 557  101  875 0  96 1 9 1 2 4 8 16 32 64 128 256
 558  516  218 0  84 1 9 1 2 4 8 16 32 64 128 256
 559  924  808 0  88 1 9 1 2 4 8 16 32 64 128 256
 560  489  845 0   6 1 9 1 2 4 8 16 32 64 128 256
 561  921  741 0  93 1 9 1 2 4 8 16 32 64 128 256
 562  786   87 0  71 1 9 1 2 4 8 16 32 64 128 256
 563  746  401 0  58 1 9 1 2 4 8 16 32 64 128 256
 564  175  790 0  82 1 9 1 2 4 8 16 32 64 128 256
 565  334  209 0  29 1 9 1 2 4 8 16 32 64 128 256
 566  390  237 0  58 1 9 1 2 4 8 16 32 64 128 256
 567  432  859 0  13 1 9 1 2 4 8 16 32 64 128 256
 568  604  823 0  73 1 9 1 2 4 8 16 32 64 128 256
 569  807  701 0  85 1 9 1 2 4 8 16 32 64 128 256
 570  648  880 0  39 1 9 1 2 4 8 16 32 64 128 256
 571  468    7 0  90 1 9 1 2 4 8 16 32 64 128 256
 572    5  244 0   4 1 9 1 2 4 8 16 32 64 128 256
 573  247  951 0  61 1 9 1 2 4 8 16 32 64 128 256
 574   52  775 0  72 1 9 1 2 4 8 16 32 64 128 256
 575   88  469 0  77 1 9 1 2 4 8 16 32 64 128 256
 576  848  930 0  51 1 9 1 2 4 8 16 32 64 128 256
 577  154  177 0  40 1 9 1 2 4 8 16 32 64 128 256
 578   98   76 0  48 1 9 1 2 4 8 16 32 64 128 256
 579  275  542 0  66 1 9 1 2 4 8 16 32 64 128 256
 580  370  679 0  79 1 9 1 2 4 8 16 32 64 128 256
 581  410  849 0  56 1 9 1 2 4 8 16 32 64 128 256
 582  877  812 0  53 1 9 1 2 4 8 16 32 64 128 256
 583  385  748 0  98 1 9 1 2 4 8 16 32 64 128 256
 584  955  173 0  50 1 9 1 2 4 8 16 32 64 128 256
 585  304  857 0  53 1 9 1 2 4 8 16 32 64 128 256
 586  480  174 0  77 1 9 1 2 4 8 16 32 64 128 256
 587   68  160 0  56 1 9 1 2 4 8 16 32 64 128 256
 588    7  526 0  28 1 9 1 2 4 8 16 32 64 128 256
 589  576  290 0  67 1 9 1 2 4 8 16 32 64 128 256
 590  637  143 0  66 1 9 1 2 4 8 16 32 64 128 256
 591  867   65 0  64 1 9 1 2 4 8 16 32 64 128 256
 592   34  823 0  61 1 9 1 2 4 8 16 32 64 128 256
 593  933  139 0  36 1 9 1 2 4 8 16 32 64 128 256
 594  304  549 0  17 1 9 1 2 4 8 16 32 64 128 256
 595  597  985 0  10 1 9 1 2 4 8 16 32 64 128 256
 596  608  731 0  10 1 9 1 2 4 8 16 32 64 128 256
 597  707  694 0  83 1 9 1 2 4 8 16 32 64 128 256
 598  399  269 0  97 1 9 1 2 4 8 16 32 64 128 256
 599  584  260 0  98 1 9 1 2 4 8 16 32 64 128 256
 600  913  117 0   9 1 9 1 2 4 8 16 32 64 128 256
 601  111  910 0   2 1 9 1 2 4 8 16 32 64 128 256
 602  544  988 0  29 1 9 1 2 4 8 16 32 64 128 256
 603  337  501 0  24 1 9 1 2 4 8 16 32 64 128 256
 604  679  944 0  36 1 9 1 2 4 8 16 32 64 128 256
 605  705  583 0  52 1 9 1 2 4 8 16 32 64 128 256
 606  319  343 0  33 1 9 1 2 4 8 16 32 64 128 256
 607   65  878 0  44 1 9 1 2 4 8 16 32 64 128 256
 608  703  924 0   7 1 9 1 2 4 8 16 32 64 128 256
 609  174  337 0   8 1 9 1 2 4 8 16 32 64 128 256
 610  375  751 0  62 1 9 1 2 4 8 16 32 64 128 256
 611  284   18 0  32 1 9 1 2 4 8 16 32 64 128 256
 612  740  315 0   2 1 9 1 2 4 8 16 32 64 128 256
 613  980  356 0  16 1 9 1 2 4 8 16 32 64 128 256
 614  493  521 0  59 1 9 1 2 4 8 16 32 64 128 256
 615  206  784 0  45 1 9 1 2 4 8 16 32 64 128 256
 616  116  320 0  60 1 9 1 2 4 8 16 32 64 128 256
 617  654  327 0  62 1 9 1 2 4 8 16 32 64 128 256
 618  113  949 0  47 1 9 1 2 4 8 16 32 64 128 256
 619  730   78 0  76 1 9 1 2 4 8 16 32 64 128 256
 620   13   73 0  11 1 9 1 2 4 8 16 32 64 128 256
 621   31  583 0  13 1 9 1 2 4 8 16 32 64 128 256
 622  732  963 0  66 1 9 1 2 4 8 16 32 64 128 256
 623  779  389 0  63 1 9 1 2 4 8 16 32 64 128 256
 624  452  251 0  61 1 9 1 2 4 8 16 32 64 128 256
 625  874  516 0  76 1 9 1 2 4 8 16 32 64 128 256
 626  727  501 0  84 1 9 1 2 4 8 16 32 64 128 256
 627  794  813 0   7 1 9 1 2 4 8 16 32 64 128 256
 628   64  780 0  87 1 9 1 2 4 8 16 32 64 128 256
 629  412  773 0  53 1 9 1 2 4 8 16 32 64 128 256
 630  846  240 0 100 1 9 1 2 4 8 16 32 64 128 256
 631  451  447 0  97 1 9 1 2 4 8 16 32 64 128 256
 632  570  244 0  33 1 9 1 2 4 8 16 32 64 128 256
 633  494  761 0  96 1 9 1 2 4 8 16 32 64 128 256
 634  734  453 0  95 1 9 1 2 4 8 16 32 64 128 256
 635  636  150 0  35 1 9 1 2 4 8 16 32 64 128 256
 636  813    5 0  65 1 9 1 2 4 8 16 32 64 128 256
 637  463  758 0  19 1 9 1 2 4 8 16 32 64 128 256
 638  227  662 0  61 1 9 1 2 4 8 16 32 64 128 256
 639  135  612 0   3 1 9 1 2 4 8 16 32 64 128 256
 640  238  114 0  75 1 9 1 2 4 8 16 32 64 128 256
 641  765  159 0  83 1 9 1 2 4 8 16 32 64 128 256
 642  460  773 0  71 1 9 1 2 4 8 16 32 64 128 256
 643    2  243 0   2 1 9 1 2 4 8 16 32 64 128 256
 644  576  155 0  24 1 9 1 2 4 8 16 32 64 128 256
 645  566  416 0   1 1 9 1 2 4 8 16 32 64 128 256
 646  646  980 0  93 1 9 1 2 4 8 16 32 64 128 256
 647  106  216 0  95 1 9 1 2 4 8 16 32 64 128 256
 648  820  485 0  15 1 9 1 2 4 8 16 32 64 128 256
 649  964  378 0  69 1 9 1 2 4 8 16 32 64 128 256
 650  691  269 0  37 1 9 1 2 4 8 16 32 64 128 256
 651  258  877 0  44 1 9 1 2 4 8 16 32 64 128 256
 652  817  541 0   1 1 9 1 2 4 8 16 32 64 128 256
 653   68  205 0  21 1 9 1 2 4 8 16 32 64 128 256
 654  161  326 0  25 1 9 1 2 4 8 16 32 64 128 256
 655  945  199 0  47 1 9 1 2 4 8 16 32 64 128 256
 656  469  315 0  57 1 9 1 2 4 8 16 32 64 128 256
 657   43  274 0  23 1 9 1 2 4 8 16 32 64 128 256
 658   11  845 0   6 1 9 1 2 4 8 16 32 64 128 256
 659  194   80 0  92 1 9 1 2 4 8 16 32 64 128 256
 660  390  664 0  96 1 9 1 2 4 8 16 32 64 128 256
 661  663  970 0  36 1 9 1 2 4 8 16 32 64 128 256
 662  361  544 0  39 1 9 1 2 4 8 16 32 64 128 256
 663  267  872 0  57 1 9 1 2 4 8 16 32 64 128 256
 664  203  517 0  75 1 9 1 2 4 8 16 32 64 128 256
 665  310  681 0  95 1 9 1 2 4 8 16 32 64 128 256
 666  199  877 0  53 1 9 1 2 4 8 16 32 64 128 256
 667  224    2 0  27 1 9 1 2 4 8 16 32 64 128 256
 668  666  219 0  82 1 9 1 2 4 8 16 32 64 128 256
 669  295  489 0  66 1 9 1 2 4 8 16 32 64 128 256
 670  596  730 0  97 1 9 1 2 4 8 16 32 64 128 256
 671   88  884 0  73 1 9 1 2 4 8 16 32 64 128 256
 672  309  747 0  78 1 9 1 2 4 8 16 32 64 128 256
 673  197  226 0  71 1 9 1 2 4 8 16 32 64 128 256
 674  296   69 0  16 1 9 1 2 4 8 16 32 64 128 256
 675  119  472 0  99 1 9 1 2 4 8 16 32 64 128 256
 676  840  787 0  64 1 9 1 2 4 8 16 32 64 128 256
 677  307   75 0  37 1 9 1 2 4 8 16 32 64 128 256
 678   15  889 0  38 1 9 1 2 4 8 16 32 64 128 256
 679  452  312 0  16 1 9 1 2 4 8 16 32 64 128 256
 680  899  617 0  44 1 9 1 2 4 8 16 32 64 128 256
 681  168  421 0  42 1 9 1 2 4 8 16 32 64 128 256
 682   92  271 0  76 1 9 1 2 4 8 16 32 64 128 256
 683  531  341 0   5 1 9 1 2 4 8 16 32 64 128 256
 684  385  470 0  73 1 9 1 2 4 8 16 32 64 128 256
 685  415  212 0  36 1 9 1 2 4 8 16 32 64 128 256
 686  223  552 0  28 1 9 1 2 4 8 16 32 64 128 256
 687  181  407 0  16 1 9 1 2 4 8 16 32 64 128 256
 688  460  360 0  46 1 9 1 2 4 8 16 32 64 128 256
 689  262  758 0  97 1 9 1 2 4 8 16 32 64 128 256
 690  400  314 0  16 1 9 1 2 4 8 16 32 64 128 256
 691  705  338 0  14 1 9 1 2 4 8 16 32 64 128 256
 692  394  791 0  90 1 9 1 2 4 8 16 32 64 128 256
 693  526  551 0  36 1 9 1 2 4 8 16 32 64 128 256
 694  327  501 0   6 1 9 1 2 4 8 16 32 64 128 256
 695  961  116 0  12 1 9 1 2 4 8 16 32 64 128 256
 696  416  623 0  43 1 9 1 2 4 8 16 32 64 128 256
 697  933  396 0  37 1 9 1 2 4 8 16 32 64 128 256
 698  138  180 0  26 1 9 1 2 4 8 16 32 64 128 256
 699  524  709 0  67 1 9 1 2 4 8 16 32 64 128 256
 700  102  739 0  54 1 9 1 2 4 8 16 32 64 128 256
 701  726   47 0  79 1 9 1 2 4 8 16 32 64 128 256
 702   90  802 0  48 1 9 1 2 4 8 16 32 64 128 256
 703  718  309 0  98 1 9 1 2 4 8 16 32 64 128 256
 704  316   52 0  79 1 9 1 2 4 8 16 32 64 128 256
 705  596  641 0  71 1 9 1 2 4 8 16 32 64 128 256
 706  926  722 0 100 1 9 1 2 4 8 16 32 64 128 256
 707  279 1000 0  12 1 9 1 2 4 8 16 32 64 128 256
 708  851   61 0   6 1 9 1 2 4 8 16 32 64 128 256
 709  794  398 0  17 1 9 1 2 4 8 16 32 64 128 256
 710  618  167 0  78 1 9 1 2 4 8 16 32 64 128 256
 711  799  428 0   3 1 9 1 2 4 8 16 32 64 128 256
 712  531   27 0  95 1 9 1 2 4 8 16 32 64 128 256
 713  331  774 0  78 1 9 1 2 4 8 16 32 64 128 256
 714  294  309 0   9 1 9 1 2 4 8 16 32 64 128 256
 715  540  866 0  29 1 9 1 2 4 8 16 32 64 128 256
 716  881  850 0  87 1 9 1 2 4 8 16 32 64 128 256
 717  249  587 0  73 1 9 1 2 4 8 16 32 64 128 256
 718  209    9 0  41 1 9 1 2 4 8 16 32 64 128 256
 719  452  301 0  92 1 9 1 2 4 8 16 32 64 128 256
 720  824  146 0   9 1 9 1 2 4 8 16 32 64 128 256
 721  578  692 0  76 1 9 1 2 4 8 16 32 64 128 256
 722  892  886 0  34 1 9 1 2 4 8 16 32 64 128 256
 723  741  356 0  61 1 9 1 2 4 8 16 32 64 128 256
 724  539  163 0  90 1 9 1 2 4 8 16 32 64 128 256
 725  850  766 0  88 1 9 1 2 4 8 16 32 64 128 256
 726  569  326 0  48 1 9 1 2 4 8 16 32 64 128 256
 727  362  543 0  68 1 9 1 2 4 8 16 32 64 128 256
 728  467  183 0  61 1 9 1 2 4 8 16 32 64 128 256
 729  661  838 0  84 1 9 1 2 4 8 16 32 64 128 256
 730  832   48 0  42 1 9 1 2 4 8 16 32 64 128 256
 731  824  476 0  10 1 9 1 2 4 8 16 32 64 128 256
 732  250  339 0  64 1 9 1 2 4 8 16 32 64 128 256
 733   18  114 0  68 1 9 1 2 4 8 16 32 64 128 256
 734  552  169 0  32 1 9 1 2 4 8 16 32 64 128 256
 735   16  821 0  70 1 9 1 2 4 8 16 32 64 128 256
 736  905  626 0  55 1 9 1 2 4 8 16 32 64 128 256
 737  576   96 0  57 1 9 1 2 4 8 16 32 64 128 256
 738  712  775 0  89 1 9 1 2 4 8 16 32 64 128 256
 739  659  295 0  95 1 9 1 2 4 8 16 32 64 128 256
 740  662  291 0  37 1 9 1 2 4 8 16 32 64 128 256
 741  757  730 0  85 1 9 1 2 4 8 16 32 64 128 256
 742  553  259 0  80 1 9 1 2 4 8 16 32 64 128 256
 743  894  366 0  58 1 9 1 2 4 8 16 32 64 128 256
 744   62  953 0  39 1 9 1 2 4 8 16 32 64 128 256
 745  364   40 0  12 1 9 1 2 4 8 16 32 64 128 256
 746  724  135 0   1 1 9 1 2 4 8 16 32 64 128 256
 747  804  100 0   2 1 9 1 2 4 8 16 32 64 128 256
 748  615  450 0   1 1 9 1 2 4 8 16 32 64 128 256
 749  119  954 0  86 1 9 1 2 4 8 16 32 64 128 256
 750  542  883 0  78 1 9 1 2 4 8 16 32 64 128 256
 751   33  205 0  22 1 9 1 2 4 8 16 32 64 128 256
 752  302  377 0  17 1 9 1 2 4 8 16 32 64 128 256
 753  893  583 0  37 1 9 1 2 4 8 16 32 64 128 256
 754  381  801 0  32 1 9 1 2 4 8 16 32 64 128 256
 755  281  142 0   6 1 9 1 2 4 8 16 32 64 128 256
 756  310  610 0  22 1 9 1 2 4 8 16 32 64 128 256
 757  559  740 0  49 1 9 1 2 4 8 16 32 64 128 256
 758  585  698 0  21 1 9 1 2 4 8 16 32 64 128 256
 759  549  579 0  54 1 9 1 2 4 8 16 32 64 128 256
 760  182  864 0  84 1 9 1 2 4 8 16 32 64 128 256
 761  731  965 0  52 1 9 1 2 4 8 16 32 64 128 256
 762  253  381 0  26 1 9 1 2 4 8 16 32 64 128 256
 763  154  901 0  17 1 9 1 2 4 8 16 32 64 128 256
 764  694  704 0  40 1 9 1 2 4 8 16 32 64 128 256
 765  497  777 0  72 1 9 1 2 4 8 16 32 64 128 256
 766  374  445 0  60 1 9 1 2 4 8 16 32 64 128 256
 767  947  295 0  32 1 9 1 2 4 8 16 32 64 128 256
 768  971  708 0  10 1 9 1 2 4 8 16 32 64 128 256
 769  777  229 0  54 1 9 1 2 4 8 16 32 64 128 256
 770  452  390 0  87 1 9 1 2 4 8 16 32 64 128 256
 771  411  844 0  91 1 9 1 2 4 8 16 32 64 128 256
 772  979  257 0  42 1 9 1 2 4 8 16 32 64 128 256
 773  998  551 0  19 1 9 1 2 4 8 16 32 64 128 256
 774  386  886 0  40 1 9 1 2 4 8 16 32 64 128 256
 775  418  912 0  30 1 9 1 2 4 8 16 32 64 128 256
 776  143  763 0   2 1 9 1 2 4 8 16 32 64 128 256
 777  928  124 0  26 1 9 1 2 4 8 16 32 64 128 256
 778  624  799 0  19 1 9 1 2 4 8 16 32 64 128 256
 779  143  500 0  95 1 9 1 2 4 8 16 32 64 128 256
 780  749   99 0  15 1 9 1 2 4 8 16 32 64 128 256
 781  390  100 0  88 1 9 1 2 4 8 16 32 64 128 256
 782  397  185 0  15 1 9 1 2 4 8 16 32 64 128 256
 783   70  562 0   6 1 9 1 2 4 8 16 32 64 128 256
 784  524  485 0   4 1 9 1 2 4 8 16 32 64 128 256
 785  123  894 0  91 1 9 1 2 4 8 16 32 64 128 256
 786  158  684 0  38 1 9 1 2 4 8 16 32 64 128 256
 787  501  706 0  91 1 9 1 2 4 8 16 32 64 128 256
 788  315  484 0  42 1 9 1 2 4 8 16 32 64 128 256
 789    8  403 0  87 1 9 1 2 4 8 16 32 64 128 256
 790  725  310 0  57 1 9 1 2 4 8 16 32 64 128 256
 791  776  931 0   6 1 9 1 2 4 8 16 32 64 128 256
 792  107  633 0  83 1 9 1 2 4 8 16 32 64 128 256
 793  817   22 0  21 1 9 1 2 4 8 16 32 64 128 256
 794  768  238 0  42 1 9 1 2 4 8 16 32 64 128 256
 795  339  838 0  33 1 9 1 2 4 8 16 32 64 128 256
 796  240  740 0  38 1 9 1 2 4 8 16 32 64 128 256
 797  295  840 0  39 1 9 1 2 4 8 16 32 64 128 256
 798  185  161 0  75 1 9 1 2 4 8 16 32 64 128 256
 799  924  967 0  69 1 9 1 2 4 8 16 32 64 128 256
 800  961  253 0  38 1 9 1 2 4 8 16 32 64 128 256
 801  499  816 0  45 1 9 1 2 4 8 16 32 64 128 256
 802  885  242 0  66 1 9 1 2 4 8 16 32 64 128 256
 803  873   83 0  19 1 9 1 2 4 8 16 32 64 128 256
 804   89  303 0  17 1 9 1 2 4 8 16 32 64 128 256
 805  287  197 0  48 1 9 1 2 4 8 16 32 64 128 256
 806  905  463 0  71 1 9 1 2 4 8 16 32 64 128 256
 807  799  404 0   8 1 9 1 2 4 8 16 32 64 128 256
 808  736  221 0  79 1 9 1 2 4 8 16 32 64 128 256
 809  870  650 0  20 1 9 1 2 4 8 16 32 64 128 256
 810  310  857 0  46 1 9 1 2 4 8 16 32 64 128 256
 811   78  107 0  55 1 9 1 2 4 8 16 32 64 128 256
 812   13  247 0  11 1 9 1 2 4 8 16 32 64 128 256
 813  631  472 0  71 1 9 1 2 4 8 16 32 64 128 256
 814  416  867 0  24 1 9 1 2 4 8 16 32 64 128 256
 815  169  536 0  20 1 9 1 2 4 8 16 32 64 128 256
 816  489  459 0   2 1 9 1 2 4 8 16 32 64 128 256
 817  514  693 0  98 1 9 1 2 4 8 16 32 64 128 256
 818  635  223 0  89 1 9 1 2 4 8 16 32 64 128 256
 819  745  460 0  56 1 9 1 2 4 8 16 32 64 128 256
 820  506  158 0  34 1 9 1 2 4 8 16 32 64 128 256
 821  609   74 0  40 1 9 1 2 4 8 16 32 64 128 256
 822  831  225 0  47 1 9 1 2 4 8 16 32 64 128 256
 823  922  155 0  19 1 9 1 2 4 8 16 32 64 128 256
 824  580  746 0  97 1 9 1 2 4 8 16 32 64 128 256
 825   94  760 0  70 1 9 1 2 4 8 16 32 64 128 256
 826  694  528 0  92 1 9 1 2 4 8 16 32 64 128 256
 827  632  341 0  69 1 9 1 2 4 8 16 32 64 128 256
 828  686  148 0  15 1 9 1 2 4 8 16 32 64 128 256
 829  442  510 0  67 1 9 1 2 4 8 16 32 64 128 256
 830  179  199 0  44 1 9 1 2 4 8 16 32 64 128 256
 831  637  383 0  30 1 9 1 2 4 8 16 32 64 128 256
 832  161  915 0  41 1 9 1 2 4 8 16 32 64 128 256
 833  865  900 0  10 1 9 1 2 4 8 16 32 64 128 256
 834  390  343 0   1 1 9 1 2 4 8 16 32 64 128 256
 835  878  151 0  22 1 9 1 2 4 8 16 32 64 128 256
 836  591  912 0  95 1 9 1 2 4 8 16 32 64 128 256
 837  453  712 0  26 1 9 1 2 4 8 16 32 64 128 256
 838   40  123 0  44 1 9 1 2 4 8 16 32 64 128 256
 839   65  360 0  46 1 9 1 2 4 8 16 32 64 128 256
 840  514  353 0  52 1 9 1 2 4 8 16 32 64 128 256
 841  102   74 0  71 1 9 1 2 4 8 16 32 64 128 256
 842  666  283 0  85 1 9 1 2 4 8 16 32 64 128 256
 843  866  328 0  79 1 9 1 2 4 8 16 32 64 128 256
 844  852   95 0  53 1 9 1 2 4 8 16 32 64 128 256
 845  400   76 0  81 1 9 1 2 4 8 16 32 64 128 256
 846  286  978 0  37 1 9 1 2 4 8 16 32 64 128 256
 847  150  557 0  58 1 9 1 2 4 8 16 32 64 128 256
 848   87  696 0  75 1 9 1 2 4 8 16 32 64 128 256
 849  254  331 0  81 1 9 1 2 4 8 16 32 64 128 256
 850  311   68 0   3 1 9 1 2 4 8 16 32 64 128 256
 851  232  311 0  33 1 9 1 2 4 8 16 32 64 128 256
 852   51  335 0  36 1 9 1 2 4 8 16 32 64 128 256
 853  732  466 0  42 1 9 1 2 4 8 16 32 64 128 256
 854  822  417 0  79 1 9 1 2 4 8 16 32 64 128 256
 855  574  254 0  49 1 9 1 2 4 8 16 32 64 128 256
 856  495  858 0  53 1 9 1 2 4 8 16 32 64 128 256
 857  822  876 0  97 1 9 1 2 4 8 16 32 64 128 256
 858  178  859 0  67 1 9 1 2 4 8 16 32 64 128 256
 859  273  899 0  80 1 9 1 2 4 8 16 32 64 128 256
 860  944  253 0  76 1 9 1 2 4 8 16 32 64 128 256
 861  264  946 0  67 1 9 1 2 4 8 16 32 64 128 256
 862  311  960 0  94 1 9 1 2 4 8 16 32 64 128 256
 863  907  798 0  93 1 9 1 2 4 8 16 32 64 128 256
 864  639  966 0  73 1 9 1 2 4 8 16 32 64 128 256
 865  894  670 0  11 1 9 1 2 4 8 16 32 64 128 256
 866  450  704 0  33 1 9 1 2 4 8 16 32 64 128 256
 867  197  737 0  25 1 9 1 2 4 8 16 32 64 128 256
 868  943  523 0   2 1 9 1 2 4 8 16 32 64 128 256
 869  419  234 0  94 1 9 1 2 4 8 16 32 64 128 256
 870  609  228 0  68 1 9 1 2 4 8 16 32 64 128 256
 871  736  656 0  77 1 9 1 2 4 8 16 32 64 128 256
 872   17  653 0  12 1 9 1 2 4 8 16 32 64 128 256
 873  892  192 0  67 1 9 1 2 4 8 16 32 64 128 256
 874   55  873 0  92 1 9 1 2 4 8 16 32 64 128 256
 875  235  262 0  96 1 9 1 2 4 8 16 32 64 128 256
 876  497  386 0  74 1 9 1 2 4 8 16 32 64 128 256
 877   57  310 0  31 1 9 1 2 4 8 16 32 64 128 256
 878  171  629 0  50 1 9 1 2 4 8 16 32 64 128 256
 879  102  345 0  19 1 9 1 2 4 8 16 32 64 128 256
 880  444  168 0  52 1 9 1 2 4 8 16 32 64 128 256
 881  251  197 0  41 1 9 1 2 4 8 16 32 64 128 256
 882  842  901 0  26 1 9 1 2 4 8 16 32 64 128 256
 883  483  916 0   1 1 9 1 2 4 8 16 32 64 128 256
 884  794  279 0  92 1 9 1 2 4 8 16 32 64 128 256
 885  587  141 0  70 1 9 1 2 4 8 16 32 64 128 256
 886  556  972 0  11 1 9 1 2 4 8 16 32 64 128 256
 887  675  894 0  65 1 9 1 2 4 8 16 32 64 128 256
 888  559  212 0  62 1 9 1 2 4 8 16 32 64 128 256
 889  416  471 0  21 1 9 1 2 4 8 16 32 64 128 256
 890  112  749 0  76 1 9 1 2 4 8 16 32 64 128 256
 891  539  674 0  75 1 9 1 2 4 8 16 32 64 128 256
 892  843  502 0  32 1 9 1 2 4 8 16 32 64 128 256
 893  136  710 0   2 1 9 1 2 4 8 16 32 64 128 256
 894  324   59 0  40 1 9 1 2 4 8 16 32 64 128 256
 895  235  445 0  27 1 9 1 2 4 8 16 32 64 128 256
 896  200  986 0  92 1 9 1 2 4 8 16 32 64 128 256
 897   40  918 0 100 1 9 1 2 4 8 16 32 64 128 256
 898  610  775 0  67 1 9 1 2 4 8 16 32 64 128 256
 899   64  172 0   4 1 9 1 2 4 8 16 32 64 128 256
 900  600  419 0  93 1 9 1 2 4 8 16 32 64 128 256
 901  358  903 0  69 1 9 1 2 4 8 16 32 64 128 256
 902  712  349 0  64 1 9 1 2 4 8 16 32 64 128 256
 903  766  177 0  41 1 9 1 2 4 8 16 32 64 128 256
 904  338  484 0  75 1 9 1 2 4 8 16 32 64 128 256
 905  685  936 0  52 1 9 1 2 4 8 16 32 64 128 256
 906  678   99 0  81 1 9 1 2 4 8 16 32 64 128 256
 907  503  550 0  18 1 9 1 2 4 8 16 32 64 128 256
 908   20  590 0  17 1 9 1 2 4 8 16 32 64 128 256
 909   54  392 0  28 1 9 1 2 4 8 16 32 64 128 256
 910  554  180 0  41 1 9 1 2 4 8 16 32 64 128 256
 911  673  304 0  94 1 9 1 2 4 8 16 32 64 128 256
 912  482  180 0  87 1 9 1 2 4 8 16 32 64 128 256
 913  675  266 0  94 1 9 1 2 4 8 16 32 64 128 256
 914  178   85 0  67 1 9 1 2 4 8 16 32 64 128 256
 915  204  347 0  28 1 9 1 2 4 8 16 32 64 128 256
 916  128  641 0   8 1 9 1 2 4 8 16 32 64 128 256
 917  227  848 0  26 1 9 1 2 4 8 16 32 64 128 256
 918  787  184 0  78 1 9 1 2 4 8 16 32 64 128 256
 919  132  719 0  41 1 9 1 2 4 8 16 32 64 128 256
 920  644  686 0  27 1 9 1 2 4 8 16 32 64 128 256
 921  587  727 0   9 1 9 1 2 4 8 16 32 64 128 256
 922  769  344 0  88 1 9 1 2 4 8 16 32 64 128 256
 923  705  112 0  61 1 9 1 2 4 8 16 32 64 128 256
 924  845  750 0  68 1 9 1 2 4 8 16 32 64 128 256
 925  155  104 0  48 1 9 1 2 4 8 16 32 64 128 256
 926  517  290 0  42 1 9 1 2 4 8 16 32 64 128 256
 927  929  102 0  94 1 9 1 2 4 8 16 32 64 128 256
 928  964  681 0  92 1 9 1 2 4 8 16 32 64 128 256
 929  626  894 0  98 1 9 1 2 4 8 16 32 64 128 256
 930  480  592 0  58 1 9 1 2 4 8 16 32 64 128 256
 931  331  532 0  61 1 9 1 2 4 8 16 32 64 128 256
 932  761  516 0  61 1 9 1 2 4 8 16 32 64 128 256
 933  730  152 0  56 1 9 1 2 4 8 16 32 64 128 256
 934  520  477 0  94 1 9 1 2 4 8 16 32 64 128 256
 935  534  240 0  35 1 9 1 2 4 8 16 32 64 128 256
 936  801   70 0  13 1 9 1 2 4 8 16 32 64 128 256
 937  190  588 0  68 1 9 1 2 4 8 16 32 64 128 256
 938  237  408 0  82 1 9 1 2 4 8 16 32 64 128 256
 939  873  999 0  43 1 9 1 2 4 8 16 32 64 128 256
 940  474  943 0   1 1 9 1 2 4 8 16 32 64 128 256
 941  179  322 0  56 1 9 1 2 4 8 16 32 64 128 256
 942  669  571 0  47 1 9 1 2 4 8 16 32 64 128 256
 943  961  560 0  70 1 9 1 2 4 8 16 32 64 128 256
 944  281   19 0  58 1 9 1 2 4 8 16 32 64 128 256
 945  168  481 0  41 1 9 1 2 4 8 16 32 64 128 256
 946  752  853 0  85 1 9 1 2 4 8 16 32 64 128 256
 947  445  166 0  11 1 9 1 2 4 8 16 32 64 128 256
 948  639  724 0  56 1 9 1 2 4 8 16 32 64 128 256
 949  279  378 0  86 1 9 1 2 4 8 16 32 64 128 256
 950  855  123 0  89 1 9 1 2 4 8 16 32 64 128 256
 951  650  478 0  63 1 9 1 2 4 8 16 32 64 128 256
 952  837  115 0  63 1 9 1 2 4 8 16 32 64 128 256
 953  573  695 0  41 1 9 1 2 4 8 16 32 64 128 256
 954  254  642 0  97 1 9 1 2 4 8 16 32 64 128 256
 955  356   84 0  23 1 9 1 2 4 8 16 32 64 128 256
 956  233    0 0  68 1 9 1 2 4 8 16 32 64 128 256
 957  347  882 0  25 1 9 1 2 4 8 16 32 64 128 256
 958   28  499 0   4 1 9 1 2 4 8 16 32 64 128 256
 959  644  459 0   8 1 9 1 2 4 8 16 32 64 128 256
 960   92  832 0  53 1 9 1 2 4 8 16 32 64 128 256
 961  211  270 0  80 1 9 1 2 4 8 16 32 64 128 256
 962  838  710 0   8 1 9 1 2 4 8 16 32 64 128 256
 963  310  577 0  28 1 9 1 2 4 8 16 32 64 128 256
 964  502  219 0  73 1 9 1 2 4 8 16 32 64 128 256
 965  129  380 0  10 1 9 1 2 4 8 16 32 64 128 256
 966  726   30 0  33 1 9 1 2 4 8 16 32 64 128 256
 967  226  590 0  25 1 9 1 2 4 8 16 32 64 128 256
 968  124  310 0  13 1 9 1 2 4 8 16 32 64 128 256
 969  223  651 0  96 1 9 1 2 4 8 16 32 64 128 256
 970  206  910 0  24 1 9 1 2 4 8 16 32 64 128 256
 971  930  227 0   1 1 9 1 2 4 8 16 32 64 128 256
 972  299  540 0  87 1 9 1 2 4 8 16 32 64 128 256
 973  226  316 0  63 1 9 1 2 4 8 16 32 64 128 256
 974  829  418 0  67 1 9 1 2 4 8 16 32 64 128 256
 975  364  376 0  46 1 9 1 2 4 8 16 32 64 128 256
 976  830   26 0  64 1 9 1 2 4 8 16 32 64 128 256
 977  372  512 0  36 1 9 1 2 4 8 16 32 64 128 256
 978  849  133 0  22 1 9 1 2 4 8 16 32 64 128 256
 979  844  423 0  66 1 9 1 2 4 8 16 32 64 128 256
 980  264  673 0  32 1 9 1 2 4 8 16 32 64 128 256
 981  581   15 0  62 1 9 1 2 4 8 16 32 64 128 256
 982  401  109 0   2 1 9 1 2 4 8 16 32 64 128 256
 983  149  635 0  17 1 9 1 2 4 8 16 32 64 128 256
 984  574   80 0  39 1 9 1 2 4 8 16 32 64 128 256
 985  523  234 0  74 1 9 1 2 4 8 16 32 64 128 256
 986  172  608 0  70 1 9 1 2 4 8 16 32 64 128 256
 987  880  519 0  38 1 9 1 2 4 8 16 32 64 128 256
 988  206  863 0  11 1 9 1 2 4 8 16 32 64 128 256
 989  274  686 0  75 1 9 1 2 4 8 16 32 64 128 256
 990  949  711 0  98 1 9 1 2 4 8 16 32 64 128 256
 991  128  368 0  71 1 9 1 2 4 8 16 32 64 128 256
 992  951  503 0  25 1 9 1 2 4 8 16 32 64 128 256
 993  294  690 0  64 1 9 1 2 4 8 16 32 64 128 256
 994  509  459 0  13 1 9 1 2 4 8 16 32 64 128 256
 995   65  134 0  69 1 9 1 2 4 8 16 32 64 128 256
 996  186  693 0  40 1 9 1 2 4 8 16 32 64 128 256
 997  234  928 0  28 1 9 1 2 4 8 16 32 64 128 256
 998  406  438 0  15 1 9 1 2 4 8 16 32 64 128 256
 999  720  157 0  85 1 9 1 2 4 8 16 32 64 128 256
1000  595  390 0   1 1 9 1 2 4 8 16 32 64 128 256
1001  992  298 0   0 0 0
1002   42  428 0   0 0 0
1003  201  641 0   0 0 0
1004  280  845 0   0 0 0
1005  714  264 0   0 0 0
1006  418  745 0   0 0 0
1007  182  814 0   0 0 0
1008  971  778 0   0 0 0
1009  709  794 0   0 0 0
