2 373 1012 3
0 241
0 241
0 241
   1  789   53 0  76 1 3 1 2 4
   2  241  183 0  68 1 3 1 2 4
   3  329  146 0  92 1 3 1 2 4
   4  328  320 0  12 1 3 1 2 4
   5  656  112 0  42 1 3 1 2 4
   6  257  879 0  77 1 3 1 2 4
   7  866  958 0  33 1 3 1 2 4
   8  907  698 0  72 1 3 1 2 4
   9  620  808 0  45 1 3 1 2 4
  10  985  201 0  32 1 3 1 2 4
  11  910  560 0  67 1 3 1 2 4
  12  555  827 0  81 1 3 1 2 4
  13  373  321 0  55 1 3 1 2 4
  14  102  601 0  26 1 3 1 2 4
  15  199   74 0  14 1 3 1 2 4
  16  397  987 0  79 1 3 1 2 4
  17  927  908 0  99 1 3 1 2 4
  18  994  538 0  27 1 3 1 2 4
  19  538  959 0  17 1 3 1 2 4
  20  420   13 0  82 1 3 1 2 4
  21  666  761 0  34 1 3 1 2 4
  22  443  209 0  32 1 3 1 2 4
  23  751  987 0  10 1 3 1 2 4
  24  293  651 0  11 1 3 1 2 4
  25  597  969 0  89 1 3 1 2 4
  26  146  912 0  78 1 3 1 2 4
  27  961  875 0   3 1 3 1 2 4
  28  848  611 0  41 1 3 1 2 4
  29  274  470 0  34 1 3 1 2 4
  30   91  791 0  85 1 3 1 2 4
  31  307  934 0  33 1 3 1 2 4
  32  718  969 0  64 1 3 1 2 4
  33  577  329 0   1 1 3 1 2 4
  34  177  512 0  89 1 3 1 2 4
  35  468  148 0  77 1 3 1 2 4
  36  176  319 0  84 1 3 1 2 4
  37  865  848 0  25 1 3 1 2 4
  38  833  360 0  10 1 3 1 2 4
  39  151   76 0  54 1 3 1 2 4
  40  372  894 0  82 1 3 1 2 4
  41  719  487 0  70 1 3 1 2 4
  42  932   38 0  61 1 3 1 2 4
  43  617  786 0  27 1 3 1 2 4
  44  759  892 0   6 1 3 1 2 4
  45  279   70 0  71 1 3 1 2 4
  46  195  205 0  51 1 3 1 2 4
  47  752  847 0  63 1 3 1 2 4
  48  206  442 0  84 1 3 1 2 4
  49   21  887 0  70 1 3 1 2 4
  50  995  698 0  96 1 3 1 2 4
  51  814   62 0   9 1 3 1 2 4
  52   34  527 0  83 1 3 1 2 4
  53  500  777 0  95 1 3 1 2 4
  54  632  493 0  80 1 3 1 2 4
  55  920  586 0   3 1 3 1 2 4
  56  358  935 0  67 1 3 1 2 4
  57  117  816 0  34 1 3 1 2 4
  58  670  259 0  38 1 3 1 2 4
  59  734  455 0  49 1 3 1 2 4
  60  958   53 0  92 1 3 1 2 4
  61  564  780 0  32 1 3 1 2 4
  62   82  812 0  19 1 3 1 2 4
  63   11  844 0  30 1 3 1 2 4
  64  555  905 0  20 1 3 1 2 4
  65  617   38 0  16 1 3 1 2 4
  66  331  311 0  48 1 3 1 2 4
  67  922  684 0  21 1 3 1 2 4
  68  663  339 0  29 1 3 1 2 4
  69  721  685 0  27 1 3 1 2 4
  70  479  400 0  61 1 3 1 2 4
  71   72  479 0   9 1 3 1 2 4
  72  509  432 0  83 1 3 1 2 4
  73  319  792 0  32 1 3 1 2 4
  74  229  593 0   4 1 3 1 2 4
  75  693   22 0 100 1 3 1 2 4
  76  311  574 0  99 1 3 1 2 4
  77  104  977 0  33 1 3 1 2 4
  78  742  368 0  72 1 3 1 2 4
  79  176  961 0  63 1 3 1 2 4
  80  139  575 0  36 1 3 1 2 4
  81  629  559 0  88 1 3 1 2 4
  82  289  750 0  75 1 3 1 2 4
  83   42  324 0   4 1 3 1 2 4
  84  631   46 0  91 1 3 1 2 4
  85  192  169 0  36 1 3 1 2 4
  86  448   17 0  58 1 3 1 2 4
  87   93  396 0  19 1 3 1 2 4
  88    5  788 0  80 1 3 1 2 4
  89  275  576 0  49 1 3 1 2 4
  90  855  737 0  59 1 3 1 2 4
  91  449  989 0  77 1 3 1 2 4
  92  690  342 0   7 1 3 1 2 4
  93  592  652 0  11 1 3 1 2 4
  94  127  685 0  58 1 3 1 2 4
  95    8  596 0  15 1 3 1 2 4
  96   38  494 0  90 1 3 1 2 4
  97  477  942 0  29 1 3 1 2 4
  98  879  799 0  80 1 3 1 2 4
  99  587  851 0  83 1 3 1 2 4
 100  656  500 0  15 1 3 1 2 4
 101  878  421 0   3 1 3 1 2 4
 102  697  204 0  61 1 3 1 2 4
 103  344  884 0   9 1 3 1 2 4
 104  872  903 0  44 1 3 1 2 4
 105  608  227 0  78 1 3 1 2 4
 106  694  845 0  80 1 3 1 2 4
 107  304  443 0  94 1 3 1 2 4
 108  161  407 0  36 1 3 1 2 4
 109  582  537 0  87 1 3 1 2 4
 110  229   43 0  87 1 3 1 2 4
 111   77  631 0  80 1 3 1 2 4
 112  579  538 0  13 1 3 1 2 4
 113  973  691 0  32 1 3 1 2 4
 114  678  618 0   7 1 3 1 2 4
 115  608  582 0 100 1 3 1 2 4
 116  999  845 0  55 1 3 1 2 4
 117  125  844 0  49 1 3 1 2 4
 118  156  356 0  19 1 3 1 2 4
 119  951  632 0   8 1 3 1 2 4
 120  164  335 0  90 1 3 1 2 4
 121  590  892 0   2 1 3 1 2 4
 122  227  767 0  90 1 3 1 2 4
 123  378  279 0  31 1 3 1 2 4
 124  481   76 0  44 1 3 1 2 4
 125  431  141 0  75 1 3 1 2 4
 126  231    7 0  56 1 3 1 2 4
 127   83  339 0  80 1 3 1 2 4
 128  574  171 0  33 1 3 1 2 4
 129  563  815 0  32 1 3 1 2 4
 130  625  762 0  26 1 3 1 2 4
 131  663  128 0  73 1 3 1 2 4
 132  742  864 0  71 1 3 1 2 4
 133  156   86 0  91 1 3 1 2 4
 134  241   81 0  23 1 3 1 2 4
 135  606  711 0  35 1 3 1 2 4
 136  945   28 0  84 1 3 1 2 4
 137  665  680 0  13 1 3 1 2 4
 138  326  334 0  39 1 3 1 2 4
 139  462  953 0 100 1 3 1 2 4
 140  340  503 0  14 1 3 1 2 4
 141  221   53 0   3 1 3 1 2 4
 142  234  310 0  59 1 3 1 2 4
 143  769  943 0  20 1 3 1 2 4
 144  862  720 0  36 1 3 1 2 4
 145  139  722 0  38 1 3 1 2 4
 146  701  290 0  33 1 3 1 2 4
 147  510  501 0   3 1 3 1 2 4
 148  673  874 0  38 1 3 1 2 4
 149  279  849 0  95 1 3 1 2 4
 150  120  705 0   9 1 3 1 2 4
 151  832  211 0  36 1 3 1 2 4
 152  557  545 0  97 1 3 1 2 4
 153   72  148 0   3 1 3 1 2 4
 154  686  365 0  13 1 3 1 2 4
 155  561  708 0  13 1 3 1 2 4
 156  556   45 0  26 1 3 1 2 4
 157  531  645 0  11 1 3 1 2 4
 158  215  427 0  29 1 3 1 2 4
 159  191   58 0  30 1 3 1 2 4
 160  613  776 0  38 1 3 1 2 4
 161  598  902 0  56 1 3 1 2 4
 162  817  940 0   6 1 3 1 2 4
 163  770   76 0  61 1 3 1 2 4
 164  183  622 0  56 1 3 1 2 4
 165  606  238 0  95 1 3 1 2 4
 166  436  326 0  11 1 3 1 2 4
 167  131  533 0  87 1 3 1 2 4
 168  149  350 0  15 1 3 1 2 4
 169  240  664 0  17 1 3 1 2 4
 170  823  981 0  59 1 3 1 2 4
 171  275  622 0  48 1 3 1 2 4
 172  301  954 0  46 1 3 1 2 4
 173  525   12 0  78 1 3 1 2 4
 174  466  469 0  22 1 3 1 2 4
 175   45  112 0  27 1 3 1 2 4
 176  236  148 0  72 1 3 1 2 4
 177  115  127 0  89 1 3 1 2 4
 178    0  497 0  29 1 3 1 2 4
 179   33  102 0  76 1 3 1 2 4
 180  717  269 0   5 1 3 1 2 4
 181  890  613 0  81 1 3 1 2 4
 182  646  324 0  81 1 3 1 2 4
 183  462  912 0  55 1 3 1 2 4
 184  208   79 0  65 1 3 1 2 4
 185  623  729 0  19 1 3 1 2 4
 186  869  330 0  20 1 3 1 2 4
 187  266  283 0  36 1 3 1 2 4
 188  731  313 0  59 1 3 1 2 4
 189  770  212 0  25 1 3 1 2 4
 190  729  513 0  66 1 3 1 2 4
 191    3  392 0  53 1 3 1 2 4
 192  533  836 0  46 1 3 1 2 4
 193  786  399 0  42 1 3 1 2 4
 194  932  179 0 100 1 3 1 2 4
 195   49  317 0  53 1 3 1 2 4
 196  150  363 0  47 1 3 1 2 4
 197  774  499 0  97 1 3 1 2 4
 198  223  956 0  85 1 3 1 2 4
 199  865  549 0  40 1 3 1 2 4
 200   31  366 0   4 1 3 1 2 4
 201  367  285 0  34 1 3 1 2 4
 202  396  309 0  18 1 3 1 2 4
 203  907  358 0  32 1 3 1 2 4
 204   85  149 0  14 1 3 1 2 4
 205  786  695 0   2 1 3 1 2 4
 206  984  353 0  30 1 3 1 2 4
 207  948  136 0   1 1 3 1 2 4
 208  882  119 0  90 1 3 1 2 4
 209  479  222 0  91 1 3 1 2 4
 210  512  808 0  14 1 3 1 2 4
 211  967  373 0  46 1 3 1 2 4
 212  485  378 0  15 1 3 1 2 4
 213  765  939 0  86 1 3 1 2 4
 214  503   25 0  43 1 3 1 2 4
 215  186  188 0  29 1 3 1 2 4
 216  935  919 0  69 1 3 1 2 4
 217  700  380 0  28 1 3 1 2 4
 218  111  878 0  66 1 3 1 2 4
 219  687  287 0   5 1 3 1 2 4
 220  810  482 0  43 1 3 1 2 4
 221  825  505 0  98 1 3 1 2 4
 222  215  582 0  79 1 3 1 2 4
 223  895  609 0  43 1 3 1 2 4
 224    0  565 0  85 1 3 1 2 4
 225  946  802 0  48 1 3 1 2 4
 226  937  981 0  23 1 3 1 2 4
 227  923  427 0   9 1 3 1 2 4
 228  860  816 0  10 1 3 1 2 4
 229  767  600 0  56 1 3 1 2 4
 230  557  604 0  94 1 3 1 2 4
 231  784  147 0  40 1 3 1 2 4
 232  196  477 0  50 1 3 1 2 4
 233   85  591 0  27 1 3 1 2 4
 234  668  178 0  17 1 3 1 2 4
 235  917  177 0  76 1 3 1 2 4
 236  642  830 0  80 1 3 1 2 4
 237  262  969 0  10 1 3 1 2 4
 238  633  206 0  21 1 3 1 2 4
 239  972  993 0  60 1 3 1 2 4
 240  201  212 0   8 1 3 1 2 4
 241  550  469 0  24 1 3 1 2 4
 242  877  760 0   7 1 3 1 2 4
 243  522  444 0  37 1 3 1 2 4
 244  861  726 0  43 1 3 1 2 4
 245  868    3 0  21 1 3 1 2 4
 246   10  722 0  75 1 3 1 2 4
 247  678  989 0  60 1 3 1 2 4
 248  720   41 0  71 1 3 1 2 4
 249  175   15 0  44 1 3 1 2 4
 250  525  850 0  26 1 3 1 2 4
 251  282  761 0  72 1 3 1 2 4
 252  191  202 0  42 1 3 1 2 4
 253  409  125 0   1 1 3 1 2 4
 254  485  287 0  23 1 3 1 2 4
 255  319  181 0  23 1 3 1 2 4
 256  952  717 0  19 1 3 1 2 4
 257   62  313 0  18 1 3 1 2 4
 258  241  738 0  79 1 3 1 2 4
 259  798  800 0  65 1 3 1 2 4
 260  345  550 0  88 1 3 1 2 4
 261  772  130 0  17 1 3 1 2 4
 262  971  242 0  91 1 3 1 2 4
 263  265  960 0  80 1 3 1 2 4
 264  202  352 0  93 1 3 1 2 4
 265  758   54 0  72 1 3 1 2 4
 266  899  999 0  73 1 3 1 2 4
 267  683  937 0  20 1 3 1 2 4
 268  928  632 0  48 1 3 1 2 4
 269  671  531 0  75 1 3 1 2 4
 270  281  396 0  99 1 3 1 2 4
 271  740   41 0  17 1 3 1 2 4
 272   64   32 0  97 1 3 1 2 4
 273  422  164 0  90 1 3 1 2 4
 274  697  495 0  82 1 3 1 2 4
 275  218  912 0  86 1 3 1 2 4
 276  336  726 0  23 1 3 1 2 4
 277  877  295 0   5 1 3 1 2 4
 278  205  257 0  71 1 3 1 2 4
 279  472  309 0   9 1 3 1 2 4
 280  633  404 0  83 1 3 1 2 4
 281  128  282 0  39 1 3 1 2 4
 282  526  855 0  37 1 3 1 2 4
 283  830  113 0  10 1 3 1 2 4
 284  635  770 0  27 1 3 1 2 4
 285  976   55 0  32 1 3 1 2 4
 286  194  757 0  78 1 3 1 2 4
 287  484  862 0  90 1 3 1 2 4
 288  467  876 0  61 1 3 1 2 4
 289  869  600 0  78 1 3 1 2 4
 290  630  755 0  97 1 3 1 2 4
 291  781  359 0  62 1 3 1 2 4
 292  845  235 0  36 1 3 1 2 4
 293  884  361 0  71 1 3 1 2 4
 294  807   13 0  80 1 3 1 2 4
 295  722  911 0  44 1 3 1 2 4
 296  579  879 0  22 1 3 1 2 4
 297  849  123 0  15 1 3 1 2 4
 298  476  371 0  96 1 3 1 2 4
 299  326  529 0  67 1 3 1 2 4
 300   59  224 0  20 1 3 1 2 4
 301  362  982 0  41 1 3 1 2 4
 302  610  643 0  52 1 3 1 2 4
 303  690  351 0  86 1 3 1 2 4
 304  339  308 0   4 1 3 1 2 4
 305  825  173 0  68 1 3 1 2 4
 306  328  608 0  42 1 3 1 2 4
 307  826  428 0  73 1 3 1 2 4
 308  221  621 0  42 1 3 1 2 4
 309  852  304 0  45 1 3 1 2 4
 310  974  445 0  32 1 3 1 2 4
 311  517  612 0  64 1 3 1 2 4
 312  412   37 0   9 1 3 1 2 4
 313  866  438 0  83 1 3 1 2 4
 314  609  980 0  18 1 3 1 2 4
 315  775  389 0  83 1 3 1 2 4
 316  242  566 0  74 1 3 1 2 4
 317  165  459 0  99 1 3 1 2 4
 318   38  637 0  73 1 3 1 2 4
 319  198  886 0  12 1 3 1 2 4
 320  354  507 0  33 1 3 1 2 4
 321  168  883 0  62 1 3 1 2 4
 322  399  160 0  55 1 3 1 2 4
 323  799  322 0  69 1 3 1 2 4
 324  107  792 0  22 1 3 1 2 4
 325  410  845 0  82 1 3 1 2 4
 326  611  927 0  63 1 3 1 2 4
 327   16  999 0  30 1 3 1 2 4
 328  447  897 0  32 1 3 1 2 4
 329  860  741 0  26 1 3 1 2 4
 330  995  129 0   9 1 3 1 2 4
 331  595    0 0  84 1 3 1 2 4
 332    5   75 0  81 1 3 1 2 4
 333  540  898 0  76 1 3 1 2 4
 334  413  278 0  30 1 3 1 2 4
 335  484  948 0  19 1 3 1 2 4
 336  448  639 0  48 1 3 1 2 4
 337  476  550 0  24 1 3 1 2 4
 338  810  743 0  73 1 3 1 2 4
 339  639  382 0  71 1 3 1 2 4
 340  312  377 0  89 1 3 1 2 4
 341  665  612 0  74 1 3 1 2 4
 342  801  976 0   8 1 3 1 2 4
 343  907  645 0  58 1 3 1 2 4
 344  943  563 0  93 1 3 1 2 4
 345  250  925 0  46 1 3 1 2 4
 346  337  450 0  72 1 3 1 2 4
 347   22  424 0  20 1 3 1 2 4
 348  578  340 0  44 1 3 1 2 4
 349  178  480 0  89 1 3 1 2 4
 350  307  707 0   3 1 3 1 2 4
 351  885  659 0  10 1 3 1 2 4
 352  657  603 0  93 1 3 1 2 4
 353  504   50 0  41 1 3 1 2 4
 354  342  701 0   9 1 3 1 2 4
 355  184  916 0  79 1 3 1 2 4
 356  991  539 0  23 1 3 1 2 4
 357  355   72 0  20 1 3 1 2 4
 358  684  809 0   7 1 3 1 2 4
 359  950  493 0  34 1 3 1 2 4
 360  548  364 0  21 1 3 1 2 4
 361  405  394 0  21 1 3 1 2 4
 362  942  710 0   7 1 3 1 2 4
 363  992  508 0  75 1 3 1 2 4
 364  137  951 0  88 1 3 1 2 4
 365  545  106 0  39 1 3 1 2 4
 366   95  757 0  42 1 3 1 2 4
 367  178  499 0  83 1 3 1 2 4
 368  752  449 0  12 1 3 1 2 4
 369  176  248 0 100 1 3 1 2 4
 370  939  112 0  55 1 3 1 2 4
 371  898  176 0  90 1 3 1 2 4
 372  568  312 0  92 1 3 1 2 4
 373  909  154 0  49 1 3 1 2 4
 374  490   55 0  35 1 3 1 2 4
 375  363  605 0  35 1 3 1 2 4
 376  764  363 0  95 1 3 1 2 4
 377  769  283 0  11 1 3 1 2 4
 378   73  654 0  61 1 3 1 2 4
 379  958  898 0  93 1 3 1 2 4
 380  341  131 0  57 1 3 1 2 4
 381  299  726 0  54 1 3 1 2 4
 382   63  293 0  28 1 3 1 2 4
 383  753  652 0  86 1 3 1 2 4
 384  768  735 0  13 1 3 1 2 4
 385  684   40 0  64 1 3 1 2 4
 386  925  477 0  45 1 3 1 2 4
 387  800  256 0  63 1 3 1 2 4
 388  242  620 0   1 1 3 1 2 4
 389  548  445 0   6 1 3 1 2 4
 390  107  901 0  93 1 3 1 2 4
 391  170  420 0  21 1 3 1 2 4
 392  412  959 0  80 1 3 1 2 4
 393  965  754 0  71 1 3 1 2 4
 394   34  451 0  70 1 3 1 2 4
 395   29  381 0  38 1 3 1 2 4
 396  913  307 0  73 1 3 1 2 4
 397  645  325 0   8 1 3 1 2 4
 398  759  514 0  37 1 3 1 2 4
 399  928  555 0  33 1 3 1 2 4
 400   50  990 0   4 1 3 1 2 4
 401  280  540 0  55 1 3 1 2 4
 402  772  399 0  11 1 3 1 2 4
 403  690   86 0  83 1 3 1 2 4
 404  149  163 0  78 1 3 1 2 4
 405  796  626 0  36 1 3 1 2 4
 406  854  168 0  35 1 3 1 2 4
 407  326  172 0  86 1 3 1 2 4
 408  615  645 0  33 1 3 1 2 4
 409  754   20 0  69 1 3 1 2 4
 410  393  731 0  38 1 3 1 2 4
 411   85  260 0  13 1 3 1 2 4
 412  665  341 0  21 1 3 1 2 4
 413  274   84 0  18 1 3 1 2 4
 414  403  922 0  99 1 3 1 2 4
 415  991  954 0  57 1 3 1 2 4
 416  138  887 0  19 1 3 1 2 4
 417  708  821 0   3 1 3 1 2 4
 418    5  280 0  30 1 3 1 2 4
 419  784   49 0  76 1 3 1 2 4
 420  593   41 0  43 1 3 1 2 4
 421  304  102 0  57 1 3 1 2 4
 422  285  987 0  24 1 3 1 2 4
 423  737  412 0  81 1 3 1 2 4
 424    1  568 0  76 1 3 1 2 4
 425  859  366 0  35 1 3 1 2 4
 426  455   81 0  80 1 3 1 2 4
 427  323  761 0  38 1 3 1 2 4
 428  608  479 0  35 1 3 1 2 4
 429  173  554 0  93 1 3 1 2 4
 430  805  458 0   1 1 3 1 2 4
 431  685  555 0  61 1 3 1 2 4
 432  338  944 0  26 1 3 1 2 4
 433   25  193 0  40 1 3 1 2 4
 434  720  223 0   3 1 3 1 2 4
 435  629  365 0   8 1 3 1 2 4
 436  505  270 0  10 1 3 1 2 4
 437  673  158 0  20 1 3 1 2 4
 438  330  439 0   4 1 3 1 2 4
 439  101  370 0  39 1 3 1 2 4
 440  203  817 0  63 1 3 1 2 4
 441  696   97 0  23 1 3 1 2 4
 442  260  129 0  32 1 3 1 2 4
 443  173  710 0  88 1 3 1 2 4
 444    3  389 0  59 1 3 1 2 4
 445  731  971 0  69 1 3 1 2 4
 446  322  283 0  29 1 3 1 2 4
 447  289  345 0  16 1 3 1 2 4
 448  663  224 0  87 1 3 1 2 4
 449  936  629 0  26 1 3 1 2 4
 450  800  150 0  80 1 3 1 2 4
 451  692  128 0   1 1 3 1 2 4
 452  978  432 0  70 1 3 1 2 4
 453  368  910 0   4 1 3 1 2 4
 454  563  694 0  22 1 3 1 2 4
 455  449  627 0  30 1 3 1 2 4
 456  643  156 0  95 1 3 1 2 4
 457   41  193 0  40 1 3 1 2 4
 458  361  375 0  96 1 3 1 2 4
 459  260  814 0  87 1 3 1 2 4
 460  174   40 0  25 1 3 1 2 4
 461  632  357 0  52 1 3 1 2 4
 462  349  916 0  59 1 3 1 2 4
 463  821  101 0  99 1 3 1 2 4
 464  556  827 0  26 1 3 1 2 4
 465  957  473 0  73 1 3 1 2 4
 466  461  613 0  60 1 3 1 2 4
 467  584    1 0  78 1 3 1 2 4
 468  849  535 0  88 1 3 1 2 4
 469  512   74 0  38 1 3 1 2 4
 470  677  907 0  13 1 3 1 2 4
 471  131  979 0  12 1 3 1 2 4
 472  429  605 0  62 1 3 1 2 4
 473  904  380 0  45 1 3 1 2 4
 474  486  429 0  39 1 3 1 2 4
 475  228  849 0  95 1 3 1 2 4
 476  815  353 0  14 1 3 1 2 4
 477  819  902 0  64 1 3 1 2 4
 478  358   50 0  77 1 3 1 2 4
 479  975   89 0  30 1 3 1 2 4
 480  662  792 0  36 1 3 1 2 4
 481  428  772 0  99 1 3 1 2 4
 482  655  884 0   3 1 3 1 2 4
 483  760  334 0  24 1 3 1 2 4
 484  692  155 0  18 1 3 1 2 4
 485  993  497 0  56 1 3 1 2 4
 486  227   60 0  37 1 3 1 2 4
 487  617  814 0  98 1 3 1 2 4
 488  467  811 0  60 1 3 1 2 4
 489  617  395 0  91 1 3 1 2 4
 490   67  285 0  42 1 3 1 2 4
 491   93  670 0  62 1 3 1 2 4
 492  411  297 0  30 1 3 1 2 4
 493  754  508 0  81 1 3 1 2 4
 494  543  880 0  95 1 3 1 2 4
 495  278  367 0  40 1 3 1 2 4
 496  278  161 0  96 1 3 1 2 4
 497  316  201 0  85 1 3 1 2 4
 498  177   83 0  82 1 3 1 2 4
 499  583  384 0  85 1 3 1 2 4
 500  421  869 0  11 1 3 1 2 4
 501  368  161 0  92 1 3 1 2 4
 502  567  488 0  51 1 3 1 2 4
 503  581  296 0  20 1 3 1 2 4
 504  610  558 0  11 1 3 1 2 4
 505  564  510 0  65 1 3 1 2 4
 506  596  641 0  26 1 3 1 2 4
 507  156  674 0  61 1 3 1 2 4
 508  379  748 0  62 1 3 1 2 4
 509  888  157 0  66 1 3 1 2 4
 510  916  576 0  81 1 3 1 2 4
 511   92  506 0  75 1 3 1 2 4
 512  581  911 0  90 1 3 1 2 4
 513  287  674 0  38 1 3 1 2 4
 514  303  634 0  74 1 3 1 2 4
 515  975  246 0  42 1 3 1 2 4
 516  177  868 0  77 1 3 1 2 4
 517  729  244 0  82 1 3 1 2 4
 518    4  435 0  45 1 3 1 2 4
 519  845  350 0  74 1 3 1 2 4
 520  195  694 0  15 1 3 1 2 4
 521   84  354 0  20 1 3 1 2 4
 522  317  977 0  13 1 3 1 2 4
 523  328  715 0  60 1 3 1 2 4
 524  691  245 0  52 1 3 1 2 4
 525  782  187 0   8 1 3 1 2 4
 526   14   49 0  30 1 3 1 2 4
 527  120  232 0  16 1 3 1 2 4
 528  457  109 0  46 1 3 1 2 4
 529  301  510 0  59 1 3 1 2 4
 530  846  691 0  33 1 3 1 2 4
 531  698  612 0  42 1 3 1 2 4
 532  204   16 0  52 1 3 1 2 4
 533  394   17 0  38 1 3 1 2 4
 534  516  363 0  51 1 3 1 2 4
 535  659  144 0  83 1 3 1 2 4
 536  495  379 0  52 1 3 1 2 4
 537  138  431 0  95 1 3 1 2 4
 538  611  721 0  48 1 3 1 2 4
 539  744  762 0  82 1 3 1 2 4
 540  489  609 0  98 1 3 1 2 4
 541  350  846 0  78 1 3 1 2 4
 542  936  562 0   8 1 3 1 2 4
 543  906  326 0  45 1 3 1 2 4
 544  932  582 0   2 1 3 1 2 4
 545  136  290 0  90 1 3 1 2 4
 546   49  873 0  43 1 3 1 2 4
 547  616  153 0  56 1 3 1 2 4
 548  592  529 0  48 1 3 1 2 4
 549  463  207 0  62 1 3 1 2 4
 550  504  557 0  89 1 3 1 2 4
 551  358  558 0  15 1 3 1 2 4
 552  735  279 0   5 1 3 1 2 4
 553  212  381 0  82 1 3 1 2 4
 554  695  360 0  82 1 3 1 2 4
 555  211  662 0  78 1 3 1 2 4
 556  314  447 0  71 1 3 1 2 4
 557  268  693 0  69 1 3 1 2 4
 558  506  715 0  66 1 3 1 2 4
 559  847  996 0   1 1 3 1 2 4
 560  587  536 0  33 1 3 1 2 4
 561  840  729 0  32 1 3 1 2 4
 562  597  959 0  23 1 3 1 2 4
 563  944  935 0   9 1 3 1 2 4
 564   16  517 0  87 1 3 1 2 4
 565  746  189 0  74 1 3 1 2 4
 566  519  898 0  12 1 3 1 2 4
 567  164  947 0  17 1 3 1 2 4
 568  762  158 0   2 1 3 1 2 4
 569   39  453 0  92 1 3 1 2 4
 570  158  695 0   7 1 3 1 2 4
 571  178  973 0  41 1 3 1 2 4
 572  230    0 0  31 1 3 1 2 4
 573  266  450 0  11 1 3 1 2 4
 574  185  888 0  71 1 3 1 2 4
 575  937  548 0   4 1 3 1 2 4
 576  556   14 0  14 1 3 1 2 4
 577  703   95 0  97 1 3 1 2 4
 578  708  815 0  25 1 3 1 2 4
 579  105  150 0  48 1 3 1 2 4
 580  512  266 0  38 1 3 1 2 4
 581  524  242 0  79 1 3 1 2 4
 582  768  972 0  58 1 3 1 2 4
 583  425   20 0  65 1 3 1 2 4
 584  937  268 0  17 1 3 1 2 4
 585  201  359 0  50 1 3 1 2 4
 586  672  315 0  88 1 3 1 2 4
 587  856  234 0  66 1 3 1 2 4
 588  313  239 0  35 1 3 1 2 4
 589   55  149 0  98 1 3 1 2 4
 590  856   93 0  92 1 3 1 2 4
 591   54  565 0  43 1 3 1 2 4
 592  284  927 0  71 1 3 1 2 4
 593  541  174 0  92 1 3 1 2 4
 594  528  776 0  61 1 3 1 2 4
 595   79  338 0  26 1 3 1 2 4
 596  981  858 0   3 1 3 1 2 4
 597  107  952 0  12 1 3 1 2 4
 598  930  613 0  84 1 3 1 2 4
 599  245  872 0  32 1 3 1 2 4
 600  235  434 0  28 1 3 1 2 4
 601  140   15 0  72 1 3 1 2 4
 602  123  700 0  43 1 3 1 2 4
 603  424  332 0  51 1 3 1 2 4
 604  225  774 0  30 1 3 1 2 4
 605   86   61 0  18 1 3 1 2 4
 606  152   94 0  70 1 3 1 2 4
 607  274  750 0  26 1 3 1 2 4
 608  298  426 0   5 1 3 1 2 4
 609  551  575 0   6 1 3 1 2 4
 610  336  914 0  12 1 3 1 2 4
 611  427  977 0   5 1 3 1 2 4
 612  149  501 0   8 1 3 1 2 4
 613  385  628 0  45 1 3 1 2 4
 614  920  562 0  95 1 3 1 2 4
 615  208  128 0   2 1 3 1 2 4
 616  689  957 0  37 1 3 1 2 4
 617  240  323 0  17 1 3 1 2 4
 618  124  631 0  73 1 3 1 2 4
 619  478  385 0  96 1 3 1 2 4
 620  115   87 0  11 1 3 1 2 4
 621  223  518 0  30 1 3 1 2 4
 622  715  957 0  28 1 3 1 2 4
 623  586  394 0  15 1 3 1 2 4
 624    0   17 0  33 1 3 1 2 4
 625  207  998 0  59 1 3 1 2 4
 626    9  285 0  29 1 3 1 2 4
 627  796  165 0  28 1 3 1 2 4
 628  258  293 0  58 1 3 1 2 4
 629  449   79 0  38 1 3 1 2 4
 630  662  178 0  46 1 3 1 2 4
 631  185  555 0  52 1 3 1 2 4
 632  559  838 0  91 1 3 1 2 4
 633  504  430 0  10 1 3 1 2 4
 634  780  969 0  42 1 3 1 2 4
 635  246  916 0   2 1 3 1 2 4
 636   79  641 0  10 1 3 1 2 4
 637  888  643 0  80 1 3 1 2 4
 638  426  477 0  59 1 3 1 2 4
 639  712  818 0  60 1 3 1 2 4
 640  822   25 0  84 1 3 1 2 4
 641   97  447 0  25 1 3 1 2 4
 642  844  910 0  15 1 3 1 2 4
 643  319   71 0  46 1 3 1 2 4
 644  617  538 0  91 1 3 1 2 4
 645  944  420 0  31 1 3 1 2 4
 646  388  739 0  38 1 3 1 2 4
 647  888  626 0  83 1 3 1 2 4
 648  703   10 0  29 1 3 1 2 4
 649   92  654 0  80 1 3 1 2 4
 650  873  607 0  67 1 3 1 2 4
 651  840  691 0  58 1 3 1 2 4
 652   13  859 0  33 1 3 1 2 4
 653  823  483 0  18 1 3 1 2 4
 654  453  711 0  17 1 3 1 2 4
 655  564  293 0  17 1 3 1 2 4
 656  697  819 0  24 1 3 1 2 4
 657  508  517 0  29 1 3 1 2 4
 658  933  380 0  16 1 3 1 2 4
 659  469  153 0  53 1 3 1 2 4
 660  715  932 0  60 1 3 1 2 4
 661  461  644 0  36 1 3 1 2 4
 662  344  504 0  91 1 3 1 2 4
 663  859  218 0   6 1 3 1 2 4
 664  665  464 0  73 1 3 1 2 4
 665  158  193 0  66 1 3 1 2 4
 666 1000  961 0  13 1 3 1 2 4
 667  236  318 0  86 1 3 1 2 4
 668  100   84 0  10 1 3 1 2 4
 669  636  882 0  77 1 3 1 2 4
 670  729  136 0  44 1 3 1 2 4
 671  397  300 0  52 1 3 1 2 4
 672 1000  410 0   4 1 3 1 2 4
 673  932  611 0  31 1 3 1 2 4
 674  726  333 0  47 1 3 1 2 4
 675  796  427 0  32 1 3 1 2 4
 676  144   31 0  36 1 3 1 2 4
 677  619  734 0  12 1 3 1 2 4
 678   97  536 0  16 1 3 1 2 4
 679  640  160 0  87 1 3 1 2 4
 680  160  371 0  17 1 3 1 2 4
 681  249  951 0  45 1 3 1 2 4
 682  249  143 0 100 1 3 1 2 4
 683  487  134 0  32 1 3 1 2 4
 684  490  667 0  62 1 3 1 2 4
 685  917  150 0  18 1 3 1 2 4
 686  867  293 0  68 1 3 1 2 4
 687  783  656 0   7 1 3 1 2 4
 688   59  472 0  14 1 3 1 2 4
 689  354  459 0  26 1 3 1 2 4
 690  519  500 0  55 1 3 1 2 4
 691  366   46 0  50 1 3 1 2 4
 692  866  902 0  87 1 3 1 2 4
 693  799  710 0  18 1 3 1 2 4
 694  937  544 0  39 1 3 1 2 4
 695  826 1000 0  82 1 3 1 2 4
 696  945  991 0  12 1 3 1 2 4
 697  864  492 0  27 1 3 1 2 4
 698   37  357 0  78 1 3 1 2 4
 699  194   32 0  61 1 3 1 2 4
 700  741  973 0   5 1 3 1 2 4
 701  122  645 0  59 1 3 1 2 4
 702  181  421 0  13 1 3 1 2 4
 703  800  741 0  86 1 3 1 2 4
 704  941  476 0  67 1 3 1 2 4
 705  316  363 0  51 1 3 1 2 4
 706  735   22 0  90 1 3 1 2 4
 707  566  683 0  15 1 3 1 2 4
 708  644  635 0  91 1 3 1 2 4
 709   62  609 0  99 1 3 1 2 4
 710  832  587 0   6 1 3 1 2 4
 711  997  433 0  28 1 3 1 2 4
 712  138  118 0  95 1 3 1 2 4
 713  788  478 0  30 1 3 1 2 4
 714  639  477 0   9 1 3 1 2 4
 715  533  902 0  35 1 3 1 2 4
 716  947  618 0  75 1 3 1 2 4
 717  551  937 0  79 1 3 1 2 4
 718  457  246 0   5 1 3 1 2 4
 719  196  926 0  58 1 3 1 2 4
 720  568  283 0  13 1 3 1 2 4
 721  784  665 0  78 1 3 1 2 4
 722  121  452 0  29 1 3 1 2 4
 723  776  704 0  50 1 3 1 2 4
 724  816  774 0  79 1 3 1 2 4
 725  758  116 0  88 1 3 1 2 4
 726  945  903 0  96 1 3 1 2 4
 727  108  992 0   2 1 3 1 2 4
 728  640  242 0  62 1 3 1 2 4
 729  985  101 0  39 1 3 1 2 4
 730  778  792 0  92 1 3 1 2 4
 731   19  738 0  34 1 3 1 2 4
 732  557  121 0  71 1 3 1 2 4
 733  758  161 0  30 1 3 1 2 4
 734  460   46 0   2 1 3 1 2 4
 735  539  732 0  60 1 3 1 2 4
 736    3  620 0  38 1 3 1 2 4
 737  239   57 0 100 1 3 1 2 4
 738  317  435 0  13 1 3 1 2 4
 739  813  381 0  17 1 3 1 2 4
 740  668  327 0  27 1 3 1 2 4
 741  933   28 0  44 1 3 1 2 4
 742  867  735 0  77 1 3 1 2 4
 743  722  902 0   2 1 3 1 2 4
 744  581  162 0  68 1 3 1 2 4
 745  889  411 0  79 1 3 1 2 4
 746  425  242 0  41 1 3 1 2 4
 747  397  930 0  80 1 3 1 2 4
 748  196  762 0   3 1 3 1 2 4
 749  396  424 0  75 1 3 1 2 4
 750  165  651 0  23 1 3 1 2 4
 751  694  559 0  32 1 3 1 2 4
 752  176  779 0   7 1 3 1 2 4
 753  857  189 0  49 1 3 1 2 4
 754   88  105 0  46 1 3 1 2 4
 755  505  901 0  13 1 3 1 2 4
 756  334  844 0   6 1 3 1 2 4
 757   23  665 0  36 1 3 1 2 4
 758  675   20 0   5 1 3 1 2 4
 759  379  766 0  96 1 3 1 2 4
 760  191  505 0  53 1 3 1 2 4
 761  848  166 0  75 1 3 1 2 4
 762  191  903 0  11 1 3 1 2 4
 763  546  222 0  31 1 3 1 2 4
 764  862  659 0  44 1 3 1 2 4
 765  926  922 0  97 1 3 1 2 4
 766  145  454 0   1 1 3 1 2 4
 767  381  228 0  31 1 3 1 2 4
 768  716  184 0  88 1 3 1 2 4
 769  954  865 0  71 1 3 1 2 4
 770  583  484 0  59 1 3 1 2 4
 771  785  322 0  55 1 3 1 2 4
 772  633  208 0  27 1 3 1 2 4
 773  449  514 0  21 1 3 1 2 4
 774  358  616 0  81 1 3 1 2 4
 775   28  809 0   1 1 3 1 2 4
 776   57  728 0  41 1 3 1 2 4
 777  162  920 0   4 1 3 1 2 4
 778  851  411 0  43 1 3 1 2 4
 779  768  736 0  82 1 3 1 2 4
 780   75  973 0  40 1 3 1 2 4
 781   19  588 0  58 1 3 1 2 4
 782  182  231 0   1 1 3 1 2 4
 783  324  933 0  45 1 3 1 2 4
 784  890  384 0  28 1 3 1 2 4
 785    9  230 0  27 1 3 1 2 4
 786   29  594 0  84 1 3 1 2 4
 787  320  182 0  61 1 3 1 2 4
 788  946  468 0  73 1 3 1 2 4
 789   96  803 0   3 1 3 1 2 4
 790  522  247 0  82 1 3 1 2 4
 791  994  883 0   4 1 3 1 2 4
 792  170  661 0  97 1 3 1 2 4
 793  438  475 0   9 1 3 1 2 4
 794  348  858 0   1 1 3 1 2 4
 795  318  305 0  96 1 3 1 2 4
 796  381  227 0  80 1 3 1 2 4
 797  930  798 0  60 1 3 1 2 4
 798  158  934 0  25 1 3 1 2 4
 799  545   96 0  92 1 3 1 2 4
 800  844  471 0   1 1 3 1 2 4
 801  689   83 0  47 1 3 1 2 4
 802  620  351 0  92 1 3 1 2 4
 803  447  853 0  95 1 3 1 2 4
 804  296   63 0  14 1 3 1 2 4
 805  894  428 0  93 1 3 1 2 4
 806  846    6 0  29 1 3 1 2 4
 807   98  193 0  69 1 3 1 2 4
 808  953   78 0  96 1 3 1 2 4
 809   53  661 0  77 1 3 1 2 4
 810  411  859 0  26 1 3 1 2 4
 811  763   85 0  81 1 3 1 2 4
 812  131  412 0  15 1 3 1 2 4
 813  279  232 0  97 1 3 1 2 4
 814   59  732 0  46 1 3 1 2 4
 815  114  756 0  67 1 3 1 2 4
 816  646  470 0  77 1 3 1 2 4
 817   25  456 0  20 1 3 1 2 4
 818  963   42 0  40 1 3 1 2 4
 819  946   49 0  88 1 3 1 2 4
 820  612  977 0  35 1 3 1 2 4
 821  923  696 0   2 1 3 1 2 4
 822  735  577 0  15 1 3 1 2 4
 823  528  866 0  28 1 3 1 2 4
 824    8   28 0 100 1 3 1 2 4
 825  317  475 0   6 1 3 1 2 4
 826  624  641 0  58 1 3 1 2 4
 827  270  913 0  93 1 3 1 2 4
 828  222  771 0  72 1 3 1 2 4
 829  925  954 0  25 1 3 1 2 4
 830  134  158 0  62 1 3 1 2 4
 831  146  429 0  12 1 3 1 2 4
 832  826  305 0  14 1 3 1 2 4
 833  777  382 0  76 1 3 1 2 4
 834  526   17 0   7 1 3 1 2 4
 835   61  905 0  74 1 3 1 2 4
 836  485  615 0  99 1 3 1 2 4
 837  385  910 0  64 1 3 1 2 4
 838  174  124 0  40 1 3 1 2 4
 839  906  198 0  27 1 3 1 2 4
 840  577  366 0  27 1 3 1 2 4
 841  380  230 0  39 1 3 1 2 4
 842  637   17 0  13 1 3 1 2 4
 843  432  754 0  49 1 3 1 2 4
 844  270  846 0  32 1 3 1 2 4
 845  961  685 0  15 1 3 1 2 4
 846  221  848 0  45 1 3 1 2 4
 847  854  126 0  97 1 3 1 2 4
 848   96  256 0  53 1 3 1 2 4
 849   50  627 0  68 1 3 1 2 4
 850  424  179 0 100 1 3 1 2 4
 851  275  430 0  30 1 3 1 2 4
 852  505  708 0  90 1 3 1 2 4
 853  274  546 0  89 1 3 1 2 4
 854   45  952 0  79 1 3 1 2 4
 855   66  979 0  73 1 3 1 2 4
 856   82  403 0  36 1 3 1 2 4
 857  654  223 0  15 1 3 1 2 4
 858  496  828 0  89 1 3 1 2 4
 859  208  243 0  93 1 3 1 2 4
 860  781  997 0  25 1 3 1 2 4
 861  637  171 0  70 1 3 1 2 4
 862  619  611 0  86 1 3 1 2 4
 863  163  831 0  89 1 3 1 2 4
 864  867  623 0   6 1 3 1 2 4
 865  495  400 0   8 1 3 1 2 4
 866  435  127 0  22 1 3 1 2 4
 867  471  986 0  59 1 3 1 2 4
 868  605  368 0  53 1 3 1 2 4
 869  260  984 0  63 1 3 1 2 4
 870   72  705 0  86 1 3 1 2 4
 871  358  905 0  33 1 3 1 2 4
 872  922  393 0  97 1 3 1 2 4
 873  608  211 0  96 1 3 1 2 4
 874  838  708 0  95 1 3 1 2 4
 875   11  362 0  52 1 3 1 2 4
 876  193  857 0  55 1 3 1 2 4
 877  771   37 0   6 1 3 1 2 4
 878  873  422 0  84 1 3 1 2 4
 879  838  303 0   7 1 3 1 2 4
 880   73  876 0  98 1 3 1 2 4
 881  261  901 0  78 1 3 1 2 4
 882  927  107 0  30 1 3 1 2 4
 883  867  909 0  34 1 3 1 2 4
 884  263  338 0  58 1 3 1 2 4
 885  587  166 0  27 1 3 1 2 4
 886  676  412 0  35 1 3 1 2 4
 887  395  675 0   9 1 3 1 2 4
 888  652  108 0  38 1 3 1 2 4
 889  670  615 0  59 1 3 1 2 4
 890  550  970 0   2 1 3 1 2 4
 891  372  709 0  61 1 3 1 2 4
 892  870  716 0  39 1 3 1 2 4
 893  956  945 0  98 1 3 1 2 4
 894  345  446 0  13 1 3 1 2 4
 895  757  457 0  34 1 3 1 2 4
 896  825  742 0  55 1 3 1 2 4
 897  716  396 0  91 1 3 1 2 4
 898  878  687 0  95 1 3 1 2 4
 899  424   69 0  59 1 3 1 2 4
 900  720  337 0  71 1 3 1 2 4
 901  316  679 0  82 1 3 1 2 4
 902  903  480 0  85 1 3 1 2 4
 903  656  890 0  74 1 3 1 2 4
 904  625  196 0  45 1 3 1 2 4
 905  918  467 0  94 1 3 1 2 4
 906  754  682 0  27 1 3 1 2 4
 907  433  985 0   7 1 3 1 2 4
 908  146  454 0  55 1 3 1 2 4
 909  197  400 0  36 1 3 1 2 4
 910  424  398 0  87 1 3 1 2 4
 911  641  293 0  74 1 3 1 2 4
 912  926  180 0  51 1 3 1 2 4
 913  481  482 0  44 1 3 1 2 4
 914  480  261 0  90 1 3 1 2 4
 915  176  416 0   1 1 3 1 2 4
 916  680  244 0  93 1 3 1 2 4
 917  220   54 0  60 1 3 1 2 4
 918  941  195 0  46 1 3 1 2 4
 919  409  817 0  84 1 3 1 2 4
 920  812  485 0  40 1 3 1 2 4
 921  449  250 0  78 1 3 1 2 4
 922  823  752 0   7 1 3 1 2 4
 923  370  959 0  52 1 3 1 2 4
 924  704  861 0  41 1 3 1 2 4
 925  616  783 0  53 1 3 1 2 4
 926  237  204 0  60 1 3 1 2 4
 927  795  682 0  53 1 3 1 2 4
 928  871  907 0  79 1 3 1 2 4
 929  909  527 0  72 1 3 1 2 4
 930  555  351 0  64 1 3 1 2 4
 931   84  314 0   1 1 3 1 2 4
 932  768   95 0  63 1 3 1 2 4
 933  338  451 0  17 1 3 1 2 4
 934  693  505 0  89 1 3 1 2 4
 935  954  695 0  74 1 3 1 2 4
 936   90  924 0  29 1 3 1 2 4
 937  935  391 0  98 1 3 1 2 4
 938  504  258 0  94 1 3 1 2 4
 939  488    9 0  46 1 3 1 2 4
 940  725  805 0  73 1 3 1 2 4
 941  144  292 0  75 1 3 1 2 4
 942  562  859 0  36 1 3 1 2 4
 943   31  568 0  92 1 3 1 2 4
 944  775  354 0  73 1 3 1 2 4
 945  319  430 0 100 1 3 1 2 4
 946  253   10 0  65 1 3 1 2 4
 947  470  455 0  27 1 3 1 2 4
 948  159  281 0  84 1 3 1 2 4
 949  427  225 0  90 1 3 1 2 4
 950  544   63 0  14 1 3 1 2 4
 951   31  482 0  30 1 3 1 2 4
 952  645  870 0  66 1 3 1 2 4
 953  122  876 0   2 1 3 1 2 4
 954  505  222 0  29 1 3 1 2 4
 955  922   90 0  93 1 3 1 2 4
 956  456  296 0  60 1 3 1 2 4
 957  707  393 0  76 1 3 1 2 4
 958  231  251 0  65 1 3 1 2 4
 959  242  735 0   1 1 3 1 2 4
 960  245  803 0  31 1 3 1 2 4
 961   96  658 0  11 1 3 1 2 4
 962  245  438 0  85 1 3 1 2 4
 963  631  145 0  32 1 3 1 2 4
 964  154  754 0  47 1 3 1 2 4
 965  341  460 0  97 1 3 1 2 4
 966  621   17 0  10 1 3 1 2 4
 967   61  164 0  59 1 3 1 2 4
 968  115  507 0  73 1 3 1 2 4
 969  155  163 0  42 1 3 1 2 4
 970  457  848 0  54 1 3 1 2 4
 971  851  604 0  25 1 3 1 2 4
 972  162  970 0  64 1 3 1 2 4
 973  290  977 0  80 1 3 1 2 4
 974  175  109 0  34 1 3 1 2 4
 975  471  102 0  62 1 3 1 2 4
 976  811  545 0  97 1 3 1 2 4
 977   65  210 0  69 1 3 1 2 4
 978  661  226 0  37 1 3 1 2 4
 979  686  736 0  21 1 3 1 2 4
 980  574  277 0  47 1 3 1 2 4
 981  321  152 0  78 1 3 1 2 4
 982  965  799 0  25 1 3 1 2 4
 983  923  573 0  35 1 3 1 2 4
 984  736  775 0  35 1 3 1 2 4
 985  911  421 0  92 1 3 1 2 4
 986  760  217 0  63 1 3 1 2 4
 987  867  222 0  79 1 3 1 2 4
 988  805  666 0  20 1 3 1 2 4
 989    0  836 0  29 1 3 1 2 4
 990  223  123 0  11 1 3 1 2 4
 991  988  568 0  32 1 3 1 2 4
 992    9  680 0  36 1 3 1 2 4
 993  544   81 0  72 1 3 1 2 4
 994  848  251 0  97 1 3 1 2 4
 995  674  596 0  82 1 3 1 2 4
 996  264  877 0  61 1 3 1 2 4
 997  205  679 0  76 1 3 1 2 4
 998  315  160 0  61 1 3 1 2 4
 999  222  628 0  53 1 3 1 2 4
1000  319  607 0  34 1 3 1 2 4
1001  317  635 0   7 1 3 1 2 4
1002  558  201 0  25 1 3 1 2 4
1003  560   18 0  42 1 3 1 2 4
1004  662  486 0   8 1 3 1 2 4
1005  852  434 0  76 1 3 1 2 4
1006  607  223 0  81 1 3 1 2 4
1007  868   34 0  18 1 3 1 2 4
1008  431  677 0  22 1 3 1 2 4
1009  819  721 0  73 1 3 1 2 4
1010 1000  406 0  97 1 3 1 2 4
1011  872  497 0  58 1 3 1 2 4
1012  930  142 0  81 1 3 1 2 4
1013  621  446 0   0 0 0
1014  767  408 0   0 0 0
1015  303  610 0   0 0 0
