2 96 1039 10
0 241
0 241
0 241
0 241
0 241
0 241
0 241
0 241
0 241
0 241
   1 134 655 0  79 1 10 1 2 4 8 16 32 64 128 256 512
   2 502 236 0   6 1 10 1 2 4 8 16 32 64 128 256 512
   3 885 789 0  47 1 10 1 2 4 8 16 32 64 128 256 512
   4 683 791 0  81 1 10 1 2 4 8 16 32 64 128 256 512
   5 371 269 0  18 1 10 1 2 4 8 16 32 64 128 256 512
   6 546 152 0  22 1 10 1 2 4 8 16 32 64 128 256 512
   7  60 441 0  35 1 10 1 2 4 8 16 32 64 128 256 512
   8   1 551 0  51 1 10 1 2 4 8 16 32 64 128 256 512
   9 691 300 0  44 1 10 1 2 4 8 16 32 64 128 256 512
  10 535 197 0  70 1 10 1 2 4 8 16 32 64 128 256 512
  11 282 380 0  85 1 10 1 2 4 8 16 32 64 128 256 512
  12 923 936 0  38 1 10 1 2 4 8 16 32 64 128 256 512
  13 932 659 0  24 1 10 1 2 4 8 16 32 64 128 256 512
  14 404 177 0  92 1 10 1 2 4 8 16 32 64 128 256 512
  15 190 649 0  35 1 10 1 2 4 8 16 32 64 128 256 512
  16 228 578 0  91 1 10 1 2 4 8 16 32 64 128 256 512
  17 990 996 0  57 1 10 1 2 4 8 16 32 64 128 256 512
  18 740 351 0  81 1 10 1 2 4 8 16 32 64 128 256 512
  19 820  62 0  11 1 10 1 2 4 8 16 32 64 128 256 512
  20  69 135 0  88 1 10 1 2 4 8 16 32 64 128 256 512
  21 906 737 0  35 1 10 1 2 4 8 16 32 64 128 256 512
  22 561 827 0  72 1 10 1 2 4 8 16 32 64 128 256 512
  23 744 212 0  99 1 10 1 2 4 8 16 32 64 128 256 512
  24 471 654 0  54 1 10 1 2 4 8 16 32 64 128 256 512
  25  16 352 0  84 1 10 1 2 4 8 16 32 64 128 256 512
  26 979 466 0  86 1 10 1 2 4 8 16 32 64 128 256 512
  27 301 668 0  78 1 10 1 2 4 8 16 32 64 128 256 512
  28 205 934 0  27 1 10 1 2 4 8 16 32 64 128 256 512
  29 598 345 0   8 1 10 1 2 4 8 16 32 64 128 256 512
  30 828  61 0  96 1 10 1 2 4 8 16 32 64 128 256 512
  31 671 904 0 100 1 10 1 2 4 8 16 32 64 128 256 512
  32  55 145 0  44 1 10 1 2 4 8 16 32 64 128 256 512
  33 886 827 0  34 1 10 1 2 4 8 16 32 64 128 256 512
  34 138 740 0  54 1 10 1 2 4 8 16 32 64 128 256 512
  35 361 115 0  67 1 10 1 2 4 8 16 32 64 128 256 512
  36 739  62 0  26 1 10 1 2 4 8 16 32 64 128 256 512
  37 195 319 0  17 1 10 1 2 4 8 16 32 64 128 256 512
  38 224 443 0  51 1 10 1 2 4 8 16 32 64 128 256 512
  39 937 123 0  75 1 10 1 2 4 8 16 32 64 128 256 512
  40 646 120 0  35 1 10 1 2 4 8 16 32 64 128 256 512
  41  88 957 0  63 1 10 1 2 4 8 16 32 64 128 256 512
  42 620 680 0  59 1 10 1 2 4 8 16 32 64 128 256 512
  43 219 468 0  56 1 10 1 2 4 8 16 32 64 128 256 512
  44  83 192 0  34 1 10 1 2 4 8 16 32 64 128 256 512
  45 338 610 0  20 1 10 1 2 4 8 16 32 64 128 256 512
  46 233 623 0  65 1 10 1 2 4 8 16 32 64 128 256 512
  47 402 696 0  83 1 10 1 2 4 8 16 32 64 128 256 512
  48  71 250 0   7 1 10 1 2 4 8 16 32 64 128 256 512
  49 324 572 0  64 1 10 1 2 4 8 16 32 64 128 256 512
  50 182  81 0  53 1 10 1 2 4 8 16 32 64 128 256 512
  51 633  87 0   7 1 10 1 2 4 8 16 32 64 128 256 512
  52  66 302 0  26 1 10 1 2 4 8 16 32 64 128 256 512
  53 271 147 0  41 1 10 1 2 4 8 16 32 64 128 256 512
  54 262 933 0  50 1 10 1 2 4 8 16 32 64 128 256 512
  55 779 492 0  55 1 10 1 2 4 8 16 32 64 128 256 512
  56 235 874 0  14 1 10 1 2 4 8 16 32 64 128 256 512
  57 141 109 0  87 1 10 1 2 4 8 16 32 64 128 256 512
  58 251 512 0  95 1 10 1 2 4 8 16 32 64 128 256 512
  59 636  96 0  16 1 10 1 2 4 8 16 32 64 128 256 512
  60 420  32 0  95 1 10 1 2 4 8 16 32 64 128 256 512
  61 208 153 0  71 1 10 1 2 4 8 16 32 64 128 256 512
  62 476 695 0  50 1 10 1 2 4 8 16 32 64 128 256 512
  63 116 366 0  80 1 10 1 2 4 8 16 32 64 128 256 512
  64 534 713 0  58 1 10 1 2 4 8 16 32 64 128 256 512
  65 523 572 0  45 1 10 1 2 4 8 16 32 64 128 256 512
  66  68  39 0  68 1 10 1 2 4 8 16 32 64 128 256 512
  67 534 441 0  66 1 10 1 2 4 8 16 32 64 128 256 512
  68 532 168 0  41 1 10 1 2 4 8 16 32 64 128 256 512
  69 197 392 0   1 1 10 1 2 4 8 16 32 64 128 256 512
  70  43 453 0  87 1 10 1 2 4 8 16 32 64 128 256 512
  71 778 846 0  16 1 10 1 2 4 8 16 32 64 128 256 512
  72 242 174 0  11 1 10 1 2 4 8 16 32 64 128 256 512
  73 635 658 0  75 1 10 1 2 4 8 16 32 64 128 256 512
  74 829 582 0  91 1 10 1 2 4 8 16 32 64 128 256 512
  75 142 421 0  80 1 10 1 2 4 8 16 32 64 128 256 512
  76  67 125 0  47 1 10 1 2 4 8 16 32 64 128 256 512
  77 562 801 0  87 1 10 1 2 4 8 16 32 64 128 256 512
  78 739 746 0   3 1 10 1 2 4 8 16 32 64 128 256 512
  79 628 609 0  47 1 10 1 2 4 8 16 32 64 128 256 512
  80 747 738 0  80 1 10 1 2 4 8 16 32 64 128 256 512
  81 226 354 0  97 1 10 1 2 4 8 16 32 64 128 256 512
  82 751 350 0  87 1 10 1 2 4 8 16 32 64 128 256 512
  83 261   2 0  96 1 10 1 2 4 8 16 32 64 128 256 512
  84 892 453 0  16 1 10 1 2 4 8 16 32 64 128 256 512
  85 921 578 0  97 1 10 1 2 4 8 16 32 64 128 256 512
  86 921 118 0  31 1 10 1 2 4 8 16 32 64 128 256 512
  87 813 444 0  58 1 10 1 2 4 8 16 32 64 128 256 512
  88 193 799 0  87 1 10 1 2 4 8 16 32 64 128 256 512
  89 728 620 0  12 1 10 1 2 4 8 16 32 64 128 256 512
  90 691 144 0   4 1 10 1 2 4 8 16 32 64 128 256 512
  91  98 253 0  49 1 10 1 2 4 8 16 32 64 128 256 512
  92 976 854 0  84 1 10 1 2 4 8 16 32 64 128 256 512
  93 387 710 0  33 1 10 1 2 4 8 16 32 64 128 256 512
  94 468 412 0  22 1 10 1 2 4 8 16 32 64 128 256 512
  95 583 564 0  19 1 10 1 2 4 8 16 32 64 128 256 512
  96 696 187 0  67 1 10 1 2 4 8 16 32 64 128 256 512
  97  79 256 0  15 1 10 1 2 4 8 16 32 64 128 256 512
  98 746 437 0  43 1 10 1 2 4 8 16 32 64 128 256 512
  99 695 932 0  17 1 10 1 2 4 8 16 32 64 128 256 512
 100 521 745 0  45 1 10 1 2 4 8 16 32 64 128 256 512
 101 946 812 0  13 1 10 1 2 4 8 16 32 64 128 256 512
 102 384 225 0  67 1 10 1 2 4 8 16 32 64 128 256 512
 103 567  23 0  25 1 10 1 2 4 8 16 32 64 128 256 512
 104 589 496 0  41 1 10 1 2 4 8 16 32 64 128 256 512
 105 859 479 0  13 1 10 1 2 4 8 16 32 64 128 256 512
 106 616 512 0  84 1 10 1 2 4 8 16 32 64 128 256 512
 107 947 792 0  53 1 10 1 2 4 8 16 32 64 128 256 512
 108 629 125 0  69 1 10 1 2 4 8 16 32 64 128 256 512
 109 142 259 0   5 1 10 1 2 4 8 16 32 64 128 256 512
 110 703 634 0  50 1 10 1 2 4 8 16 32 64 128 256 512
 111 383 740 0  33 1 10 1 2 4 8 16 32 64 128 256 512
 112 359 987 0  66 1 10 1 2 4 8 16 32 64 128 256 512
 113 556 332 0  55 1 10 1 2 4 8 16 32 64 128 256 512
 114 578 439 0  46 1 10 1 2 4 8 16 32 64 128 256 512
 115 920 428 0   8 1 10 1 2 4 8 16 32 64 128 256 512
 116 655 498 0  32 1 10 1 2 4 8 16 32 64 128 256 512
 117 370 980 0  25 1 10 1 2 4 8 16 32 64 128 256 512
 118 408 833 0   9 1 10 1 2 4 8 16 32 64 128 256 512
 119 835 650 0  92 1 10 1 2 4 8 16 32 64 128 256 512
 120 321 877 0  84 1 10 1 2 4 8 16 32 64 128 256 512
 121 582 248 0  70 1 10 1 2 4 8 16 32 64 128 256 512
 122 239 990 0  65 1 10 1 2 4 8 16 32 64 128 256 512
 123 545 296 0  30 1 10 1 2 4 8 16 32 64 128 256 512
 124 697 907 0  36 1 10 1 2 4 8 16 32 64 128 256 512
 125 986 874 0   7 1 10 1 2 4 8 16 32 64 128 256 512
 126 552 561 0  56 1 10 1 2 4 8 16 32 64 128 256 512
 127 889 298 0  80 1 10 1 2 4 8 16 32 64 128 256 512
 128 691 448 0   9 1 10 1 2 4 8 16 32 64 128 256 512
 129 715 292 0  44 1 10 1 2 4 8 16 32 64 128 256 512
 130 387 429 0   3 1 10 1 2 4 8 16 32 64 128 256 512
 131 771 662 0  45 1 10 1 2 4 8 16 32 64 128 256 512
 132 647 291 0  33 1 10 1 2 4 8 16 32 64 128 256 512
 133 675 841 0  53 1 10 1 2 4 8 16 32 64 128 256 512
 134 594 788 0  72 1 10 1 2 4 8 16 32 64 128 256 512
 135  70 681 0  75 1 10 1 2 4 8 16 32 64 128 256 512
 136 221 671 0  56 1 10 1 2 4 8 16 32 64 128 256 512
 137 788 997 0  17 1 10 1 2 4 8 16 32 64 128 256 512
 138 109 604 0  60 1 10 1 2 4 8 16 32 64 128 256 512
 139  20 584 0  92 1 10 1 2 4 8 16 32 64 128 256 512
 140 547 431 0  33 1 10 1 2 4 8 16 32 64 128 256 512
 141 531 137 0  89 1 10 1 2 4 8 16 32 64 128 256 512
 142 846 449 0  40 1 10 1 2 4 8 16 32 64 128 256 512
 143 968 186 0  85 1 10 1 2 4 8 16 32 64 128 256 512
 144 344 635 0  89 1 10 1 2 4 8 16 32 64 128 256 512
 145 108 405 0  39 1 10 1 2 4 8 16 32 64 128 256 512
 146 371 219 0  81 1 10 1 2 4 8 16 32 64 128 256 512
 147 989 857 0  78 1 10 1 2 4 8 16 32 64 128 256 512
 148   5 968 0  37 1 10 1 2 4 8 16 32 64 128 256 512
 149 745 406 0  45 1 10 1 2 4 8 16 32 64 128 256 512
 150 217 132 0  13 1 10 1 2 4 8 16 32 64 128 256 512
 151 719 904 0  25 1 10 1 2 4 8 16 32 64 128 256 512
 152 895 510 0  43 1 10 1 2 4 8 16 32 64 128 256 512
 153 970  14 0  26 1 10 1 2 4 8 16 32 64 128 256 512
 154 795 291 0  85 1 10 1 2 4 8 16 32 64 128 256 512
 155  38 436 0  20 1 10 1 2 4 8 16 32 64 128 256 512
 156 910 779 0  57 1 10 1 2 4 8 16 32 64 128 256 512
 157  39 933 0  48 1 10 1 2 4 8 16 32 64 128 256 512
 158 465 694 0  32 1 10 1 2 4 8 16 32 64 128 256 512
 159 731 257 0  34 1 10 1 2 4 8 16 32 64 128 256 512
 160 227 965 0   8 1 10 1 2 4 8 16 32 64 128 256 512
 161 146   3 0  28 1 10 1 2 4 8 16 32 64 128 256 512
 162 858 344 0  32 1 10 1 2 4 8 16 32 64 128 256 512
 163 807 107 0  63 1 10 1 2 4 8 16 32 64 128 256 512
 164 876 311 0  99 1 10 1 2 4 8 16 32 64 128 256 512
 165 894 265 0  19 1 10 1 2 4 8 16 32 64 128 256 512
 166 646 669 0  67 1 10 1 2 4 8 16 32 64 128 256 512
 167 107 709 0  14 1 10 1 2 4 8 16 32 64 128 256 512
 168 201 238 0  60 1 10 1 2 4 8 16 32 64 128 256 512
 169  64 963 0  17 1 10 1 2 4 8 16 32 64 128 256 512
 170  92 551 0  75 1 10 1 2 4 8 16 32 64 128 256 512
 171 203 585 0  30 1 10 1 2 4 8 16 32 64 128 256 512
 172 168 103 0  32 1 10 1 2 4 8 16 32 64 128 256 512
 173 412 540 0  49 1 10 1 2 4 8 16 32 64 128 256 512
 174 875 581 0  70 1 10 1 2 4 8 16 32 64 128 256 512
 175 592 232 0  24 1 10 1 2 4 8 16 32 64 128 256 512
 176  65  72 0  88 1 10 1 2 4 8 16 32 64 128 256 512
 177 278 529 0   6 1 10 1 2 4 8 16 32 64 128 256 512
 178 634 210 0  22 1 10 1 2 4 8 16 32 64 128 256 512
 179 571 438 0  77 1 10 1 2 4 8 16 32 64 128 256 512
 180 626 865 0  30 1 10 1 2 4 8 16 32 64 128 256 512
 181 520 601 0  88 1 10 1 2 4 8 16 32 64 128 256 512
 182 735 586 0   7 1 10 1 2 4 8 16 32 64 128 256 512
 183 276 490 0   8 1 10 1 2 4 8 16 32 64 128 256 512
 184 882 772 0  22 1 10 1 2 4 8 16 32 64 128 256 512
 185 246 241 0  32 1 10 1 2 4 8 16 32 64 128 256 512
 186 168 230 0  15 1 10 1 2 4 8 16 32 64 128 256 512
 187 830 181 0  95 1 10 1 2 4 8 16 32 64 128 256 512
 188 424 773 0   1 1 10 1 2 4 8 16 32 64 128 256 512
 189 204 656 0  80 1 10 1 2 4 8 16 32 64 128 256 512
 190  65 469 0  11 1 10 1 2 4 8 16 32 64 128 256 512
 191  28 300 0  57 1 10 1 2 4 8 16 32 64 128 256 512
 192 667 701 0   6 1 10 1 2 4 8 16 32 64 128 256 512
 193 596 224 0 100 1 10 1 2 4 8 16 32 64 128 256 512
 194 517 184 0  43 1 10 1 2 4 8 16 32 64 128 256 512
 195 238 790 0  55 1 10 1 2 4 8 16 32 64 128 256 512
 196 433 356 0  10 1 10 1 2 4 8 16 32 64 128 256 512
 197 708 734 0  31 1 10 1 2 4 8 16 32 64 128 256 512
 198 153 630 0  48 1 10 1 2 4 8 16 32 64 128 256 512
 199 894 989 0   4 1 10 1 2 4 8 16 32 64 128 256 512
 200 334 791 0  75 1 10 1 2 4 8 16 32 64 128 256 512
 201 207 623 0  62 1 10 1 2 4 8 16 32 64 128 256 512
 202 593 578 0  10 1 10 1 2 4 8 16 32 64 128 256 512
 203  97 846 0  14 1 10 1 2 4 8 16 32 64 128 256 512
 204 269 596 0   6 1 10 1 2 4 8 16 32 64 128 256 512
 205  49 684 0  38 1 10 1 2 4 8 16 32 64 128 256 512
 206 347 691 0  79 1 10 1 2 4 8 16 32 64 128 256 512
 207  69 336 0  22 1 10 1 2 4 8 16 32 64 128 256 512
 208 552 603 0  50 1 10 1 2 4 8 16 32 64 128 256 512
 209 740 908 0  66 1 10 1 2 4 8 16 32 64 128 256 512
 210 147 972 0  53 1 10 1 2 4 8 16 32 64 128 256 512
 211 159 600 0  25 1 10 1 2 4 8 16 32 64 128 256 512
 212 747 170 0  37 1 10 1 2 4 8 16 32 64 128 256 512
 213  39 594 0  76 1 10 1 2 4 8 16 32 64 128 256 512
 214 107 545 0  97 1 10 1 2 4 8 16 32 64 128 256 512
 215  86 638 0  56 1 10 1 2 4 8 16 32 64 128 256 512
 216 191  17 0  80 1 10 1 2 4 8 16 32 64 128 256 512
 217 338 910 0  75 1 10 1 2 4 8 16 32 64 128 256 512
 218 648 105 0  69 1 10 1 2 4 8 16 32 64 128 256 512
 219 689 785 0  36 1 10 1 2 4 8 16 32 64 128 256 512
 220 776 791 0  41 1 10 1 2 4 8 16 32 64 128 256 512
 221 140  30 0  69 1 10 1 2 4 8 16 32 64 128 256 512
 222 964 955 0  23 1 10 1 2 4 8 16 32 64 128 256 512
 223 441 693 0  19 1 10 1 2 4 8 16 32 64 128 256 512
 224 327 603 0  25 1 10 1 2 4 8 16 32 64 128 256 512
 225 102 397 0  55 1 10 1 2 4 8 16 32 64 128 256 512
 226 187 584 0  73 1 10 1 2 4 8 16 32 64 128 256 512
 227 571 489 0  45 1 10 1 2 4 8 16 32 64 128 256 512
 228 239 685 0  73 1 10 1 2 4 8 16 32 64 128 256 512
 229 679 295 0  53 1 10 1 2 4 8 16 32 64 128 256 512
 230 366 250 0  92 1 10 1 2 4 8 16 32 64 128 256 512
 231 150 582 0  80 1 10 1 2 4 8 16 32 64 128 256 512
 232 760 472 0  74 1 10 1 2 4 8 16 32 64 128 256 512
 233  79 268 0  41 1 10 1 2 4 8 16 32 64 128 256 512
 234 236 433 0  24 1 10 1 2 4 8 16 32 64 128 256 512
 235 334 168 0  81 1 10 1 2 4 8 16 32 64 128 256 512
 236 577 724 0  99 1 10 1 2 4 8 16 32 64 128 256 512
 237 999 553 0  78 1 10 1 2 4 8 16 32 64 128 256 512
 238 779 657 0  99 1 10 1 2 4 8 16 32 64 128 256 512
 239 548 312 0  28 1 10 1 2 4 8 16 32 64 128 256 512
 240 224 359 0  95 1 10 1 2 4 8 16 32 64 128 256 512
 241 267 919 0  89 1 10 1 2 4 8 16 32 64 128 256 512
 242 977 747 0  56 1 10 1 2 4 8 16 32 64 128 256 512
 243 869 482 0  60 1 10 1 2 4 8 16 32 64 128 256 512
 244 883  19 0  17 1 10 1 2 4 8 16 32 64 128 256 512
 245 290  76 0  15 1 10 1 2 4 8 16 32 64 128 256 512
 246 211 234 0  95 1 10 1 2 4 8 16 32 64 128 256 512
 247 437 908 0   6 1 10 1 2 4 8 16 32 64 128 256 512
 248 507 671 0  69 1 10 1 2 4 8 16 32 64 128 256 512
 249 619  19 0  41 1 10 1 2 4 8 16 32 64 128 256 512
 250 569 272 0  13 1 10 1 2 4 8 16 32 64 128 256 512
 251 536 774 0  67 1 10 1 2 4 8 16 32 64 128 256 512
 252 317 960 0   7 1 10 1 2 4 8 16 32 64 128 256 512
 253 421 845 0  51 1 10 1 2 4 8 16 32 64 128 256 512
 254 900 304 0  52 1 10 1 2 4 8 16 32 64 128 256 512
 255 193 696 0  15 1 10 1 2 4 8 16 32 64 128 256 512
 256 506 640 0  30 1 10 1 2 4 8 16 32 64 128 256 512
 257 586 441 0   7 1 10 1 2 4 8 16 32 64 128 256 512
 258 622 766 0  43 1 10 1 2 4 8 16 32 64 128 256 512
 259 272 312 0  29 1 10 1 2 4 8 16 32 64 128 256 512
 260 215 179 0  76 1 10 1 2 4 8 16 32 64 128 256 512
 261  38 452 0  17 1 10 1 2 4 8 16 32 64 128 256 512
 262 693 928 0   8 1 10 1 2 4 8 16 32 64 128 256 512
 263 355 660 0   3 1 10 1 2 4 8 16 32 64 128 256 512
 264 371 372 0  13 1 10 1 2 4 8 16 32 64 128 256 512
 265 871 270 0  50 1 10 1 2 4 8 16 32 64 128 256 512
 266 821 312 0  64 1 10 1 2 4 8 16 32 64 128 256 512
 267 598 110 0   2 1 10 1 2 4 8 16 32 64 128 256 512
 268 303  29 0  60 1 10 1 2 4 8 16 32 64 128 256 512
 269 666 956 0  42 1 10 1 2 4 8 16 32 64 128 256 512
 270 821 101 0  72 1 10 1 2 4 8 16 32 64 128 256 512
 271 285 820 0  78 1 10 1 2 4 8 16 32 64 128 256 512
 272 165 476 0  61 1 10 1 2 4 8 16 32 64 128 256 512
 273 794 795 0  61 1 10 1 2 4 8 16 32 64 128 256 512
 274 631   8 0  13 1 10 1 2 4 8 16 32 64 128 256 512
 275 307 745 0  39 1 10 1 2 4 8 16 32 64 128 256 512
 276 335 799 0  39 1 10 1 2 4 8 16 32 64 128 256 512
 277 268 207 0  67 1 10 1 2 4 8 16 32 64 128 256 512
 278 275 392 0  60 1 10 1 2 4 8 16 32 64 128 256 512
 279 309 810 0  88 1 10 1 2 4 8 16 32 64 128 256 512
 280 624 954 0  72 1 10 1 2 4 8 16 32 64 128 256 512
 281 614 723 0  88 1 10 1 2 4 8 16 32 64 128 256 512
 282 762  32 0  93 1 10 1 2 4 8 16 32 64 128 256 512
 283 971 307 0  92 1 10 1 2 4 8 16 32 64 128 256 512
 284  44 732 0  12 1 10 1 2 4 8 16 32 64 128 256 512
 285  65 142 0  28 1 10 1 2 4 8 16 32 64 128 256 512
 286 393 969 0  37 1 10 1 2 4 8 16 32 64 128 256 512
 287 381 973 0  44 1 10 1 2 4 8 16 32 64 128 256 512
 288 131 965 0  75 1 10 1 2 4 8 16 32 64 128 256 512
 289 727 163 0  83 1 10 1 2 4 8 16 32 64 128 256 512
 290 357 135 0  71 1 10 1 2 4 8 16 32 64 128 256 512
 291 876 107 0  87 1 10 1 2 4 8 16 32 64 128 256 512
 292  48 107 0  90 1 10 1 2 4 8 16 32 64 128 256 512
 293 873 778 0   3 1 10 1 2 4 8 16 32 64 128 256 512
 294 157 253 0  84 1 10 1 2 4 8 16 32 64 128 256 512
 295 783 437 0   3 1 10 1 2 4 8 16 32 64 128 256 512
 296 421 567 0  43 1 10 1 2 4 8 16 32 64 128 256 512
 297 521 865 0  56 1 10 1 2 4 8 16 32 64 128 256 512
 298 193 926 0  55 1 10 1 2 4 8 16 32 64 128 256 512
 299 677 324 0  40 1 10 1 2 4 8 16 32 64 128 256 512
 300 215 483 0  13 1 10 1 2 4 8 16 32 64 128 256 512
 301 364 266 0  58 1 10 1 2 4 8 16 32 64 128 256 512
 302 322 842 0  65 1 10 1 2 4 8 16 32 64 128 256 512
 303 879 136 0  31 1 10 1 2 4 8 16 32 64 128 256 512
 304 420 628 0  82 1 10 1 2 4 8 16 32 64 128 256 512
 305 240  66 0  11 1 10 1 2 4 8 16 32 64 128 256 512
 306 682  92 0  79 1 10 1 2 4 8 16 32 64 128 256 512
 307 604 447 0  32 1 10 1 2 4 8 16 32 64 128 256 512
 308 655 220 0  29 1 10 1 2 4 8 16 32 64 128 256 512
 309 653 220 0  95 1 10 1 2 4 8 16 32 64 128 256 512
 310 209 515 0  77 1 10 1 2 4 8 16 32 64 128 256 512
 311 509 276 0  63 1 10 1 2 4 8 16 32 64 128 256 512
 312  35 445 0  10 1 10 1 2 4 8 16 32 64 128 256 512
 313 105 178 0   4 1 10 1 2 4 8 16 32 64 128 256 512
 314 966 557 0  69 1 10 1 2 4 8 16 32 64 128 256 512
 315 531 217 0  46 1 10 1 2 4 8 16 32 64 128 256 512
 316  86 595 0  48 1 10 1 2 4 8 16 32 64 128 256 512
 317 892 648 0 100 1 10 1 2 4 8 16 32 64 128 256 512
 318   5  37 0  25 1 10 1 2 4 8 16 32 64 128 256 512
 319 768 639 0  55 1 10 1 2 4 8 16 32 64 128 256 512
 320   5 875 0  38 1 10 1 2 4 8 16 32 64 128 256 512
 321 320 214 0  13 1 10 1 2 4 8 16 32 64 128 256 512
 322 234 513 0  57 1 10 1 2 4 8 16 32 64 128 256 512
 323 685 347 0  44 1 10 1 2 4 8 16 32 64 128 256 512
 324 100 412 0  42 1 10 1 2 4 8 16 32 64 128 256 512
 325 887 383 0  24 1 10 1 2 4 8 16 32 64 128 256 512
 326 170  82 0  16 1 10 1 2 4 8 16 32 64 128 256 512
 327 163 582 0   9 1 10 1 2 4 8 16 32 64 128 256 512
 328 554  82 0  89 1 10 1 2 4 8 16 32 64 128 256 512
 329 352 314 0  53 1 10 1 2 4 8 16 32 64 128 256 512
 330 840 325 0  44 1 10 1 2 4 8 16 32 64 128 256 512
 331  25 557 0  22 1 10 1 2 4 8 16 32 64 128 256 512
 332 204 612 0  23 1 10 1 2 4 8 16 32 64 128 256 512
 333 832 293 0  42 1 10 1 2 4 8 16 32 64 128 256 512
 334 689 533 0  71 1 10 1 2 4 8 16 32 64 128 256 512
 335 557 354 0  83 1 10 1 2 4 8 16 32 64 128 256 512
 336   9 789 0  87 1 10 1 2 4 8 16 32 64 128 256 512
 337  80 186 0  30 1 10 1 2 4 8 16 32 64 128 256 512
 338 254 844 0  18 1 10 1 2 4 8 16 32 64 128 256 512
 339 398 284 0  91 1 10 1 2 4 8 16 32 64 128 256 512
 340 527 310 0  12 1 10 1 2 4 8 16 32 64 128 256 512
 341 691 935 0  55 1 10 1 2 4 8 16 32 64 128 256 512
 342 764  44 0  83 1 10 1 2 4 8 16 32 64 128 256 512
 343 215 150 0  46 1 10 1 2 4 8 16 32 64 128 256 512
 344  49 751 0   8 1 10 1 2 4 8 16 32 64 128 256 512
 345 787 738 0  26 1 10 1 2 4 8 16 32 64 128 256 512
 346 461 203 0  14 1 10 1 2 4 8 16 32 64 128 256 512
 347 141 601 0  27 1 10 1 2 4 8 16 32 64 128 256 512
 348 277 570 0  91 1 10 1 2 4 8 16 32 64 128 256 512
 349 602 238 0  73 1 10 1 2 4 8 16 32 64 128 256 512
 350 144  51 0  73 1 10 1 2 4 8 16 32 64 128 256 512
 351 809 867 0  20 1 10 1 2 4 8 16 32 64 128 256 512
 352 791 843 0  66 1 10 1 2 4 8 16 32 64 128 256 512
 353 199 312 0  22 1 10 1 2 4 8 16 32 64 128 256 512
 354 276 152 0  36 1 10 1 2 4 8 16 32 64 128 256 512
 355 322 150 0  97 1 10 1 2 4 8 16 32 64 128 256 512
 356 922 250 0  13 1 10 1 2 4 8 16 32 64 128 256 512
 357 857 562 0  36 1 10 1 2 4 8 16 32 64 128 256 512
 358 630 817 0  96 1 10 1 2 4 8 16 32 64 128 256 512
 359 800 712 0  39 1 10 1 2 4 8 16 32 64 128 256 512
 360 740 305 0  97 1 10 1 2 4 8 16 32 64 128 256 512
 361 646 673 0  17 1 10 1 2 4 8 16 32 64 128 256 512
 362 506 291 0  10 1 10 1 2 4 8 16 32 64 128 256 512
 363 672 125 0   2 1 10 1 2 4 8 16 32 64 128 256 512
 364 257 759 0  28 1 10 1 2 4 8 16 32 64 128 256 512
 365 685 867 0  34 1 10 1 2 4 8 16 32 64 128 256 512
 366 547 162 0  63 1 10 1 2 4 8 16 32 64 128 256 512
 367 197 727 0 100 1 10 1 2 4 8 16 32 64 128 256 512
 368 318 236 0  70 1 10 1 2 4 8 16 32 64 128 256 512
 369 813 214 0  79 1 10 1 2 4 8 16 32 64 128 256 512
 370 288 542 0  69 1 10 1 2 4 8 16 32 64 128 256 512
 371  95 433 0  17 1 10 1 2 4 8 16 32 64 128 256 512
 372 638 947 0  36 1 10 1 2 4 8 16 32 64 128 256 512
 373 186 785 0  92 1 10 1 2 4 8 16 32 64 128 256 512
 374 761 986 0   5 1 10 1 2 4 8 16 32 64 128 256 512
 375 333 174 0  58 1 10 1 2 4 8 16 32 64 128 256 512
 376 742 298 0  11 1 10 1 2 4 8 16 32 64 128 256 512
 377 818 757 0  64 1 10 1 2 4 8 16 32 64 128 256 512
 378  89 966 0  74 1 10 1 2 4 8 16 32 64 128 256 512
 379  75 650 0  51 1 10 1 2 4 8 16 32 64 128 256 512
 380 718 217 0  89 1 10 1 2 4 8 16 32 64 128 256 512
 381 465 114 0  38 1 10 1 2 4 8 16 32 64 128 256 512
 382 734 883 0  65 1 10 1 2 4 8 16 32 64 128 256 512
 383 886 531 0  42 1 10 1 2 4 8 16 32 64 128 256 512
 384   2 804 0  87 1 10 1 2 4 8 16 32 64 128 256 512
 385 808  50 0  68 1 10 1 2 4 8 16 32 64 128 256 512
 386  34 859 0   7 1 10 1 2 4 8 16 32 64 128 256 512
 387  64 681 0  37 1 10 1 2 4 8 16 32 64 128 256 512
 388 156 408 0  68 1 10 1 2 4 8 16 32 64 128 256 512
 389 624 542 0  90 1 10 1 2 4 8 16 32 64 128 256 512
 390 820 571 0  12 1 10 1 2 4 8 16 32 64 128 256 512
 391 875 226 0  83 1 10 1 2 4 8 16 32 64 128 256 512
 392 628 939 0  93 1 10 1 2 4 8 16 32 64 128 256 512
 393  62 447 0  48 1 10 1 2 4 8 16 32 64 128 256 512
 394  17 784 0  40 1 10 1 2 4 8 16 32 64 128 256 512
 395 259 720 0  24 1 10 1 2 4 8 16 32 64 128 256 512
 396 455 536 0   5 1 10 1 2 4 8 16 32 64 128 256 512
 397 551  40 0  26 1 10 1 2 4 8 16 32 64 128 256 512
 398 711 680 0  97 1 10 1 2 4 8 16 32 64 128 256 512
 399 232 389 0  82 1 10 1 2 4 8 16 32 64 128 256 512
 400 891  80 0   8 1 10 1 2 4 8 16 32 64 128 256 512
 401  39 635 0  74 1 10 1 2 4 8 16 32 64 128 256 512
 402 755  35 0  21 1 10 1 2 4 8 16 32 64 128 256 512
 403 623 451 0  37 1 10 1 2 4 8 16 32 64 128 256 512
 404   7 574 0  98 1 10 1 2 4 8 16 32 64 128 256 512
 405 115 929 0  22 1 10 1 2 4 8 16 32 64 128 256 512
 406 833 861 0  67 1 10 1 2 4 8 16 32 64 128 256 512
 407 198 423 0  76 1 10 1 2 4 8 16 32 64 128 256 512
 408 472 598 0  83 1 10 1 2 4 8 16 32 64 128 256 512
 409 691 119 0  29 1 10 1 2 4 8 16 32 64 128 256 512
 410 505 717 0  65 1 10 1 2 4 8 16 32 64 128 256 512
 411 916 964 0  12 1 10 1 2 4 8 16 32 64 128 256 512
 412 412 105 0  36 1 10 1 2 4 8 16 32 64 128 256 512
 413 326 481 0  87 1 10 1 2 4 8 16 32 64 128 256 512
 414 859 159 0  64 1 10 1 2 4 8 16 32 64 128 256 512
 415 968 784 0  11 1 10 1 2 4 8 16 32 64 128 256 512
 416 956  64 0  36 1 10 1 2 4 8 16 32 64 128 256 512
 417 844 324 0  94 1 10 1 2 4 8 16 32 64 128 256 512
 418 792 330 0  72 1 10 1 2 4 8 16 32 64 128 256 512
 419 112 168 0  69 1 10 1 2 4 8 16 32 64 128 256 512
 420 603 107 0  20 1 10 1 2 4 8 16 32 64 128 256 512
 421 652 236 0  35 1 10 1 2 4 8 16 32 64 128 256 512
 422 529 262 0   5 1 10 1 2 4 8 16 32 64 128 256 512
 423 109 330 0  13 1 10 1 2 4 8 16 32 64 128 256 512
 424 217 408 0  58 1 10 1 2 4 8 16 32 64 128 256 512
 425 211 834 0  23 1 10 1 2 4 8 16 32 64 128 256 512
 426 454 632 0  66 1 10 1 2 4 8 16 32 64 128 256 512
 427 389 325 0  35 1 10 1 2 4 8 16 32 64 128 256 512
 428 131 715 0  43 1 10 1 2 4 8 16 32 64 128 256 512
 429 424 607 0  19 1 10 1 2 4 8 16 32 64 128 256 512
 430 536 864 0  98 1 10 1 2 4 8 16 32 64 128 256 512
 431 559 845 0  58 1 10 1 2 4 8 16 32 64 128 256 512
 432 590 366 0  54 1 10 1 2 4 8 16 32 64 128 256 512
 433 266 692 0  88 1 10 1 2 4 8 16 32 64 128 256 512
 434 895 597 0  25 1 10 1 2 4 8 16 32 64 128 256 512
 435 619 674 0  51 1 10 1 2 4 8 16 32 64 128 256 512
 436 332 698 0  50 1 10 1 2 4 8 16 32 64 128 256 512
 437 134 761 0  72 1 10 1 2 4 8 16 32 64 128 256 512
 438 315 598 0  76 1 10 1 2 4 8 16 32 64 128 256 512
 439 521 578 0  82 1 10 1 2 4 8 16 32 64 128 256 512
 440 857 189 0  32 1 10 1 2 4 8 16 32 64 128 256 512
 441 321  74 0  84 1 10 1 2 4 8 16 32 64 128 256 512
 442 741 322 0   8 1 10 1 2 4 8 16 32 64 128 256 512
 443 691 593 0  91 1 10 1 2 4 8 16 32 64 128 256 512
 444  53 906 0  28 1 10 1 2 4 8 16 32 64 128 256 512
 445 380 502 0  88 1 10 1 2 4 8 16 32 64 128 256 512
 446 224 654 0  94 1 10 1 2 4 8 16 32 64 128 256 512
 447 811  80 0  26 1 10 1 2 4 8 16 32 64 128 256 512
 448 391 770 0  18 1 10 1 2 4 8 16 32 64 128 256 512
 449 928 959 0   9 1 10 1 2 4 8 16 32 64 128 256 512
 450 720 996 0  19 1 10 1 2 4 8 16 32 64 128 256 512
 451  43 640 0  54 1 10 1 2 4 8 16 32 64 128 256 512
 452 410 748 0  64 1 10 1 2 4 8 16 32 64 128 256 512
 453 689 172 0  88 1 10 1 2 4 8 16 32 64 128 256 512
 454 686 503 0   8 1 10 1 2 4 8 16 32 64 128 256 512
 455 128 229 0 100 1 10 1 2 4 8 16 32 64 128 256 512
 456 120 101 0  39 1 10 1 2 4 8 16 32 64 128 256 512
 457 307 363 0   1 1 10 1 2 4 8 16 32 64 128 256 512
 458 377 787 0   7 1 10 1 2 4 8 16 32 64 128 256 512
 459  56 409 0  64 1 10 1 2 4 8 16 32 64 128 256 512
 460   3 858 0  67 1 10 1 2 4 8 16 32 64 128 256 512
 461 398  93 0  37 1 10 1 2 4 8 16 32 64 128 256 512
 462 267 437 0  34 1 10 1 2 4 8 16 32 64 128 256 512
 463 456 161 0  54 1 10 1 2 4 8 16 32 64 128 256 512
 464 237 422 0  44 1 10 1 2 4 8 16 32 64 128 256 512
 465 104 848 0  27 1 10 1 2 4 8 16 32 64 128 256 512
 466  31 570 0  24 1 10 1 2 4 8 16 32 64 128 256 512
 467 790 611 0  63 1 10 1 2 4 8 16 32 64 128 256 512
 468 543 584 0  74 1 10 1 2 4 8 16 32 64 128 256 512
 469 982  22 0  39 1 10 1 2 4 8 16 32 64 128 256 512
 470 438 612 0  25 1 10 1 2 4 8 16 32 64 128 256 512
 471 541 266 0  23 1 10 1 2 4 8 16 32 64 128 256 512
 472 182 498 0  76 1 10 1 2 4 8 16 32 64 128 256 512
 473 445 771 0  20 1 10 1 2 4 8 16 32 64 128 256 512
 474 178 788 0  20 1 10 1 2 4 8 16 32 64 128 256 512
 475 149 134 0  65 1 10 1 2 4 8 16 32 64 128 256 512
 476 584 119 0   6 1 10 1 2 4 8 16 32 64 128 256 512
 477 688 222 0  10 1 10 1 2 4 8 16 32 64 128 256 512
 478 156 357 0  34 1 10 1 2 4 8 16 32 64 128 256 512
 479 704 306 0  30 1 10 1 2 4 8 16 32 64 128 256 512
 480 750  61 0  74 1 10 1 2 4 8 16 32 64 128 256 512
 481  15  10 0 100 1 10 1 2 4 8 16 32 64 128 256 512
 482 828 546 0   5 1 10 1 2 4 8 16 32 64 128 256 512
 483 769 670 0  18 1 10 1 2 4 8 16 32 64 128 256 512
 484 591  82 0  12 1 10 1 2 4 8 16 32 64 128 256 512
 485 904  71 0  44 1 10 1 2 4 8 16 32 64 128 256 512
 486  99 606 0  49 1 10 1 2 4 8 16 32 64 128 256 512
 487 794 320 0  71 1 10 1 2 4 8 16 32 64 128 256 512
 488 942 487 0  61 1 10 1 2 4 8 16 32 64 128 256 512
 489 689 607 0  73 1 10 1 2 4 8 16 32 64 128 256 512
 490 792 466 0  15 1 10 1 2 4 8 16 32 64 128 256 512
 491 399 360 0  74 1 10 1 2 4 8 16 32 64 128 256 512
 492 359 317 0  35 1 10 1 2 4 8 16 32 64 128 256 512
 493  87 266 0   2 1 10 1 2 4 8 16 32 64 128 256 512
 494 274 986 0   8 1 10 1 2 4 8 16 32 64 128 256 512
 495 725 900 0  79 1 10 1 2 4 8 16 32 64 128 256 512
 496 611 193 0  56 1 10 1 2 4 8 16 32 64 128 256 512
 497 923 462 0  89 1 10 1 2 4 8 16 32 64 128 256 512
 498  90 298 0  25 1 10 1 2 4 8 16 32 64 128 256 512
 499 592 250 0  22 1 10 1 2 4 8 16 32 64 128 256 512
 500 393 837 0   2 1 10 1 2 4 8 16 32 64 128 256 512
 501 460 925 0  59 1 10 1 2 4 8 16 32 64 128 256 512
 502 844 607 0  38 1 10 1 2 4 8 16 32 64 128 256 512
 503 619   4 0  57 1 10 1 2 4 8 16 32 64 128 256 512
 504 143 817 0  18 1 10 1 2 4 8 16 32 64 128 256 512
 505 425 511 0   1 1 10 1 2 4 8 16 32 64 128 256 512
 506  33 358 0  99 1 10 1 2 4 8 16 32 64 128 256 512
 507 339 484 0  29 1 10 1 2 4 8 16 32 64 128 256 512
 508 246  75 0  55 1 10 1 2 4 8 16 32 64 128 256 512
 509 599  25 0  16 1 10 1 2 4 8 16 32 64 128 256 512
 510 668 428 0  81 1 10 1 2 4 8 16 32 64 128 256 512
 511 306 854 0  43 1 10 1 2 4 8 16 32 64 128 256 512
 512 699 674 0  59 1 10 1 2 4 8 16 32 64 128 256 512
 513 358 733 0  46 1 10 1 2 4 8 16 32 64 128 256 512
 514  33 124 0  58 1 10 1 2 4 8 16 32 64 128 256 512
 515 751 232 0  23 1 10 1 2 4 8 16 32 64 128 256 512
 516  73 840 0  85 1 10 1 2 4 8 16 32 64 128 256 512
 517 416 136 0  16 1 10 1 2 4 8 16 32 64 128 256 512
 518 104 210 0  81 1 10 1 2 4 8 16 32 64 128 256 512
 519 251 546 0  18 1 10 1 2 4 8 16 32 64 128 256 512
 520 186 485 0  91 1 10 1 2 4 8 16 32 64 128 256 512
 521 156 391 0  94 1 10 1 2 4 8 16 32 64 128 256 512
 522 177 672 0  66 1 10 1 2 4 8 16 32 64 128 256 512
 523 794 762 0  67 1 10 1 2 4 8 16 32 64 128 256 512
 524 772 286 0  33 1 10 1 2 4 8 16 32 64 128 256 512
 525 674 891 0  33 1 10 1 2 4 8 16 32 64 128 256 512
 526 800 866 0  45 1 10 1 2 4 8 16 32 64 128 256 512
 527 395  21 0   4 1 10 1 2 4 8 16 32 64 128 256 512
 528 444 337 0  83 1 10 1 2 4 8 16 32 64 128 256 512
 529 274 218 0  20 1 10 1 2 4 8 16 32 64 128 256 512
 530 357  75 0  72 1 10 1 2 4 8 16 32 64 128 256 512
 531 593  56 0  71 1 10 1 2 4 8 16 32 64 128 256 512
 532 888 796 0  42 1 10 1 2 4 8 16 32 64 128 256 512
 533 877 210 0  81 1 10 1 2 4 8 16 32 64 128 256 512
 534 763 469 0  78 1 10 1 2 4 8 16 32 64 128 256 512
 535 283 347 0  99 1 10 1 2 4 8 16 32 64 128 256 512
 536 695 124 0  50 1 10 1 2 4 8 16 32 64 128 256 512
 537 432 218 0   1 1 10 1 2 4 8 16 32 64 128 256 512
 538 730 905 0  10 1 10 1 2 4 8 16 32 64 128 256 512
 539 994 411 0  83 1 10 1 2 4 8 16 32 64 128 256 512
 540 652 529 0  43 1 10 1 2 4 8 16 32 64 128 256 512
 541 396 946 0  16 1 10 1 2 4 8 16 32 64 128 256 512
 542 387  33 0  69 1 10 1 2 4 8 16 32 64 128 256 512
 543 678 623 0   9 1 10 1 2 4 8 16 32 64 128 256 512
 544 537 959 0  35 1 10 1 2 4 8 16 32 64 128 256 512
 545 683  38 0  41 1 10 1 2 4 8 16 32 64 128 256 512
 546 433 346 0  48 1 10 1 2 4 8 16 32 64 128 256 512
 547 468 174 0  55 1 10 1 2 4 8 16 32 64 128 256 512
 548 334 820 0  99 1 10 1 2 4 8 16 32 64 128 256 512
 549 500 927 0  30 1 10 1 2 4 8 16 32 64 128 256 512
 550 665 806 0  81 1 10 1 2 4 8 16 32 64 128 256 512
 551 435 324 0   9 1 10 1 2 4 8 16 32 64 128 256 512
 552 225 990 0  37 1 10 1 2 4 8 16 32 64 128 256 512
 553 863 597 0  64 1 10 1 2 4 8 16 32 64 128 256 512
 554 388 229 0  67 1 10 1 2 4 8 16 32 64 128 256 512
 555 418 307 0  76 1 10 1 2 4 8 16 32 64 128 256 512
 556 220 192 0  37 1 10 1 2 4 8 16 32 64 128 256 512
 557 115 432 0  84 1 10 1 2 4 8 16 32 64 128 256 512
 558 406 246 0  41 1 10 1 2 4 8 16 32 64 128 256 512
 559 180 514 0  44 1 10 1 2 4 8 16 32 64 128 256 512
 560 901 628 0   2 1 10 1 2 4 8 16 32 64 128 256 512
 561 378  60 0  29 1 10 1 2 4 8 16 32 64 128 256 512
 562  18 849 0  89 1 10 1 2 4 8 16 32 64 128 256 512
 563 323 809 0  21 1 10 1 2 4 8 16 32 64 128 256 512
 564 672 426 0  92 1 10 1 2 4 8 16 32 64 128 256 512
 565 776 795 0  58 1 10 1 2 4 8 16 32 64 128 256 512
 566 140 334 0  56 1 10 1 2 4 8 16 32 64 128 256 512
 567 552 727 0  96 1 10 1 2 4 8 16 32 64 128 256 512
 568  39 218 0  56 1 10 1 2 4 8 16 32 64 128 256 512
 569 716 954 0  24 1 10 1 2 4 8 16 32 64 128 256 512
 570 337 454 0  81 1 10 1 2 4 8 16 32 64 128 256 512
 571 286 642 0  78 1 10 1 2 4 8 16 32 64 128 256 512
 572 468 183 0   1 1 10 1 2 4 8 16 32 64 128 256 512
 573 216 682 0   5 1 10 1 2 4 8 16 32 64 128 256 512
 574 394 839 0  44 1 10 1 2 4 8 16 32 64 128 256 512
 575  76 890 0  48 1 10 1 2 4 8 16 32 64 128 256 512
 576 973 470 0  94 1 10 1 2 4 8 16 32 64 128 256 512
 577 462  23 0  39 1 10 1 2 4 8 16 32 64 128 256 512
 578  54 215 0  79 1 10 1 2 4 8 16 32 64 128 256 512
 579 283  66 0  64 1 10 1 2 4 8 16 32 64 128 256 512
 580 513  80 0  29 1 10 1 2 4 8 16 32 64 128 256 512
 581 790 984 0  30 1 10 1 2 4 8 16 32 64 128 256 512
 582 588 512 0  23 1 10 1 2 4 8 16 32 64 128 256 512
 583 843 686 0  94 1 10 1 2 4 8 16 32 64 128 256 512
 584 547 842 0  61 1 10 1 2 4 8 16 32 64 128 256 512
 585 700  92 0  75 1 10 1 2 4 8 16 32 64 128 256 512
 586 516 482 0   6 1 10 1 2 4 8 16 32 64 128 256 512
 587 449  11 0  56 1 10 1 2 4 8 16 32 64 128 256 512
 588 869 288 0  83 1 10 1 2 4 8 16 32 64 128 256 512
 589 941 702 0  99 1 10 1 2 4 8 16 32 64 128 256 512
 590 671 873 0  90 1 10 1 2 4 8 16 32 64 128 256 512
 591 814 345 0  70 1 10 1 2 4 8 16 32 64 128 256 512
 592 475 809 0  26 1 10 1 2 4 8 16 32 64 128 256 512
 593 798 203 0  52 1 10 1 2 4 8 16 32 64 128 256 512
 594  96 763 0  52 1 10 1 2 4 8 16 32 64 128 256 512
 595 340 560 0  28 1 10 1 2 4 8 16 32 64 128 256 512
 596 760 868 0  32 1 10 1 2 4 8 16 32 64 128 256 512
 597 238 493 0  33 1 10 1 2 4 8 16 32 64 128 256 512
 598 538 627 0  59 1 10 1 2 4 8 16 32 64 128 256 512
 599 420  74 0  93 1 10 1 2 4 8 16 32 64 128 256 512
 600 107 652 0  33 1 10 1 2 4 8 16 32 64 128 256 512
 601 316 355 0  33 1 10 1 2 4 8 16 32 64 128 256 512
 602  55 525 0  78 1 10 1 2 4 8 16 32 64 128 256 512
 603 496 112 0  60 1 10 1 2 4 8 16 32 64 128 256 512
 604 470 967 0  88 1 10 1 2 4 8 16 32 64 128 256 512
 605 740 288 0  34 1 10 1 2 4 8 16 32 64 128 256 512
 606 361 985 0  71 1 10 1 2 4 8 16 32 64 128 256 512
 607 566 435 0  78 1 10 1 2 4 8 16 32 64 128 256 512
 608 682 519 0  83 1 10 1 2 4 8 16 32 64 128 256 512
 609 345 328 0  54 1 10 1 2 4 8 16 32 64 128 256 512
 610  51 907 0   1 1 10 1 2 4 8 16 32 64 128 256 512
 611 644 990 0  69 1 10 1 2 4 8 16 32 64 128 256 512
 612 678 600 0  49 1 10 1 2 4 8 16 32 64 128 256 512
 613 933 436 0  55 1 10 1 2 4 8 16 32 64 128 256 512
 614 147 709 0  81 1 10 1 2 4 8 16 32 64 128 256 512
 615 948 199 0  78 1 10 1 2 4 8 16 32 64 128 256 512
 616  72 397 0  60 1 10 1 2 4 8 16 32 64 128 256 512
 617 244 987 0  12 1 10 1 2 4 8 16 32 64 128 256 512
 618 549  42 0  44 1 10 1 2 4 8 16 32 64 128 256 512
 619 501 133 0  87 1 10 1 2 4 8 16 32 64 128 256 512
 620 344 260 0   4 1 10 1 2 4 8 16 32 64 128 256 512
 621 656 668 0  74 1 10 1 2 4 8 16 32 64 128 256 512
 622 705 829 0  58 1 10 1 2 4 8 16 32 64 128 256 512
 623 119 822 0  67 1 10 1 2 4 8 16 32 64 128 256 512
 624  58 145 0  93 1 10 1 2 4 8 16 32 64 128 256 512
 625 148 529 0  72 1 10 1 2 4 8 16 32 64 128 256 512
 626 563 138 0  66 1 10 1 2 4 8 16 32 64 128 256 512
 627 296 874 0  35 1 10 1 2 4 8 16 32 64 128 256 512
 628 987 830 0  71 1 10 1 2 4 8 16 32 64 128 256 512
 629 670 361 0  81 1 10 1 2 4 8 16 32 64 128 256 512
 630 572 842 0  95 1 10 1 2 4 8 16 32 64 128 256 512
 631 507 224 0  49 1 10 1 2 4 8 16 32 64 128 256 512
 632 489 104 0  55 1 10 1 2 4 8 16 32 64 128 256 512
 633 501 266 0  97 1 10 1 2 4 8 16 32 64 128 256 512
 634 409 485 0  62 1 10 1 2 4 8 16 32 64 128 256 512
 635 390  66 0  76 1 10 1 2 4 8 16 32 64 128 256 512
 636 736 676 0  99 1 10 1 2 4 8 16 32 64 128 256 512
 637 439 747 0  55 1 10 1 2 4 8 16 32 64 128 256 512
 638 384 743 0  46 1 10 1 2 4 8 16 32 64 128 256 512
 639 623  99 0   2 1 10 1 2 4 8 16 32 64 128 256 512
 640 812 905 0  85 1 10 1 2 4 8 16 32 64 128 256 512
 641 510 625 0  25 1 10 1 2 4 8 16 32 64 128 256 512
 642 362 361 0  11 1 10 1 2 4 8 16 32 64 128 256 512
 643 852 407 0  92 1 10 1 2 4 8 16 32 64 128 256 512
 644 520 446 0  33 1 10 1 2 4 8 16 32 64 128 256 512
 645 829 379 0  27 1 10 1 2 4 8 16 32 64 128 256 512
 646 394 379 0   1 1 10 1 2 4 8 16 32 64 128 256 512
 647 920 990 0  71 1 10 1 2 4 8 16 32 64 128 256 512
 648 150 663 0  71 1 10 1 2 4 8 16 32 64 128 256 512
 649 267 730 0  89 1 10 1 2 4 8 16 32 64 128 256 512
 650 360 687 0  18 1 10 1 2 4 8 16 32 64 128 256 512
 651 677 699 0  65 1 10 1 2 4 8 16 32 64 128 256 512
 652 856 554 0  87 1 10 1 2 4 8 16 32 64 128 256 512
 653 176 797 0  80 1 10 1 2 4 8 16 32 64 128 256 512
 654 193 886 0  64 1 10 1 2 4 8 16 32 64 128 256 512
 655  70 368 0  38 1 10 1 2 4 8 16 32 64 128 256 512
 656 552 558 0  86 1 10 1 2 4 8 16 32 64 128 256 512
 657 446 107 0  30 1 10 1 2 4 8 16 32 64 128 256 512
 658 624 838 0  21 1 10 1 2 4 8 16 32 64 128 256 512
 659 347 268 0  69 1 10 1 2 4 8 16 32 64 128 256 512
 660 279 911 0  12 1 10 1 2 4 8 16 32 64 128 256 512
 661 236  81 0   3 1 10 1 2 4 8 16 32 64 128 256 512
 662 600 805 0  78 1 10 1 2 4 8 16 32 64 128 256 512
 663 325 136 0  41 1 10 1 2 4 8 16 32 64 128 256 512
 664 211 622 0  43 1 10 1 2 4 8 16 32 64 128 256 512
 665 139 386 0  94 1 10 1 2 4 8 16 32 64 128 256 512
 666 506 629 0  52 1 10 1 2 4 8 16 32 64 128 256 512
 667 382 555 0  33 1 10 1 2 4 8 16 32 64 128 256 512
 668  85  38 0  58 1 10 1 2 4 8 16 32 64 128 256 512
 669 830 383 0  61 1 10 1 2 4 8 16 32 64 128 256 512
 670 125 764 0  60 1 10 1 2 4 8 16 32 64 128 256 512
 671  18 703 0  85 1 10 1 2 4 8 16 32 64 128 256 512
 672 774 236 0  63 1 10 1 2 4 8 16 32 64 128 256 512
 673 222 686 0  55 1 10 1 2 4 8 16 32 64 128 256 512
 674 974 927 0  22 1 10 1 2 4 8 16 32 64 128 256 512
 675 185 344 0  89 1 10 1 2 4 8 16 32 64 128 256 512
 676 345 577 0  79 1 10 1 2 4 8 16 32 64 128 256 512
 677   1 481 0  93 1 10 1 2 4 8 16 32 64 128 256 512
 678 344 148 0  29 1 10 1 2 4 8 16 32 64 128 256 512
 679  96  32 0  21 1 10 1 2 4 8 16 32 64 128 256 512
 680 389 450 0  92 1 10 1 2 4 8 16 32 64 128 256 512
 681 610 154 0   3 1 10 1 2 4 8 16 32 64 128 256 512
 682 487  94 0   9 1 10 1 2 4 8 16 32 64 128 256 512
 683  27 222 0  68 1 10 1 2 4 8 16 32 64 128 256 512
 684 545 302 0  73 1 10 1 2 4 8 16 32 64 128 256 512
 685 439 919 0  53 1 10 1 2 4 8 16 32 64 128 256 512
 686 319 523 0  15 1 10 1 2 4 8 16 32 64 128 256 512
 687 883 485 0  82 1 10 1 2 4 8 16 32 64 128 256 512
 688 127 775 0  54 1 10 1 2 4 8 16 32 64 128 256 512
 689 730 156 0  13 1 10 1 2 4 8 16 32 64 128 256 512
 690 833 574 0   3 1 10 1 2 4 8 16 32 64 128 256 512
 691 565 199 0  34 1 10 1 2 4 8 16 32 64 128 256 512
 692 176 626 0  22 1 10 1 2 4 8 16 32 64 128 256 512
 693 411 800 0  23 1 10 1 2 4 8 16 32 64 128 256 512
 694 375 869 0  60 1 10 1 2 4 8 16 32 64 128 256 512
 695 370   5 0  76 1 10 1 2 4 8 16 32 64 128 256 512
 696 181 461 0  21 1 10 1 2 4 8 16 32 64 128 256 512
 697 488  77 0  30 1 10 1 2 4 8 16 32 64 128 256 512
 698 216 355 0  91 1 10 1 2 4 8 16 32 64 128 256 512
 699 786 693 0  15 1 10 1 2 4 8 16 32 64 128 256 512
 700 173 725 0  53 1 10 1 2 4 8 16 32 64 128 256 512
 701 235 223 0  25 1 10 1 2 4 8 16 32 64 128 256 512
 702  30 158 0  19 1 10 1 2 4 8 16 32 64 128 256 512
 703 978 515 0  22 1 10 1 2 4 8 16 32 64 128 256 512
 704 497 749 0  14 1 10 1 2 4 8 16 32 64 128 256 512
 705 511 767 0  56 1 10 1 2 4 8 16 32 64 128 256 512
 706 261 571 0   3 1 10 1 2 4 8 16 32 64 128 256 512
 707  17 589 0  74 1 10 1 2 4 8 16 32 64 128 256 512
 708 676 167 0  52 1 10 1 2 4 8 16 32 64 128 256 512
 709 997 606 0  18 1 10 1 2 4 8 16 32 64 128 256 512
 710 428 392 0  33 1 10 1 2 4 8 16 32 64 128 256 512
 711  23 109 0  72 1 10 1 2 4 8 16 32 64 128 256 512
 712 715 381 0  52 1 10 1 2 4 8 16 32 64 128 256 512
 713 419 272 0   2 1 10 1 2 4 8 16 32 64 128 256 512
 714 202  78 0  16 1 10 1 2 4 8 16 32 64 128 256 512
 715 436 890 0  79 1 10 1 2 4 8 16 32 64 128 256 512
 716 663 450 0  28 1 10 1 2 4 8 16 32 64 128 256 512
 717   1 432 0  56 1 10 1 2 4 8 16 32 64 128 256 512
 718 955 348 0  66 1 10 1 2 4 8 16 32 64 128 256 512
 719  48 211 0  57 1 10 1 2 4 8 16 32 64 128 256 512
 720 579 638 0  27 1 10 1 2 4 8 16 32 64 128 256 512
 721 220 983 0  32 1 10 1 2 4 8 16 32 64 128 256 512
 722 358 757 0  38 1 10 1 2 4 8 16 32 64 128 256 512
 723 537 596 0  66 1 10 1 2 4 8 16 32 64 128 256 512
 724 746 350 0  26 1 10 1 2 4 8 16 32 64 128 256 512
 725 874 279 0  87 1 10 1 2 4 8 16 32 64 128 256 512
 726 708 155 0  38 1 10 1 2 4 8 16 32 64 128 256 512
 727 928 320 0  96 1 10 1 2 4 8 16 32 64 128 256 512
 728 503  71 0  81 1 10 1 2 4 8 16 32 64 128 256 512
 729 768 103 0  63 1 10 1 2 4 8 16 32 64 128 256 512
 730 306 115 0  39 1 10 1 2 4 8 16 32 64 128 256 512
 731 300 124 0  62 1 10 1 2 4 8 16 32 64 128 256 512
 732 990 980 0  21 1 10 1 2 4 8 16 32 64 128 256 512
 733 788 418 0  26 1 10 1 2 4 8 16 32 64 128 256 512
 734 585 869 0   5 1 10 1 2 4 8 16 32 64 128 256 512
 735 588 844 0  65 1 10 1 2 4 8 16 32 64 128 256 512
 736 959 187 0   9 1 10 1 2 4 8 16 32 64 128 256 512
 737 709 828 0  68 1 10 1 2 4 8 16 32 64 128 256 512
 738 620 302 0  23 1 10 1 2 4 8 16 32 64 128 256 512
 739 380 524 0  33 1 10 1 2 4 8 16 32 64 128 256 512
 740 494 642 0  48 1 10 1 2 4 8 16 32 64 128 256 512
 741 465 667 0  41 1 10 1 2 4 8 16 32 64 128 256 512
 742 217 936 0  74 1 10 1 2 4 8 16 32 64 128 256 512
 743 429 185 0  64 1 10 1 2 4 8 16 32 64 128 256 512
 744 295 400 0  55 1 10 1 2 4 8 16 32 64 128 256 512
 745 659 853 0  54 1 10 1 2 4 8 16 32 64 128 256 512
 746 213 234 0  15 1 10 1 2 4 8 16 32 64 128 256 512
 747 526 117 0  53 1 10 1 2 4 8 16 32 64 128 256 512
 748 345 641 0  70 1 10 1 2 4 8 16 32 64 128 256 512
 749 305 747 0   7 1 10 1 2 4 8 16 32 64 128 256 512
 750 995 352 0  91 1 10 1 2 4 8 16 32 64 128 256 512
 751 817 989 0  78 1 10 1 2 4 8 16 32 64 128 256 512
 752 573 986 0  33 1 10 1 2 4 8 16 32 64 128 256 512
 753 473 263 0  43 1 10 1 2 4 8 16 32 64 128 256 512
 754 598 227 0  30 1 10 1 2 4 8 16 32 64 128 256 512
 755 374 909 0  84 1 10 1 2 4 8 16 32 64 128 256 512
 756 929 774 0  21 1 10 1 2 4 8 16 32 64 128 256 512
 757 481 374 0  34 1 10 1 2 4 8 16 32 64 128 256 512
 758 836 599 0  95 1 10 1 2 4 8 16 32 64 128 256 512
 759 248 648 0  33 1 10 1 2 4 8 16 32 64 128 256 512
 760 382 692 0  29 1 10 1 2 4 8 16 32 64 128 256 512
 761 751  36 0  66 1 10 1 2 4 8 16 32 64 128 256 512
 762 393 342 0  76 1 10 1 2 4 8 16 32 64 128 256 512
 763 500 664 0  16 1 10 1 2 4 8 16 32 64 128 256 512
 764 244 656 0  61 1 10 1 2 4 8 16 32 64 128 256 512
 765 110 313 0  70 1 10 1 2 4 8 16 32 64 128 256 512
 766 639   6 0  51 1 10 1 2 4 8 16 32 64 128 256 512
 767 618  41 0  45 1 10 1 2 4 8 16 32 64 128 256 512
 768 777 519 0  79 1 10 1 2 4 8 16 32 64 128 256 512
 769 153 586 0  76 1 10 1 2 4 8 16 32 64 128 256 512
 770 337 198 0 100 1 10 1 2 4 8 16 32 64 128 256 512
 771 622 923 0  82 1 10 1 2 4 8 16 32 64 128 256 512
 772 747 971 0  26 1 10 1 2 4 8 16 32 64 128 256 512
 773 763 190 0  24 1 10 1 2 4 8 16 32 64 128 256 512
 774 927 346 0  60 1 10 1 2 4 8 16 32 64 128 256 512
 775 311 712 0  35 1 10 1 2 4 8 16 32 64 128 256 512
 776 867 606 0  52 1 10 1 2 4 8 16 32 64 128 256 512
 777 399 435 0   5 1 10 1 2 4 8 16 32 64 128 256 512
 778 775 275 0  53 1 10 1 2 4 8 16 32 64 128 256 512
 779 652 861 0  23 1 10 1 2 4 8 16 32 64 128 256 512
 780 104 700 0  60 1 10 1 2 4 8 16 32 64 128 256 512
 781 145 248 0  58 1 10 1 2 4 8 16 32 64 128 256 512
 782 411  51 0  35 1 10 1 2 4 8 16 32 64 128 256 512
 783 814 576 0  11 1 10 1 2 4 8 16 32 64 128 256 512
 784 762 880 0  94 1 10 1 2 4 8 16 32 64 128 256 512
 785 378 918 0  54 1 10 1 2 4 8 16 32 64 128 256 512
 786 226 935 0  21 1 10 1 2 4 8 16 32 64 128 256 512
 787 943 366 0  17 1 10 1 2 4 8 16 32 64 128 256 512
 788 859 386 0  40 1 10 1 2 4 8 16 32 64 128 256 512
 789 670 499 0  52 1 10 1 2 4 8 16 32 64 128 256 512
 790 871 521 0  93 1 10 1 2 4 8 16 32 64 128 256 512
 791  31  68 0  35 1 10 1 2 4 8 16 32 64 128 256 512
 792 948 210 0  15 1 10 1 2 4 8 16 32 64 128 256 512
 793 808 989 0  60 1 10 1 2 4 8 16 32 64 128 256 512
 794 954 550 0  31 1 10 1 2 4 8 16 32 64 128 256 512
 795 476 295 0  45 1 10 1 2 4 8 16 32 64 128 256 512
 796 599 610 0  41 1 10 1 2 4 8 16 32 64 128 256 512
 797   2 591 0  72 1 10 1 2 4 8 16 32 64 128 256 512
 798 632 138 0  63 1 10 1 2 4 8 16 32 64 128 256 512
 799 956 589 0  76 1 10 1 2 4 8 16 32 64 128 256 512
 800 127 165 0  12 1 10 1 2 4 8 16 32 64 128 256 512
 801 103 257 0  65 1 10 1 2 4 8 16 32 64 128 256 512
 802 267 624 0   5 1 10 1 2 4 8 16 32 64 128 256 512
 803  26  76 0  31 1 10 1 2 4 8 16 32 64 128 256 512
 804 264 601 0  22 1 10 1 2 4 8 16 32 64 128 256 512
 805 789 979 0  24 1 10 1 2 4 8 16 32 64 128 256 512
 806 195 237 0  72 1 10 1 2 4 8 16 32 64 128 256 512
 807 727 809 0  83 1 10 1 2 4 8 16 32 64 128 256 512
 808 894 510 0  99 1 10 1 2 4 8 16 32 64 128 256 512
 809 532 934 0   6 1 10 1 2 4 8 16 32 64 128 256 512
 810  19 171 0  54 1 10 1 2 4 8 16 32 64 128 256 512
 811 963 310 0   2 1 10 1 2 4 8 16 32 64 128 256 512
 812 227 926 0  57 1 10 1 2 4 8 16 32 64 128 256 512
 813 842  12 0  33 1 10 1 2 4 8 16 32 64 128 256 512
 814 422 325 0   8 1 10 1 2 4 8 16 32 64 128 256 512
 815  92 575 0  33 1 10 1 2 4 8 16 32 64 128 256 512
 816 794 740 0   9 1 10 1 2 4 8 16 32 64 128 256 512
 817 372 879 0  39 1 10 1 2 4 8 16 32 64 128 256 512
 818 964 580 0  55 1 10 1 2 4 8 16 32 64 128 256 512
 819 964 172 0  29 1 10 1 2 4 8 16 32 64 128 256 512
 820 381 121 0  30 1 10 1 2 4 8 16 32 64 128 256 512
 821 680 624 0  81 1 10 1 2 4 8 16 32 64 128 256 512
 822 603  92 0  88 1 10 1 2 4 8 16 32 64 128 256 512
 823 137 307 0  52 1 10 1 2 4 8 16 32 64 128 256 512
 824 232 232 0  20 1 10 1 2 4 8 16 32 64 128 256 512
 825 531 453 0   6 1 10 1 2 4 8 16 32 64 128 256 512
 826 291 349 0  98 1 10 1 2 4 8 16 32 64 128 256 512
 827 510 426 0  94 1 10 1 2 4 8 16 32 64 128 256 512
 828 748 234 0   1 1 10 1 2 4 8 16 32 64 128 256 512
 829 395 133 0   7 1 10 1 2 4 8 16 32 64 128 256 512
 830  32 328 0  32 1 10 1 2 4 8 16 32 64 128 256 512
 831 657 698 0  79 1 10 1 2 4 8 16 32 64 128 256 512
 832 871 476 0  51 1 10 1 2 4 8 16 32 64 128 256 512
 833 955 371 0  58 1 10 1 2 4 8 16 32 64 128 256 512
 834 866 926 0   1 1 10 1 2 4 8 16 32 64 128 256 512
 835 529 537 0  95 1 10 1 2 4 8 16 32 64 128 256 512
 836 582 400 0  29 1 10 1 2 4 8 16 32 64 128 256 512
 837 564 149 0   7 1 10 1 2 4 8 16 32 64 128 256 512
 838 251  17 0  97 1 10 1 2 4 8 16 32 64 128 256 512
 839 358 738 0  12 1 10 1 2 4 8 16 32 64 128 256 512
 840 308 908 0  30 1 10 1 2 4 8 16 32 64 128 256 512
 841 388 722 0  34 1 10 1 2 4 8 16 32 64 128 256 512
 842  47 410 0  26 1 10 1 2 4 8 16 32 64 128 256 512
 843 770  33 0  55 1 10 1 2 4 8 16 32 64 128 256 512
 844 682 542 0  34 1 10 1 2 4 8 16 32 64 128 256 512
 845 587 495 0  61 1 10 1 2 4 8 16 32 64 128 256 512
 846 796 576 0  30 1 10 1 2 4 8 16 32 64 128 256 512
 847 579 657 0  57 1 10 1 2 4 8 16 32 64 128 256 512
 848  48 100 0  74 1 10 1 2 4 8 16 32 64 128 256 512
 849 456   4 0  69 1 10 1 2 4 8 16 32 64 128 256 512
 850 811 258 0  53 1 10 1 2 4 8 16 32 64 128 256 512
 851 927 149 0  52 1 10 1 2 4 8 16 32 64 128 256 512
 852 506 744 0  97 1 10 1 2 4 8 16 32 64 128 256 512
 853 321 196 0  44 1 10 1 2 4 8 16 32 64 128 256 512
 854 615 250 0  42 1 10 1 2 4 8 16 32 64 128 256 512
 855 365 715 0  85 1 10 1 2 4 8 16 32 64 128 256 512
 856 371 494 0  20 1 10 1 2 4 8 16 32 64 128 256 512
 857 694 337 0  33 1 10 1 2 4 8 16 32 64 128 256 512
 858  14 164 0  55 1 10 1 2 4 8 16 32 64 128 256 512
 859 667 758 0  78 1 10 1 2 4 8 16 32 64 128 256 512
 860 823  96 0  87 1 10 1 2 4 8 16 32 64 128 256 512
 861 530 340 0  42 1 10 1 2 4 8 16 32 64 128 256 512
 862 584 396 0   7 1 10 1 2 4 8 16 32 64 128 256 512
 863 957  33 0  66 1 10 1 2 4 8 16 32 64 128 256 512
 864 125 293 0  17 1 10 1 2 4 8 16 32 64 128 256 512
 865 863 785 0  74 1 10 1 2 4 8 16 32 64 128 256 512
 866 250 229 0  83 1 10 1 2 4 8 16 32 64 128 256 512
 867 588 129 0  81 1 10 1 2 4 8 16 32 64 128 256 512
 868  21 774 0  94 1 10 1 2 4 8 16 32 64 128 256 512
 869 990 917 0  93 1 10 1 2 4 8 16 32 64 128 256 512
 870  98 544 0  78 1 10 1 2 4 8 16 32 64 128 256 512
 871 886 854 0  45 1 10 1 2 4 8 16 32 64 128 256 512
 872 455 968 0   4 1 10 1 2 4 8 16 32 64 128 256 512
 873 273 603 0  28 1 10 1 2 4 8 16 32 64 128 256 512
 874 449 283 0  90 1 10 1 2 4 8 16 32 64 128 256 512
 875 524 643 0  23 1 10 1 2 4 8 16 32 64 128 256 512
 876 158 603 0  24 1 10 1 2 4 8 16 32 64 128 256 512
 877 282 122 0  75 1 10 1 2 4 8 16 32 64 128 256 512
 878 377 555 0  76 1 10 1 2 4 8 16 32 64 128 256 512
 879 751 523 0  82 1 10 1 2 4 8 16 32 64 128 256 512
 880 273 120 0  44 1 10 1 2 4 8 16 32 64 128 256 512
 881 765 592 0  54 1 10 1 2 4 8 16 32 64 128 256 512
 882 242 734 0  78 1 10 1 2 4 8 16 32 64 128 256 512
 883 634 252 0  71 1 10 1 2 4 8 16 32 64 128 256 512
 884 561 373 0  28 1 10 1 2 4 8 16 32 64 128 256 512
 885 263  33 0  56 1 10 1 2 4 8 16 32 64 128 256 512
 886 728 869 0  36 1 10 1 2 4 8 16 32 64 128 256 512
 887  24 739 0  49 1 10 1 2 4 8 16 32 64 128 256 512
 888 579 275 0  46 1 10 1 2 4 8 16 32 64 128 256 512
 889 833 718 0  41 1 10 1 2 4 8 16 32 64 128 256 512
 890 468 955 0  46 1 10 1 2 4 8 16 32 64 128 256 512
 891 843 691 0  47 1 10 1 2 4 8 16 32 64 128 256 512
 892 746 427 0  88 1 10 1 2 4 8 16 32 64 128 256 512
 893 815 496 0  95 1 10 1 2 4 8 16 32 64 128 256 512
 894 278  94 0  27 1 10 1 2 4 8 16 32 64 128 256 512
 895 423 568 0  76 1 10 1 2 4 8 16 32 64 128 256 512
 896  24 578 0  58 1 10 1 2 4 8 16 32 64 128 256 512
 897 569 585 0  37 1 10 1 2 4 8 16 32 64 128 256 512
 898 116 441 0   9 1 10 1 2 4 8 16 32 64 128 256 512
 899 640 242 0  62 1 10 1 2 4 8 16 32 64 128 256 512
 900 482 520 0   5 1 10 1 2 4 8 16 32 64 128 256 512
 901 908 904 0  27 1 10 1 2 4 8 16 32 64 128 256 512
 902 223 738 0  53 1 10 1 2 4 8 16 32 64 128 256 512
 903 257 822 0   7 1 10 1 2 4 8 16 32 64 128 256 512
 904 619 411 0  94 1 10 1 2 4 8 16 32 64 128 256 512
 905 356 882 0  60 1 10 1 2 4 8 16 32 64 128 256 512
 906 468 864 0  32 1 10 1 2 4 8 16 32 64 128 256 512
 907 240 551 0  97 1 10 1 2 4 8 16 32 64 128 256 512
 908 820 169 0  67 1 10 1 2 4 8 16 32 64 128 256 512
 909 851 168 0  83 1 10 1 2 4 8 16 32 64 128 256 512
 910 909 126 0  45 1 10 1 2 4 8 16 32 64 128 256 512
 911 977 838 0  51 1 10 1 2 4 8 16 32 64 128 256 512
 912 253 975 0  91 1 10 1 2 4 8 16 32 64 128 256 512
 913 167 286 0  60 1 10 1 2 4 8 16 32 64 128 256 512
 914 211 646 0  25 1 10 1 2 4 8 16 32 64 128 256 512
 915 228 529 0  48 1 10 1 2 4 8 16 32 64 128 256 512
 916 736 811 0  37 1 10 1 2 4 8 16 32 64 128 256 512
 917 532 415 0  28 1 10 1 2 4 8 16 32 64 128 256 512
 918 299 476 0  62 1 10 1 2 4 8 16 32 64 128 256 512
 919 953  35 0  44 1 10 1 2 4 8 16 32 64 128 256 512
 920 900 830 0  50 1 10 1 2 4 8 16 32 64 128 256 512
 921 388 365 0  95 1 10 1 2 4 8 16 32 64 128 256 512
 922 166 812 0  22 1 10 1 2 4 8 16 32 64 128 256 512
 923 666 160 0   7 1 10 1 2 4 8 16 32 64 128 256 512
 924 630 177 0   2 1 10 1 2 4 8 16 32 64 128 256 512
 925 315 881 0  27 1 10 1 2 4 8 16 32 64 128 256 512
 926 163 301 0  15 1 10 1 2 4 8 16 32 64 128 256 512
 927 131 746 0  21 1 10 1 2 4 8 16 32 64 128 256 512
 928 563 941 0  81 1 10 1 2 4 8 16 32 64 128 256 512
 929 397 821 0   5 1 10 1 2 4 8 16 32 64 128 256 512
 930 958 668 0   1 1 10 1 2 4 8 16 32 64 128 256 512
 931 735 175 0  81 1 10 1 2 4 8 16 32 64 128 256 512
 932 121 970 0  50 1 10 1 2 4 8 16 32 64 128 256 512
 933 850 526 0  16 1 10 1 2 4 8 16 32 64 128 256 512
 934 835 924 0  13 1 10 1 2 4 8 16 32 64 128 256 512
 935 622 935 0  40 1 10 1 2 4 8 16 32 64 128 256 512
 936 645 428 0  19 1 10 1 2 4 8 16 32 64 128 256 512
 937 607 189 0  70 1 10 1 2 4 8 16 32 64 128 256 512
 938 426 815 0  18 1 10 1 2 4 8 16 32 64 128 256 512
 939 694 249 0  97 1 10 1 2 4 8 16 32 64 128 256 512
 940 821 561 0  10 1 10 1 2 4 8 16 32 64 128 256 512
 941 887 248 0  62 1 10 1 2 4 8 16 32 64 128 256 512
 942 205 344 0  28 1 10 1 2 4 8 16 32 64 128 256 512
 943 560 424 0  10 1 10 1 2 4 8 16 32 64 128 256 512
 944 168 383 0  50 1 10 1 2 4 8 16 32 64 128 256 512
 945 657 180 0  81 1 10 1 2 4 8 16 32 64 128 256 512
 946 117 889 0  31 1 10 1 2 4 8 16 32 64 128 256 512
 947  60 194 0   2 1 10 1 2 4 8 16 32 64 128 256 512
 948 932 265 0  81 1 10 1 2 4 8 16 32 64 128 256 512
 949 437 488 0  97 1 10 1 2 4 8 16 32 64 128 256 512
 950 824 701 0  92 1 10 1 2 4 8 16 32 64 128 256 512
 951 959 302 0  23 1 10 1 2 4 8 16 32 64 128 256 512
 952 943 957 0  33 1 10 1 2 4 8 16 32 64 128 256 512
 953 699 637 0   3 1 10 1 2 4 8 16 32 64 128 256 512
 954 332 165 0  18 1 10 1 2 4 8 16 32 64 128 256 512
 955 291 202 0  40 1 10 1 2 4 8 16 32 64 128 256 512
 956 843 302 0  22 1 10 1 2 4 8 16 32 64 128 256 512
 957 961 651 0  79 1 10 1 2 4 8 16 32 64 128 256 512
 958  46 537 0  24 1 10 1 2 4 8 16 32 64 128 256 512
 959  65 256 0  65 1 10 1 2 4 8 16 32 64 128 256 512
 960 423 704 0  36 1 10 1 2 4 8 16 32 64 128 256 512
 961 730 439 0  20 1 10 1 2 4 8 16 32 64 128 256 512
 962 946 876 0  70 1 10 1 2 4 8 16 32 64 128 256 512
 963 235 836 0  35 1 10 1 2 4 8 16 32 64 128 256 512
 964 816 553 0  10 1 10 1 2 4 8 16 32 64 128 256 512
 965  34  57 0  79 1 10 1 2 4 8 16 32 64 128 256 512
 966 430  30 0  88 1 10 1 2 4 8 16 32 64 128 256 512
 967 859 572 0  29 1 10 1 2 4 8 16 32 64 128 256 512
 968 675 481 0  48 1 10 1 2 4 8 16 32 64 128 256 512
 969 977 861 0  35 1 10 1 2 4 8 16 32 64 128 256 512
 970 747 341 0  89 1 10 1 2 4 8 16 32 64 128 256 512
 971 425 713 0  88 1 10 1 2 4 8 16 32 64 128 256 512
 972 870 738 0  18 1 10 1 2 4 8 16 32 64 128 256 512
 973 680 557 0  82 1 10 1 2 4 8 16 32 64 128 256 512
 974 860 145 0  36 1 10 1 2 4 8 16 32 64 128 256 512
 975  30 986 0  86 1 10 1 2 4 8 16 32 64 128 256 512
 976 953 189 0  38 1 10 1 2 4 8 16 32 64 128 256 512
 977 980 189 0  38 1 10 1 2 4 8 16 32 64 128 256 512
 978 729 557 0  91 1 10 1 2 4 8 16 32 64 128 256 512
 979 911 209 0  98 1 10 1 2 4 8 16 32 64 128 256 512
 980 615 924 0  15 1 10 1 2 4 8 16 32 64 128 256 512
 981 540 553 0  34 1 10 1 2 4 8 16 32 64 128 256 512
 982 390   0 0  63 1 10 1 2 4 8 16 32 64 128 256 512
 983 100 231 0   6 1 10 1 2 4 8 16 32 64 128 256 512
 984 312 760 0  94 1 10 1 2 4 8 16 32 64 128 256 512
 985 869 744 0  21 1 10 1 2 4 8 16 32 64 128 256 512
 986 110 390 0  94 1 10 1 2 4 8 16 32 64 128 256 512
 987 999 800 0  40 1 10 1 2 4 8 16 32 64 128 256 512
 988 342 846 0  73 1 10 1 2 4 8 16 32 64 128 256 512
 989  48  74 0  53 1 10 1 2 4 8 16 32 64 128 256 512
 990  15 431 0  39 1 10 1 2 4 8 16 32 64 128 256 512
 991 796 707 0  57 1 10 1 2 4 8 16 32 64 128 256 512
 992 245 640 0  19 1 10 1 2 4 8 16 32 64 128 256 512
 993 782 270 0  22 1 10 1 2 4 8 16 32 64 128 256 512
 994  74 226 0  76 1 10 1 2 4 8 16 32 64 128 256 512
 995 757  37 0  32 1 10 1 2 4 8 16 32 64 128 256 512
 996 688 459 0  44 1 10 1 2 4 8 16 32 64 128 256 512
 997  39 233 0   4 1 10 1 2 4 8 16 32 64 128 256 512
 998 507 197 0  21 1 10 1 2 4 8 16 32 64 128 256 512
 999 300 443 0  86 1 10 1 2 4 8 16 32 64 128 256 512
1000 385 361 0  75 1 10 1 2 4 8 16 32 64 128 256 512
1001 111 416 0  73 1 10 1 2 4 8 16 32 64 128 256 512
1002 928 384 0   7 1 10 1 2 4 8 16 32 64 128 256 512
1003 862 745 0  98 1 10 1 2 4 8 16 32 64 128 256 512
1004 589 202 0  45 1 10 1 2 4 8 16 32 64 128 256 512
1005 617  12 0  59 1 10 1 2 4 8 16 32 64 128 256 512
1006 832 637 0  43 1 10 1 2 4 8 16 32 64 128 256 512
1007 281 414 0   3 1 10 1 2 4 8 16 32 64 128 256 512
1008 906 551 0  68 1 10 1 2 4 8 16 32 64 128 256 512
1009  77   5 0  81 1 10 1 2 4 8 16 32 64 128 256 512
1010 947 952 0  63 1 10 1 2 4 8 16 32 64 128 256 512
1011 678 172 0  84 1 10 1 2 4 8 16 32 64 128 256 512
1012 737 696 0  41 1 10 1 2 4 8 16 32 64 128 256 512
1013 950 477 0  67 1 10 1 2 4 8 16 32 64 128 256 512
1014 542 605 0  94 1 10 1 2 4 8 16 32 64 128 256 512
1015 126 299 0  17 1 10 1 2 4 8 16 32 64 128 256 512
1016 997 266 0  10 1 10 1 2 4 8 16 32 64 128 256 512
1017 208 527 0  60 1 10 1 2 4 8 16 32 64 128 256 512
1018 687 301 0  73 1 10 1 2 4 8 16 32 64 128 256 512
1019  99 345 0  73 1 10 1 2 4 8 16 32 64 128 256 512
1020 213 526 0  18 1 10 1 2 4 8 16 32 64 128 256 512
1021 695 886 0  14 1 10 1 2 4 8 16 32 64 128 256 512
1022 731   6 0   5 1 10 1 2 4 8 16 32 64 128 256 512
1023 273 526 0  90 1 10 1 2 4 8 16 32 64 128 256 512
1024 822 256 0   4 1 10 1 2 4 8 16 32 64 128 256 512
1025 875 753 0  31 1 10 1 2 4 8 16 32 64 128 256 512
1026 577 452 0  30 1 10 1 2 4 8 16 32 64 128 256 512
1027 977 420 0  28 1 10 1 2 4 8 16 32 64 128 256 512
1028 692 500 0  47 1 10 1 2 4 8 16 32 64 128 256 512
1029 756 769 0  82 1 10 1 2 4 8 16 32 64 128 256 512
1030 612 628 0  67 1 10 1 2 4 8 16 32 64 128 256 512
1031 961 487 0  28 1 10 1 2 4 8 16 32 64 128 256 512
1032 557 727 0  53 1 10 1 2 4 8 16 32 64 128 256 512
1033 555 373 0  50 1 10 1 2 4 8 16 32 64 128 256 512
1034 972 151 0  92 1 10 1 2 4 8 16 32 64 128 256 512
1035  63 844 0   7 1 10 1 2 4 8 16 32 64 128 256 512
1036 543 985 0  71 1 10 1 2 4 8 16 32 64 128 256 512
1037 681 331 0  32 1 10 1 2 4 8 16 32 64 128 256 512
1038 650 269 0   1 1 10 1 2 4 8 16 32 64 128 256 512
1039  73 810 0   8 1 10 1 2 4 8 16 32 64 128 256 512
1040 832 328 0   0 0  0
1041 711 209 0   0 0  0
1042 594 335 0   0 0  0
1043   7 391 0   0 0  0
1044  60 796 0   0 0  0
1045 512 881 0   0 0  0
1046 166 161 0   0 0  0
1047 566 538 0   0 0  0
1048 888 566 0   0 0  0
1049 160 782 0   0 0  0
