2 139 1069 6
0 253
0 253
0 253
0 253
0 253
0 253
   1  926 542 0  95 1 6 1 2 4 8 16 32
   2  493 121 0  32 1 6 1 2 4 8 16 32
   3   53 514 0  10 1 6 1 2 4 8 16 32
   4  392 217 0  31 1 6 1 2 4 8 16 32
   5  638 819 0  91 1 6 1 2 4 8 16 32
   6  486 146 0  55 1 6 1 2 4 8 16 32
   7  219 545 0  80 1 6 1 2 4 8 16 32
   8  412 448 0  54 1 6 1 2 4 8 16 32
   9  631 867 0  55 1 6 1 2 4 8 16 32
  10  649 531 0  78 1 6 1 2 4 8 16 32
  11  436 333 0  49 1 6 1 2 4 8 16 32
  12  291 769 0  72 1 6 1 2 4 8 16 32
  13  234 622 0   6 1 6 1 2 4 8 16 32
  14  953 880 0  50 1 6 1 2 4 8 16 32
  15  618 984 0  54 1 6 1 2 4 8 16 32
  16  159 161 0  81 1 6 1 2 4 8 16 32
  17  165 353 0  98 1 6 1 2 4 8 16 32
  18   77 461 0  28 1 6 1 2 4 8 16 32
  19  339  53 0  86 1 6 1 2 4 8 16 32
  20  662 419 0  39 1 6 1 2 4 8 16 32
  21  904 605 0  69 1 6 1 2 4 8 16 32
  22  148  23 0  44 1 6 1 2 4 8 16 32
  23  292 670 0  42 1 6 1 2 4 8 16 32
  24  929 915 0  64 1 6 1 2 4 8 16 32
  25  869 295 0  39 1 6 1 2 4 8 16 32
  26  176 178 0  32 1 6 1 2 4 8 16 32
  27  265 962 0  26 1 6 1 2 4 8 16 32
  28  251 530 0  35 1 6 1 2 4 8 16 32
  29  368 208 0  20 1 6 1 2 4 8 16 32
  30  155 677 0  89 1 6 1 2 4 8 16 32
  31  250 821 0  58 1 6 1 2 4 8 16 32
  32  919 773 0  96 1 6 1 2 4 8 16 32
  33  513  37 0  74 1 6 1 2 4 8 16 32
  34  394 306 0  29 1 6 1 2 4 8 16 32
  35  408 706 0  21 1 6 1 2 4 8 16 32
  36   47 626 0  96 1 6 1 2 4 8 16 32
  37  357 857 0  18 1 6 1 2 4 8 16 32
  38  370 637 0  12 1 6 1 2 4 8 16 32
  39  930 638 0  59 1 6 1 2 4 8 16 32
  40  557 648 0  78 1 6 1 2 4 8 16 32
  41  234 943 0  41 1 6 1 2 4 8 16 32
  42  750 350 0  50 1 6 1 2 4 8 16 32
  43  581  55 0  70 1 6 1 2 4 8 16 32
  44  450  38 0   6 1 6 1 2 4 8 16 32
  45  388 274 0   9 1 6 1 2 4 8 16 32
  46  638 820 0  54 1 6 1 2 4 8 16 32
  47  302 382 0  79 1 6 1 2 4 8 16 32
  48  169 916 0  74 1 6 1 2 4 8 16 32
  49  188 937 0  40 1 6 1 2 4 8 16 32
  50   70   3 0  96 1 6 1 2 4 8 16 32
  51  840 427 0  60 1 6 1 2 4 8 16 32
  52  241 796 0  87 1 6 1 2 4 8 16 32
  53  158 619 0  31 1 6 1 2 4 8 16 32
  54  585 410 0  13 1 6 1 2 4 8 16 32
  55  276 125 0   8 1 6 1 2 4 8 16 32
  56  351 147 0  35 1 6 1 2 4 8 16 32
  57   44 477 0   5 1 6 1 2 4 8 16 32
  58  495 769 0  53 1 6 1 2 4 8 16 32
  59   22 698 0  57 1 6 1 2 4 8 16 32
  60  604 978 0  51 1 6 1 2 4 8 16 32
  61  578   6 0  16 1 6 1 2 4 8 16 32
  62  410 496 0  97 1 6 1 2 4 8 16 32
  63  320 196 0  36 1 6 1 2 4 8 16 32
  64  496 955 0  25 1 6 1 2 4 8 16 32
  65   56 757 0  67 1 6 1 2 4 8 16 32
  66  452 187 0   3 1 6 1 2 4 8 16 32
  67   30 174 0  20 1 6 1 2 4 8 16 32
  68  440 208 0  23 1 6 1 2 4 8 16 32
  69  307 345 0  62 1 6 1 2 4 8 16 32
  70  250 774 0   3 1 6 1 2 4 8 16 32
  71  657 968 0  63 1 6 1 2 4 8 16 32
  72  973 642 0  45 1 6 1 2 4 8 16 32
  73  848 104 0  39 1 6 1 2 4 8 16 32
  74   78 823 0  48 1 6 1 2 4 8 16 32
  75  256 851 0  80 1 6 1 2 4 8 16 32
  76  826 378 0  19 1 6 1 2 4 8 16 32
  77  700 731 0  12 1 6 1 2 4 8 16 32
  78  230 189 0  53 1 6 1 2 4 8 16 32
  79  571  49 0  59 1 6 1 2 4 8 16 32
  80  259 704 0  40 1 6 1 2 4 8 16 32
  81  991  89 0   6 1 6 1 2 4 8 16 32
  82  906 965 0  36 1 6 1 2 4 8 16 32
  83  741 252 0  50 1 6 1 2 4 8 16 32
  84  235 318 0  73 1 6 1 2 4 8 16 32
  85  297 488 0  59 1 6 1 2 4 8 16 32
  86  837 717 0   5 1 6 1 2 4 8 16 32
  87  121 163 0  86 1 6 1 2 4 8 16 32
  88  256 742 0  48 1 6 1 2 4 8 16 32
  89  140 210 0  16 1 6 1 2 4 8 16 32
  90  339 123 0  43 1 6 1 2 4 8 16 32
  91  679 937 0   5 1 6 1 2 4 8 16 32
  92  265 709 0  21 1 6 1 2 4 8 16 32
  93  667 162 0  29 1 6 1 2 4 8 16 32
  94  544 439 0  67 1 6 1 2 4 8 16 32
  95  725 237 0  98 1 6 1 2 4 8 16 32
  96  745  59 0  22 1 6 1 2 4 8 16 32
  97  933  24 0   9 1 6 1 2 4 8 16 32
  98  210 227 0  21 1 6 1 2 4 8 16 32
  99  415 664 0  48 1 6 1 2 4 8 16 32
 100   71 508 0  39 1 6 1 2 4 8 16 32
 101  440 985 0  81 1 6 1 2 4 8 16 32
 102  868 230 0  55 1 6 1 2 4 8 16 32
 103  537   5 0  10 1 6 1 2 4 8 16 32
 104   97 241 0  25 1 6 1 2 4 8 16 32
 105  470 543 0  91 1 6 1 2 4 8 16 32
 106  481 586 0  53 1 6 1 2 4 8 16 32
 107  252 375 0  59 1 6 1 2 4 8 16 32
 108  830 885 0  49 1 6 1 2 4 8 16 32
 109  620 309 0  57 1 6 1 2 4 8 16 32
 110  666 626 0  44 1 6 1 2 4 8 16 32
 111  177 513 0  71 1 6 1 2 4 8 16 32
 112  629  72 0  40 1 6 1 2 4 8 16 32
 113  439 505 0  12 1 6 1 2 4 8 16 32
 114  439 589 0  15 1 6 1 2 4 8 16 32
 115   60 119 0  76 1 6 1 2 4 8 16 32
 116  726 254 0  95 1 6 1 2 4 8 16 32
 117  381  77 0   8 1 6 1 2 4 8 16 32
 118  938 127 0  47 1 6 1 2 4 8 16 32
 119  174 665 0  17 1 6 1 2 4 8 16 32
 120  686 859 0  85 1 6 1 2 4 8 16 32
 121  680 674 0  98 1 6 1 2 4 8 16 32
 122  311 557 0  59 1 6 1 2 4 8 16 32
 123  751 559 0  24 1 6 1 2 4 8 16 32
 124  718 719 0  67 1 6 1 2 4 8 16 32
 125  935 144 0  34 1 6 1 2 4 8 16 32
 126  545 175 0  55 1 6 1 2 4 8 16 32
 127  794  92 0  53 1 6 1 2 4 8 16 32
 128  318 279 0  83 1 6 1 2 4 8 16 32
 129  862 980 0  80 1 6 1 2 4 8 16 32
 130  418 214 0  22 1 6 1 2 4 8 16 32
 131  109 856 0  22 1 6 1 2 4 8 16 32
 132  533 438 0  91 1 6 1 2 4 8 16 32
 133  799 188 0  56 1 6 1 2 4 8 16 32
 134  494 635 0  10 1 6 1 2 4 8 16 32
 135  123 193 0  14 1 6 1 2 4 8 16 32
 136  247 226 0  97 1 6 1 2 4 8 16 32
 137  269  40 0  64 1 6 1 2 4 8 16 32
 138  676 944 0  82 1 6 1 2 4 8 16 32
 139  561 798 0  30 1 6 1 2 4 8 16 32
 140  918 191 0   9 1 6 1 2 4 8 16 32
 141  274 700 0   2 1 6 1 2 4 8 16 32
 142  652 874 0  53 1 6 1 2 4 8 16 32
 143  752   9 0  87 1 6 1 2 4 8 16 32
 144  239  18 0  91 1 6 1 2 4 8 16 32
 145  513 554 0 100 1 6 1 2 4 8 16 32
 146  647 140 0  95 1 6 1 2 4 8 16 32
 147   53 706 0  46 1 6 1 2 4 8 16 32
 148    0 324 0  38 1 6 1 2 4 8 16 32
 149  937 516 0  79 1 6 1 2 4 8 16 32
 150  692 153 0   8 1 6 1 2 4 8 16 32
 151  346 864 0  52 1 6 1 2 4 8 16 32
 152   28 380 0  93 1 6 1 2 4 8 16 32
 153  422 828 0   9 1 6 1 2 4 8 16 32
 154  261 685 0  79 1 6 1 2 4 8 16 32
 155  750 231 0  25 1 6 1 2 4 8 16 32
 156  150 607 0  91 1 6 1 2 4 8 16 32
 157  862 100 0  96 1 6 1 2 4 8 16 32
 158  381 936 0  68 1 6 1 2 4 8 16 32
 159  249 966 0  52 1 6 1 2 4 8 16 32
 160  407 118 0  74 1 6 1 2 4 8 16 32
 161  904 559 0  70 1 6 1 2 4 8 16 32
 162  189 467 0  87 1 6 1 2 4 8 16 32
 163  283 386 0  95 1 6 1 2 4 8 16 32
 164  704 571 0  80 1 6 1 2 4 8 16 32
 165  756 391 0  72 1 6 1 2 4 8 16 32
 166  321 857 0  19 1 6 1 2 4 8 16 32
 167  337 149 0  51 1 6 1 2 4 8 16 32
 168  257 269 0  32 1 6 1 2 4 8 16 32
 169  830  73 0  84 1 6 1 2 4 8 16 32
 170  807 871 0  53 1 6 1 2 4 8 16 32
 171  831 283 0  32 1 6 1 2 4 8 16 32
 172   34 418 0  27 1 6 1 2 4 8 16 32
 173  636 776 0 100 1 6 1 2 4 8 16 32
 174  622 813 0  86 1 6 1 2 4 8 16 32
 175  613 162 0  75 1 6 1 2 4 8 16 32
 176  714 867 0  18 1 6 1 2 4 8 16 32
 177   26 972 0  40 1 6 1 2 4 8 16 32
 178  673 283 0  35 1 6 1 2 4 8 16 32
 179  888 820 0  86 1 6 1 2 4 8 16 32
 180  632 278 0  12 1 6 1 2 4 8 16 32
 181   98 446 0  23 1 6 1 2 4 8 16 32
 182   77 617 0  74 1 6 1 2 4 8 16 32
 183  219 184 0  74 1 6 1 2 4 8 16 32
 184  397 124 0  15 1 6 1 2 4 8 16 32
 185  252 175 0  56 1 6 1 2 4 8 16 32
 186  998 458 0  54 1 6 1 2 4 8 16 32
 187  516 488 0  77 1 6 1 2 4 8 16 32
 188  856  10 0   1 1 6 1 2 4 8 16 32
 189  184  71 0  63 1 6 1 2 4 8 16 32
 190  825 315 0  65 1 6 1 2 4 8 16 32
 191  789 216 0  36 1 6 1 2 4 8 16 32
 192  816 236 0  10 1 6 1 2 4 8 16 32
 193  179 412 0  72 1 6 1 2 4 8 16 32
 194  409 901 0   7 1 6 1 2 4 8 16 32
 195  909 480 0  52 1 6 1 2 4 8 16 32
 196  483 441 0  98 1 6 1 2 4 8 16 32
 197  728 871 0  46 1 6 1 2 4 8 16 32
 198  356 846 0  11 1 6 1 2 4 8 16 32
 199  913 349 0  77 1 6 1 2 4 8 16 32
 200  419 319 0  39 1 6 1 2 4 8 16 32
 201  232 396 0  50 1 6 1 2 4 8 16 32
 202  388 318 0 100 1 6 1 2 4 8 16 32
 203  240 246 0   5 1 6 1 2 4 8 16 32
 204  172 818 0   8 1 6 1 2 4 8 16 32
 205  269  24 0  51 1 6 1 2 4 8 16 32
 206  134  56 0  63 1 6 1 2 4 8 16 32
 207  553 974 0  66 1 6 1 2 4 8 16 32
 208  934 452 0  69 1 6 1 2 4 8 16 32
 209   90 758 0  38 1 6 1 2 4 8 16 32
 210  527  35 0  45 1 6 1 2 4 8 16 32
 211    5 754 0  33 1 6 1 2 4 8 16 32
 212  600 694 0  90 1 6 1 2 4 8 16 32
 213   16 910 0  10 1 6 1 2 4 8 16 32
 214  401  92 0  39 1 6 1 2 4 8 16 32
 215  123 914 0  62 1 6 1 2 4 8 16 32
 216  738 711 0  25 1 6 1 2 4 8 16 32
 217  634 682 0  53 1 6 1 2 4 8 16 32
 218  919 968 0  94 1 6 1 2 4 8 16 32
 219  629 151 0  49 1 6 1 2 4 8 16 32
 220  269 912 0  22 1 6 1 2 4 8 16 32
 221  108 798 0  52 1 6 1 2 4 8 16 32
 222  399 811 0  14 1 6 1 2 4 8 16 32
 223  485 578 0  38 1 6 1 2 4 8 16 32
 224  654  19 0  50 1 6 1 2 4 8 16 32
 225  903 689 0  18 1 6 1 2 4 8 16 32
 226  343 112 0  33 1 6 1 2 4 8 16 32
 227  122 383 0   3 1 6 1 2 4 8 16 32
 228   30  68 0  19 1 6 1 2 4 8 16 32
 229  460 458 0  54 1 6 1 2 4 8 16 32
 230  844 782 0  41 1 6 1 2 4 8 16 32
 231  907 804 0  63 1 6 1 2 4 8 16 32
 232  562 640 0  44 1 6 1 2 4 8 16 32
 233  636 916 0  17 1 6 1 2 4 8 16 32
 234  604 828 0  70 1 6 1 2 4 8 16 32
 235  298 716 0  57 1 6 1 2 4 8 16 32
 236  658 104 0   1 1 6 1 2 4 8 16 32
 237  843 558 0   2 1 6 1 2 4 8 16 32
 238  344 126 0  59 1 6 1 2 4 8 16 32
 239  852 489 0  42 1 6 1 2 4 8 16 32
 240  729  68 0  70 1 6 1 2 4 8 16 32
 241  383 451 0  73 1 6 1 2 4 8 16 32
 242  833 730 0  53 1 6 1 2 4 8 16 32
 243  262 403 0  33 1 6 1 2 4 8 16 32
 244  587 569 0  54 1 6 1 2 4 8 16 32
 245  706 614 0  57 1 6 1 2 4 8 16 32
 246  705 262 0  14 1 6 1 2 4 8 16 32
 247  756 572 0  33 1 6 1 2 4 8 16 32
 248  279 358 0  17 1 6 1 2 4 8 16 32
 249   79 787 0  53 1 6 1 2 4 8 16 32
 250  230  97 0  32 1 6 1 2 4 8 16 32
 251  634 555 0  79 1 6 1 2 4 8 16 32
 252  669 602 0  66 1 6 1 2 4 8 16 32
 253  773 770 0  23 1 6 1 2 4 8 16 32
 254  777 953 0  65 1 6 1 2 4 8 16 32
 255  340 793 0   5 1 6 1 2 4 8 16 32
 256  303 784 0  90 1 6 1 2 4 8 16 32
 257  545 561 0   4 1 6 1 2 4 8 16 32
 258  954 516 0  40 1 6 1 2 4 8 16 32
 259   25 599 0  63 1 6 1 2 4 8 16 32
 260  860 929 0  29 1 6 1 2 4 8 16 32
 261  176 749 0  29 1 6 1 2 4 8 16 32
 262  564 249 0   5 1 6 1 2 4 8 16 32
 263  752 928 0  12 1 6 1 2 4 8 16 32
 264  931  70 0  14 1 6 1 2 4 8 16 32
 265   76 992 0  86 1 6 1 2 4 8 16 32
 266  251  86 0  98 1 6 1 2 4 8 16 32
 267  124 410 0  45 1 6 1 2 4 8 16 32
 268  941 661 0  79 1 6 1 2 4 8 16 32
 269  555 120 0  96 1 6 1 2 4 8 16 32
 270  665 567 0  10 1 6 1 2 4 8 16 32
 271  143 356 0  84 1 6 1 2 4 8 16 32
 272  841 894 0  17 1 6 1 2 4 8 16 32
 273  761 317 0  41 1 6 1 2 4 8 16 32
 274  667 462 0   8 1 6 1 2 4 8 16 32
 275  833 420 0  68 1 6 1 2 4 8 16 32
 276  617 477 0  67 1 6 1 2 4 8 16 32
 277  283 225 0  74 1 6 1 2 4 8 16 32
 278  452 700 0  85 1 6 1 2 4 8 16 32
 279  550 293 0  73 1 6 1 2 4 8 16 32
 280  128 203 0  52 1 6 1 2 4 8 16 32
 281  459 502 0  67 1 6 1 2 4 8 16 32
 282  384 637 0  21 1 6 1 2 4 8 16 32
 283  267 722 0  29 1 6 1 2 4 8 16 32
 284  424 557 0  76 1 6 1 2 4 8 16 32
 285  727  30 0  77 1 6 1 2 4 8 16 32
 286  723 527 0  12 1 6 1 2 4 8 16 32
 287  368 429 0  90 1 6 1 2 4 8 16 32
 288  312 409 0  89 1 6 1 2 4 8 16 32
 289  738 434 0  73 1 6 1 2 4 8 16 32
 290  272 312 0  80 1 6 1 2 4 8 16 32
 291  551 303 0  84 1 6 1 2 4 8 16 32
 292  949 616 0  99 1 6 1 2 4 8 16 32
 293   87 968 0  11 1 6 1 2 4 8 16 32
 294  833 505 0  11 1 6 1 2 4 8 16 32
 295  715 292 0  52 1 6 1 2 4 8 16 32
 296  635 114 0  76 1 6 1 2 4 8 16 32
 297  838 978 0  99 1 6 1 2 4 8 16 32
 298  766 248 0  71 1 6 1 2 4 8 16 32
 299  639 995 0  87 1 6 1 2 4 8 16 32
 300  556 189 0  29 1 6 1 2 4 8 16 32
 301  395 738 0  25 1 6 1 2 4 8 16 32
 302  256 609 0  66 1 6 1 2 4 8 16 32
 303  593 197 0  89 1 6 1 2 4 8 16 32
 304  560 969 0  82 1 6 1 2 4 8 16 32
 305  575 671 0   3 1 6 1 2 4 8 16 32
 306  561 730 0  90 1 6 1 2 4 8 16 32
 307   10 795 0  28 1 6 1 2 4 8 16 32
 308  969 686 0  69 1 6 1 2 4 8 16 32
 309  727 626 0  11 1 6 1 2 4 8 16 32
 310  473 233 0  80 1 6 1 2 4 8 16 32
 311  754 667 0  93 1 6 1 2 4 8 16 32
 312  376 640 0  35 1 6 1 2 4 8 16 32
 313  228 832 0  84 1 6 1 2 4 8 16 32
 314  728 458 0  33 1 6 1 2 4 8 16 32
 315  917  40 0  23 1 6 1 2 4 8 16 32
 316  364 657 0  56 1 6 1 2 4 8 16 32
 317  983 417 0  85 1 6 1 2 4 8 16 32
 318  167 562 0  95 1 6 1 2 4 8 16 32
 319  788 932 0  94 1 6 1 2 4 8 16 32
 320  483 337 0  10 1 6 1 2 4 8 16 32
 321  369 786 0  46 1 6 1 2 4 8 16 32
 322  824 352 0  55 1 6 1 2 4 8 16 32
 323  389 700 0  34 1 6 1 2 4 8 16 32
 324  581 118 0  90 1 6 1 2 4 8 16 32
 325  197 563 0  20 1 6 1 2 4 8 16 32
 326  623 649 0  68 1 6 1 2 4 8 16 32
 327  147 953 0  22 1 6 1 2 4 8 16 32
 328  775 319 0   7 1 6 1 2 4 8 16 32
 329  760 349 0  71 1 6 1 2 4 8 16 32
 330  666 831 0  67 1 6 1 2 4 8 16 32
 331  297 512 0   1 1 6 1 2 4 8 16 32
 332   77 898 0  96 1 6 1 2 4 8 16 32
 333  397  81 0   3 1 6 1 2 4 8 16 32
 334  456 296 0  89 1 6 1 2 4 8 16 32
 335  706 750 0  89 1 6 1 2 4 8 16 32
 336  512 895 0  22 1 6 1 2 4 8 16 32
 337  312 830 0  31 1 6 1 2 4 8 16 32
 338   87 104 0   2 1 6 1 2 4 8 16 32
 339  765 386 0  72 1 6 1 2 4 8 16 32
 340   40 470 0  59 1 6 1 2 4 8 16 32
 341  989  10 0  31 1 6 1 2 4 8 16 32
 342  946 904 0  27 1 6 1 2 4 8 16 32
 343  969 391 0  49 1 6 1 2 4 8 16 32
 344  805 157 0  82 1 6 1 2 4 8 16 32
 345  547 652 0  49 1 6 1 2 4 8 16 32
 346  492 261 0  48 1 6 1 2 4 8 16 32
 347  896 889 0  56 1 6 1 2 4 8 16 32
 348  297 498 0  55 1 6 1 2 4 8 16 32
 349  873 317 0  55 1 6 1 2 4 8 16 32
 350  697 477 0  98 1 6 1 2 4 8 16 32
 351  567 117 0  69 1 6 1 2 4 8 16 32
 352  513 533 0  96 1 6 1 2 4 8 16 32
 353  850 792 0  19 1 6 1 2 4 8 16 32
 354  441 213 0  65 1 6 1 2 4 8 16 32
 355  800 988 0   7 1 6 1 2 4 8 16 32
 356  517 360 0  91 1 6 1 2 4 8 16 32
 357   75 723 0  94 1 6 1 2 4 8 16 32
 358   52 522 0  68 1 6 1 2 4 8 16 32
 359  101 316 0  78 1 6 1 2 4 8 16 32
 360  179 812 0  12 1 6 1 2 4 8 16 32
 361  342 778 0  98 1 6 1 2 4 8 16 32
 362  459 999 0  76 1 6 1 2 4 8 16 32
 363  238 600 0  92 1 6 1 2 4 8 16 32
 364  599 645 0  47 1 6 1 2 4 8 16 32
 365  148 243 0  62 1 6 1 2 4 8 16 32
 366  888 438 0  30 1 6 1 2 4 8 16 32
 367   24 335 0  34 1 6 1 2 4 8 16 32
 368   63 799 0  90 1 6 1 2 4 8 16 32
 369   11 231 0  49 1 6 1 2 4 8 16 32
 370   31 357 0  11 1 6 1 2 4 8 16 32
 371  313 594 0  52 1 6 1 2 4 8 16 32
 372  590 717 0  20 1 6 1 2 4 8 16 32
 373  754 598 0  73 1 6 1 2 4 8 16 32
 374  861 477 0  71 1 6 1 2 4 8 16 32
 375  843 207 0  20 1 6 1 2 4 8 16 32
 376  667 582 0  60 1 6 1 2 4 8 16 32
 377  459 893 0  99 1 6 1 2 4 8 16 32
 378  730 245 0  37 1 6 1 2 4 8 16 32
 379  202 379 0  50 1 6 1 2 4 8 16 32
 380  599 635 0   1 1 6 1 2 4 8 16 32
 381  920 721 0  63 1 6 1 2 4 8 16 32
 382   68 155 0   9 1 6 1 2 4 8 16 32
 383  450 986 0  37 1 6 1 2 4 8 16 32
 384  326  19 0  53 1 6 1 2 4 8 16 32
 385  110 700 0  51 1 6 1 2 4 8 16 32
 386  662 460 0  15 1 6 1 2 4 8 16 32
 387  690 324 0  92 1 6 1 2 4 8 16 32
 388  665 179 0  59 1 6 1 2 4 8 16 32
 389  905 209 0  77 1 6 1 2 4 8 16 32
 390   65 452 0  69 1 6 1 2 4 8 16 32
 391  491 991 0  19 1 6 1 2 4 8 16 32
 392  910 791 0   4 1 6 1 2 4 8 16 32
 393  969 423 0  75 1 6 1 2 4 8 16 32
 394  977 744 0  45 1 6 1 2 4 8 16 32
 395  660 746 0  54 1 6 1 2 4 8 16 32
 396  758 975 0  17 1 6 1 2 4 8 16 32
 397  383 659 0  46 1 6 1 2 4 8 16 32
 398  573 802 0  74 1 6 1 2 4 8 16 32
 399   46 474 0  75 1 6 1 2 4 8 16 32
 400  100 146 0  69 1 6 1 2 4 8 16 32
 401  724 578 0  61 1 6 1 2 4 8 16 32
 402  848 918 0  32 1 6 1 2 4 8 16 32
 403  457 312 0  83 1 6 1 2 4 8 16 32
 404  633 741 0  65 1 6 1 2 4 8 16 32
 405  980 652 0  86 1 6 1 2 4 8 16 32
 406  687 988 0   4 1 6 1 2 4 8 16 32
 407  737 835 0  93 1 6 1 2 4 8 16 32
 408  834 418 0  61 1 6 1 2 4 8 16 32
 409  364 867 0  62 1 6 1 2 4 8 16 32
 410  742 151 0  89 1 6 1 2 4 8 16 32
 411  812 405 0  35 1 6 1 2 4 8 16 32
 412  496 126 0  46 1 6 1 2 4 8 16 32
 413  487 163 0  54 1 6 1 2 4 8 16 32
 414  932 850 0  13 1 6 1 2 4 8 16 32
 415  471 309 0  65 1 6 1 2 4 8 16 32
 416  989 704 0  50 1 6 1 2 4 8 16 32
 417  910 109 0  41 1 6 1 2 4 8 16 32
 418   52 499 0  22 1 6 1 2 4 8 16 32
 419  495 724 0  30 1 6 1 2 4 8 16 32
 420   42 156 0  94 1 6 1 2 4 8 16 32
 421  617 711 0  89 1 6 1 2 4 8 16 32
 422    5 889 0  82 1 6 1 2 4 8 16 32
 423  837 527 0  76 1 6 1 2 4 8 16 32
 424  619 496 0  55 1 6 1 2 4 8 16 32
 425  640 691 0  61 1 6 1 2 4 8 16 32
 426   43 223 0  84 1 6 1 2 4 8 16 32
 427  293 701 0  89 1 6 1 2 4 8 16 32
 428  225 575 0  68 1 6 1 2 4 8 16 32
 429    0 709 0  95 1 6 1 2 4 8 16 32
 430  948 435 0  33 1 6 1 2 4 8 16 32
 431  676 270 0  70 1 6 1 2 4 8 16 32
 432  547 692 0  51 1 6 1 2 4 8 16 32
 433  245  85 0  74 1 6 1 2 4 8 16 32
 434   18 732 0 100 1 6 1 2 4 8 16 32
 435  337 459 0  44 1 6 1 2 4 8 16 32
 436  306 822 0  60 1 6 1 2 4 8 16 32
 437  728 932 0   3 1 6 1 2 4 8 16 32
 438  388 167 0  97 1 6 1 2 4 8 16 32
 439  541  68 0  53 1 6 1 2 4 8 16 32
 440  248 532 0  36 1 6 1 2 4 8 16 32
 441  242 571 0   5 1 6 1 2 4 8 16 32
 442   94 801 0  62 1 6 1 2 4 8 16 32
 443  719 448 0  96 1 6 1 2 4 8 16 32
 444  728 238 0  32 1 6 1 2 4 8 16 32
 445   17 475 0  73 1 6 1 2 4 8 16 32
 446  723 567 0  18 1 6 1 2 4 8 16 32
 447  596 835 0  23 1 6 1 2 4 8 16 32
 448  689 399 0  74 1 6 1 2 4 8 16 32
 449  337 749 0  18 1 6 1 2 4 8 16 32
 450  966 191 0  95 1 6 1 2 4 8 16 32
 451  428 207 0  27 1 6 1 2 4 8 16 32
 452   91 375 0 100 1 6 1 2 4 8 16 32
 453  923 136 0  81 1 6 1 2 4 8 16 32
 454  804 157 0  17 1 6 1 2 4 8 16 32
 455  671 517 0  57 1 6 1 2 4 8 16 32
 456  161 994 0  41 1 6 1 2 4 8 16 32
 457  599 231 0  19 1 6 1 2 4 8 16 32
 458  631 711 0  55 1 6 1 2 4 8 16 32
 459  627 386 0  32 1 6 1 2 4 8 16 32
 460  945 490 0  64 1 6 1 2 4 8 16 32
 461   56 702 0  72 1 6 1 2 4 8 16 32
 462   31 608 0  70 1 6 1 2 4 8 16 32
 463  549 719 0  12 1 6 1 2 4 8 16 32
 464  568 611 0  42 1 6 1 2 4 8 16 32
 465  459 120 0  24 1 6 1 2 4 8 16 32
 466  380 852 0  30 1 6 1 2 4 8 16 32
 467  949 470 0  20 1 6 1 2 4 8 16 32
 468  683 257 0  31 1 6 1 2 4 8 16 32
 469  501 506 0  32 1 6 1 2 4 8 16 32
 470  171 632 0  83 1 6 1 2 4 8 16 32
 471  316 735 0  81 1 6 1 2 4 8 16 32
 472  325 622 0  68 1 6 1 2 4 8 16 32
 473  944 674 0  66 1 6 1 2 4 8 16 32
 474  624 319 0  96 1 6 1 2 4 8 16 32
 475  571  88 0  50 1 6 1 2 4 8 16 32
 476  882  28 0  86 1 6 1 2 4 8 16 32
 477  268 558 0  51 1 6 1 2 4 8 16 32
 478  177 267 0  99 1 6 1 2 4 8 16 32
 479  217 936 0  88 1 6 1 2 4 8 16 32
 480  210   5 0  70 1 6 1 2 4 8 16 32
 481  596  12 0  45 1 6 1 2 4 8 16 32
 482  933 638 0  71 1 6 1 2 4 8 16 32
 483  957 284 0  48 1 6 1 2 4 8 16 32
 484   51 753 0   5 1 6 1 2 4 8 16 32
 485  175 962 0  26 1 6 1 2 4 8 16 32
 486  460 749 0  96 1 6 1 2 4 8 16 32
 487  872 956 0  88 1 6 1 2 4 8 16 32
 488  903 140 0  87 1 6 1 2 4 8 16 32
 489  699 582 0  83 1 6 1 2 4 8 16 32
 490   14 968 0  81 1 6 1 2 4 8 16 32
 491  809 795 0  97 1 6 1 2 4 8 16 32
 492  448 195 0  80 1 6 1 2 4 8 16 32
 493  692 283 0  39 1 6 1 2 4 8 16 32
 494  615 969 0  32 1 6 1 2 4 8 16 32
 495  365 639 0  63 1 6 1 2 4 8 16 32
 496  636 544 0  78 1 6 1 2 4 8 16 32
 497  156 559 0   8 1 6 1 2 4 8 16 32
 498  252 239 0  23 1 6 1 2 4 8 16 32
 499   83 912 0  44 1 6 1 2 4 8 16 32
 500  111 221 0  57 1 6 1 2 4 8 16 32
 501  759 658 0  17 1 6 1 2 4 8 16 32
 502  986 214 0  88 1 6 1 2 4 8 16 32
 503  531 538 0  37 1 6 1 2 4 8 16 32
 504  732 277 0  48 1 6 1 2 4 8 16 32
 505  698 901 0  43 1 6 1 2 4 8 16 32
 506   94 748 0  89 1 6 1 2 4 8 16 32
 507  937 990 0  16 1 6 1 2 4 8 16 32
 508  128 160 0   8 1 6 1 2 4 8 16 32
 509  170 339 0  52 1 6 1 2 4 8 16 32
 510  818 444 0  33 1 6 1 2 4 8 16 32
 511  579 146 0  11 1 6 1 2 4 8 16 32
 512  542 132 0  82 1 6 1 2 4 8 16 32
 513  815 293 0  25 1 6 1 2 4 8 16 32
 514   50 229 0  68 1 6 1 2 4 8 16 32
 515  604  79 0  15 1 6 1 2 4 8 16 32
 516  653 661 0  97 1 6 1 2 4 8 16 32
 517  605 141 0  95 1 6 1 2 4 8 16 32
 518  658 521 0  94 1 6 1 2 4 8 16 32
 519  207 180 0  62 1 6 1 2 4 8 16 32
 520   48 720 0  56 1 6 1 2 4 8 16 32
 521  405 592 0  67 1 6 1 2 4 8 16 32
 522  810 855 0  80 1 6 1 2 4 8 16 32
 523  526 651 0  90 1 6 1 2 4 8 16 32
 524  307 452 0  60 1 6 1 2 4 8 16 32
 525  727 919 0  80 1 6 1 2 4 8 16 32
 526  150 692 0  97 1 6 1 2 4 8 16 32
 527  219 901 0  80 1 6 1 2 4 8 16 32
 528  523 627 0  70 1 6 1 2 4 8 16 32
 529  576 873 0  92 1 6 1 2 4 8 16 32
 530  603 315 0  67 1 6 1 2 4 8 16 32
 531  215 526 0  85 1 6 1 2 4 8 16 32
 532   68 229 0  54 1 6 1 2 4 8 16 32
 533  522 397 0   7 1 6 1 2 4 8 16 32
 534  882 723 0   1 1 6 1 2 4 8 16 32
 535  262 306 0  16 1 6 1 2 4 8 16 32
 536  917 794 0  96 1 6 1 2 4 8 16 32
 537  373  72 0  28 1 6 1 2 4 8 16 32
 538 1000 635 0  37 1 6 1 2 4 8 16 32
 539  661 167 0  88 1 6 1 2 4 8 16 32
 540   39 820 0  70 1 6 1 2 4 8 16 32
 541   27 534 0  67 1 6 1 2 4 8 16 32
 542  376 774 0  39 1 6 1 2 4 8 16 32
 543  917 510 0  51 1 6 1 2 4 8 16 32
 544  868 273 0  66 1 6 1 2 4 8 16 32
 545  436 272 0  63 1 6 1 2 4 8 16 32
 546  330 241 0  29 1 6 1 2 4 8 16 32
 547  918 737 0  72 1 6 1 2 4 8 16 32
 548  693 187 0   6 1 6 1 2 4 8 16 32
 549  508 805 0  60 1 6 1 2 4 8 16 32
 550  324 535 0  27 1 6 1 2 4 8 16 32
 551  294 185 0  12 1 6 1 2 4 8 16 32
 552  971 612 0  41 1 6 1 2 4 8 16 32
 553  203 534 0  54 1 6 1 2 4 8 16 32
 554  344  38 0  92 1 6 1 2 4 8 16 32
 555  375 437 0  62 1 6 1 2 4 8 16 32
 556  441 403 0  60 1 6 1 2 4 8 16 32
 557  475 101 0  21 1 6 1 2 4 8 16 32
 558  965 579 0  43 1 6 1 2 4 8 16 32
 559  917 377 0   4 1 6 1 2 4 8 16 32
 560  457 220 0  54 1 6 1 2 4 8 16 32
 561  978 416 0  98 1 6 1 2 4 8 16 32
 562  488 646 0  51 1 6 1 2 4 8 16 32
 563  118 360 0  78 1 6 1 2 4 8 16 32
 564  137 946 0  15 1 6 1 2 4 8 16 32
 565  548 954 0   3 1 6 1 2 4 8 16 32
 566  302 787 0  69 1 6 1 2 4 8 16 32
 567  386 203 0  30 1 6 1 2 4 8 16 32
 568  687 653 0  37 1 6 1 2 4 8 16 32
 569  236 469 0  79 1 6 1 2 4 8 16 32
 570  469 135 0  78 1 6 1 2 4 8 16 32
 571  737 145 0  61 1 6 1 2 4 8 16 32
 572  642 592 0  23 1 6 1 2 4 8 16 32
 573  721 815 0  93 1 6 1 2 4 8 16 32
 574  451 594 0  79 1 6 1 2 4 8 16 32
 575   41 539 0  40 1 6 1 2 4 8 16 32
 576  732 472 0  16 1 6 1 2 4 8 16 32
 577  326 201 0  86 1 6 1 2 4 8 16 32
 578   12 171 0  11 1 6 1 2 4 8 16 32
 579  762 581 0   7 1 6 1 2 4 8 16 32
 580  609 568 0  66 1 6 1 2 4 8 16 32
 581  172 131 0   9 1 6 1 2 4 8 16 32
 582  399 723 0  89 1 6 1 2 4 8 16 32
 583  235 422 0   3 1 6 1 2 4 8 16 32
 584  701 659 0   2 1 6 1 2 4 8 16 32
 585  690 138 0  56 1 6 1 2 4 8 16 32
 586  720   7 0  52 1 6 1 2 4 8 16 32
 587   13 928 0  14 1 6 1 2 4 8 16 32
 588  777 717 0   6 1 6 1 2 4 8 16 32
 589  708 513 0  10 1 6 1 2 4 8 16 32
 590  494 583 0  34 1 6 1 2 4 8 16 32
 591  556 517 0  59 1 6 1 2 4 8 16 32
 592  475 721 0 100 1 6 1 2 4 8 16 32
 593  911 756 0  67 1 6 1 2 4 8 16 32
 594  338 260 0  22 1 6 1 2 4 8 16 32
 595  596 922 0  78 1 6 1 2 4 8 16 32
 596  970 971 0  77 1 6 1 2 4 8 16 32
 597  121 252 0  98 1 6 1 2 4 8 16 32
 598  384 626 0  96 1 6 1 2 4 8 16 32
 599  900 200 0  34 1 6 1 2 4 8 16 32
 600   71 568 0  42 1 6 1 2 4 8 16 32
 601  607 224 0  83 1 6 1 2 4 8 16 32
 602  658 690 0  82 1 6 1 2 4 8 16 32
 603  757 497 0  81 1 6 1 2 4 8 16 32
 604  400 969 0  24 1 6 1 2 4 8 16 32
 605  241 925 0  23 1 6 1 2 4 8 16 32
 606  328  57 0  97 1 6 1 2 4 8 16 32
 607   68  21 0  40 1 6 1 2 4 8 16 32
 608  753 993 0  64 1 6 1 2 4 8 16 32
 609  455 289 0   7 1 6 1 2 4 8 16 32
 610  525  74 0  15 1 6 1 2 4 8 16 32
 611  712 153 0  96 1 6 1 2 4 8 16 32
 612  596 806 0  56 1 6 1 2 4 8 16 32
 613  984 312 0  61 1 6 1 2 4 8 16 32
 614  205 563 0   6 1 6 1 2 4 8 16 32
 615  415 655 0   6 1 6 1 2 4 8 16 32
 616   46 554 0  34 1 6 1 2 4 8 16 32
 617  146 428 0  21 1 6 1 2 4 8 16 32
 618  731 502 0  17 1 6 1 2 4 8 16 32
 619  772 457 0  23 1 6 1 2 4 8 16 32
 620  291 159 0  23 1 6 1 2 4 8 16 32
 621  620 926 0   6 1 6 1 2 4 8 16 32
 622  189 267 0  44 1 6 1 2 4 8 16 32
 623  976  21 0  91 1 6 1 2 4 8 16 32
 624    4 552 0  52 1 6 1 2 4 8 16 32
 625  343 163 0  89 1 6 1 2 4 8 16 32
 626  618   5 0  74 1 6 1 2 4 8 16 32
 627  131 748 0   4 1 6 1 2 4 8 16 32
 628  770 644 0  52 1 6 1 2 4 8 16 32
 629  433 558 0   8 1 6 1 2 4 8 16 32
 630  829  40 0  46 1 6 1 2 4 8 16 32
 631  399 794 0  28 1 6 1 2 4 8 16 32
 632  209 162 0  60 1 6 1 2 4 8 16 32
 633  283 999 0  83 1 6 1 2 4 8 16 32
 634  189 478 0  26 1 6 1 2 4 8 16 32
 635  557 579 0  99 1 6 1 2 4 8 16 32
 636  490 138 0  54 1 6 1 2 4 8 16 32
 637  355 648 0  45 1 6 1 2 4 8 16 32
 638  361 994 0  93 1 6 1 2 4 8 16 32
 639   62 678 0  73 1 6 1 2 4 8 16 32
 640  245 183 0  90 1 6 1 2 4 8 16 32
 641  246 929 0  10 1 6 1 2 4 8 16 32
 642  164 348 0  41 1 6 1 2 4 8 16 32
 643  530 477 0  65 1 6 1 2 4 8 16 32
 644  486 261 0  50 1 6 1 2 4 8 16 32
 645  652 654 0  12 1 6 1 2 4 8 16 32
 646  330 779 0  70 1 6 1 2 4 8 16 32
 647  689 189 0  35 1 6 1 2 4 8 16 32
 648  939 550 0  99 1 6 1 2 4 8 16 32
 649  922 169 0  38 1 6 1 2 4 8 16 32
 650   93 267 0  48 1 6 1 2 4 8 16 32
 651   96 174 0  80 1 6 1 2 4 8 16 32
 652  583 279 0  77 1 6 1 2 4 8 16 32
 653  655 151 0  85 1 6 1 2 4 8 16 32
 654  461 338 0  63 1 6 1 2 4 8 16 32
 655  733 617 0  48 1 6 1 2 4 8 16 32
 656  400 551 0  29 1 6 1 2 4 8 16 32
 657  441 121 0  40 1 6 1 2 4 8 16 32
 658  763 269 0  30 1 6 1 2 4 8 16 32
 659  834 772 0   1 1 6 1 2 4 8 16 32
 660  514 700 0  30 1 6 1 2 4 8 16 32
 661  419 185 0  56 1 6 1 2 4 8 16 32
 662  211 114 0  97 1 6 1 2 4 8 16 32
 663  341  51 0  60 1 6 1 2 4 8 16 32
 664  759 397 0   1 1 6 1 2 4 8 16 32
 665  232 568 0  28 1 6 1 2 4 8 16 32
 666  530 796 0  50 1 6 1 2 4 8 16 32
 667  117 867 0  55 1 6 1 2 4 8 16 32
 668  942 124 0  18 1 6 1 2 4 8 16 32
 669   49 241 0   7 1 6 1 2 4 8 16 32
 670  956 259 0  92 1 6 1 2 4 8 16 32
 671  997 142 0  99 1 6 1 2 4 8 16 32
 672  315  87 0  57 1 6 1 2 4 8 16 32
 673  348 409 0  69 1 6 1 2 4 8 16 32
 674  746 263 0  84 1 6 1 2 4 8 16 32
 675  736   9 0  38 1 6 1 2 4 8 16 32
 676  499 771 0  65 1 6 1 2 4 8 16 32
 677  132 799 0  47 1 6 1 2 4 8 16 32
 678  341 451 0  13 1 6 1 2 4 8 16 32
 679  838 195 0  50 1 6 1 2 4 8 16 32
 680  443 583 0   9 1 6 1 2 4 8 16 32
 681   36 704 0  99 1 6 1 2 4 8 16 32
 682   45 362 0  30 1 6 1 2 4 8 16 32
 683  227 211 0  31 1 6 1 2 4 8 16 32
 684  501  17 0  53 1 6 1 2 4 8 16 32
 685  738 826 0  72 1 6 1 2 4 8 16 32
 686  853  84 0  68 1 6 1 2 4 8 16 32
 687  729 870 0  24 1 6 1 2 4 8 16 32
 688  414 591 0  17 1 6 1 2 4 8 16 32
 689  575 507 0  97 1 6 1 2 4 8 16 32
 690  288 511 0  84 1 6 1 2 4 8 16 32
 691  285 618 0   7 1 6 1 2 4 8 16 32
 692  800 282 0  77 1 6 1 2 4 8 16 32
 693    4 357 0  82 1 6 1 2 4 8 16 32
 694  497 959 0  36 1 6 1 2 4 8 16 32
 695  339 209 0  78 1 6 1 2 4 8 16 32
 696  565 946 0  46 1 6 1 2 4 8 16 32
 697  579 652 0 100 1 6 1 2 4 8 16 32
 698  268 729 0  82 1 6 1 2 4 8 16 32
 699   19 674 0  87 1 6 1 2 4 8 16 32
 700  987 400 0  37 1 6 1 2 4 8 16 32
 701  565 766 0  47 1 6 1 2 4 8 16 32
 702  655 178 0  73 1 6 1 2 4 8 16 32
 703   65 112 0  64 1 6 1 2 4 8 16 32
 704  938 919 0  84 1 6 1 2 4 8 16 32
 705   32 769 0  80 1 6 1 2 4 8 16 32
 706   78 841 0  21 1 6 1 2 4 8 16 32
 707  923 516 0  32 1 6 1 2 4 8 16 32
 708  320 136 0  65 1 6 1 2 4 8 16 32
 709  794 694 0  36 1 6 1 2 4 8 16 32
 710  541 527 0  27 1 6 1 2 4 8 16 32
 711  185 702 0  78 1 6 1 2 4 8 16 32
 712  455 709 0  86 1 6 1 2 4 8 16 32
 713  601 702 0  73 1 6 1 2 4 8 16 32
 714  548 242 0  79 1 6 1 2 4 8 16 32
 715   12 783 0  63 1 6 1 2 4 8 16 32
 716  773 599 0  34 1 6 1 2 4 8 16 32
 717  730 717 0  21 1 6 1 2 4 8 16 32
 718  158 662 0  10 1 6 1 2 4 8 16 32
 719  772 418 0  33 1 6 1 2 4 8 16 32
 720  906 313 0 100 1 6 1 2 4 8 16 32
 721  467 650 0  78 1 6 1 2 4 8 16 32
 722  342 999 0  72 1 6 1 2 4 8 16 32
 723  277 177 0  56 1 6 1 2 4 8 16 32
 724  498 448 0  34 1 6 1 2 4 8 16 32
 725  896 246 0  91 1 6 1 2 4 8 16 32
 726  205  41 0  99 1 6 1 2 4 8 16 32
 727  165 130 0  49 1 6 1 2 4 8 16 32
 728  447 936 0  25 1 6 1 2 4 8 16 32
 729   56 110 0  63 1 6 1 2 4 8 16 32
 730  696 139 0  32 1 6 1 2 4 8 16 32
 731   63 626 0  24 1 6 1 2 4 8 16 32
 732  245 765 0  68 1 6 1 2 4 8 16 32
 733  674 596 0  57 1 6 1 2 4 8 16 32
 734  793 522 0  32 1 6 1 2 4 8 16 32
 735  164 201 0  53 1 6 1 2 4 8 16 32
 736  894 224 0   6 1 6 1 2 4 8 16 32
 737  655 143 0  38 1 6 1 2 4 8 16 32
 738   62 432 0  47 1 6 1 2 4 8 16 32
 739  348 691 0   1 1 6 1 2 4 8 16 32
 740  711 607 0  79 1 6 1 2 4 8 16 32
 741   12 627 0  89 1 6 1 2 4 8 16 32
 742  354 723 0  94 1 6 1 2 4 8 16 32
 743  792 921 0  85 1 6 1 2 4 8 16 32
 744  532  80 0  13 1 6 1 2 4 8 16 32
 745   24 750 0  99 1 6 1 2 4 8 16 32
 746   61 403 0  64 1 6 1 2 4 8 16 32
 747  523 254 0  13 1 6 1 2 4 8 16 32
 748  836 761 0  21 1 6 1 2 4 8 16 32
 749  967 511 0   5 1 6 1 2 4 8 16 32
 750  240 573 0  69 1 6 1 2 4 8 16 32
 751  397  39 0  16 1 6 1 2 4 8 16 32
 752  916  29 0  92 1 6 1 2 4 8 16 32
 753  652 739 0  70 1 6 1 2 4 8 16 32
 754   36 124 0   7 1 6 1 2 4 8 16 32
 755  646 936 0  17 1 6 1 2 4 8 16 32
 756  513 460 0   8 1 6 1 2 4 8 16 32
 757  609  50 0  80 1 6 1 2 4 8 16 32
 758   67 302 0  63 1 6 1 2 4 8 16 32
 759  950  36 0  21 1 6 1 2 4 8 16 32
 760  706 129 0  81 1 6 1 2 4 8 16 32
 761  581 117 0  78 1 6 1 2 4 8 16 32
 762  149 940 0  88 1 6 1 2 4 8 16 32
 763  584 332 0  14 1 6 1 2 4 8 16 32
 764  213 567 0  11 1 6 1 2 4 8 16 32
 765  304 646 0  86 1 6 1 2 4 8 16 32
 766  165 852 0  86 1 6 1 2 4 8 16 32
 767  930 982 0  49 1 6 1 2 4 8 16 32
 768  748 200 0  82 1 6 1 2 4 8 16 32
 769  346 513 0  38 1 6 1 2 4 8 16 32
 770  828 813 0  90 1 6 1 2 4 8 16 32
 771  572 144 0  10 1 6 1 2 4 8 16 32
 772  998 211 0  92 1 6 1 2 4 8 16 32
 773  876 902 0  17 1 6 1 2 4 8 16 32
 774  767 553 0  73 1 6 1 2 4 8 16 32
 775  340  93 0  39 1 6 1 2 4 8 16 32
 776  483  14 0  34 1 6 1 2 4 8 16 32
 777  410 807 0   2 1 6 1 2 4 8 16 32
 778  785 607 0  15 1 6 1 2 4 8 16 32
 779  250  61 0  65 1 6 1 2 4 8 16 32
 780  803 307 0  46 1 6 1 2 4 8 16 32
 781  114 895 0  93 1 6 1 2 4 8 16 32
 782  668  17 0  27 1 6 1 2 4 8 16 32
 783  370  72 0  94 1 6 1 2 4 8 16 32
 784  271 232 0  44 1 6 1 2 4 8 16 32
 785  241 953 0  75 1 6 1 2 4 8 16 32
 786  851 707 0  77 1 6 1 2 4 8 16 32
 787  801 762 0  63 1 6 1 2 4 8 16 32
 788  418 276 0  87 1 6 1 2 4 8 16 32
 789  975 873 0  22 1 6 1 2 4 8 16 32
 790  973 707 0  60 1 6 1 2 4 8 16 32
 791  850 257 0  78 1 6 1 2 4 8 16 32
 792  632 936 0  67 1 6 1 2 4 8 16 32
 793  665 470 0 100 1 6 1 2 4 8 16 32
 794  286 167 0  30 1 6 1 2 4 8 16 32
 795  846 145 0   1 1 6 1 2 4 8 16 32
 796  163 336 0  36 1 6 1 2 4 8 16 32
 797  459 484 0  52 1 6 1 2 4 8 16 32
 798  267 460 0  53 1 6 1 2 4 8 16 32
 799  984 239 0   6 1 6 1 2 4 8 16 32
 800  570 828 0  99 1 6 1 2 4 8 16 32
 801  331 699 0  24 1 6 1 2 4 8 16 32
 802  304 771 0  19 1 6 1 2 4 8 16 32
 803  489 537 0  98 1 6 1 2 4 8 16 32
 804   61 739 0  29 1 6 1 2 4 8 16 32
 805  354 396 0  10 1 6 1 2 4 8 16 32
 806  839  12 0  48 1 6 1 2 4 8 16 32
 807  586 487 0  85 1 6 1 2 4 8 16 32
 808  569  86 0  23 1 6 1 2 4 8 16 32
 809  645 646 0  94 1 6 1 2 4 8 16 32
 810  571 443 0   6 1 6 1 2 4 8 16 32
 811  674 569 0  14 1 6 1 2 4 8 16 32
 812  765 725 0  22 1 6 1 2 4 8 16 32
 813  293 378 0  31 1 6 1 2 4 8 16 32
 814  827 801 0  93 1 6 1 2 4 8 16 32
 815  921 510 0  90 1 6 1 2 4 8 16 32
 816  874 863 0  33 1 6 1 2 4 8 16 32
 817  780 186 0   7 1 6 1 2 4 8 16 32
 818  663 737 0  81 1 6 1 2 4 8 16 32
 819  377 869 0  82 1 6 1 2 4 8 16 32
 820  298 657 0  41 1 6 1 2 4 8 16 32
 821   50 321 0   9 1 6 1 2 4 8 16 32
 822  586 675 0  77 1 6 1 2 4 8 16 32
 823  652  13 0  37 1 6 1 2 4 8 16 32
 824   42 576 0  68 1 6 1 2 4 8 16 32
 825  229  44 0  84 1 6 1 2 4 8 16 32
 826  105  58 0  40 1 6 1 2 4 8 16 32
 827  188 344 0  91 1 6 1 2 4 8 16 32
 828  897 493 0  38 1 6 1 2 4 8 16 32
 829  494 964 0 100 1 6 1 2 4 8 16 32
 830  878 560 0  31 1 6 1 2 4 8 16 32
 831  703 673 0  95 1 6 1 2 4 8 16 32
 832  116 600 0  85 1 6 1 2 4 8 16 32
 833  959 664 0  89 1 6 1 2 4 8 16 32
 834  935 378 0  96 1 6 1 2 4 8 16 32
 835  607 806 0  56 1 6 1 2 4 8 16 32
 836  444 734 0  19 1 6 1 2 4 8 16 32
 837  138 987 0  69 1 6 1 2 4 8 16 32
 838  916 933 0  46 1 6 1 2 4 8 16 32
 839  882 421 0   4 1 6 1 2 4 8 16 32
 840  416 226 0  17 1 6 1 2 4 8 16 32
 841   50  49 0  81 1 6 1 2 4 8 16 32
 842  422 817 0  20 1 6 1 2 4 8 16 32
 843   20  53 0   3 1 6 1 2 4 8 16 32
 844  444 105 0  94 1 6 1 2 4 8 16 32
 845  897 267 0  90 1 6 1 2 4 8 16 32
 846  143 354 0  86 1 6 1 2 4 8 16 32
 847  981 732 0  40 1 6 1 2 4 8 16 32
 848  857 786 0  53 1 6 1 2 4 8 16 32
 849  546 778 0  82 1 6 1 2 4 8 16 32
 850  403 295 0  30 1 6 1 2 4 8 16 32
 851  219 915 0  60 1 6 1 2 4 8 16 32
 852  849 492 0  73 1 6 1 2 4 8 16 32
 853   53 957 0  71 1 6 1 2 4 8 16 32
 854  174 733 0  94 1 6 1 2 4 8 16 32
 855  154 767 0  61 1 6 1 2 4 8 16 32
 856  927 690 0  61 1 6 1 2 4 8 16 32
 857  761 200 0  97 1 6 1 2 4 8 16 32
 858  674 220 0  50 1 6 1 2 4 8 16 32
 859  996 119 0  53 1 6 1 2 4 8 16 32
 860  279 652 0  10 1 6 1 2 4 8 16 32
 861  284 946 0  65 1 6 1 2 4 8 16 32
 862  694 135 0  72 1 6 1 2 4 8 16 32
 863  296 168 0  51 1 6 1 2 4 8 16 32
 864  420  98 0  75 1 6 1 2 4 8 16 32
 865  421 729 0  25 1 6 1 2 4 8 16 32
 866  117 864 0  48 1 6 1 2 4 8 16 32
 867  719 244 0  66 1 6 1 2 4 8 16 32
 868  515 295 0  70 1 6 1 2 4 8 16 32
 869  248 887 0  57 1 6 1 2 4 8 16 32
 870  260 576 0  82 1 6 1 2 4 8 16 32
 871  565 962 0  47 1 6 1 2 4 8 16 32
 872  481 492 0  91 1 6 1 2 4 8 16 32
 873  875  17 0  72 1 6 1 2 4 8 16 32
 874  927 243 0  73 1 6 1 2 4 8 16 32
 875  188 261 0  40 1 6 1 2 4 8 16 32
 876  848 944 0  30 1 6 1 2 4 8 16 32
 877  659  78 0  69 1 6 1 2 4 8 16 32
 878   85 603 0   8 1 6 1 2 4 8 16 32
 879  880 684 0  35 1 6 1 2 4 8 16 32
 880  960 824 0  48 1 6 1 2 4 8 16 32
 881  429 958 0  25 1 6 1 2 4 8 16 32
 882  575 313 0  11 1 6 1 2 4 8 16 32
 883   83 499 0  32 1 6 1 2 4 8 16 32
 884  447 812 0  38 1 6 1 2 4 8 16 32
 885  607 423 0  34 1 6 1 2 4 8 16 32
 886  630 195 0  81 1 6 1 2 4 8 16 32
 887  287 856 0  50 1 6 1 2 4 8 16 32
 888  581 104 0  21 1 6 1 2 4 8 16 32
 889   74 213 0  36 1 6 1 2 4 8 16 32
 890  714 783 0  36 1 6 1 2 4 8 16 32
 891  281 531 0  66 1 6 1 2 4 8 16 32
 892  502 172 0  70 1 6 1 2 4 8 16 32
 893  747 863 0   3 1 6 1 2 4 8 16 32
 894  831 645 0  85 1 6 1 2 4 8 16 32
 895  100 111 0   6 1 6 1 2 4 8 16 32
 896  568 142 0   8 1 6 1 2 4 8 16 32
 897  460 874 0  51 1 6 1 2 4 8 16 32
 898  207 842 0  11 1 6 1 2 4 8 16 32
 899  572 195 0  51 1 6 1 2 4 8 16 32
 900  459 917 0  33 1 6 1 2 4 8 16 32
 901  833 818 0  33 1 6 1 2 4 8 16 32
 902  479 731 0  33 1 6 1 2 4 8 16 32
 903  427 611 0   8 1 6 1 2 4 8 16 32
 904  952 789 0  95 1 6 1 2 4 8 16 32
 905  760 873 0  67 1 6 1 2 4 8 16 32
 906  539 210 0  26 1 6 1 2 4 8 16 32
 907  583 628 0  11 1 6 1 2 4 8 16 32
 908  242 604 0  86 1 6 1 2 4 8 16 32
 909  933 459 0  63 1 6 1 2 4 8 16 32
 910  749 553 0  33 1 6 1 2 4 8 16 32
 911  508 209 0  83 1 6 1 2 4 8 16 32
 912   46 796 0  84 1 6 1 2 4 8 16 32
 913  785 733 0  94 1 6 1 2 4 8 16 32
 914  814 441 0  10 1 6 1 2 4 8 16 32
 915  245 922 0  10 1 6 1 2 4 8 16 32
 916  253 278 0   8 1 6 1 2 4 8 16 32
 917  110 718 0  66 1 6 1 2 4 8 16 32
 918  796 887 0 100 1 6 1 2 4 8 16 32
 919  817 223 0  28 1 6 1 2 4 8 16 32
 920  951 647 0  45 1 6 1 2 4 8 16 32
 921  731 730 0  76 1 6 1 2 4 8 16 32
 922  451 972 0  74 1 6 1 2 4 8 16 32
 923  449 488 0  20 1 6 1 2 4 8 16 32
 924  813 592 0  54 1 6 1 2 4 8 16 32
 925  842 933 0  92 1 6 1 2 4 8 16 32
 926  339 542 0  94 1 6 1 2 4 8 16 32
 927  906 543 0 100 1 6 1 2 4 8 16 32
 928  497 315 0  42 1 6 1 2 4 8 16 32
 929  594 511 0  22 1 6 1 2 4 8 16 32
 930  624 732 0  56 1 6 1 2 4 8 16 32
 931  621 986 0  28 1 6 1 2 4 8 16 32
 932  773 884 0  86 1 6 1 2 4 8 16 32
 933  950 400 0  11 1 6 1 2 4 8 16 32
 934  965 586 0  42 1 6 1 2 4 8 16 32
 935  860 250 0  62 1 6 1 2 4 8 16 32
 936  260 688 0  65 1 6 1 2 4 8 16 32
 937   99 310 0   4 1 6 1 2 4 8 16 32
 938  945 747 0   8 1 6 1 2 4 8 16 32
 939  863 965 0  20 1 6 1 2 4 8 16 32
 940  770 895 0  19 1 6 1 2 4 8 16 32
 941  446 411 0  38 1 6 1 2 4 8 16 32
 942  903 349 0  81 1 6 1 2 4 8 16 32
 943  248 255 0   6 1 6 1 2 4 8 16 32
 944  925 188 0  11 1 6 1 2 4 8 16 32
 945   81 469 0  53 1 6 1 2 4 8 16 32
 946  658 533 0  33 1 6 1 2 4 8 16 32
 947  161 449 0  79 1 6 1 2 4 8 16 32
 948  378 142 0  27 1 6 1 2 4 8 16 32
 949  211 595 0  86 1 6 1 2 4 8 16 32
 950  525 707 0  77 1 6 1 2 4 8 16 32
 951  299 398 0  78 1 6 1 2 4 8 16 32
 952  764 665 0 100 1 6 1 2 4 8 16 32
 953  812 559 0  93 1 6 1 2 4 8 16 32
 954  770 116 0  39 1 6 1 2 4 8 16 32
 955  252 424 0  22 1 6 1 2 4 8 16 32
 956  772 671 0  68 1 6 1 2 4 8 16 32
 957   60 833 0  28 1 6 1 2 4 8 16 32
 958  911 131 0  45 1 6 1 2 4 8 16 32
 959  764 408 0  35 1 6 1 2 4 8 16 32
 960  627 754 0  21 1 6 1 2 4 8 16 32
 961  404 585 0  26 1 6 1 2 4 8 16 32
 962  785 115 0   7 1 6 1 2 4 8 16 32
 963  961 975 0  55 1 6 1 2 4 8 16 32
 964  778 390 0  90 1 6 1 2 4 8 16 32
 965  713 121 0  80 1 6 1 2 4 8 16 32
 966  700 835 0  58 1 6 1 2 4 8 16 32
 967  749 984 0  61 1 6 1 2 4 8 16 32
 968  554 359 0  43 1 6 1 2 4 8 16 32
 969  359 233 0  61 1 6 1 2 4 8 16 32
 970  900 554 0  14 1 6 1 2 4 8 16 32
 971  526  68 0  35 1 6 1 2 4 8 16 32
 972  802 994 0  45 1 6 1 2 4 8 16 32
 973  993 870 0  65 1 6 1 2 4 8 16 32
 974  274 158 0  45 1 6 1 2 4 8 16 32
 975  679 704 0  72 1 6 1 2 4 8 16 32
 976  100 463 0  77 1 6 1 2 4 8 16 32
 977  183 308 0  76 1 6 1 2 4 8 16 32
 978  461 243 0  49 1 6 1 2 4 8 16 32
 979  114 432 0  45 1 6 1 2 4 8 16 32
 980  581 744 0  34 1 6 1 2 4 8 16 32
 981  634  93 0  22 1 6 1 2 4 8 16 32
 982  446 566 0  12 1 6 1 2 4 8 16 32
 983  621 713 0  24 1 6 1 2 4 8 16 32
 984  719 367 0  45 1 6 1 2 4 8 16 32
 985  748 813 0  18 1 6 1 2 4 8 16 32
 986  293 883 0  35 1 6 1 2 4 8 16 32
 987  396  75 0  60 1 6 1 2 4 8 16 32
 988  379 446 0  26 1 6 1 2 4 8 16 32
 989  491 659 0  82 1 6 1 2 4 8 16 32
 990  113 207 0  86 1 6 1 2 4 8 16 32
 991  813 452 0  85 1 6 1 2 4 8 16 32
 992  230 432 0  20 1 6 1 2 4 8 16 32
 993  148 377 0  10 1 6 1 2 4 8 16 32
 994  994 503 0  67 1 6 1 2 4 8 16 32
 995  891 302 0  48 1 6 1 2 4 8 16 32
 996  182 179 0  97 1 6 1 2 4 8 16 32
 997  978 313 0  19 1 6 1 2 4 8 16 32
 998  851 906 0  36 1 6 1 2 4 8 16 32
 999  232 123 0  44 1 6 1 2 4 8 16 32
1000  454 466 0  24 1 6 1 2 4 8 16 32
1001  245 349 0  31 1 6 1 2 4 8 16 32
1002  967 130 0  85 1 6 1 2 4 8 16 32
1003   47 401 0  51 1 6 1 2 4 8 16 32
1004  220 142 0  89 1 6 1 2 4 8 16 32
1005  442  12 0  80 1 6 1 2 4 8 16 32
1006  645 466 0  71 1 6 1 2 4 8 16 32
1007  646 700 0   8 1 6 1 2 4 8 16 32
1008  219 692 0  96 1 6 1 2 4 8 16 32
1009  209 353 0  60 1 6 1 2 4 8 16 32
1010  362 688 0  54 1 6 1 2 4 8 16 32
1011  948 478 0  22 1 6 1 2 4 8 16 32
1012  303 209 0  32 1 6 1 2 4 8 16 32
1013  861 176 0  26 1 6 1 2 4 8 16 32
1014  453 319 0  97 1 6 1 2 4 8 16 32
1015  602 893 0  79 1 6 1 2 4 8 16 32
1016  720 789 0  76 1 6 1 2 4 8 16 32
1017  793 439 0  83 1 6 1 2 4 8 16 32
1018  837 792 0  38 1 6 1 2 4 8 16 32
1019  254 917 0  11 1 6 1 2 4 8 16 32
1020  547 416 0  87 1 6 1 2 4 8 16 32
1021  501 599 0  10 1 6 1 2 4 8 16 32
1022  310 528 0  18 1 6 1 2 4 8 16 32
1023  199 527 0  60 1 6 1 2 4 8 16 32
1024  908 860 0  34 1 6 1 2 4 8 16 32
1025  616 105 0  19 1 6 1 2 4 8 16 32
1026  640 320 0  52 1 6 1 2 4 8 16 32
1027  988 649 0  52 1 6 1 2 4 8 16 32
1028  453 901 0  51 1 6 1 2 4 8 16 32
1029  944 788 0  79 1 6 1 2 4 8 16 32
1030   90 857 0  95 1 6 1 2 4 8 16 32
1031  912 571 0  70 1 6 1 2 4 8 16 32
1032  389 712 0  68 1 6 1 2 4 8 16 32
1033  612 788 0  11 1 6 1 2 4 8 16 32
1034  442 111 0  92 1 6 1 2 4 8 16 32
1035  422 172 0  16 1 6 1 2 4 8 16 32
1036  132 295 0  40 1 6 1 2 4 8 16 32
1037  998 997 0   1 1 6 1 2 4 8 16 32
1038  218 944 0  50 1 6 1 2 4 8 16 32
1039  934  88 0  98 1 6 1 2 4 8 16 32
1040  355  87 0  20 1 6 1 2 4 8 16 32
1041  440 140 0  81 1 6 1 2 4 8 16 32
1042   15 679 0  91 1 6 1 2 4 8 16 32
1043  415 363 0  62 1 6 1 2 4 8 16 32
1044  569 953 0  14 1 6 1 2 4 8 16 32
1045  917 925 0  44 1 6 1 2 4 8 16 32
1046   14 833 0  29 1 6 1 2 4 8 16 32
1047  985 527 0  10 1 6 1 2 4 8 16 32
1048  797 309 0  45 1 6 1 2 4 8 16 32
1049  891  36 0   7 1 6 1 2 4 8 16 32
1050  240 119 0  13 1 6 1 2 4 8 16 32
1051   47 274 0   5 1 6 1 2 4 8 16 32
1052  933 389 0  75 1 6 1 2 4 8 16 32
1053  124 908 0  99 1 6 1 2 4 8 16 32
1054  892 844 0  83 1 6 1 2 4 8 16 32
1055   74 544 0  96 1 6 1 2 4 8 16 32
1056  486 452 0  12 1 6 1 2 4 8 16 32
1057  792 221 0  85 1 6 1 2 4 8 16 32
1058  652 744 0   1 1 6 1 2 4 8 16 32
1059  445 738 0  19 1 6 1 2 4 8 16 32
1060  205 421 0  34 1 6 1 2 4 8 16 32
1061   88 449 0  82 1 6 1 2 4 8 16 32
1062  338 624 0  28 1 6 1 2 4 8 16 32
1063  349 481 0   4 1 6 1 2 4 8 16 32
1064  692 606 0  50 1 6 1 2 4 8 16 32
1065  502 747 0  42 1 6 1 2 4 8 16 32
1066  546 429 0  52 1 6 1 2 4 8 16 32
1067  862 806 0  21 1 6 1 2 4 8 16 32
1068  320 948 0  75 1 6 1 2 4 8 16 32
1069  956 534 0  50 1 6 1 2 4 8 16 32
1070  457 840 0   0 0 0
1071  351 817 0   0 0 0
1072  913 483 0   0 0 0
1073   60 944 0   0 0 0
1074  167 781 0   0 0 0
1075  147 476 0   0 0 0
