2 241 1086 4
0 249
0 249
0 249
0 249
   1  360 850 0  74 1 4 1 2 4 8
   2  676 546 0  33 1 4 1 2 4 8
   3  397 129 0  10 1 4 1 2 4 8
   4  438 879 0   7 1 4 1 2 4 8
   5  266 435 0  91 1 4 1 2 4 8
   6  494 171 0  14 1 4 1 2 4 8
   7  473 277 0  17 1 4 1 2 4 8
   8  796 498 0  57 1 4 1 2 4 8
   9   76 972 0  57 1 4 1 2 4 8
  10  793 308 0  13 1 4 1 2 4 8
  11   17 549 0  42 1 4 1 2 4 8
  12  385 546 0  85 1 4 1 2 4 8
  13   86  44 0  87 1 4 1 2 4 8
  14  478 459 0  95 1 4 1 2 4 8
  15  235 589 0  69 1 4 1 2 4 8
  16  631 324 0  22 1 4 1 2 4 8
  17   12 735 0   6 1 4 1 2 4 8
  18  433 480 0  83 1 4 1 2 4 8
  19  640 715 0  13 1 4 1 2 4 8
  20   36 266 0  48 1 4 1 2 4 8
  21  719 566 0  57 1 4 1 2 4 8
  22  519 286 0  44 1 4 1 2 4 8
  23  278 805 0  98 1 4 1 2 4 8
  24  568 444 0   3 1 4 1 2 4 8
  25  937 440 0  65 1 4 1 2 4 8
  26   69 384 0  26 1 4 1 2 4 8
  27  643 689 0  17 1 4 1 2 4 8
  28  834 138 0  90 1 4 1 2 4 8
  29  719 128 0  70 1 4 1 2 4 8
  30  857 248 0  63 1 4 1 2 4 8
  31  679 771 0  15 1 4 1 2 4 8
  32  500 552 0  59 1 4 1 2 4 8
  33  221 747 0  68 1 4 1 2 4 8
  34  559 106 0  58 1 4 1 2 4 8
  35  721  10 0  95 1 4 1 2 4 8
  36   76 908 0  89 1 4 1 2 4 8
  37  577 764 0   3 1 4 1 2 4 8
  38  330  94 0  49 1 4 1 2 4 8
  39  151 642 0  15 1 4 1 2 4 8
  40  642 617 0  35 1 4 1 2 4 8
  41  350 577 0  53 1 4 1 2 4 8
  42  195 948 0  54 1 4 1 2 4 8
  43  786 443 0  17 1 4 1 2 4 8
  44  358 228 0  69 1 4 1 2 4 8
  45  703 634 0  30 1 4 1 2 4 8
  46  286 391 0  48 1 4 1 2 4 8
  47  826 923 0  40 1 4 1 2 4 8
  48  654 398 0  10 1 4 1 2 4 8
  49   38 146 0  55 1 4 1 2 4 8
  50  398 418 0   4 1 4 1 2 4 8
  51  462 101 0  41 1 4 1 2 4 8
  52  552 449 0  90 1 4 1 2 4 8
  53  274 467 0  95 1 4 1 2 4 8
  54  479 527 0  89 1 4 1 2 4 8
  55  580 893 0  54 1 4 1 2 4 8
  56   98 950 0  46 1 4 1 2 4 8
  57  838 424 0  55 1 4 1 2 4 8
  58  149 914 0  88 1 4 1 2 4 8
  59   73   7 0  87 1 4 1 2 4 8
  60  770 619 0  31 1 4 1 2 4 8
  61  178 620 0  22 1 4 1 2 4 8
  62   66 115 0  75 1 4 1 2 4 8
  63  124  80 0  10 1 4 1 2 4 8
  64  778 552 0  74 1 4 1 2 4 8
  65  886 954 0  98 1 4 1 2 4 8
  66  614 109 0  18 1 4 1 2 4 8
  67  273 426 0  69 1 4 1 2 4 8
  68  922 756 0  76 1 4 1 2 4 8
  69  586 635 0  27 1 4 1 2 4 8
  70  772  53 0  60 1 4 1 2 4 8
  71  851 806 0   2 1 4 1 2 4 8
  72  870  10 0  79 1 4 1 2 4 8
  73  568 611 0  45 1 4 1 2 4 8
  74  963 284 0  83 1 4 1 2 4 8
  75   95 273 0  11 1 4 1 2 4 8
  76  752 538 0  65 1 4 1 2 4 8
  77  228 869 0  37 1 4 1 2 4 8
  78  794 141 0  17 1 4 1 2 4 8
  79  503 590 0  38 1 4 1 2 4 8
  80  899 285 0  90 1 4 1 2 4 8
  81  830 519 0  87 1 4 1 2 4 8
  82  777  92 0   4 1 4 1 2 4 8
  83  313 837 0  78 1 4 1 2 4 8
  84    9 714 0  80 1 4 1 2 4 8
  85  379 747 0  78 1 4 1 2 4 8
  86  186 277 0  49 1 4 1 2 4 8
  87  995 827 0  98 1 4 1 2 4 8
  88  672 959 0  83 1 4 1 2 4 8
  89  835 366 0  27 1 4 1 2 4 8
  90  470  36 0  33 1 4 1 2 4 8
  91  303 605 0  12 1 4 1 2 4 8
  92  358  68 0  93 1 4 1 2 4 8
  93  814 126 0   1 1 4 1 2 4 8
  94  615 988 0  28 1 4 1 2 4 8
  95  245 920 0   3 1 4 1 2 4 8
  96  775 481 0  53 1 4 1 2 4 8
  97  791 363 0  46 1 4 1 2 4 8
  98  192 303 0  12 1 4 1 2 4 8
  99  690 112 0  81 1 4 1 2 4 8
 100   80  80 0  87 1 4 1 2 4 8
 101  146 285 0  69 1 4 1 2 4 8
 102  325 473 0  15 1 4 1 2 4 8
 103  157 492 0  26 1 4 1 2 4 8
 104  461 483 0   1 1 4 1 2 4 8
 105  911 243 0  98 1 4 1 2 4 8
 106  238 918 0  41 1 4 1 2 4 8
 107  825 122 0  14 1 4 1 2 4 8
 108  527  75 0  59 1 4 1 2 4 8
 109  922 472 0  88 1 4 1 2 4 8
 110  527 185 0  96 1 4 1 2 4 8
 111  475 718 0  31 1 4 1 2 4 8
 112  360 231 0  79 1 4 1 2 4 8
 113  982 740 0  68 1 4 1 2 4 8
 114  103 625 0  57 1 4 1 2 4 8
 115  718 690 0  97 1 4 1 2 4 8
 116  387 914 0  87 1 4 1 2 4 8
 117  602 663 0  49 1 4 1 2 4 8
 118  459 746 0  52 1 4 1 2 4 8
 119  203 426 0  30 1 4 1 2 4 8
 120  975 445 0  93 1 4 1 2 4 8
 121  877 357 0  28 1 4 1 2 4 8
 122  285 813 0  73 1 4 1 2 4 8
 123  708 472 0  44 1 4 1 2 4 8
 124  455 615 0  96 1 4 1 2 4 8
 125  220  82 0  55 1 4 1 2 4 8
 126  907 599 0  59 1 4 1 2 4 8
 127  782 903 0  82 1 4 1 2 4 8
 128  549 126 0  76 1 4 1 2 4 8
 129  194 283 0   9 1 4 1 2 4 8
 130  302 579 0  63 1 4 1 2 4 8
 131   17 521 0  91 1 4 1 2 4 8
 132  149  30 0  61 1 4 1 2 4 8
 133  992 715 0  46 1 4 1 2 4 8
 134  858  39 0   5 1 4 1 2 4 8
 135  376 478 0  81 1 4 1 2 4 8
 136  944 160 0  60 1 4 1 2 4 8
 137   80 236 0  48 1 4 1 2 4 8
 138  571 790 0  17 1 4 1 2 4 8
 139  189 536 0  84 1 4 1 2 4 8
 140  238 623 0  29 1 4 1 2 4 8
 141  409 108 0  59 1 4 1 2 4 8
 142  134 251 0 100 1 4 1 2 4 8
 143  688 329 0  11 1 4 1 2 4 8
 144  359 179 0  70 1 4 1 2 4 8
 145  364 770 0  99 1 4 1 2 4 8
 146  922 660 0  43 1 4 1 2 4 8
 147  973 747 0  22 1 4 1 2 4 8
 148  799 454 0  16 1 4 1 2 4 8
 149  632 144 0   6 1 4 1 2 4 8
 150  783 144 0  80 1 4 1 2 4 8
 151  683 427 0  12 1 4 1 2 4 8
 152  235 647 0  69 1 4 1 2 4 8
 153  940 680 0  13 1 4 1 2 4 8
 154   79 308 0  70 1 4 1 2 4 8
 155  247 571 0  88 1 4 1 2 4 8
 156  881 999 0  91 1 4 1 2 4 8
 157   25 407 0  45 1 4 1 2 4 8
 158  868 782 0  10 1 4 1 2 4 8
 159  695 255 0  69 1 4 1 2 4 8
 160  632 924 0  26 1 4 1 2 4 8
 161  801 312 0  38 1 4 1 2 4 8
 162  376 716 0  74 1 4 1 2 4 8
 163  237 334 0  99 1 4 1 2 4 8
 164  334 791 0  87 1 4 1 2 4 8
 165  361  35 0   1 1 4 1 2 4 8
 166  403 740 0  33 1 4 1 2 4 8
 167  232 513 0  69 1 4 1 2 4 8
 168   80 702 0  14 1 4 1 2 4 8
 169  922 399 0  45 1 4 1 2 4 8
 170  333 275 0  24 1 4 1 2 4 8
 171  620  61 0  34 1 4 1 2 4 8
 172  658 713 0  44 1 4 1 2 4 8
 173  552 446 0  56 1 4 1 2 4 8
 174  218 196 0  33 1 4 1 2 4 8
 175  158 674 0  23 1 4 1 2 4 8
 176  382 651 0  99 1 4 1 2 4 8
 177  349 775 0  79 1 4 1 2 4 8
 178  463 293 0   4 1 4 1 2 4 8
 179  763 714 0  51 1 4 1 2 4 8
 180  624 400 0  21 1 4 1 2 4 8
 181   62 719 0  50 1 4 1 2 4 8
 182  482 484 0  93 1 4 1 2 4 8
 183  357 512 0  75 1 4 1 2 4 8
 184  353 370 0  87 1 4 1 2 4 8
 185  370 728 0  49 1 4 1 2 4 8
 186  753 593 0  41 1 4 1 2 4 8
 187  365 243 0  23 1 4 1 2 4 8
 188  980 462 0  92 1 4 1 2 4 8
 189  757 457 0  78 1 4 1 2 4 8
 190  812 400 0  30 1 4 1 2 4 8
 191  338 497 0  71 1 4 1 2 4 8
 192  983 728 0  74 1 4 1 2 4 8
 193  810 419 0  76 1 4 1 2 4 8
 194   67 395 0  39 1 4 1 2 4 8
 195  698 223 0  32 1 4 1 2 4 8
 196  481 325 0  15 1 4 1 2 4 8
 197  843 488 0  95 1 4 1 2 4 8
 198   12 681 0  75 1 4 1 2 4 8
 199   13 370 0  64 1 4 1 2 4 8
 200  830 134 0  58 1 4 1 2 4 8
 201  142 686 0  45 1 4 1 2 4 8
 202  143 727 0  10 1 4 1 2 4 8
 203  829 611 0  83 1 4 1 2 4 8
 204   24 220 0  97 1 4 1 2 4 8
 205  819 431 0  50 1 4 1 2 4 8
 206  533 990 0  77 1 4 1 2 4 8
 207  659  39 0  33 1 4 1 2 4 8
 208  658 380 0  49 1 4 1 2 4 8
 209   48 266 0  27 1 4 1 2 4 8
 210   43 421 0  62 1 4 1 2 4 8
 211  101 139 0  99 1 4 1 2 4 8
 212  776 426 0 100 1 4 1 2 4 8
 213  835 851 0  71 1 4 1 2 4 8
 214   91 265 0  98 1 4 1 2 4 8
 215  870 147 0  34 1 4 1 2 4 8
 216  548  92 0  70 1 4 1 2 4 8
 217  594 115 0  47 1 4 1 2 4 8
 218  176 997 0  32 1 4 1 2 4 8
 219  611 324 0  75 1 4 1 2 4 8
 220   22 258 0  42 1 4 1 2 4 8
 221  957 777 0  47 1 4 1 2 4 8
 222  145 663 0  34 1 4 1 2 4 8
 223   25 692 0  56 1 4 1 2 4 8
 224  404 215 0  59 1 4 1 2 4 8
 225  106 435 0  34 1 4 1 2 4 8
 226  336 520 0  91 1 4 1 2 4 8
 227  999 269 0   9 1 4 1 2 4 8
 228  449 958 0  90 1 4 1 2 4 8
 229  298 235 0  22 1 4 1 2 4 8
 230  469 491 0  11 1 4 1 2 4 8
 231  600 937 0  30 1 4 1 2 4 8
 232  423 868 0  22 1 4 1 2 4 8
 233  429 435 0  11 1 4 1 2 4 8
 234  474 810 0  66 1 4 1 2 4 8
 235  324 777 0  28 1 4 1 2 4 8
 236  551 953 0  39 1 4 1 2 4 8
 237  350 516 0  81 1 4 1 2 4 8
 238  744 841 0  53 1 4 1 2 4 8
 239  607 175 0   4 1 4 1 2 4 8
 240  410 509 0  56 1 4 1 2 4 8
 241  302 675 0  47 1 4 1 2 4 8
 242  159 328 0  17 1 4 1 2 4 8
 243  666 919 0  70 1 4 1 2 4 8
 244  450 150 0   3 1 4 1 2 4 8
 245   32 461 0  65 1 4 1 2 4 8
 246  158 891 0  91 1 4 1 2 4 8
 247  483 356 0  30 1 4 1 2 4 8
 248  478  28 0  66 1 4 1 2 4 8
 249   73 736 0  44 1 4 1 2 4 8
 250  848 194 0  57 1 4 1 2 4 8
 251  272 789 0  58 1 4 1 2 4 8
 252  877  43 0  54 1 4 1 2 4 8
 253  605 521 0  29 1 4 1 2 4 8
 254  684 160 0  19 1 4 1 2 4 8
 255   76  94 0  95 1 4 1 2 4 8
 256  715 474 0  47 1 4 1 2 4 8
 257  206 220 0  80 1 4 1 2 4 8
 258  941 609 0  68 1 4 1 2 4 8
 259  938 282 0  98 1 4 1 2 4 8
 260  735 183 0  43 1 4 1 2 4 8
 261  787 329 0  88 1 4 1 2 4 8
 262  318 709 0  47 1 4 1 2 4 8
 263  174 753 0  14 1 4 1 2 4 8
 264  243 798 0  78 1 4 1 2 4 8
 265  500 924 0  56 1 4 1 2 4 8
 266  645 821 0  17 1 4 1 2 4 8
 267  193 301 0  99 1 4 1 2 4 8
 268  288 239 0  51 1 4 1 2 4 8
 269  808 943 0  29 1 4 1 2 4 8
 270  694 588 0  98 1 4 1 2 4 8
 271  458 752 0  53 1 4 1 2 4 8
 272  379 410 0  31 1 4 1 2 4 8
 273  735 754 0  55 1 4 1 2 4 8
 274  802 655 0  28 1 4 1 2 4 8
 275  382 923 0  80 1 4 1 2 4 8
 276  314 924 0  82 1 4 1 2 4 8
 277  511 318 0  63 1 4 1 2 4 8
 278   94 916 0  26 1 4 1 2 4 8
 279  478 914 0  71 1 4 1 2 4 8
 280  845 454 0  72 1 4 1 2 4 8
 281  314 506 0  23 1 4 1 2 4 8
 282  855 467 0  71 1 4 1 2 4 8
 283  621 182 0  81 1 4 1 2 4 8
 284  126 572 0  94 1 4 1 2 4 8
 285  653 354 0  77 1 4 1 2 4 8
 286  376 519 0  16 1 4 1 2 4 8
 287  700 101 0  31 1 4 1 2 4 8
 288  953 964 0   8 1 4 1 2 4 8
 289  241  32 0  20 1 4 1 2 4 8
 290  627 292 0  51 1 4 1 2 4 8
 291  770 171 0  24 1 4 1 2 4 8
 292   34 410 0  65 1 4 1 2 4 8
 293  886 709 0  45 1 4 1 2 4 8
 294  612 678 0  59 1 4 1 2 4 8
 295  283 830 0   6 1 4 1 2 4 8
 296  350 820 0  74 1 4 1 2 4 8
 297   13 469 0  64 1 4 1 2 4 8
 298   70 358 0  52 1 4 1 2 4 8
 299  858 600 0  52 1 4 1 2 4 8
 300  389 996 0  63 1 4 1 2 4 8
 301  301 352 0   5 1 4 1 2 4 8
 302  753 954 0   4 1 4 1 2 4 8
 303  373  84 0  69 1 4 1 2 4 8
 304  886 255 0  11 1 4 1 2 4 8
 305  210 260 0  48 1 4 1 2 4 8
 306  203 717 0  14 1 4 1 2 4 8
 307  345 308 0   5 1 4 1 2 4 8
 308  364 830 0   7 1 4 1 2 4 8
 309  400 506 0  42 1 4 1 2 4 8
 310  809  42 0  77 1 4 1 2 4 8
 311  464 897 0  62 1 4 1 2 4 8
 312  185  11 0  53 1 4 1 2 4 8
 313  345 514 0  50 1 4 1 2 4 8
 314  489 342 0  38 1 4 1 2 4 8
 315  650 290 0  15 1 4 1 2 4 8
 316  326 520 0  41 1 4 1 2 4 8
 317  469 972 0  98 1 4 1 2 4 8
 318  427 649 0  64 1 4 1 2 4 8
 319  979 570 0  80 1 4 1 2 4 8
 320  240 331 0  99 1 4 1 2 4 8
 321  958 726 0  85 1 4 1 2 4 8
 322  427 231 0   5 1 4 1 2 4 8
 323  773 335 0  17 1 4 1 2 4 8
 324  298 699 0  19 1 4 1 2 4 8
 325  672  73 0  23 1 4 1 2 4 8
 326  156 292 0  84 1 4 1 2 4 8
 327  689 888 0  10 1 4 1 2 4 8
 328  341 882 0  18 1 4 1 2 4 8
 329  829 341 0  59 1 4 1 2 4 8
 330   47 632 0  62 1 4 1 2 4 8
 331  866 376 0  77 1 4 1 2 4 8
 332  794 587 0  14 1 4 1 2 4 8
 333  281 333 0   3 1 4 1 2 4 8
 334  749 399 0   1 1 4 1 2 4 8
 335  522 406 0  74 1 4 1 2 4 8
 336  824 517 0  46 1 4 1 2 4 8
 337  114 351 0  36 1 4 1 2 4 8
 338  186 244 0  51 1 4 1 2 4 8
 339  240 320 0  91 1 4 1 2 4 8
 340  883 504 0  15 1 4 1 2 4 8
 341  221 883 0  16 1 4 1 2 4 8
 342  860 379 0   8 1 4 1 2 4 8
 343  217 236 0  90 1 4 1 2 4 8
 344    1 873 0  48 1 4 1 2 4 8
 345    1 169 0  82 1 4 1 2 4 8
 346  501 236 0  61 1 4 1 2 4 8
 347  134 296 0  80 1 4 1 2 4 8
 348  450 267 0  86 1 4 1 2 4 8
 349  987 283 0  59 1 4 1 2 4 8
 350  111 648 0  47 1 4 1 2 4 8
 351  398 457 0  25 1 4 1 2 4 8
 352  217 748 0  27 1 4 1 2 4 8
 353  691 664 0  77 1 4 1 2 4 8
 354  244 385 0  58 1 4 1 2 4 8
 355  114 934 0  32 1 4 1 2 4 8
 356  895 674 0  36 1 4 1 2 4 8
 357  964 106 0  64 1 4 1 2 4 8
 358  559  79 0  26 1 4 1 2 4 8
 359  557 136 0  48 1 4 1 2 4 8
 360   96 741 0  18 1 4 1 2 4 8
 361  115 653 0  21 1 4 1 2 4 8
 362  359 450 0  66 1 4 1 2 4 8
 363  794 274 0  27 1 4 1 2 4 8
 364  380  61 0  38 1 4 1 2 4 8
 365  704 894 0  53 1 4 1 2 4 8
 366  977 654 0  81 1 4 1 2 4 8
 367  852 984 0  93 1 4 1 2 4 8
 368  462 953 0  99 1 4 1 2 4 8
 369  170 333 0  14 1 4 1 2 4 8
 370  930 515 0  70 1 4 1 2 4 8
 371  352 458 0  46 1 4 1 2 4 8
 372  696 761 0  50 1 4 1 2 4 8
 373  473 479 0  77 1 4 1 2 4 8
 374  359 794 0  89 1 4 1 2 4 8
 375  949 317 0  60 1 4 1 2 4 8
 376  645 238 0  43 1 4 1 2 4 8
 377  717 292 0  86 1 4 1 2 4 8
 378  409 701 0  24 1 4 1 2 4 8
 379  275 968 0   4 1 4 1 2 4 8
 380  134  95 0  31 1 4 1 2 4 8
 381  443 620 0  29 1 4 1 2 4 8
 382  702 276 0  89 1 4 1 2 4 8
 383  509 825 0  18 1 4 1 2 4 8
 384  985 390 0  88 1 4 1 2 4 8
 385  778  29 0  84 1 4 1 2 4 8
 386  108 850 0   4 1 4 1 2 4 8
 387  251 828 0  51 1 4 1 2 4 8
 388  298  45 0  90 1 4 1 2 4 8
 389  913 163 0  86 1 4 1 2 4 8
 390  180 966 0  82 1 4 1 2 4 8
 391  621 178 0  70 1 4 1 2 4 8
 392  614 847 0  99 1 4 1 2 4 8
 393  529 342 0  53 1 4 1 2 4 8
 394  815 637 0  13 1 4 1 2 4 8
 395  364 923 0  31 1 4 1 2 4 8
 396   87 389 0  96 1 4 1 2 4 8
 397  261 173 0  81 1 4 1 2 4 8
 398  647 105 0  13 1 4 1 2 4 8
 399  834 581 0  71 1 4 1 2 4 8
 400   12 834 0  17 1 4 1 2 4 8
 401  832 150 0 100 1 4 1 2 4 8
 402   32 337 0  75 1 4 1 2 4 8
 403  665 191 0  89 1 4 1 2 4 8
 404  584 230 0  29 1 4 1 2 4 8
 405  170 901 0  41 1 4 1 2 4 8
 406  484 855 0  81 1 4 1 2 4 8
 407  344 871 0  79 1 4 1 2 4 8
 408   47 999 0  18 1 4 1 2 4 8
 409  857 501 0  90 1 4 1 2 4 8
 410  903  47 0  87 1 4 1 2 4 8
 411  753 582 0  61 1 4 1 2 4 8
 412  704 101 0  45 1 4 1 2 4 8
 413  898 111 0  86 1 4 1 2 4 8
 414  631  94 0  74 1 4 1 2 4 8
 415  696 402 0  83 1 4 1 2 4 8
 416   18 526 0  66 1 4 1 2 4 8
 417  671 187 0  21 1 4 1 2 4 8
 418  218 302 0  26 1 4 1 2 4 8
 419  382 981 0  97 1 4 1 2 4 8
 420   50 969 0  14 1 4 1 2 4 8
 421  199 407 0  80 1 4 1 2 4 8
 422  952 661 0  44 1 4 1 2 4 8
 423  802 308 0   7 1 4 1 2 4 8
 424  134 138 0  14 1 4 1 2 4 8
 425  839 368 0  48 1 4 1 2 4 8
 426  468 536 0  70 1 4 1 2 4 8
 427  249 960 0  31 1 4 1 2 4 8
 428  697 325 0  52 1 4 1 2 4 8
 429  323 123 0  83 1 4 1 2 4 8
 430  517  99 0   8 1 4 1 2 4 8
 431  474 660 0  30 1 4 1 2 4 8
 432  553 135 0  32 1 4 1 2 4 8
 433  208 945 0  74 1 4 1 2 4 8
 434  405 944 0  56 1 4 1 2 4 8
 435  746 645 0  40 1 4 1 2 4 8
 436  449   8 0  98 1 4 1 2 4 8
 437  804 674 0  92 1 4 1 2 4 8
 438   29  93 0  24 1 4 1 2 4 8
 439  313 582 0  27 1 4 1 2 4 8
 440  619 104 0  59 1 4 1 2 4 8
 441    2 867 0  24 1 4 1 2 4 8
 442  680 458 0  97 1 4 1 2 4 8
 443  788 386 0  58 1 4 1 2 4 8
 444  409 469 0  65 1 4 1 2 4 8
 445  119 760 0  10 1 4 1 2 4 8
 446  369 497 0 100 1 4 1 2 4 8
 447  890 309 0  75 1 4 1 2 4 8
 448  653 543 0  83 1 4 1 2 4 8
 449  234 719 0  72 1 4 1 2 4 8
 450  703 320 0  36 1 4 1 2 4 8
 451  250 157 0  95 1 4 1 2 4 8
 452  935 179 0  80 1 4 1 2 4 8
 453  278 280 0  20 1 4 1 2 4 8
 454  629 419 0  37 1 4 1 2 4 8
 455  913 481 0  67 1 4 1 2 4 8
 456  229  22 0  29 1 4 1 2 4 8
 457   25 717 0  21 1 4 1 2 4 8
 458   60 858 0   6 1 4 1 2 4 8
 459  420 952 0  30 1 4 1 2 4 8
 460   86 842 0  39 1 4 1 2 4 8
 461  955 482 0  90 1 4 1 2 4 8
 462  716   0 0  26 1 4 1 2 4 8
 463  778 858 0  25 1 4 1 2 4 8
 464  500 139 0   1 1 4 1 2 4 8
 465  655 304 0   8 1 4 1 2 4 8
 466  356 535 0  49 1 4 1 2 4 8
 467  534 354 0   4 1 4 1 2 4 8
 468  851 531 0  32 1 4 1 2 4 8
 469  542 999 0  86 1 4 1 2 4 8
 470  340 393 0   7 1 4 1 2 4 8
 471  368 134 0  19 1 4 1 2 4 8
 472  255 415 0  57 1 4 1 2 4 8
 473  805 740 0  10 1 4 1 2 4 8
 474  905 451 0  95 1 4 1 2 4 8
 475  553 314 0  91 1 4 1 2 4 8
 476  895 164 0  15 1 4 1 2 4 8
 477  765 762 0   2 1 4 1 2 4 8
 478  697 532 0  91 1 4 1 2 4 8
 479   11  10 0  15 1 4 1 2 4 8
 480  626 932 0  43 1 4 1 2 4 8
 481   39  68 0  70 1 4 1 2 4 8
 482  961   2 0  42 1 4 1 2 4 8
 483  784  59 0  31 1 4 1 2 4 8
 484  654 466 0  67 1 4 1 2 4 8
 485  144  43 0  76 1 4 1 2 4 8
 486  945 177 0  97 1 4 1 2 4 8
 487  152 556 0   2 1 4 1 2 4 8
 488  743 884 0  56 1 4 1 2 4 8
 489   56 682 0  86 1 4 1 2 4 8
 490  214 339 0  31 1 4 1 2 4 8
 491  733 710 0  67 1 4 1 2 4 8
 492  864 150 0  69 1 4 1 2 4 8
 493  592 533 0  19 1 4 1 2 4 8
 494   35 337 0  59 1 4 1 2 4 8
 495   48  17 0  11 1 4 1 2 4 8
 496  929 612 0  60 1 4 1 2 4 8
 497  471 294 0  95 1 4 1 2 4 8
 498  370 369 0  22 1 4 1 2 4 8
 499  920 541 0  99 1 4 1 2 4 8
 500  908 556 0  56 1 4 1 2 4 8
 501  382 720 0  10 1 4 1 2 4 8
 502  272 339 0  29 1 4 1 2 4 8
 503  929  68 0  73 1 4 1 2 4 8
 504  956 643 0  68 1 4 1 2 4 8
 505  333 235 0  15 1 4 1 2 4 8
 506  278 244 0  82 1 4 1 2 4 8
 507  364 189 0  68 1 4 1 2 4 8
 508  828  77 0  91 1 4 1 2 4 8
 509  803 581 0  32 1 4 1 2 4 8
 510  536  36 0  16 1 4 1 2 4 8
 511  516 263 0  38 1 4 1 2 4 8
 512  959 680 0  77 1 4 1 2 4 8
 513  383  15 0  27 1 4 1 2 4 8
 514  799 775 0  46 1 4 1 2 4 8
 515  577 659 0  60 1 4 1 2 4 8
 516  976 218 0  44 1 4 1 2 4 8
 517  113 214 0  56 1 4 1 2 4 8
 518  791 826 0  39 1 4 1 2 4 8
 519   66 692 0  32 1 4 1 2 4 8
 520  875 304 0  49 1 4 1 2 4 8
 521  128 100 0  21 1 4 1 2 4 8
 522   64 686 0  52 1 4 1 2 4 8
 523  416 197 0  96 1 4 1 2 4 8
 524  207 605 0  33 1 4 1 2 4 8
 525  492 642 0  68 1 4 1 2 4 8
 526  195 654 0  22 1 4 1 2 4 8
 527  338 610 0  73 1 4 1 2 4 8
 528    0 361 0  46 1 4 1 2 4 8
 529  610 716 0  92 1 4 1 2 4 8
 530  705 629 0  98 1 4 1 2 4 8
 531 1000 794 0  91 1 4 1 2 4 8
 532  642 791 0  95 1 4 1 2 4 8
 533   48 226 0  34 1 4 1 2 4 8
 534  515 827 0  16 1 4 1 2 4 8
 535  380 379 0  42 1 4 1 2 4 8
 536  976 680 0  29 1 4 1 2 4 8
 537  378  48 0  85 1 4 1 2 4 8
 538  873 672 0  49 1 4 1 2 4 8
 539  700 857 0  86 1 4 1 2 4 8
 540  601 891 0  73 1 4 1 2 4 8
 541  951 449 0  80 1 4 1 2 4 8
 542  499 332 0  67 1 4 1 2 4 8
 543  122 803 0  95 1 4 1 2 4 8
 544  711  45 0  77 1 4 1 2 4 8
 545  250   4 0  19 1 4 1 2 4 8
 546  814 437 0  26 1 4 1 2 4 8
 547   50 923 0  88 1 4 1 2 4 8
 548  105 151 0  51 1 4 1 2 4 8
 549  193 440 0  36 1 4 1 2 4 8
 550  520 457 0  12 1 4 1 2 4 8
 551  341 615 0  88 1 4 1 2 4 8
 552  986 849 0  28 1 4 1 2 4 8
 553  265 584 0  92 1 4 1 2 4 8
 554  877 536 0   4 1 4 1 2 4 8
 555  148 123 0  34 1 4 1 2 4 8
 556  390 542 0  76 1 4 1 2 4 8
 557  718 175 0  82 1 4 1 2 4 8
 558  178 442 0  13 1 4 1 2 4 8
 559  170 350 0  55 1 4 1 2 4 8
 560  629 624 0  75 1 4 1 2 4 8
 561  125 879 0  51 1 4 1 2 4 8
 562 1000 780 0  91 1 4 1 2 4 8
 563   82  76 0  67 1 4 1 2 4 8
 564  434 643 0  15 1 4 1 2 4 8
 565  271 301 0  50 1 4 1 2 4 8
 566   86 899 0  57 1 4 1 2 4 8
 567   50 153 0   4 1 4 1 2 4 8
 568  392 949 0  33 1 4 1 2 4 8
 569  360  86 0  82 1 4 1 2 4 8
 570  906 532 0   8 1 4 1 2 4 8
 571  897 457 0  59 1 4 1 2 4 8
 572  616 799 0  56 1 4 1 2 4 8
 573  319 999 0  31 1 4 1 2 4 8
 574  729 673 0  97 1 4 1 2 4 8
 575  893 118 0  12 1 4 1 2 4 8
 576  492 167 0  75 1 4 1 2 4 8
 577  471 106 0  15 1 4 1 2 4 8
 578  630 293 0  69 1 4 1 2 4 8
 579   97 948 0   4 1 4 1 2 4 8
 580  568 218 0  58 1 4 1 2 4 8
 581  154  59 0  91 1 4 1 2 4 8
 582  732 913 0  31 1 4 1 2 4 8
 583  994 873 0  42 1 4 1 2 4 8
 584  331  87 0 100 1 4 1 2 4 8
 585  336 493 0  70 1 4 1 2 4 8
 586    6 835 0  75 1 4 1 2 4 8
 587  977 954 0  93 1 4 1 2 4 8
 588  755 662 0  26 1 4 1 2 4 8
 589  254 508 0  16 1 4 1 2 4 8
 590  382 810 0  55 1 4 1 2 4 8
 591  397 899 0  63 1 4 1 2 4 8
 592  216 348 0  12 1 4 1 2 4 8
 593  584 640 0  54 1 4 1 2 4 8
 594   44 617 0  33 1 4 1 2 4 8
 595  784 472 0  99 1 4 1 2 4 8
 596  888 728 0  70 1 4 1 2 4 8
 597  488  15 0  49 1 4 1 2 4 8
 598   87 498 0  18 1 4 1 2 4 8
 599  771 234 0  19 1 4 1 2 4 8
 600  188 337 0  89 1 4 1 2 4 8
 601  503 988 0  89 1 4 1 2 4 8
 602  410 238 0  52 1 4 1 2 4 8
 603  297 822 0  47 1 4 1 2 4 8
 604   13 451 0  84 1 4 1 2 4 8
 605  404 999 0  73 1 4 1 2 4 8
 606  207  28 0  72 1 4 1 2 4 8
 607   30 713 0  89 1 4 1 2 4 8
 608  686 726 0  37 1 4 1 2 4 8
 609  692 908 0  36 1 4 1 2 4 8
 610  181 827 0   3 1 4 1 2 4 8
 611  387 471 0  37 1 4 1 2 4 8
 612  935 561 0  92 1 4 1 2 4 8
 613  550 461 0  93 1 4 1 2 4 8
 614  123 941 0  37 1 4 1 2 4 8
 615  491 830 0  90 1 4 1 2 4 8
 616  318  65 0  45 1 4 1 2 4 8
 617  501 910 0   5 1 4 1 2 4 8
 618  239 810 0   6 1 4 1 2 4 8
 619  980 186 0  35 1 4 1 2 4 8
 620  711 748 0  11 1 4 1 2 4 8
 621  725 136 0  32 1 4 1 2 4 8
 622  488 721 0  52 1 4 1 2 4 8
 623  309 920 0  32 1 4 1 2 4 8
 624  678 419 0  82 1 4 1 2 4 8
 625  858  53 0  60 1 4 1 2 4 8
 626  406 567 0  15 1 4 1 2 4 8
 627  991 710 0  19 1 4 1 2 4 8
 628  612 513 0  94 1 4 1 2 4 8
 629  106 577 0  21 1 4 1 2 4 8
 630  615 360 0  99 1 4 1 2 4 8
 631  997 829 0  71 1 4 1 2 4 8
 632  697 486 0  22 1 4 1 2 4 8
 633    7 423 0  83 1 4 1 2 4 8
 634  452  82 0  80 1 4 1 2 4 8
 635   79 138 0  87 1 4 1 2 4 8
 636  387 349 0  93 1 4 1 2 4 8
 637  115 996 0  42 1 4 1 2 4 8
 638  934 974 0  73 1 4 1 2 4 8
 639  436 775 0  29 1 4 1 2 4 8
 640  674 527 0  70 1 4 1 2 4 8
 641  177 358 0   4 1 4 1 2 4 8
 642  745 707 0  96 1 4 1 2 4 8
 643  434 198 0  53 1 4 1 2 4 8
 644  259 300 0  38 1 4 1 2 4 8
 645  877 117 0  79 1 4 1 2 4 8
 646  421 293 0  72 1 4 1 2 4 8
 647  424 949 0  84 1 4 1 2 4 8
 648   17 303 0  44 1 4 1 2 4 8
 649   74 425 0   9 1 4 1 2 4 8
 650   37 890 0   5 1 4 1 2 4 8
 651  833 714 0  42 1 4 1 2 4 8
 652  132 147 0  37 1 4 1 2 4 8
 653  451 525 0  32 1 4 1 2 4 8
 654  893 756 0  12 1 4 1 2 4 8
 655  606 989 0  74 1 4 1 2 4 8
 656  180 904 0  39 1 4 1 2 4 8
 657   82 806 0  96 1 4 1 2 4 8
 658  350 396 0  45 1 4 1 2 4 8
 659  353 359 0  11 1 4 1 2 4 8
 660  717 447 0  13 1 4 1 2 4 8
 661  485 198 0  79 1 4 1 2 4 8
 662  169 642 0  43 1 4 1 2 4 8
 663  202 492 0  98 1 4 1 2 4 8
 664  642 875 0  29 1 4 1 2 4 8
 665  666 306 0  34 1 4 1 2 4 8
 666   50 610 0  88 1 4 1 2 4 8
 667  822 716 0  95 1 4 1 2 4 8
 668  237 139 0  96 1 4 1 2 4 8
 669  982 562 0  21 1 4 1 2 4 8
 670  522 144 0   3 1 4 1 2 4 8
 671   48 931 0  30 1 4 1 2 4 8
 672  164 814 0  79 1 4 1 2 4 8
 673  242 301 0  57 1 4 1 2 4 8
 674  403 296 0  27 1 4 1 2 4 8
 675  481 762 0  81 1 4 1 2 4 8
 676  772 110 0  51 1 4 1 2 4 8
 677  620  36 0  69 1 4 1 2 4 8
 678  131 525 0  15 1 4 1 2 4 8
 679  863 566 0  70 1 4 1 2 4 8
 680  287  84 0  41 1 4 1 2 4 8
 681  906 691 0  37 1 4 1 2 4 8
 682  520  43 0  45 1 4 1 2 4 8
 683  320 818 0  78 1 4 1 2 4 8
 684  178  24 0  75 1 4 1 2 4 8
 685  415  50 0   1 1 4 1 2 4 8
 686  866 183 0  66 1 4 1 2 4 8
 687  823   9 0  53 1 4 1 2 4 8
 688  565 915 0  71 1 4 1 2 4 8
 689   79 366 0  71 1 4 1 2 4 8
 690   23 432 0  61 1 4 1 2 4 8
 691  466 204 0  57 1 4 1 2 4 8
 692   55 764 0  17 1 4 1 2 4 8
 693  121 871 0  31 1 4 1 2 4 8
 694   82 423 0  20 1 4 1 2 4 8
 695  497 179 0   7 1 4 1 2 4 8
 696  400 487 0 100 1 4 1 2 4 8
 697  738 290 0  93 1 4 1 2 4 8
 698  164 389 0  85 1 4 1 2 4 8
 699  922 344 0  43 1 4 1 2 4 8
 700  143 715 0  28 1 4 1 2 4 8
 701  210 152 0  30 1 4 1 2 4 8
 702  234 804 0  48 1 4 1 2 4 8
 703  288 252 0  94 1 4 1 2 4 8
 704  856 202 0  10 1 4 1 2 4 8
 705  676 910 0  63 1 4 1 2 4 8
 706   14 978 0  65 1 4 1 2 4 8
 707  312 797 0   5 1 4 1 2 4 8
 708  628 643 0  22 1 4 1 2 4 8
 709   80 876 0  38 1 4 1 2 4 8
 710  280 997 0  26 1 4 1 2 4 8
 711  929  78 0 100 1 4 1 2 4 8
 712  632 254 0  59 1 4 1 2 4 8
 713  213 290 0  98 1 4 1 2 4 8
 714  222  49 0  59 1 4 1 2 4 8
 715  184 897 0  92 1 4 1 2 4 8
 716  360 591 0  43 1 4 1 2 4 8
 717  868  37 0  50 1 4 1 2 4 8
 718  266 457 0  43 1 4 1 2 4 8
 719  525 129 0  29 1 4 1 2 4 8
 720  601 937 0  80 1 4 1 2 4 8
 721  974 462 0  12 1 4 1 2 4 8
 722  348 946 0  75 1 4 1 2 4 8
 723  247 100 0  55 1 4 1 2 4 8
 724  672 304 0  31 1 4 1 2 4 8
 725   35 951 0  29 1 4 1 2 4 8
 726  702 747 0  98 1 4 1 2 4 8
 727  915 509 0  57 1 4 1 2 4 8
 728  327 615 0  76 1 4 1 2 4 8
 729  280 187 0   6 1 4 1 2 4 8
 730  519 410 0  74 1 4 1 2 4 8
 731  280  61 0  43 1 4 1 2 4 8
 732  474 846 0  90 1 4 1 2 4 8
 733  905 474 0  41 1 4 1 2 4 8
 734  526 557 0  10 1 4 1 2 4 8
 735  955 430 0  86 1 4 1 2 4 8
 736  887 858 0  53 1 4 1 2 4 8
 737  490 549 0 100 1 4 1 2 4 8
 738  633  75 0  88 1 4 1 2 4 8
 739  378 416 0  75 1 4 1 2 4 8
 740  117 767 0  67 1 4 1 2 4 8
 741  253 246 0  38 1 4 1 2 4 8
 742   58 501 0  77 1 4 1 2 4 8
 743  705  82 0  79 1 4 1 2 4 8
 744  708 287 0  32 1 4 1 2 4 8
 745  555 245 0  77 1 4 1 2 4 8
 746   64  15 0  58 1 4 1 2 4 8
 747  548  75 0  14 1 4 1 2 4 8
 748  647 257 0  41 1 4 1 2 4 8
 749  972 279 0   3 1 4 1 2 4 8
 750  387 495 0  84 1 4 1 2 4 8
 751  384  98 0  65 1 4 1 2 4 8
 752  185 375 0  56 1 4 1 2 4 8
 753  306 156 0  71 1 4 1 2 4 8
 754  238 375 0  54 1 4 1 2 4 8
 755  703 697 0   3 1 4 1 2 4 8
 756   54 140 0  49 1 4 1 2 4 8
 757  114 938 0  50 1 4 1 2 4 8
 758  925 721 0  11 1 4 1 2 4 8
 759  925 577 0  80 1 4 1 2 4 8
 760  693  40 0  66 1 4 1 2 4 8
 761   71 954 0  18 1 4 1 2 4 8
 762  339 475 0  18 1 4 1 2 4 8
 763  759 539 0  21 1 4 1 2 4 8
 764  502 796 0  50 1 4 1 2 4 8
 765  839  94 0  64 1 4 1 2 4 8
 766  498 522 0  22 1 4 1 2 4 8
 767  417 226 0  15 1 4 1 2 4 8
 768  674 785 0  72 1 4 1 2 4 8
 769   53 401 0  20 1 4 1 2 4 8
 770  597 261 0  99 1 4 1 2 4 8
 771  119 489 0  71 1 4 1 2 4 8
 772  425 392 0  88 1 4 1 2 4 8
 773  131 429 0   5 1 4 1 2 4 8
 774    8 937 0  11 1 4 1 2 4 8
 775  256 208 0  60 1 4 1 2 4 8
 776  835 192 0  84 1 4 1 2 4 8
 777  566 892 0  87 1 4 1 2 4 8
 778  229 639 0  12 1 4 1 2 4 8
 779  343 634 0   4 1 4 1 2 4 8
 780  425 168 0  97 1 4 1 2 4 8
 781  623 894 0  93 1 4 1 2 4 8
 782  494 349 0  99 1 4 1 2 4 8
 783   73 406 0  79 1 4 1 2 4 8
 784  694 330 0  19 1 4 1 2 4 8
 785  810 330 0  41 1 4 1 2 4 8
 786  894 880 0  43 1 4 1 2 4 8
 787  200 447 0  16 1 4 1 2 4 8
 788  967 680 0  87 1 4 1 2 4 8
 789  176 174 0  84 1 4 1 2 4 8
 790   85 798 0  12 1 4 1 2 4 8
 791  296 204 0  79 1 4 1 2 4 8
 792  149 774 0  77 1 4 1 2 4 8
 793  329 327 0  48 1 4 1 2 4 8
 794  287 670 0  10 1 4 1 2 4 8
 795  601 717 0   1 1 4 1 2 4 8
 796  116 157 0  45 1 4 1 2 4 8
 797  386 191 0  90 1 4 1 2 4 8
 798  201 375 0  38 1 4 1 2 4 8
 799  521 976 0  65 1 4 1 2 4 8
 800  948 496 0  28 1 4 1 2 4 8
 801  360  96 0  73 1 4 1 2 4 8
 802  549  11 0  28 1 4 1 2 4 8
 803  352 949 0  68 1 4 1 2 4 8
 804  850 795 0  45 1 4 1 2 4 8
 805  324 704 0  88 1 4 1 2 4 8
 806  205 656 0   3 1 4 1 2 4 8
 807  112 907 0  68 1 4 1 2 4 8
 808  379 122 0  45 1 4 1 2 4 8
 809  413 658 0  80 1 4 1 2 4 8
 810  715 987 0  49 1 4 1 2 4 8
 811  535 280 0  28 1 4 1 2 4 8
 812  945 952 0  62 1 4 1 2 4 8
 813  676 452 0   3 1 4 1 2 4 8
 814  103 888 0  61 1 4 1 2 4 8
 815  785 693 0  60 1 4 1 2 4 8
 816  512 298 0  75 1 4 1 2 4 8
 817  794 591 0  73 1 4 1 2 4 8
 818  607 543 0   7 1 4 1 2 4 8
 819  295 411 0  40 1 4 1 2 4 8
 820  761  33 0  83 1 4 1 2 4 8
 821  986 722 0  90 1 4 1 2 4 8
 822   99 281 0  50 1 4 1 2 4 8
 823  947  33 0  73 1 4 1 2 4 8
 824  295 735 0  41 1 4 1 2 4 8
 825  624 297 0  67 1 4 1 2 4 8
 826  850 139 0  42 1 4 1 2 4 8
 827  936 333 0  60 1 4 1 2 4 8
 828  174 442 0  86 1 4 1 2 4 8
 829   51 695 0  42 1 4 1 2 4 8
 830  334 212 0  35 1 4 1 2 4 8
 831  919 368 0   8 1 4 1 2 4 8
 832  299 494 0  20 1 4 1 2 4 8
 833  493 891 0  85 1 4 1 2 4 8
 834  740 661 0  13 1 4 1 2 4 8
 835  446 426 0  55 1 4 1 2 4 8
 836  555  93 0  58 1 4 1 2 4 8
 837  765 758 0   2 1 4 1 2 4 8
 838  179 820 0  89 1 4 1 2 4 8
 839  390 248 0  28 1 4 1 2 4 8
 840   82 849 0   2 1 4 1 2 4 8
 841  938 407 0  58 1 4 1 2 4 8
 842  280 611 0  22 1 4 1 2 4 8
 843  965 402 0  33 1 4 1 2 4 8
 844  794 826 0  90 1 4 1 2 4 8
 845  874 303 0  66 1 4 1 2 4 8
 846  353 969 0  69 1 4 1 2 4 8
 847  334 256 0  47 1 4 1 2 4 8
 848  319 398 0  75 1 4 1 2 4 8
 849  235 478 0  58 1 4 1 2 4 8
 850   91 870 0  70 1 4 1 2 4 8
 851  756 241 0  82 1 4 1 2 4 8
 852  557  22 0  38 1 4 1 2 4 8
 853  441 453 0  27 1 4 1 2 4 8
 854  852 530 0  82 1 4 1 2 4 8
 855  889 914 0  86 1 4 1 2 4 8
 856  974  19 0  99 1 4 1 2 4 8
 857  735 696 0  13 1 4 1 2 4 8
 858  540 332 0  47 1 4 1 2 4 8
 859  988 220 0  26 1 4 1 2 4 8
 860  116 828 0  69 1 4 1 2 4 8
 861  485 973 0  90 1 4 1 2 4 8
 862  843 158 0  91 1 4 1 2 4 8
 863  561 985 0  76 1 4 1 2 4 8
 864  752 705 0   8 1 4 1 2 4 8
 865  626 575 0  93 1 4 1 2 4 8
 866  688 720 0  96 1 4 1 2 4 8
 867  984 514 0  30 1 4 1 2 4 8
 868  921 535 0  84 1 4 1 2 4 8
 869  544 660 0  20 1 4 1 2 4 8
 870  646 154 0  63 1 4 1 2 4 8
 871  864 904 0  98 1 4 1 2 4 8
 872  394 650 0  30 1 4 1 2 4 8
 873  365  62 0  25 1 4 1 2 4 8
 874  841 448 0   6 1 4 1 2 4 8
 875  853 865 0  77 1 4 1 2 4 8
 876  331  63 0  12 1 4 1 2 4 8
 877  292 462 0  13 1 4 1 2 4 8
 878  921  44 0  36 1 4 1 2 4 8
 879  246 156 0  79 1 4 1 2 4 8
 880  861 889 0  33 1 4 1 2 4 8
 881  323 802 0  17 1 4 1 2 4 8
 882  491  11 0  27 1 4 1 2 4 8
 883  582 759 0  29 1 4 1 2 4 8
 884  577 121 0  27 1 4 1 2 4 8
 885  250 734 0  99 1 4 1 2 4 8
 886  719 233 0  89 1 4 1 2 4 8
 887    2 875 0  56 1 4 1 2 4 8
 888  143 572 0  54 1 4 1 2 4 8
 889  960 606 0  29 1 4 1 2 4 8
 890  461 869 0  17 1 4 1 2 4 8
 891  158 831 0  53 1 4 1 2 4 8
 892  199 455 0  75 1 4 1 2 4 8
 893  230 571 0  28 1 4 1 2 4 8
 894   70 703 0  38 1 4 1 2 4 8
 895  104  76 0  29 1 4 1 2 4 8
 896  349 513 0  87 1 4 1 2 4 8
 897  336  31 0  77 1 4 1 2 4 8
 898  806  37 0  96 1 4 1 2 4 8
 899  286 739 0  96 1 4 1 2 4 8
 900  446 998 0  37 1 4 1 2 4 8
 901  946 458 0  20 1 4 1 2 4 8
 902  856 522 0  20 1 4 1 2 4 8
 903  526 308 0  17 1 4 1 2 4 8
 904  662 435 0  35 1 4 1 2 4 8
 905  855 778 0   8 1 4 1 2 4 8
 906  483 240 0   9 1 4 1 2 4 8
 907  743 354 0  17 1 4 1 2 4 8
 908  584 311 0   1 1 4 1 2 4 8
 909  628  88 0  10 1 4 1 2 4 8
 910  534  18 0  55 1 4 1 2 4 8
 911  441  82 0  21 1 4 1 2 4 8
 912  983 769 0  22 1 4 1 2 4 8
 913  957 475 0  26 1 4 1 2 4 8
 914  610  37 0  55 1 4 1 2 4 8
 915   58 134 0  51 1 4 1 2 4 8
 916  214 858 0  93 1 4 1 2 4 8
 917  888  84 0  78 1 4 1 2 4 8
 918   49 455 0  22 1 4 1 2 4 8
 919  217 546 0  87 1 4 1 2 4 8
 920  510 437 0  28 1 4 1 2 4 8
 921  801 830 0  69 1 4 1 2 4 8
 922  293 890 0  68 1 4 1 2 4 8
 923  697  50 0  54 1 4 1 2 4 8
 924  732 221 0  17 1 4 1 2 4 8
 925  316 393 0  19 1 4 1 2 4 8
 926  898 374 0  41 1 4 1 2 4 8
 927   53 536 0  25 1 4 1 2 4 8
 928  469 161 0  49 1 4 1 2 4 8
 929  669 463 0  67 1 4 1 2 4 8
 930  405 808 0  95 1 4 1 2 4 8
 931  680 177 0  50 1 4 1 2 4 8
 932  135  40 0  15 1 4 1 2 4 8
 933  100 382 0  97 1 4 1 2 4 8
 934   52 150 0  97 1 4 1 2 4 8
 935  103 168 0  25 1 4 1 2 4 8
 936  798 477 0  49 1 4 1 2 4 8
 937  102 766 0  85 1 4 1 2 4 8
 938  329   9 0  91 1 4 1 2 4 8
 939  143 645 0  51 1 4 1 2 4 8
 940  931 654 0  30 1 4 1 2 4 8
 941  986 989 0  48 1 4 1 2 4 8
 942   29 596 0  44 1 4 1 2 4 8
 943   67 410 0  97 1 4 1 2 4 8
 944  597 413 0  60 1 4 1 2 4 8
 945  701 820 0  15 1 4 1 2 4 8
 946  757 387 0  74 1 4 1 2 4 8
 947   74 631 0  13 1 4 1 2 4 8
 948  263 547 0   3 1 4 1 2 4 8
 949  524 819 0  71 1 4 1 2 4 8
 950  535 514 0   3 1 4 1 2 4 8
 951  214 953 0  46 1 4 1 2 4 8
 952  404 367 0  40 1 4 1 2 4 8
 953  684 564 0  43 1 4 1 2 4 8
 954  318 226 0   4 1 4 1 2 4 8
 955  739  34 0  32 1 4 1 2 4 8
 956  246 914 0  34 1 4 1 2 4 8
 957  817 218 0  77 1 4 1 2 4 8
 958  808 977 0  39 1 4 1 2 4 8
 959  967 460 0  17 1 4 1 2 4 8
 960  713 959 0   8 1 4 1 2 4 8
 961  417 251 0  81 1 4 1 2 4 8
 962   61  35 0  49 1 4 1 2 4 8
 963  879 623 0  96 1 4 1 2 4 8
 964  531 697 0  39 1 4 1 2 4 8
 965  669 562 0  48 1 4 1 2 4 8
 966  629 440 0   1 1 4 1 2 4 8
 967  545 991 0  10 1 4 1 2 4 8
 968  924 678 0  84 1 4 1 2 4 8
 969  799 625 0  31 1 4 1 2 4 8
 970  276 863 0   9 1 4 1 2 4 8
 971  389 380 0  33 1 4 1 2 4 8
 972  661 158 0  22 1 4 1 2 4 8
 973  155 270 0  54 1 4 1 2 4 8
 974  163  42 0   1 1 4 1 2 4 8
 975  832 453 0  66 1 4 1 2 4 8
 976  238 411 0  47 1 4 1 2 4 8
 977  863  58 0  49 1 4 1 2 4 8
 978  406 508 0  75 1 4 1 2 4 8
 979    0 521 0  18 1 4 1 2 4 8
 980  785  56 0  82 1 4 1 2 4 8
 981  991 509 0  10 1 4 1 2 4 8
 982  535 949 0  37 1 4 1 2 4 8
 983  210 927 0   8 1 4 1 2 4 8
 984  296  24 0  87 1 4 1 2 4 8
 985  762 730 0  62 1 4 1 2 4 8
 986  725 517 0  14 1 4 1 2 4 8
 987  740 149 0  39 1 4 1 2 4 8
 988  611 401 0  67 1 4 1 2 4 8
 989  172  53 0  59 1 4 1 2 4 8
 990  654 439 0  22 1 4 1 2 4 8
 991  639 326 0  45 1 4 1 2 4 8
 992  927 255 0  92 1 4 1 2 4 8
 993    9 354 0  30 1 4 1 2 4 8
 994   93 529 0  11 1 4 1 2 4 8
 995  932 861 0  82 1 4 1 2 4 8
 996  316 292 0  89 1 4 1 2 4 8
 997  599 914 0   7 1 4 1 2 4 8
 998  731 305 0  33 1 4 1 2 4 8
 999  902 392 0  92 1 4 1 2 4 8
1000  200 770 0  85 1 4 1 2 4 8
1001  501 776 0  78 1 4 1 2 4 8
1002  224   3 0  44 1 4 1 2 4 8
1003  690 827 0   2 1 4 1 2 4 8
1004  881 857 0  97 1 4 1 2 4 8
1005  904 697 0  68 1 4 1 2 4 8
1006  949 431 0  50 1 4 1 2 4 8
1007  690 898 0   5 1 4 1 2 4 8
1008  329 488 0  98 1 4 1 2 4 8
1009   98 985 0  27 1 4 1 2 4 8
1010  638 643 0   6 1 4 1 2 4 8
1011  910  51 0  93 1 4 1 2 4 8
1012  598 750 0   8 1 4 1 2 4 8
1013  297 130 0   4 1 4 1 2 4 8
1014   22 674 0  48 1 4 1 2 4 8
1015   13 440 0  74 1 4 1 2 4 8
1016  942 652 0  44 1 4 1 2 4 8
1017  625 762 0  44 1 4 1 2 4 8
1018  309 341 0  95 1 4 1 2 4 8
1019  886 880 0  66 1 4 1 2 4 8
1020  403 602 0  68 1 4 1 2 4 8
1021  101 279 0  26 1 4 1 2 4 8
1022  495  92 0   8 1 4 1 2 4 8
1023  755 471 0   9 1 4 1 2 4 8
1024  274 669 0  49 1 4 1 2 4 8
1025    7 187 0  45 1 4 1 2 4 8
1026  963 506 0  48 1 4 1 2 4 8
1027  805 736 0  14 1 4 1 2 4 8
1028  677 200 0   8 1 4 1 2 4 8
1029  607 754 0  24 1 4 1 2 4 8
1030  193 103 0  34 1 4 1 2 4 8
1031  587 303 0  88 1 4 1 2 4 8
1032  605 296 0  16 1 4 1 2 4 8
1033  782  45 0   1 1 4 1 2 4 8
1034  244 993 0  50 1 4 1 2 4 8
1035  181 809 0  60 1 4 1 2 4 8
1036  158 797 0  81 1 4 1 2 4 8
1037  674 843 0  36 1 4 1 2 4 8
1038  947 981 0  28 1 4 1 2 4 8
1039  904 129 0  38 1 4 1 2 4 8
1040  231 751 0  49 1 4 1 2 4 8
1041  304 994 0   4 1 4 1 2 4 8
1042  642  45 0  83 1 4 1 2 4 8
1043  678 663 0  66 1 4 1 2 4 8
1044  497 145 0  83 1 4 1 2 4 8
1045  329 692 0  42 1 4 1 2 4 8
1046  790 443 0  50 1 4 1 2 4 8
1047  879 790 0  83 1 4 1 2 4 8
1048  658 876 0  25 1 4 1 2 4 8
1049  442 113 0  89 1 4 1 2 4 8
1050  857 579 0  37 1 4 1 2 4 8
1051  400 192 0  55 1 4 1 2 4 8
1052  613 218 0  87 1 4 1 2 4 8
1053   64 455 0  28 1 4 1 2 4 8
1054   54 168 0  54 1 4 1 2 4 8
1055  507 620 0  54 1 4 1 2 4 8
1056  621 809 0  73 1 4 1 2 4 8
1057  257 692 0  83 1 4 1 2 4 8
1058  563 461 0  67 1 4 1 2 4 8
1059  834 343 0  65 1 4 1 2 4 8
1060  558 784 0  93 1 4 1 2 4 8
1061  279 507 0   7 1 4 1 2 4 8
1062  136 849 0  66 1 4 1 2 4 8
1063  261 363 0  61 1 4 1 2 4 8
1064  669 827 0  69 1 4 1 2 4 8
1065    6 907 0  26 1 4 1 2 4 8
1066  542 889 0  27 1 4 1 2 4 8
1067   10 892 0  62 1 4 1 2 4 8
1068  202 548 0  16 1 4 1 2 4 8
1069  832 275 0  52 1 4 1 2 4 8
1070   18  78 0  81 1 4 1 2 4 8
1071  961 203 0  45 1 4 1 2 4 8
1072  230 191 0  34 1 4 1 2 4 8
1073  121  88 0  18 1 4 1 2 4 8
1074  385 625 0  47 1 4 1 2 4 8
1075  664  41 0  87 1 4 1 2 4 8
1076  138 596 0  52 1 4 1 2 4 8
1077  991 989 0   9 1 4 1 2 4 8
1078  808 552 0  96 1 4 1 2 4 8
1079  226 921 0  10 1 4 1 2 4 8
1080  495 818 0  44 1 4 1 2 4 8
1081  684 653 0   5 1 4 1 2 4 8
1082  609 950 0  15 1 4 1 2 4 8
1083  668 289 0  30 1 4 1 2 4 8
1084  318 579 0   6 1 4 1 2 4 8
1085  184   1 0  55 1 4 1 2 4 8
1086  228 268 0  84 1 4 1 2 4 8
1087  352 229 0   0 0 0
1088  713 880 0   0 0 0
1089  263 692 0   0 0 0
1090  242 910 0   0 0 0
