2 142 1160 7
0 255
0 255
0 255
0 255
0 255
0 255
0 255
   1  714  192 0  23 1 7 1 2 4 8 16 32 64
   2  817   75 0  82 1 7 1 2 4 8 16 32 64
   3  718  668 0  65 1 7 1 2 4 8 16 32 64
   4  623  257 0  46 1 7 1 2 4 8 16 32 64
   5  228  423 0  85 1 7 1 2 4 8 16 32 64
   6  466  567 0  88 1 7 1 2 4 8 16 32 64
   7  209  877 0  19 1 7 1 2 4 8 16 32 64
   8  578  331 0  10 1 7 1 2 4 8 16 32 64
   9  518  905 0  63 1 7 1 2 4 8 16 32 64
  10  377  834 0   9 1 7 1 2 4 8 16 32 64
  11  321  313 0  64 1 7 1 2 4 8 16 32 64
  12  435   32 0  56 1 7 1 2 4 8 16 32 64
  13  987  160 0  33 1 7 1 2 4 8 16 32 64
  14    3  589 0  96 1 7 1 2 4 8 16 32 64
  15  316  257 0  99 1 7 1 2 4 8 16 32 64
  16   21  840 0  43 1 7 1 2 4 8 16 32 64
  17  546  657 0  19 1 7 1 2 4 8 16 32 64
  18  380  176 0  87 1 7 1 2 4 8 16 32 64
  19  456  710 0  33 1 7 1 2 4 8 16 32 64
  20  991  821 0   5 1 7 1 2 4 8 16 32 64
  21   37   84 0  58 1 7 1 2 4 8 16 32 64
  22  242  585 0  11 1 7 1 2 4 8 16 32 64
  23  717  347 0  77 1 7 1 2 4 8 16 32 64
  24   98  412 0  25 1 7 1 2 4 8 16 32 64
  25  295  571 0  22 1 7 1 2 4 8 16 32 64
  26  922  446 0  92 1 7 1 2 4 8 16 32 64
  27  684  803 0  89 1 7 1 2 4 8 16 32 64
  28  781  889 0  83 1 7 1 2 4 8 16 32 64
  29  142  517 0  62 1 7 1 2 4 8 16 32 64
  30  412  511 0  63 1 7 1 2 4 8 16 32 64
  31  591  457 0  72 1 7 1 2 4 8 16 32 64
  32  248  460 0  46 1 7 1 2 4 8 16 32 64
  33  186  897 0  23 1 7 1 2 4 8 16 32 64
  34  993  626 0  95 1 7 1 2 4 8 16 32 64
  35  409  469 0  44 1 7 1 2 4 8 16 32 64
  36  108  490 0  20 1 7 1 2 4 8 16 32 64
  37  494  829 0  91 1 7 1 2 4 8 16 32 64
  38  898  613 0  52 1 7 1 2 4 8 16 32 64
  39  241  480 0  62 1 7 1 2 4 8 16 32 64
  40   34  215 0  65 1 7 1 2 4 8 16 32 64
  41  738   20 0  17 1 7 1 2 4 8 16 32 64
  42  639  303 0  19 1 7 1 2 4 8 16 32 64
  43  196  133 0  31 1 7 1 2 4 8 16 32 64
  44  729  262 0  72 1 7 1 2 4 8 16 32 64
  45  466    6 0  12 1 7 1 2 4 8 16 32 64
  46  965  328 0  99 1 7 1 2 4 8 16 32 64
  47  995   29 0  37 1 7 1 2 4 8 16 32 64
  48  730  182 0  34 1 7 1 2 4 8 16 32 64
  49  576  227 0   2 1 7 1 2 4 8 16 32 64
  50  854  589 0  65 1 7 1 2 4 8 16 32 64
  51    3  874 0  41 1 7 1 2 4 8 16 32 64
  52  980  881 0  62 1 7 1 2 4 8 16 32 64
  53  763  433 0  39 1 7 1 2 4 8 16 32 64
  54  237  826 0   2 1 7 1 2 4 8 16 32 64
  55  769  611 0  39 1 7 1 2 4 8 16 32 64
  56  199  367 0  12 1 7 1 2 4 8 16 32 64
  57  599  131 0  89 1 7 1 2 4 8 16 32 64
  58  334  500 0  24 1 7 1 2 4 8 16 32 64
  59  895  523 0   8 1 7 1 2 4 8 16 32 64
  60   91  953 0   1 1 7 1 2 4 8 16 32 64
  61  548  584 0   5 1 7 1 2 4 8 16 32 64
  62  375  933 0  57 1 7 1 2 4 8 16 32 64
  63  432  449 0  75 1 7 1 2 4 8 16 32 64
  64   96  865 0  16 1 7 1 2 4 8 16 32 64
  65  883  204 0  60 1 7 1 2 4 8 16 32 64
  66  789  704 0  92 1 7 1 2 4 8 16 32 64
  67  236  438 0  48 1 7 1 2 4 8 16 32 64
  68  504  367 0  86 1 7 1 2 4 8 16 32 64
  69  326  946 0  82 1 7 1 2 4 8 16 32 64
  70  532  825 0  44 1 7 1 2 4 8 16 32 64
  71  322  311 0  38 1 7 1 2 4 8 16 32 64
  72  711  141 0  12 1 7 1 2 4 8 16 32 64
  73  129  460 0  32 1 7 1 2 4 8 16 32 64
  74  170  988 0  83 1 7 1 2 4 8 16 32 64
  75  925  480 0  24 1 7 1 2 4 8 16 32 64
  76  841  869 0  56 1 7 1 2 4 8 16 32 64
  77  444  483 0  37 1 7 1 2 4 8 16 32 64
  78  384  784 0  33 1 7 1 2 4 8 16 32 64
  79  472  890 0  87 1 7 1 2 4 8 16 32 64
  80  674  238 0  45 1 7 1 2 4 8 16 32 64
  81  103  644 0  17 1 7 1 2 4 8 16 32 64
  82  523  390 0  55 1 7 1 2 4 8 16 32 64
  83  495  760 0 100 1 7 1 2 4 8 16 32 64
  84  607  823 0  38 1 7 1 2 4 8 16 32 64
  85  769  733 0  56 1 7 1 2 4 8 16 32 64
  86  979  494 0  99 1 7 1 2 4 8 16 32 64
  87  800  330 0  19 1 7 1 2 4 8 16 32 64
  88  171  486 0  81 1 7 1 2 4 8 16 32 64
  89  676  700 0  63 1 7 1 2 4 8 16 32 64
  90  500  478 0  68 1 7 1 2 4 8 16 32 64
  91  563  298 0  27 1 7 1 2 4 8 16 32 64
  92  849  979 0  97 1 7 1 2 4 8 16 32 64
  93  882   92 0  70 1 7 1 2 4 8 16 32 64
  94  305  185 0  73 1 7 1 2 4 8 16 32 64
  95  536  688 0  33 1 7 1 2 4 8 16 32 64
  96  351   79 0  61 1 7 1 2 4 8 16 32 64
  97   81   85 0  78 1 7 1 2 4 8 16 32 64
  98  360  727 0  30 1 7 1 2 4 8 16 32 64
  99  932  137 0  34 1 7 1 2 4 8 16 32 64
 100  213  920 0  87 1 7 1 2 4 8 16 32 64
 101  159  947 0  53 1 7 1 2 4 8 16 32 64
 102  408   38 0  69 1 7 1 2 4 8 16 32 64
 103  322  215 0  91 1 7 1 2 4 8 16 32 64
 104  173  643 0  22 1 7 1 2 4 8 16 32 64
 105  346  274 0  15 1 7 1 2 4 8 16 32 64
 106  855  926 0  25 1 7 1 2 4 8 16 32 64
 107  249  748 0  95 1 7 1 2 4 8 16 32 64
 108  748  493 0   2 1 7 1 2 4 8 16 32 64
 109  216   81 0  54 1 7 1 2 4 8 16 32 64
 110  432  393 0  11 1 7 1 2 4 8 16 32 64
 111  688  439 0  72 1 7 1 2 4 8 16 32 64
 112  614  726 0  63 1 7 1 2 4 8 16 32 64
 113  388  170 0  12 1 7 1 2 4 8 16 32 64
 114  174  483 0 100 1 7 1 2 4 8 16 32 64
 115  254  317 0  90 1 7 1 2 4 8 16 32 64
 116  619  684 0  39 1 7 1 2 4 8 16 32 64
 117  927  441 0  35 1 7 1 2 4 8 16 32 64
 118  174  433 0  81 1 7 1 2 4 8 16 32 64
 119  390  482 0   8 1 7 1 2 4 8 16 32 64
 120  196  830 0  56 1 7 1 2 4 8 16 32 64
 121  895  311 0  83 1 7 1 2 4 8 16 32 64
 122  481  948 0  20 1 7 1 2 4 8 16 32 64
 123  596  352 0  79 1 7 1 2 4 8 16 32 64
 124   29  769 0  87 1 7 1 2 4 8 16 32 64
 125  622  773 0  79 1 7 1 2 4 8 16 32 64
 126  523   52 0   1 1 7 1 2 4 8 16 32 64
 127  447  273 0  21 1 7 1 2 4 8 16 32 64
 128  677  533 0  43 1 7 1 2 4 8 16 32 64
 129  471  788 0  26 1 7 1 2 4 8 16 32 64
 130  847  870 0   8 1 7 1 2 4 8 16 32 64
 131  862  356 0  98 1 7 1 2 4 8 16 32 64
 132   18  146 0  96 1 7 1 2 4 8 16 32 64
 133  762  436 0  95 1 7 1 2 4 8 16 32 64
 134  264  820 0  85 1 7 1 2 4 8 16 32 64
 135  281  512 0  19 1 7 1 2 4 8 16 32 64
 136  255  900 0  35 1 7 1 2 4 8 16 32 64
 137  631  361 0  54 1 7 1 2 4 8 16 32 64
 138  991  826 0  61 1 7 1 2 4 8 16 32 64
 139  177  412 0  26 1 7 1 2 4 8 16 32 64
 140  816  508 0  74 1 7 1 2 4 8 16 32 64
 141  273  235 0  67 1 7 1 2 4 8 16 32 64
 142  144  366 0  25 1 7 1 2 4 8 16 32 64
 143  137  957 0  10 1 7 1 2 4 8 16 32 64
 144  143  958 0  70 1 7 1 2 4 8 16 32 64
 145  221   95 0  68 1 7 1 2 4 8 16 32 64
 146  176  299 0  61 1 7 1 2 4 8 16 32 64
 147  796  340 0  12 1 7 1 2 4 8 16 32 64
 148  771  310 0  53 1 7 1 2 4 8 16 32 64
 149  648  443 0  53 1 7 1 2 4 8 16 32 64
 150  739   82 0   1 1 7 1 2 4 8 16 32 64
 151  318  414 0  33 1 7 1 2 4 8 16 32 64
 152  193  552 0  70 1 7 1 2 4 8 16 32 64
 153  801  203 0   2 1 7 1 2 4 8 16 32 64
 154  617  736 0  14 1 7 1 2 4 8 16 32 64
 155  497  216 0  48 1 7 1 2 4 8 16 32 64
 156  616  638 0  13 1 7 1 2 4 8 16 32 64
 157  183  952 0  30 1 7 1 2 4 8 16 32 64
 158  326  402 0  92 1 7 1 2 4 8 16 32 64
 159  766  400 0  19 1 7 1 2 4 8 16 32 64
 160  342  290 0  69 1 7 1 2 4 8 16 32 64
 161  122  553 0  89 1 7 1 2 4 8 16 32 64
 162   69  149 0  65 1 7 1 2 4 8 16 32 64
 163  537  666 0  27 1 7 1 2 4 8 16 32 64
 164  824  960 0  80 1 7 1 2 4 8 16 32 64
 165  583  369 0  40 1 7 1 2 4 8 16 32 64
 166  870  427 0  24 1 7 1 2 4 8 16 32 64
 167  689   18 0  33 1 7 1 2 4 8 16 32 64
 168    1  883 0 100 1 7 1 2 4 8 16 32 64
 169  102  217 0  10 1 7 1 2 4 8 16 32 64
 170  799  757 0  81 1 7 1 2 4 8 16 32 64
 171   10  369 0  63 1 7 1 2 4 8 16 32 64
 172  867  298 0  33 1 7 1 2 4 8 16 32 64
 173  727  714 0  52 1 7 1 2 4 8 16 32 64
 174  663  526 0  61 1 7 1 2 4 8 16 32 64
 175  972  417 0  61 1 7 1 2 4 8 16 32 64
 176  973  702 0 100 1 7 1 2 4 8 16 32 64
 177   25  944 0  93 1 7 1 2 4 8 16 32 64
 178  303  736 0  95 1 7 1 2 4 8 16 32 64
 179  606  809 0  23 1 7 1 2 4 8 16 32 64
 180  312  600 0  98 1 7 1 2 4 8 16 32 64
 181  471  216 0  66 1 7 1 2 4 8 16 32 64
 182  280  233 0  34 1 7 1 2 4 8 16 32 64
 183  303  849 0  70 1 7 1 2 4 8 16 32 64
 184  920  268 0  29 1 7 1 2 4 8 16 32 64
 185   86  605 0  61 1 7 1 2 4 8 16 32 64
 186  474  357 0  43 1 7 1 2 4 8 16 32 64
 187  391  824 0  12 1 7 1 2 4 8 16 32 64
 188  474  316 0  15 1 7 1 2 4 8 16 32 64
 189  908  910 0  69 1 7 1 2 4 8 16 32 64
 190  223  607 0  59 1 7 1 2 4 8 16 32 64
 191  685  252 0  15 1 7 1 2 4 8 16 32 64
 192  519  890 0  99 1 7 1 2 4 8 16 32 64
 193  118  464 0  44 1 7 1 2 4 8 16 32 64
 194  930  298 0  42 1 7 1 2 4 8 16 32 64
 195  454  123 0  26 1 7 1 2 4 8 16 32 64
 196  367  610 0  22 1 7 1 2 4 8 16 32 64
 197  867  389 0  77 1 7 1 2 4 8 16 32 64
 198  852  148 0  75 1 7 1 2 4 8 16 32 64
 199   51  117 0  98 1 7 1 2 4 8 16 32 64
 200  513   36 0  92 1 7 1 2 4 8 16 32 64
 201  287  210 0  40 1 7 1 2 4 8 16 32 64
 202  898  474 0  50 1 7 1 2 4 8 16 32 64
 203  741  447 0  70 1 7 1 2 4 8 16 32 64
 204  657  792 0  30 1 7 1 2 4 8 16 32 64
 205  562   78 0   7 1 7 1 2 4 8 16 32 64
 206  833  243 0  91 1 7 1 2 4 8 16 32 64
 207  184  897 0  18 1 7 1 2 4 8 16 32 64
 208  784  519 0  71 1 7 1 2 4 8 16 32 64
 209  591  551 0  33 1 7 1 2 4 8 16 32 64
 210  277  553 0  42 1 7 1 2 4 8 16 32 64
 211  823  918 0  77 1 7 1 2 4 8 16 32 64
 212  258  647 0  22 1 7 1 2 4 8 16 32 64
 213  815  466 0  86 1 7 1 2 4 8 16 32 64
 214  824  684 0  11 1 7 1 2 4 8 16 32 64
 215  475  739 0  91 1 7 1 2 4 8 16 32 64
 216  188  423 0   4 1 7 1 2 4 8 16 32 64
 217  784  837 0  14 1 7 1 2 4 8 16 32 64
 218  611  412 0 100 1 7 1 2 4 8 16 32 64
 219   97  135 0  55 1 7 1 2 4 8 16 32 64
 220  874   89 0  32 1 7 1 2 4 8 16 32 64
 221  559  554 0  70 1 7 1 2 4 8 16 32 64
 222  847  859 0  36 1 7 1 2 4 8 16 32 64
 223  801  534 0  75 1 7 1 2 4 8 16 32 64
 224  515   74 0  77 1 7 1 2 4 8 16 32 64
 225  872  995 0  79 1 7 1 2 4 8 16 32 64
 226  556  853 0  45 1 7 1 2 4 8 16 32 64
 227  445  601 0   7 1 7 1 2 4 8 16 32 64
 228  517   79 0  65 1 7 1 2 4 8 16 32 64
 229  382  208 0  22 1 7 1 2 4 8 16 32 64
 230  815  730 0   8 1 7 1 2 4 8 16 32 64
 231  588  563 0   8 1 7 1 2 4 8 16 32 64
 232  248  529 0   4 1 7 1 2 4 8 16 32 64
 233   84   67 0  13 1 7 1 2 4 8 16 32 64
 234  993  546 0  41 1 7 1 2 4 8 16 32 64
 235  903  884 0  22 1 7 1 2 4 8 16 32 64
 236  108  885 0  91 1 7 1 2 4 8 16 32 64
 237  463  971 0  77 1 7 1 2 4 8 16 32 64
 238  378  422 0  36 1 7 1 2 4 8 16 32 64
 239  493  664 0  78 1 7 1 2 4 8 16 32 64
 240  297  376 0   3 1 7 1 2 4 8 16 32 64
 241  596  621 0  29 1 7 1 2 4 8 16 32 64
 242    8  276 0  33 1 7 1 2 4 8 16 32 64
 243  642   81 0  61 1 7 1 2 4 8 16 32 64
 244  151  242 0  68 1 7 1 2 4 8 16 32 64
 245  525  229 0  27 1 7 1 2 4 8 16 32 64
 246  747  115 0  24 1 7 1 2 4 8 16 32 64
 247   20  813 0  97 1 7 1 2 4 8 16 32 64
 248  789  310 0  13 1 7 1 2 4 8 16 32 64
 249  898  592 0   6 1 7 1 2 4 8 16 32 64
 250  181  160 0  24 1 7 1 2 4 8 16 32 64
 251  140  212 0  31 1 7 1 2 4 8 16 32 64
 252  952   57 0  86 1 7 1 2 4 8 16 32 64
 253  623  562 0  98 1 7 1 2 4 8 16 32 64
 254  439  403 0  26 1 7 1 2 4 8 16 32 64
 255   88   80 0  41 1 7 1 2 4 8 16 32 64
 256  667  259 0  73 1 7 1 2 4 8 16 32 64
 257  764  819 0  23 1 7 1 2 4 8 16 32 64
 258  197  545 0  16 1 7 1 2 4 8 16 32 64
 259  277  810 0  24 1 7 1 2 4 8 16 32 64
 260  519  207 0  96 1 7 1 2 4 8 16 32 64
 261   47  354 0  36 1 7 1 2 4 8 16 32 64
 262  203  975 0   2 1 7 1 2 4 8 16 32 64
 263  514  321 0  79 1 7 1 2 4 8 16 32 64
 264   44  974 0  56 1 7 1 2 4 8 16 32 64
 265  213  264 0  78 1 7 1 2 4 8 16 32 64
 266  285  867 0  89 1 7 1 2 4 8 16 32 64
 267  503  617 0  35 1 7 1 2 4 8 16 32 64
 268  417  661 0  64 1 7 1 2 4 8 16 32 64
 269  781  769 0  72 1 7 1 2 4 8 16 32 64
 270  146  625 0  54 1 7 1 2 4 8 16 32 64
 271  916  880 0  70 1 7 1 2 4 8 16 32 64
 272  220  791 0  87 1 7 1 2 4 8 16 32 64
 273  953  401 0  73 1 7 1 2 4 8 16 32 64
 274  146  726 0  27 1 7 1 2 4 8 16 32 64
 275  515   55 0  58 1 7 1 2 4 8 16 32 64
 276  191  625 0  51 1 7 1 2 4 8 16 32 64
 277  428  476 0  74 1 7 1 2 4 8 16 32 64
 278  137  692 0  92 1 7 1 2 4 8 16 32 64
 279  178  178 0  68 1 7 1 2 4 8 16 32 64
 280  242  839 0  71 1 7 1 2 4 8 16 32 64
 281  732  245 0  33 1 7 1 2 4 8 16 32 64
 282  720   48 0  17 1 7 1 2 4 8 16 32 64
 283  339  752 0  17 1 7 1 2 4 8 16 32 64
 284  773  447 0  83 1 7 1 2 4 8 16 32 64
 285  351  407 0  86 1 7 1 2 4 8 16 32 64
 286  675   55 0  46 1 7 1 2 4 8 16 32 64
 287  426  885 0  60 1 7 1 2 4 8 16 32 64
 288  323  281 0   7 1 7 1 2 4 8 16 32 64
 289  871  446 0  50 1 7 1 2 4 8 16 32 64
 290   95  435 0  23 1 7 1 2 4 8 16 32 64
 291  503  491 0  11 1 7 1 2 4 8 16 32 64
 292  503  645 0  21 1 7 1 2 4 8 16 32 64
 293  675  559 0  41 1 7 1 2 4 8 16 32 64
 294  941  702 0  49 1 7 1 2 4 8 16 32 64
 295  641  169 0  95 1 7 1 2 4 8 16 32 64
 296   50  113 0   8 1 7 1 2 4 8 16 32 64
 297  559  869 0  66 1 7 1 2 4 8 16 32 64
 298   60  172 0  12 1 7 1 2 4 8 16 32 64
 299  429  214 0  40 1 7 1 2 4 8 16 32 64
 300  307  972 0   9 1 7 1 2 4 8 16 32 64
 301  203  161 0  59 1 7 1 2 4 8 16 32 64
 302  920  317 0   8 1 7 1 2 4 8 16 32 64
 303  298  243 0  51 1 7 1 2 4 8 16 32 64
 304  747  725 0  73 1 7 1 2 4 8 16 32 64
 305  331  819 0  79 1 7 1 2 4 8 16 32 64
 306  784  490 0  69 1 7 1 2 4 8 16 32 64
 307  420  934 0  87 1 7 1 2 4 8 16 32 64
 308  630  765 0  81 1 7 1 2 4 8 16 32 64
 309  903  849 0  91 1 7 1 2 4 8 16 32 64
 310  204  745 0  22 1 7 1 2 4 8 16 32 64
 311  419   43 0  83 1 7 1 2 4 8 16 32 64
 312  473  955 0  66 1 7 1 2 4 8 16 32 64
 313   74   89 0  17 1 7 1 2 4 8 16 32 64
 314  802  694 0  49 1 7 1 2 4 8 16 32 64
 315  891    2 0  54 1 7 1 2 4 8 16 32 64
 316  654  116 0  50 1 7 1 2 4 8 16 32 64
 317  827  824 0  36 1 7 1 2 4 8 16 32 64
 318  618  131 0   5 1 7 1 2 4 8 16 32 64
 319  312  433 0  28 1 7 1 2 4 8 16 32 64
 320  437  141 0  97 1 7 1 2 4 8 16 32 64
 321    9  556 0  72 1 7 1 2 4 8 16 32 64
 322  341   90 0  51 1 7 1 2 4 8 16 32 64
 323  866  778 0  14 1 7 1 2 4 8 16 32 64
 324  182  658 0  35 1 7 1 2 4 8 16 32 64
 325  664   86 0  73 1 7 1 2 4 8 16 32 64
 326   25  865 0  15 1 7 1 2 4 8 16 32 64
 327    8  329 0  24 1 7 1 2 4 8 16 32 64
 328  338  534 0  73 1 7 1 2 4 8 16 32 64
 329  356  548 0  87 1 7 1 2 4 8 16 32 64
 330  111  424 0  91 1 7 1 2 4 8 16 32 64
 331  856  330 0  73 1 7 1 2 4 8 16 32 64
 332  966  741 0  29 1 7 1 2 4 8 16 32 64
 333  768  315 0  53 1 7 1 2 4 8 16 32 64
 334  106  905 0  42 1 7 1 2 4 8 16 32 64
 335  109  518 0  98 1 7 1 2 4 8 16 32 64
 336  410  767 0  62 1 7 1 2 4 8 16 32 64
 337   34   67 0  87 1 7 1 2 4 8 16 32 64
 338  404  240 0  88 1 7 1 2 4 8 16 32 64
 339  563  509 0  53 1 7 1 2 4 8 16 32 64
 340  761  353 0  16 1 7 1 2 4 8 16 32 64
 341  758  490 0  50 1 7 1 2 4 8 16 32 64
 342    7  782 0  55 1 7 1 2 4 8 16 32 64
 343  565  712 0  74 1 7 1 2 4 8 16 32 64
 344   75  167 0  80 1 7 1 2 4 8 16 32 64
 345  271  355 0  17 1 7 1 2 4 8 16 32 64
 346  416  453 0  20 1 7 1 2 4 8 16 32 64
 347  752  779 0  36 1 7 1 2 4 8 16 32 64
 348   99  401 0  68 1 7 1 2 4 8 16 32 64
 349  610  390 0  74 1 7 1 2 4 8 16 32 64
 350  814  561 0   6 1 7 1 2 4 8 16 32 64
 351  501  110 0  73 1 7 1 2 4 8 16 32 64
 352  520  818 0  70 1 7 1 2 4 8 16 32 64
 353  408  659 0  68 1 7 1 2 4 8 16 32 64
 354  916  660 0  63 1 7 1 2 4 8 16 32 64
 355  245  241 0  79 1 7 1 2 4 8 16 32 64
 356  445  401 0  97 1 7 1 2 4 8 16 32 64
 357  761  554 0  80 1 7 1 2 4 8 16 32 64
 358  116  789 0   7 1 7 1 2 4 8 16 32 64
 359  425  696 0  54 1 7 1 2 4 8 16 32 64
 360  449  143 0  73 1 7 1 2 4 8 16 32 64
 361  286  121 0  43 1 7 1 2 4 8 16 32 64
 362   37  720 0  65 1 7 1 2 4 8 16 32 64
 363  472  421 0  11 1 7 1 2 4 8 16 32 64
 364   74  410 0  59 1 7 1 2 4 8 16 32 64
 365  462  237 0  73 1 7 1 2 4 8 16 32 64
 366  663  266 0  29 1 7 1 2 4 8 16 32 64
 367  388  971 0  14 1 7 1 2 4 8 16 32 64
 368  300   39 0  57 1 7 1 2 4 8 16 32 64
 369  803  134 0  84 1 7 1 2 4 8 16 32 64
 370  855  434 0  83 1 7 1 2 4 8 16 32 64
 371  609  664 0  72 1 7 1 2 4 8 16 32 64
 372  342  703 0  79 1 7 1 2 4 8 16 32 64
 373   13  194 0  55 1 7 1 2 4 8 16 32 64
 374  101   63 0   7 1 7 1 2 4 8 16 32 64
 375   78  558 0   3 1 7 1 2 4 8 16 32 64
 376  534 1000 0  76 1 7 1 2 4 8 16 32 64
 377  102  908 0  60 1 7 1 2 4 8 16 32 64
 378  101  322 0 100 1 7 1 2 4 8 16 32 64
 379  360  157 0  17 1 7 1 2 4 8 16 32 64
 380  962  223 0  44 1 7 1 2 4 8 16 32 64
 381  339  739 0  23 1 7 1 2 4 8 16 32 64
 382  459  858 0  39 1 7 1 2 4 8 16 32 64
 383  212   62 0  58 1 7 1 2 4 8 16 32 64
 384  628  480 0   8 1 7 1 2 4 8 16 32 64
 385  176   33 0  31 1 7 1 2 4 8 16 32 64
 386  910  412 0  65 1 7 1 2 4 8 16 32 64
 387  413  387 0  50 1 7 1 2 4 8 16 32 64
 388   45  688 0  63 1 7 1 2 4 8 16 32 64
 389  807  773 0   5 1 7 1 2 4 8 16 32 64
 390  109  117 0  12 1 7 1 2 4 8 16 32 64
 391  461  357 0  17 1 7 1 2 4 8 16 32 64
 392  212  986 0  91 1 7 1 2 4 8 16 32 64
 393  538  877 0  99 1 7 1 2 4 8 16 32 64
 394  160  231 0  89 1 7 1 2 4 8 16 32 64
 395  916   17 0  83 1 7 1 2 4 8 16 32 64
 396  922  286 0  43 1 7 1 2 4 8 16 32 64
 397  494  841 0   4 1 7 1 2 4 8 16 32 64
 398  874  245 0  21 1 7 1 2 4 8 16 32 64
 399  216  834 0  76 1 7 1 2 4 8 16 32 64
 400  187  887 0  85 1 7 1 2 4 8 16 32 64
 401  679  349 0  78 1 7 1 2 4 8 16 32 64
 402  781  424 0  68 1 7 1 2 4 8 16 32 64
 403  103  520 0  84 1 7 1 2 4 8 16 32 64
 404  895  174 0  40 1 7 1 2 4 8 16 32 64
 405  358  979 0   4 1 7 1 2 4 8 16 32 64
 406  177  413 0  56 1 7 1 2 4 8 16 32 64
 407  692   10 0  30 1 7 1 2 4 8 16 32 64
 408  313   80 0  99 1 7 1 2 4 8 16 32 64
 409  724  585 0  71 1 7 1 2 4 8 16 32 64
 410    9  101 0  81 1 7 1 2 4 8 16 32 64
 411  325  681 0  21 1 7 1 2 4 8 16 32 64
 412  156  764 0  99 1 7 1 2 4 8 16 32 64
 413  157  727 0  45 1 7 1 2 4 8 16 32 64
 414  177  388 0  77 1 7 1 2 4 8 16 32 64
 415  798  456 0  43 1 7 1 2 4 8 16 32 64
 416  662  841 0  35 1 7 1 2 4 8 16 32 64
 417  813  540 0  93 1 7 1 2 4 8 16 32 64
 418  467  273 0  30 1 7 1 2 4 8 16 32 64
 419  675  532 0  59 1 7 1 2 4 8 16 32 64
 420  494  162 0  31 1 7 1 2 4 8 16 32 64
 421  610  488 0   9 1 7 1 2 4 8 16 32 64
 422  372  104 0  60 1 7 1 2 4 8 16 32 64
 423  691  772 0  15 1 7 1 2 4 8 16 32 64
 424  970  520 0  44 1 7 1 2 4 8 16 32 64
 425  340  340 0  75 1 7 1 2 4 8 16 32 64
 426  861  449 0  39 1 7 1 2 4 8 16 32 64
 427  647  568 0  21 1 7 1 2 4 8 16 32 64
 428  264   89 0  94 1 7 1 2 4 8 16 32 64
 429  316  395 0  58 1 7 1 2 4 8 16 32 64
 430  977  700 0  80 1 7 1 2 4 8 16 32 64
 431  616  160 0   6 1 7 1 2 4 8 16 32 64
 432  675  348 0   5 1 7 1 2 4 8 16 32 64
 433  526  617 0  61 1 7 1 2 4 8 16 32 64
 434  957  138 0  50 1 7 1 2 4 8 16 32 64
 435  278  324 0  36 1 7 1 2 4 8 16 32 64
 436  878  840 0  87 1 7 1 2 4 8 16 32 64
 437  799  785 0  36 1 7 1 2 4 8 16 32 64
 438  895  218 0  89 1 7 1 2 4 8 16 32 64
 439  304   77 0  31 1 7 1 2 4 8 16 32 64
 440  628  922 0  37 1 7 1 2 4 8 16 32 64
 441  602  231 0  97 1 7 1 2 4 8 16 32 64
 442  895  921 0  19 1 7 1 2 4 8 16 32 64
 443  945  900 0  52 1 7 1 2 4 8 16 32 64
 444  707  394 0  63 1 7 1 2 4 8 16 32 64
 445  492   70 0  98 1 7 1 2 4 8 16 32 64
 446  200  456 0  78 1 7 1 2 4 8 16 32 64
 447  961  763 0  71 1 7 1 2 4 8 16 32 64
 448  789  359 0  23 1 7 1 2 4 8 16 32 64
 449  997  228 0  44 1 7 1 2 4 8 16 32 64
 450  621  743 0  91 1 7 1 2 4 8 16 32 64
 451   70  132 0  93 1 7 1 2 4 8 16 32 64
 452  823  767 0  46 1 7 1 2 4 8 16 32 64
 453  364  454 0  54 1 7 1 2 4 8 16 32 64
 454  534  910 0  96 1 7 1 2 4 8 16 32 64
 455  470  625 0  94 1 7 1 2 4 8 16 32 64
 456  691  895 0  45 1 7 1 2 4 8 16 32 64
 457  473  942 0  51 1 7 1 2 4 8 16 32 64
 458  893  907 0  38 1 7 1 2 4 8 16 32 64
 459  238  752 0  84 1 7 1 2 4 8 16 32 64
 460  938  622 0  76 1 7 1 2 4 8 16 32 64
 461  814  812 0   3 1 7 1 2 4 8 16 32 64
 462  819  914 0  10 1 7 1 2 4 8 16 32 64
 463   67   99 0  68 1 7 1 2 4 8 16 32 64
 464  414  776 0  25 1 7 1 2 4 8 16 32 64
 465  572  334 0  13 1 7 1 2 4 8 16 32 64
 466  562  226 0  14 1 7 1 2 4 8 16 32 64
 467  353  730 0   2 1 7 1 2 4 8 16 32 64
 468  563  887 0  89 1 7 1 2 4 8 16 32 64
 469  244  149 0  76 1 7 1 2 4 8 16 32 64
 470  279  133 0  94 1 7 1 2 4 8 16 32 64
 471  258  212 0  61 1 7 1 2 4 8 16 32 64
 472  340   77 0  34 1 7 1 2 4 8 16 32 64
 473  387  204 0  73 1 7 1 2 4 8 16 32 64
 474  874  471 0  99 1 7 1 2 4 8 16 32 64
 475  876  274 0  65 1 7 1 2 4 8 16 32 64
 476   27  864 0  72 1 7 1 2 4 8 16 32 64
 477  203  102 0  59 1 7 1 2 4 8 16 32 64
 478  238  525 0  16 1 7 1 2 4 8 16 32 64
 479  635  460 0  81 1 7 1 2 4 8 16 32 64
 480  295   80 0  37 1 7 1 2 4 8 16 32 64
 481  928  318 0  15 1 7 1 2 4 8 16 32 64
 482  620  423 0  41 1 7 1 2 4 8 16 32 64
 483  842   22 0  41 1 7 1 2 4 8 16 32 64
 484  601  551 0  52 1 7 1 2 4 8 16 32 64
 485  780  579 0  88 1 7 1 2 4 8 16 32 64
 486  918  918 0  45 1 7 1 2 4 8 16 32 64
 487  969  664 0  73 1 7 1 2 4 8 16 32 64
 488  648  568 0  17 1 7 1 2 4 8 16 32 64
 489   92  205 0  32 1 7 1 2 4 8 16 32 64
 490  337  669 0   6 1 7 1 2 4 8 16 32 64
 491  802  148 0  99 1 7 1 2 4 8 16 32 64
 492  474   87 0  56 1 7 1 2 4 8 16 32 64
 493   36  584 0  63 1 7 1 2 4 8 16 32 64
 494  939  895 0  80 1 7 1 2 4 8 16 32 64
 495  611  923 0  32 1 7 1 2 4 8 16 32 64
 496  504  133 0   7 1 7 1 2 4 8 16 32 64
 497  687  330 0  73 1 7 1 2 4 8 16 32 64
 498  520  787 0  43 1 7 1 2 4 8 16 32 64
 499  130  661 0  85 1 7 1 2 4 8 16 32 64
 500  715  479 0  89 1 7 1 2 4 8 16 32 64
 501  716  197 0  84 1 7 1 2 4 8 16 32 64
 502  124  352 0  24 1 7 1 2 4 8 16 32 64
 503  226   64 0  66 1 7 1 2 4 8 16 32 64
 504  528  918 0  43 1 7 1 2 4 8 16 32 64
 505  548  350 0   6 1 7 1 2 4 8 16 32 64
 506   24  664 0  17 1 7 1 2 4 8 16 32 64
 507  983  624 0  76 1 7 1 2 4 8 16 32 64
 508  897  681 0  28 1 7 1 2 4 8 16 32 64
 509  356  771 0  86 1 7 1 2 4 8 16 32 64
 510  191  309 0   6 1 7 1 2 4 8 16 32 64
 511  866  289 0  70 1 7 1 2 4 8 16 32 64
 512  453  182 0  17 1 7 1 2 4 8 16 32 64
 513   77   48 0  19 1 7 1 2 4 8 16 32 64
 514  655  924 0  50 1 7 1 2 4 8 16 32 64
 515  115  200 0  85 1 7 1 2 4 8 16 32 64
 516  893  612 0  27 1 7 1 2 4 8 16 32 64
 517  933  158 0  73 1 7 1 2 4 8 16 32 64
 518   72  904 0  27 1 7 1 2 4 8 16 32 64
 519   57  403 0  43 1 7 1 2 4 8 16 32 64
 520  495  234 0  31 1 7 1 2 4 8 16 32 64
 521  728  282 0  55 1 7 1 2 4 8 16 32 64
 522   50  867 0  59 1 7 1 2 4 8 16 32 64
 523  286  836 0  54 1 7 1 2 4 8 16 32 64
 524  283  956 0  30 1 7 1 2 4 8 16 32 64
 525  850  579 0  15 1 7 1 2 4 8 16 32 64
 526  795  801 0  91 1 7 1 2 4 8 16 32 64
 527  792  417 0  78 1 7 1 2 4 8 16 32 64
 528  304   78 0  95 1 7 1 2 4 8 16 32 64
 529  797  324 0  65 1 7 1 2 4 8 16 32 64
 530  936  881 0  28 1 7 1 2 4 8 16 32 64
 531  483   35 0  18 1 7 1 2 4 8 16 32 64
 532  631  647 0  13 1 7 1 2 4 8 16 32 64
 533  936  228 0  25 1 7 1 2 4 8 16 32 64
 534  431  828 0  24 1 7 1 2 4 8 16 32 64
 535  226  818 0  14 1 7 1 2 4 8 16 32 64
 536  972   24 0  42 1 7 1 2 4 8 16 32 64
 537  635  863 0  85 1 7 1 2 4 8 16 32 64
 538  806  375 0  15 1 7 1 2 4 8 16 32 64
 539  896   62 0  57 1 7 1 2 4 8 16 32 64
 540  688    3 0  22 1 7 1 2 4 8 16 32 64
 541  738  838 0  44 1 7 1 2 4 8 16 32 64
 542  311  602 0  26 1 7 1 2 4 8 16 32 64
 543  817  503 0  46 1 7 1 2 4 8 16 32 64
 544  690  464 0  97 1 7 1 2 4 8 16 32 64
 545  721  975 0  75 1 7 1 2 4 8 16 32 64
 546  849  865 0  41 1 7 1 2 4 8 16 32 64
 547   60  872 0  63 1 7 1 2 4 8 16 32 64
 548   61  929 0  59 1 7 1 2 4 8 16 32 64
 549  191  789 0  23 1 7 1 2 4 8 16 32 64
 550  368  906 0  72 1 7 1 2 4 8 16 32 64
 551  271  102 0   2 1 7 1 2 4 8 16 32 64
 552   57  752 0  31 1 7 1 2 4 8 16 32 64
 553  721  853 0  76 1 7 1 2 4 8 16 32 64
 554  296  901 0  12 1 7 1 2 4 8 16 32 64
 555  312  356 0 100 1 7 1 2 4 8 16 32 64
 556  490  757 0  81 1 7 1 2 4 8 16 32 64
 557  101  851 0  33 1 7 1 2 4 8 16 32 64
 558  925   10 0   4 1 7 1 2 4 8 16 32 64
 559  420  640 0  41 1 7 1 2 4 8 16 32 64
 560  228  245 0  49 1 7 1 2 4 8 16 32 64
 561  875   98 0  24 1 7 1 2 4 8 16 32 64
 562  563  619 0  77 1 7 1 2 4 8 16 32 64
 563  668  603 0  55 1 7 1 2 4 8 16 32 64
 564  990  164 0  72 1 7 1 2 4 8 16 32 64
 565  924  325 0  56 1 7 1 2 4 8 16 32 64
 566  665  239 0  10 1 7 1 2 4 8 16 32 64
 567  406  307 0  71 1 7 1 2 4 8 16 32 64
 568  612  308 0  37 1 7 1 2 4 8 16 32 64
 569  550  855 0  20 1 7 1 2 4 8 16 32 64
 570  838  671 0  49 1 7 1 2 4 8 16 32 64
 571  232  403 0  85 1 7 1 2 4 8 16 32 64
 572  841  716 0  44 1 7 1 2 4 8 16 32 64
 573  617  503 0  11 1 7 1 2 4 8 16 32 64
 574  476  403 0  48 1 7 1 2 4 8 16 32 64
 575  851   92 0  11 1 7 1 2 4 8 16 32 64
 576  206  370 0  63 1 7 1 2 4 8 16 32 64
 577   79  782 0  72 1 7 1 2 4 8 16 32 64
 578  536  757 0  11 1 7 1 2 4 8 16 32 64
 579  658  911 0  68 1 7 1 2 4 8 16 32 64
 580  873  349 0  90 1 7 1 2 4 8 16 32 64
 581  267   92 0 100 1 7 1 2 4 8 16 32 64
 582  859  720 0  81 1 7 1 2 4 8 16 32 64
 583  784  979 0  25 1 7 1 2 4 8 16 32 64
 584  525  549 0  93 1 7 1 2 4 8 16 32 64
 585  823  792 0  64 1 7 1 2 4 8 16 32 64
 586  808  486 0  34 1 7 1 2 4 8 16 32 64
 587  523  382 0  33 1 7 1 2 4 8 16 32 64
 588  598  897 0  68 1 7 1 2 4 8 16 32 64
 589  591  777 0  92 1 7 1 2 4 8 16 32 64
 590  456  623 0   1 1 7 1 2 4 8 16 32 64
 591  155  669 0  45 1 7 1 2 4 8 16 32 64
 592  401  958 0  22 1 7 1 2 4 8 16 32 64
 593  228   34 0  67 1 7 1 2 4 8 16 32 64
 594  967  955 0  62 1 7 1 2 4 8 16 32 64
 595  603  248 0  21 1 7 1 2 4 8 16 32 64
 596  939  561 0  13 1 7 1 2 4 8 16 32 64
 597  884  539 0  71 1 7 1 2 4 8 16 32 64
 598  621  489 0  88 1 7 1 2 4 8 16 32 64
 599  214  732 0  16 1 7 1 2 4 8 16 32 64
 600   24  930 0  37 1 7 1 2 4 8 16 32 64
 601  430  553 0  16 1 7 1 2 4 8 16 32 64
 602  775  448 0   9 1 7 1 2 4 8 16 32 64
 603  577  232 0   7 1 7 1 2 4 8 16 32 64
 604  632  432 0  54 1 7 1 2 4 8 16 32 64
 605  962  175 0  53 1 7 1 2 4 8 16 32 64
 606  458  685 0  19 1 7 1 2 4 8 16 32 64
 607  950  490 0  49 1 7 1 2 4 8 16 32 64
 608  959  514 0  90 1 7 1 2 4 8 16 32 64
 609  921  937 0  43 1 7 1 2 4 8 16 32 64
 610  922  244 0   7 1 7 1 2 4 8 16 32 64
 611  337  847 0  80 1 7 1 2 4 8 16 32 64
 612  601  775 0   6 1 7 1 2 4 8 16 32 64
 613  983  556 0  36 1 7 1 2 4 8 16 32 64
 614  962  161 0  78 1 7 1 2 4 8 16 32 64
 615  522   70 0  91 1 7 1 2 4 8 16 32 64
 616  519  174 0  15 1 7 1 2 4 8 16 32 64
 617  869  138 0  74 1 7 1 2 4 8 16 32 64
 618  842  861 0  95 1 7 1 2 4 8 16 32 64
 619  997   76 0  21 1 7 1 2 4 8 16 32 64
 620  232  244 0  56 1 7 1 2 4 8 16 32 64
 621  878  711 0  47 1 7 1 2 4 8 16 32 64
 622  846  580 0  68 1 7 1 2 4 8 16 32 64
 623  998  687 0  75 1 7 1 2 4 8 16 32 64
 624  926  726 0  35 1 7 1 2 4 8 16 32 64
 625  694  921 0  60 1 7 1 2 4 8 16 32 64
 626  848  597 0  59 1 7 1 2 4 8 16 32 64
 627  995  718 0  25 1 7 1 2 4 8 16 32 64
 628  905  207 0  80 1 7 1 2 4 8 16 32 64
 629  889  788 0  77 1 7 1 2 4 8 16 32 64
 630  967  196 0  72 1 7 1 2 4 8 16 32 64
 631  699  463 0  53 1 7 1 2 4 8 16 32 64
 632  475  656 0  81 1 7 1 2 4 8 16 32 64
 633  158  691 0  49 1 7 1 2 4 8 16 32 64
 634   47  583 0  12 1 7 1 2 4 8 16 32 64
 635  534  691 0  26 1 7 1 2 4 8 16 32 64
 636  672  966 0  75 1 7 1 2 4 8 16 32 64
 637  382  106 0  23 1 7 1 2 4 8 16 32 64
 638  599  617 0  40 1 7 1 2 4 8 16 32 64
 639  155  539 0  27 1 7 1 2 4 8 16 32 64
 640  444  224 0  67 1 7 1 2 4 8 16 32 64
 641  263  199 0  72 1 7 1 2 4 8 16 32 64
 642  456  952 0  13 1 7 1 2 4 8 16 32 64
 643  223  157 0  96 1 7 1 2 4 8 16 32 64
 644  224   39 0  48 1 7 1 2 4 8 16 32 64
 645   45  340 0  18 1 7 1 2 4 8 16 32 64
 646  353  490 0  54 1 7 1 2 4 8 16 32 64
 647  752  767 0  98 1 7 1 2 4 8 16 32 64
 648  134  479 0  58 1 7 1 2 4 8 16 32 64
 649  815  290 0  82 1 7 1 2 4 8 16 32 64
 650  211  180 0  92 1 7 1 2 4 8 16 32 64
 651  449  212 0  42 1 7 1 2 4 8 16 32 64
 652  688  805 0  37 1 7 1 2 4 8 16 32 64
 653  545  556 0  83 1 7 1 2 4 8 16 32 64
 654  130    4 0  61 1 7 1 2 4 8 16 32 64
 655   56  869 0  56 1 7 1 2 4 8 16 32 64
 656  249  827 0  36 1 7 1 2 4 8 16 32 64
 657  805  995 0  83 1 7 1 2 4 8 16 32 64
 658  981   75 0  56 1 7 1 2 4 8 16 32 64
 659  134   26 0  43 1 7 1 2 4 8 16 32 64
 660  448  916 0   8 1 7 1 2 4 8 16 32 64
 661    3  681 0   4 1 7 1 2 4 8 16 32 64
 662  307   20 0  83 1 7 1 2 4 8 16 32 64
 663  331  793 0  36 1 7 1 2 4 8 16 32 64
 664  464  266 0  15 1 7 1 2 4 8 16 32 64
 665  453  488 0  77 1 7 1 2 4 8 16 32 64
 666  907   29 0  89 1 7 1 2 4 8 16 32 64
 667  836  998 0  57 1 7 1 2 4 8 16 32 64
 668  613  128 0  96 1 7 1 2 4 8 16 32 64
 669  451  820 0  94 1 7 1 2 4 8 16 32 64
 670  433  595 0  52 1 7 1 2 4 8 16 32 64
 671   55  359 0  74 1 7 1 2 4 8 16 32 64
 672  666  794 0  35 1 7 1 2 4 8 16 32 64
 673  970  493 0  25 1 7 1 2 4 8 16 32 64
 674   12  148 0   4 1 7 1 2 4 8 16 32 64
 675  107  441 0  20 1 7 1 2 4 8 16 32 64
 676  748  591 0  97 1 7 1 2 4 8 16 32 64
 677  574  390 0  84 1 7 1 2 4 8 16 32 64
 678  107  177 0  67 1 7 1 2 4 8 16 32 64
 679  488  494 0  98 1 7 1 2 4 8 16 32 64
 680  604  277 0  34 1 7 1 2 4 8 16 32 64
 681  750  801 0  37 1 7 1 2 4 8 16 32 64
 682  650  107 0  71 1 7 1 2 4 8 16 32 64
 683  200  637 0  89 1 7 1 2 4 8 16 32 64
 684  490    2 0  66 1 7 1 2 4 8 16 32 64
 685   61  111 0  95 1 7 1 2 4 8 16 32 64
 686  829  623 0  81 1 7 1 2 4 8 16 32 64
 687  560  449 0   1 1 7 1 2 4 8 16 32 64
 688  327  822 0  17 1 7 1 2 4 8 16 32 64
 689  232  243 0   3 1 7 1 2 4 8 16 32 64
 690  187  829 0  22 1 7 1 2 4 8 16 32 64
 691  734  208 0  56 1 7 1 2 4 8 16 32 64
 692  687  179 0   1 1 7 1 2 4 8 16 32 64
 693  642  152 0  62 1 7 1 2 4 8 16 32 64
 694  988   12 0  47 1 7 1 2 4 8 16 32 64
 695  104  284 0  50 1 7 1 2 4 8 16 32 64
 696  351  147 0  66 1 7 1 2 4 8 16 32 64
 697  569   19 0  44 1 7 1 2 4 8 16 32 64
 698  832  316 0  34 1 7 1 2 4 8 16 32 64
 699  219  891 0  84 1 7 1 2 4 8 16 32 64
 700  425  335 0  62 1 7 1 2 4 8 16 32 64
 701  980  613 0  51 1 7 1 2 4 8 16 32 64
 702  325  572 0  86 1 7 1 2 4 8 16 32 64
 703  513   92 0  81 1 7 1 2 4 8 16 32 64
 704  914  703 0  25 1 7 1 2 4 8 16 32 64
 705   23   15 0   3 1 7 1 2 4 8 16 32 64
 706  152  775 0  34 1 7 1 2 4 8 16 32 64
 707  564  536 0  59 1 7 1 2 4 8 16 32 64
 708  832  448 0  25 1 7 1 2 4 8 16 32 64
 709  779  385 0   5 1 7 1 2 4 8 16 32 64
 710  688  279 0  34 1 7 1 2 4 8 16 32 64
 711  451  711 0  26 1 7 1 2 4 8 16 32 64
 712  129  883 0   8 1 7 1 2 4 8 16 32 64
 713  839  864 0  82 1 7 1 2 4 8 16 32 64
 714  865  615 0  95 1 7 1 2 4 8 16 32 64
 715  836  354 0  11 1 7 1 2 4 8 16 32 64
 716  876  599 0  88 1 7 1 2 4 8 16 32 64
 717  676  686 0  90 1 7 1 2 4 8 16 32 64
 718  686  610 0  51 1 7 1 2 4 8 16 32 64
 719  872  290 0  87 1 7 1 2 4 8 16 32 64
 720  122  916 0  68 1 7 1 2 4 8 16 32 64
 721  543  357 0  66 1 7 1 2 4 8 16 32 64
 722  960  495 0  83 1 7 1 2 4 8 16 32 64
 723  841  279 0  42 1 7 1 2 4 8 16 32 64
 724  194  893 0  83 1 7 1 2 4 8 16 32 64
 725  975  242 0  19 1 7 1 2 4 8 16 32 64
 726  783  760 0  35 1 7 1 2 4 8 16 32 64
 727  694  206 0  39 1 7 1 2 4 8 16 32 64
 728  577  617 0  84 1 7 1 2 4 8 16 32 64
 729  429  285 0  60 1 7 1 2 4 8 16 32 64
 730  627   91 0  64 1 7 1 2 4 8 16 32 64
 731  968  473 0  76 1 7 1 2 4 8 16 32 64
 732  863  769 0  95 1 7 1 2 4 8 16 32 64
 733  358   43 0  93 1 7 1 2 4 8 16 32 64
 734  760  683 0  92 1 7 1 2 4 8 16 32 64
 735  601  624 0  36 1 7 1 2 4 8 16 32 64
 736  679  263 0  56 1 7 1 2 4 8 16 32 64
 737   16  777 0  52 1 7 1 2 4 8 16 32 64
 738  808  880 0  66 1 7 1 2 4 8 16 32 64
 739  653  319 0  48 1 7 1 2 4 8 16 32 64
 740  270  288 0  41 1 7 1 2 4 8 16 32 64
 741  994  524 0  46 1 7 1 2 4 8 16 32 64
 742  954  672 0  18 1 7 1 2 4 8 16 32 64
 743  968   67 0  26 1 7 1 2 4 8 16 32 64
 744  943  122 0   2 1 7 1 2 4 8 16 32 64
 745  697  507 0  40 1 7 1 2 4 8 16 32 64
 746  243  628 0  62 1 7 1 2 4 8 16 32 64
 747   35  478 0  72 1 7 1 2 4 8 16 32 64
 748  348  776 0  13 1 7 1 2 4 8 16 32 64
 749  153  944 0  82 1 7 1 2 4 8 16 32 64
 750  922  101 0  22 1 7 1 2 4 8 16 32 64
 751  978  410 0  90 1 7 1 2 4 8 16 32 64
 752  932  231 0  58 1 7 1 2 4 8 16 32 64
 753  523  721 0  48 1 7 1 2 4 8 16 32 64
 754  271  512 0  31 1 7 1 2 4 8 16 32 64
 755  105  201 0   1 1 7 1 2 4 8 16 32 64
 756  422  512 0  39 1 7 1 2 4 8 16 32 64
 757  519  256 0  71 1 7 1 2 4 8 16 32 64
 758   16  244 0  87 1 7 1 2 4 8 16 32 64
 759  833  563 0  34 1 7 1 2 4 8 16 32 64
 760    0  478 0   8 1 7 1 2 4 8 16 32 64
 761  301  223 0  92 1 7 1 2 4 8 16 32 64
 762  138  942 0  36 1 7 1 2 4 8 16 32 64
 763  271  932 0  57 1 7 1 2 4 8 16 32 64
 764  544  832 0  85 1 7 1 2 4 8 16 32 64
 765  986  945 0  70 1 7 1 2 4 8 16 32 64
 766  388  166 0  58 1 7 1 2 4 8 16 32 64
 767  946  912 0  95 1 7 1 2 4 8 16 32 64
 768  538  901 0  14 1 7 1 2 4 8 16 32 64
 769  592  178 0  23 1 7 1 2 4 8 16 32 64
 770   94   33 0  19 1 7 1 2 4 8 16 32 64
 771  523  743 0  97 1 7 1 2 4 8 16 32 64
 772  797  836 0  45 1 7 1 2 4 8 16 32 64
 773  742  815 0   3 1 7 1 2 4 8 16 32 64
 774  865  430 0 100 1 7 1 2 4 8 16 32 64
 775  456  545 0  23 1 7 1 2 4 8 16 32 64
 776  565  407 0  59 1 7 1 2 4 8 16 32 64
 777  401  743 0  63 1 7 1 2 4 8 16 32 64
 778  119  946 0  45 1 7 1 2 4 8 16 32 64
 779  948  824 0  22 1 7 1 2 4 8 16 32 64
 780   54  438 0  17 1 7 1 2 4 8 16 32 64
 781  837  953 0  10 1 7 1 2 4 8 16 32 64
 782  559  478 0  43 1 7 1 2 4 8 16 32 64
 783  195  686 0  79 1 7 1 2 4 8 16 32 64
 784  464  469 0  97 1 7 1 2 4 8 16 32 64
 785  828  821 0  41 1 7 1 2 4 8 16 32 64
 786  531  700 0  53 1 7 1 2 4 8 16 32 64
 787  799  139 0  62 1 7 1 2 4 8 16 32 64
 788  990    8 0  54 1 7 1 2 4 8 16 32 64
 789  949  674 0  31 1 7 1 2 4 8 16 32 64
 790  420  887 0  76 1 7 1 2 4 8 16 32 64
 791   17  625 0  18 1 7 1 2 4 8 16 32 64
 792  859  380 0  77 1 7 1 2 4 8 16 32 64
 793  763  124 0  71 1 7 1 2 4 8 16 32 64
 794  379  204 0  37 1 7 1 2 4 8 16 32 64
 795  631   37 0  80 1 7 1 2 4 8 16 32 64
 796  709   80 0  92 1 7 1 2 4 8 16 32 64
 797  997  856 0   3 1 7 1 2 4 8 16 32 64
 798  115  384 0  22 1 7 1 2 4 8 16 32 64
 799  471  983 0  33 1 7 1 2 4 8 16 32 64
 800  982  568 0  56 1 7 1 2 4 8 16 32 64
 801  876  617 0  23 1 7 1 2 4 8 16 32 64
 802   48  299 0  46 1 7 1 2 4 8 16 32 64
 803  711  613 0  86 1 7 1 2 4 8 16 32 64
 804  779  205 0  81 1 7 1 2 4 8 16 32 64
 805  759  744 0  55 1 7 1 2 4 8 16 32 64
 806  825  329 0  74 1 7 1 2 4 8 16 32 64
 807  970  717 0  23 1 7 1 2 4 8 16 32 64
 808  445  492 0   2 1 7 1 2 4 8 16 32 64
 809  324  351 0  86 1 7 1 2 4 8 16 32 64
 810  952  935 0  34 1 7 1 2 4 8 16 32 64
 811  609  873 0  74 1 7 1 2 4 8 16 32 64
 812  291  870 0  37 1 7 1 2 4 8 16 32 64
 813  273  410 0  51 1 7 1 2 4 8 16 32 64
 814  501  280 0   1 1 7 1 2 4 8 16 32 64
 815  878  645 0  12 1 7 1 2 4 8 16 32 64
 816  696  138 0  81 1 7 1 2 4 8 16 32 64
 817  389  534 0  19 1 7 1 2 4 8 16 32 64
 818  432  542 0  91 1 7 1 2 4 8 16 32 64
 819  252  137 0  81 1 7 1 2 4 8 16 32 64
 820  928  958 0  42 1 7 1 2 4 8 16 32 64
 821  340  694 0  99 1 7 1 2 4 8 16 32 64
 822  976  280 0  25 1 7 1 2 4 8 16 32 64
 823   55   21 0  55 1 7 1 2 4 8 16 32 64
 824  332  314 0  98 1 7 1 2 4 8 16 32 64
 825  922  275 0  49 1 7 1 2 4 8 16 32 64
 826  965  286 0  39 1 7 1 2 4 8 16 32 64
 827  331  526 0  85 1 7 1 2 4 8 16 32 64
 828  111  650 0   2 1 7 1 2 4 8 16 32 64
 829  685  799 0  40 1 7 1 2 4 8 16 32 64
 830  201  873 0  91 1 7 1 2 4 8 16 32 64
 831  918  668 0  82 1 7 1 2 4 8 16 32 64
 832  117  562 0  33 1 7 1 2 4 8 16 32 64
 833  129  558 0  31 1 7 1 2 4 8 16 32 64
 834  293  265 0  22 1 7 1 2 4 8 16 32 64
 835  283  708 0  84 1 7 1 2 4 8 16 32 64
 836  259  680 0  84 1 7 1 2 4 8 16 32 64
 837  835  750 0  83 1 7 1 2 4 8 16 32 64
 838  827   50 0  61 1 7 1 2 4 8 16 32 64
 839  130   82 0  61 1 7 1 2 4 8 16 32 64
 840  913  509 0  36 1 7 1 2 4 8 16 32 64
 841  573  367 0  74 1 7 1 2 4 8 16 32 64
 842  374  317 0  36 1 7 1 2 4 8 16 32 64
 843  432  547 0  95 1 7 1 2 4 8 16 32 64
 844  712  524 0  88 1 7 1 2 4 8 16 32 64
 845  317  663 0  24 1 7 1 2 4 8 16 32 64
 846  381  639 0  44 1 7 1 2 4 8 16 32 64
 847  518  401 0  84 1 7 1 2 4 8 16 32 64
 848  649  496 0  12 1 7 1 2 4 8 16 32 64
 849  697  954 0  86 1 7 1 2 4 8 16 32 64
 850  229  930 0  60 1 7 1 2 4 8 16 32 64
 851   49  738 0  84 1 7 1 2 4 8 16 32 64
 852  297  945 0  52 1 7 1 2 4 8 16 32 64
 853  600  805 0  22 1 7 1 2 4 8 16 32 64
 854  199  875 0  41 1 7 1 2 4 8 16 32 64
 855  569  920 0  86 1 7 1 2 4 8 16 32 64
 856  695  125 0  64 1 7 1 2 4 8 16 32 64
 857  523  593 0   8 1 7 1 2 4 8 16 32 64
 858  312  503 0  43 1 7 1 2 4 8 16 32 64
 859  123  817 0  92 1 7 1 2 4 8 16 32 64
 860  510  678 0  37 1 7 1 2 4 8 16 32 64
 861  205  414 0  78 1 7 1 2 4 8 16 32 64
 862  987  962 0  78 1 7 1 2 4 8 16 32 64
 863  517  492 0  57 1 7 1 2 4 8 16 32 64
 864  582  153 0  52 1 7 1 2 4 8 16 32 64
 865  936  235 0  47 1 7 1 2 4 8 16 32 64
 866  726  668 0  68 1 7 1 2 4 8 16 32 64
 867  318  758 0   7 1 7 1 2 4 8 16 32 64
 868  471  125 0  49 1 7 1 2 4 8 16 32 64
 869  411  175 0  10 1 7 1 2 4 8 16 32 64
 870  499  376 0  32 1 7 1 2 4 8 16 32 64
 871  721  982 0   6 1 7 1 2 4 8 16 32 64
 872  309  901 0  49 1 7 1 2 4 8 16 32 64
 873  595  983 0  10 1 7 1 2 4 8 16 32 64
 874  450  939 0  55 1 7 1 2 4 8 16 32 64
 875  975  603 0  87 1 7 1 2 4 8 16 32 64
 876  584  759 0 100 1 7 1 2 4 8 16 32 64
 877  545   60 0   5 1 7 1 2 4 8 16 32 64
 878  434  290 0  56 1 7 1 2 4 8 16 32 64
 879  295  878 0  52 1 7 1 2 4 8 16 32 64
 880  516  325 0  37 1 7 1 2 4 8 16 32 64
 881  721  750 0  77 1 7 1 2 4 8 16 32 64
 882  137  149 0  41 1 7 1 2 4 8 16 32 64
 883  732  889 0  21 1 7 1 2 4 8 16 32 64
 884  741  608 0  66 1 7 1 2 4 8 16 32 64
 885  400  658 0  12 1 7 1 2 4 8 16 32 64
 886  362  674 0  58 1 7 1 2 4 8 16 32 64
 887  711  925 0  17 1 7 1 2 4 8 16 32 64
 888  364  145 0  57 1 7 1 2 4 8 16 32 64
 889   84  734 0  73 1 7 1 2 4 8 16 32 64
 890  528  947 0  11 1 7 1 2 4 8 16 32 64
 891  781  580 0  88 1 7 1 2 4 8 16 32 64
 892  468  942 0  47 1 7 1 2 4 8 16 32 64
 893  387  202 0  10 1 7 1 2 4 8 16 32 64
 894  926  967 0  30 1 7 1 2 4 8 16 32 64
 895  497  526 0  87 1 7 1 2 4 8 16 32 64
 896  213  409 0  26 1 7 1 2 4 8 16 32 64
 897  417  951 0  25 1 7 1 2 4 8 16 32 64
 898  862  749 0   6 1 7 1 2 4 8 16 32 64
 899  825   23 0  86 1 7 1 2 4 8 16 32 64
 900  605  286 0  38 1 7 1 2 4 8 16 32 64
 901  666  331 0  53 1 7 1 2 4 8 16 32 64
 902  426  266 0  86 1 7 1 2 4 8 16 32 64
 903  408  393 0  63 1 7 1 2 4 8 16 32 64
 904  803  560 0  87 1 7 1 2 4 8 16 32 64
 905  995  823 0  92 1 7 1 2 4 8 16 32 64
 906  208  971 0  18 1 7 1 2 4 8 16 32 64
 907   73  994 0  87 1 7 1 2 4 8 16 32 64
 908  951  391 0  59 1 7 1 2 4 8 16 32 64
 909  506  322 0  18 1 7 1 2 4 8 16 32 64
 910  866  628 0  10 1 7 1 2 4 8 16 32 64
 911  406   61 0  23 1 7 1 2 4 8 16 32 64
 912  349  829 0  62 1 7 1 2 4 8 16 32 64
 913  428  933 0  66 1 7 1 2 4 8 16 32 64
 914  721  867 0  70 1 7 1 2 4 8 16 32 64
 915  533  378 0 100 1 7 1 2 4 8 16 32 64
 916  520  138 0   7 1 7 1 2 4 8 16 32 64
 917  738  279 0  91 1 7 1 2 4 8 16 32 64
 918  849  856 0  99 1 7 1 2 4 8 16 32 64
 919  381   66 0   1 1 7 1 2 4 8 16 32 64
 920  526  324 0  72 1 7 1 2 4 8 16 32 64
 921  176  948 0  85 1 7 1 2 4 8 16 32 64
 922  687 1000 0  81 1 7 1 2 4 8 16 32 64
 923  500  558 0  13 1 7 1 2 4 8 16 32 64
 924  712  523 0  11 1 7 1 2 4 8 16 32 64
 925  737   39 0   2 1 7 1 2 4 8 16 32 64
 926  663  885 0  57 1 7 1 2 4 8 16 32 64
 927  985  126 0  71 1 7 1 2 4 8 16 32 64
 928  211  911 0  34 1 7 1 2 4 8 16 32 64
 929  305  784 0  13 1 7 1 2 4 8 16 32 64
 930  116   59 0  19 1 7 1 2 4 8 16 32 64
 931  615  421 0  72 1 7 1 2 4 8 16 32 64
 932  924  788 0  93 1 7 1 2 4 8 16 32 64
 933    0  523 0  48 1 7 1 2 4 8 16 32 64
 934  206  213 0  89 1 7 1 2 4 8 16 32 64
 935  503  423 0  80 1 7 1 2 4 8 16 32 64
 936  885  674 0  67 1 7 1 2 4 8 16 32 64
 937    5   78 0  81 1 7 1 2 4 8 16 32 64
 938  870  281 0  52 1 7 1 2 4 8 16 32 64
 939  242  924 0  62 1 7 1 2 4 8 16 32 64
 940  585  456 0   7 1 7 1 2 4 8 16 32 64
 941  366  641 0  67 1 7 1 2 4 8 16 32 64
 942   36  776 0  11 1 7 1 2 4 8 16 32 64
 943 1000  876 0  22 1 7 1 2 4 8 16 32 64
 944  895   75 0  79 1 7 1 2 4 8 16 32 64
 945  538  162 0   7 1 7 1 2 4 8 16 32 64
 946  728  216 0  25 1 7 1 2 4 8 16 32 64
 947  700   59 0  77 1 7 1 2 4 8 16 32 64
 948   44  523 0  19 1 7 1 2 4 8 16 32 64
 949  605  316 0  28 1 7 1 2 4 8 16 32 64
 950  724  250 0  57 1 7 1 2 4 8 16 32 64
 951   58  290 0  83 1 7 1 2 4 8 16 32 64
 952  831  355 0  72 1 7 1 2 4 8 16 32 64
 953  364   16 0  28 1 7 1 2 4 8 16 32 64
 954  157  859 0  67 1 7 1 2 4 8 16 32 64
 955  102  525 0  64 1 7 1 2 4 8 16 32 64
 956  896  513 0  36 1 7 1 2 4 8 16 32 64
 957  944   34 0  57 1 7 1 2 4 8 16 32 64
 958  585  672 0  81 1 7 1 2 4 8 16 32 64
 959   72  665 0  25 1 7 1 2 4 8 16 32 64
 960  414  511 0  96 1 7 1 2 4 8 16 32 64
 961  628  505 0  51 1 7 1 2 4 8 16 32 64
 962  373  161 0  23 1 7 1 2 4 8 16 32 64
 963  853  668 0  98 1 7 1 2 4 8 16 32 64
 964  172  699 0  52 1 7 1 2 4 8 16 32 64
 965  385  563 0 100 1 7 1 2 4 8 16 32 64
 966  467  959 0  28 1 7 1 2 4 8 16 32 64
 967  971  609 0   1 1 7 1 2 4 8 16 32 64
 968  668   47 0  39 1 7 1 2 4 8 16 32 64
 969  945  391 0  51 1 7 1 2 4 8 16 32 64
 970  609  214 0  30 1 7 1 2 4 8 16 32 64
 971    4  386 0  44 1 7 1 2 4 8 16 32 64
 972  146  790 0  83 1 7 1 2 4 8 16 32 64
 973  802  626 0  54 1 7 1 2 4 8 16 32 64
 974  902  828 0  24 1 7 1 2 4 8 16 32 64
 975  711  921 0  61 1 7 1 2 4 8 16 32 64
 976  265  478 0  50 1 7 1 2 4 8 16 32 64
 977  551  307 0  55 1 7 1 2 4 8 16 32 64
 978  502  615 0  30 1 7 1 2 4 8 16 32 64
 979   77  714 0  60 1 7 1 2 4 8 16 32 64
 980  239  904 0   2 1 7 1 2 4 8 16 32 64
 981  989  688 0  84 1 7 1 2 4 8 16 32 64
 982  210  556 0  91 1 7 1 2 4 8 16 32 64
 983  675  879 0  24 1 7 1 2 4 8 16 32 64
 984  348  867 0  81 1 7 1 2 4 8 16 32 64
 985  867  668 0  85 1 7 1 2 4 8 16 32 64
 986  857   17 0  73 1 7 1 2 4 8 16 32 64
 987  259  701 0  42 1 7 1 2 4 8 16 32 64
 988  115  826 0  34 1 7 1 2 4 8 16 32 64
 989   24  949 0  42 1 7 1 2 4 8 16 32 64
 990  868  170 0  62 1 7 1 2 4 8 16 32 64
 991  237  624 0  93 1 7 1 2 4 8 16 32 64
 992   27  540 0  95 1 7 1 2 4 8 16 32 64
 993  395  971 0  31 1 7 1 2 4 8 16 32 64
 994   84  139 0  55 1 7 1 2 4 8 16 32 64
 995  910  578 0  84 1 7 1 2 4 8 16 32 64
 996  157  762 0  68 1 7 1 2 4 8 16 32 64
 997  648  449 0  86 1 7 1 2 4 8 16 32 64
 998 1000  861 0  85 1 7 1 2 4 8 16 32 64
 999  251  764 0  79 1 7 1 2 4 8 16 32 64
1000    0  414 0  55 1 7 1 2 4 8 16 32 64
1001  914  220 0  38 1 7 1 2 4 8 16 32 64
1002  345  161 0  59 1 7 1 2 4 8 16 32 64
1003  444  252 0  77 1 7 1 2 4 8 16 32 64
1004  967  735 0  82 1 7 1 2 4 8 16 32 64
1005  156  367 0   6 1 7 1 2 4 8 16 32 64
1006   28  244 0  53 1 7 1 2 4 8 16 32 64
1007  426  140 0  78 1 7 1 2 4 8 16 32 64
1008  211  565 0  77 1 7 1 2 4 8 16 32 64
1009  627  986 0  51 1 7 1 2 4 8 16 32 64
1010  746  300 0  19 1 7 1 2 4 8 16 32 64
1011  326  298 0  90 1 7 1 2 4 8 16 32 64
1012  238  178 0  63 1 7 1 2 4 8 16 32 64
1013  797  175 0  60 1 7 1 2 4 8 16 32 64
1014  367  367 0  85 1 7 1 2 4 8 16 32 64
1015  211  245 0  81 1 7 1 2 4 8 16 32 64
1016  165  265 0  46 1 7 1 2 4 8 16 32 64
1017  621  602 0   2 1 7 1 2 4 8 16 32 64
1018  271  172 0  49 1 7 1 2 4 8 16 32 64
1019  690   44 0  24 1 7 1 2 4 8 16 32 64
1020  921   27 0  26 1 7 1 2 4 8 16 32 64
1021  825  208 0  28 1 7 1 2 4 8 16 32 64
1022  639  198 0  48 1 7 1 2 4 8 16 32 64
1023  334  121 0  21 1 7 1 2 4 8 16 32 64
1024  406   43 0  27 1 7 1 2 4 8 16 32 64
1025  885  537 0  79 1 7 1 2 4 8 16 32 64
1026  388  300 0  76 1 7 1 2 4 8 16 32 64
1027  181  534 0  96 1 7 1 2 4 8 16 32 64
1028  252  996 0  64 1 7 1 2 4 8 16 32 64
1029  126  151 0  33 1 7 1 2 4 8 16 32 64
1030  348  684 0  83 1 7 1 2 4 8 16 32 64
1031  374  437 0   6 1 7 1 2 4 8 16 32 64
1032  717  896 0  52 1 7 1 2 4 8 16 32 64
1033  664  853 0  78 1 7 1 2 4 8 16 32 64
1034  137  299 0  49 1 7 1 2 4 8 16 32 64
1035  130  898 0  38 1 7 1 2 4 8 16 32 64
1036  115  702 0  39 1 7 1 2 4 8 16 32 64
1037  712  757 0  61 1 7 1 2 4 8 16 32 64
1038  997  490 0  90 1 7 1 2 4 8 16 32 64
1039  623  394 0  90 1 7 1 2 4 8 16 32 64
1040  380  805 0  65 1 7 1 2 4 8 16 32 64
1041  673  391 0  37 1 7 1 2 4 8 16 32 64
1042  794  494 0  86 1 7 1 2 4 8 16 32 64
1043  180  741 0  58 1 7 1 2 4 8 16 32 64
1044  848  986 0  51 1 7 1 2 4 8 16 32 64
1045  146  817 0  85 1 7 1 2 4 8 16 32 64
1046  783  320 0  56 1 7 1 2 4 8 16 32 64
1047   87  707 0  66 1 7 1 2 4 8 16 32 64
1048  800  791 0  36 1 7 1 2 4 8 16 32 64
1049  881  803 0  61 1 7 1 2 4 8 16 32 64
1050  192  135 0  74 1 7 1 2 4 8 16 32 64
1051  317  140 0  98 1 7 1 2 4 8 16 32 64
1052  491  791 0  90 1 7 1 2 4 8 16 32 64
1053  320  335 0  10 1 7 1 2 4 8 16 32 64
1054  188  234 0   8 1 7 1 2 4 8 16 32 64
1055   41  784 0  38 1 7 1 2 4 8 16 32 64
1056  580  655 0  94 1 7 1 2 4 8 16 32 64
1057  214  193 0  96 1 7 1 2 4 8 16 32 64
1058  468  661 0  42 1 7 1 2 4 8 16 32 64
1059  770  874 0  11 1 7 1 2 4 8 16 32 64
1060  504  619 0  31 1 7 1 2 4 8 16 32 64
1061  246  199 0  82 1 7 1 2 4 8 16 32 64
1062  478  692 0  35 1 7 1 2 4 8 16 32 64
1063   83  838 0  91 1 7 1 2 4 8 16 32 64
1064  663  656 0  52 1 7 1 2 4 8 16 32 64
1065  467  268 0  17 1 7 1 2 4 8 16 32 64
1066  426  182 0  74 1 7 1 2 4 8 16 32 64
1067   82 1000 0  70 1 7 1 2 4 8 16 32 64
1068  309  894 0   3 1 7 1 2 4 8 16 32 64
1069  446  720 0  67 1 7 1 2 4 8 16 32 64
1070  689  553 0  90 1 7 1 2 4 8 16 32 64
1071  811  515 0  47 1 7 1 2 4 8 16 32 64
1072  367  242 0  65 1 7 1 2 4 8 16 32 64
1073    3  444 0  61 1 7 1 2 4 8 16 32 64
1074  600  453 0   4 1 7 1 2 4 8 16 32 64
1075  301  781 0  93 1 7 1 2 4 8 16 32 64
1076  266  196 0  17 1 7 1 2 4 8 16 32 64
1077  541  349 0  73 1 7 1 2 4 8 16 32 64
1078  949  976 0  33 1 7 1 2 4 8 16 32 64
1079  379  137 0  42 1 7 1 2 4 8 16 32 64
1080  808  800 0  20 1 7 1 2 4 8 16 32 64
1081  525  610 0  14 1 7 1 2 4 8 16 32 64
1082  160  187 0  59 1 7 1 2 4 8 16 32 64
1083   48  511 0  71 1 7 1 2 4 8 16 32 64
1084   47  414 0  78 1 7 1 2 4 8 16 32 64
1085  928  304 0  24 1 7 1 2 4 8 16 32 64
1086   90  861 0  70 1 7 1 2 4 8 16 32 64
1087   57  425 0  20 1 7 1 2 4 8 16 32 64
1088  663  256 0   8 1 7 1 2 4 8 16 32 64
1089   63  660 0  88 1 7 1 2 4 8 16 32 64
1090   95  141 0  98 1 7 1 2 4 8 16 32 64
1091    8  883 0  72 1 7 1 2 4 8 16 32 64
1092  708  985 0  13 1 7 1 2 4 8 16 32 64
1093  355  241 0  33 1 7 1 2 4 8 16 32 64
1094  434  669 0  31 1 7 1 2 4 8 16 32 64
1095   53   36 0  45 1 7 1 2 4 8 16 32 64
1096  686   43 0  10 1 7 1 2 4 8 16 32 64
1097  811  443 0  87 1 7 1 2 4 8 16 32 64
1098  788  466 0  93 1 7 1 2 4 8 16 32 64
1099  140  172 0  52 1 7 1 2 4 8 16 32 64
1100  522  111 0  63 1 7 1 2 4 8 16 32 64
1101  867  379 0  78 1 7 1 2 4 8 16 32 64
1102  666  740 0  20 1 7 1 2 4 8 16 32 64
1103  964  552 0  79 1 7 1 2 4 8 16 32 64
1104  692  832 0  73 1 7 1 2 4 8 16 32 64
1105  215  250 0  69 1 7 1 2 4 8 16 32 64
1106  264  955 0  24 1 7 1 2 4 8 16 32 64
1107  437  786 0  51 1 7 1 2 4 8 16 32 64
1108  848  504 0  82 1 7 1 2 4 8 16 32 64
1109   65  886 0  73 1 7 1 2 4 8 16 32 64
1110  422  668 0  15 1 7 1 2 4 8 16 32 64
1111   65  881 0  82 1 7 1 2 4 8 16 32 64
1112  781  969 0  33 1 7 1 2 4 8 16 32 64
1113  733  617 0  30 1 7 1 2 4 8 16 32 64
1114  712  541 0  95 1 7 1 2 4 8 16 32 64
1115  755   96 0  80 1 7 1 2 4 8 16 32 64
1116  565  791 0  64 1 7 1 2 4 8 16 32 64
1117  937  273 0  50 1 7 1 2 4 8 16 32 64
1118  903  231 0  92 1 7 1 2 4 8 16 32 64
1119  872  457 0  47 1 7 1 2 4 8 16 32 64
1120  874  300 0  86 1 7 1 2 4 8 16 32 64
1121  788  704 0  77 1 7 1 2 4 8 16 32 64
1122  791  606 0  54 1 7 1 2 4 8 16 32 64
1123  130   22 0  76 1 7 1 2 4 8 16 32 64
1124  511  821 0  85 1 7 1 2 4 8 16 32 64
1125  676  846 0  94 1 7 1 2 4 8 16 32 64
1126  360   76 0  98 1 7 1 2 4 8 16 32 64
1127  756  937 0  24 1 7 1 2 4 8 16 32 64
1128  602  483 0  61 1 7 1 2 4 8 16 32 64
1129  390  323 0  35 1 7 1 2 4 8 16 32 64
1130  958  769 0  25 1 7 1 2 4 8 16 32 64
1131  355  310 0  86 1 7 1 2 4 8 16 32 64
1132  560  619 0   6 1 7 1 2 4 8 16 32 64
1133  702  677 0  81 1 7 1 2 4 8 16 32 64
1134  537  497 0  15 1 7 1 2 4 8 16 32 64
1135  206  456 0  23 1 7 1 2 4 8 16 32 64
1136  694  774 0  64 1 7 1 2 4 8 16 32 64
1137  367  279 0  28 1 7 1 2 4 8 16 32 64
1138  746  822 0  28 1 7 1 2 4 8 16 32 64
1139  182  832 0  40 1 7 1 2 4 8 16 32 64
1140  265  701 0  89 1 7 1 2 4 8 16 32 64
1141  502  464 0  47 1 7 1 2 4 8 16 32 64
1142  726  694 0  44 1 7 1 2 4 8 16 32 64
1143  558  581 0  60 1 7 1 2 4 8 16 32 64
1144  120  111 0  90 1 7 1 2 4 8 16 32 64
1145  719  427 0  35 1 7 1 2 4 8 16 32 64
1146  902  518 0  37 1 7 1 2 4 8 16 32 64
1147  156  963 0  89 1 7 1 2 4 8 16 32 64
1148  661  397 0  21 1 7 1 2 4 8 16 32 64
1149  254  805 0  67 1 7 1 2 4 8 16 32 64
1150  525  450 0  60 1 7 1 2 4 8 16 32 64
1151   92  584 0  62 1 7 1 2 4 8 16 32 64
1152  834  401 0  95 1 7 1 2 4 8 16 32 64
1153  530  318 0  48 1 7 1 2 4 8 16 32 64
1154  534  290 0  60 1 7 1 2 4 8 16 32 64
1155  385  977 0  44 1 7 1 2 4 8 16 32 64
1156  940  180 0  15 1 7 1 2 4 8 16 32 64
1157  811  804 0  62 1 7 1 2 4 8 16 32 64
1158  930  137 0  36 1 7 1 2 4 8 16 32 64
1159  258  513 0  93 1 7 1 2 4 8 16 32 64
1160  884  838 0  20 1 7 1 2 4 8 16 32 64
1161  961  148 0   0 0 0
1162   49  494 0   0 0 0
1163  760  894 0   0 0 0
1164  447  819 0   0 0 0
1165  539  623 0   0 0 0
1166  133  346 0   0 0 0
1167  824  978 0   0 0 0
