2 116 1209 9
0 244
0 244
0 244
0 244
0 244
0 244
0 244
0 244
0 244
   1  840   17 0  75 1 9 1 2 4 8 16 32 64 128 256
   2  643  695 0   4 1 9 1 2 4 8 16 32 64 128 256
   3  847  839 0  89 1 9 1 2 4 8 16 32 64 128 256
   4  519  414 0   9 1 9 1 2 4 8 16 32 64 128 256
   5  214  823 0  46 1 9 1 2 4 8 16 32 64 128 256
   6  601  364 0  39 1 9 1 2 4 8 16 32 64 128 256
   7  274  534 0  22 1 9 1 2 4 8 16 32 64 128 256
   8  460  170 0  88 1 9 1 2 4 8 16 32 64 128 256
   9  629  818 0  11 1 9 1 2 4 8 16 32 64 128 256
  10  615  686 0  14 1 9 1 2 4 8 16 32 64 128 256
  11  451   57 0  34 1 9 1 2 4 8 16 32 64 128 256
  12  871  867 0  59 1 9 1 2 4 8 16 32 64 128 256
  13  628  669 0   5 1 9 1 2 4 8 16 32 64 128 256
  14  211  602 0  31 1 9 1 2 4 8 16 32 64 128 256
  15  952  204 0  34 1 9 1 2 4 8 16 32 64 128 256
  16  374  662 0   1 1 9 1 2 4 8 16 32 64 128 256
  17  516  388 0  49 1 9 1 2 4 8 16 32 64 128 256
  18  123  217 0  44 1 9 1 2 4 8 16 32 64 128 256
  19  809  228 0  50 1 9 1 2 4 8 16 32 64 128 256
  20  572  299 0  46 1 9 1 2 4 8 16 32 64 128 256
  21  949   54 0  37 1 9 1 2 4 8 16 32 64 128 256
  22  350  986 0  20 1 9 1 2 4 8 16 32 64 128 256
  23  776  343 0  85 1 9 1 2 4 8 16 32 64 128 256
  24  645  350 0  12 1 9 1 2 4 8 16 32 64 128 256
  25  936  241 0  57 1 9 1 2 4 8 16 32 64 128 256
  26  716  274 0  79 1 9 1 2 4 8 16 32 64 128 256
  27  454  745 0  75 1 9 1 2 4 8 16 32 64 128 256
  28  558  237 0  38 1 9 1 2 4 8 16 32 64 128 256
  29  540  437 0  72 1 9 1 2 4 8 16 32 64 128 256
  30  712  845 0  92 1 9 1 2 4 8 16 32 64 128 256
  31  232  698 0  50 1 9 1 2 4 8 16 32 64 128 256
  32  818  237 0  30 1 9 1 2 4 8 16 32 64 128 256
  33  412  529 0   4 1 9 1 2 4 8 16 32 64 128 256
  34  665   33 0  96 1 9 1 2 4 8 16 32 64 128 256
  35  186  420 0  90 1 9 1 2 4 8 16 32 64 128 256
  36  187  568 0  95 1 9 1 2 4 8 16 32 64 128 256
  37  813  141 0  22 1 9 1 2 4 8 16 32 64 128 256
  38  168  210 0  50 1 9 1 2 4 8 16 32 64 128 256
  39  524  390 0  68 1 9 1 2 4 8 16 32 64 128 256
  40  377   63 0  78 1 9 1 2 4 8 16 32 64 128 256
  41  581  247 0  32 1 9 1 2 4 8 16 32 64 128 256
  42  248  602 0  92 1 9 1 2 4 8 16 32 64 128 256
  43  256  846 0  42 1 9 1 2 4 8 16 32 64 128 256
  44  591  419 0  96 1 9 1 2 4 8 16 32 64 128 256
  45  158  995 0  77 1 9 1 2 4 8 16 32 64 128 256
  46  538  924 0  96 1 9 1 2 4 8 16 32 64 128 256
  47  756   92 0  51 1 9 1 2 4 8 16 32 64 128 256
  48  793  480 0  73 1 9 1 2 4 8 16 32 64 128 256
  49  555   66 0  97 1 9 1 2 4 8 16 32 64 128 256
  50  897  620 0   2 1 9 1 2 4 8 16 32 64 128 256
  51  680  419 0  70 1 9 1 2 4 8 16 32 64 128 256
  52  232  728 0  56 1 9 1 2 4 8 16 32 64 128 256
  53  291  218 0  51 1 9 1 2 4 8 16 32 64 128 256
  54  941  532 0  68 1 9 1 2 4 8 16 32 64 128 256
  55  816  412 0  17 1 9 1 2 4 8 16 32 64 128 256
  56  110  814 0   7 1 9 1 2 4 8 16 32 64 128 256
  57  467   93 0  54 1 9 1 2 4 8 16 32 64 128 256
  58  446  651 0  37 1 9 1 2 4 8 16 32 64 128 256
  59  197  937 0  58 1 9 1 2 4 8 16 32 64 128 256
  60  292  974 0  93 1 9 1 2 4 8 16 32 64 128 256
  61  315  151 0  27 1 9 1 2 4 8 16 32 64 128 256
  62  217  544 0  96 1 9 1 2 4 8 16 32 64 128 256
  63  889  331 0  38 1 9 1 2 4 8 16 32 64 128 256
  64  476  403 0  48 1 9 1 2 4 8 16 32 64 128 256
  65   77  193 0  78 1 9 1 2 4 8 16 32 64 128 256
  66  666  501 0  45 1 9 1 2 4 8 16 32 64 128 256
  67  670  120 0  35 1 9 1 2 4 8 16 32 64 128 256
  68  923  475 0   7 1 9 1 2 4 8 16 32 64 128 256
  69  878   71 0  62 1 9 1 2 4 8 16 32 64 128 256
  70  581  772 0  18 1 9 1 2 4 8 16 32 64 128 256
  71  212  871 0  12 1 9 1 2 4 8 16 32 64 128 256
  72  921  121 0  44 1 9 1 2 4 8 16 32 64 128 256
  73  800   84 0  22 1 9 1 2 4 8 16 32 64 128 256
  74  561  261 0  49 1 9 1 2 4 8 16 32 64 128 256
  75  916  601 0  67 1 9 1 2 4 8 16 32 64 128 256
  76  629  280 0  60 1 9 1 2 4 8 16 32 64 128 256
  77   35  489 0  73 1 9 1 2 4 8 16 32 64 128 256
  78  129  369 0  89 1 9 1 2 4 8 16 32 64 128 256
  79  654  599 0  84 1 9 1 2 4 8 16 32 64 128 256
  80  765  773 0   7 1 9 1 2 4 8 16 32 64 128 256
  81  401  314 0   5 1 9 1 2 4 8 16 32 64 128 256
  82  227  385 0  98 1 9 1 2 4 8 16 32 64 128 256
  83  156  184 0  92 1 9 1 2 4 8 16 32 64 128 256
  84  807  198 0  74 1 9 1 2 4 8 16 32 64 128 256
  85  122  852 0  57 1 9 1 2 4 8 16 32 64 128 256
  86  304  995 0  81 1 9 1 2 4 8 16 32 64 128 256
  87  928  684 0  73 1 9 1 2 4 8 16 32 64 128 256
  88  472  344 0  79 1 9 1 2 4 8 16 32 64 128 256
  89  180  710 0  82 1 9 1 2 4 8 16 32 64 128 256
  90  614  571 0  91 1 9 1 2 4 8 16 32 64 128 256
  91  890  340 0  17 1 9 1 2 4 8 16 32 64 128 256
  92  318  811 0  94 1 9 1 2 4 8 16 32 64 128 256
  93    1  556 0  44 1 9 1 2 4 8 16 32 64 128 256
  94  706  178 0  23 1 9 1 2 4 8 16 32 64 128 256
  95  714  916 0  27 1 9 1 2 4 8 16 32 64 128 256
  96  826  656 0  35 1 9 1 2 4 8 16 32 64 128 256
  97  463  136 0  38 1 9 1 2 4 8 16 32 64 128 256
  98  140  262 0  16 1 9 1 2 4 8 16 32 64 128 256
  99  625  523 0  44 1 9 1 2 4 8 16 32 64 128 256
 100  352  267 0  91 1 9 1 2 4 8 16 32 64 128 256
 101   67  964 0  90 1 9 1 2 4 8 16 32 64 128 256
 102  707  199 0   7 1 9 1 2 4 8 16 32 64 128 256
 103  409  737 0  28 1 9 1 2 4 8 16 32 64 128 256
 104  303  331 0  90 1 9 1 2 4 8 16 32 64 128 256
 105  859  945 0  70 1 9 1 2 4 8 16 32 64 128 256
 106  660  258 0  83 1 9 1 2 4 8 16 32 64 128 256
 107  897  308 0   8 1 9 1 2 4 8 16 32 64 128 256
 108  963  125 0  84 1 9 1 2 4 8 16 32 64 128 256
 109  973  812 0  21 1 9 1 2 4 8 16 32 64 128 256
 110  467  422 0   4 1 9 1 2 4 8 16 32 64 128 256
 111  551  791 0  77 1 9 1 2 4 8 16 32 64 128 256
 112  587  386 0  11 1 9 1 2 4 8 16 32 64 128 256
 113  924  587 0  93 1 9 1 2 4 8 16 32 64 128 256
 114  487  936 0  26 1 9 1 2 4 8 16 32 64 128 256
 115  502  256 0  65 1 9 1 2 4 8 16 32 64 128 256
 116  713  872 0  56 1 9 1 2 4 8 16 32 64 128 256
 117  453  529 0   9 1 9 1 2 4 8 16 32 64 128 256
 118  831   43 0  60 1 9 1 2 4 8 16 32 64 128 256
 119  924   55 0  89 1 9 1 2 4 8 16 32 64 128 256
 120  999  573 0  51 1 9 1 2 4 8 16 32 64 128 256
 121  158  688 0  38 1 9 1 2 4 8 16 32 64 128 256
 122  716  643 0  84 1 9 1 2 4 8 16 32 64 128 256
 123   86  785 0  54 1 9 1 2 4 8 16 32 64 128 256
 124  830  237 0   8 1 9 1 2 4 8 16 32 64 128 256
 125  265  727 0  41 1 9 1 2 4 8 16 32 64 128 256
 126  878  211 0  58 1 9 1 2 4 8 16 32 64 128 256
 127  217  452 0   8 1 9 1 2 4 8 16 32 64 128 256
 128  749  163 0  91 1 9 1 2 4 8 16 32 64 128 256
 129  710  344 0  49 1 9 1 2 4 8 16 32 64 128 256
 130  164   94 0  85 1 9 1 2 4 8 16 32 64 128 256
 131  345  807 0  92 1 9 1 2 4 8 16 32 64 128 256
 132  702  552 0  43 1 9 1 2 4 8 16 32 64 128 256
 133   44   63 0   9 1 9 1 2 4 8 16 32 64 128 256
 134  196  284 0  33 1 9 1 2 4 8 16 32 64 128 256
 135  581  120 0  83 1 9 1 2 4 8 16 32 64 128 256
 136  898  111 0  10 1 9 1 2 4 8 16 32 64 128 256
 137  887   83 0  56 1 9 1 2 4 8 16 32 64 128 256
 138  320  634 0  17 1 9 1 2 4 8 16 32 64 128 256
 139  808  275 0  66 1 9 1 2 4 8 16 32 64 128 256
 140  432   60 0  83 1 9 1 2 4 8 16 32 64 128 256
 141  887  680 0  88 1 9 1 2 4 8 16 32 64 128 256
 142  134  390 0  22 1 9 1 2 4 8 16 32 64 128 256
 143  958  654 0  74 1 9 1 2 4 8 16 32 64 128 256
 144  991  629 0   9 1 9 1 2 4 8 16 32 64 128 256
 145  794  641 0  15 1 9 1 2 4 8 16 32 64 128 256
 146   80   22 0  87 1 9 1 2 4 8 16 32 64 128 256
 147  430  847 0   4 1 9 1 2 4 8 16 32 64 128 256
 148  683  333 0  56 1 9 1 2 4 8 16 32 64 128 256
 149  554  454 0  24 1 9 1 2 4 8 16 32 64 128 256
 150  118  279 0  70 1 9 1 2 4 8 16 32 64 128 256
 151  268  744 0  21 1 9 1 2 4 8 16 32 64 128 256
 152  270  958 0  50 1 9 1 2 4 8 16 32 64 128 256
 153   54  928 0  52 1 9 1 2 4 8 16 32 64 128 256
 154  554  395 0  76 1 9 1 2 4 8 16 32 64 128 256
 155  708  522 0  44 1 9 1 2 4 8 16 32 64 128 256
 156  728  609 0  89 1 9 1 2 4 8 16 32 64 128 256
 157  359  583 0  89 1 9 1 2 4 8 16 32 64 128 256
 158  640  635 0  69 1 9 1 2 4 8 16 32 64 128 256
 159   83  133 0 100 1 9 1 2 4 8 16 32 64 128 256
 160  327  916 0  27 1 9 1 2 4 8 16 32 64 128 256
 161   28  148 0  24 1 9 1 2 4 8 16 32 64 128 256
 162  245  359 0  93 1 9 1 2 4 8 16 32 64 128 256
 163  179  548 0 100 1 9 1 2 4 8 16 32 64 128 256
 164  905  139 0  89 1 9 1 2 4 8 16 32 64 128 256
 165  833  381 0  26 1 9 1 2 4 8 16 32 64 128 256
 166  722  166 0  45 1 9 1 2 4 8 16 32 64 128 256
 167  877  227 0  55 1 9 1 2 4 8 16 32 64 128 256
 168  505  383 0  89 1 9 1 2 4 8 16 32 64 128 256
 169  599  918 0  78 1 9 1 2 4 8 16 32 64 128 256
 170  137  242 0  11 1 9 1 2 4 8 16 32 64 128 256
 171  494  282 0   8 1 9 1 2 4 8 16 32 64 128 256
 172  638  434 0  70 1 9 1 2 4 8 16 32 64 128 256
 173  192  223 0  52 1 9 1 2 4 8 16 32 64 128 256
 174  126  516 0  15 1 9 1 2 4 8 16 32 64 128 256
 175  647  318 0  87 1 9 1 2 4 8 16 32 64 128 256
 176  597  411 0   1 1 9 1 2 4 8 16 32 64 128 256
 177  610  940 0  44 1 9 1 2 4 8 16 32 64 128 256
 178  427  340 0  15 1 9 1 2 4 8 16 32 64 128 256
 179  952  980 0  26 1 9 1 2 4 8 16 32 64 128 256
 180  140  648 0  73 1 9 1 2 4 8 16 32 64 128 256
 181  959  595 0  51 1 9 1 2 4 8 16 32 64 128 256
 182  241  200 0  98 1 9 1 2 4 8 16 32 64 128 256
 183  303  832 0  17 1 9 1 2 4 8 16 32 64 128 256
 184  234  554 0  79 1 9 1 2 4 8 16 32 64 128 256
 185  403  373 0  68 1 9 1 2 4 8 16 32 64 128 256
 186   15  753 0  77 1 9 1 2 4 8 16 32 64 128 256
 187  683  958 0  96 1 9 1 2 4 8 16 32 64 128 256
 188  494  487 0  55 1 9 1 2 4 8 16 32 64 128 256
 189  281  359 0  89 1 9 1 2 4 8 16 32 64 128 256
 190  868  766 0   6 1 9 1 2 4 8 16 32 64 128 256
 191  697  192 0  91 1 9 1 2 4 8 16 32 64 128 256
 192  590  281 0  45 1 9 1 2 4 8 16 32 64 128 256
 193  604  260 0  63 1 9 1 2 4 8 16 32 64 128 256
 194  401  811 0   2 1 9 1 2 4 8 16 32 64 128 256
 195  820  572 0  31 1 9 1 2 4 8 16 32 64 128 256
 196  439  173 0  77 1 9 1 2 4 8 16 32 64 128 256
 197  375   84 0  64 1 9 1 2 4 8 16 32 64 128 256
 198   68  991 0  71 1 9 1 2 4 8 16 32 64 128 256
 199  850  280 0  33 1 9 1 2 4 8 16 32 64 128 256
 200  589  930 0  71 1 9 1 2 4 8 16 32 64 128 256
 201  127  852 0   2 1 9 1 2 4 8 16 32 64 128 256
 202  149  268 0  53 1 9 1 2 4 8 16 32 64 128 256
 203  839  725 0  20 1 9 1 2 4 8 16 32 64 128 256
 204  596  765 0  70 1 9 1 2 4 8 16 32 64 128 256
 205   42  488 0  40 1 9 1 2 4 8 16 32 64 128 256
 206  421  255 0  24 1 9 1 2 4 8 16 32 64 128 256
 207  860   55 0  47 1 9 1 2 4 8 16 32 64 128 256
 208   18  770 0   8 1 9 1 2 4 8 16 32 64 128 256
 209  237  176 0  50 1 9 1 2 4 8 16 32 64 128 256
 210  551   63 0  24 1 9 1 2 4 8 16 32 64 128 256
 211    5  395 0  87 1 9 1 2 4 8 16 32 64 128 256
 212  518  414 0  61 1 9 1 2 4 8 16 32 64 128 256
 213  619  239 0  87 1 9 1 2 4 8 16 32 64 128 256
 214  125  823 0   5 1 9 1 2 4 8 16 32 64 128 256
 215    1  984 0  52 1 9 1 2 4 8 16 32 64 128 256
 216  664  749 0  80 1 9 1 2 4 8 16 32 64 128 256
 217  875  109 0  31 1 9 1 2 4 8 16 32 64 128 256
 218  945   58 0  80 1 9 1 2 4 8 16 32 64 128 256
 219   22  504 0  22 1 9 1 2 4 8 16 32 64 128 256
 220  332  572 0  23 1 9 1 2 4 8 16 32 64 128 256
 221  547   72 0  94 1 9 1 2 4 8 16 32 64 128 256
 222  808  662 0  42 1 9 1 2 4 8 16 32 64 128 256
 223  896  530 0  51 1 9 1 2 4 8 16 32 64 128 256
 224  657  332 0  47 1 9 1 2 4 8 16 32 64 128 256
 225  497  574 0  79 1 9 1 2 4 8 16 32 64 128 256
 226  569  375 0  10 1 9 1 2 4 8 16 32 64 128 256
 227  246  747 0  56 1 9 1 2 4 8 16 32 64 128 256
 228  599  575 0  45 1 9 1 2 4 8 16 32 64 128 256
 229  208  715 0  54 1 9 1 2 4 8 16 32 64 128 256
 230  637  426 0  79 1 9 1 2 4 8 16 32 64 128 256
 231  208   24 0  56 1 9 1 2 4 8 16 32 64 128 256
 232  715  981 0   5 1 9 1 2 4 8 16 32 64 128 256
 233  141  765 0  37 1 9 1 2 4 8 16 32 64 128 256
 234  989  452 0  82 1 9 1 2 4 8 16 32 64 128 256
 235  347  374 0  59 1 9 1 2 4 8 16 32 64 128 256
 236  980   11 0  96 1 9 1 2 4 8 16 32 64 128 256
 237  496  342 0  36 1 9 1 2 4 8 16 32 64 128 256
 238  502  671 0  40 1 9 1 2 4 8 16 32 64 128 256
 239   32  724 0  27 1 9 1 2 4 8 16 32 64 128 256
 240  795  536 0  68 1 9 1 2 4 8 16 32 64 128 256
 241  386   25 0  95 1 9 1 2 4 8 16 32 64 128 256
 242   85  309 0  66 1 9 1 2 4 8 16 32 64 128 256
 243  898  742 0  27 1 9 1 2 4 8 16 32 64 128 256
 244   45  701 0  59 1 9 1 2 4 8 16 32 64 128 256
 245  680  673 0  22 1 9 1 2 4 8 16 32 64 128 256
 246  589   16 0  97 1 9 1 2 4 8 16 32 64 128 256
 247  529  922 0  98 1 9 1 2 4 8 16 32 64 128 256
 248  310   20 0  96 1 9 1 2 4 8 16 32 64 128 256
 249  586  806 0  59 1 9 1 2 4 8 16 32 64 128 256
 250  545   54 0   9 1 9 1 2 4 8 16 32 64 128 256
 251  854  353 0  45 1 9 1 2 4 8 16 32 64 128 256
 252  966 1000 0  97 1 9 1 2 4 8 16 32 64 128 256
 253  392  260 0  19 1 9 1 2 4 8 16 32 64 128 256
 254  191  528 0  55 1 9 1 2 4 8 16 32 64 128 256
 255  770  314 0  86 1 9 1 2 4 8 16 32 64 128 256
 256  245  648 0  80 1 9 1 2 4 8 16 32 64 128 256
 257   29  912 0   7 1 9 1 2 4 8 16 32 64 128 256
 258  275  777 0  46 1 9 1 2 4 8 16 32 64 128 256
 259  696  665 0  65 1 9 1 2 4 8 16 32 64 128 256
 260  388  391 0  77 1 9 1 2 4 8 16 32 64 128 256
 261  457  344 0  19 1 9 1 2 4 8 16 32 64 128 256
 262   89  426 0  14 1 9 1 2 4 8 16 32 64 128 256
 263  433  759 0  17 1 9 1 2 4 8 16 32 64 128 256
 264  101  690 0  35 1 9 1 2 4 8 16 32 64 128 256
 265  680  545 0  44 1 9 1 2 4 8 16 32 64 128 256
 266  557  216 0  33 1 9 1 2 4 8 16 32 64 128 256
 267  704  786 0  52 1 9 1 2 4 8 16 32 64 128 256
 268  426  618 0  67 1 9 1 2 4 8 16 32 64 128 256
 269  469   57 0  34 1 9 1 2 4 8 16 32 64 128 256
 270   75  730 0  19 1 9 1 2 4 8 16 32 64 128 256
 271  762  976 0   5 1 9 1 2 4 8 16 32 64 128 256
 272  914   86 0  97 1 9 1 2 4 8 16 32 64 128 256
 273  931  273 0  91 1 9 1 2 4 8 16 32 64 128 256
 274  996  407 0  91 1 9 1 2 4 8 16 32 64 128 256
 275  697  638 0   8 1 9 1 2 4 8 16 32 64 128 256
 276  230  269 0  50 1 9 1 2 4 8 16 32 64 128 256
 277  463   31 0  42 1 9 1 2 4 8 16 32 64 128 256
 278  604  902 0  38 1 9 1 2 4 8 16 32 64 128 256
 279  711  301 0   5 1 9 1 2 4 8 16 32 64 128 256
 280  151  128 0  41 1 9 1 2 4 8 16 32 64 128 256
 281  238  175 0  37 1 9 1 2 4 8 16 32 64 128 256
 282   96   80 0  76 1 9 1 2 4 8 16 32 64 128 256
 283  495  528 0  89 1 9 1 2 4 8 16 32 64 128 256
 284  126   53 0  45 1 9 1 2 4 8 16 32 64 128 256
 285  439  218 0  18 1 9 1 2 4 8 16 32 64 128 256
 286  513  674 0   9 1 9 1 2 4 8 16 32 64 128 256
 287  484  117 0  16 1 9 1 2 4 8 16 32 64 128 256
 288  487  253 0  43 1 9 1 2 4 8 16 32 64 128 256
 289   35  649 0 100 1 9 1 2 4 8 16 32 64 128 256
 290  546   23 0  39 1 9 1 2 4 8 16 32 64 128 256
 291  781  614 0  40 1 9 1 2 4 8 16 32 64 128 256
 292  936  374 0  41 1 9 1 2 4 8 16 32 64 128 256
 293  787  126 0  15 1 9 1 2 4 8 16 32 64 128 256
 294   26  474 0  97 1 9 1 2 4 8 16 32 64 128 256
 295  956  649 0  36 1 9 1 2 4 8 16 32 64 128 256
 296  952  738 0   9 1 9 1 2 4 8 16 32 64 128 256
 297  928  618 0  93 1 9 1 2 4 8 16 32 64 128 256
 298  377  759 0  90 1 9 1 2 4 8 16 32 64 128 256
 299  729  949 0  10 1 9 1 2 4 8 16 32 64 128 256
 300  321  212 0  55 1 9 1 2 4 8 16 32 64 128 256
 301  609  242 0  55 1 9 1 2 4 8 16 32 64 128 256
 302  354  522 0  71 1 9 1 2 4 8 16 32 64 128 256
 303   71  457 0  27 1 9 1 2 4 8 16 32 64 128 256
 304  545  264 0  14 1 9 1 2 4 8 16 32 64 128 256
 305  455  471 0  90 1 9 1 2 4 8 16 32 64 128 256
 306   80  235 0   2 1 9 1 2 4 8 16 32 64 128 256
 307  177   87 0  47 1 9 1 2 4 8 16 32 64 128 256
 308  452  781 0  82 1 9 1 2 4 8 16 32 64 128 256
 309   85  422 0  59 1 9 1 2 4 8 16 32 64 128 256
 310  630  682 0  73 1 9 1 2 4 8 16 32 64 128 256
 311  592  387 0  14 1 9 1 2 4 8 16 32 64 128 256
 312  240  341 0  20 1 9 1 2 4 8 16 32 64 128 256
 313  970  981 0  72 1 9 1 2 4 8 16 32 64 128 256
 314  437   11 0  59 1 9 1 2 4 8 16 32 64 128 256
 315   71  875 0  48 1 9 1 2 4 8 16 32 64 128 256
 316  618  126 0  46 1 9 1 2 4 8 16 32 64 128 256
 317  643  227 0   2 1 9 1 2 4 8 16 32 64 128 256
 318   95  913 0  23 1 9 1 2 4 8 16 32 64 128 256
 319  904  141 0  48 1 9 1 2 4 8 16 32 64 128 256
 320   29  695 0   2 1 9 1 2 4 8 16 32 64 128 256
 321  556  809 0  40 1 9 1 2 4 8 16 32 64 128 256
 322  417  810 0  28 1 9 1 2 4 8 16 32 64 128 256
 323  164   11 0  51 1 9 1 2 4 8 16 32 64 128 256
 324  973  426 0  97 1 9 1 2 4 8 16 32 64 128 256
 325  490  399 0  44 1 9 1 2 4 8 16 32 64 128 256
 326  955  799 0  56 1 9 1 2 4 8 16 32 64 128 256
 327  709  675 0 100 1 9 1 2 4 8 16 32 64 128 256
 328  185  343 0  99 1 9 1 2 4 8 16 32 64 128 256
 329   77  643 0  77 1 9 1 2 4 8 16 32 64 128 256
 330  721  376 0  92 1 9 1 2 4 8 16 32 64 128 256
 331  507  608 0  20 1 9 1 2 4 8 16 32 64 128 256
 332  819  228 0  71 1 9 1 2 4 8 16 32 64 128 256
 333  725  547 0  28 1 9 1 2 4 8 16 32 64 128 256
 334  319  671 0  35 1 9 1 2 4 8 16 32 64 128 256
 335  461  157 0  62 1 9 1 2 4 8 16 32 64 128 256
 336  204  463 0  67 1 9 1 2 4 8 16 32 64 128 256
 337  479  530 0  22 1 9 1 2 4 8 16 32 64 128 256
 338  287  797 0  41 1 9 1 2 4 8 16 32 64 128 256
 339  296  718 0  51 1 9 1 2 4 8 16 32 64 128 256
 340  300  146 0  70 1 9 1 2 4 8 16 32 64 128 256
 341  293   89 0  52 1 9 1 2 4 8 16 32 64 128 256
 342  592  964 0  59 1 9 1 2 4 8 16 32 64 128 256
 343  565  466 0  70 1 9 1 2 4 8 16 32 64 128 256
 344  981  344 0  40 1 9 1 2 4 8 16 32 64 128 256
 345  642  390 0  98 1 9 1 2 4 8 16 32 64 128 256
 346    5  146 0  13 1 9 1 2 4 8 16 32 64 128 256
 347  507  419 0  53 1 9 1 2 4 8 16 32 64 128 256
 348  753  805 0  85 1 9 1 2 4 8 16 32 64 128 256
 349  386   64 0   2 1 9 1 2 4 8 16 32 64 128 256
 350   26  347 0  79 1 9 1 2 4 8 16 32 64 128 256
 351  326  676 0   2 1 9 1 2 4 8 16 32 64 128 256
 352  596   74 0  42 1 9 1 2 4 8 16 32 64 128 256
 353  563  797 0  38 1 9 1 2 4 8 16 32 64 128 256
 354  182  387 0  58 1 9 1 2 4 8 16 32 64 128 256
 355  506   95 0  39 1 9 1 2 4 8 16 32 64 128 256
 356  844  539 0  24 1 9 1 2 4 8 16 32 64 128 256
 357  673  124 0  31 1 9 1 2 4 8 16 32 64 128 256
 358  407   35 0  14 1 9 1 2 4 8 16 32 64 128 256
 359  762  452 0  55 1 9 1 2 4 8 16 32 64 128 256
 360  106  535 0  65 1 9 1 2 4 8 16 32 64 128 256
 361  378  196 0  11 1 9 1 2 4 8 16 32 64 128 256
 362  836  934 0  47 1 9 1 2 4 8 16 32 64 128 256
 363  126  894 0  57 1 9 1 2 4 8 16 32 64 128 256
 364  594  158 0  88 1 9 1 2 4 8 16 32 64 128 256
 365  316  754 0  71 1 9 1 2 4 8 16 32 64 128 256
 366  295  760 0  17 1 9 1 2 4 8 16 32 64 128 256
 367  742   80 0  13 1 9 1 2 4 8 16 32 64 128 256
 368  474  311 0  57 1 9 1 2 4 8 16 32 64 128 256
 369   57  796 0  40 1 9 1 2 4 8 16 32 64 128 256
 370  463  665 0  94 1 9 1 2 4 8 16 32 64 128 256
 371  101  711 0  92 1 9 1 2 4 8 16 32 64 128 256
 372  657  118 0  83 1 9 1 2 4 8 16 32 64 128 256
 373  565  628 0  59 1 9 1 2 4 8 16 32 64 128 256
 374  993  697 0  45 1 9 1 2 4 8 16 32 64 128 256
 375  945  878 0  25 1 9 1 2 4 8 16 32 64 128 256
 376  882  909 0  22 1 9 1 2 4 8 16 32 64 128 256
 377  991  577 0  35 1 9 1 2 4 8 16 32 64 128 256
 378  933  505 0   2 1 9 1 2 4 8 16 32 64 128 256
 379   87  100 0  78 1 9 1 2 4 8 16 32 64 128 256
 380  512  721 0  37 1 9 1 2 4 8 16 32 64 128 256
 381  672  587 0  38 1 9 1 2 4 8 16 32 64 128 256
 382  362  585 0  27 1 9 1 2 4 8 16 32 64 128 256
 383  489   20 0  95 1 9 1 2 4 8 16 32 64 128 256
 384  232  491 0   6 1 9 1 2 4 8 16 32 64 128 256
 385  127  303 0   4 1 9 1 2 4 8 16 32 64 128 256
 386  425  935 0  29 1 9 1 2 4 8 16 32 64 128 256
 387  492   22 0  84 1 9 1 2 4 8 16 32 64 128 256
 388  332  227 0  10 1 9 1 2 4 8 16 32 64 128 256
 389  494   77 0   9 1 9 1 2 4 8 16 32 64 128 256
 390  878  701 0  23 1 9 1 2 4 8 16 32 64 128 256
 391  165   63 0  61 1 9 1 2 4 8 16 32 64 128 256
 392  621  188 0  69 1 9 1 2 4 8 16 32 64 128 256
 393  481  752 0  65 1 9 1 2 4 8 16 32 64 128 256
 394  397  736 0  35 1 9 1 2 4 8 16 32 64 128 256
 395  344   14 0  50 1 9 1 2 4 8 16 32 64 128 256
 396  451  801 0  13 1 9 1 2 4 8 16 32 64 128 256
 397  691  164 0  93 1 9 1 2 4 8 16 32 64 128 256
 398  192  833 0  31 1 9 1 2 4 8 16 32 64 128 256
 399  170  410 0  30 1 9 1 2 4 8 16 32 64 128 256
 400  120  141 0  15 1 9 1 2 4 8 16 32 64 128 256
 401  529  754 0  43 1 9 1 2 4 8 16 32 64 128 256
 402  996  518 0  43 1 9 1 2 4 8 16 32 64 128 256
 403  468   99 0   9 1 9 1 2 4 8 16 32 64 128 256
 404  208  625 0  20 1 9 1 2 4 8 16 32 64 128 256
 405  926  990 0  90 1 9 1 2 4 8 16 32 64 128 256
 406  461  298 0   7 1 9 1 2 4 8 16 32 64 128 256
 407  510  381 0  10 1 9 1 2 4 8 16 32 64 128 256
 408  337  605 0   2 1 9 1 2 4 8 16 32 64 128 256
 409  109  862 0  71 1 9 1 2 4 8 16 32 64 128 256
 410   36  680 0  10 1 9 1 2 4 8 16 32 64 128 256
 411  440   60 0   6 1 9 1 2 4 8 16 32 64 128 256
 412  849  109 0  37 1 9 1 2 4 8 16 32 64 128 256
 413  293  570 0  92 1 9 1 2 4 8 16 32 64 128 256
 414  628   33 0  47 1 9 1 2 4 8 16 32 64 128 256
 415  352  456 0  69 1 9 1 2 4 8 16 32 64 128 256
 416  399  429 0   3 1 9 1 2 4 8 16 32 64 128 256
 417  172  720 0  41 1 9 1 2 4 8 16 32 64 128 256
 418  940  878 0  90 1 9 1 2 4 8 16 32 64 128 256
 419  652  353 0  35 1 9 1 2 4 8 16 32 64 128 256
 420  581  249 0  76 1 9 1 2 4 8 16 32 64 128 256
 421  913  969 0  93 1 9 1 2 4 8 16 32 64 128 256
 422  408   67 0  51 1 9 1 2 4 8 16 32 64 128 256
 423  230  340 0  65 1 9 1 2 4 8 16 32 64 128 256
 424  311  268 0  59 1 9 1 2 4 8 16 32 64 128 256
 425  741  377 0  60 1 9 1 2 4 8 16 32 64 128 256
 426  684   23 0  89 1 9 1 2 4 8 16 32 64 128 256
 427  307  609 0  29 1 9 1 2 4 8 16 32 64 128 256
 428  263  837 0  45 1 9 1 2 4 8 16 32 64 128 256
 429  445  327 0  60 1 9 1 2 4 8 16 32 64 128 256
 430  554  806 0  41 1 9 1 2 4 8 16 32 64 128 256
 431   59  712 0  91 1 9 1 2 4 8 16 32 64 128 256
 432   41  745 0  10 1 9 1 2 4 8 16 32 64 128 256
 433  710  217 0  69 1 9 1 2 4 8 16 32 64 128 256
 434  564   78 0  82 1 9 1 2 4 8 16 32 64 128 256
 435  737  378 0  40 1 9 1 2 4 8 16 32 64 128 256
 436   46  769 0  56 1 9 1 2 4 8 16 32 64 128 256
 437  503  936 0  52 1 9 1 2 4 8 16 32 64 128 256
 438  544   88 0  96 1 9 1 2 4 8 16 32 64 128 256
 439  485   51 0   5 1 9 1 2 4 8 16 32 64 128 256
 440  147  417 0 100 1 9 1 2 4 8 16 32 64 128 256
 441  861  221 0  71 1 9 1 2 4 8 16 32 64 128 256
 442  980  445 0  64 1 9 1 2 4 8 16 32 64 128 256
 443  143  293 0  73 1 9 1 2 4 8 16 32 64 128 256
 444  284  288 0  50 1 9 1 2 4 8 16 32 64 128 256
 445  840  669 0  86 1 9 1 2 4 8 16 32 64 128 256
 446  244  393 0  91 1 9 1 2 4 8 16 32 64 128 256
 447  102  905 0  24 1 9 1 2 4 8 16 32 64 128 256
 448  497  141 0   1 1 9 1 2 4 8 16 32 64 128 256
 449   73  660 0  18 1 9 1 2 4 8 16 32 64 128 256
 450  851  221 0  43 1 9 1 2 4 8 16 32 64 128 256
 451  801  432 0  17 1 9 1 2 4 8 16 32 64 128 256
 452  222  395 0  10 1 9 1 2 4 8 16 32 64 128 256
 453  245  225 0  36 1 9 1 2 4 8 16 32 64 128 256
 454  452  698 0  27 1 9 1 2 4 8 16 32 64 128 256
 455  729  311 0  80 1 9 1 2 4 8 16 32 64 128 256
 456  151  102 0  89 1 9 1 2 4 8 16 32 64 128 256
 457  238   74 0  93 1 9 1 2 4 8 16 32 64 128 256
 458  704   74 0  21 1 9 1 2 4 8 16 32 64 128 256
 459  725    1 0   5 1 9 1 2 4 8 16 32 64 128 256
 460  591  486 0  35 1 9 1 2 4 8 16 32 64 128 256
 461  409  346 0  39 1 9 1 2 4 8 16 32 64 128 256
 462  557  702 0  39 1 9 1 2 4 8 16 32 64 128 256
 463  861  809 0  93 1 9 1 2 4 8 16 32 64 128 256
 464  102  595 0  18 1 9 1 2 4 8 16 32 64 128 256
 465  834  242 0  66 1 9 1 2 4 8 16 32 64 128 256
 466  316   48 0  64 1 9 1 2 4 8 16 32 64 128 256
 467  167  359 0  68 1 9 1 2 4 8 16 32 64 128 256
 468  279  192 0  63 1 9 1 2 4 8 16 32 64 128 256
 469  212  616 0  57 1 9 1 2 4 8 16 32 64 128 256
 470  953  932 0  73 1 9 1 2 4 8 16 32 64 128 256
 471  688  487 0  21 1 9 1 2 4 8 16 32 64 128 256
 472  707  995 0  11 1 9 1 2 4 8 16 32 64 128 256
 473  890  686 0  58 1 9 1 2 4 8 16 32 64 128 256
 474  664  253 0  27 1 9 1 2 4 8 16 32 64 128 256
 475  154   37 0  81 1 9 1 2 4 8 16 32 64 128 256
 476  591  405 0  92 1 9 1 2 4 8 16 32 64 128 256
 477  440  671 0  88 1 9 1 2 4 8 16 32 64 128 256
 478  240  642 0  15 1 9 1 2 4 8 16 32 64 128 256
 479  662   45 0  39 1 9 1 2 4 8 16 32 64 128 256
 480  175  448 0  54 1 9 1 2 4 8 16 32 64 128 256
 481   23  812 0  71 1 9 1 2 4 8 16 32 64 128 256
 482  871  184 0  99 1 9 1 2 4 8 16 32 64 128 256
 483  390  823 0  57 1 9 1 2 4 8 16 32 64 128 256
 484  311  361 0  77 1 9 1 2 4 8 16 32 64 128 256
 485  424  607 0  76 1 9 1 2 4 8 16 32 64 128 256
 486  845  269 0  21 1 9 1 2 4 8 16 32 64 128 256
 487  935  910 0  43 1 9 1 2 4 8 16 32 64 128 256
 488  745  566 0  15 1 9 1 2 4 8 16 32 64 128 256
 489   81  750 0  82 1 9 1 2 4 8 16 32 64 128 256
 490  174  101 0  67 1 9 1 2 4 8 16 32 64 128 256
 491  995  722 0  68 1 9 1 2 4 8 16 32 64 128 256
 492  450  916 0  12 1 9 1 2 4 8 16 32 64 128 256
 493  744  130 0   1 1 9 1 2 4 8 16 32 64 128 256
 494  415  188 0  14 1 9 1 2 4 8 16 32 64 128 256
 495  652  541 0  44 1 9 1 2 4 8 16 32 64 128 256
 496  998  908 0  45 1 9 1 2 4 8 16 32 64 128 256
 497  290  175 0  51 1 9 1 2 4 8 16 32 64 128 256
 498  697  161 0   8 1 9 1 2 4 8 16 32 64 128 256
 499  690  767 0  73 1 9 1 2 4 8 16 32 64 128 256
 500  460  207 0  83 1 9 1 2 4 8 16 32 64 128 256
 501  155  655 0  27 1 9 1 2 4 8 16 32 64 128 256
 502  731  330 0  37 1 9 1 2 4 8 16 32 64 128 256
 503  241  968 0  46 1 9 1 2 4 8 16 32 64 128 256
 504  457  199 0  24 1 9 1 2 4 8 16 32 64 128 256
 505  247  929 0  38 1 9 1 2 4 8 16 32 64 128 256
 506  497  661 0   9 1 9 1 2 4 8 16 32 64 128 256
 507  162  212 0  69 1 9 1 2 4 8 16 32 64 128 256
 508  821  671 0   4 1 9 1 2 4 8 16 32 64 128 256
 509  224  718 0   2 1 9 1 2 4 8 16 32 64 128 256
 510    0  466 0  35 1 9 1 2 4 8 16 32 64 128 256
 511  465  887 0  19 1 9 1 2 4 8 16 32 64 128 256
 512  415  221 0   8 1 9 1 2 4 8 16 32 64 128 256
 513  613  974 0  95 1 9 1 2 4 8 16 32 64 128 256
 514   80  920 0  98 1 9 1 2 4 8 16 32 64 128 256
 515  942  794 0  11 1 9 1 2 4 8 16 32 64 128 256
 516  508  492 0  63 1 9 1 2 4 8 16 32 64 128 256
 517  466  654 0  48 1 9 1 2 4 8 16 32 64 128 256
 518  698  640 0  68 1 9 1 2 4 8 16 32 64 128 256
 519  769  636 0  28 1 9 1 2 4 8 16 32 64 128 256
 520  644  548 0  87 1 9 1 2 4 8 16 32 64 128 256
 521  764  354 0  24 1 9 1 2 4 8 16 32 64 128 256
 522  120  357 0  64 1 9 1 2 4 8 16 32 64 128 256
 523  320  887 0  47 1 9 1 2 4 8 16 32 64 128 256
 524  542   54 0  52 1 9 1 2 4 8 16 32 64 128 256
 525  496  479 0  91 1 9 1 2 4 8 16 32 64 128 256
 526  291  244 0  84 1 9 1 2 4 8 16 32 64 128 256
 527  559  884 0  21 1 9 1 2 4 8 16 32 64 128 256
 528  105  669 0  45 1 9 1 2 4 8 16 32 64 128 256
 529  178  399 0  32 1 9 1 2 4 8 16 32 64 128 256
 530  509  115 0  92 1 9 1 2 4 8 16 32 64 128 256
 531   43  993 0  47 1 9 1 2 4 8 16 32 64 128 256
 532  282  713 0  66 1 9 1 2 4 8 16 32 64 128 256
 533  621  507 0  96 1 9 1 2 4 8 16 32 64 128 256
 534  285   84 0  58 1 9 1 2 4 8 16 32 64 128 256
 535  669  305 0  96 1 9 1 2 4 8 16 32 64 128 256
 536  382  666 0  65 1 9 1 2 4 8 16 32 64 128 256
 537  418  418 0  13 1 9 1 2 4 8 16 32 64 128 256
 538  301  901 0  47 1 9 1 2 4 8 16 32 64 128 256
 539  497   75 0  41 1 9 1 2 4 8 16 32 64 128 256
 540  177  670 0  16 1 9 1 2 4 8 16 32 64 128 256
 541  883  137 0  32 1 9 1 2 4 8 16 32 64 128 256
 542  545  625 0  98 1 9 1 2 4 8 16 32 64 128 256
 543    3  467 0  26 1 9 1 2 4 8 16 32 64 128 256
 544  951  306 0  46 1 9 1 2 4 8 16 32 64 128 256
 545  800  988 0  11 1 9 1 2 4 8 16 32 64 128 256
 546  342  508 0  58 1 9 1 2 4 8 16 32 64 128 256
 547  727  370 0  81 1 9 1 2 4 8 16 32 64 128 256
 548  802  825 0  16 1 9 1 2 4 8 16 32 64 128 256
 549  780  111 0  68 1 9 1 2 4 8 16 32 64 128 256
 550  909  681 0  10 1 9 1 2 4 8 16 32 64 128 256
 551  374  695 0  45 1 9 1 2 4 8 16 32 64 128 256
 552  269  350 0  28 1 9 1 2 4 8 16 32 64 128 256
 553  919  209 0  57 1 9 1 2 4 8 16 32 64 128 256
 554  358  700 0  90 1 9 1 2 4 8 16 32 64 128 256
 555  918  415 0  41 1 9 1 2 4 8 16 32 64 128 256
 556  291  533 0  76 1 9 1 2 4 8 16 32 64 128 256
 557  751  426 0  44 1 9 1 2 4 8 16 32 64 128 256
 558  338  701 0  74 1 9 1 2 4 8 16 32 64 128 256
 559  230  151 0  33 1 9 1 2 4 8 16 32 64 128 256
 560   92  295 0  41 1 9 1 2 4 8 16 32 64 128 256
 561  703  523 0  72 1 9 1 2 4 8 16 32 64 128 256
 562    2  937 0  29 1 9 1 2 4 8 16 32 64 128 256
 563  185  980 0  96 1 9 1 2 4 8 16 32 64 128 256
 564  192  120 0  71 1 9 1 2 4 8 16 32 64 128 256
 565  252   69 0  74 1 9 1 2 4 8 16 32 64 128 256
 566  106  366 0  96 1 9 1 2 4 8 16 32 64 128 256
 567  371   43 0  35 1 9 1 2 4 8 16 32 64 128 256
 568  865  757 0  70 1 9 1 2 4 8 16 32 64 128 256
 569   59  269 0  83 1 9 1 2 4 8 16 32 64 128 256
 570  187   40 0  38 1 9 1 2 4 8 16 32 64 128 256
 571  274  880 0  31 1 9 1 2 4 8 16 32 64 128 256
 572  708  800 0  21 1 9 1 2 4 8 16 32 64 128 256
 573  939  207 0  56 1 9 1 2 4 8 16 32 64 128 256
 574  706  878 0  28 1 9 1 2 4 8 16 32 64 128 256
 575  391  556 0  83 1 9 1 2 4 8 16 32 64 128 256
 576   49  333 0  40 1 9 1 2 4 8 16 32 64 128 256
 577  537  381 0  20 1 9 1 2 4 8 16 32 64 128 256
 578  555  691 0  87 1 9 1 2 4 8 16 32 64 128 256
 579  698  594 0  96 1 9 1 2 4 8 16 32 64 128 256
 580  949  445 0  38 1 9 1 2 4 8 16 32 64 128 256
 581  806  540 0  12 1 9 1 2 4 8 16 32 64 128 256
 582  521  301 0  50 1 9 1 2 4 8 16 32 64 128 256
 583  773  631 0  21 1 9 1 2 4 8 16 32 64 128 256
 584  544  968 0  32 1 9 1 2 4 8 16 32 64 128 256
 585  178  670 0  86 1 9 1 2 4 8 16 32 64 128 256
 586  428  338 0  16 1 9 1 2 4 8 16 32 64 128 256
 587  755  562 0  50 1 9 1 2 4 8 16 32 64 128 256
 588  293  247 0  91 1 9 1 2 4 8 16 32 64 128 256
 589  742   49 0  66 1 9 1 2 4 8 16 32 64 128 256
 590  725   75 0  98 1 9 1 2 4 8 16 32 64 128 256
 591  828  647 0  18 1 9 1 2 4 8 16 32 64 128 256
 592  829  318 0  15 1 9 1 2 4 8 16 32 64 128 256
 593  405  623 0  35 1 9 1 2 4 8 16 32 64 128 256
 594  739  621 0  43 1 9 1 2 4 8 16 32 64 128 256
 595  880  217 0  38 1 9 1 2 4 8 16 32 64 128 256
 596  591  255 0  49 1 9 1 2 4 8 16 32 64 128 256
 597  816  977 0  80 1 9 1 2 4 8 16 32 64 128 256
 598  948  824 0  99 1 9 1 2 4 8 16 32 64 128 256
 599  360  962 0  50 1 9 1 2 4 8 16 32 64 128 256
 600  196  139 0  18 1 9 1 2 4 8 16 32 64 128 256
 601  166  826 0  26 1 9 1 2 4 8 16 32 64 128 256
 602  549  622 0  10 1 9 1 2 4 8 16 32 64 128 256
 603  931   12 0  19 1 9 1 2 4 8 16 32 64 128 256
 604  821  807 0  76 1 9 1 2 4 8 16 32 64 128 256
 605  377  225 0  76 1 9 1 2 4 8 16 32 64 128 256
 606  891  229 0  83 1 9 1 2 4 8 16 32 64 128 256
 607  608  594 0  53 1 9 1 2 4 8 16 32 64 128 256
 608   79  900 0  49 1 9 1 2 4 8 16 32 64 128 256
 609  102  981 0  70 1 9 1 2 4 8 16 32 64 128 256
 610  148    2 0  88 1 9 1 2 4 8 16 32 64 128 256
 611  747  389 0   8 1 9 1 2 4 8 16 32 64 128 256
 612  493  806 0  80 1 9 1 2 4 8 16 32 64 128 256
 613  538  151 0  24 1 9 1 2 4 8 16 32 64 128 256
 614  515  697 0  81 1 9 1 2 4 8 16 32 64 128 256
 615  183   21 0  75 1 9 1 2 4 8 16 32 64 128 256
 616  318  637 0  71 1 9 1 2 4 8 16 32 64 128 256
 617  376  836 0  37 1 9 1 2 4 8 16 32 64 128 256
 618  536  600 0  10 1 9 1 2 4 8 16 32 64 128 256
 619  508  286 0  59 1 9 1 2 4 8 16 32 64 128 256
 620  256  575 0   4 1 9 1 2 4 8 16 32 64 128 256
 621  537  619 0  26 1 9 1 2 4 8 16 32 64 128 256
 622   68  735 0   7 1 9 1 2 4 8 16 32 64 128 256
 623  186  334 0  71 1 9 1 2 4 8 16 32 64 128 256
 624  404  562 0  91 1 9 1 2 4 8 16 32 64 128 256
 625  399  644 0  27 1 9 1 2 4 8 16 32 64 128 256
 626  793  503 0  29 1 9 1 2 4 8 16 32 64 128 256
 627  108  991 0  68 1 9 1 2 4 8 16 32 64 128 256
 628  414  663 0  61 1 9 1 2 4 8 16 32 64 128 256
 629  170  308 0  33 1 9 1 2 4 8 16 32 64 128 256
 630  710  919 0   8 1 9 1 2 4 8 16 32 64 128 256
 631  422  652 0  39 1 9 1 2 4 8 16 32 64 128 256
 632  591  212 0  52 1 9 1 2 4 8 16 32 64 128 256
 633  144   97 0  17 1 9 1 2 4 8 16 32 64 128 256
 634  106  260 0  32 1 9 1 2 4 8 16 32 64 128 256
 635  160  886 0  86 1 9 1 2 4 8 16 32 64 128 256
 636  308  375 0  76 1 9 1 2 4 8 16 32 64 128 256
 637  719  778 0  35 1 9 1 2 4 8 16 32 64 128 256
 638  828  555 0  35 1 9 1 2 4 8 16 32 64 128 256
 639  699   68 0  41 1 9 1 2 4 8 16 32 64 128 256
 640  164  593 0   1 1 9 1 2 4 8 16 32 64 128 256
 641  263  771 0  18 1 9 1 2 4 8 16 32 64 128 256
 642  466  663 0  26 1 9 1 2 4 8 16 32 64 128 256
 643  963  535 0  88 1 9 1 2 4 8 16 32 64 128 256
 644  225  965 0  53 1 9 1 2 4 8 16 32 64 128 256
 645  988   60 0  88 1 9 1 2 4 8 16 32 64 128 256
 646  384  725 0  12 1 9 1 2 4 8 16 32 64 128 256
 647  132  971 0  58 1 9 1 2 4 8 16 32 64 128 256
 648  850  655 0  24 1 9 1 2 4 8 16 32 64 128 256
 649  122  243 0 100 1 9 1 2 4 8 16 32 64 128 256
 650  689  560 0  95 1 9 1 2 4 8 16 32 64 128 256
 651  968  142 0  46 1 9 1 2 4 8 16 32 64 128 256
 652    1  868 0  62 1 9 1 2 4 8 16 32 64 128 256
 653  614  875 0  39 1 9 1 2 4 8 16 32 64 128 256
 654  759  548 0  28 1 9 1 2 4 8 16 32 64 128 256
 655  889  145 0  26 1 9 1 2 4 8 16 32 64 128 256
 656   97  881 0  13 1 9 1 2 4 8 16 32 64 128 256
 657   40  498 0  13 1 9 1 2 4 8 16 32 64 128 256
 658   26  430 0  74 1 9 1 2 4 8 16 32 64 128 256
 659  441  193 0   1 1 9 1 2 4 8 16 32 64 128 256
 660  969   42 0  37 1 9 1 2 4 8 16 32 64 128 256
 661  645  451 0 100 1 9 1 2 4 8 16 32 64 128 256
 662  392  397 0  82 1 9 1 2 4 8 16 32 64 128 256
 663  813  310 0  95 1 9 1 2 4 8 16 32 64 128 256
 664   85  713 0   8 1 9 1 2 4 8 16 32 64 128 256
 665  858  969 0  13 1 9 1 2 4 8 16 32 64 128 256
 666  317   32 0  55 1 9 1 2 4 8 16 32 64 128 256
 667  508  106 0  66 1 9 1 2 4 8 16 32 64 128 256
 668  444  511 0  77 1 9 1 2 4 8 16 32 64 128 256
 669  948  128 0  96 1 9 1 2 4 8 16 32 64 128 256
 670  864  879 0  33 1 9 1 2 4 8 16 32 64 128 256
 671  507  108 0  60 1 9 1 2 4 8 16 32 64 128 256
 672  768  145 0  14 1 9 1 2 4 8 16 32 64 128 256
 673  864  424 0  46 1 9 1 2 4 8 16 32 64 128 256
 674   78  394 0  51 1 9 1 2 4 8 16 32 64 128 256
 675  999  511 0   5 1 9 1 2 4 8 16 32 64 128 256
 676  262  444 0  83 1 9 1 2 4 8 16 32 64 128 256
 677  149  374 0  43 1 9 1 2 4 8 16 32 64 128 256
 678  132  482 0  57 1 9 1 2 4 8 16 32 64 128 256
 679  229  360 0  67 1 9 1 2 4 8 16 32 64 128 256
 680  886  632 0  83 1 9 1 2 4 8 16 32 64 128 256
 681   35  248 0  30 1 9 1 2 4 8 16 32 64 128 256
 682  864  379 0  21 1 9 1 2 4 8 16 32 64 128 256
 683  521  474 0  36 1 9 1 2 4 8 16 32 64 128 256
 684   24  256 0  21 1 9 1 2 4 8 16 32 64 128 256
 685  879  971 0  74 1 9 1 2 4 8 16 32 64 128 256
 686  695  519 0  39 1 9 1 2 4 8 16 32 64 128 256
 687  351  307 0  80 1 9 1 2 4 8 16 32 64 128 256
 688  493  291 0  48 1 9 1 2 4 8 16 32 64 128 256
 689  435  988 0  70 1 9 1 2 4 8 16 32 64 128 256
 690  623  678 0  75 1 9 1 2 4 8 16 32 64 128 256
 691  235  674 0  89 1 9 1 2 4 8 16 32 64 128 256
 692  401  197 0  60 1 9 1 2 4 8 16 32 64 128 256
 693  177  288 0  25 1 9 1 2 4 8 16 32 64 128 256
 694  704  650 0   2 1 9 1 2 4 8 16 32 64 128 256
 695  260  892 0  24 1 9 1 2 4 8 16 32 64 128 256
 696  680   55 0  28 1 9 1 2 4 8 16 32 64 128 256
 697  114  198 0 100 1 9 1 2 4 8 16 32 64 128 256
 698  846  844 0  45 1 9 1 2 4 8 16 32 64 128 256
 699  524  320 0  13 1 9 1 2 4 8 16 32 64 128 256
 700  733  361 0  43 1 9 1 2 4 8 16 32 64 128 256
 701    9  377 0  66 1 9 1 2 4 8 16 32 64 128 256
 702  231  979 0  12 1 9 1 2 4 8 16 32 64 128 256
 703  210  935 0  61 1 9 1 2 4 8 16 32 64 128 256
 704  808  820 0  42 1 9 1 2 4 8 16 32 64 128 256
 705  374  972 0  43 1 9 1 2 4 8 16 32 64 128 256
 706  890  698 0  51 1 9 1 2 4 8 16 32 64 128 256
 707  877  845 0  71 1 9 1 2 4 8 16 32 64 128 256
 708  380  349 0   4 1 9 1 2 4 8 16 32 64 128 256
 709  430  800 0  20 1 9 1 2 4 8 16 32 64 128 256
 710  917  201 0  16 1 9 1 2 4 8 16 32 64 128 256
 711  653   93 0  52 1 9 1 2 4 8 16 32 64 128 256
 712   24  887 0  53 1 9 1 2 4 8 16 32 64 128 256
 713  746  596 0  32 1 9 1 2 4 8 16 32 64 128 256
 714  377  505 0   5 1 9 1 2 4 8 16 32 64 128 256
 715  289   79 0   8 1 9 1 2 4 8 16 32 64 128 256
 716  718  778 0  67 1 9 1 2 4 8 16 32 64 128 256
 717  614   85 0  24 1 9 1 2 4 8 16 32 64 128 256
 718  567  242 0  52 1 9 1 2 4 8 16 32 64 128 256
 719   92  802 0  60 1 9 1 2 4 8 16 32 64 128 256
 720  186  771 0   9 1 9 1 2 4 8 16 32 64 128 256
 721  479   90 0  31 1 9 1 2 4 8 16 32 64 128 256
 722  650  484 0  12 1 9 1 2 4 8 16 32 64 128 256
 723  881  569 0  18 1 9 1 2 4 8 16 32 64 128 256
 724  237   35 0  96 1 9 1 2 4 8 16 32 64 128 256
 725  901   63 0  20 1 9 1 2 4 8 16 32 64 128 256
 726  255  741 0  30 1 9 1 2 4 8 16 32 64 128 256
 727  148   73 0  50 1 9 1 2 4 8 16 32 64 128 256
 728  987  172 0  28 1 9 1 2 4 8 16 32 64 128 256
 729  719  121 0  38 1 9 1 2 4 8 16 32 64 128 256
 730  298  232 0  80 1 9 1 2 4 8 16 32 64 128 256
 731  417  151 0  20 1 9 1 2 4 8 16 32 64 128 256
 732  562  893 0  42 1 9 1 2 4 8 16 32 64 128 256
 733  808  849 0  37 1 9 1 2 4 8 16 32 64 128 256
 734  579  399 0  30 1 9 1 2 4 8 16 32 64 128 256
 735  180   17 0  87 1 9 1 2 4 8 16 32 64 128 256
 736   46  852 0  79 1 9 1 2 4 8 16 32 64 128 256
 737  313  584 0  69 1 9 1 2 4 8 16 32 64 128 256
 738  138  333 0  55 1 9 1 2 4 8 16 32 64 128 256
 739   37  836 0  43 1 9 1 2 4 8 16 32 64 128 256
 740  832  782 0  30 1 9 1 2 4 8 16 32 64 128 256
 741  173  411 0  48 1 9 1 2 4 8 16 32 64 128 256
 742  994  441 0  58 1 9 1 2 4 8 16 32 64 128 256
 743  999  291 0  54 1 9 1 2 4 8 16 32 64 128 256
 744  803  302 0  36 1 9 1 2 4 8 16 32 64 128 256
 745   97   66 0  28 1 9 1 2 4 8 16 32 64 128 256
 746  728  255 0  28 1 9 1 2 4 8 16 32 64 128 256
 747  539  669 0   6 1 9 1 2 4 8 16 32 64 128 256
 748  234  150 0  49 1 9 1 2 4 8 16 32 64 128 256
 749  620  581 0  40 1 9 1 2 4 8 16 32 64 128 256
 750  956  647 0  91 1 9 1 2 4 8 16 32 64 128 256
 751  234  382 0   2 1 9 1 2 4 8 16 32 64 128 256
 752  913  176 0  92 1 9 1 2 4 8 16 32 64 128 256
 753  729  299 0  25 1 9 1 2 4 8 16 32 64 128 256
 754  741   88 0  37 1 9 1 2 4 8 16 32 64 128 256
 755  797  819 0  11 1 9 1 2 4 8 16 32 64 128 256
 756  760  556 0  24 1 9 1 2 4 8 16 32 64 128 256
 757  919  975 0  24 1 9 1 2 4 8 16 32 64 128 256
 758  115  843 0  75 1 9 1 2 4 8 16 32 64 128 256
 759   10  427 0  80 1 9 1 2 4 8 16 32 64 128 256
 760  469  453 0  30 1 9 1 2 4 8 16 32 64 128 256
 761  808  413 0  31 1 9 1 2 4 8 16 32 64 128 256
 762  662  332 0  41 1 9 1 2 4 8 16 32 64 128 256
 763   31  753 0  62 1 9 1 2 4 8 16 32 64 128 256
 764  707  255 0  45 1 9 1 2 4 8 16 32 64 128 256
 765  196  125 0  16 1 9 1 2 4 8 16 32 64 128 256
 766  175  993 0   5 1 9 1 2 4 8 16 32 64 128 256
 767  599  483 0  17 1 9 1 2 4 8 16 32 64 128 256
 768  283  457 0  53 1 9 1 2 4 8 16 32 64 128 256
 769  319  165 0  10 1 9 1 2 4 8 16 32 64 128 256
 770  590   79 0  43 1 9 1 2 4 8 16 32 64 128 256
 771  262  144 0  91 1 9 1 2 4 8 16 32 64 128 256
 772  582  146 0  21 1 9 1 2 4 8 16 32 64 128 256
 773  392  562 0  12 1 9 1 2 4 8 16 32 64 128 256
 774  492  617 0  97 1 9 1 2 4 8 16 32 64 128 256
 775  504  251 0  99 1 9 1 2 4 8 16 32 64 128 256
 776  372  975 0  25 1 9 1 2 4 8 16 32 64 128 256
 777  273   86 0  49 1 9 1 2 4 8 16 32 64 128 256
 778  941   75 0  69 1 9 1 2 4 8 16 32 64 128 256
 779  459  184 0  30 1 9 1 2 4 8 16 32 64 128 256
 780  267  973 0  39 1 9 1 2 4 8 16 32 64 128 256
 781  825  887 0  19 1 9 1 2 4 8 16 32 64 128 256
 782  543  492 0  35 1 9 1 2 4 8 16 32 64 128 256
 783  766  599 0  95 1 9 1 2 4 8 16 32 64 128 256
 784  139  328 0  80 1 9 1 2 4 8 16 32 64 128 256
 785  501  851 0   1 1 9 1 2 4 8 16 32 64 128 256
 786  725   26 0  97 1 9 1 2 4 8 16 32 64 128 256
 787  345  485 0  99 1 9 1 2 4 8 16 32 64 128 256
 788  898  338 0  67 1 9 1 2 4 8 16 32 64 128 256
 789  358  244 0  15 1 9 1 2 4 8 16 32 64 128 256
 790  129  392 0  50 1 9 1 2 4 8 16 32 64 128 256
 791  871  306 0  34 1 9 1 2 4 8 16 32 64 128 256
 792    7  381 0  27 1 9 1 2 4 8 16 32 64 128 256
 793  781  147 0  90 1 9 1 2 4 8 16 32 64 128 256
 794  650  249 0  70 1 9 1 2 4 8 16 32 64 128 256
 795  436  238 0  23 1 9 1 2 4 8 16 32 64 128 256
 796  561  823 0  50 1 9 1 2 4 8 16 32 64 128 256
 797  775  479 0  83 1 9 1 2 4 8 16 32 64 128 256
 798  872  933 0  58 1 9 1 2 4 8 16 32 64 128 256
 799  912  363 0  42 1 9 1 2 4 8 16 32 64 128 256
 800  845  525 0  86 1 9 1 2 4 8 16 32 64 128 256
 801  170  450 0  62 1 9 1 2 4 8 16 32 64 128 256
 802  118  858 0  32 1 9 1 2 4 8 16 32 64 128 256
 803   70  692 0  43 1 9 1 2 4 8 16 32 64 128 256
 804  384  525 0  81 1 9 1 2 4 8 16 32 64 128 256
 805  626  553 0  65 1 9 1 2 4 8 16 32 64 128 256
 806  764   35 0  38 1 9 1 2 4 8 16 32 64 128 256
 807   22  745 0  89 1 9 1 2 4 8 16 32 64 128 256
 808  319  195 0  27 1 9 1 2 4 8 16 32 64 128 256
 809  534  253 0  90 1 9 1 2 4 8 16 32 64 128 256
 810  573  240 0  91 1 9 1 2 4 8 16 32 64 128 256
 811  132  713 0  15 1 9 1 2 4 8 16 32 64 128 256
 812  953  661 0  95 1 9 1 2 4 8 16 32 64 128 256
 813  820  971 0  78 1 9 1 2 4 8 16 32 64 128 256
 814  374  627 0  38 1 9 1 2 4 8 16 32 64 128 256
 815  322  534 0  68 1 9 1 2 4 8 16 32 64 128 256
 816  268  578 0  43 1 9 1 2 4 8 16 32 64 128 256
 817  537  685 0  88 1 9 1 2 4 8 16 32 64 128 256
 818  460  167 0  92 1 9 1 2 4 8 16 32 64 128 256
 819  406  576 0  25 1 9 1 2 4 8 16 32 64 128 256
 820  508  388 0  26 1 9 1 2 4 8 16 32 64 128 256
 821  515  533 0  69 1 9 1 2 4 8 16 32 64 128 256
 822  252   96 0  66 1 9 1 2 4 8 16 32 64 128 256
 823  435  579 0  21 1 9 1 2 4 8 16 32 64 128 256
 824  921  975 0  48 1 9 1 2 4 8 16 32 64 128 256
 825  196  199 0  27 1 9 1 2 4 8 16 32 64 128 256
 826  266  978 0  77 1 9 1 2 4 8 16 32 64 128 256
 827  609   54 0  78 1 9 1 2 4 8 16 32 64 128 256
 828  221  956 0  46 1 9 1 2 4 8 16 32 64 128 256
 829  116  814 0  69 1 9 1 2 4 8 16 32 64 128 256
 830  950  865 0  46 1 9 1 2 4 8 16 32 64 128 256
 831  530  752 0  30 1 9 1 2 4 8 16 32 64 128 256
 832  239  170 0  91 1 9 1 2 4 8 16 32 64 128 256
 833  153  922 0  74 1 9 1 2 4 8 16 32 64 128 256
 834  321  789 0  12 1 9 1 2 4 8 16 32 64 128 256
 835  461  615 0  54 1 9 1 2 4 8 16 32 64 128 256
 836  733  787 0  28 1 9 1 2 4 8 16 32 64 128 256
 837  597  751 0  65 1 9 1 2 4 8 16 32 64 128 256
 838  290  818 0  74 1 9 1 2 4 8 16 32 64 128 256
 839  710  508 0  38 1 9 1 2 4 8 16 32 64 128 256
 840  343  232 0  73 1 9 1 2 4 8 16 32 64 128 256
 841  589  577 0   7 1 9 1 2 4 8 16 32 64 128 256
 842  626  182 0  37 1 9 1 2 4 8 16 32 64 128 256
 843  942  251 0   6 1 9 1 2 4 8 16 32 64 128 256
 844   40  883 0  20 1 9 1 2 4 8 16 32 64 128 256
 845  378  571 0  41 1 9 1 2 4 8 16 32 64 128 256
 846  609  723 0   4 1 9 1 2 4 8 16 32 64 128 256
 847  392  292 0   8 1 9 1 2 4 8 16 32 64 128 256
 848   19  571 0  28 1 9 1 2 4 8 16 32 64 128 256
 849  487  437 0   6 1 9 1 2 4 8 16 32 64 128 256
 850   74  779 0  56 1 9 1 2 4 8 16 32 64 128 256
 851  977  114 0  24 1 9 1 2 4 8 16 32 64 128 256
 852  711  644 0  91 1 9 1 2 4 8 16 32 64 128 256
 853  112  172 0  19 1 9 1 2 4 8 16 32 64 128 256
 854  843  474 0  37 1 9 1 2 4 8 16 32 64 128 256
 855  186  341 0  88 1 9 1 2 4 8 16 32 64 128 256
 856  669  818 0  44 1 9 1 2 4 8 16 32 64 128 256
 857  131  966 0  37 1 9 1 2 4 8 16 32 64 128 256
 858   77  118 0  50 1 9 1 2 4 8 16 32 64 128 256
 859   37    5 0  76 1 9 1 2 4 8 16 32 64 128 256
 860  457  616 0  61 1 9 1 2 4 8 16 32 64 128 256
 861  603  642 0 100 1 9 1 2 4 8 16 32 64 128 256
 862  625  228 0   1 1 9 1 2 4 8 16 32 64 128 256
 863  392  651 0   3 1 9 1 2 4 8 16 32 64 128 256
 864  569  679 0  61 1 9 1 2 4 8 16 32 64 128 256
 865  323  481 0  23 1 9 1 2 4 8 16 32 64 128 256
 866  902  133 0  30 1 9 1 2 4 8 16 32 64 128 256
 867  589  443 0  18 1 9 1 2 4 8 16 32 64 128 256
 868  255  312 0  88 1 9 1 2 4 8 16 32 64 128 256
 869   16  410 0  18 1 9 1 2 4 8 16 32 64 128 256
 870  219  975 0  61 1 9 1 2 4 8 16 32 64 128 256
 871   65  275 0  87 1 9 1 2 4 8 16 32 64 128 256
 872  717  675 0  22 1 9 1 2 4 8 16 32 64 128 256
 873  371  754 0  86 1 9 1 2 4 8 16 32 64 128 256
 874  226  296 0  18 1 9 1 2 4 8 16 32 64 128 256
 875  880  757 0  86 1 9 1 2 4 8 16 32 64 128 256
 876  716  378 0   4 1 9 1 2 4 8 16 32 64 128 256
 877   45  618 0  74 1 9 1 2 4 8 16 32 64 128 256
 878  229  805 0  90 1 9 1 2 4 8 16 32 64 128 256
 879  617  262 0  70 1 9 1 2 4 8 16 32 64 128 256
 880  606  221 0  99 1 9 1 2 4 8 16 32 64 128 256
 881  106  473 0  99 1 9 1 2 4 8 16 32 64 128 256
 882  745  586 0  50 1 9 1 2 4 8 16 32 64 128 256
 883  951  293 0  47 1 9 1 2 4 8 16 32 64 128 256
 884  508   41 0  76 1 9 1 2 4 8 16 32 64 128 256
 885  557  508 0  14 1 9 1 2 4 8 16 32 64 128 256
 886  340  142 0  50 1 9 1 2 4 8 16 32 64 128 256
 887  470  505 0  88 1 9 1 2 4 8 16 32 64 128 256
 888   39  703 0  80 1 9 1 2 4 8 16 32 64 128 256
 889  730  768 0  49 1 9 1 2 4 8 16 32 64 128 256
 890 1000  373 0  46 1 9 1 2 4 8 16 32 64 128 256
 891  329  541 0  16 1 9 1 2 4 8 16 32 64 128 256
 892  404  504 0   6 1 9 1 2 4 8 16 32 64 128 256
 893  354  539 0  51 1 9 1 2 4 8 16 32 64 128 256
 894  899  334 0  42 1 9 1 2 4 8 16 32 64 128 256
 895  383  200 0  50 1 9 1 2 4 8 16 32 64 128 256
 896  420  282 0  73 1 9 1 2 4 8 16 32 64 128 256
 897  268  780 0   2 1 9 1 2 4 8 16 32 64 128 256
 898   41  775 0  60 1 9 1 2 4 8 16 32 64 128 256
 899  658  733 0  59 1 9 1 2 4 8 16 32 64 128 256
 900  145  177 0  81 1 9 1 2 4 8 16 32 64 128 256
 901   58  897 0  28 1 9 1 2 4 8 16 32 64 128 256
 902   51  987 0   8 1 9 1 2 4 8 16 32 64 128 256
 903   10  681 0  10 1 9 1 2 4 8 16 32 64 128 256
 904  989  956 0  88 1 9 1 2 4 8 16 32 64 128 256
 905  587  866 0  48 1 9 1 2 4 8 16 32 64 128 256
 906  898  815 0  97 1 9 1 2 4 8 16 32 64 128 256
 907  288  400 0  35 1 9 1 2 4 8 16 32 64 128 256
 908   65  270 0  35 1 9 1 2 4 8 16 32 64 128 256
 909  468  535 0  92 1 9 1 2 4 8 16 32 64 128 256
 910   11  922 0  14 1 9 1 2 4 8 16 32 64 128 256
 911  174  603 0  75 1 9 1 2 4 8 16 32 64 128 256
 912  631  528 0  52 1 9 1 2 4 8 16 32 64 128 256
 913  380  706 0  34 1 9 1 2 4 8 16 32 64 128 256
 914  958  127 0  86 1 9 1 2 4 8 16 32 64 128 256
 915  496  559 0  89 1 9 1 2 4 8 16 32 64 128 256
 916   31  524 0  53 1 9 1 2 4 8 16 32 64 128 256
 917  769  383 0  87 1 9 1 2 4 8 16 32 64 128 256
 918  763  689 0  34 1 9 1 2 4 8 16 32 64 128 256
 919  101  152 0  70 1 9 1 2 4 8 16 32 64 128 256
 920  855  338 0  26 1 9 1 2 4 8 16 32 64 128 256
 921  876    5 0  76 1 9 1 2 4 8 16 32 64 128 256
 922  933  506 0  95 1 9 1 2 4 8 16 32 64 128 256
 923  913  769 0  61 1 9 1 2 4 8 16 32 64 128 256
 924  389   32 0  33 1 9 1 2 4 8 16 32 64 128 256
 925  474  570 0  33 1 9 1 2 4 8 16 32 64 128 256
 926  660  381 0   2 1 9 1 2 4 8 16 32 64 128 256
 927  850  751 0 100 1 9 1 2 4 8 16 32 64 128 256
 928   81  975 0  68 1 9 1 2 4 8 16 32 64 128 256
 929  829  700 0   6 1 9 1 2 4 8 16 32 64 128 256
 930  536  577 0  32 1 9 1 2 4 8 16 32 64 128 256
 931  185  413 0  13 1 9 1 2 4 8 16 32 64 128 256
 932  948  928 0  24 1 9 1 2 4 8 16 32 64 128 256
 933  846  391 0  33 1 9 1 2 4 8 16 32 64 128 256
 934  289  410 0  87 1 9 1 2 4 8 16 32 64 128 256
 935  123  446 0   1 1 9 1 2 4 8 16 32 64 128 256
 936  567  782 0  63 1 9 1 2 4 8 16 32 64 128 256
 937  366   28 0  43 1 9 1 2 4 8 16 32 64 128 256
 938  213   87 0  37 1 9 1 2 4 8 16 32 64 128 256
 939  331   40 0   5 1 9 1 2 4 8 16 32 64 128 256
 940  657   45 0  95 1 9 1 2 4 8 16 32 64 128 256
 941  453  181 0   5 1 9 1 2 4 8 16 32 64 128 256
 942  852  976 0  21 1 9 1 2 4 8 16 32 64 128 256
 943  389  218 0  34 1 9 1 2 4 8 16 32 64 128 256
 944   98  468 0  85 1 9 1 2 4 8 16 32 64 128 256
 945  786  734 0  61 1 9 1 2 4 8 16 32 64 128 256
 946  952  429 0   8 1 9 1 2 4 8 16 32 64 128 256
 947  723  763 0  36 1 9 1 2 4 8 16 32 64 128 256
 948  475  454 0  40 1 9 1 2 4 8 16 32 64 128 256
 949  776  233 0  27 1 9 1 2 4 8 16 32 64 128 256
 950  637   68 0  88 1 9 1 2 4 8 16 32 64 128 256
 951  297  811 0  52 1 9 1 2 4 8 16 32 64 128 256
 952  637  751 0  37 1 9 1 2 4 8 16 32 64 128 256
 953  355  551 0  12 1 9 1 2 4 8 16 32 64 128 256
 954  971  436 0  38 1 9 1 2 4 8 16 32 64 128 256
 955  455  649 0  27 1 9 1 2 4 8 16 32 64 128 256
 956  318  137 0  99 1 9 1 2 4 8 16 32 64 128 256
 957  648  413 0  27 1 9 1 2 4 8 16 32 64 128 256
 958  593  229 0  42 1 9 1 2 4 8 16 32 64 128 256
 959   26    8 0  12 1 9 1 2 4 8 16 32 64 128 256
 960  284  160 0  96 1 9 1 2 4 8 16 32 64 128 256
 961  553  938 0  60 1 9 1 2 4 8 16 32 64 128 256
 962  126  446 0  21 1 9 1 2 4 8 16 32 64 128 256
 963  979  937 0  18 1 9 1 2 4 8 16 32 64 128 256
 964  811  392 0  90 1 9 1 2 4 8 16 32 64 128 256
 965   29  627 0   5 1 9 1 2 4 8 16 32 64 128 256
 966  215  844 0  29 1 9 1 2 4 8 16 32 64 128 256
 967  371  719 0  41 1 9 1 2 4 8 16 32 64 128 256
 968  208  744 0  76 1 9 1 2 4 8 16 32 64 128 256
 969  523   70 0  72 1 9 1 2 4 8 16 32 64 128 256
 970  286  798 0  80 1 9 1 2 4 8 16 32 64 128 256
 971  221  388 0  51 1 9 1 2 4 8 16 32 64 128 256
 972  187  176 0  68 1 9 1 2 4 8 16 32 64 128 256
 973  170  172 0  99 1 9 1 2 4 8 16 32 64 128 256
 974  387  364 0  36 1 9 1 2 4 8 16 32 64 128 256
 975  552  434 0  21 1 9 1 2 4 8 16 32 64 128 256
 976  173  842 0  23 1 9 1 2 4 8 16 32 64 128 256
 977  297  670 0  53 1 9 1 2 4 8 16 32 64 128 256
 978   39 1000 0  24 1 9 1 2 4 8 16 32 64 128 256
 979  875  407 0  70 1 9 1 2 4 8 16 32 64 128 256
 980  921   46 0  38 1 9 1 2 4 8 16 32 64 128 256
 981  884  599 0  28 1 9 1 2 4 8 16 32 64 128 256
 982  697  189 0  51 1 9 1 2 4 8 16 32 64 128 256
 983  573  661 0  39 1 9 1 2 4 8 16 32 64 128 256
 984  975   88 0  55 1 9 1 2 4 8 16 32 64 128 256
 985  389  642 0  44 1 9 1 2 4 8 16 32 64 128 256
 986  310  350 0  58 1 9 1 2 4 8 16 32 64 128 256
 987  915  739 0  39 1 9 1 2 4 8 16 32 64 128 256
 988  154  740 0  93 1 9 1 2 4 8 16 32 64 128 256
 989  923   48 0   6 1 9 1 2 4 8 16 32 64 128 256
 990  306  923 0  13 1 9 1 2 4 8 16 32 64 128 256
 991  218  465 0  38 1 9 1 2 4 8 16 32 64 128 256
 992  544  718 0  70 1 9 1 2 4 8 16 32 64 128 256
 993   44  306 0  65 1 9 1 2 4 8 16 32 64 128 256
 994  921  277 0  36 1 9 1 2 4 8 16 32 64 128 256
 995  669  547 0  84 1 9 1 2 4 8 16 32 64 128 256
 996  826  281 0  64 1 9 1 2 4 8 16 32 64 128 256
 997   20  693 0  20 1 9 1 2 4 8 16 32 64 128 256
 998  884  137 0  12 1 9 1 2 4 8 16 32 64 128 256
 999  771  477 0   6 1 9 1 2 4 8 16 32 64 128 256
1000  309  488 0  47 1 9 1 2 4 8 16 32 64 128 256
1001  496  500 0  14 1 9 1 2 4 8 16 32 64 128 256
1002  841  650 0  86 1 9 1 2 4 8 16 32 64 128 256
1003  656  852 0  45 1 9 1 2 4 8 16 32 64 128 256
1004  792  415 0  10 1 9 1 2 4 8 16 32 64 128 256
1005  684  335 0  81 1 9 1 2 4 8 16 32 64 128 256
1006  766  442 0  83 1 9 1 2 4 8 16 32 64 128 256
1007  143  724 0  45 1 9 1 2 4 8 16 32 64 128 256
1008  994  284 0  13 1 9 1 2 4 8 16 32 64 128 256
1009  732  857 0  72 1 9 1 2 4 8 16 32 64 128 256
1010  377  789 0  85 1 9 1 2 4 8 16 32 64 128 256
1011  144  400 0  43 1 9 1 2 4 8 16 32 64 128 256
1012  810  757 0  44 1 9 1 2 4 8 16 32 64 128 256
1013  668  895 0  94 1 9 1 2 4 8 16 32 64 128 256
1014  761  996 0  61 1 9 1 2 4 8 16 32 64 128 256
1015  394  554 0  11 1 9 1 2 4 8 16 32 64 128 256
1016  998  722 0  88 1 9 1 2 4 8 16 32 64 128 256
1017  571  311 0  17 1 9 1 2 4 8 16 32 64 128 256
1018   32  203 0  95 1 9 1 2 4 8 16 32 64 128 256
1019  389  143 0  15 1 9 1 2 4 8 16 32 64 128 256
1020  243  996 0  65 1 9 1 2 4 8 16 32 64 128 256
1021  125  569 0  26 1 9 1 2 4 8 16 32 64 128 256
1022  742  820 0  25 1 9 1 2 4 8 16 32 64 128 256
1023    7  917 0  80 1 9 1 2 4 8 16 32 64 128 256
1024   82  919 0  49 1 9 1 2 4 8 16 32 64 128 256
1025  910  651 0  12 1 9 1 2 4 8 16 32 64 128 256
1026  722   50 0  81 1 9 1 2 4 8 16 32 64 128 256
1027  906  714 0  61 1 9 1 2 4 8 16 32 64 128 256
1028  793  635 0   3 1 9 1 2 4 8 16 32 64 128 256
1029   60  955 0  95 1 9 1 2 4 8 16 32 64 128 256
1030  154  466 0  77 1 9 1 2 4 8 16 32 64 128 256
1031  173  126 0  43 1 9 1 2 4 8 16 32 64 128 256
1032  787  439 0  34 1 9 1 2 4 8 16 32 64 128 256
1033   84  693 0  71 1 9 1 2 4 8 16 32 64 128 256
1034  740  296 0   9 1 9 1 2 4 8 16 32 64 128 256
1035   93  707 0  16 1 9 1 2 4 8 16 32 64 128 256
1036   98  253 0  62 1 9 1 2 4 8 16 32 64 128 256
1037  199  161 0  45 1 9 1 2 4 8 16 32 64 128 256
1038  662  326 0  32 1 9 1 2 4 8 16 32 64 128 256
1039  210  775 0  36 1 9 1 2 4 8 16 32 64 128 256
1040  104  950 0  82 1 9 1 2 4 8 16 32 64 128 256
1041  594  716 0  85 1 9 1 2 4 8 16 32 64 128 256
1042   96  260 0  50 1 9 1 2 4 8 16 32 64 128 256
1043  588  167 0  75 1 9 1 2 4 8 16 32 64 128 256
1044  685  407 0  38 1 9 1 2 4 8 16 32 64 128 256
1045  382  173 0  38 1 9 1 2 4 8 16 32 64 128 256
1046  367  706 0  33 1 9 1 2 4 8 16 32 64 128 256
1047  216  549 0   8 1 9 1 2 4 8 16 32 64 128 256
1048  245  715 0  36 1 9 1 2 4 8 16 32 64 128 256
1049  476 1000 0   6 1 9 1 2 4 8 16 32 64 128 256
1050   71  309 0   1 1 9 1 2 4 8 16 32 64 128 256
1051  948  364 0  81 1 9 1 2 4 8 16 32 64 128 256
1052  709  209 0  33 1 9 1 2 4 8 16 32 64 128 256
1053  124  510 0  30 1 9 1 2 4 8 16 32 64 128 256
1054  874  341 0  65 1 9 1 2 4 8 16 32 64 128 256
1055  158  223 0  96 1 9 1 2 4 8 16 32 64 128 256
1056  261  731 0  83 1 9 1 2 4 8 16 32 64 128 256
1057  487  581 0 100 1 9 1 2 4 8 16 32 64 128 256
1058  744  677 0  84 1 9 1 2 4 8 16 32 64 128 256
1059  184  441 0  62 1 9 1 2 4 8 16 32 64 128 256
1060  801  514 0  86 1 9 1 2 4 8 16 32 64 128 256
1061  693  856 0  15 1 9 1 2 4 8 16 32 64 128 256
1062  983  963 0   5 1 9 1 2 4 8 16 32 64 128 256
1063  865  731 0  87 1 9 1 2 4 8 16 32 64 128 256
1064  921  761 0  39 1 9 1 2 4 8 16 32 64 128 256
1065  187  863 0  80 1 9 1 2 4 8 16 32 64 128 256
1066  135  446 0  68 1 9 1 2 4 8 16 32 64 128 256
1067  489  955 0  33 1 9 1 2 4 8 16 32 64 128 256
1068  526  613 0  53 1 9 1 2 4 8 16 32 64 128 256
1069  838  977 0   3 1 9 1 2 4 8 16 32 64 128 256
1070   26  909 0  54 1 9 1 2 4 8 16 32 64 128 256
1071  952  493 0  97 1 9 1 2 4 8 16 32 64 128 256
1072  128  594 0  52 1 9 1 2 4 8 16 32 64 128 256
1073  502  870 0  91 1 9 1 2 4 8 16 32 64 128 256
1074   85  691 0  14 1 9 1 2 4 8 16 32 64 128 256
1075  991  967 0  51 1 9 1 2 4 8 16 32 64 128 256
1076  730  696 0  86 1 9 1 2 4 8 16 32 64 128 256
1077  357  944 0  61 1 9 1 2 4 8 16 32 64 128 256
1078   67  245 0  53 1 9 1 2 4 8 16 32 64 128 256
1079  240  193 0  88 1 9 1 2 4 8 16 32 64 128 256
1080  420  179 0  62 1 9 1 2 4 8 16 32 64 128 256
1081  209  912 0 100 1 9 1 2 4 8 16 32 64 128 256
1082  508   83 0  16 1 9 1 2 4 8 16 32 64 128 256
1083    0  572 0  89 1 9 1 2 4 8 16 32 64 128 256
1084  977  505 0  56 1 9 1 2 4 8 16 32 64 128 256
1085  640  251 0  55 1 9 1 2 4 8 16 32 64 128 256
1086  428  732 0  58 1 9 1 2 4 8 16 32 64 128 256
1087  113  657 0  68 1 9 1 2 4 8 16 32 64 128 256
1088  705  515 0  38 1 9 1 2 4 8 16 32 64 128 256
1089  464  372 0  11 1 9 1 2 4 8 16 32 64 128 256
1090  593  893 0  16 1 9 1 2 4 8 16 32 64 128 256
1091  772  755 0  88 1 9 1 2 4 8 16 32 64 128 256
1092   79  622 0  17 1 9 1 2 4 8 16 32 64 128 256
1093  430  900 0  44 1 9 1 2 4 8 16 32 64 128 256
1094  973  511 0   1 1 9 1 2 4 8 16 32 64 128 256
1095  821  871 0  90 1 9 1 2 4 8 16 32 64 128 256
1096  286  134 0  48 1 9 1 2 4 8 16 32 64 128 256
1097  320  867 0  24 1 9 1 2 4 8 16 32 64 128 256
1098  462  434 0   9 1 9 1 2 4 8 16 32 64 128 256
1099   11   54 0  31 1 9 1 2 4 8 16 32 64 128 256
1100  701   17 0  99 1 9 1 2 4 8 16 32 64 128 256
1101  143  428 0  46 1 9 1 2 4 8 16 32 64 128 256
1102  163  586 0  36 1 9 1 2 4 8 16 32 64 128 256
1103  151  435 0  41 1 9 1 2 4 8 16 32 64 128 256
1104  140  576 0   9 1 9 1 2 4 8 16 32 64 128 256
1105  204  595 0  30 1 9 1 2 4 8 16 32 64 128 256
1106  121  519 0  90 1 9 1 2 4 8 16 32 64 128 256
1107  899  466 0  70 1 9 1 2 4 8 16 32 64 128 256
1108  502  558 0  10 1 9 1 2 4 8 16 32 64 128 256
1109  771  114 0  77 1 9 1 2 4 8 16 32 64 128 256
1110  972  393 0  56 1 9 1 2 4 8 16 32 64 128 256
1111  711  551 0  42 1 9 1 2 4 8 16 32 64 128 256
1112  607  946 0   3 1 9 1 2 4 8 16 32 64 128 256
1113  803  911 0  46 1 9 1 2 4 8 16 32 64 128 256
1114  948  287 0   1 1 9 1 2 4 8 16 32 64 128 256
1115  733  181 0  46 1 9 1 2 4 8 16 32 64 128 256
1116  445  594 0 100 1 9 1 2 4 8 16 32 64 128 256
1117  811  551 0  49 1 9 1 2 4 8 16 32 64 128 256
1118  573  521 0  94 1 9 1 2 4 8 16 32 64 128 256
1119  799  125 0  90 1 9 1 2 4 8 16 32 64 128 256
1120  364  218 0  96 1 9 1 2 4 8 16 32 64 128 256
1121  835  685 0  32 1 9 1 2 4 8 16 32 64 128 256
1122  290  880 0   5 1 9 1 2 4 8 16 32 64 128 256
1123  897  283 0  39 1 9 1 2 4 8 16 32 64 128 256
1124  204  115 0  18 1 9 1 2 4 8 16 32 64 128 256
1125   91  657 0  19 1 9 1 2 4 8 16 32 64 128 256
1126  426  887 0  53 1 9 1 2 4 8 16 32 64 128 256
1127  566  834 0  92 1 9 1 2 4 8 16 32 64 128 256
1128  830  362 0  36 1 9 1 2 4 8 16 32 64 128 256
1129  265  970 0  93 1 9 1 2 4 8 16 32 64 128 256
1130    7  260 0  52 1 9 1 2 4 8 16 32 64 128 256
1131  286  397 0  24 1 9 1 2 4 8 16 32 64 128 256
1132  400  842 0  12 1 9 1 2 4 8 16 32 64 128 256
1133  887  331 0  26 1 9 1 2 4 8 16 32 64 128 256
1134  768  433 0   9 1 9 1 2 4 8 16 32 64 128 256
1135  135  417 0  82 1 9 1 2 4 8 16 32 64 128 256
1136  828  586 0  75 1 9 1 2 4 8 16 32 64 128 256
1137  250   10 0  45 1 9 1 2 4 8 16 32 64 128 256
1138  551  561 0  20 1 9 1 2 4 8 16 32 64 128 256
1139  907  844 0  16 1 9 1 2 4 8 16 32 64 128 256
1140  292  139 0  31 1 9 1 2 4 8 16 32 64 128 256
1141  234  576 0  91 1 9 1 2 4 8 16 32 64 128 256
1142  231  335 0  47 1 9 1 2 4 8 16 32 64 128 256
1143  508  743 0  58 1 9 1 2 4 8 16 32 64 128 256
1144  450   43 0  84 1 9 1 2 4 8 16 32 64 128 256
1145  648  981 0  86 1 9 1 2 4 8 16 32 64 128 256
1146  428  891 0  68 1 9 1 2 4 8 16 32 64 128 256
1147  573  414 0  60 1 9 1 2 4 8 16 32 64 128 256
1148  105  513 0  22 1 9 1 2 4 8 16 32 64 128 256
1149  766  123 0  56 1 9 1 2 4 8 16 32 64 128 256
1150  401  379 0  97 1 9 1 2 4 8 16 32 64 128 256
1151  637  966 0  21 1 9 1 2 4 8 16 32 64 128 256
1152  334  483 0  32 1 9 1 2 4 8 16 32 64 128 256
1153  927   49 0  70 1 9 1 2 4 8 16 32 64 128 256
1154  338  274 0  94 1 9 1 2 4 8 16 32 64 128 256
1155  327  571 0  85 1 9 1 2 4 8 16 32 64 128 256
1156  122  957 0   3 1 9 1 2 4 8 16 32 64 128 256
1157  987  405 0  52 1 9 1 2 4 8 16 32 64 128 256
1158  557  955 0  88 1 9 1 2 4 8 16 32 64 128 256
1159  718  820 0  50 1 9 1 2 4 8 16 32 64 128 256
1160  252  213 0  94 1 9 1 2 4 8 16 32 64 128 256
1161  307  309 0  37 1 9 1 2 4 8 16 32 64 128 256
1162  682   17 0  58 1 9 1 2 4 8 16 32 64 128 256
1163  324   37 0  76 1 9 1 2 4 8 16 32 64 128 256
1164  683  801 0  42 1 9 1 2 4 8 16 32 64 128 256
1165  316  957 0  74 1 9 1 2 4 8 16 32 64 128 256
1166  713  889 0   1 1 9 1 2 4 8 16 32 64 128 256
1167  699  861 0  31 1 9 1 2 4 8 16 32 64 128 256
1168  339  861 0  55 1 9 1 2 4 8 16 32 64 128 256
1169  940   98 0  73 1 9 1 2 4 8 16 32 64 128 256
1170  872  411 0  55 1 9 1 2 4 8 16 32 64 128 256
1171  511  114 0  17 1 9 1 2 4 8 16 32 64 128 256
1172  822  597 0  42 1 9 1 2 4 8 16 32 64 128 256
1173  521   40 0  95 1 9 1 2 4 8 16 32 64 128 256
1174  581  590 0  23 1 9 1 2 4 8 16 32 64 128 256
1175  412  678 0  93 1 9 1 2 4 8 16 32 64 128 256
1176  954  207 0  82 1 9 1 2 4 8 16 32 64 128 256
1177  509  318 0  23 1 9 1 2 4 8 16 32 64 128 256
1178  125  480 0  43 1 9 1 2 4 8 16 32 64 128 256
1179  334  699 0  41 1 9 1 2 4 8 16 32 64 128 256
1180  249  331 0  40 1 9 1 2 4 8 16 32 64 128 256
1181  635  275 0  21 1 9 1 2 4 8 16 32 64 128 256
1182  424  452 0  92 1 9 1 2 4 8 16 32 64 128 256
1183   55  474 0  76 1 9 1 2 4 8 16 32 64 128 256
1184  989  925 0  23 1 9 1 2 4 8 16 32 64 128 256
1185  671  380 0  98 1 9 1 2 4 8 16 32 64 128 256
1186  481  837 0  35 1 9 1 2 4 8 16 32 64 128 256
1187  754  928 0  85 1 9 1 2 4 8 16 32 64 128 256
1188  216  193 0  88 1 9 1 2 4 8 16 32 64 128 256
1189  577  450 0   5 1 9 1 2 4 8 16 32 64 128 256
1190  287  145 0  84 1 9 1 2 4 8 16 32 64 128 256
1191  744  453 0  78 1 9 1 2 4 8 16 32 64 128 256
1192  351  766 0  86 1 9 1 2 4 8 16 32 64 128 256
1193  672  971 0  99 1 9 1 2 4 8 16 32 64 128 256
1194  100  279 0  41 1 9 1 2 4 8 16 32 64 128 256
1195   31  554 0  77 1 9 1 2 4 8 16 32 64 128 256
1196  447  694 0  30 1 9 1 2 4 8 16 32 64 128 256
1197  963  984 0  16 1 9 1 2 4 8 16 32 64 128 256
1198  144  219 0  49 1 9 1 2 4 8 16 32 64 128 256
1199   51  901 0  36 1 9 1 2 4 8 16 32 64 128 256
1200  542  204 0  43 1 9 1 2 4 8 16 32 64 128 256
1201  122  614 0  97 1 9 1 2 4 8 16 32 64 128 256
1202  754  450 0  90 1 9 1 2 4 8 16 32 64 128 256
1203  179  362 0  73 1 9 1 2 4 8 16 32 64 128 256
1204  246  998 0  68 1 9 1 2 4 8 16 32 64 128 256
1205   61  170 0  28 1 9 1 2 4 8 16 32 64 128 256
1206  226  238 0  29 1 9 1 2 4 8 16 32 64 128 256
1207  339   49 0  14 1 9 1 2 4 8 16 32 64 128 256
1208  724   96 0  50 1 9 1 2 4 8 16 32 64 128 256
1209  237  372 0  86 1 9 1 2 4 8 16 32 64 128 256
1210  851  288 0   0 0 0
1211  259   34 0   0 0 0
1212  732  530 0   0 0 0
1213  479  987 0   0 0 0
1214  433  694 0   0 0 0
1215  206  863 0   0 0 0
1216  534  768 0   0 0 0
1217  864  780 0   0 0 0
1218  273  734 0   0 0 0
