2 274 1229 4
0 249
0 249
0 249
0 249
   1 641  300 0  67 1 4 1 2 4 8
   2 255  324 0  78 1 4 1 2 4 8
   3 854  219 0  99 1 4 1 2 4 8
   4 858  162 0  71 1 4 1 2 4 8
   5 767  978 0  51 1 4 1 2 4 8
   6 732  743 0  11 1 4 1 2 4 8
   7  27  938 0  66 1 4 1 2 4 8
   8 725  993 0  24 1 4 1 2 4 8
   9 816  992 0  81 1 4 1 2 4 8
  10 850  852 0  12 1 4 1 2 4 8
  11 239  120 0  41 1 4 1 2 4 8
  12 790  739 0  53 1 4 1 2 4 8
  13 347  759 0  69 1 4 1 2 4 8
  14 844  497 0  57 1 4 1 2 4 8
  15  71  267 0  72 1 4 1 2 4 8
  16   7  134 0  73 1 4 1 2 4 8
  17 808  813 0  42 1 4 1 2 4 8
  18 584  750 0  72 1 4 1 2 4 8
  19 987   22 0  13 1 4 1 2 4 8
  20 178  147 0  41 1 4 1 2 4 8
  21 216  872 0  68 1 4 1 2 4 8
  22 706  454 0  65 1 4 1 2 4 8
  23 572  122 0  41 1 4 1 2 4 8
  24 886  703 0   3 1 4 1 2 4 8
  25 754  278 0  25 1 4 1 2 4 8
  26 912  205 0   6 1 4 1 2 4 8
  27 811   21 0  93 1 4 1 2 4 8
  28 636  634 0  23 1 4 1 2 4 8
  29 257  463 0  59 1 4 1 2 4 8
  30 399  609 0  16 1 4 1 2 4 8
  31 509  856 0  35 1 4 1 2 4 8
  32 289  105 0  51 1 4 1 2 4 8
  33  93  544 0   2 1 4 1 2 4 8
  34 721  508 0  13 1 4 1 2 4 8
  35 982  842 0  99 1 4 1 2 4 8
  36 476  327 0   2 1 4 1 2 4 8
  37 825  627 0  65 1 4 1 2 4 8
  38   6  693 0  23 1 4 1 2 4 8
  39 536  869 0  61 1 4 1 2 4 8
  40 422  694 0  70 1 4 1 2 4 8
  41 469   97 0  66 1 4 1 2 4 8
  42 736  344 0  21 1 4 1 2 4 8
  43 344  743 0   7 1 4 1 2 4 8
  44 224  885 0  28 1 4 1 2 4 8
  45 819  474 0   8 1 4 1 2 4 8
  46 825  217 0  30 1 4 1 2 4 8
  47 461  452 0  46 1 4 1 2 4 8
  48 388  991 0  62 1 4 1 2 4 8
  49 331  330 0  10 1 4 1 2 4 8
  50 760  649 0  84 1 4 1 2 4 8
  51 184   51 0   5 1 4 1 2 4 8
  52 311  569 0  13 1 4 1 2 4 8
  53 663  422 0  59 1 4 1 2 4 8
  54 100  312 0  43 1 4 1 2 4 8
  55 723   73 0  84 1 4 1 2 4 8
  56 794  480 0  42 1 4 1 2 4 8
  57 895  832 0  59 1 4 1 2 4 8
  58 380  495 0  18 1 4 1 2 4 8
  59 442  386 0  63 1 4 1 2 4 8
  60 853   36 0  81 1 4 1 2 4 8
  61 532  354 0  36 1 4 1 2 4 8
  62 210   60 0  18 1 4 1 2 4 8
  63 180  197 0  89 1 4 1 2 4 8
  64 386  943 0  29 1 4 1 2 4 8
  65 390  807 0   6 1 4 1 2 4 8
  66 185  731 0  33 1 4 1 2 4 8
  67 614  555 0  74 1 4 1 2 4 8
  68 760  435 0  94 1 4 1 2 4 8
  69 645  825 0  98 1 4 1 2 4 8
  70 887  709 0  62 1 4 1 2 4 8
  71 847  994 0  53 1 4 1 2 4 8
  72 509  889 0  39 1 4 1 2 4 8
  73 428   54 0  70 1 4 1 2 4 8
  74 659  743 0  16 1 4 1 2 4 8
  75 375  698 0   5 1 4 1 2 4 8
  76 469  159 0  84 1 4 1 2 4 8
  77 199  123 0  99 1 4 1 2 4 8
  78 197  182 0  28 1 4 1 2 4 8
  79 680  899 0  77 1 4 1 2 4 8
  80 182  227 0  43 1 4 1 2 4 8
  81 507  322 0  81 1 4 1 2 4 8
  82 781  467 0  26 1 4 1 2 4 8
  83 761  804 0  25 1 4 1 2 4 8
  84 853  210 0  18 1 4 1 2 4 8
  85  10  417 0  12 1 4 1 2 4 8
  86  89  663 0  64 1 4 1 2 4 8
  87 864  781 0  41 1 4 1 2 4 8
  88 528  916 0  45 1 4 1 2 4 8
  89 619  822 0  26 1 4 1 2 4 8
  90 131  892 0  94 1 4 1 2 4 8
  91 536  237 0  98 1 4 1 2 4 8
  92 307  803 0  32 1 4 1 2 4 8
  93 739   45 0  76 1 4 1 2 4 8
  94 186  388 0   4 1 4 1 2 4 8
  95 350  903 0  45 1 4 1 2 4 8
  96 369  354 0  39 1 4 1 2 4 8
  97 279   96 0  37 1 4 1 2 4 8
  98  49  404 0  62 1 4 1 2 4 8
  99 758  170 0  53 1 4 1 2 4 8
 100  36   71 0   5 1 4 1 2 4 8
 101 421  249 0  79 1 4 1 2 4 8
 102 478  802 0  48 1 4 1 2 4 8
 103 529  903 0  44 1 4 1 2 4 8
 104  99   39 0  58 1 4 1 2 4 8
 105 344  680 0   4 1 4 1 2 4 8
 106 158    5 0  13 1 4 1 2 4 8
 107 626  887 0  20 1 4 1 2 4 8
 108 733  306 0  84 1 4 1 2 4 8
 109 676  684 0  77 1 4 1 2 4 8
 110 820   39 0  55 1 4 1 2 4 8
 111 554   73 0  42 1 4 1 2 4 8
 112 585  274 0  48 1 4 1 2 4 8
 113 334  793 0  26 1 4 1 2 4 8
 114 454  339 0  51 1 4 1 2 4 8
 115 333  417 0   6 1 4 1 2 4 8
 116 892  788 0  52 1 4 1 2 4 8
 117 456  875 0  22 1 4 1 2 4 8
 118 713   64 0  77 1 4 1 2 4 8
 119 661  298 0  40 1 4 1 2 4 8
 120  46  184 0   4 1 4 1 2 4 8
 121 374  270 0  41 1 4 1 2 4 8
 122 916  697 0  12 1 4 1 2 4 8
 123 324  791 0  31 1 4 1 2 4 8
 124 656  574 0  36 1 4 1 2 4 8
 125 812  508 0   4 1 4 1 2 4 8
 126 611  146 0  48 1 4 1 2 4 8
 127 142  201 0  81 1 4 1 2 4 8
 128 738  290 0  46 1 4 1 2 4 8
 129 531  225 0  54 1 4 1 2 4 8
 130 312  992 0  11 1 4 1 2 4 8
 131 455  653 0  83 1 4 1 2 4 8
 132 591  342 0  81 1 4 1 2 4 8
 133 616  252 0  61 1 4 1 2 4 8
 134 268   81 0  88 1 4 1 2 4 8
 135 717  545 0  56 1 4 1 2 4 8
 136 660  657 0  85 1 4 1 2 4 8
 137 610  998 0  33 1 4 1 2 4 8
 138  18  150 0  20 1 4 1 2 4 8
 139 516  921 0  98 1 4 1 2 4 8
 140 844  501 0  17 1 4 1 2 4 8
 141 549    9 0  72 1 4 1 2 4 8
 142 933  704 0 100 1 4 1 2 4 8
 143 975  279 0  87 1 4 1 2 4 8
 144 671  452 0  77 1 4 1 2 4 8
 145 335  657 0  59 1 4 1 2 4 8
 146  47  740 0  22 1 4 1 2 4 8
 147 119    3 0  86 1 4 1 2 4 8
 148 411   97 0  61 1 4 1 2 4 8
 149 524  925 0   6 1 4 1 2 4 8
 150 130  782 0   3 1 4 1 2 4 8
 151 343  665 0  43 1 4 1 2 4 8
 152 541  802 0  27 1 4 1 2 4 8
 153 583  883 0  93 1 4 1 2 4 8
 154 263   33 0  77 1 4 1 2 4 8
 155 231  173 0  13 1 4 1 2 4 8
 156 227  388 0  15 1 4 1 2 4 8
 157 739  975 0  68 1 4 1 2 4 8
 158 880  638 0  60 1 4 1 2 4 8
 159 625   30 0   9 1 4 1 2 4 8
 160 733  239 0  94 1 4 1 2 4 8
 161 115  987 0   2 1 4 1 2 4 8
 162 491   77 0  98 1 4 1 2 4 8
 163 583  954 0  98 1 4 1 2 4 8
 164 210  517 0   4 1 4 1 2 4 8
 165 859  755 0  61 1 4 1 2 4 8
 166 223  663 0  85 1 4 1 2 4 8
 167 768   25 0  24 1 4 1 2 4 8
 168 757   24 0  22 1 4 1 2 4 8
 169  75  774 0  24 1 4 1 2 4 8
 170  35  277 0  32 1 4 1 2 4 8
 171 992  400 0  39 1 4 1 2 4 8
 172 266  414 0   7 1 4 1 2 4 8
 173 235   95 0  87 1 4 1 2 4 8
 174 767  596 0  13 1 4 1 2 4 8
 175 456   78 0  38 1 4 1 2 4 8
 176 663  212 0  75 1 4 1 2 4 8
 177 392  975 0  52 1 4 1 2 4 8
 178 793  858 0  49 1 4 1 2 4 8
 179 783  374 0  51 1 4 1 2 4 8
 180  69  669 0   4 1 4 1 2 4 8
 181 939  339 0  98 1 4 1 2 4 8
 182  51  602 0  12 1 4 1 2 4 8
 183 853  126 0  54 1 4 1 2 4 8
 184 162  470 0  82 1 4 1 2 4 8
 185 634  440 0  72 1 4 1 2 4 8
 186 607  604 0  89 1 4 1 2 4 8
 187 278  224 0  93 1 4 1 2 4 8
 188  66  346 0  31 1 4 1 2 4 8
 189 371  763 0  55 1 4 1 2 4 8
 190 442  406 0  61 1 4 1 2 4 8
 191 550  327 0  19 1 4 1 2 4 8
 192 150  526 0  74 1 4 1 2 4 8
 193 810  658 0  24 1 4 1 2 4 8
 194 402  532 0  38 1 4 1 2 4 8
 195 520  916 0   3 1 4 1 2 4 8
 196 225  638 0  41 1 4 1 2 4 8
 197 796  585 0  56 1 4 1 2 4 8
 198 185  542 0  13 1 4 1 2 4 8
 199 762  604 0  83 1 4 1 2 4 8
 200 469  604 0  71 1 4 1 2 4 8
 201 388   68 0  83 1 4 1 2 4 8
 202 188  564 0  72 1 4 1 2 4 8
 203  89  357 0  58 1 4 1 2 4 8
 204 218  416 0  13 1 4 1 2 4 8
 205 309  266 0  91 1 4 1 2 4 8
 206 191   26 0  95 1 4 1 2 4 8
 207  32  966 0   7 1 4 1 2 4 8
 208 670  303 0  95 1 4 1 2 4 8
 209 669  849 0   4 1 4 1 2 4 8
 210  67  892 0   3 1 4 1 2 4 8
 211 522  911 0  83 1 4 1 2 4 8
 212 499   97 0  36 1 4 1 2 4 8
 213 292  934 0  23 1 4 1 2 4 8
 214 505  271 0  59 1 4 1 2 4 8
 215 797  265 0  17 1 4 1 2 4 8
 216 741  819 0   5 1 4 1 2 4 8
 217 308  272 0  26 1 4 1 2 4 8
 218 469  607 0  97 1 4 1 2 4 8
 219 373  309 0  99 1 4 1 2 4 8
 220 340  479 0  59 1 4 1 2 4 8
 221 978  558 0  99 1 4 1 2 4 8
 222 336  575 0  59 1 4 1 2 4 8
 223 925  204 0  57 1 4 1 2 4 8
 224 683  920 0   7 1 4 1 2 4 8
 225 742  182 0  94 1 4 1 2 4 8
 226 559  992 0  80 1 4 1 2 4 8
 227  75  604 0  72 1 4 1 2 4 8
 228 339  754 0  76 1 4 1 2 4 8
 229 804  787 0  99 1 4 1 2 4 8
 230  51  531 0  10 1 4 1 2 4 8
 231 427  965 0  69 1 4 1 2 4 8
 232 322  670 0  68 1 4 1 2 4 8
 233 155   32 0  85 1 4 1 2 4 8
 234 887  314 0  25 1 4 1 2 4 8
 235 662  335 0  66 1 4 1 2 4 8
 236 970  340 0  87 1 4 1 2 4 8
 237 869  759 0  12 1 4 1 2 4 8
 238 562   13 0  13 1 4 1 2 4 8
 239 723  434 0  20 1 4 1 2 4 8
 240 789  954 0  15 1 4 1 2 4 8
 241 331  860 0   6 1 4 1 2 4 8
 242 980  797 0   5 1 4 1 2 4 8
 243 140  636 0  82 1 4 1 2 4 8
 244 230  846 0  27 1 4 1 2 4 8
 245 959  788 0  24 1 4 1 2 4 8
 246 618  955 0  74 1 4 1 2 4 8
 247 529  894 0  16 1 4 1 2 4 8
 248 772  115 0  74 1 4 1 2 4 8
 249 645  873 0  99 1 4 1 2 4 8
 250 497  313 0  74 1 4 1 2 4 8
 251 362  549 0  16 1 4 1 2 4 8
 252 899  673 0  53 1 4 1 2 4 8
 253  31  284 0  51 1 4 1 2 4 8
 254 710   73 0  77 1 4 1 2 4 8
 255 556   48 0  72 1 4 1 2 4 8
 256 811  240 0  50 1 4 1 2 4 8
 257 389  242 0  80 1 4 1 2 4 8
 258  82  789 0  70 1 4 1 2 4 8
 259 324  127 0  90 1 4 1 2 4 8
 260 891  947 0  48 1 4 1 2 4 8
 261 546  525 0  46 1 4 1 2 4 8
 262 514  936 0  45 1 4 1 2 4 8
 263 738   42 0  39 1 4 1 2 4 8
 264 505   16 0  73 1 4 1 2 4 8
 265 741   12 0  87 1 4 1 2 4 8
 266  54  775 0  27 1 4 1 2 4 8
 267 593  764 0  21 1 4 1 2 4 8
 268  80  743 0   2 1 4 1 2 4 8
 269 933  867 0  13 1 4 1 2 4 8
 270  61   66 0   9 1 4 1 2 4 8
 271 995  838 0  88 1 4 1 2 4 8
 272  20  654 0  59 1 4 1 2 4 8
 273 753   27 0  48 1 4 1 2 4 8
 274 104  539 0  14 1 4 1 2 4 8
 275 860   68 0   3 1 4 1 2 4 8
 276 861   76 0  47 1 4 1 2 4 8
 277  85  124 0  55 1 4 1 2 4 8
 278 110  625 0   8 1 4 1 2 4 8
 279 868  405 0  21 1 4 1 2 4 8
 280 727  943 0  51 1 4 1 2 4 8
 281 888  941 0  35 1 4 1 2 4 8
 282 979  862 0  41 1 4 1 2 4 8
 283 811  778 0  28 1 4 1 2 4 8
 284 708  252 0  75 1 4 1 2 4 8
 285   7  371 0  49 1 4 1 2 4 8
 286 114  387 0   6 1 4 1 2 4 8
 287 453  593 0  70 1 4 1 2 4 8
 288 192  211 0  90 1 4 1 2 4 8
 289 334  776 0  95 1 4 1 2 4 8
 290 296   96 0  21 1 4 1 2 4 8
 291 484  662 0   7 1 4 1 2 4 8
 292 843  659 0  71 1 4 1 2 4 8
 293 974  787 0   7 1 4 1 2 4 8
 294  27  371 0  76 1 4 1 2 4 8
 295 902  105 0  70 1 4 1 2 4 8
 296 488  463 0  87 1 4 1 2 4 8
 297 431   90 0  44 1 4 1 2 4 8
 298 442  623 0  46 1 4 1 2 4 8
 299 840  256 0  57 1 4 1 2 4 8
 300 638   21 0  86 1 4 1 2 4 8
 301 151  491 0  80 1 4 1 2 4 8
 302 726  162 0  94 1 4 1 2 4 8
 303 898  253 0  26 1 4 1 2 4 8
 304 859  525 0  14 1 4 1 2 4 8
 305 908  156 0  60 1 4 1 2 4 8
 306  54  206 0  29 1 4 1 2 4 8
 307 125  827 0  43 1 4 1 2 4 8
 308  26  685 0  18 1 4 1 2 4 8
 309 519  337 0  44 1 4 1 2 4 8
 310 659  777 0  90 1 4 1 2 4 8
 311  33  289 0  22 1 4 1 2 4 8
 312 372  106 0  21 1 4 1 2 4 8
 313 510  536 0  72 1 4 1 2 4 8
 314 465  903 0  25 1 4 1 2 4 8
 315 279  380 0  83 1 4 1 2 4 8
 316 580    4 0  39 1 4 1 2 4 8
 317 462  510 0  63 1 4 1 2 4 8
 318 716  121 0  68 1 4 1 2 4 8
 319 555  704 0   4 1 4 1 2 4 8
 320 247    9 0  96 1 4 1 2 4 8
 321 888  514 0  92 1 4 1 2 4 8
 322 901  141 0  49 1 4 1 2 4 8
 323 197  968 0  11 1 4 1 2 4 8
 324 343  998 0  55 1 4 1 2 4 8
 325 858  483 0  24 1 4 1 2 4 8
 326 458  845 0  32 1 4 1 2 4 8
 327 470  102 0  34 1 4 1 2 4 8
 328 444  163 0  57 1 4 1 2 4 8
 329 267  835 0  91 1 4 1 2 4 8
 330 107  590 0  52 1 4 1 2 4 8
 331 500  621 0  27 1 4 1 2 4 8
 332 264  148 0   7 1 4 1 2 4 8
 333 103  641 0  46 1 4 1 2 4 8
 334 650  900 0  18 1 4 1 2 4 8
 335 919  585 0   2 1 4 1 2 4 8
 336 643  917 0  59 1 4 1 2 4 8
 337 732   21 0  37 1 4 1 2 4 8
 338 689  558 0  11 1 4 1 2 4 8
 339 592  439 0  18 1 4 1 2 4 8
 340 788  891 0  49 1 4 1 2 4 8
 341 394  178 0  35 1 4 1 2 4 8
 342 872  354 0  50 1 4 1 2 4 8
 343 709  335 0  16 1 4 1 2 4 8
 344 614  399 0  73 1 4 1 2 4 8
 345 300  193 0  34 1 4 1 2 4 8
 346 542  842 0   7 1 4 1 2 4 8
 347  76  556 0  52 1 4 1 2 4 8
 348 173  605 0  62 1 4 1 2 4 8
 349  61  161 0  95 1 4 1 2 4 8
 350 194  362 0  26 1 4 1 2 4 8
 351 515  199 0  72 1 4 1 2 4 8
 352 800  350 0  96 1 4 1 2 4 8
 353 495  733 0  93 1 4 1 2 4 8
 354 593  363 0  95 1 4 1 2 4 8
 355 962  364 0  88 1 4 1 2 4 8
 356 792  476 0  56 1 4 1 2 4 8
 357 657  490 0  80 1 4 1 2 4 8
 358  43  144 0   1 1 4 1 2 4 8
 359 256  756 0  58 1 4 1 2 4 8
 360 585  403 0  26 1 4 1 2 4 8
 361 813    0 0  13 1 4 1 2 4 8
 362 770  436 0  89 1 4 1 2 4 8
 363 579   53 0  56 1 4 1 2 4 8
 364  26  618 0   7 1 4 1 2 4 8
 365 397  896 0  89 1 4 1 2 4 8
 366 196  451 0  53 1 4 1 2 4 8
 367  61  858 0  29 1 4 1 2 4 8
 368 105    5 0  73 1 4 1 2 4 8
 369 607  641 0  28 1 4 1 2 4 8
 370 256  384 0   7 1 4 1 2 4 8
 371 620  647 0  80 1 4 1 2 4 8
 372 761  771 0  43 1 4 1 2 4 8
 373 279  440 0  88 1 4 1 2 4 8
 374 492  413 0   3 1 4 1 2 4 8
 375 410  349 0  27 1 4 1 2 4 8
 376 272  638 0  40 1 4 1 2 4 8
 377 694  215 0  67 1 4 1 2 4 8
 378 989  354 0  66 1 4 1 2 4 8
 379 380  576 0  16 1 4 1 2 4 8
 380 932  793 0  76 1 4 1 2 4 8
 381 404  133 0  26 1 4 1 2 4 8
 382 618  846 0  65 1 4 1 2 4 8
 383 382  183 0  82 1 4 1 2 4 8
 384 594  397 0  25 1 4 1 2 4 8
 385 551  531 0  74 1 4 1 2 4 8
 386 242  729 0  95 1 4 1 2 4 8
 387 605  788 0  86 1 4 1 2 4 8
 388 260  535 0  21 1 4 1 2 4 8
 389 583  914 0  22 1 4 1 2 4 8
 390 550  813 0  81 1 4 1 2 4 8
 391 895   27 0   4 1 4 1 2 4 8
 392 561  978 0  37 1 4 1 2 4 8
 393 282   72 0  14 1 4 1 2 4 8
 394 417  123 0  29 1 4 1 2 4 8
 395 484  492 0  26 1 4 1 2 4 8
 396 440   29 0  78 1 4 1 2 4 8
 397 249   46 0  46 1 4 1 2 4 8
 398 575  636 0  10 1 4 1 2 4 8
 399 825  330 0  74 1 4 1 2 4 8
 400 362  863 0  99 1 4 1 2 4 8
 401   9  182 0  81 1 4 1 2 4 8
 402 667  439 0  58 1 4 1 2 4 8
 403 744  528 0   1 1 4 1 2 4 8
 404 171    8 0  40 1 4 1 2 4 8
 405 208  636 0  98 1 4 1 2 4 8
 406 512  768 0  70 1 4 1 2 4 8
 407 395  475 0  69 1 4 1 2 4 8
 408 209  331 0  62 1 4 1 2 4 8
 409  41  814 0  22 1 4 1 2 4 8
 410 779  361 0  92 1 4 1 2 4 8
 411 884  576 0  85 1 4 1 2 4 8
 412 649  783 0 100 1 4 1 2 4 8
 413 844  268 0  37 1 4 1 2 4 8
 414  14  983 0  24 1 4 1 2 4 8
 415 751  529 0  40 1 4 1 2 4 8
 416 805  535 0  97 1 4 1 2 4 8
 417 505  377 0  85 1 4 1 2 4 8
 418 505  551 0  96 1 4 1 2 4 8
 419 239  942 0  47 1 4 1 2 4 8
 420 540  628 0  25 1 4 1 2 4 8
 421 976  611 0  21 1 4 1 2 4 8
 422 771   73 0  34 1 4 1 2 4 8
 423 333  794 0  54 1 4 1 2 4 8
 424 375  548 0  70 1 4 1 2 4 8
 425 511  897 0  69 1 4 1 2 4 8
 426 364  925 0  94 1 4 1 2 4 8
 427 717  703 0  31 1 4 1 2 4 8
 428  49   45 0  87 1 4 1 2 4 8
 429 422  518 0  71 1 4 1 2 4 8
 430 761  815 0  99 1 4 1 2 4 8
 431 487  692 0   6 1 4 1 2 4 8
 432 246  998 0   3 1 4 1 2 4 8
 433 264  768 0  98 1 4 1 2 4 8
 434 413  321 0   8 1 4 1 2 4 8
 435 938  421 0  20 1 4 1 2 4 8
 436 188   27 0  54 1 4 1 2 4 8
 437 351  608 0  48 1 4 1 2 4 8
 438 404  955 0  22 1 4 1 2 4 8
 439 325  255 0 100 1 4 1 2 4 8
 440 682  582 0  95 1 4 1 2 4 8
 441 874  898 0  40 1 4 1 2 4 8
 442 999  711 0  12 1 4 1 2 4 8
 443 952  577 0  19 1 4 1 2 4 8
 444 765  975 0  65 1 4 1 2 4 8
 445 509  383 0  42 1 4 1 2 4 8
 446 354  721 0  70 1 4 1 2 4 8
 447 109  923 0  17 1 4 1 2 4 8
 448 121  266 0  34 1 4 1 2 4 8
 449 877  450 0  69 1 4 1 2 4 8
 450 521  547 0  30 1 4 1 2 4 8
 451 964   77 0  92 1 4 1 2 4 8
 452 499  974 0  38 1 4 1 2 4 8
 453 686  796 0  47 1 4 1 2 4 8
 454 512  982 0  71 1 4 1 2 4 8
 455 676  355 0   9 1 4 1 2 4 8
 456 259  154 0  95 1 4 1 2 4 8
 457 506  672 0  88 1 4 1 2 4 8
 458 194  330 0  65 1 4 1 2 4 8
 459 941  593 0  99 1 4 1 2 4 8
 460 308  249 0  97 1 4 1 2 4 8
 461 309   94 0  51 1 4 1 2 4 8
 462  35  712 0  30 1 4 1 2 4 8
 463 417  881 0  72 1 4 1 2 4 8
 464 567   23 0  95 1 4 1 2 4 8
 465 164  541 0  55 1 4 1 2 4 8
 466 473   39 0  45 1 4 1 2 4 8
 467 565  872 0  73 1 4 1 2 4 8
 468 614  426 0  87 1 4 1 2 4 8
 469 860  804 0   9 1 4 1 2 4 8
 470 465  848 0  91 1 4 1 2 4 8
 471 371   20 0  65 1 4 1 2 4 8
 472 961  857 0  82 1 4 1 2 4 8
 473 163  434 0  93 1 4 1 2 4 8
 474 968  848 0   7 1 4 1 2 4 8
 475 173  446 0  92 1 4 1 2 4 8
 476 285  921 0  47 1 4 1 2 4 8
 477  84  979 0  38 1 4 1 2 4 8
 478 280  909 0  14 1 4 1 2 4 8
 479 166  542 0  95 1 4 1 2 4 8
 480  65  112 0  90 1 4 1 2 4 8
 481 919  778 0  98 1 4 1 2 4 8
 482 578  988 0  17 1 4 1 2 4 8
 483  70  588 0  65 1 4 1 2 4 8
 484 577  722 0  64 1 4 1 2 4 8
 485 277  521 0  15 1 4 1 2 4 8
 486 848  822 0  42 1 4 1 2 4 8
 487 283  725 0  86 1 4 1 2 4 8
 488 193  720 0  78 1 4 1 2 4 8
 489 828  391 0  88 1 4 1 2 4 8
 490 340  787 0  37 1 4 1 2 4 8
 491 570  192 0  27 1 4 1 2 4 8
 492 159  306 0  65 1 4 1 2 4 8
 493 669  459 0  77 1 4 1 2 4 8
 494  17  537 0  42 1 4 1 2 4 8
 495 834  683 0  16 1 4 1 2 4 8
 496 133  871 0  16 1 4 1 2 4 8
 497 560  894 0  78 1 4 1 2 4 8
 498 373  434 0  93 1 4 1 2 4 8
 499 959  341 0  25 1 4 1 2 4 8
 500 727  354 0  57 1 4 1 2 4 8
 501 150  329 0  25 1 4 1 2 4 8
 502 254  507 0  87 1 4 1 2 4 8
 503 148  780 0  42 1 4 1 2 4 8
 504 988   34 0  39 1 4 1 2 4 8
 505 441   13 0 100 1 4 1 2 4 8
 506 581  496 0  63 1 4 1 2 4 8
 507 310  226 0  66 1 4 1 2 4 8
 508  35  213 0  91 1 4 1 2 4 8
 509 238  761 0  65 1 4 1 2 4 8
 510   9  428 0  19 1 4 1 2 4 8
 511 609  585 0  45 1 4 1 2 4 8
 512 170  164 0  53 1 4 1 2 4 8
 513 346  605 0  59 1 4 1 2 4 8
 514 658  627 0  87 1 4 1 2 4 8
 515 763  419 0   9 1 4 1 2 4 8
 516 860  659 0  81 1 4 1 2 4 8
 517  24  921 0   2 1 4 1 2 4 8
 518 499   89 0  95 1 4 1 2 4 8
 519 915  700 0  27 1 4 1 2 4 8
 520 592  969 0  86 1 4 1 2 4 8
 521 307  330 0  29 1 4 1 2 4 8
 522 370  392 0   5 1 4 1 2 4 8
 523 496  380 0  62 1 4 1 2 4 8
 524 591  733 0  68 1 4 1 2 4 8
 525 796  199 0  80 1 4 1 2 4 8
 526 728  149 0  92 1 4 1 2 4 8
 527  45  632 0  46 1 4 1 2 4 8
 528 330   43 0  68 1 4 1 2 4 8
 529 141   68 0  60 1 4 1 2 4 8
 530  55   95 0  26 1 4 1 2 4 8
 531  87  327 0  85 1 4 1 2 4 8
 532 881  319 0  56 1 4 1 2 4 8
 533 782  353 0   6 1 4 1 2 4 8
 534 793  221 0  75 1 4 1 2 4 8
 535 836  727 0  15 1 4 1 2 4 8
 536 716  209 0  49 1 4 1 2 4 8
 537 383   78 0  41 1 4 1 2 4 8
 538 516  993 0  54 1 4 1 2 4 8
 539 340  283 0  72 1 4 1 2 4 8
 540 232  129 0  21 1 4 1 2 4 8
 541 218  233 0  34 1 4 1 2 4 8
 542 461  793 0  51 1 4 1 2 4 8
 543 584  176 0  46 1 4 1 2 4 8
 544 389  536 0  17 1 4 1 2 4 8
 545 325   57 0  55 1 4 1 2 4 8
 546 376  835 0  43 1 4 1 2 4 8
 547 281  607 0   4 1 4 1 2 4 8
 548 944  650 0  78 1 4 1 2 4 8
 549 149  307 0  67 1 4 1 2 4 8
 550  70  733 0  34 1 4 1 2 4 8
 551 160  458 0  58 1 4 1 2 4 8
 552 327  799 0  92 1 4 1 2 4 8
 553  44  153 0  67 1 4 1 2 4 8
 554 212   60 0  33 1 4 1 2 4 8
 555 429  318 0  13 1 4 1 2 4 8
 556 456  149 0  93 1 4 1 2 4 8
 557 490  523 0  27 1 4 1 2 4 8
 558 153  196 0  14 1 4 1 2 4 8
 559 302  394 0  38 1 4 1 2 4 8
 560 358  263 0  44 1 4 1 2 4 8
 561 168  423 0   2 1 4 1 2 4 8
 562 455  498 0  35 1 4 1 2 4 8
 563 856  359 0  66 1 4 1 2 4 8
 564 931  730 0  70 1 4 1 2 4 8
 565 901  543 0  93 1 4 1 2 4 8
 566 537  291 0  71 1 4 1 2 4 8
 567 282  265 0  77 1 4 1 2 4 8
 568 821  200 0  49 1 4 1 2 4 8
 569 880  802 0  79 1 4 1 2 4 8
 570 691  390 0  98 1 4 1 2 4 8
 571 760    3 0  98 1 4 1 2 4 8
 572 178  347 0  54 1 4 1 2 4 8
 573  70  948 0  98 1 4 1 2 4 8
 574 262  443 0  50 1 4 1 2 4 8
 575 858  148 0  96 1 4 1 2 4 8
 576 587  186 0  32 1 4 1 2 4 8
 577 185  716 0  16 1 4 1 2 4 8
 578 153  665 0  60 1 4 1 2 4 8
 579 874  315 0   9 1 4 1 2 4 8
 580 462  270 0  32 1 4 1 2 4 8
 581  36  547 0  44 1 4 1 2 4 8
 582 558  679 0  59 1 4 1 2 4 8
 583 834  576 0  92 1 4 1 2 4 8
 584 187  204 0  63 1 4 1 2 4 8
 585 412  484 0  44 1 4 1 2 4 8
 586 211  893 0 100 1 4 1 2 4 8
 587 989  453 0   6 1 4 1 2 4 8
 588 611  466 0  77 1 4 1 2 4 8
 589 502  874 0  44 1 4 1 2 4 8
 590 780  161 0  23 1 4 1 2 4 8
 591  36  674 0  93 1 4 1 2 4 8
 592 702  808 0  12 1 4 1 2 4 8
 593 177  275 0  17 1 4 1 2 4 8
 594  92  746 0  34 1 4 1 2 4 8
 595 960  501 0  11 1 4 1 2 4 8
 596 504  892 0  95 1 4 1 2 4 8
 597 525  330 0  92 1 4 1 2 4 8
 598 868   65 0  33 1 4 1 2 4 8
 599 159  895 0  81 1 4 1 2 4 8
 600  11  140 0  75 1 4 1 2 4 8
 601 922  555 0  27 1 4 1 2 4 8
 602  11  762 0  36 1 4 1 2 4 8
 603 500  942 0  30 1 4 1 2 4 8
 604 683   33 0  81 1 4 1 2 4 8
 605 391  850 0 100 1 4 1 2 4 8
 606 753  424 0  19 1 4 1 2 4 8
 607 311  991 0  91 1 4 1 2 4 8
 608 632  693 0  58 1 4 1 2 4 8
 609 735   89 0  36 1 4 1 2 4 8
 610 271  936 0  51 1 4 1 2 4 8
 611 458  556 0  44 1 4 1 2 4 8
 612 429  265 0  34 1 4 1 2 4 8
 613 748  224 0  15 1 4 1 2 4 8
 614 501  318 0  36 1 4 1 2 4 8
 615 474  401 0  97 1 4 1 2 4 8
 616 952  955 0  62 1 4 1 2 4 8
 617 259  245 0  88 1 4 1 2 4 8
 618 418  890 0  98 1 4 1 2 4 8
 619 960  654 0  10 1 4 1 2 4 8
 620 970  709 0  91 1 4 1 2 4 8
 621 484  770 0  75 1 4 1 2 4 8
 622 810  449 0  47 1 4 1 2 4 8
 623 721  208 0  17 1 4 1 2 4 8
 624 408  360 0  64 1 4 1 2 4 8
 625 732  647 0  55 1 4 1 2 4 8
 626 802  331 0  96 1 4 1 2 4 8
 627 177  540 0  93 1 4 1 2 4 8
 628  93  365 0  99 1 4 1 2 4 8
 629 695  277 0  94 1 4 1 2 4 8
 630  41  313 0  63 1 4 1 2 4 8
 631 858  732 0  36 1 4 1 2 4 8
 632 281  676 0  83 1 4 1 2 4 8
 633 482  938 0  88 1 4 1 2 4 8
 634 458  863 0  92 1 4 1 2 4 8
 635 159  563 0  82 1 4 1 2 4 8
 636 980   86 0  99 1 4 1 2 4 8
 637 458   72 0  17 1 4 1 2 4 8
 638  72  224 0  10 1 4 1 2 4 8
 639 420  161 0 100 1 4 1 2 4 8
 640 644  366 0  32 1 4 1 2 4 8
 641 671  767 0  10 1 4 1 2 4 8
 642 929  429 0  46 1 4 1 2 4 8
 643 690  593 0  84 1 4 1 2 4 8
 644 847  948 0  48 1 4 1 2 4 8
 645 465  222 0  25 1 4 1 2 4 8
 646 867  200 0  76 1 4 1 2 4 8
 647 962  736 0  11 1 4 1 2 4 8
 648 675  434 0  22 1 4 1 2 4 8
 649 603   52 0  63 1 4 1 2 4 8
 650  89  917 0  68 1 4 1 2 4 8
 651 538   30 0  88 1 4 1 2 4 8
 652 932  278 0  90 1 4 1 2 4 8
 653 952  533 0   4 1 4 1 2 4 8
 654 251  982 0  25 1 4 1 2 4 8
 655 419  743 0  46 1 4 1 2 4 8
 656 458  878 0  46 1 4 1 2 4 8
 657 438  566 0  35 1 4 1 2 4 8
 658 865  558 0  81 1 4 1 2 4 8
 659 903  209 0  44 1 4 1 2 4 8
 660 392  889 0  25 1 4 1 2 4 8
 661 689  274 0  19 1 4 1 2 4 8
 662 616  943 0  94 1 4 1 2 4 8
 663 748  149 0  79 1 4 1 2 4 8
 664 507  943 0  14 1 4 1 2 4 8
 665 941  364 0   5 1 4 1 2 4 8
 666 533  684 0  58 1 4 1 2 4 8
 667  45  567 0  85 1 4 1 2 4 8
 668 425  716 0  45 1 4 1 2 4 8
 669 379  302 0  52 1 4 1 2 4 8
 670 728  623 0  76 1 4 1 2 4 8
 671 875  506 0 100 1 4 1 2 4 8
 672  61  577 0  31 1 4 1 2 4 8
 673 542    3 0  25 1 4 1 2 4 8
 674 452  851 0   9 1 4 1 2 4 8
 675 847  858 0  92 1 4 1 2 4 8
 676 950  467 0  49 1 4 1 2 4 8
 677 488  452 0  56 1 4 1 2 4 8
 678 879  427 0  10 1 4 1 2 4 8
 679 616  813 0  44 1 4 1 2 4 8
 680  15  959 0  33 1 4 1 2 4 8
 681 408  777 0  65 1 4 1 2 4 8
 682 469  612 0  12 1 4 1 2 4 8
 683 509  259 0 100 1 4 1 2 4 8
 684 977  833 0  29 1 4 1 2 4 8
 685 540  229 0   9 1 4 1 2 4 8
 686 720  146 0  66 1 4 1 2 4 8
 687 675  172 0  71 1 4 1 2 4 8
 688 816  939 0  72 1 4 1 2 4 8
 689 841  321 0  84 1 4 1 2 4 8
 690 604  310 0  90 1 4 1 2 4 8
 691 102  382 0  37 1 4 1 2 4 8
 692 147  782 0  64 1 4 1 2 4 8
 693 710  997 0  49 1 4 1 2 4 8
 694 152   54 0  74 1 4 1 2 4 8
 695 160  919 0  33 1 4 1 2 4 8
 696 283  348 0   7 1 4 1 2 4 8
 697 806  981 0  54 1 4 1 2 4 8
 698 382  148 0  63 1 4 1 2 4 8
 699 399  411 0  17 1 4 1 2 4 8
 700 944  723 0  71 1 4 1 2 4 8
 701 477 1000 0  99 1 4 1 2 4 8
 702 588  146 0  30 1 4 1 2 4 8
 703 789  546 0  33 1 4 1 2 4 8
 704 274  441 0  82 1 4 1 2 4 8
 705 939  745 0  61 1 4 1 2 4 8
 706 647  738 0  45 1 4 1 2 4 8
 707 419  433 0  53 1 4 1 2 4 8
 708   5  278 0  68 1 4 1 2 4 8
 709 333  775 0  28 1 4 1 2 4 8
 710 406  610 0  77 1 4 1 2 4 8
 711 374  697 0  67 1 4 1 2 4 8
 712 850  639 0  88 1 4 1 2 4 8
 713 725  533 0  78 1 4 1 2 4 8
 714 801   92 0 100 1 4 1 2 4 8
 715 535  456 0  35 1 4 1 2 4 8
 716 442  660 0  58 1 4 1 2 4 8
 717 748  741 0  41 1 4 1 2 4 8
 718 589  884 0  11 1 4 1 2 4 8
 719 843  313 0  48 1 4 1 2 4 8
 720 987  887 0  80 1 4 1 2 4 8
 721 607  349 0  23 1 4 1 2 4 8
 722 816  327 0  43 1 4 1 2 4 8
 723 364  849 0  62 1 4 1 2 4 8
 724 136  621 0  25 1 4 1 2 4 8
 725 544  392 0   3 1 4 1 2 4 8
 726 911  655 0  13 1 4 1 2 4 8
 727 328  938 0  56 1 4 1 2 4 8
 728 529  529 0  89 1 4 1 2 4 8
 729 815  867 0   9 1 4 1 2 4 8
 730 681  925 0  12 1 4 1 2 4 8
 731   5  888 0  61 1 4 1 2 4 8
 732 269  125 0   8 1 4 1 2 4 8
 733 947  326 0  65 1 4 1 2 4 8
 734 612  630 0  97 1 4 1 2 4 8
 735  28  103 0  41 1 4 1 2 4 8
 736 200  537 0  88 1 4 1 2 4 8
 737 711  869 0  15 1 4 1 2 4 8
 738 590  782 0  44 1 4 1 2 4 8
 739 939   89 0  32 1 4 1 2 4 8
 740 638   72 0  76 1 4 1 2 4 8
 741 726  428 0  45 1 4 1 2 4 8
 742 133  539 0  77 1 4 1 2 4 8
 743 441  459 0  14 1 4 1 2 4 8
 744 763  389 0  82 1 4 1 2 4 8
 745 480  120 0   5 1 4 1 2 4 8
 746 785  859 0  58 1 4 1 2 4 8
 747 277  288 0  91 1 4 1 2 4 8
 748 269  428 0   6 1 4 1 2 4 8
 749 611  266 0  49 1 4 1 2 4 8
 750 493  830 0  52 1 4 1 2 4 8
 751 490  186 0  89 1 4 1 2 4 8
 752 162  135 0  76 1 4 1 2 4 8
 753 448    0 0  46 1 4 1 2 4 8
 754 324  883 0  88 1 4 1 2 4 8
 755 270  435 0  98 1 4 1 2 4 8
 756 693   84 0   3 1 4 1 2 4 8
 757 617  815 0  39 1 4 1 2 4 8
 758 262  894 0  70 1 4 1 2 4 8
 759 143  812 0  33 1 4 1 2 4 8
 760 784  156 0  52 1 4 1 2 4 8
 761 240   98 0  89 1 4 1 2 4 8
 762 681  159 0  22 1 4 1 2 4 8
 763 974  293 0  10 1 4 1 2 4 8
 764 600   99 0  63 1 4 1 2 4 8
 765 488  194 0  94 1 4 1 2 4 8
 766 800  730 0  46 1 4 1 2 4 8
 767 287  315 0  18 1 4 1 2 4 8
 768 164  217 0  45 1 4 1 2 4 8
 769 735  834 0  60 1 4 1 2 4 8
 770 633  127 0 100 1 4 1 2 4 8
 771 400  324 0  70 1 4 1 2 4 8
 772 757  528 0  42 1 4 1 2 4 8
 773 818  978 0  95 1 4 1 2 4 8
 774 600  319 0  28 1 4 1 2 4 8
 775 949  497 0   2 1 4 1 2 4 8
 776  53   86 0  72 1 4 1 2 4 8
 777 241  467 0  67 1 4 1 2 4 8
 778  27  957 0   5 1 4 1 2 4 8
 779 171  648 0  46 1 4 1 2 4 8
 780 382   67 0   5 1 4 1 2 4 8
 781  36  830 0  31 1 4 1 2 4 8
 782 112  201 0  19 1 4 1 2 4 8
 783 548  992 0  39 1 4 1 2 4 8
 784 133  176 0  61 1 4 1 2 4 8
 785 381  421 0  52 1 4 1 2 4 8
 786 465  923 0  35 1 4 1 2 4 8
 787 769  476 0  16 1 4 1 2 4 8
 788 465  208 0  10 1 4 1 2 4 8
 789 785  846 0  29 1 4 1 2 4 8
 790  82  262 0  65 1 4 1 2 4 8
 791 159  252 0  50 1 4 1 2 4 8
 792 184    6 0  91 1 4 1 2 4 8
 793 729  125 0   2 1 4 1 2 4 8
 794 266   26 0  52 1 4 1 2 4 8
 795 917  187 0   6 1 4 1 2 4 8
 796 977  387 0  39 1 4 1 2 4 8
 797 957  512 0  89 1 4 1 2 4 8
 798 917  356 0  94 1 4 1 2 4 8
 799 702  730 0  36 1 4 1 2 4 8
 800 430  844 0  17 1 4 1 2 4 8
 801 789  365 0  46 1 4 1 2 4 8
 802  96  375 0  40 1 4 1 2 4 8
 803 126  936 0  87 1 4 1 2 4 8
 804 364  735 0  52 1 4 1 2 4 8
 805 486   98 0   5 1 4 1 2 4 8
 806 854  690 0  31 1 4 1 2 4 8
 807  60  173 0  86 1 4 1 2 4 8
 808 603  617 0  49 1 4 1 2 4 8
 809 221  519 0  28 1 4 1 2 4 8
 810 440  618 0   5 1 4 1 2 4 8
 811 384  427 0  86 1 4 1 2 4 8
 812 821  398 0  20 1 4 1 2 4 8
 813 793  687 0   1 1 4 1 2 4 8
 814 634  136 0  19 1 4 1 2 4 8
 815 502  942 0  85 1 4 1 2 4 8
 816 152  545 0  77 1 4 1 2 4 8
 817 373  687 0  88 1 4 1 2 4 8
 818 663  543 0   7 1 4 1 2 4 8
 819 647  344 0  42 1 4 1 2 4 8
 820 956  323 0  81 1 4 1 2 4 8
 821 893   93 0  22 1 4 1 2 4 8
 822 300  253 0  42 1 4 1 2 4 8
 823 820  506 0  96 1 4 1 2 4 8
 824 597  965 0  27 1 4 1 2 4 8
 825 476  216 0  21 1 4 1 2 4 8
 826 988  900 0  91 1 4 1 2 4 8
 827 212  862 0  83 1 4 1 2 4 8
 828 697  210 0  23 1 4 1 2 4 8
 829 461  384 0  12 1 4 1 2 4 8
 830 431  867 0  16 1 4 1 2 4 8
 831 373  518 0  96 1 4 1 2 4 8
 832 762  433 0  68 1 4 1 2 4 8
 833 550  151 0  93 1 4 1 2 4 8
 834 867  143 0  71 1 4 1 2 4 8
 835 754  355 0  72 1 4 1 2 4 8
 836 151  860 0  90 1 4 1 2 4 8
 837 794  195 0  69 1 4 1 2 4 8
 838 676  157 0  80 1 4 1 2 4 8
 839 224  269 0  69 1 4 1 2 4 8
 840 635  798 0  90 1 4 1 2 4 8
 841 318  916 0  74 1 4 1 2 4 8
 842 204   97 0  86 1 4 1 2 4 8
 843 826  667 0  99 1 4 1 2 4 8
 844 229  470 0  51 1 4 1 2 4 8
 845 234  213 0  18 1 4 1 2 4 8
 846 226  599 0  64 1 4 1 2 4 8
 847 399  233 0  72 1 4 1 2 4 8
 848 455  456 0  93 1 4 1 2 4 8
 849 436  937 0  26 1 4 1 2 4 8
 850 376  326 0  61 1 4 1 2 4 8
 851 392    6 0  32 1 4 1 2 4 8
 852 530   52 0  37 1 4 1 2 4 8
 853 323   23 0  27 1 4 1 2 4 8
 854 346   67 0  64 1 4 1 2 4 8
 855 635  784 0  36 1 4 1 2 4 8
 856 326  911 0  31 1 4 1 2 4 8
 857 141  948 0  13 1 4 1 2 4 8
 858 369  471 0  66 1 4 1 2 4 8
 859 891  796 0  24 1 4 1 2 4 8
 860 179  461 0   9 1 4 1 2 4 8
 861 922  425 0 100 1 4 1 2 4 8
 862 213  981 0  45 1 4 1 2 4 8
 863 439   17 0  39 1 4 1 2 4 8
 864 260   99 0   3 1 4 1 2 4 8
 865 814  476 0  89 1 4 1 2 4 8
 866 326  982 0  86 1 4 1 2 4 8
 867 420  457 0   2 1 4 1 2 4 8
 868  55   12 0  13 1 4 1 2 4 8
 869 825  711 0  97 1 4 1 2 4 8
 870 418  873 0  98 1 4 1 2 4 8
 871 589  927 0  60 1 4 1 2 4 8
 872 670  634 0  90 1 4 1 2 4 8
 873  54  471 0   7 1 4 1 2 4 8
 874 886  664 0  50 1 4 1 2 4 8
 875 973  983 0  27 1 4 1 2 4 8
 876 390  381 0  58 1 4 1 2 4 8
 877 368  371 0  41 1 4 1 2 4 8
 878 717  321 0   9 1 4 1 2 4 8
 879 142  203 0  73 1 4 1 2 4 8
 880 444   49 0   8 1 4 1 2 4 8
 881  96  803 0  25 1 4 1 2 4 8
 882 708  863 0  11 1 4 1 2 4 8
 883 672  545 0  10 1 4 1 2 4 8
 884 670  298 0  15 1 4 1 2 4 8
 885 288  414 0  95 1 4 1 2 4 8
 886  16    8 0   3 1 4 1 2 4 8
 887 265  630 0  83 1 4 1 2 4 8
 888 278  424 0  34 1 4 1 2 4 8
 889 383   34 0  71 1 4 1 2 4 8
 890 914   80 0  17 1 4 1 2 4 8
 891 842  649 0  88 1 4 1 2 4 8
 892 686  553 0  81 1 4 1 2 4 8
 893 352  850 0  73 1 4 1 2 4 8
 894 855  748 0  39 1 4 1 2 4 8
 895 526  929 0  70 1 4 1 2 4 8
 896  61  332 0  72 1 4 1 2 4 8
 897 775  421 0  81 1 4 1 2 4 8
 898  29  503 0  64 1 4 1 2 4 8
 899 989   39 0  11 1 4 1 2 4 8
 900 640  827 0  16 1 4 1 2 4 8
 901 269  496 0  45 1 4 1 2 4 8
 902 408  590 0  37 1 4 1 2 4 8
 903  95  230 0   7 1 4 1 2 4 8
 904  24  799 0  36 1 4 1 2 4 8
 905 655  314 0  34 1 4 1 2 4 8
 906 519  195 0  22 1 4 1 2 4 8
 907 717  433 0  22 1 4 1 2 4 8
 908 411  195 0  87 1 4 1 2 4 8
 909  32  226 0  73 1 4 1 2 4 8
 910 361  933 0   6 1 4 1 2 4 8
 911  83  253 0  13 1 4 1 2 4 8
 912 845  120 0  61 1 4 1 2 4 8
 913 580  686 0  75 1 4 1 2 4 8
 914 456  598 0  64 1 4 1 2 4 8
 915 835   88 0  33 1 4 1 2 4 8
 916 679  852 0  12 1 4 1 2 4 8
 917 765  493 0  31 1 4 1 2 4 8
 918 891  379 0  33 1 4 1 2 4 8
 919 230  885 0  13 1 4 1 2 4 8
 920 277  203 0  30 1 4 1 2 4 8
 921 567  963 0  57 1 4 1 2 4 8
 922  10  213 0  59 1 4 1 2 4 8
 923 852  842 0  52 1 4 1 2 4 8
 924 861  604 0  38 1 4 1 2 4 8
 925 585  835 0   6 1 4 1 2 4 8
 926  80  105 0   7 1 4 1 2 4 8
 927 857  531 0  47 1 4 1 2 4 8
 928 279   13 0  34 1 4 1 2 4 8
 929 198  192 0  53 1 4 1 2 4 8
 930 573  633 0  93 1 4 1 2 4 8
 931 742  843 0  87 1 4 1 2 4 8
 932 386  589 0  75 1 4 1 2 4 8
 933 108  591 0  84 1 4 1 2 4 8
 934  64  568 0  85 1 4 1 2 4 8
 935 728  208 0  75 1 4 1 2 4 8
 936 358   12 0  86 1 4 1 2 4 8
 937 828  952 0  80 1 4 1 2 4 8
 938 958  741 0  34 1 4 1 2 4 8
 939 529  225 0  32 1 4 1 2 4 8
 940 221  176 0  82 1 4 1 2 4 8
 941 146  248 0  64 1 4 1 2 4 8
 942 234  288 0  47 1 4 1 2 4 8
 943  48  184 0  79 1 4 1 2 4 8
 944 690  394 0  98 1 4 1 2 4 8
 945 703  393 0  32 1 4 1 2 4 8
 946 768  152 0  54 1 4 1 2 4 8
 947 357  223 0  81 1 4 1 2 4 8
 948 386  979 0  47 1 4 1 2 4 8
 949 365  727 0  37 1 4 1 2 4 8
 950 129  311 0  68 1 4 1 2 4 8
 951 852  379 0  72 1 4 1 2 4 8
 952 150  762 0  32 1 4 1 2 4 8
 953 435  235 0  69 1 4 1 2 4 8
 954 470  455 0  65 1 4 1 2 4 8
 955 431  501 0  55 1 4 1 2 4 8
 956 437  352 0  46 1 4 1 2 4 8
 957 902   93 0  97 1 4 1 2 4 8
 958 488  217 0   3 1 4 1 2 4 8
 959 455  301 0  76 1 4 1 2 4 8
 960 979  558 0  26 1 4 1 2 4 8
 961 571  667 0  29 1 4 1 2 4 8
 962 423  962 0  52 1 4 1 2 4 8
 963  73  369 0  90 1 4 1 2 4 8
 964 846  159 0  65 1 4 1 2 4 8
 965 412   96 0  32 1 4 1 2 4 8
 966 464  542 0   3 1 4 1 2 4 8
 967 341  389 0  20 1 4 1 2 4 8
 968 232   75 0  80 1 4 1 2 4 8
 969 498   39 0  81 1 4 1 2 4 8
 970 104  670 0  69 1 4 1 2 4 8
 971 252  647 0  53 1 4 1 2 4 8
 972 627   49 0  31 1 4 1 2 4 8
 973 783  629 0  73 1 4 1 2 4 8
 974 643  921 0  21 1 4 1 2 4 8
 975 128  803 0   2 1 4 1 2 4 8
 976  27   78 0  82 1 4 1 2 4 8
 977 819   82 0  43 1 4 1 2 4 8
 978 105  561 0  54 1 4 1 2 4 8
 979 598  709 0  61 1 4 1 2 4 8
 980 630  882 0  25 1 4 1 2 4 8
 981 659  248 0  67 1 4 1 2 4 8
 982 732  865 0  78 1 4 1 2 4 8
 983 827   20 0  52 1 4 1 2 4 8
 984  85  761 0  12 1 4 1 2 4 8
 985 422  353 0  98 1 4 1 2 4 8
 986 790  556 0  76 1 4 1 2 4 8
 987 897  407 0  64 1 4 1 2 4 8
 988 248   52 0  88 1 4 1 2 4 8
 989 113  738 0  48 1 4 1 2 4 8
 990 496  849 0  84 1 4 1 2 4 8
 991 334  680 0  58 1 4 1 2 4 8
 992 119  449 0  67 1 4 1 2 4 8
 993 947   78 0  99 1 4 1 2 4 8
 994 326  410 0  85 1 4 1 2 4 8
 995 686   47 0  30 1 4 1 2 4 8
 996 496  323 0  13 1 4 1 2 4 8
 997 308  927 0  57 1 4 1 2 4 8
 998 141  438 0  16 1 4 1 2 4 8
 999 381  174 0  58 1 4 1 2 4 8
1000 493  344 0  99 1 4 1 2 4 8
1001 536  560 0  53 1 4 1 2 4 8
1002 896  430 0   1 1 4 1 2 4 8
1003 667  615 0  79 1 4 1 2 4 8
1004 924  850 0  75 1 4 1 2 4 8
1005 169  655 0  30 1 4 1 2 4 8
1006 749  473 0  51 1 4 1 2 4 8
1007 878   93 0  69 1 4 1 2 4 8
1008 811  368 0  41 1 4 1 2 4 8
1009 135    6 0  20 1 4 1 2 4 8
1010 340   85 0  94 1 4 1 2 4 8
1011 808  991 0  32 1 4 1 2 4 8
1012 304  162 0  82 1 4 1 2 4 8
1013 352  829 0  41 1 4 1 2 4 8
1014 465  836 0  63 1 4 1 2 4 8
1015 455   81 0  48 1 4 1 2 4 8
1016 723  202 0  48 1 4 1 2 4 8
1017 730  586 0   9 1 4 1 2 4 8
1018 677   40 0  43 1 4 1 2 4 8
1019 955  458 0   9 1 4 1 2 4 8
1020 867  567 0  54 1 4 1 2 4 8
1021 864   48 0  48 1 4 1 2 4 8
1022 273  224 0  53 1 4 1 2 4 8
1023 192  961 0 100 1 4 1 2 4 8
1024   8  808 0  46 1 4 1 2 4 8
1025 197  677 0  91 1 4 1 2 4 8
1026 865  806 0   2 1 4 1 2 4 8
1027 359  900 0  68 1 4 1 2 4 8
1028 506  109 0  13 1 4 1 2 4 8
1029 766  291 0   5 1 4 1 2 4 8
1030 527  305 0  48 1 4 1 2 4 8
1031 506   21 0  23 1 4 1 2 4 8
1032 728  185 0  94 1 4 1 2 4 8
1033 588  615 0  78 1 4 1 2 4 8
1034 192  357 0  75 1 4 1 2 4 8
1035 575   44 0  65 1 4 1 2 4 8
1036 410  830 0  34 1 4 1 2 4 8
1037 149  458 0  76 1 4 1 2 4 8
1038 509  183 0   6 1 4 1 2 4 8
1039 485  408 0  26 1 4 1 2 4 8
1040 923  449 0  58 1 4 1 2 4 8
1041 229  995 0  84 1 4 1 2 4 8
1042  94   50 0   2 1 4 1 2 4 8
1043 368  287 0   8 1 4 1 2 4 8
1044 263  966 0  36 1 4 1 2 4 8
1045 650  148 0  45 1 4 1 2 4 8
1046 668  990 0  34 1 4 1 2 4 8
1047 906  436 0  42 1 4 1 2 4 8
1048 868  752 0  22 1 4 1 2 4 8
1049 286   22 0  62 1 4 1 2 4 8
1050   4  493 0  99 1 4 1 2 4 8
1051 391   11 0   8 1 4 1 2 4 8
1052 354  997 0  11 1 4 1 2 4 8
1053 829  185 0  84 1 4 1 2 4 8
1054 540  279 0  10 1 4 1 2 4 8
1055 648  715 0  87 1 4 1 2 4 8
1056 240  365 0  55 1 4 1 2 4 8
1057 191   47 0  39 1 4 1 2 4 8
1058 219  999 0  98 1 4 1 2 4 8
1059 907  149 0  75 1 4 1 2 4 8
1060 599   66 0  61 1 4 1 2 4 8
1061 150  727 0  84 1 4 1 2 4 8
1062 630  189 0   8 1 4 1 2 4 8
1063 385  599 0  97 1 4 1 2 4 8
1064 777    8 0  13 1 4 1 2 4 8
1065 448  904 0  54 1 4 1 2 4 8
1066 731  898 0  57 1 4 1 2 4 8
1067 905  603 0  15 1 4 1 2 4 8
1068  97  716 0  15 1 4 1 2 4 8
1069 709  882 0  96 1 4 1 2 4 8
1070   2  205 0  49 1 4 1 2 4 8
1071 751  175 0   6 1 4 1 2 4 8
1072 699  882 0  64 1 4 1 2 4 8
1073 546  786 0  62 1 4 1 2 4 8
1074 232  280 0  73 1 4 1 2 4 8
1075 197   34 0  61 1 4 1 2 4 8
1076 653  133 0  51 1 4 1 2 4 8
1077 568  924 0  33 1 4 1 2 4 8
1078 370  104 0  81 1 4 1 2 4 8
1079 199  943 0  33 1 4 1 2 4 8
1080 880  410 0  78 1 4 1 2 4 8
1081 253  584 0  43 1 4 1 2 4 8
1082 608  818 0  64 1 4 1 2 4 8
1083  17  366 0  15 1 4 1 2 4 8
1084 613  182 0  47 1 4 1 2 4 8
1085 593  318 0  80 1 4 1 2 4 8
1086 303  806 0  10 1 4 1 2 4 8
1087 980  184 0  11 1 4 1 2 4 8
1088 494  158 0  33 1 4 1 2 4 8
1089  96  288 0  89 1 4 1 2 4 8
1090 143  965 0  70 1 4 1 2 4 8
1091 439   96 0  32 1 4 1 2 4 8
1092 362  199 0  63 1 4 1 2 4 8
1093  23  496 0  89 1 4 1 2 4 8
1094 796  290 0  84 1 4 1 2 4 8
1095 290  656 0  25 1 4 1 2 4 8
1096 763  974 0  54 1 4 1 2 4 8
1097 810  769 0  50 1 4 1 2 4 8
1098 353  793 0  91 1 4 1 2 4 8
1099 152  211 0  42 1 4 1 2 4 8
1100 832  788 0  22 1 4 1 2 4 8
1101 298  928 0  45 1 4 1 2 4 8
1102 222  837 0  86 1 4 1 2 4 8
1103 961  352 0  48 1 4 1 2 4 8
1104 740  368 0  28 1 4 1 2 4 8
1105 425  628 0  79 1 4 1 2 4 8
1106 964   57 0  66 1 4 1 2 4 8
1107 287  234 0  13 1 4 1 2 4 8
1108  52  595 0  12 1 4 1 2 4 8
1109 404  583 0  48 1 4 1 2 4 8
1110 607  127 0  87 1 4 1 2 4 8
1111 133  936 0  55 1 4 1 2 4 8
1112 288  743 0  25 1 4 1 2 4 8
1113 166  128 0  34 1 4 1 2 4 8
1114 858  174 0   1 1 4 1 2 4 8
1115 602  522 0  74 1 4 1 2 4 8
1116 826  613 0  38 1 4 1 2 4 8
1117 833  747 0   4 1 4 1 2 4 8
1118 572  664 0  41 1 4 1 2 4 8
1119 466  525 0  94 1 4 1 2 4 8
1120 881   56 0  21 1 4 1 2 4 8
1121 271  751 0   6 1 4 1 2 4 8
1122 310  364 0   3 1 4 1 2 4 8
1123 454  971 0  30 1 4 1 2 4 8
1124 624  487 0  28 1 4 1 2 4 8
1125 663  595 0  35 1 4 1 2 4 8
1126 720  582 0  95 1 4 1 2 4 8
1127  36  364 0   4 1 4 1 2 4 8
1128 997  706 0  30 1 4 1 2 4 8
1129 721  551 0  31 1 4 1 2 4 8
1130 691  454 0  63 1 4 1 2 4 8
1131 303  858 0  52 1 4 1 2 4 8
1132 610  966 0  73 1 4 1 2 4 8
1133 884  636 0   4 1 4 1 2 4 8
1134 783  402 0  18 1 4 1 2 4 8
1135 126  446 0  15 1 4 1 2 4 8
1136  79  662 0  24 1 4 1 2 4 8
1137 830  195 0  74 1 4 1 2 4 8
1138 742  319 0  10 1 4 1 2 4 8
1139 997  251 0  54 1 4 1 2 4 8
1140 401  675 0  74 1 4 1 2 4 8
1141 745  516 0  33 1 4 1 2 4 8
1142 620   59 0  45 1 4 1 2 4 8
1143 885  491 0  32 1 4 1 2 4 8
1144 384  321 0  67 1 4 1 2 4 8
1145   0  164 0  14 1 4 1 2 4 8
1146  29  139 0  15 1 4 1 2 4 8
1147 942  508 0  74 1 4 1 2 4 8
1148 658  241 0  82 1 4 1 2 4 8
1149 142  118 0  63 1 4 1 2 4 8
1150 116  473 0  18 1 4 1 2 4 8
1151 462  760 0  34 1 4 1 2 4 8
1152 808  227 0  32 1 4 1 2 4 8
1153 529  789 0  96 1 4 1 2 4 8
1154 845  980 0  45 1 4 1 2 4 8
1155 866  903 0  37 1 4 1 2 4 8
1156 634  251 0  23 1 4 1 2 4 8
1157 279  195 0  69 1 4 1 2 4 8
1158 895  240 0  90 1 4 1 2 4 8
1159 166  920 0  96 1 4 1 2 4 8
1160 825    0 0  99 1 4 1 2 4 8
1161 534  921 0  78 1 4 1 2 4 8
1162 136  592 0  16 1 4 1 2 4 8
1163  38  232 0  51 1 4 1 2 4 8
1164 774  675 0  20 1 4 1 2 4 8
1165 842  829 0  71 1 4 1 2 4 8
1166 340   96 0  42 1 4 1 2 4 8
1167  17   38 0  66 1 4 1 2 4 8
1168 332  529 0  27 1 4 1 2 4 8
1169 524   43 0  52 1 4 1 2 4 8
1170 707  427 0  65 1 4 1 2 4 8
1171 711  925 0  19 1 4 1 2 4 8
1172 691  133 0  44 1 4 1 2 4 8
1173 957  713 0  90 1 4 1 2 4 8
1174 628  887 0  38 1 4 1 2 4 8
1175 898  813 0  81 1 4 1 2 4 8
1176 418  115 0  62 1 4 1 2 4 8
1177 207   63 0  12 1 4 1 2 4 8
1178 302  447 0  78 1 4 1 2 4 8
1179 510  529 0  31 1 4 1 2 4 8
1180 461  302 0  15 1 4 1 2 4 8
1181 922  910 0  80 1 4 1 2 4 8
1182 683   61 0  78 1 4 1 2 4 8
1183 411  642 0  72 1 4 1 2 4 8
1184 444  717 0  45 1 4 1 2 4 8
1185 694  998 0   9 1 4 1 2 4 8
1186 743  912 0  78 1 4 1 2 4 8
1187 866  867 0  66 1 4 1 2 4 8
1188 815  847 0  61 1 4 1 2 4 8
1189 274  814 0  40 1 4 1 2 4 8
1190 501  465 0  15 1 4 1 2 4 8
1191 557  947 0  53 1 4 1 2 4 8
1192 847  413 0  32 1 4 1 2 4 8
1193 175  556 0  67 1 4 1 2 4 8
1194 346  625 0  55 1 4 1 2 4 8
1195  40  360 0  80 1 4 1 2 4 8
1196 782  897 0  29 1 4 1 2 4 8
1197 528  544 0  54 1 4 1 2 4 8
1198 174  107 0  51 1 4 1 2 4 8
1199 261  858 0  31 1 4 1 2 4 8
1200 211  957 0  40 1 4 1 2 4 8
1201 602  979 0   6 1 4 1 2 4 8
1202  93  921 0  63 1 4 1 2 4 8
1203  59  873 0  47 1 4 1 2 4 8
1204 308  431 0  17 1 4 1 2 4 8
1205 287  122 0  82 1 4 1 2 4 8
1206 707  768 0   4 1 4 1 2 4 8
1207 227  951 0  52 1 4 1 2 4 8
1208 607  321 0  39 1 4 1 2 4 8
1209 265  839 0  39 1 4 1 2 4 8
1210 715  409 0  78 1 4 1 2 4 8
1211  94  774 0  25 1 4 1 2 4 8
1212 434  261 0  52 1 4 1 2 4 8
1213 387  277 0  15 1 4 1 2 4 8
1214  64  382 0  24 1 4 1 2 4 8
1215 231   12 0  52 1 4 1 2 4 8
1216 458  214 0  81 1 4 1 2 4 8
1217 778  641 0  22 1 4 1 2 4 8
1218 947  118 0  99 1 4 1 2 4 8
1219 414  645 0  94 1 4 1 2 4 8
1220 305  758 0  36 1 4 1 2 4 8
1221 245  502 0  80 1 4 1 2 4 8
1222 387  810 0  81 1 4 1 2 4 8
1223 322  978 0  88 1 4 1 2 4 8
1224 174  891 0  20 1 4 1 2 4 8
1225 499  882 0  21 1 4 1 2 4 8
1226 461  265 0  88 1 4 1 2 4 8
1227 998  708 0  54 1 4 1 2 4 8
1228 233  952 0  98 1 4 1 2 4 8
1229 622  515 0  25 1 4 1 2 4 8
1230 711  354 0   0 0 0
1231 584   90 0   0 0 0
1232 764  181 0   0 0 0
1233 718  456 0   0 0 0
