2 171 1248 5
0 253
0 253
0 253
0 253
0 253
   1  148  157 0  68 1 5 1 2 4 8 16
   2  879  416 0  30 1 5 1 2 4 8 16
   3  480  954 0  97 1 5 1 2 4 8 16
   4  646  805 0  61 1 5 1 2 4 8 16
   5  565   21 0  93 1 5 1 2 4 8 16
   6   58  686 0  18 1 5 1 2 4 8 16
   7  502  346 0   8 1 5 1 2 4 8 16
   8  549  713 0  50 1 5 1 2 4 8 16
   9  193  622 0  28 1 5 1 2 4 8 16
  10   18  160 0  66 1 5 1 2 4 8 16
  11  393  271 0  72 1 5 1 2 4 8 16
  12   49  559 0  18 1 5 1 2 4 8 16
  13  510  970 0  24 1 5 1 2 4 8 16
  14  524  463 0  41 1 5 1 2 4 8 16
  15  780  813 0  58 1 5 1 2 4 8 16
  16  978  247 0  16 1 5 1 2 4 8 16
  17  284  906 0  77 1 5 1 2 4 8 16
  18  194  285 0  44 1 5 1 2 4 8 16
  19  971  198 0  53 1 5 1 2 4 8 16
  20  806  327 0  51 1 5 1 2 4 8 16
  21  662  149 0   1 1 5 1 2 4 8 16
  22  751  542 0  61 1 5 1 2 4 8 16
  23  907  588 0  29 1 5 1 2 4 8 16
  24  362  656 0  72 1 5 1 2 4 8 16
  25  764  571 0  70 1 5 1 2 4 8 16
  26  837  583 0   5 1 5 1 2 4 8 16
  27  992  379 0  62 1 5 1 2 4 8 16
  28  813  668 0   3 1 5 1 2 4 8 16
  29   38  320 0  99 1 5 1 2 4 8 16
  30  159  443 0  91 1 5 1 2 4 8 16
  31  581  622 0  11 1 5 1 2 4 8 16
  32  876  554 0  95 1 5 1 2 4 8 16
  33  983  486 0  55 1 5 1 2 4 8 16
  34  324  799 0  69 1 5 1 2 4 8 16
  35   24  278 0  39 1 5 1 2 4 8 16
  36  712  635 0  99 1 5 1 2 4 8 16
  37  173  565 0   7 1 5 1 2 4 8 16
  38   67  227 0  59 1 5 1 2 4 8 16
  39  475  743 0  90 1 5 1 2 4 8 16
  40  863  619 0  49 1 5 1 2 4 8 16
  41  620 1000 0  57 1 5 1 2 4 8 16
  42  315  193 0  32 1 5 1 2 4 8 16
  43  206  971 0  92 1 5 1 2 4 8 16
  44  878  911 0  93 1 5 1 2 4 8 16
  45  168  983 0  16 1 5 1 2 4 8 16
  46  751  267 0  48 1 5 1 2 4 8 16
  47  939  340 0  78 1 5 1 2 4 8 16
  48  176  885 0  11 1 5 1 2 4 8 16
  49  779  118 0  27 1 5 1 2 4 8 16
  50   43  228 0  47 1 5 1 2 4 8 16
  51  916  779 0  31 1 5 1 2 4 8 16
  52  337  305 0  24 1 5 1 2 4 8 16
  53  412  765 0  39 1 5 1 2 4 8 16
  54  457  991 0  86 1 5 1 2 4 8 16
  55  631  857 0  38 1 5 1 2 4 8 16
  56  150  670 0  74 1 5 1 2 4 8 16
  57  583  560 0  25 1 5 1 2 4 8 16
  58  461  727 0  58 1 5 1 2 4 8 16
  59  634  429 0   1 1 5 1 2 4 8 16
  60  252  697 0  75 1 5 1 2 4 8 16
  61  342  942 0  40 1 5 1 2 4 8 16
  62  919  447 0  45 1 5 1 2 4 8 16
  63  864  853 0  11 1 5 1 2 4 8 16
  64  110  117 0  46 1 5 1 2 4 8 16
  65  122  153 0  70 1 5 1 2 4 8 16
  66  150  914 0  33 1 5 1 2 4 8 16
  67  266  785 0  48 1 5 1 2 4 8 16
  68  517  378 0  62 1 5 1 2 4 8 16
  69  492  962 0  87 1 5 1 2 4 8 16
  70  853   64 0  71 1 5 1 2 4 8 16
  71  980  213 0  49 1 5 1 2 4 8 16
  72   74  252 0  40 1 5 1 2 4 8 16
  73  811  816 0  83 1 5 1 2 4 8 16
  74  269  935 0  50 1 5 1 2 4 8 16
  75  734  624 0  35 1 5 1 2 4 8 16
  76   48  501 0  99 1 5 1 2 4 8 16
  77   66  862 0  36 1 5 1 2 4 8 16
  78   42  831 0  45 1 5 1 2 4 8 16
  79  843  458 0  37 1 5 1 2 4 8 16
  80  702  397 0  75 1 5 1 2 4 8 16
  81  741  509 0  49 1 5 1 2 4 8 16
  82  713   84 0  70 1 5 1 2 4 8 16
  83  451  866 0   5 1 5 1 2 4 8 16
  84  271  268 0  70 1 5 1 2 4 8 16
  85  331  962 0  81 1 5 1 2 4 8 16
  86  407  867 0  34 1 5 1 2 4 8 16
  87  133   40 0  50 1 5 1 2 4 8 16
  88  971  421 0  90 1 5 1 2 4 8 16
  89  791  707 0  36 1 5 1 2 4 8 16
  90  310  206 0  71 1 5 1 2 4 8 16
  91  862  978 0  20 1 5 1 2 4 8 16
  92  101  356 0  70 1 5 1 2 4 8 16
  93  873  396 0  78 1 5 1 2 4 8 16
  94  550  493 0  47 1 5 1 2 4 8 16
  95  509  677 0   1 1 5 1 2 4 8 16
  96  489  415 0  57 1 5 1 2 4 8 16
  97  691  811 0  68 1 5 1 2 4 8 16
  98  991  627 0  79 1 5 1 2 4 8 16
  99  563  147 0  99 1 5 1 2 4 8 16
 100  294  122 0  20 1 5 1 2 4 8 16
 101   16  626 0  54 1 5 1 2 4 8 16
 102  207  772 0  54 1 5 1 2 4 8 16
 103  419  498 0  17 1 5 1 2 4 8 16
 104  304  558 0  91 1 5 1 2 4 8 16
 105  876  994 0   8 1 5 1 2 4 8 16
 106  276  771 0  24 1 5 1 2 4 8 16
 107  251  523 0  93 1 5 1 2 4 8 16
 108  462    5 0  86 1 5 1 2 4 8 16
 109  567  970 0  15 1 5 1 2 4 8 16
 110  677  636 0  54 1 5 1 2 4 8 16
 111  987  365 0  46 1 5 1 2 4 8 16
 112  603  103 0  49 1 5 1 2 4 8 16
 113   80  990 0  29 1 5 1 2 4 8 16
 114  236  447 0  87 1 5 1 2 4 8 16
 115  372  311 0  76 1 5 1 2 4 8 16
 116  209  103 0  92 1 5 1 2 4 8 16
 117  410  100 0  67 1 5 1 2 4 8 16
 118  511    0 0  64 1 5 1 2 4 8 16
 119  413  748 0  59 1 5 1 2 4 8 16
 120  365  671 0  96 1 5 1 2 4 8 16
 121  715   76 0  73 1 5 1 2 4 8 16
 122  682    1 0  82 1 5 1 2 4 8 16
 123  831   26 0  68 1 5 1 2 4 8 16
 124  431  265 0  43 1 5 1 2 4 8 16
 125  141  263 0  66 1 5 1 2 4 8 16
 126  175  217 0  13 1 5 1 2 4 8 16
 127  340  190 0  12 1 5 1 2 4 8 16
 128  323  983 0  69 1 5 1 2 4 8 16
 129  588  296 0  87 1 5 1 2 4 8 16
 130  123  524 0  15 1 5 1 2 4 8 16
 131  747   57 0  83 1 5 1 2 4 8 16
 132  478  756 0  48 1 5 1 2 4 8 16
 133  862  130 0  80 1 5 1 2 4 8 16
 134  438  559 0  99 1 5 1 2 4 8 16
 135  419  864 0  90 1 5 1 2 4 8 16
 136  382  729 0  80 1 5 1 2 4 8 16
 137  386   28 0  41 1 5 1 2 4 8 16
 138   37  766 0  62 1 5 1 2 4 8 16
 139  967  445 0  18 1 5 1 2 4 8 16
 140  585  879 0  92 1 5 1 2 4 8 16
 141  544   83 0  83 1 5 1 2 4 8 16
 142  191  971 0  29 1 5 1 2 4 8 16
 143  596  981 0  13 1 5 1 2 4 8 16
 144   62  581 0  99 1 5 1 2 4 8 16
 145  719  901 0  27 1 5 1 2 4 8 16
 146  486  671 0  25 1 5 1 2 4 8 16
 147  444   61 0  37 1 5 1 2 4 8 16
 148   69  774 0  29 1 5 1 2 4 8 16
 149  404  425 0  93 1 5 1 2 4 8 16
 150  788  504 0  64 1 5 1 2 4 8 16
 151  458  264 0  41 1 5 1 2 4 8 16
 152  617  689 0   7 1 5 1 2 4 8 16
 153  207  839 0  92 1 5 1 2 4 8 16
 154  801  797 0   5 1 5 1 2 4 8 16
 155   73  768 0  32 1 5 1 2 4 8 16
 156  981  936 0  46 1 5 1 2 4 8 16
 157  544  444 0  79 1 5 1 2 4 8 16
 158  639  536 0  87 1 5 1 2 4 8 16
 159  349  201 0  91 1 5 1 2 4 8 16
 160  436  406 0  16 1 5 1 2 4 8 16
 161  445  627 0  30 1 5 1 2 4 8 16
 162  327  199 0  75 1 5 1 2 4 8 16
 163  782  878 0  28 1 5 1 2 4 8 16
 164  231  160 0  33 1 5 1 2 4 8 16
 165  157  201 0  63 1 5 1 2 4 8 16
 166  801  260 0  39 1 5 1 2 4 8 16
 167  376  259 0   5 1 5 1 2 4 8 16
 168    5  723 0  61 1 5 1 2 4 8 16
 169  880  631 0   7 1 5 1 2 4 8 16
 170   59  889 0  19 1 5 1 2 4 8 16
 171  849  982 0  45 1 5 1 2 4 8 16
 172  356  564 0  28 1 5 1 2 4 8 16
 173  133  736 0  10 1 5 1 2 4 8 16
 174   32  697 0  66 1 5 1 2 4 8 16
 175  828  997 0  68 1 5 1 2 4 8 16
 176  230  283 0  31 1 5 1 2 4 8 16
 177  951  193 0  15 1 5 1 2 4 8 16
 178  692  770 0  84 1 5 1 2 4 8 16
 179  942  921 0  81 1 5 1 2 4 8 16
 180  616  580 0  64 1 5 1 2 4 8 16
 181   61  973 0  70 1 5 1 2 4 8 16
 182  149  623 0  65 1 5 1 2 4 8 16
 183  636  226 0  29 1 5 1 2 4 8 16
 184  803  738 0   3 1 5 1 2 4 8 16
 185  169  953 0  13 1 5 1 2 4 8 16
 186  121  242 0  40 1 5 1 2 4 8 16
 187  905  971 0  70 1 5 1 2 4 8 16
 188  960  105 0  52 1 5 1 2 4 8 16
 189  880  414 0  73 1 5 1 2 4 8 16
 190  732  501 0  96 1 5 1 2 4 8 16
 191   19  802 0  23 1 5 1 2 4 8 16
 192  355  982 0  43 1 5 1 2 4 8 16
 193  998   10 0  87 1 5 1 2 4 8 16
 194  985  201 0  26 1 5 1 2 4 8 16
 195   38  246 0  73 1 5 1 2 4 8 16
 196  125   83 0  49 1 5 1 2 4 8 16
 197  714   43 0  85 1 5 1 2 4 8 16
 198  348  110 0   9 1 5 1 2 4 8 16
 199  933  593 0  82 1 5 1 2 4 8 16
 200  449  407 0  99 1 5 1 2 4 8 16
 201   46  186 0  48 1 5 1 2 4 8 16
 202  579  485 0  13 1 5 1 2 4 8 16
 203  829  802 0  56 1 5 1 2 4 8 16
 204  140  573 0  61 1 5 1 2 4 8 16
 205   72   73 0  15 1 5 1 2 4 8 16
 206  774  962 0  73 1 5 1 2 4 8 16
 207  245  195 0  60 1 5 1 2 4 8 16
 208  770  752 0  20 1 5 1 2 4 8 16
 209  303   35 0  10 1 5 1 2 4 8 16
 210    9  818 0   7 1 5 1 2 4 8 16
 211  865  525 0  16 1 5 1 2 4 8 16
 212  624   65 0  34 1 5 1 2 4 8 16
 213  210  848 0  80 1 5 1 2 4 8 16
 214  972  263 0  67 1 5 1 2 4 8 16
 215  614  536 0  69 1 5 1 2 4 8 16
 216  495  841 0  99 1 5 1 2 4 8 16
 217  339  801 0  91 1 5 1 2 4 8 16
 218  434  433 0  98 1 5 1 2 4 8 16
 219  430  866 0  95 1 5 1 2 4 8 16
 220  252  855 0  92 1 5 1 2 4 8 16
 221  999  779 0  72 1 5 1 2 4 8 16
 222  902  331 0  78 1 5 1 2 4 8 16
 223  445  114 0  22 1 5 1 2 4 8 16
 224   93  566 0  26 1 5 1 2 4 8 16
 225  685  995 0  87 1 5 1 2 4 8 16
 226   13  636 0  34 1 5 1 2 4 8 16
 227  867  828 0  56 1 5 1 2 4 8 16
 228  705  406 0  27 1 5 1 2 4 8 16
 229  805  300 0  35 1 5 1 2 4 8 16
 230  360  967 0  10 1 5 1 2 4 8 16
 231  885    6 0   7 1 5 1 2 4 8 16
 232  746  759 0  98 1 5 1 2 4 8 16
 233  683  285 0  95 1 5 1 2 4 8 16
 234  527  186 0  70 1 5 1 2 4 8 16
 235  538  838 0  31 1 5 1 2 4 8 16
 236  111  837 0  37 1 5 1 2 4 8 16
 237  522  678 0  38 1 5 1 2 4 8 16
 238  742   54 0  88 1 5 1 2 4 8 16
 239  561  435 0  66 1 5 1 2 4 8 16
 240  891  287 0  71 1 5 1 2 4 8 16
 241   25  950 0  42 1 5 1 2 4 8 16
 242  793   49 0  78 1 5 1 2 4 8 16
 243  368  897 0  87 1 5 1 2 4 8 16
 244  780  919 0   4 1 5 1 2 4 8 16
 245  508  628 0  25 1 5 1 2 4 8 16
 246  585    4 0  29 1 5 1 2 4 8 16
 247   59  376 0  17 1 5 1 2 4 8 16
 248  883  941 0  84 1 5 1 2 4 8 16
 249  509  594 0  19 1 5 1 2 4 8 16
 250  668  448 0  67 1 5 1 2 4 8 16
 251   85  453 0  54 1 5 1 2 4 8 16
 252  100   52 0  49 1 5 1 2 4 8 16
 253  884   60 0  56 1 5 1 2 4 8 16
 254  573  131 0  34 1 5 1 2 4 8 16
 255  625  221 0  90 1 5 1 2 4 8 16
 256  529  628 0  90 1 5 1 2 4 8 16
 257  245  539 0  72 1 5 1 2 4 8 16
 258  202  213 0  96 1 5 1 2 4 8 16
 259  105  335 0  57 1 5 1 2 4 8 16
 260  321  307 0  23 1 5 1 2 4 8 16
 261  599  886 0  85 1 5 1 2 4 8 16
 262  313   84 0  86 1 5 1 2 4 8 16
 263  679  102 0  88 1 5 1 2 4 8 16
 264  393  617 0  97 1 5 1 2 4 8 16
 265  761   71 0  39 1 5 1 2 4 8 16
 266    3  523 0  37 1 5 1 2 4 8 16
 267  186  620 0  53 1 5 1 2 4 8 16
 268   33  947 0  47 1 5 1 2 4 8 16
 269  139  764 0  88 1 5 1 2 4 8 16
 270  673  155 0  42 1 5 1 2 4 8 16
 271  493  481 0  84 1 5 1 2 4 8 16
 272  179  856 0  81 1 5 1 2 4 8 16
 273  749  725 0  96 1 5 1 2 4 8 16
 274  168  808 0  96 1 5 1 2 4 8 16
 275   72  112 0  93 1 5 1 2 4 8 16
 276  344  731 0  28 1 5 1 2 4 8 16
 277  541  708 0  70 1 5 1 2 4 8 16
 278  669  341 0  30 1 5 1 2 4 8 16
 279  342  267 0  35 1 5 1 2 4 8 16
 280  427  648 0  34 1 5 1 2 4 8 16
 281   96  608 0  39 1 5 1 2 4 8 16
 282  423  181 0  37 1 5 1 2 4 8 16
 283  711  268 0   7 1 5 1 2 4 8 16
 284  214  739 0  24 1 5 1 2 4 8 16
 285    4  702 0  57 1 5 1 2 4 8 16
 286  156  385 0  10 1 5 1 2 4 8 16
 287  915  155 0  96 1 5 1 2 4 8 16
 288  332  827 0  72 1 5 1 2 4 8 16
 289  903  662 0  23 1 5 1 2 4 8 16
 290  490   34 0  98 1 5 1 2 4 8 16
 291  670  980 0  31 1 5 1 2 4 8 16
 292  759   68 0  31 1 5 1 2 4 8 16
 293   79  678 0  88 1 5 1 2 4 8 16
 294  154  353 0  35 1 5 1 2 4 8 16
 295  484  897 0  21 1 5 1 2 4 8 16
 296  555   23 0  11 1 5 1 2 4 8 16
 297  623  610 0  80 1 5 1 2 4 8 16
 298  555  139 0  89 1 5 1 2 4 8 16
 299  613  992 0  36 1 5 1 2 4 8 16
 300  753  615 0  36 1 5 1 2 4 8 16
 301  663  539 0  14 1 5 1 2 4 8 16
 302  869  771 0  93 1 5 1 2 4 8 16
 303  719  983 0  66 1 5 1 2 4 8 16
 304   45   31 0  71 1 5 1 2 4 8 16
 305  386   87 0  90 1 5 1 2 4 8 16
 306   65  543 0   6 1 5 1 2 4 8 16
 307  379  559 0  76 1 5 1 2 4 8 16
 308  737  695 0  85 1 5 1 2 4 8 16
 309  226  410 0  42 1 5 1 2 4 8 16
 310  987  295 0  20 1 5 1 2 4 8 16
 311  629  114 0  57 1 5 1 2 4 8 16
 312  467  347 0  33 1 5 1 2 4 8 16
 313  334  161 0   3 1 5 1 2 4 8 16
 314  298  222 0  17 1 5 1 2 4 8 16
 315  733  451 0  24 1 5 1 2 4 8 16
 316  580  165 0  30 1 5 1 2 4 8 16
 317  719  555 0  46 1 5 1 2 4 8 16
 318   77  651 0  50 1 5 1 2 4 8 16
 319  803  951 0  73 1 5 1 2 4 8 16
 320  983  956 0   3 1 5 1 2 4 8 16
 321  635  170 0  54 1 5 1 2 4 8 16
 322  229  170 0  14 1 5 1 2 4 8 16
 323  127  919 0  81 1 5 1 2 4 8 16
 324  263  255 0   2 1 5 1 2 4 8 16
 325  933  179 0  78 1 5 1 2 4 8 16
 326  257  242 0  12 1 5 1 2 4 8 16
 327  751  980 0  61 1 5 1 2 4 8 16
 328  249  574 0  16 1 5 1 2 4 8 16
 329  680  135 0  86 1 5 1 2 4 8 16
 330  727  678 0  83 1 5 1 2 4 8 16
 331  235  411 0  55 1 5 1 2 4 8 16
 332  130  502 0  27 1 5 1 2 4 8 16
 333  222  454 0  43 1 5 1 2 4 8 16
 334  875   76 0  12 1 5 1 2 4 8 16
 335  659  214 0  63 1 5 1 2 4 8 16
 336  780  622 0  90 1 5 1 2 4 8 16
 337  713  226 0  84 1 5 1 2 4 8 16
 338  820  273 0  53 1 5 1 2 4 8 16
 339   33  509 0  91 1 5 1 2 4 8 16
 340   95  511 0  16 1 5 1 2 4 8 16
 341  822  551 0   6 1 5 1 2 4 8 16
 342  119  626 0  16 1 5 1 2 4 8 16
 343   98  430 0  79 1 5 1 2 4 8 16
 344  111  305 0  95 1 5 1 2 4 8 16
 345  917  266 0  75 1 5 1 2 4 8 16
 346  545  379 0  98 1 5 1 2 4 8 16
 347  982  639 0  49 1 5 1 2 4 8 16
 348  188  819 0  34 1 5 1 2 4 8 16
 349  802  853 0  48 1 5 1 2 4 8 16
 350  759  566 0  53 1 5 1 2 4 8 16
 351  842  754 0  35 1 5 1 2 4 8 16
 352  729  937 0  90 1 5 1 2 4 8 16
 353  759  396 0  29 1 5 1 2 4 8 16
 354  114  696 0  62 1 5 1 2 4 8 16
 355  112  985 0  77 1 5 1 2 4 8 16
 356  126  683 0  88 1 5 1 2 4 8 16
 357   37   58 0   4 1 5 1 2 4 8 16
 358  520  864 0  41 1 5 1 2 4 8 16
 359  113  528 0  98 1 5 1 2 4 8 16
 360  591  138 0  80 1 5 1 2 4 8 16
 361  690  286 0  27 1 5 1 2 4 8 16
 362  873  531 0  86 1 5 1 2 4 8 16
 363  432  986 0  17 1 5 1 2 4 8 16
 364  400   35 0  82 1 5 1 2 4 8 16
 365  148  744 0  54 1 5 1 2 4 8 16
 366  496  599 0  28 1 5 1 2 4 8 16
 367  221  931 0  52 1 5 1 2 4 8 16
 368   13  865 0  85 1 5 1 2 4 8 16
 369   92  226 0  13 1 5 1 2 4 8 16
 370  423  920 0  31 1 5 1 2 4 8 16
 371  399   88 0  72 1 5 1 2 4 8 16
 372  154  401 0  33 1 5 1 2 4 8 16
 373  968    1 0  17 1 5 1 2 4 8 16
 374  968  252 0  76 1 5 1 2 4 8 16
 375  522  795 0  65 1 5 1 2 4 8 16
 376  208  681 0  51 1 5 1 2 4 8 16
 377  392  678 0  31 1 5 1 2 4 8 16
 378   53  744 0  29 1 5 1 2 4 8 16
 379  967  523 0  76 1 5 1 2 4 8 16
 380  258  952 0  48 1 5 1 2 4 8 16
 381  420  782 0   9 1 5 1 2 4 8 16
 382  956  957 0  51 1 5 1 2 4 8 16
 383  889  274 0  69 1 5 1 2 4 8 16
 384  904    1 0  81 1 5 1 2 4 8 16
 385  766  743 0  83 1 5 1 2 4 8 16
 386  372  305 0  93 1 5 1 2 4 8 16
 387  602  826 0  63 1 5 1 2 4 8 16
 388  373   10 0  64 1 5 1 2 4 8 16
 389  997  474 0  18 1 5 1 2 4 8 16
 390  332  854 0  88 1 5 1 2 4 8 16
 391  887   16 0  54 1 5 1 2 4 8 16
 392  756  712 0  90 1 5 1 2 4 8 16
 393  115  311 0  81 1 5 1 2 4 8 16
 394  417  516 0  83 1 5 1 2 4 8 16
 395  792  490 0  81 1 5 1 2 4 8 16
 396  852  697 0  54 1 5 1 2 4 8 16
 397   73  764 0  87 1 5 1 2 4 8 16
 398  757  776 0  80 1 5 1 2 4 8 16
 399  612 1000 0  84 1 5 1 2 4 8 16
 400  441  985 0  55 1 5 1 2 4 8 16
 401  481  764 0  47 1 5 1 2 4 8 16
 402   68  513 0  47 1 5 1 2 4 8 16
 403  308  573 0  33 1 5 1 2 4 8 16
 404  333   44 0  78 1 5 1 2 4 8 16
 405  444  429 0  61 1 5 1 2 4 8 16
 406  141  644 0  65 1 5 1 2 4 8 16
 407  778  371 0 100 1 5 1 2 4 8 16
 408  748  357 0   2 1 5 1 2 4 8 16
 409  758  508 0  17 1 5 1 2 4 8 16
 410  653  629 0  86 1 5 1 2 4 8 16
 411  860  852 0  74 1 5 1 2 4 8 16
 412  147  428 0  63 1 5 1 2 4 8 16
 413  302  869 0  24 1 5 1 2 4 8 16
 414  543  341 0  49 1 5 1 2 4 8 16
 415  303  381 0  19 1 5 1 2 4 8 16
 416  684  900 0  87 1 5 1 2 4 8 16
 417  427  942 0  76 1 5 1 2 4 8 16
 418  794  840 0  97 1 5 1 2 4 8 16
 419  211   91 0  96 1 5 1 2 4 8 16
 420  266  919 0  56 1 5 1 2 4 8 16
 421  293  456 0  73 1 5 1 2 4 8 16
 422  208  419 0  49 1 5 1 2 4 8 16
 423  312  641 0  18 1 5 1 2 4 8 16
 424  379  136 0  24 1 5 1 2 4 8 16
 425  977  864 0  38 1 5 1 2 4 8 16
 426  881  714 0  34 1 5 1 2 4 8 16
 427  949  906 0   8 1 5 1 2 4 8 16
 428  249  971 0  31 1 5 1 2 4 8 16
 429  797  525 0  76 1 5 1 2 4 8 16
 430  679  138 0  78 1 5 1 2 4 8 16
 431  470  731 0  99 1 5 1 2 4 8 16
 432  861  274 0  50 1 5 1 2 4 8 16
 433   38  137 0  99 1 5 1 2 4 8 16
 434   48  905 0  29 1 5 1 2 4 8 16
 435  174  573 0  81 1 5 1 2 4 8 16
 436  468  504 0  13 1 5 1 2 4 8 16
 437  167  929 0  65 1 5 1 2 4 8 16
 438  200  326 0  67 1 5 1 2 4 8 16
 439  660  225 0  73 1 5 1 2 4 8 16
 440  177  439 0  19 1 5 1 2 4 8 16
 441  254  771 0  75 1 5 1 2 4 8 16
 442  621  925 0  43 1 5 1 2 4 8 16
 443  702  567 0  90 1 5 1 2 4 8 16
 444  881  311 0  71 1 5 1 2 4 8 16
 445  372  809 0  77 1 5 1 2 4 8 16
 446  564  667 0  90 1 5 1 2 4 8 16
 447  648  202 0  92 1 5 1 2 4 8 16
 448  470  866 0  24 1 5 1 2 4 8 16
 449  503  767 0  91 1 5 1 2 4 8 16
 450  525  375 0  71 1 5 1 2 4 8 16
 451  816  448 0  86 1 5 1 2 4 8 16
 452  358  327 0  13 1 5 1 2 4 8 16
 453  271    8 0  49 1 5 1 2 4 8 16
 454  755  845 0  80 1 5 1 2 4 8 16
 455  881   80 0  41 1 5 1 2 4 8 16
 456  938  414 0  54 1 5 1 2 4 8 16
 457  441  598 0  88 1 5 1 2 4 8 16
 458  292  419 0  71 1 5 1 2 4 8 16
 459  631  739 0  52 1 5 1 2 4 8 16
 460  798   84 0  41 1 5 1 2 4 8 16
 461   10   77 0  31 1 5 1 2 4 8 16
 462  124  473 0  68 1 5 1 2 4 8 16
 463  432  900 0  92 1 5 1 2 4 8 16
 464  909  688 0  39 1 5 1 2 4 8 16
 465  350  272 0  16 1 5 1 2 4 8 16
 466   95  752 0   9 1 5 1 2 4 8 16
 467  110  822 0  29 1 5 1 2 4 8 16
 468  346  618 0  70 1 5 1 2 4 8 16
 469  471  845 0  86 1 5 1 2 4 8 16
 470   43  730 0  78 1 5 1 2 4 8 16
 471  503   71 0  77 1 5 1 2 4 8 16
 472  308  536 0  39 1 5 1 2 4 8 16
 473  100  459 0  79 1 5 1 2 4 8 16
 474  397  555 0  45 1 5 1 2 4 8 16
 475  349  833 0  44 1 5 1 2 4 8 16
 476  320   59 0  50 1 5 1 2 4 8 16
 477  944  595 0  10 1 5 1 2 4 8 16
 478   63  881 0   7 1 5 1 2 4 8 16
 479   49  284 0  20 1 5 1 2 4 8 16
 480  284  750 0  34 1 5 1 2 4 8 16
 481  619  152 0  36 1 5 1 2 4 8 16
 482  992  629 0  84 1 5 1 2 4 8 16
 483  272  575 0  87 1 5 1 2 4 8 16
 484   78  394 0  37 1 5 1 2 4 8 16
 485   66  481 0  31 1 5 1 2 4 8 16
 486  295  462 0  34 1 5 1 2 4 8 16
 487  799  703 0  94 1 5 1 2 4 8 16
 488  857  847 0  83 1 5 1 2 4 8 16
 489   71  365 0  43 1 5 1 2 4 8 16
 490  273   18 0  70 1 5 1 2 4 8 16
 491  320  906 0  36 1 5 1 2 4 8 16
 492  785  932 0  22 1 5 1 2 4 8 16
 493  721  207 0  13 1 5 1 2 4 8 16
 494  702  948 0  91 1 5 1 2 4 8 16
 495  809  679 0  20 1 5 1 2 4 8 16
 496  848  295 0  21 1 5 1 2 4 8 16
 497  663  509 0  95 1 5 1 2 4 8 16
 498  923  735 0  74 1 5 1 2 4 8 16
 499   50  120 0  76 1 5 1 2 4 8 16
 500  251   76 0  67 1 5 1 2 4 8 16
 501  577  411 0  89 1 5 1 2 4 8 16
 502  788  448 0  82 1 5 1 2 4 8 16
 503  720  925 0  19 1 5 1 2 4 8 16
 504  199  380 0  92 1 5 1 2 4 8 16
 505  213  607 0  16 1 5 1 2 4 8 16
 506  623  379 0  88 1 5 1 2 4 8 16
 507  555  372 0  17 1 5 1 2 4 8 16
 508  760  963 0   6 1 5 1 2 4 8 16
 509  751  904 0   6 1 5 1 2 4 8 16
 510  801  866 0  37 1 5 1 2 4 8 16
 511   48  189 0  85 1 5 1 2 4 8 16
 512   43  111 0  76 1 5 1 2 4 8 16
 513  763  417 0  46 1 5 1 2 4 8 16
 514  848  547 0  82 1 5 1 2 4 8 16
 515  481   43 0  41 1 5 1 2 4 8 16
 516  728  831 0  37 1 5 1 2 4 8 16
 517  482  363 0  70 1 5 1 2 4 8 16
 518  439  496 0  80 1 5 1 2 4 8 16
 519  377  470 0 100 1 5 1 2 4 8 16
 520  777  996 0  25 1 5 1 2 4 8 16
 521  985  238 0  59 1 5 1 2 4 8 16
 522  527  630 0  40 1 5 1 2 4 8 16
 523  762  972 0  80 1 5 1 2 4 8 16
 524  277    7 0  28 1 5 1 2 4 8 16
 525  639  683 0  31 1 5 1 2 4 8 16
 526  813  304 0  99 1 5 1 2 4 8 16
 527  478  932 0  90 1 5 1 2 4 8 16
 528  799  376 0  37 1 5 1 2 4 8 16
 529   44  196 0  19 1 5 1 2 4 8 16
 530  984  145 0   8 1 5 1 2 4 8 16
 531  241  407 0  78 1 5 1 2 4 8 16
 532  882  910 0  82 1 5 1 2 4 8 16
 533  239  818 0  42 1 5 1 2 4 8 16
 534  139  888 0  88 1 5 1 2 4 8 16
 535  229  292 0  84 1 5 1 2 4 8 16
 536  430  173 0  28 1 5 1 2 4 8 16
 537  216  460 0  12 1 5 1 2 4 8 16
 538  902  281 0  28 1 5 1 2 4 8 16
 539  760  214 0  38 1 5 1 2 4 8 16
 540  925  879 0  31 1 5 1 2 4 8 16
 541  291  325 0  37 1 5 1 2 4 8 16
 542  641  657 0  38 1 5 1 2 4 8 16
 543  796  202 0  29 1 5 1 2 4 8 16
 544  753  765 0  43 1 5 1 2 4 8 16
 545   43  325 0  13 1 5 1 2 4 8 16
 546  132  711 0   2 1 5 1 2 4 8 16
 547  307   59 0 100 1 5 1 2 4 8 16
 548  294  495 0  23 1 5 1 2 4 8 16
 549    5  724 0  70 1 5 1 2 4 8 16
 550  236  448 0  38 1 5 1 2 4 8 16
 551  883  973 0  69 1 5 1 2 4 8 16
 552  684  542 0  65 1 5 1 2 4 8 16
 553  869  733 0  48 1 5 1 2 4 8 16
 554  602  652 0  69 1 5 1 2 4 8 16
 555  482  836 0  59 1 5 1 2 4 8 16
 556  123  185 0  38 1 5 1 2 4 8 16
 557  366  472 0  91 1 5 1 2 4 8 16
 558  499  864 0  80 1 5 1 2 4 8 16
 559  278  697 0   8 1 5 1 2 4 8 16
 560  798  154 0  50 1 5 1 2 4 8 16
 561  809  368 0   9 1 5 1 2 4 8 16
 562  345  880 0  37 1 5 1 2 4 8 16
 563  534  266 0  39 1 5 1 2 4 8 16
 564  532  723 0 100 1 5 1 2 4 8 16
 565  248  765 0  29 1 5 1 2 4 8 16
 566  559  750 0 100 1 5 1 2 4 8 16
 567  516  222 0   6 1 5 1 2 4 8 16
 568  177  442 0  45 1 5 1 2 4 8 16
 569  665  226 0  51 1 5 1 2 4 8 16
 570  559  482 0  13 1 5 1 2 4 8 16
 571  612  550 0  80 1 5 1 2 4 8 16
 572  743  705 0  12 1 5 1 2 4 8 16
 573  316  466 0  53 1 5 1 2 4 8 16
 574  538   41 0  17 1 5 1 2 4 8 16
 575  121  981 0  36 1 5 1 2 4 8 16
 576  589  424 0  92 1 5 1 2 4 8 16
 577  425  316 0  34 1 5 1 2 4 8 16
 578  871  520 0  39 1 5 1 2 4 8 16
 579   42  234 0  50 1 5 1 2 4 8 16
 580   64  354 0  43 1 5 1 2 4 8 16
 581  400   45 0  17 1 5 1 2 4 8 16
 582  431  747 0  71 1 5 1 2 4 8 16
 583  587  365 0  62 1 5 1 2 4 8 16
 584  323  831 0  23 1 5 1 2 4 8 16
 585  136  271 0  86 1 5 1 2 4 8 16
 586  624  197 0  86 1 5 1 2 4 8 16
 587   31  714 0  49 1 5 1 2 4 8 16
 588  206   67 0  75 1 5 1 2 4 8 16
 589  770  543 0  53 1 5 1 2 4 8 16
 590   12   14 0  10 1 5 1 2 4 8 16
 591  388  424 0  71 1 5 1 2 4 8 16
 592  809  115 0  41 1 5 1 2 4 8 16
 593  423  108 0  93 1 5 1 2 4 8 16
 594  420  565 0  78 1 5 1 2 4 8 16
 595  659  409 0  92 1 5 1 2 4 8 16
 596  964  418 0 100 1 5 1 2 4 8 16
 597   83  973 0  44 1 5 1 2 4 8 16
 598  366  419 0  58 1 5 1 2 4 8 16
 599  572  820 0  65 1 5 1 2 4 8 16
 600   58  991 0  11 1 5 1 2 4 8 16
 601  590  225 0  39 1 5 1 2 4 8 16
 602  638  327 0  35 1 5 1 2 4 8 16
 603   15  375 0  82 1 5 1 2 4 8 16
 604  338   32 0  24 1 5 1 2 4 8 16
 605  479  431 0  54 1 5 1 2 4 8 16
 606  304  582 0  50 1 5 1 2 4 8 16
 607  498  842 0  37 1 5 1 2 4 8 16
 608  622  307 0   5 1 5 1 2 4 8 16
 609  656  893 0  22 1 5 1 2 4 8 16
 610  151   35 0  69 1 5 1 2 4 8 16
 611  671  454 0  52 1 5 1 2 4 8 16
 612  167  681 0  50 1 5 1 2 4 8 16
 613  597  401 0  11 1 5 1 2 4 8 16
 614  516  920 0  59 1 5 1 2 4 8 16
 615  164  992 0  58 1 5 1 2 4 8 16
 616  427  786 0  61 1 5 1 2 4 8 16
 617  804  134 0  47 1 5 1 2 4 8 16
 618   51   91 0  69 1 5 1 2 4 8 16
 619  781  907 0   7 1 5 1 2 4 8 16
 620  784  699 0  15 1 5 1 2 4 8 16
 621  691  462 0  82 1 5 1 2 4 8 16
 622  242  727 0  18 1 5 1 2 4 8 16
 623  872  344 0   8 1 5 1 2 4 8 16
 624  280  466 0  67 1 5 1 2 4 8 16
 625  476  447 0  44 1 5 1 2 4 8 16
 626  313  894 0  84 1 5 1 2 4 8 16
 627  841  478 0  63 1 5 1 2 4 8 16
 628  654  683 0  40 1 5 1 2 4 8 16
 629  150  503 0  32 1 5 1 2 4 8 16
 630  188  490 0   5 1 5 1 2 4 8 16
 631  327  944 0  11 1 5 1 2 4 8 16
 632  465  597 0  82 1 5 1 2 4 8 16
 633  491  760 0  61 1 5 1 2 4 8 16
 634  416  846 0  60 1 5 1 2 4 8 16
 635  150   95 0  61 1 5 1 2 4 8 16
 636  612  333 0   1 1 5 1 2 4 8 16
 637   29  749 0  51 1 5 1 2 4 8 16
 638  524  393 0  46 1 5 1 2 4 8 16
 639   62   59 0  10 1 5 1 2 4 8 16
 640  897  838 0  51 1 5 1 2 4 8 16
 641  769  344 0  91 1 5 1 2 4 8 16
 642  696  601 0   1 1 5 1 2 4 8 16
 643  957  290 0  96 1 5 1 2 4 8 16
 644  917  577 0  51 1 5 1 2 4 8 16
 645   96  163 0  39 1 5 1 2 4 8 16
 646  877  724 0  69 1 5 1 2 4 8 16
 647  669  181 0  52 1 5 1 2 4 8 16
 648  755   85 0  34 1 5 1 2 4 8 16
 649  596  113 0   9 1 5 1 2 4 8 16
 650  678  768 0  71 1 5 1 2 4 8 16
 651  978  327 0  92 1 5 1 2 4 8 16
 652  300  411 0   9 1 5 1 2 4 8 16
 653  861  110 0  81 1 5 1 2 4 8 16
 654  543  495 0  82 1 5 1 2 4 8 16
 655  945  332 0  29 1 5 1 2 4 8 16
 656  274  754 0  81 1 5 1 2 4 8 16
 657   45  428 0  26 1 5 1 2 4 8 16
 658   37  866 0  18 1 5 1 2 4 8 16
 659  336  801 0   5 1 5 1 2 4 8 16
 660  984  456 0  34 1 5 1 2 4 8 16
 661  759  355 0  45 1 5 1 2 4 8 16
 662  124  650 0  15 1 5 1 2 4 8 16
 663   66  739 0  26 1 5 1 2 4 8 16
 664  805  333 0  12 1 5 1 2 4 8 16
 665  499  708 0  58 1 5 1 2 4 8 16
 666  733   83 0  80 1 5 1 2 4 8 16
 667  407  426 0  94 1 5 1 2 4 8 16
 668  437  631 0  41 1 5 1 2 4 8 16
 669  960  719 0  55 1 5 1 2 4 8 16
 670   94  392 0  22 1 5 1 2 4 8 16
 671  394  353 0  70 1 5 1 2 4 8 16
 672  278   20 0  21 1 5 1 2 4 8 16
 673  588  565 0  72 1 5 1 2 4 8 16
 674  754  298 0  16 1 5 1 2 4 8 16
 675  506  540 0  56 1 5 1 2 4 8 16
 676  129  783 0  29 1 5 1 2 4 8 16
 677  589   13 0  89 1 5 1 2 4 8 16
 678  332  996 0  10 1 5 1 2 4 8 16
 679  497  762 0  64 1 5 1 2 4 8 16
 680  689  157 0  61 1 5 1 2 4 8 16
 681  819  275 0  44 1 5 1 2 4 8 16
 682    5  477 0  69 1 5 1 2 4 8 16
 683   37  768 0  41 1 5 1 2 4 8 16
 684  333  470 0  93 1 5 1 2 4 8 16
 685  328  122 0  43 1 5 1 2 4 8 16
 686  541  340 0  17 1 5 1 2 4 8 16
 687  514  515 0  90 1 5 1 2 4 8 16
 688  289  643 0  25 1 5 1 2 4 8 16
 689  107   42 0  87 1 5 1 2 4 8 16
 690  459  839 0  78 1 5 1 2 4 8 16
 691  903  650 0  66 1 5 1 2 4 8 16
 692  662  494 0  96 1 5 1 2 4 8 16
 693  389  418 0  38 1 5 1 2 4 8 16
 694  820  278 0   9 1 5 1 2 4 8 16
 695  655  996 0  90 1 5 1 2 4 8 16
 696  130   67 0  76 1 5 1 2 4 8 16
 697  123  618 0  40 1 5 1 2 4 8 16
 698  925  615 0  86 1 5 1 2 4 8 16
 699   79  343 0  19 1 5 1 2 4 8 16
 700  940    7 0  16 1 5 1 2 4 8 16
 701  216  363 0  34 1 5 1 2 4 8 16
 702  418  234 0   1 1 5 1 2 4 8 16
 703  479  617 0  62 1 5 1 2 4 8 16
 704  399  291 0  36 1 5 1 2 4 8 16
 705  401  603 0   4 1 5 1 2 4 8 16
 706  181  390 0  87 1 5 1 2 4 8 16
 707  760   91 0  46 1 5 1 2 4 8 16
 708  338  743 0   1 1 5 1 2 4 8 16
 709  628  806 0  61 1 5 1 2 4 8 16
 710  894   53 0  84 1 5 1 2 4 8 16
 711  763  279 0  44 1 5 1 2 4 8 16
 712  454  974 0  87 1 5 1 2 4 8 16
 713  887  127 0  47 1 5 1 2 4 8 16
 714  994  726 0  62 1 5 1 2 4 8 16
 715  939  268 0   2 1 5 1 2 4 8 16
 716  717    5 0  47 1 5 1 2 4 8 16
 717  538  328 0  52 1 5 1 2 4 8 16
 718  737  229 0  35 1 5 1 2 4 8 16
 719  610  186 0  74 1 5 1 2 4 8 16
 720  527  548 0  12 1 5 1 2 4 8 16
 721   19  239 0  37 1 5 1 2 4 8 16
 722  306  263 0  69 1 5 1 2 4 8 16
 723   52  357 0  79 1 5 1 2 4 8 16
 724  661  466 0  94 1 5 1 2 4 8 16
 725  745  239 0 100 1 5 1 2 4 8 16
 726  897  395 0  58 1 5 1 2 4 8 16
 727  974  674 0  73 1 5 1 2 4 8 16
 728  606   69 0   9 1 5 1 2 4 8 16
 729  727  262 0  11 1 5 1 2 4 8 16
 730  104  459 0  14 1 5 1 2 4 8 16
 731  608  746 0  68 1 5 1 2 4 8 16
 732  175  622 0  54 1 5 1 2 4 8 16
 733  170  757 0  37 1 5 1 2 4 8 16
 734  945  107 0  76 1 5 1 2 4 8 16
 735  288  945 0   8 1 5 1 2 4 8 16
 736  907  390 0  58 1 5 1 2 4 8 16
 737  309  562 0   2 1 5 1 2 4 8 16
 738  726  103 0  75 1 5 1 2 4 8 16
 739  363   14 0  27 1 5 1 2 4 8 16
 740  593  365 0  55 1 5 1 2 4 8 16
 741  826  281 0  63 1 5 1 2 4 8 16
 742  953  518 0  11 1 5 1 2 4 8 16
 743  165  305 0  14 1 5 1 2 4 8 16
 744  255  846 0   6 1 5 1 2 4 8 16
 745  785  470 0  28 1 5 1 2 4 8 16
 746  446  292 0  30 1 5 1 2 4 8 16
 747  309  957 0  14 1 5 1 2 4 8 16
 748  689  374 0  65 1 5 1 2 4 8 16
 749  389  348 0  21 1 5 1 2 4 8 16
 750  943  141 0  59 1 5 1 2 4 8 16
 751  414   37 0   2 1 5 1 2 4 8 16
 752  889  238 0  53 1 5 1 2 4 8 16
 753  205  540 0  93 1 5 1 2 4 8 16
 754  849  326 0  44 1 5 1 2 4 8 16
 755  462   45 0  57 1 5 1 2 4 8 16
 756  497  650 0  94 1 5 1 2 4 8 16
 757  965  400 0  46 1 5 1 2 4 8 16
 758   44  419 0  71 1 5 1 2 4 8 16
 759  731  122 0  73 1 5 1 2 4 8 16
 760  360  259 0  63 1 5 1 2 4 8 16
 761  120  791 0  22 1 5 1 2 4 8 16
 762   19  868 0  14 1 5 1 2 4 8 16
 763  823  898 0  74 1 5 1 2 4 8 16
 764  566  851 0  11 1 5 1 2 4 8 16
 765  265  247 0  95 1 5 1 2 4 8 16
 766   29  590 0  13 1 5 1 2 4 8 16
 767  703  588 0  16 1 5 1 2 4 8 16
 768  176  327 0  66 1 5 1 2 4 8 16
 769  909  179 0  43 1 5 1 2 4 8 16
 770  987  539 0  23 1 5 1 2 4 8 16
 771   15  502 0  36 1 5 1 2 4 8 16
 772  357  180 0  26 1 5 1 2 4 8 16
 773  333  393 0  79 1 5 1 2 4 8 16
 774   94  441 0  39 1 5 1 2 4 8 16
 775  267  967 0  16 1 5 1 2 4 8 16
 776   14  272 0  46 1 5 1 2 4 8 16
 777  735  295 0  39 1 5 1 2 4 8 16
 778  956  890 0  84 1 5 1 2 4 8 16
 779  315  490 0  93 1 5 1 2 4 8 16
 780  189  377 0  52 1 5 1 2 4 8 16
 781  418  776 0  90 1 5 1 2 4 8 16
 782  364  598 0  48 1 5 1 2 4 8 16
 783  813  313 0  46 1 5 1 2 4 8 16
 784  418  417 0  97 1 5 1 2 4 8 16
 785  451  266 0  87 1 5 1 2 4 8 16
 786  943  146 0  50 1 5 1 2 4 8 16
 787  139   92 0  26 1 5 1 2 4 8 16
 788  903   42 0  63 1 5 1 2 4 8 16
 789  624  751 0  30 1 5 1 2 4 8 16
 790  982  909 0  25 1 5 1 2 4 8 16
 791  393  282 0  76 1 5 1 2 4 8 16
 792  282  836 0  66 1 5 1 2 4 8 16
 793  242  694 0  29 1 5 1 2 4 8 16
 794  762  806 0  65 1 5 1 2 4 8 16
 795  386  980 0   8 1 5 1 2 4 8 16
 796  472  153 0  40 1 5 1 2 4 8 16
 797  171   78 0  32 1 5 1 2 4 8 16
 798  968   43 0  37 1 5 1 2 4 8 16
 799   23  938 0  14 1 5 1 2 4 8 16
 800  871   66 0  40 1 5 1 2 4 8 16
 801  148   11 0  56 1 5 1 2 4 8 16
 802  808  517 0  25 1 5 1 2 4 8 16
 803   48  498 0  63 1 5 1 2 4 8 16
 804  926  705 0  79 1 5 1 2 4 8 16
 805  846  544 0  65 1 5 1 2 4 8 16
 806  102   94 0  60 1 5 1 2 4 8 16
 807   16  944 0  18 1 5 1 2 4 8 16
 808  474  285 0  76 1 5 1 2 4 8 16
 809  136  428 0  52 1 5 1 2 4 8 16
 810  656  967 0  40 1 5 1 2 4 8 16
 811  515  931 0  54 1 5 1 2 4 8 16
 812  359  515 0  43 1 5 1 2 4 8 16
 813  687  889 0  74 1 5 1 2 4 8 16
 814   62  670 0  91 1 5 1 2 4 8 16
 815  222  850 0  19 1 5 1 2 4 8 16
 816  200    0 0  83 1 5 1 2 4 8 16
 817  912  490 0   7 1 5 1 2 4 8 16
 818   55  589 0   3 1 5 1 2 4 8 16
 819  678  336 0  85 1 5 1 2 4 8 16
 820  326  347 0  72 1 5 1 2 4 8 16
 821  141  247 0  76 1 5 1 2 4 8 16
 822  274  308 0  81 1 5 1 2 4 8 16
 823  391  529 0  90 1 5 1 2 4 8 16
 824  311   21 0  96 1 5 1 2 4 8 16
 825  803  931 0  29 1 5 1 2 4 8 16
 826  431  736 0  30 1 5 1 2 4 8 16
 827  377  153 0   5 1 5 1 2 4 8 16
 828  256  557 0  14 1 5 1 2 4 8 16
 829  664   90 0  67 1 5 1 2 4 8 16
 830  208  225 0  22 1 5 1 2 4 8 16
 831   34  163 0  27 1 5 1 2 4 8 16
 832  550  392 0  82 1 5 1 2 4 8 16
 833  133  902 0  92 1 5 1 2 4 8 16
 834  549  528 0  52 1 5 1 2 4 8 16
 835  713   59 0  71 1 5 1 2 4 8 16
 836  737  333 0   3 1 5 1 2 4 8 16
 837  747  816 0  11 1 5 1 2 4 8 16
 838  903  532 0  71 1 5 1 2 4 8 16
 839  422  727 0  49 1 5 1 2 4 8 16
 840   66  260 0  48 1 5 1 2 4 8 16
 841  356  278 0  49 1 5 1 2 4 8 16
 842  508   90 0  11 1 5 1 2 4 8 16
 843   28  897 0  60 1 5 1 2 4 8 16
 844  150  938 0  17 1 5 1 2 4 8 16
 845  456  573 0  41 1 5 1 2 4 8 16
 846  680  505 0  89 1 5 1 2 4 8 16
 847  890  530 0  38 1 5 1 2 4 8 16
 848  699  942 0  27 1 5 1 2 4 8 16
 849  595  303 0  45 1 5 1 2 4 8 16
 850  260  851 0  14 1 5 1 2 4 8 16
 851  127  283 0  67 1 5 1 2 4 8 16
 852   35  500 0   6 1 5 1 2 4 8 16
 853  946   15 0  10 1 5 1 2 4 8 16
 854  746  996 0  56 1 5 1 2 4 8 16
 855  237  550 0  75 1 5 1 2 4 8 16
 856  629  206 0  68 1 5 1 2 4 8 16
 857   46   34 0  31 1 5 1 2 4 8 16
 858  684  883 0  82 1 5 1 2 4 8 16
 859  330  655 0  43 1 5 1 2 4 8 16
 860  141  657 0  47 1 5 1 2 4 8 16
 861  557  542 0   5 1 5 1 2 4 8 16
 862  536  323 0  97 1 5 1 2 4 8 16
 863  110  733 0  45 1 5 1 2 4 8 16
 864   25  973 0  35 1 5 1 2 4 8 16
 865  593  251 0   6 1 5 1 2 4 8 16
 866  282  747 0  22 1 5 1 2 4 8 16
 867  825  380 0  60 1 5 1 2 4 8 16
 868  643  327 0   1 1 5 1 2 4 8 16
 869  585  769 0  48 1 5 1 2 4 8 16
 870  589  347 0  81 1 5 1 2 4 8 16
 871  509  276 0  91 1 5 1 2 4 8 16
 872  369  297 0  20 1 5 1 2 4 8 16
 873  658  504 0  93 1 5 1 2 4 8 16
 874  223  888 0  24 1 5 1 2 4 8 16
 875  319  949 0  16 1 5 1 2 4 8 16
 876  808  725 0  94 1 5 1 2 4 8 16
 877  137   13 0  58 1 5 1 2 4 8 16
 878  725  153 0 100 1 5 1 2 4 8 16
 879  888  360 0  64 1 5 1 2 4 8 16
 880  795  635 0   3 1 5 1 2 4 8 16
 881  811  852 0  73 1 5 1 2 4 8 16
 882  520  605 0  94 1 5 1 2 4 8 16
 883  296  696 0  76 1 5 1 2 4 8 16
 884  727  339 0  70 1 5 1 2 4 8 16
 885  516  582 0  86 1 5 1 2 4 8 16
 886  521  441 0  62 1 5 1 2 4 8 16
 887  460  606 0  88 1 5 1 2 4 8 16
 888  979  397 0  74 1 5 1 2 4 8 16
 889  324  297 0  40 1 5 1 2 4 8 16
 890  249  522 0  50 1 5 1 2 4 8 16
 891  607  948 0  26 1 5 1 2 4 8 16
 892  402   72 0  69 1 5 1 2 4 8 16
 893  874  659 0  53 1 5 1 2 4 8 16
 894  379  638 0  48 1 5 1 2 4 8 16
 895  178  310 0  92 1 5 1 2 4 8 16
 896  743  427 0  43 1 5 1 2 4 8 16
 897  649  612 0  80 1 5 1 2 4 8 16
 898  197  111 0   2 1 5 1 2 4 8 16
 899  634  375 0  66 1 5 1 2 4 8 16
 900   17  686 0  82 1 5 1 2 4 8 16
 901  779  911 0  22 1 5 1 2 4 8 16
 902   56  823 0  34 1 5 1 2 4 8 16
 903  761  931 0  50 1 5 1 2 4 8 16
 904  784  409 0  39 1 5 1 2 4 8 16
 905   29  128 0   5 1 5 1 2 4 8 16
 906  492  531 0   5 1 5 1 2 4 8 16
 907  916  669 0  72 1 5 1 2 4 8 16
 908  240  870 0   8 1 5 1 2 4 8 16
 909   40  979 0  67 1 5 1 2 4 8 16
 910  949  415 0  73 1 5 1 2 4 8 16
 911  358  491 0  28 1 5 1 2 4 8 16
 912  697  857 0   9 1 5 1 2 4 8 16
 913  457  459 0  91 1 5 1 2 4 8 16
 914  398   90 0  45 1 5 1 2 4 8 16
 915  284  657 0  24 1 5 1 2 4 8 16
 916  592  956 0  71 1 5 1 2 4 8 16
 917  378  928 0  83 1 5 1 2 4 8 16
 918  929  720 0  55 1 5 1 2 4 8 16
 919   19  574 0  27 1 5 1 2 4 8 16
 920  498  295 0  38 1 5 1 2 4 8 16
 921  322  951 0  54 1 5 1 2 4 8 16
 922  598  320 0  80 1 5 1 2 4 8 16
 923  343  396 0  89 1 5 1 2 4 8 16
 924   75  345 0  87 1 5 1 2 4 8 16
 925  545  554 0  16 1 5 1 2 4 8 16
 926  245  517 0  95 1 5 1 2 4 8 16
 927  988  541 0  44 1 5 1 2 4 8 16
 928  701   86 0  90 1 5 1 2 4 8 16
 929  985  242 0  96 1 5 1 2 4 8 16
 930  435  240 0  75 1 5 1 2 4 8 16
 931  712   87 0  12 1 5 1 2 4 8 16
 932  691  849 0  68 1 5 1 2 4 8 16
 933   91  601 0  75 1 5 1 2 4 8 16
 934  695  816 0   5 1 5 1 2 4 8 16
 935  642  756 0  90 1 5 1 2 4 8 16
 936  610  507 0   8 1 5 1 2 4 8 16
 937  354  612 0  54 1 5 1 2 4 8 16
 938   87  544 0  48 1 5 1 2 4 8 16
 939   36  587 0  78 1 5 1 2 4 8 16
 940  494  712 0  88 1 5 1 2 4 8 16
 941  554   55 0  48 1 5 1 2 4 8 16
 942  288   52 0  97 1 5 1 2 4 8 16
 943  813  815 0  51 1 5 1 2 4 8 16
 944 1000  764 0  37 1 5 1 2 4 8 16
 945  505  774 0   4 1 5 1 2 4 8 16
 946  368  519 0   2 1 5 1 2 4 8 16
 947  128  303 0  42 1 5 1 2 4 8 16
 948  106    0 0  73 1 5 1 2 4 8 16
 949  438  450 0  13 1 5 1 2 4 8 16
 950  546  255 0   3 1 5 1 2 4 8 16
 951  794  316 0  16 1 5 1 2 4 8 16
 952  467  798 0  47 1 5 1 2 4 8 16
 953  330  835 0  70 1 5 1 2 4 8 16
 954  177   67 0  70 1 5 1 2 4 8 16
 955  948  341 0   3 1 5 1 2 4 8 16
 956  778   56 0  61 1 5 1 2 4 8 16
 957  204  913 0  58 1 5 1 2 4 8 16
 958  828  646 0  71 1 5 1 2 4 8 16
 959  841  822 0  95 1 5 1 2 4 8 16
 960  148  179 0  50 1 5 1 2 4 8 16
 961  781  480 0  45 1 5 1 2 4 8 16
 962  855  126 0  68 1 5 1 2 4 8 16
 963  781   84 0  41 1 5 1 2 4 8 16
 964  234  177 0  85 1 5 1 2 4 8 16
 965  384  191 0  32 1 5 1 2 4 8 16
 966  225  527 0  25 1 5 1 2 4 8 16
 967  410  564 0  24 1 5 1 2 4 8 16
 968  754  390 0  61 1 5 1 2 4 8 16
 969  657  777 0  61 1 5 1 2 4 8 16
 970  862  108 0  72 1 5 1 2 4 8 16
 971  900  844 0   6 1 5 1 2 4 8 16
 972  140  873 0  11 1 5 1 2 4 8 16
 973  272  474 0  97 1 5 1 2 4 8 16
 974  113  936 0  60 1 5 1 2 4 8 16
 975  558  816 0  56 1 5 1 2 4 8 16
 976  139  130 0  68 1 5 1 2 4 8 16
 977  944  669 0  90 1 5 1 2 4 8 16
 978  549  448 0  21 1 5 1 2 4 8 16
 979  720  319 0  85 1 5 1 2 4 8 16
 980  287  419 0  52 1 5 1 2 4 8 16
 981  378  868 0  36 1 5 1 2 4 8 16
 982  696  428 0  14 1 5 1 2 4 8 16
 983  724  803 0  76 1 5 1 2 4 8 16
 984  883  898 0  21 1 5 1 2 4 8 16
 985  250  992 0  46 1 5 1 2 4 8 16
 986  627  589 0   3 1 5 1 2 4 8 16
 987  527  763 0   4 1 5 1 2 4 8 16
 988  898  591 0  54 1 5 1 2 4 8 16
 989  328  356 0  37 1 5 1 2 4 8 16
 990  688  913 0  51 1 5 1 2 4 8 16
 991  471  655 0  77 1 5 1 2 4 8 16
 992   93  528 0  80 1 5 1 2 4 8 16
 993  988  872 0  10 1 5 1 2 4 8 16
 994  966  325 0  91 1 5 1 2 4 8 16
 995  973   10 0  91 1 5 1 2 4 8 16
 996  581  242 0  78 1 5 1 2 4 8 16
 997   47  636 0  73 1 5 1 2 4 8 16
 998  739  782 0  76 1 5 1 2 4 8 16
 999  848  477 0  83 1 5 1 2 4 8 16
1000   88  784 0   8 1 5 1 2 4 8 16
1001  596  745 0  76 1 5 1 2 4 8 16
1002  442   98 0  46 1 5 1 2 4 8 16
1003  596  382 0  80 1 5 1 2 4 8 16
1004  301  817 0  47 1 5 1 2 4 8 16
1005  591  354 0  38 1 5 1 2 4 8 16
1006  480  637 0  88 1 5 1 2 4 8 16
1007  710  948 0   7 1 5 1 2 4 8 16
1008  589  976 0  93 1 5 1 2 4 8 16
1009  757  480 0  78 1 5 1 2 4 8 16
1010  129  525 0  88 1 5 1 2 4 8 16
1011  354  138 0  65 1 5 1 2 4 8 16
1012  506  970 0   8 1 5 1 2 4 8 16
1013  370  834 0  67 1 5 1 2 4 8 16
1014  132   37 0  67 1 5 1 2 4 8 16
1015  259  241 0   2 1 5 1 2 4 8 16
1016   23  361 0  55 1 5 1 2 4 8 16
1017  302  164 0   8 1 5 1 2 4 8 16
1018   91   47 0  77 1 5 1 2 4 8 16
1019  724  753 0   9 1 5 1 2 4 8 16
1020  790  207 0  36 1 5 1 2 4 8 16
1021  929   39 0  95 1 5 1 2 4 8 16
1022  526  285 0  93 1 5 1 2 4 8 16
1023  862  351 0  27 1 5 1 2 4 8 16
1024   27  404 0  69 1 5 1 2 4 8 16
1025  550  181 0  77 1 5 1 2 4 8 16
1026  301  414 0  77 1 5 1 2 4 8 16
1027  378  601 0  96 1 5 1 2 4 8 16
1028  940  920 0  95 1 5 1 2 4 8 16
1029  363  912 0  79 1 5 1 2 4 8 16
1030  724  562 0  48 1 5 1 2 4 8 16
1031  129   35 0   2 1 5 1 2 4 8 16
1032  647  687 0  91 1 5 1 2 4 8 16
1033  252  481 0  19 1 5 1 2 4 8 16
1034  101  719 0  20 1 5 1 2 4 8 16
1035  804   68 0  71 1 5 1 2 4 8 16
1036   96  865 0  25 1 5 1 2 4 8 16
1037  100  901 0  45 1 5 1 2 4 8 16
1038  392  753 0  41 1 5 1 2 4 8 16
1039  801  612 0  23 1 5 1 2 4 8 16
1040  591  469 0  58 1 5 1 2 4 8 16
1041  867  626 0  45 1 5 1 2 4 8 16
1042  757  134 0   5 1 5 1 2 4 8 16
1043  371  920 0  35 1 5 1 2 4 8 16
1044  286  999 0  34 1 5 1 2 4 8 16
1045  750  508 0   8 1 5 1 2 4 8 16
1046  596  321 0  30 1 5 1 2 4 8 16
1047  218  392 0  22 1 5 1 2 4 8 16
1048  443   67 0  29 1 5 1 2 4 8 16
1049  404   32 0  99 1 5 1 2 4 8 16
1050   52  881 0  82 1 5 1 2 4 8 16
1051   77  162 0  52 1 5 1 2 4 8 16
1052   45  441 0  97 1 5 1 2 4 8 16
1053  163  396 0  80 1 5 1 2 4 8 16
1054  267  341 0  83 1 5 1 2 4 8 16
1055  128  334 0  66 1 5 1 2 4 8 16
1056  827  983 0  78 1 5 1 2 4 8 16
1057  602  728 0  15 1 5 1 2 4 8 16
1058  314  624 0  34 1 5 1 2 4 8 16
1059  691  610 0  64 1 5 1 2 4 8 16
1060  969  605 0  31 1 5 1 2 4 8 16
1061  212  350 0  56 1 5 1 2 4 8 16
1062  258  463 0  26 1 5 1 2 4 8 16
1063  433  311 0  66 1 5 1 2 4 8 16
1064  636  690 0  84 1 5 1 2 4 8 16
1065  526   77 0   6 1 5 1 2 4 8 16
1066  413  361 0  17 1 5 1 2 4 8 16
1067  791  316 0  31 1 5 1 2 4 8 16
1068  883   58 0  64 1 5 1 2 4 8 16
1069  897  704 0  97 1 5 1 2 4 8 16
1070  767   12 0  45 1 5 1 2 4 8 16
1071  406  507 0  86 1 5 1 2 4 8 16
1072   78  607 0  77 1 5 1 2 4 8 16
1073  763  526 0  42 1 5 1 2 4 8 16
1074  334  429 0  44 1 5 1 2 4 8 16
1075  942  569 0  35 1 5 1 2 4 8 16
1076   31  635 0  22 1 5 1 2 4 8 16
1077  130  445 0  19 1 5 1 2 4 8 16
1078  174   64 0  22 1 5 1 2 4 8 16
1079  829  133 0  51 1 5 1 2 4 8 16
1080  396  574 0  28 1 5 1 2 4 8 16
1081  922  945 0  64 1 5 1 2 4 8 16
1082  492  220 0  69 1 5 1 2 4 8 16
1083  232  912 0  81 1 5 1 2 4 8 16
1084  141  380 0  64 1 5 1 2 4 8 16
1085  299  373 0  12 1 5 1 2 4 8 16
1086  209  349 0  74 1 5 1 2 4 8 16
1087  732   36 0  78 1 5 1 2 4 8 16
1088  356  585 0  91 1 5 1 2 4 8 16
1089  816  766 0  58 1 5 1 2 4 8 16
1090  127  828 0  32 1 5 1 2 4 8 16
1091  507  165 0  39 1 5 1 2 4 8 16
1092  965  839 0  71 1 5 1 2 4 8 16
1093  186  921 0  93 1 5 1 2 4 8 16
1094   43   21 0   2 1 5 1 2 4 8 16
1095  324  820 0  60 1 5 1 2 4 8 16
1096  823  423 0  34 1 5 1 2 4 8 16
1097  635  268 0  92 1 5 1 2 4 8 16
1098  507  749 0  77 1 5 1 2 4 8 16
1099  152  325 0  56 1 5 1 2 4 8 16
1100  821  919 0  24 1 5 1 2 4 8 16
1101  221  639 0  56 1 5 1 2 4 8 16
1102  127  255 0  62 1 5 1 2 4 8 16
1103  177  912 0   4 1 5 1 2 4 8 16
1104  125  876 0  23 1 5 1 2 4 8 16
1105   90  488 0  24 1 5 1 2 4 8 16
1106  517  382 0  77 1 5 1 2 4 8 16
1107  824  200 0  67 1 5 1 2 4 8 16
1108  815  435 0  21 1 5 1 2 4 8 16
1109  650  966 0  68 1 5 1 2 4 8 16
1110  548  964 0  13 1 5 1 2 4 8 16
1111    2  466 0  48 1 5 1 2 4 8 16
1112  244  490 0  13 1 5 1 2 4 8 16
1113   29  987 0  48 1 5 1 2 4 8 16
1114  800  480 0  53 1 5 1 2 4 8 16
1115  224  531 0  62 1 5 1 2 4 8 16
1116  601  492 0  86 1 5 1 2 4 8 16
1117  138  411 0  62 1 5 1 2 4 8 16
1118  342  175 0  16 1 5 1 2 4 8 16
1119  424   92 0  25 1 5 1 2 4 8 16
1120  453  763 0  83 1 5 1 2 4 8 16
1121  704  235 0  47 1 5 1 2 4 8 16
1122  633   37 0  65 1 5 1 2 4 8 16
1123   19  294 0   9 1 5 1 2 4 8 16
1124  312  711 0  28 1 5 1 2 4 8 16
1125  283  722 0  86 1 5 1 2 4 8 16
1126  627   50 0  40 1 5 1 2 4 8 16
1127  211  343 0   9 1 5 1 2 4 8 16
1128   77  845 0  57 1 5 1 2 4 8 16
1129  795  535 0  70 1 5 1 2 4 8 16
1130  438  273 0  91 1 5 1 2 4 8 16
1131  916  238 0  11 1 5 1 2 4 8 16
1132  186  584 0  12 1 5 1 2 4 8 16
1133  981  822 0  15 1 5 1 2 4 8 16
1134  713  104 0  68 1 5 1 2 4 8 16
1135  835  499 0   8 1 5 1 2 4 8 16
1136  883  346 0  43 1 5 1 2 4 8 16
1137  603  973 0  18 1 5 1 2 4 8 16
1138  426  746 0  94 1 5 1 2 4 8 16
1139  981  748 0  30 1 5 1 2 4 8 16
1140  758  813 0  97 1 5 1 2 4 8 16
1141  775  580 0  71 1 5 1 2 4 8 16
1142  315  673 0  64 1 5 1 2 4 8 16
1143  114  642 0  91 1 5 1 2 4 8 16
1144  459  459 0  11 1 5 1 2 4 8 16
1145  593  218 0  54 1 5 1 2 4 8 16
1146  356  796 0  83 1 5 1 2 4 8 16
1147  901  824 0  19 1 5 1 2 4 8 16
1148  460  554 0  27 1 5 1 2 4 8 16
1149   20  371 0  46 1 5 1 2 4 8 16
1150  941  579 0  15 1 5 1 2 4 8 16
1151  761  455 0  95 1 5 1 2 4 8 16
1152  510   46 0  44 1 5 1 2 4 8 16
1153  283  368 0  88 1 5 1 2 4 8 16
1154  113  502 0  62 1 5 1 2 4 8 16
1155  215  499 0  45 1 5 1 2 4 8 16
1156  768  232 0   5 1 5 1 2 4 8 16
1157  810    2 0  42 1 5 1 2 4 8 16
1158  842  581 0  86 1 5 1 2 4 8 16
1159  740  774 0  43 1 5 1 2 4 8 16
1160  885  701 0  71 1 5 1 2 4 8 16
1161  203  633 0  23 1 5 1 2 4 8 16
1162  798  185 0  16 1 5 1 2 4 8 16
1163  599  365 0  87 1 5 1 2 4 8 16
1164  812  465 0  56 1 5 1 2 4 8 16
1165  604  150 0  92 1 5 1 2 4 8 16
1166  644  380 0  80 1 5 1 2 4 8 16
1167  470  165 0  86 1 5 1 2 4 8 16
1168  200  774 0  44 1 5 1 2 4 8 16
1169  895  995 0  69 1 5 1 2 4 8 16
1170  126   32 0  69 1 5 1 2 4 8 16
1171  903  420 0  46 1 5 1 2 4 8 16
1172  939  680 0 100 1 5 1 2 4 8 16
1173  606  137 0  96 1 5 1 2 4 8 16
1174  638  403 0  54 1 5 1 2 4 8 16
1175  801  256 0  11 1 5 1 2 4 8 16
1176  332  824 0  88 1 5 1 2 4 8 16
1177  792  688 0  95 1 5 1 2 4 8 16
1178  990  627 0  80 1 5 1 2 4 8 16
1179  904  538 0  82 1 5 1 2 4 8 16
1180  352  429 0  22 1 5 1 2 4 8 16
1181  637  389 0  36 1 5 1 2 4 8 16
1182  618  998 0  37 1 5 1 2 4 8 16
1183  837  681 0  95 1 5 1 2 4 8 16
1184  959  317 0  93 1 5 1 2 4 8 16
1185  185  310 0   2 1 5 1 2 4 8 16
1186  879  300 0  23 1 5 1 2 4 8 16
1187  493  654 0  59 1 5 1 2 4 8 16
1188  216  740 0  70 1 5 1 2 4 8 16
1189  433  921 0  13 1 5 1 2 4 8 16
1190  813  844 0  80 1 5 1 2 4 8 16
1191  240  432 0   9 1 5 1 2 4 8 16
1192  634  824 0  25 1 5 1 2 4 8 16
1193  796  864 0  94 1 5 1 2 4 8 16
1194  525   33 0  46 1 5 1 2 4 8 16
1195  660  569 0  57 1 5 1 2 4 8 16
1196  671  664 0  93 1 5 1 2 4 8 16
1197  823  927 0  24 1 5 1 2 4 8 16
1198   42  187 0  27 1 5 1 2 4 8 16
1199  921  714 0  29 1 5 1 2 4 8 16
1200  837  389 0   9 1 5 1 2 4 8 16
1201  370  257 0  63 1 5 1 2 4 8 16
1202  499  184 0  85 1 5 1 2 4 8 16
1203  536  550 0   9 1 5 1 2 4 8 16
1204  771  983 0  84 1 5 1 2 4 8 16
1205  145  853 0  56 1 5 1 2 4 8 16
1206  357  402 0  20 1 5 1 2 4 8 16
1207  234  683 0  98 1 5 1 2 4 8 16
1208  694  203 0   1 1 5 1 2 4 8 16
1209  528  381 0  94 1 5 1 2 4 8 16
1210  709  452 0  69 1 5 1 2 4 8 16
1211  679  273 0   4 1 5 1 2 4 8 16
1212  483  165 0  15 1 5 1 2 4 8 16
1213  458  109 0  30 1 5 1 2 4 8 16
1214  875  946 0  60 1 5 1 2 4 8 16
1215  986  946 0  11 1 5 1 2 4 8 16
1216  293  359 0  96 1 5 1 2 4 8 16
1217  952  658 0  44 1 5 1 2 4 8 16
1218  994  219 0   7 1 5 1 2 4 8 16
1219  485   75 0  12 1 5 1 2 4 8 16
1220  591  988 0  14 1 5 1 2 4 8 16
1221  478  958 0  44 1 5 1 2 4 8 16
1222  900  859 0  38 1 5 1 2 4 8 16
1223  602  310 0  67 1 5 1 2 4 8 16
1224  330  687 0  99 1 5 1 2 4 8 16
1225  509  683 0  97 1 5 1 2 4 8 16
1226  491  735 0  73 1 5 1 2 4 8 16
1227  152   44 0  14 1 5 1 2 4 8 16
1228  177  187 0   3 1 5 1 2 4 8 16
1229  721  297 0  98 1 5 1 2 4 8 16
1230  107  418 0  35 1 5 1 2 4 8 16
1231  989   52 0  61 1 5 1 2 4 8 16
1232  978  237 0  42 1 5 1 2 4 8 16
1233  357  459 0  68 1 5 1 2 4 8 16
1234  965  401 0  48 1 5 1 2 4 8 16
1235    4  405 0  82 1 5 1 2 4 8 16
1236  270   37 0  79 1 5 1 2 4 8 16
1237  721  730 0  81 1 5 1 2 4 8 16
1238  655  660 0  27 1 5 1 2 4 8 16
1239  689  686 0  35 1 5 1 2 4 8 16
1240  571   22 0  50 1 5 1 2 4 8 16
1241  598  551 0  34 1 5 1 2 4 8 16
1242  827  907 0  20 1 5 1 2 4 8 16
1243  147  146 0  17 1 5 1 2 4 8 16
1244  698   91 0  13 1 5 1 2 4 8 16
1245  401  276 0 100 1 5 1 2 4 8 16
1246  186  169 0  72 1 5 1 2 4 8 16
1247  669  251 0   5 1 5 1 2 4 8 16
1248  366  543 0  73 1 5 1 2 4 8 16
1249  544  530 0   0 0 0
1250  487   99 0   0 0 0
1251  814  976 0   0 0 0
1252  364  677 0   0 0 0
1253  736  386 0   0 0 0
