2 147 1264 8
0 250
0 250
0 250
0 250
0 250
0 250
0 250
0 250
   1 612 175 0  16 1 8 1 2 4 8 16 32 64 128
   2 580 583 0  44 1 8 1 2 4 8 16 32 64 128
   3 906 901 0  86 1 8 1 2 4 8 16 32 64 128
   4 689 339 0  26 1 8 1 2 4 8 16 32 64 128
   5 856 327 0  24 1 8 1 2 4 8 16 32 64 128
   6 675 619 0  43 1 8 1 2 4 8 16 32 64 128
   7 434 472 0  19 1 8 1 2 4 8 16 32 64 128
   8 712  44 0  35 1 8 1 2 4 8 16 32 64 128
   9  17 853 0  87 1 8 1 2 4 8 16 32 64 128
  10  41 652 0  52 1 8 1 2 4 8 16 32 64 128
  11 972  79 0  31 1 8 1 2 4 8 16 32 64 128
  12 700 584 0   4 1 8 1 2 4 8 16 32 64 128
  13 288 976 0  91 1 8 1 2 4 8 16 32 64 128
  14 644 267 0  88 1 8 1 2 4 8 16 32 64 128
  15 600 381 0  60 1 8 1 2 4 8 16 32 64 128
  16 604 777 0  67 1 8 1 2 4 8 16 32 64 128
  17 486 451 0  44 1 8 1 2 4 8 16 32 64 128
  18 607 480 0  35 1 8 1 2 4 8 16 32 64 128
  19 795 694 0  44 1 8 1 2 4 8 16 32 64 128
  20 546 640 0  76 1 8 1 2 4 8 16 32 64 128
  21 610 868 0  66 1 8 1 2 4 8 16 32 64 128
  22 860 400 0  75 1 8 1 2 4 8 16 32 64 128
  23 623 844 0  98 1 8 1 2 4 8 16 32 64 128
  24 274 937 0  81 1 8 1 2 4 8 16 32 64 128
  25 143 941 0  20 1 8 1 2 4 8 16 32 64 128
  26  92 235 0  71 1 8 1 2 4 8 16 32 64 128
  27 334 381 0   5 1 8 1 2 4 8 16 32 64 128
  28 813  46 0  22 1 8 1 2 4 8 16 32 64 128
  29 539 499 0  22 1 8 1 2 4 8 16 32 64 128
  30 117 426 0  48 1 8 1 2 4 8 16 32 64 128
  31 456 899 0  71 1 8 1 2 4 8 16 32 64 128
  32 210 973 0  29 1 8 1 2 4 8 16 32 64 128
  33 748 663 0  60 1 8 1 2 4 8 16 32 64 128
  34 701 218 0  36 1 8 1 2 4 8 16 32 64 128
  35 697 781 0  78 1 8 1 2 4 8 16 32 64 128
  36  86 783 0   7 1 8 1 2 4 8 16 32 64 128
  37 913 313 0  44 1 8 1 2 4 8 16 32 64 128
  38 675 329 0  16 1 8 1 2 4 8 16 32 64 128
  39 453 473 0  89 1 8 1 2 4 8 16 32 64 128
  40 160 743 0  53 1 8 1 2 4 8 16 32 64 128
  41 775 403 0  42 1 8 1 2 4 8 16 32 64 128
  42 237 922 0  32 1 8 1 2 4 8 16 32 64 128
  43  86 500 0  20 1 8 1 2 4 8 16 32 64 128
  44 410 850 0  83 1 8 1 2 4 8 16 32 64 128
  45 346  56 0  28 1 8 1 2 4 8 16 32 64 128
  46 414 595 0  68 1 8 1 2 4 8 16 32 64 128
  47 363 262 0  87 1 8 1 2 4 8 16 32 64 128
  48 442 293 0 100 1 8 1 2 4 8 16 32 64 128
  49   4 710 0  73 1 8 1 2 4 8 16 32 64 128
  50 453 188 0  66 1 8 1 2 4 8 16 32 64 128
  51 985 944 0  84 1 8 1 2 4 8 16 32 64 128
  52 419 659 0  87 1 8 1 2 4 8 16 32 64 128
  53 297 484 0  77 1 8 1 2 4 8 16 32 64 128
  54 177 240 0  96 1 8 1 2 4 8 16 32 64 128
  55 840 737 0  24 1 8 1 2 4 8 16 32 64 128
  56 784 164 0  85 1 8 1 2 4 8 16 32 64 128
  57 934 472 0  80 1 8 1 2 4 8 16 32 64 128
  58  77 972 0  49 1 8 1 2 4 8 16 32 64 128
  59 932 157 0  48 1 8 1 2 4 8 16 32 64 128
  60 438 400 0  39 1 8 1 2 4 8 16 32 64 128
  61 610 206 0  36 1 8 1 2 4 8 16 32 64 128
  62 250 996 0  53 1 8 1 2 4 8 16 32 64 128
  63 693 494 0  73 1 8 1 2 4 8 16 32 64 128
  64 521 893 0   6 1 8 1 2 4 8 16 32 64 128
  65 526 617 0  41 1 8 1 2 4 8 16 32 64 128
  66 276 959 0  10 1 8 1 2 4 8 16 32 64 128
  67 979 424 0  43 1 8 1 2 4 8 16 32 64 128
  68 626 203 0  14 1 8 1 2 4 8 16 32 64 128
  69 855 137 0  86 1 8 1 2 4 8 16 32 64 128
  70 227 614 0  94 1 8 1 2 4 8 16 32 64 128
  71 811 384 0   4 1 8 1 2 4 8 16 32 64 128
  72 764 308 0  80 1 8 1 2 4 8 16 32 64 128
  73 389 190 0  87 1 8 1 2 4 8 16 32 64 128
  74 376 176 0  30 1 8 1 2 4 8 16 32 64 128
  75 205 736 0  80 1 8 1 2 4 8 16 32 64 128
  76 279 290 0  97 1 8 1 2 4 8 16 32 64 128
  77 647 972 0  32 1 8 1 2 4 8 16 32 64 128
  78 732 304 0  87 1 8 1 2 4 8 16 32 64 128
  79 562 731 0  40 1 8 1 2 4 8 16 32 64 128
  80 869 275 0  60 1 8 1 2 4 8 16 32 64 128
  81 444 806 0  64 1 8 1 2 4 8 16 32 64 128
  82 434  84 0  78 1 8 1 2 4 8 16 32 64 128
  83 976  82 0  75 1 8 1 2 4 8 16 32 64 128
  84 412 393 0  97 1 8 1 2 4 8 16 32 64 128
  85 909 450 0  13 1 8 1 2 4 8 16 32 64 128
  86 616 723 0  81 1 8 1 2 4 8 16 32 64 128
  87 167 470 0  51 1 8 1 2 4 8 16 32 64 128
  88 448   5 0  77 1 8 1 2 4 8 16 32 64 128
  89 392 935 0  89 1 8 1 2 4 8 16 32 64 128
  90 625 927 0  68 1 8 1 2 4 8 16 32 64 128
  91 677 632 0  94 1 8 1 2 4 8 16 32 64 128
  92 430 552 0  30 1 8 1 2 4 8 16 32 64 128
  93 398  25 0  22 1 8 1 2 4 8 16 32 64 128
  94 208 711 0  76 1 8 1 2 4 8 16 32 64 128
  95 919 490 0  93 1 8 1 2 4 8 16 32 64 128
  96 976 101 0  91 1 8 1 2 4 8 16 32 64 128
  97 614 959 0  68 1 8 1 2 4 8 16 32 64 128
  98 534 730 0  46 1 8 1 2 4 8 16 32 64 128
  99 790 234 0  21 1 8 1 2 4 8 16 32 64 128
 100  46 135 0  42 1 8 1 2 4 8 16 32 64 128
 101 741 970 0  19 1 8 1 2 4 8 16 32 64 128
 102 822 695 0  67 1 8 1 2 4 8 16 32 64 128
 103 685 588 0  38 1 8 1 2 4 8 16 32 64 128
 104 654 147 0  75 1 8 1 2 4 8 16 32 64 128
 105 208 400 0  72 1 8 1 2 4 8 16 32 64 128
 106 309 623 0  48 1 8 1 2 4 8 16 32 64 128
 107 335 869 0  75 1 8 1 2 4 8 16 32 64 128
 108 106 599 0   1 1 8 1 2 4 8 16 32 64 128
 109 539 275 0   8 1 8 1 2 4 8 16 32 64 128
 110 130 956 0   7 1 8 1 2 4 8 16 32 64 128
 111 323 493 0  44 1 8 1 2 4 8 16 32 64 128
 112 818 937 0  33 1 8 1 2 4 8 16 32 64 128
 113  23 848 0  24 1 8 1 2 4 8 16 32 64 128
 114 385 649 0  79 1 8 1 2 4 8 16 32 64 128
 115 761 189 0  42 1 8 1 2 4 8 16 32 64 128
 116  63 882 0  91 1 8 1 2 4 8 16 32 64 128
 117 574 170 0  85 1 8 1 2 4 8 16 32 64 128
 118 256  43 0  27 1 8 1 2 4 8 16 32 64 128
 119 762   3 0  89 1 8 1 2 4 8 16 32 64 128
 120 523 422 0  73 1 8 1 2 4 8 16 32 64 128
 121 520 292 0  92 1 8 1 2 4 8 16 32 64 128
 122 307 273 0  91 1 8 1 2 4 8 16 32 64 128
 123 505 830 0  46 1 8 1 2 4 8 16 32 64 128
 124 170 747 0  26 1 8 1 2 4 8 16 32 64 128
 125 509 176 0  90 1 8 1 2 4 8 16 32 64 128
 126 579 656 0   1 1 8 1 2 4 8 16 32 64 128
 127 336 841 0  42 1 8 1 2 4 8 16 32 64 128
 128 432 865 0  19 1 8 1 2 4 8 16 32 64 128
 129 699 101 0  71 1 8 1 2 4 8 16 32 64 128
 130 484 547 0  50 1 8 1 2 4 8 16 32 64 128
 131 496 333 0  85 1 8 1 2 4 8 16 32 64 128
 132 249 490 0   3 1 8 1 2 4 8 16 32 64 128
 133 570 769 0  33 1 8 1 2 4 8 16 32 64 128
 134 445 436 0  39 1 8 1 2 4 8 16 32 64 128
 135 152 337 0  10 1 8 1 2 4 8 16 32 64 128
 136 569 685 0  17 1 8 1 2 4 8 16 32 64 128
 137 174 945 0  36 1 8 1 2 4 8 16 32 64 128
 138 517 649 0  94 1 8 1 2 4 8 16 32 64 128
 139 118  95 0   5 1 8 1 2 4 8 16 32 64 128
 140 200  16 0  38 1 8 1 2 4 8 16 32 64 128
 141 449 444 0  88 1 8 1 2 4 8 16 32 64 128
 142 103 290 0  38 1 8 1 2 4 8 16 32 64 128
 143 634 443 0  92 1 8 1 2 4 8 16 32 64 128
 144  83 208 0  28 1 8 1 2 4 8 16 32 64 128
 145 228 338 0  37 1 8 1 2 4 8 16 32 64 128
 146 231 183 0  91 1 8 1 2 4 8 16 32 64 128
 147 356  83 0  28 1 8 1 2 4 8 16 32 64 128
 148 633 667 0  11 1 8 1 2 4 8 16 32 64 128
 149 183 806 0   4 1 8 1 2 4 8 16 32 64 128
 150  55 724 0  79 1 8 1 2 4 8 16 32 64 128
 151 769 602 0  82 1 8 1 2 4 8 16 32 64 128
 152 638  61 0  94 1 8 1 2 4 8 16 32 64 128
 153   9 153 0   6 1 8 1 2 4 8 16 32 64 128
 154  48 821 0  39 1 8 1 2 4 8 16 32 64 128
 155 306 204 0   3 1 8 1 2 4 8 16 32 64 128
 156 612 500 0   9 1 8 1 2 4 8 16 32 64 128
 157  31 752 0  45 1 8 1 2 4 8 16 32 64 128
 158 535 575 0  25 1 8 1 2 4 8 16 32 64 128
 159 456 284 0  43 1 8 1 2 4 8 16 32 64 128
 160 751 521 0  32 1 8 1 2 4 8 16 32 64 128
 161 731 928 0  92 1 8 1 2 4 8 16 32 64 128
 162 782 303 0  34 1 8 1 2 4 8 16 32 64 128
 163 773 636 0  57 1 8 1 2 4 8 16 32 64 128
 164 179 269 0  93 1 8 1 2 4 8 16 32 64 128
 165 643 252 0  14 1 8 1 2 4 8 16 32 64 128
 166 562 686 0  31 1 8 1 2 4 8 16 32 64 128
 167  47 502 0  15 1 8 1 2 4 8 16 32 64 128
 168 951 409 0  55 1 8 1 2 4 8 16 32 64 128
 169  29 826 0  23 1 8 1 2 4 8 16 32 64 128
 170 570 270 0  88 1 8 1 2 4 8 16 32 64 128
 171 197   7 0  43 1 8 1 2 4 8 16 32 64 128
 172 713 859 0  80 1 8 1 2 4 8 16 32 64 128
 173 975 577 0  92 1 8 1 2 4 8 16 32 64 128
 174 527  35 0  35 1 8 1 2 4 8 16 32 64 128
 175 981 210 0  25 1 8 1 2 4 8 16 32 64 128
 176 370 607 0   9 1 8 1 2 4 8 16 32 64 128
 177 616 704 0  28 1 8 1 2 4 8 16 32 64 128
 178 958 819 0  62 1 8 1 2 4 8 16 32 64 128
 179 234 368 0  75 1 8 1 2 4 8 16 32 64 128
 180 301 647 0  27 1 8 1 2 4 8 16 32 64 128
 181 571 783 0  95 1 8 1 2 4 8 16 32 64 128
 182 122 248 0  89 1 8 1 2 4 8 16 32 64 128
 183 274 950 0  54 1 8 1 2 4 8 16 32 64 128
 184 257  20 0  21 1 8 1 2 4 8 16 32 64 128
 185 783 387 0  71 1 8 1 2 4 8 16 32 64 128
 186 963 937 0  83 1 8 1 2 4 8 16 32 64 128
 187 713 357 0  72 1 8 1 2 4 8 16 32 64 128
 188 628  24 0  52 1 8 1 2 4 8 16 32 64 128
 189 869 195 0  45 1 8 1 2 4 8 16 32 64 128
 190 904 988 0  48 1 8 1 2 4 8 16 32 64 128
 191  38 465 0  35 1 8 1 2 4 8 16 32 64 128
 192 563 482 0  12 1 8 1 2 4 8 16 32 64 128
 193 577 972 0  18 1 8 1 2 4 8 16 32 64 128
 194 798 281 0  67 1 8 1 2 4 8 16 32 64 128
 195 682 314 0   7 1 8 1 2 4 8 16 32 64 128
 196 231  51 0   6 1 8 1 2 4 8 16 32 64 128
 197 715 446 0  58 1 8 1 2 4 8 16 32 64 128
 198 636  76 0  54 1 8 1 2 4 8 16 32 64 128
 199 192  15 0   6 1 8 1 2 4 8 16 32 64 128
 200 272 598 0  47 1 8 1 2 4 8 16 32 64 128
 201 839 559 0  91 1 8 1 2 4 8 16 32 64 128
 202  85 502 0  14 1 8 1 2 4 8 16 32 64 128
 203 797 226 0  12 1 8 1 2 4 8 16 32 64 128
 204  21 395 0   4 1 8 1 2 4 8 16 32 64 128
 205 963 900 0  82 1 8 1 2 4 8 16 32 64 128
 206 879 978 0  67 1 8 1 2 4 8 16 32 64 128
 207 947 746 0  31 1 8 1 2 4 8 16 32 64 128
 208 465 828 0  60 1 8 1 2 4 8 16 32 64 128
 209 606 962 0  95 1 8 1 2 4 8 16 32 64 128
 210 777 182 0 100 1 8 1 2 4 8 16 32 64 128
 211 384 361 0  41 1 8 1 2 4 8 16 32 64 128
 212 725 168 0  37 1 8 1 2 4 8 16 32 64 128
 213 174 462 0  59 1 8 1 2 4 8 16 32 64 128
 214  65  37 0  35 1 8 1 2 4 8 16 32 64 128
 215 200 114 0   4 1 8 1 2 4 8 16 32 64 128
 216 160 146 0  91 1 8 1 2 4 8 16 32 64 128
 217 883 286 0  41 1 8 1 2 4 8 16 32 64 128
 218 959 332 0  21 1 8 1 2 4 8 16 32 64 128
 219 272 629 0  83 1 8 1 2 4 8 16 32 64 128
 220 910 692 0  19 1 8 1 2 4 8 16 32 64 128
 221 630 301 0  19 1 8 1 2 4 8 16 32 64 128
 222 430 782 0   7 1 8 1 2 4 8 16 32 64 128
 223 456 261 0  45 1 8 1 2 4 8 16 32 64 128
 224 305 959 0  95 1 8 1 2 4 8 16 32 64 128
 225 174  24 0  10 1 8 1 2 4 8 16 32 64 128
 226 495 352 0  85 1 8 1 2 4 8 16 32 64 128
 227 637 439 0  75 1 8 1 2 4 8 16 32 64 128
 228  89 793 0   4 1 8 1 2 4 8 16 32 64 128
 229 200 908 0  79 1 8 1 2 4 8 16 32 64 128
 230 484 530 0  74 1 8 1 2 4 8 16 32 64 128
 231 855 907 0  29 1 8 1 2 4 8 16 32 64 128
 232 443 682 0   9 1 8 1 2 4 8 16 32 64 128
 233 184  80 0  61 1 8 1 2 4 8 16 32 64 128
 234   1  52 0  93 1 8 1 2 4 8 16 32 64 128
 235 107 179 0  34 1 8 1 2 4 8 16 32 64 128
 236 373 760 0  85 1 8 1 2 4 8 16 32 64 128
 237 127 334 0  83 1 8 1 2 4 8 16 32 64 128
 238 699 472 0  80 1 8 1 2 4 8 16 32 64 128
 239 282 786 0  46 1 8 1 2 4 8 16 32 64 128
 240 520 666 0  32 1 8 1 2 4 8 16 32 64 128
 241 871  79 0  76 1 8 1 2 4 8 16 32 64 128
 242 155 641 0  89 1 8 1 2 4 8 16 32 64 128
 243 122 625 0  94 1 8 1 2 4 8 16 32 64 128
 244 299 719 0  36 1 8 1 2 4 8 16 32 64 128
 245  48 958 0  36 1 8 1 2 4 8 16 32 64 128
 246 776 803 0  36 1 8 1 2 4 8 16 32 64 128
 247 669 783 0  41 1 8 1 2 4 8 16 32 64 128
 248 294 335 0   8 1 8 1 2 4 8 16 32 64 128
 249 864 656 0  14 1 8 1 2 4 8 16 32 64 128
 250 608   9 0  30 1 8 1 2 4 8 16 32 64 128
 251  90 139 0  38 1 8 1 2 4 8 16 32 64 128
 252 638 315 0  98 1 8 1 2 4 8 16 32 64 128
 253 104 585 0  45 1 8 1 2 4 8 16 32 64 128
 254 364 138 0  76 1 8 1 2 4 8 16 32 64 128
 255 786 166 0  11 1 8 1 2 4 8 16 32 64 128
 256 677 806 0  99 1 8 1 2 4 8 16 32 64 128
 257 264  94 0  60 1 8 1 2 4 8 16 32 64 128
 258 422 352 0   2 1 8 1 2 4 8 16 32 64 128
 259 291 735 0  85 1 8 1 2 4 8 16 32 64 128
 260 738 373 0   9 1 8 1 2 4 8 16 32 64 128
 261 918 864 0  35 1 8 1 2 4 8 16 32 64 128
 262 110 352 0   2 1 8 1 2 4 8 16 32 64 128
 263 370 145 0  14 1 8 1 2 4 8 16 32 64 128
 264 984 340 0  43 1 8 1 2 4 8 16 32 64 128
 265 464 694 0  79 1 8 1 2 4 8 16 32 64 128
 266 155 613 0  96 1 8 1 2 4 8 16 32 64 128
 267 868 962 0  11 1 8 1 2 4 8 16 32 64 128
 268 553 101 0  26 1 8 1 2 4 8 16 32 64 128
 269 376 588 0  76 1 8 1 2 4 8 16 32 64 128
 270 992 623 0  90 1 8 1 2 4 8 16 32 64 128
 271 557 288 0  64 1 8 1 2 4 8 16 32 64 128
 272 612 177 0  28 1 8 1 2 4 8 16 32 64 128
 273 222 903 0  95 1 8 1 2 4 8 16 32 64 128
 274 183 335 0  20 1 8 1 2 4 8 16 32 64 128
 275 527 658 0   2 1 8 1 2 4 8 16 32 64 128
 276 803 861 0  72 1 8 1 2 4 8 16 32 64 128
 277 986 748 0  39 1 8 1 2 4 8 16 32 64 128
 278 832 940 0  84 1 8 1 2 4 8 16 32 64 128
 279 470 225 0  35 1 8 1 2 4 8 16 32 64 128
 280 487 665 0  22 1 8 1 2 4 8 16 32 64 128
 281 683 715 0  94 1 8 1 2 4 8 16 32 64 128
 282 254  76 0  73 1 8 1 2 4 8 16 32 64 128
 283 494 733 0  19 1 8 1 2 4 8 16 32 64 128
 284 698 550 0  63 1 8 1 2 4 8 16 32 64 128
 285 699 522 0  40 1 8 1 2 4 8 16 32 64 128
 286 822 319 0  15 1 8 1 2 4 8 16 32 64 128
 287 471 648 0  86 1 8 1 2 4 8 16 32 64 128
 288 341 373 0  59 1 8 1 2 4 8 16 32 64 128
 289 590 874 0  48 1 8 1 2 4 8 16 32 64 128
 290 693 685 0  24 1 8 1 2 4 8 16 32 64 128
 291  33 613 0  17 1 8 1 2 4 8 16 32 64 128
 292  39 695 0   3 1 8 1 2 4 8 16 32 64 128
 293 356 389 0  31 1 8 1 2 4 8 16 32 64 128
 294 645 496 0  66 1 8 1 2 4 8 16 32 64 128
 295 991 874 0   4 1 8 1 2 4 8 16 32 64 128
 296  10 840 0  64 1 8 1 2 4 8 16 32 64 128
 297 309 789 0  83 1 8 1 2 4 8 16 32 64 128
 298  25 486 0  64 1 8 1 2 4 8 16 32 64 128
 299 896 843 0  79 1 8 1 2 4 8 16 32 64 128
 300 450 440 0   7 1 8 1 2 4 8 16 32 64 128
 301 150 288 0  15 1 8 1 2 4 8 16 32 64 128
 302 711 112 0   6 1 8 1 2 4 8 16 32 64 128
 303 670 562 0  40 1 8 1 2 4 8 16 32 64 128
 304 898 788 0  41 1 8 1 2 4 8 16 32 64 128
 305 207 109 0  27 1 8 1 2 4 8 16 32 64 128
 306 451 406 0  61 1 8 1 2 4 8 16 32 64 128
 307 205 926 0  86 1 8 1 2 4 8 16 32 64 128
 308 655 954 0  67 1 8 1 2 4 8 16 32 64 128
 309 229 721 0  95 1 8 1 2 4 8 16 32 64 128
 310 334 405 0  19 1 8 1 2 4 8 16 32 64 128
 311 410 320 0  10 1 8 1 2 4 8 16 32 64 128
 312 541 286 0  13 1 8 1 2 4 8 16 32 64 128
 313 329  93 0  12 1 8 1 2 4 8 16 32 64 128
 314 786 295 0  66 1 8 1 2 4 8 16 32 64 128
 315 304 218 0  35 1 8 1 2 4 8 16 32 64 128
 316 741 657 0  91 1 8 1 2 4 8 16 32 64 128
 317 946 216 0  92 1 8 1 2 4 8 16 32 64 128
 318 964 932 0  83 1 8 1 2 4 8 16 32 64 128
 319 805 141 0  64 1 8 1 2 4 8 16 32 64 128
 320 157 448 0  49 1 8 1 2 4 8 16 32 64 128
 321 609 223 0  34 1 8 1 2 4 8 16 32 64 128
 322 573  22 0  84 1 8 1 2 4 8 16 32 64 128
 323 277 395 0  64 1 8 1 2 4 8 16 32 64 128
 324 644 709 0  40 1 8 1 2 4 8 16 32 64 128
 325 606 685 0  80 1 8 1 2 4 8 16 32 64 128
 326 387 636 0   3 1 8 1 2 4 8 16 32 64 128
 327 209 742 0  67 1 8 1 2 4 8 16 32 64 128
 328 553 812 0  33 1 8 1 2 4 8 16 32 64 128
 329 246 190 0  26 1 8 1 2 4 8 16 32 64 128
 330 958 423 0  88 1 8 1 2 4 8 16 32 64 128
 331 586 347 0  45 1 8 1 2 4 8 16 32 64 128
 332 723 738 0  11 1 8 1 2 4 8 16 32 64 128
 333 985 241 0  91 1 8 1 2 4 8 16 32 64 128
 334 575  47 0  24 1 8 1 2 4 8 16 32 64 128
 335 419  21 0  40 1 8 1 2 4 8 16 32 64 128
 336 450 828 0  24 1 8 1 2 4 8 16 32 64 128
 337 791 980 0  11 1 8 1 2 4 8 16 32 64 128
 338 489 602 0  95 1 8 1 2 4 8 16 32 64 128
 339 672 521 0  32 1 8 1 2 4 8 16 32 64 128
 340 218 873 0  65 1 8 1 2 4 8 16 32 64 128
 341 721 423 0  40 1 8 1 2 4 8 16 32 64 128
 342 570 485 0  43 1 8 1 2 4 8 16 32 64 128
 343 504 451 0  89 1 8 1 2 4 8 16 32 64 128
 344 426 150 0  23 1 8 1 2 4 8 16 32 64 128
 345 549 538 0  49 1 8 1 2 4 8 16 32 64 128
 346 705  55 0  10 1 8 1 2 4 8 16 32 64 128
 347 107 268 0  50 1 8 1 2 4 8 16 32 64 128
 348 350 427 0   9 1 8 1 2 4 8 16 32 64 128
 349 817 327 0   1 1 8 1 2 4 8 16 32 64 128
 350 721 991 0  50 1 8 1 2 4 8 16 32 64 128
 351 596 604 0  93 1 8 1 2 4 8 16 32 64 128
 352  86 300 0  26 1 8 1 2 4 8 16 32 64 128
 353 603 890 0  88 1 8 1 2 4 8 16 32 64 128
 354 483 629 0  84 1 8 1 2 4 8 16 32 64 128
 355 498 795 0   9 1 8 1 2 4 8 16 32 64 128
 356 519 808 0  51 1 8 1 2 4 8 16 32 64 128
 357 475 543 0  28 1 8 1 2 4 8 16 32 64 128
 358 492 857 0  42 1 8 1 2 4 8 16 32 64 128
 359 996 337 0  84 1 8 1 2 4 8 16 32 64 128
 360 211 235 0  62 1 8 1 2 4 8 16 32 64 128
 361 884 252 0  44 1 8 1 2 4 8 16 32 64 128
 362 626 867 0   4 1 8 1 2 4 8 16 32 64 128
 363 253 398 0  89 1 8 1 2 4 8 16 32 64 128
 364 857 485 0  77 1 8 1 2 4 8 16 32 64 128
 365 124 610 0  55 1 8 1 2 4 8 16 32 64 128
 366 727 988 0  66 1 8 1 2 4 8 16 32 64 128
 367  20 804 0  99 1 8 1 2 4 8 16 32 64 128
 368 883 397 0  88 1 8 1 2 4 8 16 32 64 128
 369 582 643 0  81 1 8 1 2 4 8 16 32 64 128
 370 284 568 0  92 1 8 1 2 4 8 16 32 64 128
 371 236 731 0  60 1 8 1 2 4 8 16 32 64 128
 372 896 626 0   7 1 8 1 2 4 8 16 32 64 128
 373 119 779 0  95 1 8 1 2 4 8 16 32 64 128
 374 247  73 0  34 1 8 1 2 4 8 16 32 64 128
 375 264 727 0  99 1 8 1 2 4 8 16 32 64 128
 376 260 964 0  54 1 8 1 2 4 8 16 32 64 128
 377 632 231 0  51 1 8 1 2 4 8 16 32 64 128
 378 156 748 0   9 1 8 1 2 4 8 16 32 64 128
 379 277  52 0  91 1 8 1 2 4 8 16 32 64 128
 380 613 856 0  96 1 8 1 2 4 8 16 32 64 128
 381 776 510 0  30 1 8 1 2 4 8 16 32 64 128
 382 656 593 0  62 1 8 1 2 4 8 16 32 64 128
 383 151 723 0  16 1 8 1 2 4 8 16 32 64 128
 384 390 282 0  65 1 8 1 2 4 8 16 32 64 128
 385  29 609 0  80 1 8 1 2 4 8 16 32 64 128
 386 214 420 0  28 1 8 1 2 4 8 16 32 64 128
 387 273  20 0  10 1 8 1 2 4 8 16 32 64 128
 388 404 103 0  26 1 8 1 2 4 8 16 32 64 128
 389 922  69 0  39 1 8 1 2 4 8 16 32 64 128
 390  54 295 0  46 1 8 1 2 4 8 16 32 64 128
 391 862  33 0  30 1 8 1 2 4 8 16 32 64 128
 392 935 399 0  51 1 8 1 2 4 8 16 32 64 128
 393 358 743 0  55 1 8 1 2 4 8 16 32 64 128
 394 973 707 0  57 1 8 1 2 4 8 16 32 64 128
 395 861 118 0  59 1 8 1 2 4 8 16 32 64 128
 396 376 300 0  86 1 8 1 2 4 8 16 32 64 128
 397 736 892 0  42 1 8 1 2 4 8 16 32 64 128
 398 317 214 0  67 1 8 1 2 4 8 16 32 64 128
 399 759 580 0  86 1 8 1 2 4 8 16 32 64 128
 400 631 845 0  23 1 8 1 2 4 8 16 32 64 128
 401 182 814 0   7 1 8 1 2 4 8 16 32 64 128
 402 368 900 0  47 1 8 1 2 4 8 16 32 64 128
 403 376  55 0  12 1 8 1 2 4 8 16 32 64 128
 404  91 758 0  32 1 8 1 2 4 8 16 32 64 128
 405  44 607 0  21 1 8 1 2 4 8 16 32 64 128
 406 343 207 0  90 1 8 1 2 4 8 16 32 64 128
 407 371 261 0  36 1 8 1 2 4 8 16 32 64 128
 408  46 958 0  45 1 8 1 2 4 8 16 32 64 128
 409 707 573 0  33 1 8 1 2 4 8 16 32 64 128
 410 451 911 0  52 1 8 1 2 4 8 16 32 64 128
 411 717 285 0  67 1 8 1 2 4 8 16 32 64 128
 412 875 190 0  83 1 8 1 2 4 8 16 32 64 128
 413 291  92 0  49 1 8 1 2 4 8 16 32 64 128
 414 595 381 0  56 1 8 1 2 4 8 16 32 64 128
 415 945 824 0  92 1 8 1 2 4 8 16 32 64 128
 416  18 266 0  27 1 8 1 2 4 8 16 32 64 128
 417 895 775 0  40 1 8 1 2 4 8 16 32 64 128
 418 341 457 0  40 1 8 1 2 4 8 16 32 64 128
 419 470 372 0  88 1 8 1 2 4 8 16 32 64 128
 420 200 161 0  25 1 8 1 2 4 8 16 32 64 128
 421 348 693 0  87 1 8 1 2 4 8 16 32 64 128
 422 544 270 0  63 1 8 1 2 4 8 16 32 64 128
 423 685 646 0  61 1 8 1 2 4 8 16 32 64 128
 424  13 224 0  36 1 8 1 2 4 8 16 32 64 128
 425 152 808 0  34 1 8 1 2 4 8 16 32 64 128
 426 715 856 0  95 1 8 1 2 4 8 16 32 64 128
 427 395 736 0  13 1 8 1 2 4 8 16 32 64 128
 428 103 369 0  94 1 8 1 2 4 8 16 32 64 128
 429 906 102 0  54 1 8 1 2 4 8 16 32 64 128
 430 185 695 0  38 1 8 1 2 4 8 16 32 64 128
 431 723 364 0  34 1 8 1 2 4 8 16 32 64 128
 432 606 980 0  62 1 8 1 2 4 8 16 32 64 128
 433 885 216 0  53 1 8 1 2 4 8 16 32 64 128
 434 797 979 0  26 1 8 1 2 4 8 16 32 64 128
 435 244 216 0  59 1 8 1 2 4 8 16 32 64 128
 436  25 834 0  64 1 8 1 2 4 8 16 32 64 128
 437 884 165 0  89 1 8 1 2 4 8 16 32 64 128
 438 720 610 0  63 1 8 1 2 4 8 16 32 64 128
 439 654 142 0  96 1 8 1 2 4 8 16 32 64 128
 440 500 458 0  23 1 8 1 2 4 8 16 32 64 128
 441 162 148 0  80 1 8 1 2 4 8 16 32 64 128
 442 614 558 0  71 1 8 1 2 4 8 16 32 64 128
 443 537 511 0  59 1 8 1 2 4 8 16 32 64 128
 444 512 673 0 100 1 8 1 2 4 8 16 32 64 128
 445 453   7 0  99 1 8 1 2 4 8 16 32 64 128
 446 814 918 0  21 1 8 1 2 4 8 16 32 64 128
 447 873 349 0  55 1 8 1 2 4 8 16 32 64 128
 448 217 725 0   4 1 8 1 2 4 8 16 32 64 128
 449 975 561 0  69 1 8 1 2 4 8 16 32 64 128
 450 539 358 0  25 1 8 1 2 4 8 16 32 64 128
 451 869 647 0  22 1 8 1 2 4 8 16 32 64 128
 452   9 964 0  98 1 8 1 2 4 8 16 32 64 128
 453 760 262 0  47 1 8 1 2 4 8 16 32 64 128
 454 367 652 0  69 1 8 1 2 4 8 16 32 64 128
 455   7 841 0   9 1 8 1 2 4 8 16 32 64 128
 456 814 198 0  34 1 8 1 2 4 8 16 32 64 128
 457 879 289 0  20 1 8 1 2 4 8 16 32 64 128
 458 590 403 0  49 1 8 1 2 4 8 16 32 64 128
 459 253  84 0  79 1 8 1 2 4 8 16 32 64 128
 460 204 522 0  93 1 8 1 2 4 8 16 32 64 128
 461 422 317 0  41 1 8 1 2 4 8 16 32 64 128
 462 420 401 0  59 1 8 1 2 4 8 16 32 64 128
 463 963  44 0  83 1 8 1 2 4 8 16 32 64 128
 464 237 662 0  47 1 8 1 2 4 8 16 32 64 128
 465 276 852 0  69 1 8 1 2 4 8 16 32 64 128
 466 719 834 0  72 1 8 1 2 4 8 16 32 64 128
 467  50 324 0  81 1 8 1 2 4 8 16 32 64 128
 468 338 724 0  20 1 8 1 2 4 8 16 32 64 128
 469 930 678 0  95 1 8 1 2 4 8 16 32 64 128
 470 321 800 0  32 1 8 1 2 4 8 16 32 64 128
 471 282 871 0  77 1 8 1 2 4 8 16 32 64 128
 472 235 838 0   3 1 8 1 2 4 8 16 32 64 128
 473 383  80 0  77 1 8 1 2 4 8 16 32 64 128
 474 482 925 0   5 1 8 1 2 4 8 16 32 64 128
 475 935 225 0  71 1 8 1 2 4 8 16 32 64 128
 476 115 125 0  67 1 8 1 2 4 8 16 32 64 128
 477 418 890 0  42 1 8 1 2 4 8 16 32 64 128
 478 555 349 0  56 1 8 1 2 4 8 16 32 64 128
 479 733 744 0  31 1 8 1 2 4 8 16 32 64 128
 480  81 220 0  92 1 8 1 2 4 8 16 32 64 128
 481 577 775 0  53 1 8 1 2 4 8 16 32 64 128
 482 744  92 0  90 1 8 1 2 4 8 16 32 64 128
 483  85 149 0  64 1 8 1 2 4 8 16 32 64 128
 484  12 960 0  24 1 8 1 2 4 8 16 32 64 128
 485 261 813 0  85 1 8 1 2 4 8 16 32 64 128
 486 576 582 0  87 1 8 1 2 4 8 16 32 64 128
 487 357 942 0  37 1 8 1 2 4 8 16 32 64 128
 488 162 855 0  55 1 8 1 2 4 8 16 32 64 128
 489 128 814 0  33 1 8 1 2 4 8 16 32 64 128
 490 958 906 0  75 1 8 1 2 4 8 16 32 64 128
 491 985 757 0  14 1 8 1 2 4 8 16 32 64 128
 492 690 934 0  79 1 8 1 2 4 8 16 32 64 128
 493 356  20 0  60 1 8 1 2 4 8 16 32 64 128
 494 625 351 0   9 1 8 1 2 4 8 16 32 64 128
 495 116 534 0  24 1 8 1 2 4 8 16 32 64 128
 496 292 206 0  80 1 8 1 2 4 8 16 32 64 128
 497 239 521 0  16 1 8 1 2 4 8 16 32 64 128
 498 287 535 0  50 1 8 1 2 4 8 16 32 64 128
 499 495 526 0  12 1 8 1 2 4 8 16 32 64 128
 500  20 509 0   7 1 8 1 2 4 8 16 32 64 128
 501  27 780 0  25 1 8 1 2 4 8 16 32 64 128
 502  48  14 0  71 1 8 1 2 4 8 16 32 64 128
 503 790 348 0   2 1 8 1 2 4 8 16 32 64 128
 504 929 624 0  61 1 8 1 2 4 8 16 32 64 128
 505 763 400 0   4 1 8 1 2 4 8 16 32 64 128
 506 794 936 0  52 1 8 1 2 4 8 16 32 64 128
 507 718 328 0  86 1 8 1 2 4 8 16 32 64 128
 508 381 614 0  92 1 8 1 2 4 8 16 32 64 128
 509 543 623 0  96 1 8 1 2 4 8 16 32 64 128
 510 467 562 0  62 1 8 1 2 4 8 16 32 64 128
 511 182 960 0  37 1 8 1 2 4 8 16 32 64 128
 512 354 827 0  43 1 8 1 2 4 8 16 32 64 128
 513 447 894 0  51 1 8 1 2 4 8 16 32 64 128
 514 323 473 0  22 1 8 1 2 4 8 16 32 64 128
 515 481 273 0 100 1 8 1 2 4 8 16 32 64 128
 516 637 403 0  99 1 8 1 2 4 8 16 32 64 128
 517 986 598 0  47 1 8 1 2 4 8 16 32 64 128
 518 496 672 0  49 1 8 1 2 4 8 16 32 64 128
 519 337 122 0  70 1 8 1 2 4 8 16 32 64 128
 520  11 341 0  93 1 8 1 2 4 8 16 32 64 128
 521 172 325 0  91 1 8 1 2 4 8 16 32 64 128
 522 607 451 0  40 1 8 1 2 4 8 16 32 64 128
 523 463 468 0   7 1 8 1 2 4 8 16 32 64 128
 524 738 962 0  28 1 8 1 2 4 8 16 32 64 128
 525  25 685 0  28 1 8 1 2 4 8 16 32 64 128
 526 720 492 0  88 1 8 1 2 4 8 16 32 64 128
 527 796 565 0  33 1 8 1 2 4 8 16 32 64 128
 528 444 720 0  92 1 8 1 2 4 8 16 32 64 128
 529 368 403 0  79 1 8 1 2 4 8 16 32 64 128
 530 784 996 0  46 1 8 1 2 4 8 16 32 64 128
 531 291 935 0  71 1 8 1 2 4 8 16 32 64 128
 532 376 922 0  36 1 8 1 2 4 8 16 32 64 128
 533  36 340 0  71 1 8 1 2 4 8 16 32 64 128
 534 517 730 0  45 1 8 1 2 4 8 16 32 64 128
 535 447 243 0  44 1 8 1 2 4 8 16 32 64 128
 536 925 989 0  69 1 8 1 2 4 8 16 32 64 128
 537 723 335 0  50 1 8 1 2 4 8 16 32 64 128
 538 832 999 0  49 1 8 1 2 4 8 16 32 64 128
 539 802 565 0   8 1 8 1 2 4 8 16 32 64 128
 540 930 470 0  83 1 8 1 2 4 8 16 32 64 128
 541 770 791 0  33 1 8 1 2 4 8 16 32 64 128
 542 808 236 0  91 1 8 1 2 4 8 16 32 64 128
 543 895 701 0  13 1 8 1 2 4 8 16 32 64 128
 544 187 235 0  74 1 8 1 2 4 8 16 32 64 128
 545 146 743 0  90 1 8 1 2 4 8 16 32 64 128
 546 330 445 0  51 1 8 1 2 4 8 16 32 64 128
 547   4 811 0  90 1 8 1 2 4 8 16 32 64 128
 548 633 288 0   8 1 8 1 2 4 8 16 32 64 128
 549 775 328 0  28 1 8 1 2 4 8 16 32 64 128
 550  42 906 0  20 1 8 1 2 4 8 16 32 64 128
 551 184  49 0   7 1 8 1 2 4 8 16 32 64 128
 552 572 629 0  25 1 8 1 2 4 8 16 32 64 128
 553 278 960 0  12 1 8 1 2 4 8 16 32 64 128
 554 218 131 0  34 1 8 1 2 4 8 16 32 64 128
 555 796 239 0  50 1 8 1 2 4 8 16 32 64 128
 556 358 860 0  46 1 8 1 2 4 8 16 32 64 128
 557 143 825 0   2 1 8 1 2 4 8 16 32 64 128
 558 801 598 0  29 1 8 1 2 4 8 16 32 64 128
 559 685 984 0  32 1 8 1 2 4 8 16 32 64 128
 560 609 962 0  50 1 8 1 2 4 8 16 32 64 128
 561 228 304 0  20 1 8 1 2 4 8 16 32 64 128
 562 574 436 0  27 1 8 1 2 4 8 16 32 64 128
 563  27 652 0   7 1 8 1 2 4 8 16 32 64 128
 564 404 948 0   2 1 8 1 2 4 8 16 32 64 128
 565 659 962 0  58 1 8 1 2 4 8 16 32 64 128
 566 752 252 0  71 1 8 1 2 4 8 16 32 64 128
 567 914 141 0  18 1 8 1 2 4 8 16 32 64 128
 568 139 292 0  86 1 8 1 2 4 8 16 32 64 128
 569 686 416 0  71 1 8 1 2 4 8 16 32 64 128
 570 443 901 0  49 1 8 1 2 4 8 16 32 64 128
 571 184 537 0  70 1 8 1 2 4 8 16 32 64 128
 572  45 671 0  14 1 8 1 2 4 8 16 32 64 128
 573 152 740 0  96 1 8 1 2 4 8 16 32 64 128
 574 856 779 0  81 1 8 1 2 4 8 16 32 64 128
 575 290 698 0   2 1 8 1 2 4 8 16 32 64 128
 576 713 824 0  69 1 8 1 2 4 8 16 32 64 128
 577 768 558 0  85 1 8 1 2 4 8 16 32 64 128
 578 523 348 0  85 1 8 1 2 4 8 16 32 64 128
 579 448 141 0  57 1 8 1 2 4 8 16 32 64 128
 580 620 427 0  64 1 8 1 2 4 8 16 32 64 128
 581 285 258 0  82 1 8 1 2 4 8 16 32 64 128
 582 956 206 0   4 1 8 1 2 4 8 16 32 64 128
 583 212 918 0  53 1 8 1 2 4 8 16 32 64 128
 584 758 475 0   6 1 8 1 2 4 8 16 32 64 128
 585 544  11 0  84 1 8 1 2 4 8 16 32 64 128
 586  18 289 0  68 1 8 1 2 4 8 16 32 64 128
 587 860 109 0  15 1 8 1 2 4 8 16 32 64 128
 588 631 559 0   6 1 8 1 2 4 8 16 32 64 128
 589 724 109 0  44 1 8 1 2 4 8 16 32 64 128
 590 119  18 0  86 1 8 1 2 4 8 16 32 64 128
 591 854 913 0  79 1 8 1 2 4 8 16 32 64 128
 592 359 760 0  27 1 8 1 2 4 8 16 32 64 128
 593  21 633 0  26 1 8 1 2 4 8 16 32 64 128
 594 638 377 0  37 1 8 1 2 4 8 16 32 64 128
 595 927 996 0  52 1 8 1 2 4 8 16 32 64 128
 596 311 232 0  22 1 8 1 2 4 8 16 32 64 128
 597 881  21 0  24 1 8 1 2 4 8 16 32 64 128
 598 198 969 0  71 1 8 1 2 4 8 16 32 64 128
 599 697 883 0  37 1 8 1 2 4 8 16 32 64 128
 600 849  12 0  90 1 8 1 2 4 8 16 32 64 128
 601 490 530 0  32 1 8 1 2 4 8 16 32 64 128
 602 394 210 0  68 1 8 1 2 4 8 16 32 64 128
 603 481 595 0  17 1 8 1 2 4 8 16 32 64 128
 604 213 160 0  88 1 8 1 2 4 8 16 32 64 128
 605 421  69 0  56 1 8 1 2 4 8 16 32 64 128
 606 905  98 0  36 1 8 1 2 4 8 16 32 64 128
 607 769  79 0  85 1 8 1 2 4 8 16 32 64 128
 608 552 263 0  71 1 8 1 2 4 8 16 32 64 128
 609 491 563 0  81 1 8 1 2 4 8 16 32 64 128
 610 805 508 0  94 1 8 1 2 4 8 16 32 64 128
 611 942 355 0  61 1 8 1 2 4 8 16 32 64 128
 612 498 528 0  16 1 8 1 2 4 8 16 32 64 128
 613 846 491 0  20 1 8 1 2 4 8 16 32 64 128
 614 294 971 0  49 1 8 1 2 4 8 16 32 64 128
 615 937 388 0  29 1 8 1 2 4 8 16 32 64 128
 616 231 302 0  37 1 8 1 2 4 8 16 32 64 128
 617 135 542 0  20 1 8 1 2 4 8 16 32 64 128
 618 714  55 0  78 1 8 1 2 4 8 16 32 64 128
 619 154 746 0  89 1 8 1 2 4 8 16 32 64 128
 620 841 644 0  58 1 8 1 2 4 8 16 32 64 128
 621  17 623 0  88 1 8 1 2 4 8 16 32 64 128
 622 779  33 0   4 1 8 1 2 4 8 16 32 64 128
 623 636 751 0  97 1 8 1 2 4 8 16 32 64 128
 624  99  56 0  15 1 8 1 2 4 8 16 32 64 128
 625 835 428 0  13 1 8 1 2 4 8 16 32 64 128
 626 303 111 0   6 1 8 1 2 4 8 16 32 64 128
 627 843 598 0  80 1 8 1 2 4 8 16 32 64 128
 628 620 173 0  95 1 8 1 2 4 8 16 32 64 128
 629 983 750 0  95 1 8 1 2 4 8 16 32 64 128
 630 802 914 0  47 1 8 1 2 4 8 16 32 64 128
 631 685 118 0  27 1 8 1 2 4 8 16 32 64 128
 632 868  70 0  33 1 8 1 2 4 8 16 32 64 128
 633 715 707 0  58 1 8 1 2 4 8 16 32 64 128
 634 450 914 0  85 1 8 1 2 4 8 16 32 64 128
 635 462  32 0  20 1 8 1 2 4 8 16 32 64 128
 636 659 812 0  26 1 8 1 2 4 8 16 32 64 128
 637 698 465 0  48 1 8 1 2 4 8 16 32 64 128
 638 707 898 0  35 1 8 1 2 4 8 16 32 64 128
 639 341 825 0  17 1 8 1 2 4 8 16 32 64 128
 640 555 108 0  88 1 8 1 2 4 8 16 32 64 128
 641 774 465 0  17 1 8 1 2 4 8 16 32 64 128
 642 746 558 0  40 1 8 1 2 4 8 16 32 64 128
 643 161 990 0  43 1 8 1 2 4 8 16 32 64 128
 644  32 855 0  74 1 8 1 2 4 8 16 32 64 128
 645 515 436 0   7 1 8 1 2 4 8 16 32 64 128
 646 118 212 0  40 1 8 1 2 4 8 16 32 64 128
 647 884 726 0  77 1 8 1 2 4 8 16 32 64 128
 648 291 376 0  29 1 8 1 2 4 8 16 32 64 128
 649 147 446 0  32 1 8 1 2 4 8 16 32 64 128
 650 684 334 0  10 1 8 1 2 4 8 16 32 64 128
 651 259 853 0  15 1 8 1 2 4 8 16 32 64 128
 652 326 271 0  77 1 8 1 2 4 8 16 32 64 128
 653 492 478 0  43 1 8 1 2 4 8 16 32 64 128
 654 825 253 0  70 1 8 1 2 4 8 16 32 64 128
 655 404 461 0  94 1 8 1 2 4 8 16 32 64 128
 656 215 369 0  46 1 8 1 2 4 8 16 32 64 128
 657 237 703 0  20 1 8 1 2 4 8 16 32 64 128
 658 960 243 0  82 1 8 1 2 4 8 16 32 64 128
 659 337 563 0  76 1 8 1 2 4 8 16 32 64 128
 660 537 765 0  10 1 8 1 2 4 8 16 32 64 128
 661 597 704 0  68 1 8 1 2 4 8 16 32 64 128
 662  22 886 0   4 1 8 1 2 4 8 16 32 64 128
 663 320 451 0  80 1 8 1 2 4 8 16 32 64 128
 664 345 915 0  15 1 8 1 2 4 8 16 32 64 128
 665 102 710 0  56 1 8 1 2 4 8 16 32 64 128
 666  46  37 0  18 1 8 1 2 4 8 16 32 64 128
 667 554  17 0   1 1 8 1 2 4 8 16 32 64 128
 668 871 438 0  58 1 8 1 2 4 8 16 32 64 128
 669   5 103 0  82 1 8 1 2 4 8 16 32 64 128
 670 511 960 0  85 1 8 1 2 4 8 16 32 64 128
 671 931 277 0  50 1 8 1 2 4 8 16 32 64 128
 672 816  25 0  90 1 8 1 2 4 8 16 32 64 128
 673   4 150 0  40 1 8 1 2 4 8 16 32 64 128
 674 337 205 0  81 1 8 1 2 4 8 16 32 64 128
 675 936 850 0  18 1 8 1 2 4 8 16 32 64 128
 676 466 830 0  89 1 8 1 2 4 8 16 32 64 128
 677  74 311 0  69 1 8 1 2 4 8 16 32 64 128
 678 228 444 0  64 1 8 1 2 4 8 16 32 64 128
 679 603 383 0  49 1 8 1 2 4 8 16 32 64 128
 680 570 573 0  53 1 8 1 2 4 8 16 32 64 128
 681 310 307 0  15 1 8 1 2 4 8 16 32 64 128
 682 965 296 0  56 1 8 1 2 4 8 16 32 64 128
 683  46 401 0  11 1 8 1 2 4 8 16 32 64 128
 684  71 837 0  14 1 8 1 2 4 8 16 32 64 128
 685 340 244 0  20 1 8 1 2 4 8 16 32 64 128
 686  26 661 0  95 1 8 1 2 4 8 16 32 64 128
 687 938 315 0  20 1 8 1 2 4 8 16 32 64 128
 688 402  80 0  21 1 8 1 2 4 8 16 32 64 128
 689 126 471 0  13 1 8 1 2 4 8 16 32 64 128
 690 678 251 0  10 1 8 1 2 4 8 16 32 64 128
 691 255 236 0  43 1 8 1 2 4 8 16 32 64 128
 692 111 774 0  93 1 8 1 2 4 8 16 32 64 128
 693  54 831 0  70 1 8 1 2 4 8 16 32 64 128
 694 786 954 0  53 1 8 1 2 4 8 16 32 64 128
 695 126 453 0   9 1 8 1 2 4 8 16 32 64 128
 696 471 819 0  13 1 8 1 2 4 8 16 32 64 128
 697  32 350 0  69 1 8 1 2 4 8 16 32 64 128
 698 298 973 0  86 1 8 1 2 4 8 16 32 64 128
 699 361 274 0  63 1 8 1 2 4 8 16 32 64 128
 700 886 668 0  97 1 8 1 2 4 8 16 32 64 128
 701  62 660 0   1 1 8 1 2 4 8 16 32 64 128
 702 887 445 0  19 1 8 1 2 4 8 16 32 64 128
 703  96 265 0  35 1 8 1 2 4 8 16 32 64 128
 704 430 204 0  74 1 8 1 2 4 8 16 32 64 128
 705 412 169 0  46 1 8 1 2 4 8 16 32 64 128
 706  60   1 0  95 1 8 1 2 4 8 16 32 64 128
 707 323 801 0  81 1 8 1 2 4 8 16 32 64 128
 708 719 347 0  94 1 8 1 2 4 8 16 32 64 128
 709 113 226 0  54 1 8 1 2 4 8 16 32 64 128
 710 849 630 0  99 1 8 1 2 4 8 16 32 64 128
 711  70 385 0  70 1 8 1 2 4 8 16 32 64 128
 712 674 275 0  97 1 8 1 2 4 8 16 32 64 128
 713 133 649 0  88 1 8 1 2 4 8 16 32 64 128
 714 523  68 0  84 1 8 1 2 4 8 16 32 64 128
 715 413 184 0   1 1 8 1 2 4 8 16 32 64 128
 716 233 179 0  52 1 8 1 2 4 8 16 32 64 128
 717 417  96 0  89 1 8 1 2 4 8 16 32 64 128
 718 210 579 0  76 1 8 1 2 4 8 16 32 64 128
 719 257 144 0  92 1 8 1 2 4 8 16 32 64 128
 720  42  94 0  60 1 8 1 2 4 8 16 32 64 128
 721 191 187 0  56 1 8 1 2 4 8 16 32 64 128
 722 333 405 0  59 1 8 1 2 4 8 16 32 64 128
 723 194 940 0  33 1 8 1 2 4 8 16 32 64 128
 724 359 187 0  49 1 8 1 2 4 8 16 32 64 128
 725 865 479 0  75 1 8 1 2 4 8 16 32 64 128
 726 679 707 0  97 1 8 1 2 4 8 16 32 64 128
 727 861 555 0  41 1 8 1 2 4 8 16 32 64 128
 728 603 278 0  75 1 8 1 2 4 8 16 32 64 128
 729  36 802 0  68 1 8 1 2 4 8 16 32 64 128
 730  22 555 0  18 1 8 1 2 4 8 16 32 64 128
 731 566 713 0  26 1 8 1 2 4 8 16 32 64 128
 732 938 977 0  53 1 8 1 2 4 8 16 32 64 128
 733 230 483 0  99 1 8 1 2 4 8 16 32 64 128
 734 915 510 0  69 1 8 1 2 4 8 16 32 64 128
 735 784  66 0   1 1 8 1 2 4 8 16 32 64 128
 736  85 143 0  90 1 8 1 2 4 8 16 32 64 128
 737 814  77 0  58 1 8 1 2 4 8 16 32 64 128
 738 513 886 0  16 1 8 1 2 4 8 16 32 64 128
 739 209 736 0  36 1 8 1 2 4 8 16 32 64 128
 740 991 442 0  94 1 8 1 2 4 8 16 32 64 128
 741 332  76 0  63 1 8 1 2 4 8 16 32 64 128
 742 809 845 0   9 1 8 1 2 4 8 16 32 64 128
 743 964 643 0  93 1 8 1 2 4 8 16 32 64 128
 744 977 629 0  97 1 8 1 2 4 8 16 32 64 128
 745 643 545 0  29 1 8 1 2 4 8 16 32 64 128
 746 611 397 0  35 1 8 1 2 4 8 16 32 64 128
 747 667 587 0  76 1 8 1 2 4 8 16 32 64 128
 748 592 272 0   3 1 8 1 2 4 8 16 32 64 128
 749 541 733 0  61 1 8 1 2 4 8 16 32 64 128
 750 973 402 0  31 1 8 1 2 4 8 16 32 64 128
 751 623  75 0  28 1 8 1 2 4 8 16 32 64 128
 752 825 564 0  97 1 8 1 2 4 8 16 32 64 128
 753 531 966 0  15 1 8 1 2 4 8 16 32 64 128
 754 337 825 0  47 1 8 1 2 4 8 16 32 64 128
 755 681 692 0  33 1 8 1 2 4 8 16 32 64 128
 756 673 526 0  34 1 8 1 2 4 8 16 32 64 128
 757 192  57 0  34 1 8 1 2 4 8 16 32 64 128
 758 931 191 0  76 1 8 1 2 4 8 16 32 64 128
 759 643 208 0  50 1 8 1 2 4 8 16 32 64 128
 760 371 438 0  86 1 8 1 2 4 8 16 32 64 128
 761 752 727 0  70 1 8 1 2 4 8 16 32 64 128
 762  38 685 0  42 1 8 1 2 4 8 16 32 64 128
 763 461 931 0  36 1 8 1 2 4 8 16 32 64 128
 764 226 531 0  87 1 8 1 2 4 8 16 32 64 128
 765 469 536 0  41 1 8 1 2 4 8 16 32 64 128
 766 793 681 0  60 1 8 1 2 4 8 16 32 64 128
 767 150 442 0  86 1 8 1 2 4 8 16 32 64 128
 768 761  48 0  90 1 8 1 2 4 8 16 32 64 128
 769 498 903 0  73 1 8 1 2 4 8 16 32 64 128
 770 258 282 0  74 1 8 1 2 4 8 16 32 64 128
 771 454 101 0  33 1 8 1 2 4 8 16 32 64 128
 772 889 138 0  19 1 8 1 2 4 8 16 32 64 128
 773 481   4 0  91 1 8 1 2 4 8 16 32 64 128
 774 807 324 0  88 1 8 1 2 4 8 16 32 64 128
 775 431 956 0  56 1 8 1 2 4 8 16 32 64 128
 776  56 630 0  67 1 8 1 2 4 8 16 32 64 128
 777 582 577 0  50 1 8 1 2 4 8 16 32 64 128
 778 847 288 0  15 1 8 1 2 4 8 16 32 64 128
 779 739 263 0  81 1 8 1 2 4 8 16 32 64 128
 780 636 427 0  86 1 8 1 2 4 8 16 32 64 128
 781 268 474 0  56 1 8 1 2 4 8 16 32 64 128
 782 679 239 0  47 1 8 1 2 4 8 16 32 64 128
 783 994 742 0  90 1 8 1 2 4 8 16 32 64 128
 784 540 705 0  34 1 8 1 2 4 8 16 32 64 128
 785 541 922 0  36 1 8 1 2 4 8 16 32 64 128
 786  35 724 0 100 1 8 1 2 4 8 16 32 64 128
 787 421 108 0  15 1 8 1 2 4 8 16 32 64 128
 788 353 340 0  32 1 8 1 2 4 8 16 32 64 128
 789 696  74 0  30 1 8 1 2 4 8 16 32 64 128
 790 343 324 0  63 1 8 1 2 4 8 16 32 64 128
 791 546  67 0  66 1 8 1 2 4 8 16 32 64 128
 792 499 891 0  25 1 8 1 2 4 8 16 32 64 128
 793 238 644 0  40 1 8 1 2 4 8 16 32 64 128
 794 616 899 0  77 1 8 1 2 4 8 16 32 64 128
 795 380 611 0  25 1 8 1 2 4 8 16 32 64 128
 796 845 954 0  57 1 8 1 2 4 8 16 32 64 128
 797 364 367 0  29 1 8 1 2 4 8 16 32 64 128
 798 552 952 0  79 1 8 1 2 4 8 16 32 64 128
 799 401 162 0  36 1 8 1 2 4 8 16 32 64 128
 800 898 989 0  86 1 8 1 2 4 8 16 32 64 128
 801 369 524 0  57 1 8 1 2 4 8 16 32 64 128
 802 454 808 0  73 1 8 1 2 4 8 16 32 64 128
 803  71 885 0  37 1 8 1 2 4 8 16 32 64 128
 804  95 537 0  84 1 8 1 2 4 8 16 32 64 128
 805 642 733 0   2 1 8 1 2 4 8 16 32 64 128
 806 550 238 0  88 1 8 1 2 4 8 16 32 64 128
 807 320 377 0  63 1 8 1 2 4 8 16 32 64 128
 808 334 391 0  24 1 8 1 2 4 8 16 32 64 128
 809 269 568 0  74 1 8 1 2 4 8 16 32 64 128
 810 915 813 0  81 1 8 1 2 4 8 16 32 64 128
 811 687  83 0  22 1 8 1 2 4 8 16 32 64 128
 812 938 699 0  16 1 8 1 2 4 8 16 32 64 128
 813 912 287 0  91 1 8 1 2 4 8 16 32 64 128
 814  64 435 0  71 1 8 1 2 4 8 16 32 64 128
 815  17 984 0  61 1 8 1 2 4 8 16 32 64 128
 816 996  59 0  90 1 8 1 2 4 8 16 32 64 128
 817 858 346 0  46 1 8 1 2 4 8 16 32 64 128
 818 948 855 0  86 1 8 1 2 4 8 16 32 64 128
 819 790 250 0  73 1 8 1 2 4 8 16 32 64 128
 820 341  83 0  10 1 8 1 2 4 8 16 32 64 128
 821 766 300 0  83 1 8 1 2 4 8 16 32 64 128
 822  60 237 0  82 1 8 1 2 4 8 16 32 64 128
 823 572 483 0  47 1 8 1 2 4 8 16 32 64 128
 824 533 472 0  90 1 8 1 2 4 8 16 32 64 128
 825 935 589 0  28 1 8 1 2 4 8 16 32 64 128
 826  29 919 0  69 1 8 1 2 4 8 16 32 64 128
 827 347  98 0  90 1 8 1 2 4 8 16 32 64 128
 828 649  40 0  71 1 8 1 2 4 8 16 32 64 128
 829 604 217 0  38 1 8 1 2 4 8 16 32 64 128
 830 300 395 0  42 1 8 1 2 4 8 16 32 64 128
 831 969 124 0  95 1 8 1 2 4 8 16 32 64 128
 832 883  58 0  12 1 8 1 2 4 8 16 32 64 128
 833 960 847 0  17 1 8 1 2 4 8 16 32 64 128
 834 516 110 0  47 1 8 1 2 4 8 16 32 64 128
 835 985 870 0  24 1 8 1 2 4 8 16 32 64 128
 836 588 997 0   6 1 8 1 2 4 8 16 32 64 128
 837 754 358 0  26 1 8 1 2 4 8 16 32 64 128
 838 982 260 0  81 1 8 1 2 4 8 16 32 64 128
 839 184 102 0  53 1 8 1 2 4 8 16 32 64 128
 840 599 269 0   1 1 8 1 2 4 8 16 32 64 128
 841 336 613 0  14 1 8 1 2 4 8 16 32 64 128
 842 764 950 0  25 1 8 1 2 4 8 16 32 64 128
 843 633 738 0  36 1 8 1 2 4 8 16 32 64 128
 844 134 843 0  51 1 8 1 2 4 8 16 32 64 128
 845 260 554 0  64 1 8 1 2 4 8 16 32 64 128
 846 740 985 0  33 1 8 1 2 4 8 16 32 64 128
 847 411 192 0  19 1 8 1 2 4 8 16 32 64 128
 848 719 911 0  80 1 8 1 2 4 8 16 32 64 128
 849 694 275 0   6 1 8 1 2 4 8 16 32 64 128
 850 136 842 0  73 1 8 1 2 4 8 16 32 64 128
 851 326 560 0  13 1 8 1 2 4 8 16 32 64 128
 852  57 175 0  68 1 8 1 2 4 8 16 32 64 128
 853 834 580 0   6 1 8 1 2 4 8 16 32 64 128
 854 203 594 0  98 1 8 1 2 4 8 16 32 64 128
 855 222 715 0  46 1 8 1 2 4 8 16 32 64 128
 856 618 111 0  48 1 8 1 2 4 8 16 32 64 128
 857 899  34 0   9 1 8 1 2 4 8 16 32 64 128
 858 510 336 0  10 1 8 1 2 4 8 16 32 64 128
 859 347 276 0  67 1 8 1 2 4 8 16 32 64 128
 860 146 145 0  94 1 8 1 2 4 8 16 32 64 128
 861 436  83 0  19 1 8 1 2 4 8 16 32 64 128
 862  43 164 0 100 1 8 1 2 4 8 16 32 64 128
 863 292 841 0  88 1 8 1 2 4 8 16 32 64 128
 864 170 334 0  57 1 8 1 2 4 8 16 32 64 128
 865 474 656 0  53 1 8 1 2 4 8 16 32 64 128
 866 511 101 0  74 1 8 1 2 4 8 16 32 64 128
 867 797 793 0  33 1 8 1 2 4 8 16 32 64 128
 868 619 857 0  57 1 8 1 2 4 8 16 32 64 128
 869 337 570 0  71 1 8 1 2 4 8 16 32 64 128
 870 947 193 0   6 1 8 1 2 4 8 16 32 64 128
 871 201 182 0  31 1 8 1 2 4 8 16 32 64 128
 872 632 642 0  21 1 8 1 2 4 8 16 32 64 128
 873 311 925 0  86 1 8 1 2 4 8 16 32 64 128
 874 430 699 0  54 1 8 1 2 4 8 16 32 64 128
 875 888 720 0  42 1 8 1 2 4 8 16 32 64 128
 876 950  40 0  32 1 8 1 2 4 8 16 32 64 128
 877 524 130 0  29 1 8 1 2 4 8 16 32 64 128
 878 608 796 0  60 1 8 1 2 4 8 16 32 64 128
 879 130 761 0  49 1 8 1 2 4 8 16 32 64 128
 880 569  30 0  60 1 8 1 2 4 8 16 32 64 128
 881 523 980 0  68 1 8 1 2 4 8 16 32 64 128
 882 184 206 0  87 1 8 1 2 4 8 16 32 64 128
 883 392 523 0   5 1 8 1 2 4 8 16 32 64 128
 884 306 141 0  11 1 8 1 2 4 8 16 32 64 128
 885 560 267 0  22 1 8 1 2 4 8 16 32 64 128
 886 862 660 0  65 1 8 1 2 4 8 16 32 64 128
 887 318 674 0  54 1 8 1 2 4 8 16 32 64 128
 888 925 203 0  94 1 8 1 2 4 8 16 32 64 128
 889 419 227 0   1 1 8 1 2 4 8 16 32 64 128
 890 357 535 0  48 1 8 1 2 4 8 16 32 64 128
 891 487 104 0   7 1 8 1 2 4 8 16 32 64 128
 892 444 887 0  15 1 8 1 2 4 8 16 32 64 128
 893   3 695 0   3 1 8 1 2 4 8 16 32 64 128
 894 676 155 0  54 1 8 1 2 4 8 16 32 64 128
 895  96 794 0  36 1 8 1 2 4 8 16 32 64 128
 896 968 508 0  88 1 8 1 2 4 8 16 32 64 128
 897 395 632 0  82 1 8 1 2 4 8 16 32 64 128
 898  37 640 0  32 1 8 1 2 4 8 16 32 64 128
 899 826 326 0  96 1 8 1 2 4 8 16 32 64 128
 900 880 747 0  43 1 8 1 2 4 8 16 32 64 128
 901 860 708 0  77 1 8 1 2 4 8 16 32 64 128
 902 813  29 0  47 1 8 1 2 4 8 16 32 64 128
 903  28 131 0  54 1 8 1 2 4 8 16 32 64 128
 904 295 571 0  60 1 8 1 2 4 8 16 32 64 128
 905 192 504 0  61 1 8 1 2 4 8 16 32 64 128
 906 353 627 0  42 1 8 1 2 4 8 16 32 64 128
 907 174 344 0  47 1 8 1 2 4 8 16 32 64 128
 908 751 177 0   5 1 8 1 2 4 8 16 32 64 128
 909 257 628 0   3 1 8 1 2 4 8 16 32 64 128
 910 679 107 0  49 1 8 1 2 4 8 16 32 64 128
 911  44 983 0  68 1 8 1 2 4 8 16 32 64 128
 912 358 594 0  86 1 8 1 2 4 8 16 32 64 128
 913 696 105 0  52 1 8 1 2 4 8 16 32 64 128
 914 931 835 0  64 1 8 1 2 4 8 16 32 64 128
 915 848 208 0  98 1 8 1 2 4 8 16 32 64 128
 916 544 791 0  18 1 8 1 2 4 8 16 32 64 128
 917 440 578 0  76 1 8 1 2 4 8 16 32 64 128
 918 944  10 0  74 1 8 1 2 4 8 16 32 64 128
 919 282 424 0  75 1 8 1 2 4 8 16 32 64 128
 920 650 686 0  24 1 8 1 2 4 8 16 32 64 128
 921 188 852 0  88 1 8 1 2 4 8 16 32 64 128
 922 363 192 0  57 1 8 1 2 4 8 16 32 64 128
 923 229 389 0  95 1 8 1 2 4 8 16 32 64 128
 924 784 914 0  74 1 8 1 2 4 8 16 32 64 128
 925 860 436 0  28 1 8 1 2 4 8 16 32 64 128
 926 822 362 0  85 1 8 1 2 4 8 16 32 64 128
 927 173 348 0  71 1 8 1 2 4 8 16 32 64 128
 928 148 935 0   9 1 8 1 2 4 8 16 32 64 128
 929 366  48 0  88 1 8 1 2 4 8 16 32 64 128
 930 371 616 0  95 1 8 1 2 4 8 16 32 64 128
 931 804 101 0  21 1 8 1 2 4 8 16 32 64 128
 932 385 742 0  51 1 8 1 2 4 8 16 32 64 128
 933  79 126 0   6 1 8 1 2 4 8 16 32 64 128
 934 913 804 0  27 1 8 1 2 4 8 16 32 64 128
 935 678  64 0  15 1 8 1 2 4 8 16 32 64 128
 936 371 170 0  56 1 8 1 2 4 8 16 32 64 128
 937 441 765 0  57 1 8 1 2 4 8 16 32 64 128
 938 594 688 0  62 1 8 1 2 4 8 16 32 64 128
 939 147 642 0  83 1 8 1 2 4 8 16 32 64 128
 940 795 200 0   2 1 8 1 2 4 8 16 32 64 128
 941 432 962 0  67 1 8 1 2 4 8 16 32 64 128
 942 928 585 0  99 1 8 1 2 4 8 16 32 64 128
 943 118 193 0  77 1 8 1 2 4 8 16 32 64 128
 944 187 746 0  68 1 8 1 2 4 8 16 32 64 128
 945 653 146 0  50 1 8 1 2 4 8 16 32 64 128
 946 791 991 0  92 1 8 1 2 4 8 16 32 64 128
 947 137 507 0  65 1 8 1 2 4 8 16 32 64 128
 948 736 349 0  37 1 8 1 2 4 8 16 32 64 128
 949 895 166 0  60 1 8 1 2 4 8 16 32 64 128
 950 820 362 0  32 1 8 1 2 4 8 16 32 64 128
 951 446 786 0   6 1 8 1 2 4 8 16 32 64 128
 952  80 936 0  68 1 8 1 2 4 8 16 32 64 128
 953  87 337 0  42 1 8 1 2 4 8 16 32 64 128
 954 501 339 0  81 1 8 1 2 4 8 16 32 64 128
 955 551 833 0  32 1 8 1 2 4 8 16 32 64 128
 956 415 693 0  48 1 8 1 2 4 8 16 32 64 128
 957 587  88 0  35 1 8 1 2 4 8 16 32 64 128
 958 458 374 0  73 1 8 1 2 4 8 16 32 64 128
 959 881 846 0  92 1 8 1 2 4 8 16 32 64 128
 960 681 432 0   4 1 8 1 2 4 8 16 32 64 128
 961 584 568 0  99 1 8 1 2 4 8 16 32 64 128
 962  19 682 0  11 1 8 1 2 4 8 16 32 64 128
 963 728 827 0  48 1 8 1 2 4 8 16 32 64 128
 964 874 229 0  74 1 8 1 2 4 8 16 32 64 128
 965 388 340 0  96 1 8 1 2 4 8 16 32 64 128
 966 842 738 0  43 1 8 1 2 4 8 16 32 64 128
 967 847 640 0   9 1 8 1 2 4 8 16 32 64 128
 968 679 385 0  23 1 8 1 2 4 8 16 32 64 128
 969 799 211 0  34 1 8 1 2 4 8 16 32 64 128
 970 811 441 0  19 1 8 1 2 4 8 16 32 64 128
 971 352 504 0  18 1 8 1 2 4 8 16 32 64 128
 972 643 899 0  81 1 8 1 2 4 8 16 32 64 128
 973 427 509 0  43 1 8 1 2 4 8 16 32 64 128
 974 948  60 0  16 1 8 1 2 4 8 16 32 64 128
 975 657 448 0  39 1 8 1 2 4 8 16 32 64 128
 976  63 164 0  85 1 8 1 2 4 8 16 32 64 128
 977 362 990 0  31 1 8 1 2 4 8 16 32 64 128
 978 882 703 0  52 1 8 1 2 4 8 16 32 64 128
 979 913 665 0  26 1 8 1 2 4 8 16 32 64 128
 980 172 398 0  52 1 8 1 2 4 8 16 32 64 128
 981 776 117 0   6 1 8 1 2 4 8 16 32 64 128
 982 956 283 0   6 1 8 1 2 4 8 16 32 64 128
 983  53  74 0  38 1 8 1 2 4 8 16 32 64 128
 984 796 977 0  83 1 8 1 2 4 8 16 32 64 128
 985 677 392 0  29 1 8 1 2 4 8 16 32 64 128
 986 522 854 0  77 1 8 1 2 4 8 16 32 64 128
 987  18 821 0   9 1 8 1 2 4 8 16 32 64 128
 988  74 582 0  21 1 8 1 2 4 8 16 32 64 128
 989 590 133 0  79 1 8 1 2 4 8 16 32 64 128
 990 431 387 0  79 1 8 1 2 4 8 16 32 64 128
 991 949 884 0  23 1 8 1 2 4 8 16 32 64 128
 992 514 711 0  24 1 8 1 2 4 8 16 32 64 128
 993 405 743 0  22 1 8 1 2 4 8 16 32 64 128
 994 888 416 0  86 1 8 1 2 4 8 16 32 64 128
 995 229 967 0  27 1 8 1 2 4 8 16 32 64 128
 996  54 504 0  52 1 8 1 2 4 8 16 32 64 128
 997 105 888 0   4 1 8 1 2 4 8 16 32 64 128
 998 828 462 0  41 1 8 1 2 4 8 16 32 64 128
 999 721 414 0  80 1 8 1 2 4 8 16 32 64 128
1000 878  85 0  73 1 8 1 2 4 8 16 32 64 128
1001 645  73 0  59 1 8 1 2 4 8 16 32 64 128
1002 357 196 0   2 1 8 1 2 4 8 16 32 64 128
1003 576 113 0   2 1 8 1 2 4 8 16 32 64 128
1004 593 998 0  16 1 8 1 2 4 8 16 32 64 128
1005  15 718 0  89 1 8 1 2 4 8 16 32 64 128
1006 919 915 0  46 1 8 1 2 4 8 16 32 64 128
1007 921 623 0  26 1 8 1 2 4 8 16 32 64 128
1008 616 539 0   3 1 8 1 2 4 8 16 32 64 128
1009 861 703 0  52 1 8 1 2 4 8 16 32 64 128
1010 900 519 0  93 1 8 1 2 4 8 16 32 64 128
1011 969 887 0  93 1 8 1 2 4 8 16 32 64 128
1012 681 544 0  67 1 8 1 2 4 8 16 32 64 128
1013 359 954 0  68 1 8 1 2 4 8 16 32 64 128
1014 974 594 0  95 1 8 1 2 4 8 16 32 64 128
1015 324 328 0  74 1 8 1 2 4 8 16 32 64 128
1016  95 456 0  14 1 8 1 2 4 8 16 32 64 128
1017 984 454 0  70 1 8 1 2 4 8 16 32 64 128
1018 214 710 0  53 1 8 1 2 4 8 16 32 64 128
1019 760 359 0 100 1 8 1 2 4 8 16 32 64 128
1020 291 716 0  19 1 8 1 2 4 8 16 32 64 128
1021 141 480 0  47 1 8 1 2 4 8 16 32 64 128
1022 130 311 0  75 1 8 1 2 4 8 16 32 64 128
1023 679 880 0  57 1 8 1 2 4 8 16 32 64 128
1024 636 356 0  19 1 8 1 2 4 8 16 32 64 128
1025 941 218 0  50 1 8 1 2 4 8 16 32 64 128
1026 706 902 0  91 1 8 1 2 4 8 16 32 64 128
1027 222 945 0  23 1 8 1 2 4 8 16 32 64 128
1028 467 878 0  94 1 8 1 2 4 8 16 32 64 128
1029 560 855 0  89 1 8 1 2 4 8 16 32 64 128
1030 703 361 0  56 1 8 1 2 4 8 16 32 64 128
1031 853   0 0  10 1 8 1 2 4 8 16 32 64 128
1032 343 464 0  30 1 8 1 2 4 8 16 32 64 128
1033 776 635 0  90 1 8 1 2 4 8 16 32 64 128
1034 432 920 0  12 1 8 1 2 4 8 16 32 64 128
1035  46 188 0  69 1 8 1 2 4 8 16 32 64 128
1036 620 695 0  73 1 8 1 2 4 8 16 32 64 128
1037 733 820 0  82 1 8 1 2 4 8 16 32 64 128
1038 451  88 0  21 1 8 1 2 4 8 16 32 64 128
1039 494 998 0   2 1 8 1 2 4 8 16 32 64 128
1040 776 953 0  22 1 8 1 2 4 8 16 32 64 128
1041  20 851 0  86 1 8 1 2 4 8 16 32 64 128
1042 285 253 0  63 1 8 1 2 4 8 16 32 64 128
1043 280 916 0  59 1 8 1 2 4 8 16 32 64 128
1044 463 427 0  27 1 8 1 2 4 8 16 32 64 128
1045 689  65 0   8 1 8 1 2 4 8 16 32 64 128
1046  36 555 0  60 1 8 1 2 4 8 16 32 64 128
1047 901 160 0  28 1 8 1 2 4 8 16 32 64 128
1048 759 584 0  32 1 8 1 2 4 8 16 32 64 128
1049 989 550 0  66 1 8 1 2 4 8 16 32 64 128
1050 133 970 0  14 1 8 1 2 4 8 16 32 64 128
1051 766 597 0  50 1 8 1 2 4 8 16 32 64 128
1052 571 631 0  11 1 8 1 2 4 8 16 32 64 128
1053 124 681 0  62 1 8 1 2 4 8 16 32 64 128
1054 990 930 0  92 1 8 1 2 4 8 16 32 64 128
1055 552 274 0  40 1 8 1 2 4 8 16 32 64 128
1056 555 230 0  79 1 8 1 2 4 8 16 32 64 128
1057  95 336 0  67 1 8 1 2 4 8 16 32 64 128
1058 995 924 0  13 1 8 1 2 4 8 16 32 64 128
1059  69 583 0  88 1 8 1 2 4 8 16 32 64 128
1060 384 103 0  98 1 8 1 2 4 8 16 32 64 128
1061 563 773 0  92 1 8 1 2 4 8 16 32 64 128
1062 550 231 0  88 1 8 1 2 4 8 16 32 64 128
1063 928 998 0  87 1 8 1 2 4 8 16 32 64 128
1064  55 982 0  43 1 8 1 2 4 8 16 32 64 128
1065 160 949 0  70 1 8 1 2 4 8 16 32 64 128
1066 747  13 0   8 1 8 1 2 4 8 16 32 64 128
1067 229 235 0  40 1 8 1 2 4 8 16 32 64 128
1068 964 310 0  96 1 8 1 2 4 8 16 32 64 128
1069 724 648 0  73 1 8 1 2 4 8 16 32 64 128
1070 715 567 0  41 1 8 1 2 4 8 16 32 64 128
1071 667 688 0  73 1 8 1 2 4 8 16 32 64 128
1072 208 446 0  21 1 8 1 2 4 8 16 32 64 128
1073 418 252 0  52 1 8 1 2 4 8 16 32 64 128
1074 224 401 0  46 1 8 1 2 4 8 16 32 64 128
1075   7 934 0   6 1 8 1 2 4 8 16 32 64 128
1076 445 445 0  49 1 8 1 2 4 8 16 32 64 128
1077 706 396 0   9 1 8 1 2 4 8 16 32 64 128
1078  52 637 0  32 1 8 1 2 4 8 16 32 64 128
1079 580 543 0  67 1 8 1 2 4 8 16 32 64 128
1080  54 558 0  54 1 8 1 2 4 8 16 32 64 128
1081 715  95 0  95 1 8 1 2 4 8 16 32 64 128
1082 958 917 0  44 1 8 1 2 4 8 16 32 64 128
1083 380 922 0  54 1 8 1 2 4 8 16 32 64 128
1084 500 252 0  11 1 8 1 2 4 8 16 32 64 128
1085 583 240 0  42 1 8 1 2 4 8 16 32 64 128
1086 710 290 0  43 1 8 1 2 4 8 16 32 64 128
1087 806 382 0  44 1 8 1 2 4 8 16 32 64 128
1088 385 581 0  26 1 8 1 2 4 8 16 32 64 128
1089 221 102 0  90 1 8 1 2 4 8 16 32 64 128
1090 922 150 0  53 1 8 1 2 4 8 16 32 64 128
1091 164  28 0   1 1 8 1 2 4 8 16 32 64 128
1092 113 901 0  25 1 8 1 2 4 8 16 32 64 128
1093  15 235 0  39 1 8 1 2 4 8 16 32 64 128
1094 743 895 0  71 1 8 1 2 4 8 16 32 64 128
1095 941 594 0  83 1 8 1 2 4 8 16 32 64 128
1096 994 908 0  25 1 8 1 2 4 8 16 32 64 128
1097 330 260 0  62 1 8 1 2 4 8 16 32 64 128
1098 769 190 0  56 1 8 1 2 4 8 16 32 64 128
1099 760 487 0  49 1 8 1 2 4 8 16 32 64 128
1100 376 595 0  94 1 8 1 2 4 8 16 32 64 128
1101 231 176 0  51 1 8 1 2 4 8 16 32 64 128
1102 473 873 0  39 1 8 1 2 4 8 16 32 64 128
1103 945 248 0  46 1 8 1 2 4 8 16 32 64 128
1104  55 919 0  92 1 8 1 2 4 8 16 32 64 128
1105 991 803 0  19 1 8 1 2 4 8 16 32 64 128
1106  25 636 0  98 1 8 1 2 4 8 16 32 64 128
1107 649 886 0   2 1 8 1 2 4 8 16 32 64 128
1108 957 256 0  90 1 8 1 2 4 8 16 32 64 128
1109 617 899 0  29 1 8 1 2 4 8 16 32 64 128
1110 804  50 0  99 1 8 1 2 4 8 16 32 64 128
1111 987 698 0  73 1 8 1 2 4 8 16 32 64 128
1112 968 825 0   2 1 8 1 2 4 8 16 32 64 128
1113 722 416 0  78 1 8 1 2 4 8 16 32 64 128
1114 675 958 0  68 1 8 1 2 4 8 16 32 64 128
1115 384 957 0  20 1 8 1 2 4 8 16 32 64 128
1116  30 590 0  19 1 8 1 2 4 8 16 32 64 128
1117 504 468 0  54 1 8 1 2 4 8 16 32 64 128
1118 143 435 0   7 1 8 1 2 4 8 16 32 64 128
1119 824 131 0  97 1 8 1 2 4 8 16 32 64 128
1120  88 922 0  75 1 8 1 2 4 8 16 32 64 128
1121  26 222 0  92 1 8 1 2 4 8 16 32 64 128
1122 530 982 0  33 1 8 1 2 4 8 16 32 64 128
1123 602 493 0  70 1 8 1 2 4 8 16 32 64 128
1124 331 589 0  25 1 8 1 2 4 8 16 32 64 128
1125 220  61 0  40 1 8 1 2 4 8 16 32 64 128
1126 976 270 0  71 1 8 1 2 4 8 16 32 64 128
1127 941 638 0  20 1 8 1 2 4 8 16 32 64 128
1128 292 503 0  34 1 8 1 2 4 8 16 32 64 128
1129 133 849 0  57 1 8 1 2 4 8 16 32 64 128
1130 417 256 0   1 1 8 1 2 4 8 16 32 64 128
1131 694 708 0  83 1 8 1 2 4 8 16 32 64 128
1132 812 114 0  94 1 8 1 2 4 8 16 32 64 128
1133 172 295 0  60 1 8 1 2 4 8 16 32 64 128
1134 741 615 0  88 1 8 1 2 4 8 16 32 64 128
1135 206 560 0   7 1 8 1 2 4 8 16 32 64 128
1136 180 810 0  19 1 8 1 2 4 8 16 32 64 128
1137 168 549 0   4 1 8 1 2 4 8 16 32 64 128
1138 247 698 0  50 1 8 1 2 4 8 16 32 64 128
1139  90 436 0  30 1 8 1 2 4 8 16 32 64 128
1140 845 992 0  42 1 8 1 2 4 8 16 32 64 128
1141 770 240 0  50 1 8 1 2 4 8 16 32 64 128
1142 645 703 0  44 1 8 1 2 4 8 16 32 64 128
1143 295 410 0   1 1 8 1 2 4 8 16 32 64 128
1144  59 213 0  78 1 8 1 2 4 8 16 32 64 128
1145 418 212 0  33 1 8 1 2 4 8 16 32 64 128
1146 453 917 0  19 1 8 1 2 4 8 16 32 64 128
1147 415 811 0  86 1 8 1 2 4 8 16 32 64 128
1148 678 868 0  56 1 8 1 2 4 8 16 32 64 128
1149 459  39 0  70 1 8 1 2 4 8 16 32 64 128
1150 945 492 0  78 1 8 1 2 4 8 16 32 64 128
1151 434 956 0  87 1 8 1 2 4 8 16 32 64 128
1152  19 469 0  97 1 8 1 2 4 8 16 32 64 128
1153 934  22 0  14 1 8 1 2 4 8 16 32 64 128
1154   9 630 0  62 1 8 1 2 4 8 16 32 64 128
1155 874 396 0  57 1 8 1 2 4 8 16 32 64 128
1156 588 518 0  34 1 8 1 2 4 8 16 32 64 128
1157 503 188 0 100 1 8 1 2 4 8 16 32 64 128
1158 766 472 0  23 1 8 1 2 4 8 16 32 64 128
1159 434 173 0  31 1 8 1 2 4 8 16 32 64 128
1160 947 147 0  87 1 8 1 2 4 8 16 32 64 128
1161 676 622 0  45 1 8 1 2 4 8 16 32 64 128
1162 863 141 0  75 1 8 1 2 4 8 16 32 64 128
1163 811 821 0  20 1 8 1 2 4 8 16 32 64 128
1164 375 112 0  46 1 8 1 2 4 8 16 32 64 128
1165 156 629 0  56 1 8 1 2 4 8 16 32 64 128
1166 349 697 0  41 1 8 1 2 4 8 16 32 64 128
1167   4 884 0  31 1 8 1 2 4 8 16 32 64 128
1168 786 451 0  51 1 8 1 2 4 8 16 32 64 128
1169 392 324 0   6 1 8 1 2 4 8 16 32 64 128
1170 329 970 0  44 1 8 1 2 4 8 16 32 64 128
1171 345 587 0  63 1 8 1 2 4 8 16 32 64 128
1172 985 110 0  46 1 8 1 2 4 8 16 32 64 128
1173 753 416 0  92 1 8 1 2 4 8 16 32 64 128
1174 834 115 0  71 1 8 1 2 4 8 16 32 64 128
1175 909 476 0  96 1 8 1 2 4 8 16 32 64 128
1176 842 400 0  53 1 8 1 2 4 8 16 32 64 128
1177 205 610 0  81 1 8 1 2 4 8 16 32 64 128
1178 709 357 0  53 1 8 1 2 4 8 16 32 64 128
1179 699 481 0  30 1 8 1 2 4 8 16 32 64 128
1180 126 442 0  61 1 8 1 2 4 8 16 32 64 128
1181 330 889 0  67 1 8 1 2 4 8 16 32 64 128
1182 838  81 0  80 1 8 1 2 4 8 16 32 64 128
1183 228 498 0  35 1 8 1 2 4 8 16 32 64 128
1184 314 394 0  42 1 8 1 2 4 8 16 32 64 128
1185 297 670 0  33 1 8 1 2 4 8 16 32 64 128
1186 435 220 0   6 1 8 1 2 4 8 16 32 64 128
1187 110 545 0  68 1 8 1 2 4 8 16 32 64 128
1188 264  56 0  12 1 8 1 2 4 8 16 32 64 128
1189 544 648 0  16 1 8 1 2 4 8 16 32 64 128
1190 614 727 0  65 1 8 1 2 4 8 16 32 64 128
1191 362 119 0  19 1 8 1 2 4 8 16 32 64 128
1192 461 879 0  22 1 8 1 2 4 8 16 32 64 128
1193 593 401 0  94 1 8 1 2 4 8 16 32 64 128
1194 563 437 0  75 1 8 1 2 4 8 16 32 64 128
1195 396 558 0  14 1 8 1 2 4 8 16 32 64 128
1196 891 389 0  57 1 8 1 2 4 8 16 32 64 128
1197 278 771 0  75 1 8 1 2 4 8 16 32 64 128
1198 184 579 0  24 1 8 1 2 4 8 16 32 64 128
1199 233 945 0  43 1 8 1 2 4 8 16 32 64 128
1200 430 117 0  40 1 8 1 2 4 8 16 32 64 128
1201 329 173 0  21 1 8 1 2 4 8 16 32 64 128
1202 124 890 0  57 1 8 1 2 4 8 16 32 64 128
1203 905 621 0  53 1 8 1 2 4 8 16 32 64 128
1204  66 554 0  91 1 8 1 2 4 8 16 32 64 128
1205 869  48 0  72 1 8 1 2 4 8 16 32 64 128
1206 864 925 0  30 1 8 1 2 4 8 16 32 64 128
1207 763 853 0  88 1 8 1 2 4 8 16 32 64 128
1208 610 354 0  18 1 8 1 2 4 8 16 32 64 128
1209 685 605 0  69 1 8 1 2 4 8 16 32 64 128
1210 118 465 0  39 1 8 1 2 4 8 16 32 64 128
1211 539 725 0  11 1 8 1 2 4 8 16 32 64 128
1212 183 408 0   3 1 8 1 2 4 8 16 32 64 128
1213 531 778 0  30 1 8 1 2 4 8 16 32 64 128
1214 505 825 0  91 1 8 1 2 4 8 16 32 64 128
1215 684 494 0  89 1 8 1 2 4 8 16 32 64 128
1216 744 878 0   2 1 8 1 2 4 8 16 32 64 128
1217 357 302 0  64 1 8 1 2 4 8 16 32 64 128
1218 546 151 0  78 1 8 1 2 4 8 16 32 64 128
1219 436 433 0  68 1 8 1 2 4 8 16 32 64 128
1220 748  93 0   5 1 8 1 2 4 8 16 32 64 128
1221 891  68 0  43 1 8 1 2 4 8 16 32 64 128
1222 875 498 0  83 1 8 1 2 4 8 16 32 64 128
1223  36  30 0  27 1 8 1 2 4 8 16 32 64 128
1224 798  30 0  93 1 8 1 2 4 8 16 32 64 128
1225 172 443 0  58 1 8 1 2 4 8 16 32 64 128
1226 902 719 0  37 1 8 1 2 4 8 16 32 64 128
1227 784 388 0  56 1 8 1 2 4 8 16 32 64 128
1228 831 643 0  82 1 8 1 2 4 8 16 32 64 128
1229 620 495 0  22 1 8 1 2 4 8 16 32 64 128
1230 982 997 0   7 1 8 1 2 4 8 16 32 64 128
1231 163   8 0  74 1 8 1 2 4 8 16 32 64 128
1232 828 335 0  74 1 8 1 2 4 8 16 32 64 128
1233 462 751 0  93 1 8 1 2 4 8 16 32 64 128
1234 597  64 0  86 1 8 1 2 4 8 16 32 64 128
1235 391 949 0  52 1 8 1 2 4 8 16 32 64 128
1236 169 910 0  40 1 8 1 2 4 8 16 32 64 128
1237  34 113 0  56 1 8 1 2 4 8 16 32 64 128
1238 180 839 0  15 1 8 1 2 4 8 16 32 64 128
1239 816 156 0  97 1 8 1 2 4 8 16 32 64 128
1240 522 387 0  30 1 8 1 2 4 8 16 32 64 128
1241 371 163 0  74 1 8 1 2 4 8 16 32 64 128
1242 335 438 0  32 1 8 1 2 4 8 16 32 64 128
1243 271 889 0   6 1 8 1 2 4 8 16 32 64 128
1244  69 259 0  31 1 8 1 2 4 8 16 32 64 128
1245 227 194 0  46 1 8 1 2 4 8 16 32 64 128
1246 291  13 0  63 1 8 1 2 4 8 16 32 64 128
1247 427 605 0  64 1 8 1 2 4 8 16 32 64 128
1248  24 417 0  28 1 8 1 2 4 8 16 32 64 128
1249 543 674 0  92 1 8 1 2 4 8 16 32 64 128
1250 352  20 0  21 1 8 1 2 4 8 16 32 64 128
1251  54  90 0  41 1 8 1 2 4 8 16 32 64 128
1252 283 234 0  47 1 8 1 2 4 8 16 32 64 128
1253 191 868 0  47 1 8 1 2 4 8 16 32 64 128
1254 547 656 0  98 1 8 1 2 4 8 16 32 64 128
1255 747 998 0  48 1 8 1 2 4 8 16 32 64 128
1256 963 300 0  99 1 8 1 2 4 8 16 32 64 128
1257 249 812 0   6 1 8 1 2 4 8 16 32 64 128
1258 636 333 0  63 1 8 1 2 4 8 16 32 64 128
1259 473  20 0  11 1 8 1 2 4 8 16 32 64 128
1260 960 230 0   2 1 8 1 2 4 8 16 32 64 128
1261 282 841 0  82 1 8 1 2 4 8 16 32 64 128
1262 206 411 0   1 1 8 1 2 4 8 16 32 64 128
1263 591 702 0  78 1 8 1 2 4 8 16 32 64 128
1264 853  10 0  37 1 8 1 2 4 8 16 32 64 128
1265 627 927 0   0 0 0
1266 207 282 0   0 0 0
1267 437 979 0   0 0 0
1268 413  41 0   0 0 0
1269 1000  26 0   0 0 0
1270 302 454 0   0 0 0
1271 301 526 0   0 0 0
1272 750 548 0   0 0 0
