2 374 1266 3
0 244
0 244
0 244
   1  98  427 0  95 1 3 1 2 4
   2 272  759 0  87 1 3 1 2 4
   3  52  290 0  71 1 3 1 2 4
   4 646  137 0  48 1 3 1 2 4
   5 565  637 0  77 1 3 1 2 4
   6 930  845 0  95 1 3 1 2 4
   7  71  780 0  69 1 3 1 2 4
   8 945  436 0  92 1 3 1 2 4
   9 921  162 0  89 1 3 1 2 4
  10 896  828 0  94 1 3 1 2 4
  11 316  413 0  55 1 3 1 2 4
  12  35   10 0  91 1 3 1 2 4
  13 375   88 0  71 1 3 1 2 4
  14 251  898 0  16 1 3 1 2 4
  15 473  713 0   5 1 3 1 2 4
  16 788  625 0  45 1 3 1 2 4
  17 186  398 0  72 1 3 1 2 4
  18 907   49 0   5 1 3 1 2 4
  19 148  988 0  18 1 3 1 2 4
  20 470  578 0   7 1 3 1 2 4
  21 216  358 0  68 1 3 1 2 4
  22 317  744 0  38 1 3 1 2 4
  23 770  654 0  40 1 3 1 2 4
  24 477  947 0  64 1 3 1 2 4
  25 136  498 0  37 1 3 1 2 4
  26 756  762 0  69 1 3 1 2 4
  27 303  567 0  83 1 3 1 2 4
  28 114  589 0  68 1 3 1 2 4
  29 773  782 0  92 1 3 1 2 4
  30 797  878 0   5 1 3 1 2 4
  31 357  121 0   6 1 3 1 2 4
  32 770  257 0  43 1 3 1 2 4
  33  91   91 0  18 1 3 1 2 4
  34 460  293 0  60 1 3 1 2 4
  35 137  530 0  14 1 3 1 2 4
  36 325  762 0  82 1 3 1 2 4
  37 575  585 0  35 1 3 1 2 4
  38 869  406 0  43 1 3 1 2 4
  39 664   41 0  77 1 3 1 2 4
  40 112  739 0  60 1 3 1 2 4
  41  92   93 0  44 1 3 1 2 4
  42 150  336 0  93 1 3 1 2 4
  43 179  579 0  89 1 3 1 2 4
  44 958  947 0  30 1 3 1 2 4
  45 435  336 0  92 1 3 1 2 4
  46 158    4 0  37 1 3 1 2 4
  47 148  890 0  14 1 3 1 2 4
  48 738  365 0  51 1 3 1 2 4
  49 728  341 0  66 1 3 1 2 4
  50 737  386 0  79 1 3 1 2 4
  51 404  278 0  91 1 3 1 2 4
  52 682  237 0  10 1 3 1 2 4
  53 343  353 0  49 1 3 1 2 4
  54 425  764 0  18 1 3 1 2 4
  55 634  259 0  12 1 3 1 2 4
  56 781  803 0  93 1 3 1 2 4
  57 272  267 0  60 1 3 1 2 4
  58 703  148 0  75 1 3 1 2 4
  59 247  277 0  89 1 3 1 2 4
  60 137  912 0   4 1 3 1 2 4
  61 453  680 0  94 1 3 1 2 4
  62 984  143 0  40 1 3 1 2 4
  63 761  105 0  40 1 3 1 2 4
  64 349  944 0  50 1 3 1 2 4
  65 593  933 0  38 1 3 1 2 4
  66 981  435 0  42 1 3 1 2 4
  67 572  187 0  88 1 3 1 2 4
  68 123  520 0  17 1 3 1 2 4
  69 428  145 0  47 1 3 1 2 4
  70 397  612 0  79 1 3 1 2 4
  71 493  128 0  28 1 3 1 2 4
  72 288  198 0  95 1 3 1 2 4
  73 941  444 0   4 1 3 1 2 4
  74  39  893 0  15 1 3 1 2 4
  75 571  626 0  95 1 3 1 2 4
  76 984   39 0   4 1 3 1 2 4
  77 618  765 0  99 1 3 1 2 4
  78 716  921 0  50 1 3 1 2 4
  79 790  720 0  74 1 3 1 2 4
  80 750  727 0   9 1 3 1 2 4
  81 497  425 0  65 1 3 1 2 4
  82 183  173 0  65 1 3 1 2 4
  83  82  732 0  91 1 3 1 2 4
  84 288  521 0  30 1 3 1 2 4
  85 664  904 0  25 1 3 1 2 4
  86 410  195 0  61 1 3 1 2 4
  87 252  266 0  44 1 3 1 2 4
  88 356  601 0  43 1 3 1 2 4
  89 641  903 0  66 1 3 1 2 4
  90  26  700 0  33 1 3 1 2 4
  91 341  369 0  43 1 3 1 2 4
  92 120  419 0  83 1 3 1 2 4
  93 252  718 0  44 1 3 1 2 4
  94 595   87 0  12 1 3 1 2 4
  95 764   31 0  12 1 3 1 2 4
  96 496   28 0  78 1 3 1 2 4
  97 983  660 0  80 1 3 1 2 4
  98 985  567 0  22 1 3 1 2 4
  99 509  274 0  41 1 3 1 2 4
 100 766  304 0  28 1 3 1 2 4
 101 971  194 0  83 1 3 1 2 4
 102 588  520 0  30 1 3 1 2 4
 103 149  322 0   1 1 3 1 2 4
 104 872  168 0  27 1 3 1 2 4
 105 957  119 0  59 1 3 1 2 4
 106  36  161 0  14 1 3 1 2 4
 107 791  159 0  59 1 3 1 2 4
 108 599  426 0   1 1 3 1 2 4
 109 533  238 0   3 1 3 1 2 4
 110 253  973 0   5 1 3 1 2 4
 111 309  351 0  71 1 3 1 2 4
 112 588  236 0  40 1 3 1 2 4
 113  36  337 0  94 1 3 1 2 4
 114 723  457 0  46 1 3 1 2 4
 115  34  173 0  86 1 3 1 2 4
 116 858  174 0  85 1 3 1 2 4
 117 504  819 0  59 1 3 1 2 4
 118  52  160 0  77 1 3 1 2 4
 119 347  159 0  89 1 3 1 2 4
 120 376  908 0  70 1 3 1 2 4
 121 840  141 0  99 1 3 1 2 4
 122 732  548 0  87 1 3 1 2 4
 123 228  674 0  49 1 3 1 2 4
 124 236  170 0  22 1 3 1 2 4
 125 994  361 0  84 1 3 1 2 4
 126 356  211 0  61 1 3 1 2 4
 127 584    0 0  27 1 3 1 2 4
 128 741  855 0  33 1 3 1 2 4
 129 198  880 0  20 1 3 1 2 4
 130 405  604 0  72 1 3 1 2 4
 131 761  471 0  85 1 3 1 2 4
 132 266  819 0  97 1 3 1 2 4
 133 644  674 0  68 1 3 1 2 4
 134 578  695 0  30 1 3 1 2 4
 135 809  501 0  17 1 3 1 2 4
 136 384  739 0  66 1 3 1 2 4
 137 187  948 0  53 1 3 1 2 4
 138 728   26 0  37 1 3 1 2 4
 139 724    7 0  86 1 3 1 2 4
 140 504  997 0  98 1 3 1 2 4
 141 369  541 0  98 1 3 1 2 4
 142 154  852 0  95 1 3 1 2 4
 143 912   57 0   1 1 3 1 2 4
 144 790  489 0  90 1 3 1 2 4
 145 438   46 0  39 1 3 1 2 4
 146 903  895 0  92 1 3 1 2 4
 147 947  565 0  22 1 3 1 2 4
 148 291  145 0  53 1 3 1 2 4
 149 846  678 0  15 1 3 1 2 4
 150 899  875 0  48 1 3 1 2 4
 151 259   95 0  36 1 3 1 2 4
 152 190  563 0  55 1 3 1 2 4
 153 887  831 0  55 1 3 1 2 4
 154 427  196 0  80 1 3 1 2 4
 155 692  558 0  92 1 3 1 2 4
 156 979  549 0  37 1 3 1 2 4
 157 204  693 0  43 1 3 1 2 4
 158 987  771 0  42 1 3 1 2 4
 159 893  952 0  50 1 3 1 2 4
 160 794  940 0  80 1 3 1 2 4
 161 330  914 0  78 1 3 1 2 4
 162 269  190 0  30 1 3 1 2 4
 163 948  241 0  14 1 3 1 2 4
 164 530   63 0  49 1 3 1 2 4
 165 726  881 0   9 1 3 1 2 4
 166 957  745 0  27 1 3 1 2 4
 167 923  626 0  39 1 3 1 2 4
 168 927   25 0  25 1 3 1 2 4
 169 962  451 0  22 1 3 1 2 4
 170 103  648 0  47 1 3 1 2 4
 171 937  313 0  35 1 3 1 2 4
 172 768  558 0  93 1 3 1 2 4
 173 855  711 0  66 1 3 1 2 4
 174 549  906 0  47 1 3 1 2 4
 175 639  998 0  42 1 3 1 2 4
 176 205  884 0  68 1 3 1 2 4
 177 899  278 0  46 1 3 1 2 4
 178 730  600 0  60 1 3 1 2 4
 179 630  458 0  98 1 3 1 2 4
 180 684  579 0  91 1 3 1 2 4
 181 112  297 0  41 1 3 1 2 4
 182 147  546 0  45 1 3 1 2 4
 183 558  752 0  20 1 3 1 2 4
 184 616  548 0  19 1 3 1 2 4
 185 935  169 0  12 1 3 1 2 4
 186  27  231 0  67 1 3 1 2 4
 187 458  735 0  30 1 3 1 2 4
 188 398  430 0  92 1 3 1 2 4
 189 953  150 0  90 1 3 1 2 4
 190 178  247 0  76 1 3 1 2 4
 191 805  848 0  35 1 3 1 2 4
 192 165  104 0  65 1 3 1 2 4
 193 947   84 0  17 1 3 1 2 4
 194 335  329 0  14 1 3 1 2 4
 195  87  519 0  46 1 3 1 2 4
 196 779  541 0   9 1 3 1 2 4
 197 317  876 0  29 1 3 1 2 4
 198 766  244 0  93 1 3 1 2 4
 199 299   78 0   3 1 3 1 2 4
 200 192  782 0  50 1 3 1 2 4
 201 946  351 0  77 1 3 1 2 4
 202 546  317 0  30 1 3 1 2 4
 203 755  220 0  94 1 3 1 2 4
 204  50  789 0 100 1 3 1 2 4
 205 341  708 0  44 1 3 1 2 4
 206 304  845 0  47 1 3 1 2 4
 207 877  627 0  33 1 3 1 2 4
 208 495  360 0  32 1 3 1 2 4
 209 468  395 0  69 1 3 1 2 4
 210 281  386 0  68 1 3 1 2 4
 211 632   93 0  52 1 3 1 2 4
 212 223  634 0  80 1 3 1 2 4
 213 226  998 0  62 1 3 1 2 4
 214 641  604 0  41 1 3 1 2 4
 215 694  218 0  27 1 3 1 2 4
 216 987  499 0  47 1 3 1 2 4
 217 975  605 0  58 1 3 1 2 4
 218 437  470 0  32 1 3 1 2 4
 219 833  755 0   6 1 3 1 2 4
 220  46  188 0  36 1 3 1 2 4
 221 625  363 0  18 1 3 1 2 4
 222 261  446 0  22 1 3 1 2 4
 223 772  718 0  37 1 3 1 2 4
 224 562  510 0  92 1 3 1 2 4
 225 968  316 0   6 1 3 1 2 4
 226  76  517 0  48 1 3 1 2 4
 227   3    2 0  32 1 3 1 2 4
 228 287  824 0  48 1 3 1 2 4
 229 345  281 0  35 1 3 1 2 4
 230 575  186 0  88 1 3 1 2 4
 231   0  783 0  39 1 3 1 2 4
 232 304  999 0  37 1 3 1 2 4
 233  41   64 0  99 1 3 1 2 4
 234 914  589 0  88 1 3 1 2 4
 235 834   37 0  65 1 3 1 2 4
 236 973  398 0  16 1 3 1 2 4
 237 539  318 0  12 1 3 1 2 4
 238 739   79 0  30 1 3 1 2 4
 239 110  778 0  48 1 3 1 2 4
 240 585  503 0  70 1 3 1 2 4
 241 998  930 0  43 1 3 1 2 4
 242 572  410 0  82 1 3 1 2 4
 243 376   76 0  63 1 3 1 2 4
 244 967  494 0   2 1 3 1 2 4
 245 189  226 0   9 1 3 1 2 4
 246 934  367 0  68 1 3 1 2 4
 247 171  402 0  87 1 3 1 2 4
 248 152  651 0  36 1 3 1 2 4
 249 228  715 0  78 1 3 1 2 4
 250 617  115 0  25 1 3 1 2 4
 251 114  900 0  51 1 3 1 2 4
 252 622  180 0  73 1 3 1 2 4
 253 677  675 0   4 1 3 1 2 4
 254  59  552 0  81 1 3 1 2 4
 255 742  632 0  81 1 3 1 2 4
 256 752  182 0  19 1 3 1 2 4
 257 408  847 0  93 1 3 1 2 4
 258 633  260 0  36 1 3 1 2 4
 259   1  938 0   3 1 3 1 2 4
 260 207  353 0  92 1 3 1 2 4
 261 554  451 0  55 1 3 1 2 4
 262 689  806 0  74 1 3 1 2 4
 263 603  708 0  24 1 3 1 2 4
 264 109   56 0  13 1 3 1 2 4
 265 867  340 0  35 1 3 1 2 4
 266 347  563 0  10 1 3 1 2 4
 267 151  502 0  67 1 3 1 2 4
 268 240   32 0  15 1 3 1 2 4
 269 769  280 0  27 1 3 1 2 4
 270 103  795 0  87 1 3 1 2 4
 271 868  125 0  42 1 3 1 2 4
 272 399  311 0   3 1 3 1 2 4
 273 633  116 0  18 1 3 1 2 4
 274  26  188 0  94 1 3 1 2 4
 275 128  867 0  14 1 3 1 2 4
 276 245  224 0  10 1 3 1 2 4
 277 219  149 0  50 1 3 1 2 4
 278 779  615 0  41 1 3 1 2 4
 279 756  973 0  50 1 3 1 2 4
 280 326  988 0  45 1 3 1 2 4
 281 520  757 0  55 1 3 1 2 4
 282 184  507 0  57 1 3 1 2 4
 283 782  272 0   7 1 3 1 2 4
 284 565  674 0  87 1 3 1 2 4
 285 668   28 0  25 1 3 1 2 4
 286 171  367 0  69 1 3 1 2 4
 287 186  442 0  75 1 3 1 2 4
 288 198  956 0  60 1 3 1 2 4
 289 333  957 0   2 1 3 1 2 4
 290  36  119 0  52 1 3 1 2 4
 291  96  310 0  86 1 3 1 2 4
 292 484  288 0  32 1 3 1 2 4
 293 357  790 0  63 1 3 1 2 4
 294 813  413 0  41 1 3 1 2 4
 295 666  691 0  23 1 3 1 2 4
 296 313  432 0  98 1 3 1 2 4
 297 600  735 0  44 1 3 1 2 4
 298 625   18 0  42 1 3 1 2 4
 299 295   64 0  26 1 3 1 2 4
 300 256  279 0  21 1 3 1 2 4
 301 900  892 0  15 1 3 1 2 4
 302  51  902 0  42 1 3 1 2 4
 303 776  129 0  97 1 3 1 2 4
 304 585  711 0  45 1 3 1 2 4
 305  47  315 0  59 1 3 1 2 4
 306 384   18 0  13 1 3 1 2 4
 307  71  628 0  17 1 3 1 2 4
 308 770  723 0  63 1 3 1 2 4
 309 618    5 0  13 1 3 1 2 4
 310 431  275 0  96 1 3 1 2 4
 311 875  883 0  56 1 3 1 2 4
 312 124  274 0  75 1 3 1 2 4
 313  28  999 0  68 1 3 1 2 4
 314 751  615 0  73 1 3 1 2 4
 315 929  743 0  39 1 3 1 2 4
 316 482  862 0  95 1 3 1 2 4
 317 308  163 0  61 1 3 1 2 4
 318 388  271 0  17 1 3 1 2 4
 319 595  553 0  96 1 3 1 2 4
 320 852  493 0  77 1 3 1 2 4
 321 218  775 0  32 1 3 1 2 4
 322 789  583 0  19 1 3 1 2 4
 323 720  891 0  18 1 3 1 2 4
 324 703  209 0  90 1 3 1 2 4
 325  98   71 0  80 1 3 1 2 4
 326 386  346 0  32 1 3 1 2 4
 327 748   74 0  78 1 3 1 2 4
 328  98  521 0  49 1 3 1 2 4
 329 203  712 0  23 1 3 1 2 4
 330 753  363 0  16 1 3 1 2 4
 331 349  272 0  44 1 3 1 2 4
 332 938  637 0  23 1 3 1 2 4
 333 366  612 0  36 1 3 1 2 4
 334 917  460 0  20 1 3 1 2 4
 335 578  372 0  36 1 3 1 2 4
 336 259  633 0  78 1 3 1 2 4
 337 764  953 0  63 1 3 1 2 4
 338 611  638 0  16 1 3 1 2 4
 339 888  679 0   7 1 3 1 2 4
 340 679   63 0  82 1 3 1 2 4
 341 345  658 0  81 1 3 1 2 4
 342 751  296 0  81 1 3 1 2 4
 343  62   44 0  81 1 3 1 2 4
 344 364  906 0  76 1 3 1 2 4
 345 291  876 0  95 1 3 1 2 4
 346 245  925 0   8 1 3 1 2 4
 347 202   24 0   9 1 3 1 2 4
 348 599  194 0  98 1 3 1 2 4
 349 373  487 0  16 1 3 1 2 4
 350 404  188 0  88 1 3 1 2 4
 351  51  588 0  78 1 3 1 2 4
 352 510   82 0  81 1 3 1 2 4
 353 449  270 0  57 1 3 1 2 4
 354 644  119 0   2 1 3 1 2 4
 355 355  562 0  29 1 3 1 2 4
 356  29  182 0  15 1 3 1 2 4
 357 927  725 0  50 1 3 1 2 4
 358 471  744 0  26 1 3 1 2 4
 359 787  965 0  55 1 3 1 2 4
 360 873  222 0  86 1 3 1 2 4
 361 568  770 0   2 1 3 1 2 4
 362 928  138 0  55 1 3 1 2 4
 363  40  607 0  19 1 3 1 2 4
 364 831  600 0  95 1 3 1 2 4
 365 695  337 0  13 1 3 1 2 4
 366 801  556 0   1 1 3 1 2 4
 367 422  781 0   5 1 3 1 2 4
 368  21  968 0  86 1 3 1 2 4
 369 387  314 0  76 1 3 1 2 4
 370 419   93 0  34 1 3 1 2 4
 371 964   22 0  44 1 3 1 2 4
 372 835  195 0  97 1 3 1 2 4
 373 802  946 0  98 1 3 1 2 4
 374 764  280 0  70 1 3 1 2 4
 375 865  694 0  86 1 3 1 2 4
 376 648  763 0  32 1 3 1 2 4
 377 419  836 0  44 1 3 1 2 4
 378 930  771 0  90 1 3 1 2 4
 379 362  462 0   4 1 3 1 2 4
 380 727  697 0  51 1 3 1 2 4
 381 623  245 0  51 1 3 1 2 4
 382 252  284 0  74 1 3 1 2 4
 383 975  305 0  14 1 3 1 2 4
 384 971  143 0  42 1 3 1 2 4
 385 934  393 0  90 1 3 1 2 4
 386 825  570 0  49 1 3 1 2 4
 387 310  597 0  46 1 3 1 2 4
 388 525    6 0  62 1 3 1 2 4
 389 908  312 0   5 1 3 1 2 4
 390 729  860 0  54 1 3 1 2 4
 391 203  279 0  75 1 3 1 2 4
 392 969  434 0  25 1 3 1 2 4
 393 608   77 0  23 1 3 1 2 4
 394 889  343 0  62 1 3 1 2 4
 395 513  967 0   3 1 3 1 2 4
 396 607  844 0  14 1 3 1 2 4
 397 778  518 0   1 1 3 1 2 4
 398 436   64 0 100 1 3 1 2 4
 399 623  765 0  15 1 3 1 2 4
 400 246  496 0  26 1 3 1 2 4
 401 427  727 0  90 1 3 1 2 4
 402 502  130 0  30 1 3 1 2 4
 403 258  844 0  57 1 3 1 2 4
 404 772  694 0  29 1 3 1 2 4
 405 180  319 0   4 1 3 1 2 4
 406 928  527 0  33 1 3 1 2 4
 407 298  279 0  17 1 3 1 2 4
 408 945  757 0  39 1 3 1 2 4
 409  56    6 0   6 1 3 1 2 4
 410 333  749 0  36 1 3 1 2 4
 411 692  230 0  15 1 3 1 2 4
 412 472   65 0  61 1 3 1 2 4
 413 290  783 0  60 1 3 1 2 4
 414 619  480 0  34 1 3 1 2 4
 415 966  883 0  25 1 3 1 2 4
 416 541  281 0  45 1 3 1 2 4
 417 729  389 0  50 1 3 1 2 4
 418 313  663 0  95 1 3 1 2 4
 419 913  713 0  96 1 3 1 2 4
 420 667  451 0  56 1 3 1 2 4
 421  76  296 0  76 1 3 1 2 4
 422 867  224 0  63 1 3 1 2 4
 423 827  323 0  29 1 3 1 2 4
 424 446    8 0  23 1 3 1 2 4
 425  69  168 0  52 1 3 1 2 4
 426 269  772 0  60 1 3 1 2 4
 427 652  178 0  88 1 3 1 2 4
 428 201  396 0  48 1 3 1 2 4
 429 765  929 0  50 1 3 1 2 4
 430 190  598 0  43 1 3 1 2 4
 431   5  380 0  51 1 3 1 2 4
 432 911  309 0  65 1 3 1 2 4
 433  86  456 0  43 1 3 1 2 4
 434 588  916 0  82 1 3 1 2 4
 435  11  934 0  46 1 3 1 2 4
 436 767  681 0  12 1 3 1 2 4
 437 236  548 0  67 1 3 1 2 4
 438 821  237 0  10 1 3 1 2 4
 439 213  396 0  35 1 3 1 2 4
 440 435  712 0  86 1 3 1 2 4
 441 351  887 0  48 1 3 1 2 4
 442 299  177 0  62 1 3 1 2 4
 443 538  587 0  96 1 3 1 2 4
 444 130  364 0  66 1 3 1 2 4
 445 636  654 0  95 1 3 1 2 4
 446 307  972 0  69 1 3 1 2 4
 447 522  730 0  30 1 3 1 2 4
 448 922  909 0  75 1 3 1 2 4
 449 929  225 0  93 1 3 1 2 4
 450 971  118 0  29 1 3 1 2 4
 451 516  543 0  33 1 3 1 2 4
 452 810   64 0   6 1 3 1 2 4
 453  73  560 0  65 1 3 1 2 4
 454 631  609 0  24 1 3 1 2 4
 455  30  146 0  47 1 3 1 2 4
 456 701  558 0  81 1 3 1 2 4
 457 782  662 0  48 1 3 1 2 4
 458 969   13 0  50 1 3 1 2 4
 459 619   66 0  76 1 3 1 2 4
 460 883  695 0  30 1 3 1 2 4
 461 603  712 0   3 1 3 1 2 4
 462 373  468 0  32 1 3 1 2 4
 463 931  854 0  29 1 3 1 2 4
 464 766  918 0  42 1 3 1 2 4
 465 993  364 0  93 1 3 1 2 4
 466 251  730 0  17 1 3 1 2 4
 467 268  280 0  92 1 3 1 2 4
 468 326  548 0  17 1 3 1 2 4
 469 431  240 0  55 1 3 1 2 4
 470 809  748 0   1 1 3 1 2 4
 471 455  300 0   6 1 3 1 2 4
 472 582  442 0  83 1 3 1 2 4
 473 893  267 0  21 1 3 1 2 4
 474 354  579 0  56 1 3 1 2 4
 475 296  299 0  75 1 3 1 2 4
 476 418   10 0  46 1 3 1 2 4
 477 227  188 0  93 1 3 1 2 4
 478 302  335 0  46 1 3 1 2 4
 479 779  436 0   5 1 3 1 2 4
 480 869  470 0   5 1 3 1 2 4
 481 371  868 0  51 1 3 1 2 4
 482 928  269 0  61 1 3 1 2 4
 483 997  827 0   6 1 3 1 2 4
 484 648  513 0  78 1 3 1 2 4
 485 558  272 0  29 1 3 1 2 4
 486 900  229 0  71 1 3 1 2 4
 487 270   85 0  21 1 3 1 2 4
 488 403  890 0  29 1 3 1 2 4
 489 292  170 0   2 1 3 1 2 4
 490 886  304 0  73 1 3 1 2 4
 491 600  308 0  46 1 3 1 2 4
 492 169   18 0  51 1 3 1 2 4
 493 333  296 0  19 1 3 1 2 4
 494  57  249 0  65 1 3 1 2 4
 495 801  881 0  21 1 3 1 2 4
 496 969  204 0  67 1 3 1 2 4
 497 116  419 0  35 1 3 1 2 4
 498 232  411 0  52 1 3 1 2 4
 499 952  403 0  51 1 3 1 2 4
 500 431  564 0  73 1 3 1 2 4
 501 568  813 0  90 1 3 1 2 4
 502 248  861 0  31 1 3 1 2 4
 503 179  734 0  84 1 3 1 2 4
 504  58  932 0   7 1 3 1 2 4
 505 476  767 0  42 1 3 1 2 4
 506 540  486 0  60 1 3 1 2 4
 507  30  827 0  27 1 3 1 2 4
 508 989  706 0  48 1 3 1 2 4
 509  66  518 0  70 1 3 1 2 4
 510 115  485 0  41 1 3 1 2 4
 511 681  899 0  28 1 3 1 2 4
 512 360  899 0   1 1 3 1 2 4
 513 798  511 0  53 1 3 1 2 4
 514 167  542 0  56 1 3 1 2 4
 515 776  503 0  90 1 3 1 2 4
 516 496  349 0   3 1 3 1 2 4
 517 925  126 0  72 1 3 1 2 4
 518 189  364 0  81 1 3 1 2 4
 519 216  429 0  55 1 3 1 2 4
 520 567  137 0  35 1 3 1 2 4
 521 311  636 0  54 1 3 1 2 4
 522  25  517 0  20 1 3 1 2 4
 523 627  208 0  94 1 3 1 2 4
 524 657  941 0  60 1 3 1 2 4
 525 545  708 0  69 1 3 1 2 4
 526 784  253 0  14 1 3 1 2 4
 527 736  912 0   3 1 3 1 2 4
 528 335  239 0  55 1 3 1 2 4
 529 988  286 0   8 1 3 1 2 4
 530 246  721 0  94 1 3 1 2 4
 531 650  153 0  62 1 3 1 2 4
 532 360  617 0  82 1 3 1 2 4
 533 577  487 0  54 1 3 1 2 4
 534 476  227 0  82 1 3 1 2 4
 535  44  657 0  29 1 3 1 2 4
 536 268  779 0  25 1 3 1 2 4
 537 622  904 0  38 1 3 1 2 4
 538 875  334 0  92 1 3 1 2 4
 539 960   49 0  37 1 3 1 2 4
 540 592  894 0  70 1 3 1 2 4
 541 656  638 0  94 1 3 1 2 4
 542 439  303 0  69 1 3 1 2 4
 543 526  691 0  18 1 3 1 2 4
 544 129  766 0  97 1 3 1 2 4
 545 855  893 0  36 1 3 1 2 4
 546 748  694 0  80 1 3 1 2 4
 547 568  910 0  32 1 3 1 2 4
 548 758   21 0  55 1 3 1 2 4
 549 207  976 0  20 1 3 1 2 4
 550 848  424 0  10 1 3 1 2 4
 551 497  115 0  74 1 3 1 2 4
 552 537  757 0  95 1 3 1 2 4
 553  81  720 0  71 1 3 1 2 4
 554 281  152 0  13 1 3 1 2 4
 555 488  421 0   3 1 3 1 2 4
 556 208  836 0  18 1 3 1 2 4
 557  96  502 0  41 1 3 1 2 4
 558  36    7 0  41 1 3 1 2 4
 559 563  734 0  98 1 3 1 2 4
 560 204  806 0  22 1 3 1 2 4
 561 859  823 0  66 1 3 1 2 4
 562 108  576 0  29 1 3 1 2 4
 563 470  344 0  19 1 3 1 2 4
 564 318    3 0  87 1 3 1 2 4
 565 456  718 0  27 1 3 1 2 4
 566 555  966 0  11 1 3 1 2 4
 567  45   18 0   7 1 3 1 2 4
 568 992  710 0  68 1 3 1 2 4
 569 223  565 0  62 1 3 1 2 4
 570 535  922 0  88 1 3 1 2 4
 571 803  871 0  34 1 3 1 2 4
 572 635    3 0  14 1 3 1 2 4
 573 473  132 0  95 1 3 1 2 4
 574  17  874 0  68 1 3 1 2 4
 575 536  501 0  94 1 3 1 2 4
 576  40  504 0  16 1 3 1 2 4
 577 465  880 0  16 1 3 1 2 4
 578 317  260 0  32 1 3 1 2 4
 579 338  434 0  51 1 3 1 2 4
 580 433  770 0   4 1 3 1 2 4
 581 875  153 0   4 1 3 1 2 4
 582 113  871 0  75 1 3 1 2 4
 583 857  971 0  50 1 3 1 2 4
 584 431  137 0  50 1 3 1 2 4
 585 383  206 0  50 1 3 1 2 4
 586 110  225 0  56 1 3 1 2 4
 587 143  836 0  62 1 3 1 2 4
 588 889  238 0  79 1 3 1 2 4
 589 642  898 0  57 1 3 1 2 4
 590 463  521 0  83 1 3 1 2 4
 591 740  594 0  17 1 3 1 2 4
 592 789  228 0  79 1 3 1 2 4
 593 738  958 0  21 1 3 1 2 4
 594 995  614 0  53 1 3 1 2 4
 595 704  287 0  90 1 3 1 2 4
 596 499  381 0  67 1 3 1 2 4
 597 826  841 0   4 1 3 1 2 4
 598 669  189 0  75 1 3 1 2 4
 599 453  459 0  10 1 3 1 2 4
 600  49  775 0  14 1 3 1 2 4
 601 331  654 0  49 1 3 1 2 4
 602 348  909 0  88 1 3 1 2 4
 603 301  340 0  13 1 3 1 2 4
 604 475  822 0  39 1 3 1 2 4
 605 172  606 0  84 1 3 1 2 4
 606 481  453 0  56 1 3 1 2 4
 607 563  605 0  81 1 3 1 2 4
 608 252  431 0  48 1 3 1 2 4
 609  66  510 0  70 1 3 1 2 4
 610 215  663 0  64 1 3 1 2 4
 611 144  381 0  17 1 3 1 2 4
 612 133  442 0  25 1 3 1 2 4
 613 483  487 0  92 1 3 1 2 4
 614 396  545 0  11 1 3 1 2 4
 615 394  868 0   5 1 3 1 2 4
 616 430  793 0  24 1 3 1 2 4
 617 961  420 0  81 1 3 1 2 4
 618 224  658 0  61 1 3 1 2 4
 619 841  522 0  40 1 3 1 2 4
 620 546    6 0  35 1 3 1 2 4
 621 417  881 0  53 1 3 1 2 4
 622 332  868 0  17 1 3 1 2 4
 623 653  169 0   6 1 3 1 2 4
 624 277  323 0  96 1 3 1 2 4
 625 305  523 0  77 1 3 1 2 4
 626 355  958 0  82 1 3 1 2 4
 627 409  257 0  72 1 3 1 2 4
 628 478  748 0  92 1 3 1 2 4
 629 709  143 0  67 1 3 1 2 4
 630 657  173 0  46 1 3 1 2 4
 631 164  350 0  43 1 3 1 2 4
 632 797  176 0  29 1 3 1 2 4
 633 340  116 0  49 1 3 1 2 4
 634 264  589 0  78 1 3 1 2 4
 635 314  647 0  36 1 3 1 2 4
 636 548  695 0  16 1 3 1 2 4
 637 588  434 0  63 1 3 1 2 4
 638 776  529 0  16 1 3 1 2 4
 639 934  799 0  54 1 3 1 2 4
 640 550  512 0   3 1 3 1 2 4
 641 373  144 0  46 1 3 1 2 4
 642 836  324 0  25 1 3 1 2 4
 643  38  350 0  45 1 3 1 2 4
 644 971  156 0  62 1 3 1 2 4
 645 697  815 0  74 1 3 1 2 4
 646 127  166 0  66 1 3 1 2 4
 647 861  995 0  62 1 3 1 2 4
 648 695  711 0  16 1 3 1 2 4
 649 612  288 0  14 1 3 1 2 4
 650 996  463 0  74 1 3 1 2 4
 651 361  297 0  47 1 3 1 2 4
 652 883  645 0  54 1 3 1 2 4
 653 339  113 0  54 1 3 1 2 4
 654 878  977 0  59 1 3 1 2 4
 655 719  408 0  55 1 3 1 2 4
 656  69  897 0  28 1 3 1 2 4
 657 104  766 0  49 1 3 1 2 4
 658 485  652 0  27 1 3 1 2 4
 659 171  911 0  12 1 3 1 2 4
 660  64  391 0  36 1 3 1 2 4
 661 119  909 0  27 1 3 1 2 4
 662 410  986 0  26 1 3 1 2 4
 663 582  243 0  97 1 3 1 2 4
 664 764  236 0  31 1 3 1 2 4
 665 664  726 0  39 1 3 1 2 4
 666  92  764 0   7 1 3 1 2 4
 667 488  582 0  55 1 3 1 2 4
 668  94  150 0  82 1 3 1 2 4
 669 384  286 0  50 1 3 1 2 4
 670 890  563 0  51 1 3 1 2 4
 671 654  892 0  35 1 3 1 2 4
 672 550  173 0  67 1 3 1 2 4
 673 636  819 0  99 1 3 1 2 4
 674 694  512 0  50 1 3 1 2 4
 675 658  282 0  54 1 3 1 2 4
 676 313  841 0  44 1 3 1 2 4
 677 263  140 0  64 1 3 1 2 4
 678 135  773 0  45 1 3 1 2 4
 679  74  423 0  12 1 3 1 2 4
 680 729   65 0  33 1 3 1 2 4
 681  40  282 0  24 1 3 1 2 4
 682 486  812 0   4 1 3 1 2 4
 683  56  524 0  94 1 3 1 2 4
 684 270  686 0  59 1 3 1 2 4
 685  61  295 0  42 1 3 1 2 4
 686 981  741 0  55 1 3 1 2 4
 687 663  600 0  69 1 3 1 2 4
 688 728  192 0  48 1 3 1 2 4
 689 567  539 0  45 1 3 1 2 4
 690  60  926 0  96 1 3 1 2 4
 691 691  902 0  79 1 3 1 2 4
 692  38  592 0  39 1 3 1 2 4
 693 979  770 0  35 1 3 1 2 4
 694 978  596 0  83 1 3 1 2 4
 695 563  586 0  60 1 3 1 2 4
 696 268  486 0  36 1 3 1 2 4
 697 353  378 0  67 1 3 1 2 4
 698 782  557 0  27 1 3 1 2 4
 699 231  270 0  46 1 3 1 2 4
 700 905  846 0   5 1 3 1 2 4
 701 779  520 0  87 1 3 1 2 4
 702 240  836 0  18 1 3 1 2 4
 703 309  214 0  17 1 3 1 2 4
 704 857  566 0  98 1 3 1 2 4
 705 775  439 0  56 1 3 1 2 4
 706 589  284 0   9 1 3 1 2 4
 707 793  784 0  70 1 3 1 2 4
 708 272  423 0  42 1 3 1 2 4
 709 648  867 0  89 1 3 1 2 4
 710 161  294 0  16 1 3 1 2 4
 711 148  252 0   6 1 3 1 2 4
 712  67  833 0  40 1 3 1 2 4
 713 788  715 0  27 1 3 1 2 4
 714 809  658 0  37 1 3 1 2 4
 715 796  206 0  87 1 3 1 2 4
 716 848  435 0  98 1 3 1 2 4
 717 287  485 0  62 1 3 1 2 4
 718 326  466 0  73 1 3 1 2 4
 719  28  479 0  81 1 3 1 2 4
 720 105    1 0  29 1 3 1 2 4
 721  32  591 0  15 1 3 1 2 4
 722 371  889 0  53 1 3 1 2 4
 723 516  770 0  99 1 3 1 2 4
 724 940  843 0  43 1 3 1 2 4
 725 549  858 0  47 1 3 1 2 4
 726 330  845 0  82 1 3 1 2 4
 727 609  109 0  59 1 3 1 2 4
 728 710  771 0  50 1 3 1 2 4
 729 909  215 0  78 1 3 1 2 4
 730 445  278 0  46 1 3 1 2 4
 731 731  516 0  33 1 3 1 2 4
 732 266  432 0  28 1 3 1 2 4
 733 448  723 0  67 1 3 1 2 4
 734 271  203 0  43 1 3 1 2 4
 735 379  371 0   8 1 3 1 2 4
 736  49  363 0  24 1 3 1 2 4
 737 895  449 0  22 1 3 1 2 4
 738 364  364 0  19 1 3 1 2 4
 739  26  435 0  69 1 3 1 2 4
 740 166  269 0  30 1 3 1 2 4
 741 633  386 0  64 1 3 1 2 4
 742 752  258 0  56 1 3 1 2 4
 743 559  703 0  37 1 3 1 2 4
 744 940  182 0  33 1 3 1 2 4
 745 756  246 0  64 1 3 1 2 4
 746 842   31 0  89 1 3 1 2 4
 747 498  837 0  10 1 3 1 2 4
 748 563  232 0  91 1 3 1 2 4
 749   5  748 0  57 1 3 1 2 4
 750  85    7 0  41 1 3 1 2 4
 751 281  715 0  60 1 3 1 2 4
 752 636  673 0  19 1 3 1 2 4
 753 895  502 0  16 1 3 1 2 4
 754 189  187 0  21 1 3 1 2 4
 755 975  449 0  40 1 3 1 2 4
 756 580  186 0  27 1 3 1 2 4
 757 666  678 0  90 1 3 1 2 4
 758 695  483 0  14 1 3 1 2 4
 759 235  491 0  95 1 3 1 2 4
 760 652  794 0  14 1 3 1 2 4
 761 174  796 0  54 1 3 1 2 4
 762 700  935 0   7 1 3 1 2 4
 763 254  260 0  79 1 3 1 2 4
 764 733  714 0  85 1 3 1 2 4
 765 644  617 0  57 1 3 1 2 4
 766  92  459 0   4 1 3 1 2 4
 767  94  686 0  79 1 3 1 2 4
 768 956  297 0  39 1 3 1 2 4
 769 953  469 0  70 1 3 1 2 4
 770 950  672 0  81 1 3 1 2 4
 771 830  451 0  84 1 3 1 2 4
 772 968  831 0  48 1 3 1 2 4
 773 911  953 0  28 1 3 1 2 4
 774 238  471 0  13 1 3 1 2 4
 775  19  713 0  72 1 3 1 2 4
 776 810   27 0  48 1 3 1 2 4
 777 830  738 0   5 1 3 1 2 4
 778 697  160 0  97 1 3 1 2 4
 779 293  750 0  48 1 3 1 2 4
 780 286  744 0  16 1 3 1 2 4
 781 843  489 0  58 1 3 1 2 4
 782 630  423 0  71 1 3 1 2 4
 783 252  244 0  66 1 3 1 2 4
 784 909  588 0  59 1 3 1 2 4
 785 717  605 0  26 1 3 1 2 4
 786 475  114 0  15 1 3 1 2 4
 787 109  510 0  97 1 3 1 2 4
 788 552  597 0  13 1 3 1 2 4
 789 522   75 0  72 1 3 1 2 4
 790 439  690 0  66 1 3 1 2 4
 791  42  436 0  69 1 3 1 2 4
 792 347  924 0  26 1 3 1 2 4
 793 757  115 0  61 1 3 1 2 4
 794 204  976 0 100 1 3 1 2 4
 795 319  809 0   6 1 3 1 2 4
 796 251  292 0  26 1 3 1 2 4
 797 962  103 0  98 1 3 1 2 4
 798 481  852 0  25 1 3 1 2 4
 799 356  593 0  37 1 3 1 2 4
 800 104   46 0  71 1 3 1 2 4
 801 260  818 0  94 1 3 1 2 4
 802  66   70 0  37 1 3 1 2 4
 803 203  545 0  26 1 3 1 2 4
 804 152  665 0  14 1 3 1 2 4
 805 656  398 0  67 1 3 1 2 4
 806  72  845 0  39 1 3 1 2 4
 807 821  884 0  77 1 3 1 2 4
 808 233   13 0  19 1 3 1 2 4
 809  62  383 0   1 1 3 1 2 4
 810 849  404 0   6 1 3 1 2 4
 811  78  423 0  41 1 3 1 2 4
 812  41   73 0  31 1 3 1 2 4
 813 407  146 0  60 1 3 1 2 4
 814 560  548 0  76 1 3 1 2 4
 815 846  778 0  38 1 3 1 2 4
 816 779  573 0  17 1 3 1 2 4
 817  26  352 0  72 1 3 1 2 4
 818 435  132 0  21 1 3 1 2 4
 819 129  415 0  73 1 3 1 2 4
 820 863  708 0  36 1 3 1 2 4
 821 490  928 0  50 1 3 1 2 4
 822 313  810 0  20 1 3 1 2 4
 823 772  395 0  10 1 3 1 2 4
 824  36  610 0  75 1 3 1 2 4
 825 574  421 0  65 1 3 1 2 4
 826 277    0 0   4 1 3 1 2 4
 827 825  278 0  71 1 3 1 2 4
 828 937  265 0  53 1 3 1 2 4
 829 125  274 0  89 1 3 1 2 4
 830 712  803 0  69 1 3 1 2 4
 831 838  452 0  30 1 3 1 2 4
 832 853  793 0  12 1 3 1 2 4
 833 250  218 0  64 1 3 1 2 4
 834 916  704 0  15 1 3 1 2 4
 835 859  789 0  55 1 3 1 2 4
 836 673  630 0  27 1 3 1 2 4
 837  83  605 0  20 1 3 1 2 4
 838 621  452 0  66 1 3 1 2 4
 839 776  957 0  12 1 3 1 2 4
 840 207  745 0  16 1 3 1 2 4
 841  81  474 0  28 1 3 1 2 4
 842  85  413 0  61 1 3 1 2 4
 843 266  363 0  46 1 3 1 2 4
 844 458  344 0  87 1 3 1 2 4
 845 421  541 0  56 1 3 1 2 4
 846 356   94 0  83 1 3 1 2 4
 847 381  634 0   9 1 3 1 2 4
 848 494  247 0  41 1 3 1 2 4
 849 696  390 0  37 1 3 1 2 4
 850  68  548 0  79 1 3 1 2 4
 851 600  351 0  42 1 3 1 2 4
 852 140  971 0  72 1 3 1 2 4
 853 485  335 0   6 1 3 1 2 4
 854 311  299 0  74 1 3 1 2 4
 855 255   48 0  46 1 3 1 2 4
 856 877  100 0   7 1 3 1 2 4
 857 234  684 0  47 1 3 1 2 4
 858 946  641 0  90 1 3 1 2 4
 859  69  463 0  90 1 3 1 2 4
 860 847  365 0  98 1 3 1 2 4
 861 438  635 0  39 1 3 1 2 4
 862 343  324 0  79 1 3 1 2 4
 863 732  210 0  58 1 3 1 2 4
 864 893  902 0  27 1 3 1 2 4
 865 180  609 0  83 1 3 1 2 4
 866 661  402 0  14 1 3 1 2 4
 867 164   93 0  53 1 3 1 2 4
 868 774  767 0  83 1 3 1 2 4
 869 160  384 0  33 1 3 1 2 4
 870 450   11 0  42 1 3 1 2 4
 871 889  260 0  44 1 3 1 2 4
 872 191  583 0  78 1 3 1 2 4
 873 440  226 0  70 1 3 1 2 4
 874 567  340 0   2 1 3 1 2 4
 875 572  521 0  44 1 3 1 2 4
 876  48  285 0  43 1 3 1 2 4
 877 729  822 0  43 1 3 1 2 4
 878 617  624 0  51 1 3 1 2 4
 879 708   36 0  59 1 3 1 2 4
 880  60  132 0  96 1 3 1 2 4
 881 155  884 0  75 1 3 1 2 4
 882 816  814 0  79 1 3 1 2 4
 883 324  734 0  82 1 3 1 2 4
 884 674  350 0  75 1 3 1 2 4
 885 104  501 0  76 1 3 1 2 4
 886 152   42 0  68 1 3 1 2 4
 887 235  357 0  59 1 3 1 2 4
 888 989  993 0  86 1 3 1 2 4
 889 568  146 0  82 1 3 1 2 4
 890 690  121 0  88 1 3 1 2 4
 891  21  365 0  39 1 3 1 2 4
 892 497   45 0  73 1 3 1 2 4
 893 502  104 0  19 1 3 1 2 4
 894  59  351 0  89 1 3 1 2 4
 895 768  547 0  57 1 3 1 2 4
 896 265  606 0  15 1 3 1 2 4
 897 942  265 0  67 1 3 1 2 4
 898 858  961 0  78 1 3 1 2 4
 899 779  813 0  16 1 3 1 2 4
 900 149   96 0  54 1 3 1 2 4
 901 655  401 0  43 1 3 1 2 4
 902 649  918 0  41 1 3 1 2 4
 903 559  891 0  49 1 3 1 2 4
 904 387  979 0  73 1 3 1 2 4
 905 484  376 0  97 1 3 1 2 4
 906 936  940 0  78 1 3 1 2 4
 907 945  946 0   6 1 3 1 2 4
 908 204  468 0  18 1 3 1 2 4
 909 202   61 0  66 1 3 1 2 4
 910 837   47 0  74 1 3 1 2 4
 911 163  947 0  45 1 3 1 2 4
 912 671   44 0  70 1 3 1 2 4
 913 141  110 0  65 1 3 1 2 4
 914 307  883 0  24 1 3 1 2 4
 915 540  974 0  90 1 3 1 2 4
 916 116  552 0  35 1 3 1 2 4
 917 184  327 0  66 1 3 1 2 4
 918 890  669 0  39 1 3 1 2 4
 919 200  251 0  73 1 3 1 2 4
 920 177  558 0  67 1 3 1 2 4
 921 900  405 0  17 1 3 1 2 4
 922 351  148 0  65 1 3 1 2 4
 923 909  465 0   9 1 3 1 2 4
 924 732  193 0  20 1 3 1 2 4
 925 222  185 0  94 1 3 1 2 4
 926 809  167 0  25 1 3 1 2 4
 927 850  365 0   4 1 3 1 2 4
 928 170  229 0  33 1 3 1 2 4
 929 702  737 0   3 1 3 1 2 4
 930 146  616 0  42 1 3 1 2 4
 931 369   49 0  72 1 3 1 2 4
 932 212  229 0  82 1 3 1 2 4
 933 762  318 0  20 1 3 1 2 4
 934  66  416 0  96 1 3 1 2 4
 935 230  130 0  32 1 3 1 2 4
 936 950  976 0   6 1 3 1 2 4
 937 177  775 0  71 1 3 1 2 4
 938 585  532 0  29 1 3 1 2 4
 939 367  521 0  19 1 3 1 2 4
 940 249  636 0  10 1 3 1 2 4
 941 728  177 0  66 1 3 1 2 4
 942 925  744 0  91 1 3 1 2 4
 943 642  650 0  43 1 3 1 2 4
 944 265  262 0  66 1 3 1 2 4
 945  45  641 0  90 1 3 1 2 4
 946 240  599 0  28 1 3 1 2 4
 947 549  534 0   1 1 3 1 2 4
 948 975  749 0  44 1 3 1 2 4
 949 147  674 0  34 1 3 1 2 4
 950 740  596 0  25 1 3 1 2 4
 951 206  369 0  44 1 3 1 2 4
 952 969  157 0  96 1 3 1 2 4
 953 436  392 0  71 1 3 1 2 4
 954  75  346 0  66 1 3 1 2 4
 955 512  445 0   4 1 3 1 2 4
 956 149   90 0  39 1 3 1 2 4
 957 701  855 0  62 1 3 1 2 4
 958 577  226 0  74 1 3 1 2 4
 959 872   20 0  28 1 3 1 2 4
 960   2  297 0  80 1 3 1 2 4
 961 541  449 0   9 1 3 1 2 4
 962 482  900 0  32 1 3 1 2 4
 963 480  765 0  15 1 3 1 2 4
 964 838  770 0  91 1 3 1 2 4
 965 411  844 0  52 1 3 1 2 4
 966 828  729 0  54 1 3 1 2 4
 967 853  421 0  10 1 3 1 2 4
 968 239    2 0  41 1 3 1 2 4
 969 610  306 0  29 1 3 1 2 4
 970 737  528 0  35 1 3 1 2 4
 971 178  435 0  19 1 3 1 2 4
 972 895  340 0  30 1 3 1 2 4
 973  65  201 0  97 1 3 1 2 4
 974 806  168 0  24 1 3 1 2 4
 975 756  874 0  10 1 3 1 2 4
 976 263   70 0  40 1 3 1 2 4
 977  34  587 0  52 1 3 1 2 4
 978 995  980 0  28 1 3 1 2 4
 979 289  104 0  95 1 3 1 2 4
 980 664  952 0  39 1 3 1 2 4
 981  19  447 0  87 1 3 1 2 4
 982 464  720 0 100 1 3 1 2 4
 983 397  899 0  49 1 3 1 2 4
 984 405  970 0  97 1 3 1 2 4
 985 541   70 0  52 1 3 1 2 4
 986 408  758 0  64 1 3 1 2 4
 987 760  667 0  76 1 3 1 2 4
 988 969  603 0  55 1 3 1 2 4
 989 441  675 0  98 1 3 1 2 4
 990 977  193 0  52 1 3 1 2 4
 991 843  774 0  42 1 3 1 2 4
 992 557  504 0  32 1 3 1 2 4
 993 824  464 0  19 1 3 1 2 4
 994 998  153 0  85 1 3 1 2 4
 995 382  152 0   3 1 3 1 2 4
 996 929  402 0  98 1 3 1 2 4
 997 851  371 0   9 1 3 1 2 4
 998 301  153 0  55 1 3 1 2 4
 999 369  446 0  70 1 3 1 2 4
1000 719  733 0  42 1 3 1 2 4
1001 990  134 0  58 1 3 1 2 4
1002 192  517 0  57 1 3 1 2 4
1003 552  609 0  15 1 3 1 2 4
1004 308  645 0 100 1 3 1 2 4
1005 603   33 0  83 1 3 1 2 4
1006 937  226 0  78 1 3 1 2 4
1007 971  357 0  23 1 3 1 2 4
1008 759  546 0  93 1 3 1 2 4
1009 854  124 0  62 1 3 1 2 4
1010 715  518 0  48 1 3 1 2 4
1011 543   25 0  59 1 3 1 2 4
1012 419  765 0  73 1 3 1 2 4
1013 486  210 0  36 1 3 1 2 4
1014 795   88 0  93 1 3 1 2 4
1015  72  160 0  60 1 3 1 2 4
1016 855  734 0   1 1 3 1 2 4
1017 947   88 0  81 1 3 1 2 4
1018 720  630 0  27 1 3 1 2 4
1019 493  463 0  60 1 3 1 2 4
1020 487  544 0   1 1 3 1 2 4
1021 721  486 0  90 1 3 1 2 4
1022 810  507 0  69 1 3 1 2 4
1023 304  671 0  11 1 3 1 2 4
1024 119  366 0  78 1 3 1 2 4
1025 941  383 0  99 1 3 1 2 4
1026 748  789 0  29 1 3 1 2 4
1027 572   73 0  43 1 3 1 2 4
1028  77  134 0  29 1 3 1 2 4
1029 126  668 0  56 1 3 1 2 4
1030 199  582 0  71 1 3 1 2 4
1031 377  245 0   8 1 3 1 2 4
1032  37  195 0  23 1 3 1 2 4
1033 326  885 0  46 1 3 1 2 4
1034 540  682 0  95 1 3 1 2 4
1035 871   44 0  57 1 3 1 2 4
1036 491  917 0  75 1 3 1 2 4
1037 155  134 0  89 1 3 1 2 4
1038 305  247 0  78 1 3 1 2 4
1039  84  162 0  33 1 3 1 2 4
1040 187  137 0  85 1 3 1 2 4
1041  14  226 0  90 1 3 1 2 4
1042 666  689 0  42 1 3 1 2 4
1043 294  835 0  84 1 3 1 2 4
1044 627  142 0  35 1 3 1 2 4
1045 661   97 0  21 1 3 1 2 4
1046 910  731 0  37 1 3 1 2 4
1047 117  111 0  25 1 3 1 2 4
1048 490  911 0  31 1 3 1 2 4
1049  22  173 0  31 1 3 1 2 4
1050 225  897 0   5 1 3 1 2 4
1051 478  352 0  22 1 3 1 2 4
1052 310  516 0  45 1 3 1 2 4
1053 146  879 0  15 1 3 1 2 4
1054  58  904 0  80 1 3 1 2 4
1055 974  207 0  79 1 3 1 2 4
1056 218  393 0  83 1 3 1 2 4
1057 262  453 0  17 1 3 1 2 4
1058 236  211 0  76 1 3 1 2 4
1059 160   85 0  82 1 3 1 2 4
1060  23  398 0  86 1 3 1 2 4
1061 195   11 0  52 1 3 1 2 4
1062 315  970 0  44 1 3 1 2 4
1063  97  241 0  67 1 3 1 2 4
1064 437  835 0  44 1 3 1 2 4
1065 468  919 0  61 1 3 1 2 4
1066 304  944 0  76 1 3 1 2 4
1067 417  829 0  11 1 3 1 2 4
1068 424  674 0   4 1 3 1 2 4
1069 954 1000 0  42 1 3 1 2 4
1070 669  773 0   9 1 3 1 2 4
1071 796  218 0  79 1 3 1 2 4
1072 619  414 0  31 1 3 1 2 4
1073 274  306 0  79 1 3 1 2 4
1074 478  585 0   2 1 3 1 2 4
1075 514  509 0  67 1 3 1 2 4
1076 976  686 0  83 1 3 1 2 4
1077 216  159 0  92 1 3 1 2 4
1078 411  475 0  17 1 3 1 2 4
1079 628  333 0   4 1 3 1 2 4
1080 824  643 0  22 1 3 1 2 4
1081 240  783 0  12 1 3 1 2 4
1082 533  670 0  69 1 3 1 2 4
1083 714  398 0  47 1 3 1 2 4
1084 853  673 0  19 1 3 1 2 4
1085 952  539 0  98 1 3 1 2 4
1086 659  788 0  20 1 3 1 2 4
1087 252  587 0   2 1 3 1 2 4
1088 770  752 0  12 1 3 1 2 4
1089 153  404 0 100 1 3 1 2 4
1090 317  816 0  13 1 3 1 2 4
1091 336  352 0  18 1 3 1 2 4
1092 374  223 0  67 1 3 1 2 4
1093 842  157 0  16 1 3 1 2 4
1094 536  685 0  56 1 3 1 2 4
1095 654  680 0  12 1 3 1 2 4
1096 975  395 0 100 1 3 1 2 4
1097 231  121 0  51 1 3 1 2 4
1098 520  291 0  81 1 3 1 2 4
1099 217  263 0  97 1 3 1 2 4
1100 906  467 0  14 1 3 1 2 4
1101 467  652 0  91 1 3 1 2 4
1102 698  170 0  99 1 3 1 2 4
1103 542  770 0  18 1 3 1 2 4
1104  54  700 0  66 1 3 1 2 4
1105 843  727 0  95 1 3 1 2 4
1106 299  469 0  71 1 3 1 2 4
1107 252  602 0  63 1 3 1 2 4
1108 106  534 0  45 1 3 1 2 4
1109  20  284 0  85 1 3 1 2 4
1110 329  817 0  16 1 3 1 2 4
1111 530   99 0  41 1 3 1 2 4
1112 226  964 0  33 1 3 1 2 4
1113 997  726 0  92 1 3 1 2 4
1114 181  777 0   3 1 3 1 2 4
1115 797  503 0  99 1 3 1 2 4
1116 127  669 0  85 1 3 1 2 4
1117 643  127 0  80 1 3 1 2 4
1118 229  661 0   1 1 3 1 2 4
1119 906  526 0  78 1 3 1 2 4
1120 874 1000 0  71 1 3 1 2 4
1121 254  200 0  69 1 3 1 2 4
1122 437  467 0  27 1 3 1 2 4
1123 171  214 0  63 1 3 1 2 4
1124 604  206 0  68 1 3 1 2 4
1125 259  538 0  87 1 3 1 2 4
1126 211  691 0  29 1 3 1 2 4
1127 436  410 0  98 1 3 1 2 4
1128 389  564 0  87 1 3 1 2 4
1129 764  982 0  88 1 3 1 2 4
1130 421  942 0  82 1 3 1 2 4
1131 799  339 0  38 1 3 1 2 4
1132 564  556 0  65 1 3 1 2 4
1133 239  100 0  90 1 3 1 2 4
1134 711  862 0  58 1 3 1 2 4
1135 776  818 0  19 1 3 1 2 4
1136 991  518 0  26 1 3 1 2 4
1137 236  354 0  25 1 3 1 2 4
1138 442  374 0  27 1 3 1 2 4
1139 147  737 0   3 1 3 1 2 4
1140 389  715 0  87 1 3 1 2 4
1141  30  228 0  49 1 3 1 2 4
1142 770  821 0  31 1 3 1 2 4
1143 428  326 0  72 1 3 1 2 4
1144 195  906 0   7 1 3 1 2 4
1145 446  626 0  76 1 3 1 2 4
1146  74  841 0   5 1 3 1 2 4
1147 495  791 0   7 1 3 1 2 4
1148 838  640 0  25 1 3 1 2 4
1149 644  796 0  53 1 3 1 2 4
1150 635  158 0  71 1 3 1 2 4
1151 605  400 0   2 1 3 1 2 4
1152 743  103 0   9 1 3 1 2 4
1153 590  340 0  88 1 3 1 2 4
1154 202  438 0  50 1 3 1 2 4
1155 934  156 0  16 1 3 1 2 4
1156 879  896 0  73 1 3 1 2 4
1157 863    2 0  58 1 3 1 2 4
1158 687  252 0  73 1 3 1 2 4
1159 680  586 0  41 1 3 1 2 4
1160 777  758 0  35 1 3 1 2 4
1161 480  895 0  47 1 3 1 2 4
1162 511  197 0  62 1 3 1 2 4
1163 613  545 0  51 1 3 1 2 4
1164  17  587 0  40 1 3 1 2 4
1165 491  156 0  84 1 3 1 2 4
1166 590  862 0  13 1 3 1 2 4
1167 928  809 0  67 1 3 1 2 4
1168 412  957 0  87 1 3 1 2 4
1169 674  757 0  66 1 3 1 2 4
1170 733  641 0  91 1 3 1 2 4
1171 568   63 0  35 1 3 1 2 4
1172 859  954 0  26 1 3 1 2 4
1173 193  448 0  86 1 3 1 2 4
1174   4  292 0  49 1 3 1 2 4
1175 708  524 0  57 1 3 1 2 4
1176 908  224 0  43 1 3 1 2 4
1177 389  846 0  50 1 3 1 2 4
1178 454  744 0  96 1 3 1 2 4
1179 598  858 0  70 1 3 1 2 4
1180  14  675 0  41 1 3 1 2 4
1181 212  207 0  80 1 3 1 2 4
1182 531  104 0  81 1 3 1 2 4
1183  20  814 0  61 1 3 1 2 4
1184 743  238 0  99 1 3 1 2 4
1185 727  424 0  71 1 3 1 2 4
1186 176  780 0  64 1 3 1 2 4
1187 145  287 0  93 1 3 1 2 4
1188 204   21 0  65 1 3 1 2 4
1189 276  920 0  55 1 3 1 2 4
1190 578  487 0  65 1 3 1 2 4
1191 564  442 0  83 1 3 1 2 4
1192 641  429 0   2 1 3 1 2 4
1193 489   68 0  89 1 3 1 2 4
1194  27  977 0  20 1 3 1 2 4
1195 526  999 0  11 1 3 1 2 4
1196 751  942 0  83 1 3 1 2 4
1197 714  287 0  86 1 3 1 2 4
1198 862  295 0  14 1 3 1 2 4
1199 634   46 0  80 1 3 1 2 4
1200 796  637 0  44 1 3 1 2 4
1201 580  946 0  12 1 3 1 2 4
1202 375   20 0   6 1 3 1 2 4
1203 419  632 0  26 1 3 1 2 4
1204 663  192 0  62 1 3 1 2 4
1205 670  762 0  76 1 3 1 2 4
1206 474  511 0  88 1 3 1 2 4
1207 974  835 0  58 1 3 1 2 4
1208 202  226 0  17 1 3 1 2 4
1209 239  800 0  70 1 3 1 2 4
1210 692  980 0  25 1 3 1 2 4
1211 236  637 0  22 1 3 1 2 4
1212 858  793 0  64 1 3 1 2 4
1213 713  333 0  38 1 3 1 2 4
1214 915  881 0  30 1 3 1 2 4
1215 111  917 0  10 1 3 1 2 4
1216 400  669 0  26 1 3 1 2 4
1217 929  719 0  90 1 3 1 2 4
1218 716  790 0  94 1 3 1 2 4
1219  78  160 0  23 1 3 1 2 4
1220 887   27 0  30 1 3 1 2 4
1221 990  127 0  44 1 3 1 2 4
1222  10   23 0  78 1 3 1 2 4
1223 116  663 0  45 1 3 1 2 4
1224 795  659 0  27 1 3 1 2 4
1225 738  644 0  96 1 3 1 2 4
1226 667  178 0  39 1 3 1 2 4
1227 252  103 0  10 1 3 1 2 4
1228 898  800 0  29 1 3 1 2 4
1229 312  775 0  41 1 3 1 2 4
1230  25  411 0  80 1 3 1 2 4
1231 741  494 0  30 1 3 1 2 4
1232 594  780 0  54 1 3 1 2 4
1233 561  364 0  42 1 3 1 2 4
1234 178  104 0   1 1 3 1 2 4
1235 786  585 0  85 1 3 1 2 4
1236 185  879 0   9 1 3 1 2 4
1237 609  473 0   2 1 3 1 2 4
1238 815  379 0  52 1 3 1 2 4
1239 587   52 0   3 1 3 1 2 4
1240 426  756 0  25 1 3 1 2 4
1241 787  836 0  67 1 3 1 2 4
1242 256  457 0  97 1 3 1 2 4
1243 244   52 0  48 1 3 1 2 4
1244 562  344 0  61 1 3 1 2 4
1245 191  658 0  15 1 3 1 2 4
1246 453  139 0  91 1 3 1 2 4
1247 646  388 0   6 1 3 1 2 4
1248 391  835 0  84 1 3 1 2 4
1249 119  173 0  29 1 3 1 2 4
1250 883  193 0  16 1 3 1 2 4
1251 251  124 0  48 1 3 1 2 4
1252  42  645 0  30 1 3 1 2 4
1253 906  531 0  33 1 3 1 2 4
1254 970  122 0  23 1 3 1 2 4
1255   4  781 0   2 1 3 1 2 4
1256 687  561 0   7 1 3 1 2 4
1257 136  625 0  30 1 3 1 2 4
1258  63  925 0  22 1 3 1 2 4
1259 462  529 0  64 1 3 1 2 4
1260 674  727 0  72 1 3 1 2 4
1261 567  265 0  82 1 3 1 2 4
1262 219  300 0  12 1 3 1 2 4
1263 125  870 0  11 1 3 1 2 4
1264  70  672 0  20 1 3 1 2 4
1265 490  857 0  45 1 3 1 2 4
1266 627  551 0  11 1 3 1 2 4
1267 358  171 0   0 0 0
1268 323  183 0   0 0 0
1269 981  334 0   0 0 0
