2 163 1274 8
0 250
0 250
0 250
0 250
0 250
0 250
0 250
0 250
   1  612 544 0  71 1 8 1 2 4 8 16 32 64 128
   2  322 558 0  82 1 8 1 2 4 8 16 32 64 128
   3  697 379 0  16 1 8 1 2 4 8 16 32 64 128
   4  322 354 0  23 1 8 1 2 4 8 16 32 64 128
   5   92  90 0  89 1 8 1 2 4 8 16 32 64 128
   6  620 379 0  32 1 8 1 2 4 8 16 32 64 128
   7  988 924 0  58 1 8 1 2 4 8 16 32 64 128
   8  266 454 0   8 1 8 1 2 4 8 16 32 64 128
   9  499  24 0  29 1 8 1 2 4 8 16 32 64 128
  10  585  48 0   9 1 8 1 2 4 8 16 32 64 128
  11  285 725 0  76 1 8 1 2 4 8 16 32 64 128
  12  858 918 0  10 1 8 1 2 4 8 16 32 64 128
  13  200 158 0  96 1 8 1 2 4 8 16 32 64 128
  14  368 736 0  28 1 8 1 2 4 8 16 32 64 128
  15  495 956 0  17 1 8 1 2 4 8 16 32 64 128
  16  266 571 0  67 1 8 1 2 4 8 16 32 64 128
  17  998 330 0  15 1 8 1 2 4 8 16 32 64 128
  18  945 140 0  41 1 8 1 2 4 8 16 32 64 128
  19  759  10 0  25 1 8 1 2 4 8 16 32 64 128
  20  312 924 0  56 1 8 1 2 4 8 16 32 64 128
  21  146 733 0  31 1 8 1 2 4 8 16 32 64 128
  22  644 177 0  91 1 8 1 2 4 8 16 32 64 128
  23  295 776 0  34 1 8 1 2 4 8 16 32 64 128
  24  644 574 0  47 1 8 1 2 4 8 16 32 64 128
  25  959 764 0  26 1 8 1 2 4 8 16 32 64 128
  26  415 467 0  26 1 8 1 2 4 8 16 32 64 128
  27  937 490 0  35 1 8 1 2 4 8 16 32 64 128
  28  591 857 0  18 1 8 1 2 4 8 16 32 64 128
  29  522 407 0  26 1 8 1 2 4 8 16 32 64 128
  30   95 195 0  98 1 8 1 2 4 8 16 32 64 128
  31   15 675 0  16 1 8 1 2 4 8 16 32 64 128
  32  535 902 0  42 1 8 1 2 4 8 16 32 64 128
  33  305 603 0   3 1 8 1 2 4 8 16 32 64 128
  34  187 925 0  91 1 8 1 2 4 8 16 32 64 128
  35  166 399 0   2 1 8 1 2 4 8 16 32 64 128
  36  187 239 0  81 1 8 1 2 4 8 16 32 64 128
  37  619 478 0  67 1 8 1 2 4 8 16 32 64 128
  38  932 907 0  75 1 8 1 2 4 8 16 32 64 128
  39  673 490 0  10 1 8 1 2 4 8 16 32 64 128
  40   34  21 0  30 1 8 1 2 4 8 16 32 64 128
  41  820 287 0  40 1 8 1 2 4 8 16 32 64 128
  42  508 197 0  98 1 8 1 2 4 8 16 32 64 128
  43  106 834 0  13 1 8 1 2 4 8 16 32 64 128
  44   21 662 0  98 1 8 1 2 4 8 16 32 64 128
  45  785 991 0  46 1 8 1 2 4 8 16 32 64 128
  46  319 480 0  11 1 8 1 2 4 8 16 32 64 128
  47  805  69 0  38 1 8 1 2 4 8 16 32 64 128
  48  935 396 0  56 1 8 1 2 4 8 16 32 64 128
  49  938 109 0  31 1 8 1 2 4 8 16 32 64 128
  50  306 136 0  43 1 8 1 2 4 8 16 32 64 128
  51  936 268 0  19 1 8 1 2 4 8 16 32 64 128
  52  658 786 0   9 1 8 1 2 4 8 16 32 64 128
  53  895  55 0  58 1 8 1 2 4 8 16 32 64 128
  54  339  10 0  67 1 8 1 2 4 8 16 32 64 128
  55  678 370 0  46 1 8 1 2 4 8 16 32 64 128
  56  795 331 0  87 1 8 1 2 4 8 16 32 64 128
  57  114 561 0   7 1 8 1 2 4 8 16 32 64 128
  58  979 850 0  95 1 8 1 2 4 8 16 32 64 128
  59  466 489 0  69 1 8 1 2 4 8 16 32 64 128
  60  536  76 0  31 1 8 1 2 4 8 16 32 64 128
  61  391 448 0  66 1 8 1 2 4 8 16 32 64 128
  62  849 729 0  51 1 8 1 2 4 8 16 32 64 128
  63  884 921 0  28 1 8 1 2 4 8 16 32 64 128
  64  443 822 0  51 1 8 1 2 4 8 16 32 64 128
  65  786 987 0  44 1 8 1 2 4 8 16 32 64 128
  66  899 882 0   6 1 8 1 2 4 8 16 32 64 128
  67  926 475 0  81 1 8 1 2 4 8 16 32 64 128
  68  986 619 0  96 1 8 1 2 4 8 16 32 64 128
  69  500  70 0  18 1 8 1 2 4 8 16 32 64 128
  70  312 351 0  54 1 8 1 2 4 8 16 32 64 128
  71  868 218 0  38 1 8 1 2 4 8 16 32 64 128
  72  126  59 0   3 1 8 1 2 4 8 16 32 64 128
  73  962 476 0  89 1 8 1 2 4 8 16 32 64 128
  74  893 408 0  95 1 8 1 2 4 8 16 32 64 128
  75  540 192 0  55 1 8 1 2 4 8 16 32 64 128
  76   13 138 0  72 1 8 1 2 4 8 16 32 64 128
  77   16 387 0  50 1 8 1 2 4 8 16 32 64 128
  78  609 568 0  75 1 8 1 2 4 8 16 32 64 128
  79  686 208 0  23 1 8 1 2 4 8 16 32 64 128
  80  174 739 0  57 1 8 1 2 4 8 16 32 64 128
  81  961 113 0  43 1 8 1 2 4 8 16 32 64 128
  82  332 825 0  18 1 8 1 2 4 8 16 32 64 128
  83  408 969 0   5 1 8 1 2 4 8 16 32 64 128
  84  300 897 0  70 1 8 1 2 4 8 16 32 64 128
  85  221 565 0  27 1 8 1 2 4 8 16 32 64 128
  86  782 683 0  12 1 8 1 2 4 8 16 32 64 128
  87  909 693 0   1 1 8 1 2 4 8 16 32 64 128
  88  849 750 0  95 1 8 1 2 4 8 16 32 64 128
  89  386 144 0  21 1 8 1 2 4 8 16 32 64 128
  90  185 172 0  94 1 8 1 2 4 8 16 32 64 128
  91  655 223 0  63 1 8 1 2 4 8 16 32 64 128
  92  879 690 0  82 1 8 1 2 4 8 16 32 64 128
  93  558  81 0  25 1 8 1 2 4 8 16 32 64 128
  94  393  57 0  28 1 8 1 2 4 8 16 32 64 128
  95  493  41 0  58 1 8 1 2 4 8 16 32 64 128
  96  800 788 0  74 1 8 1 2 4 8 16 32 64 128
  97  159 391 0  61 1 8 1 2 4 8 16 32 64 128
  98  147  53 0   8 1 8 1 2 4 8 16 32 64 128
  99  545 680 0  69 1 8 1 2 4 8 16 32 64 128
 100  185 919 0  88 1 8 1 2 4 8 16 32 64 128
 101  154 376 0  72 1 8 1 2 4 8 16 32 64 128
 102  745 270 0  57 1 8 1 2 4 8 16 32 64 128
 103  563 289 0  12 1 8 1 2 4 8 16 32 64 128
 104  158 123 0  50 1 8 1 2 4 8 16 32 64 128
 105  273 921 0   8 1 8 1 2 4 8 16 32 64 128
 106  841 729 0  96 1 8 1 2 4 8 16 32 64 128
 107  845 788 0  87 1 8 1 2 4 8 16 32 64 128
 108   55 488 0  64 1 8 1 2 4 8 16 32 64 128
 109  349 836 0  11 1 8 1 2 4 8 16 32 64 128
 110  798 119 0  46 1 8 1 2 4 8 16 32 64 128
 111  450 456 0  48 1 8 1 2 4 8 16 32 64 128
 112  938  88 0  74 1 8 1 2 4 8 16 32 64 128
 113  298 704 0  28 1 8 1 2 4 8 16 32 64 128
 114  165 695 0  36 1 8 1 2 4 8 16 32 64 128
 115  463 464 0  45 1 8 1 2 4 8 16 32 64 128
 116  470 401 0  77 1 8 1 2 4 8 16 32 64 128
 117  210 567 0  65 1 8 1 2 4 8 16 32 64 128
 118  997   9 0  23 1 8 1 2 4 8 16 32 64 128
 119  175 979 0  28 1 8 1 2 4 8 16 32 64 128
 120  952 491 0  40 1 8 1 2 4 8 16 32 64 128
 121  660 435 0  76 1 8 1 2 4 8 16 32 64 128
 122  613 706 0  16 1 8 1 2 4 8 16 32 64 128
 123  197 749 0  22 1 8 1 2 4 8 16 32 64 128
 124   33 966 0  12 1 8 1 2 4 8 16 32 64 128
 125  254 803 0  23 1 8 1 2 4 8 16 32 64 128
 126   81 784 0  67 1 8 1 2 4 8 16 32 64 128
 127  584 296 0  84 1 8 1 2 4 8 16 32 64 128
 128  622 285 0  80 1 8 1 2 4 8 16 32 64 128
 129  375 208 0  68 1 8 1 2 4 8 16 32 64 128
 130   97 410 0  93 1 8 1 2 4 8 16 32 64 128
 131   92 461 0  49 1 8 1 2 4 8 16 32 64 128
 132  521 692 0   2 1 8 1 2 4 8 16 32 64 128
 133  369 226 0  17 1 8 1 2 4 8 16 32 64 128
 134  186 452 0  54 1 8 1 2 4 8 16 32 64 128
 135  429 374 0  11 1 8 1 2 4 8 16 32 64 128
 136  742 819 0  37 1 8 1 2 4 8 16 32 64 128
 137  555 521 0  94 1 8 1 2 4 8 16 32 64 128
 138  253 863 0   1 1 8 1 2 4 8 16 32 64 128
 139  616 612 0  61 1 8 1 2 4 8 16 32 64 128
 140  826 669 0  42 1 8 1 2 4 8 16 32 64 128
 141  283 841 0  92 1 8 1 2 4 8 16 32 64 128
 142  780  15 0  36 1 8 1 2 4 8 16 32 64 128
 143  603 695 0  56 1 8 1 2 4 8 16 32 64 128
 144  775 421 0   9 1 8 1 2 4 8 16 32 64 128
 145  992 484 0  22 1 8 1 2 4 8 16 32 64 128
 146  351 761 0  54 1 8 1 2 4 8 16 32 64 128
 147  288 177 0  42 1 8 1 2 4 8 16 32 64 128
 148  169 923 0   3 1 8 1 2 4 8 16 32 64 128
 149  692  99 0  67 1 8 1 2 4 8 16 32 64 128
 150  609 133 0   4 1 8 1 2 4 8 16 32 64 128
 151  322 895 0  91 1 8 1 2 4 8 16 32 64 128
 152  466 798 0  77 1 8 1 2 4 8 16 32 64 128
 153  716 227 0  72 1 8 1 2 4 8 16 32 64 128
 154  448 778 0   9 1 8 1 2 4 8 16 32 64 128
 155  225 886 0   3 1 8 1 2 4 8 16 32 64 128
 156  163 750 0  50 1 8 1 2 4 8 16 32 64 128
 157  246 367 0  11 1 8 1 2 4 8 16 32 64 128
 158  342 447 0  69 1 8 1 2 4 8 16 32 64 128
 159  407 490 0  29 1 8 1 2 4 8 16 32 64 128
 160  727 651 0  48 1 8 1 2 4 8 16 32 64 128
 161  904  70 0  40 1 8 1 2 4 8 16 32 64 128
 162  115 972 0  28 1 8 1 2 4 8 16 32 64 128
 163  344  80 0  89 1 8 1 2 4 8 16 32 64 128
 164  523 247 0  68 1 8 1 2 4 8 16 32 64 128
 165   39 249 0  64 1 8 1 2 4 8 16 32 64 128
 166  200 395 0  40 1 8 1 2 4 8 16 32 64 128
 167  494 968 0  44 1 8 1 2 4 8 16 32 64 128
 168  933 809 0  99 1 8 1 2 4 8 16 32 64 128
 169  723 820 0  52 1 8 1 2 4 8 16 32 64 128
 170  182 588 0  63 1 8 1 2 4 8 16 32 64 128
 171  866 417 0  79 1 8 1 2 4 8 16 32 64 128
 172  995 700 0  88 1 8 1 2 4 8 16 32 64 128
 173   96 304 0  14 1 8 1 2 4 8 16 32 64 128
 174  432  13 0  39 1 8 1 2 4 8 16 32 64 128
 175  967  95 0  10 1 8 1 2 4 8 16 32 64 128
 176   96 642 0  85 1 8 1 2 4 8 16 32 64 128
 177  652  26 0  30 1 8 1 2 4 8 16 32 64 128
 178  216 715 0 100 1 8 1 2 4 8 16 32 64 128
 179  735 153 0   2 1 8 1 2 4 8 16 32 64 128
 180  339 472 0  48 1 8 1 2 4 8 16 32 64 128
 181  147 441 0  56 1 8 1 2 4 8 16 32 64 128
 182  314 384 0  79 1 8 1 2 4 8 16 32 64 128
 183  473 192 0  79 1 8 1 2 4 8 16 32 64 128
 184  173 542 0  36 1 8 1 2 4 8 16 32 64 128
 185  757 848 0  71 1 8 1 2 4 8 16 32 64 128
 186  653 676 0  23 1 8 1 2 4 8 16 32 64 128
 187  530 715 0  40 1 8 1 2 4 8 16 32 64 128
 188 1000 592 0  61 1 8 1 2 4 8 16 32 64 128
 189  530 951 0  43 1 8 1 2 4 8 16 32 64 128
 190  495   3 0  55 1 8 1 2 4 8 16 32 64 128
 191  347 908 0  98 1 8 1 2 4 8 16 32 64 128
 192  708 973 0  39 1 8 1 2 4 8 16 32 64 128
 193   36 434 0  18 1 8 1 2 4 8 16 32 64 128
 194  128 797 0  46 1 8 1 2 4 8 16 32 64 128
 195  177 268 0  71 1 8 1 2 4 8 16 32 64 128
 196  755 303 0  77 1 8 1 2 4 8 16 32 64 128
 197   48 194 0  75 1 8 1 2 4 8 16 32 64 128
 198  635 109 0  80 1 8 1 2 4 8 16 32 64 128
 199  456 369 0   9 1 8 1 2 4 8 16 32 64 128
 200  781 122 0 100 1 8 1 2 4 8 16 32 64 128
 201  686 119 0  55 1 8 1 2 4 8 16 32 64 128
 202  241 846 0  39 1 8 1 2 4 8 16 32 64 128
 203  200 844 0  59 1 8 1 2 4 8 16 32 64 128
 204  636 529 0  95 1 8 1 2 4 8 16 32 64 128
 205  910 999 0   2 1 8 1 2 4 8 16 32 64 128
 206  591 209 0  19 1 8 1 2 4 8 16 32 64 128
 207  605 218 0 100 1 8 1 2 4 8 16 32 64 128
 208  960 203 0  42 1 8 1 2 4 8 16 32 64 128
 209  133 249 0  58 1 8 1 2 4 8 16 32 64 128
 210  935 686 0  35 1 8 1 2 4 8 16 32 64 128
 211  431 712 0  34 1 8 1 2 4 8 16 32 64 128
 212  156 194 0  63 1 8 1 2 4 8 16 32 64 128
 213  781 851 0  95 1 8 1 2 4 8 16 32 64 128
 214  388 315 0  30 1 8 1 2 4 8 16 32 64 128
 215  355 490 0  63 1 8 1 2 4 8 16 32 64 128
 216  920 250 0  29 1 8 1 2 4 8 16 32 64 128
 217   35 144 0  18 1 8 1 2 4 8 16 32 64 128
 218  966 216 0  38 1 8 1 2 4 8 16 32 64 128
 219  280 346 0  28 1 8 1 2 4 8 16 32 64 128
 220  676 468 0  59 1 8 1 2 4 8 16 32 64 128
 221  886 755 0  99 1 8 1 2 4 8 16 32 64 128
 222  128  46 0   1 1 8 1 2 4 8 16 32 64 128
 223  662 663 0  48 1 8 1 2 4 8 16 32 64 128
 224  125 971 0  57 1 8 1 2 4 8 16 32 64 128
 225   87 179 0  70 1 8 1 2 4 8 16 32 64 128
 226  183 342 0  24 1 8 1 2 4 8 16 32 64 128
 227  282 895 0  46 1 8 1 2 4 8 16 32 64 128
 228  195  92 0  79 1 8 1 2 4 8 16 32 64 128
 229  894 389 0   9 1 8 1 2 4 8 16 32 64 128
 230   28 994 0  63 1 8 1 2 4 8 16 32 64 128
 231  540 546 0  56 1 8 1 2 4 8 16 32 64 128
 232  146 176 0  47 1 8 1 2 4 8 16 32 64 128
 233  146 109 0  63 1 8 1 2 4 8 16 32 64 128
 234  437 881 0  12 1 8 1 2 4 8 16 32 64 128
 235  180  59 0  85 1 8 1 2 4 8 16 32 64 128
 236  474 396 0  88 1 8 1 2 4 8 16 32 64 128
 237  185 364 0  31 1 8 1 2 4 8 16 32 64 128
 238  515 461 0   7 1 8 1 2 4 8 16 32 64 128
 239   37 579 0  11 1 8 1 2 4 8 16 32 64 128
 240  687 617 0   9 1 8 1 2 4 8 16 32 64 128
 241  835  65 0  77 1 8 1 2 4 8 16 32 64 128
 242  152  70 0  97 1 8 1 2 4 8 16 32 64 128
 243  824 122 0  45 1 8 1 2 4 8 16 32 64 128
 244  301 323 0  86 1 8 1 2 4 8 16 32 64 128
 245  378 792 0  71 1 8 1 2 4 8 16 32 64 128
 246  529 501 0  96 1 8 1 2 4 8 16 32 64 128
 247  174 954 0  30 1 8 1 2 4 8 16 32 64 128
 248   68 339 0  95 1 8 1 2 4 8 16 32 64 128
 249   45 401 0  48 1 8 1 2 4 8 16 32 64 128
 250  878 995 0  61 1 8 1 2 4 8 16 32 64 128
 251  270 604 0  29 1 8 1 2 4 8 16 32 64 128
 252  609 422 0  72 1 8 1 2 4 8 16 32 64 128
 253  984  15 0  47 1 8 1 2 4 8 16 32 64 128
 254  549  74 0  95 1 8 1 2 4 8 16 32 64 128
 255  340 995 0  69 1 8 1 2 4 8 16 32 64 128
 256  845 335 0  59 1 8 1 2 4 8 16 32 64 128
 257  733 737 0   8 1 8 1 2 4 8 16 32 64 128
 258  225 989 0  51 1 8 1 2 4 8 16 32 64 128
 259  458 415 0  43 1 8 1 2 4 8 16 32 64 128
 260   97 696 0  46 1 8 1 2 4 8 16 32 64 128
 261   58 512 0  81 1 8 1 2 4 8 16 32 64 128
 262  875 262 0  97 1 8 1 2 4 8 16 32 64 128
 263  535 365 0  42 1 8 1 2 4 8 16 32 64 128
 264  506 921 0  13 1 8 1 2 4 8 16 32 64 128
 265  174 123 0   3 1 8 1 2 4 8 16 32 64 128
 266  233 735 0  12 1 8 1 2 4 8 16 32 64 128
 267  384  73 0  93 1 8 1 2 4 8 16 32 64 128
 268  553 335 0 100 1 8 1 2 4 8 16 32 64 128
 269  101  40 0  71 1 8 1 2 4 8 16 32 64 128
 270  516  53 0  18 1 8 1 2 4 8 16 32 64 128
 271  471   2 0  15 1 8 1 2 4 8 16 32 64 128
 272  493 691 0  62 1 8 1 2 4 8 16 32 64 128
 273   57 533 0   7 1 8 1 2 4 8 16 32 64 128
 274  472 525 0  51 1 8 1 2 4 8 16 32 64 128
 275  484 954 0   3 1 8 1 2 4 8 16 32 64 128
 276  560 111 0  76 1 8 1 2 4 8 16 32 64 128
 277  439  52 0  23 1 8 1 2 4 8 16 32 64 128
 278  592 734 0  52 1 8 1 2 4 8 16 32 64 128
 279  792 669 0  98 1 8 1 2 4 8 16 32 64 128
 280  720 143 0 100 1 8 1 2 4 8 16 32 64 128
 281  515 655 0  16 1 8 1 2 4 8 16 32 64 128
 282  750 673 0  49 1 8 1 2 4 8 16 32 64 128
 283  194 964 0  35 1 8 1 2 4 8 16 32 64 128
 284  477 933 0  80 1 8 1 2 4 8 16 32 64 128
 285  137 465 0  22 1 8 1 2 4 8 16 32 64 128
 286  415 207 0 100 1 8 1 2 4 8 16 32 64 128
 287  131 799 0  32 1 8 1 2 4 8 16 32 64 128
 288   63 721 0  10 1 8 1 2 4 8 16 32 64 128
 289  365 752 0  99 1 8 1 2 4 8 16 32 64 128
 290  449 171 0  24 1 8 1 2 4 8 16 32 64 128
 291  523 983 0  71 1 8 1 2 4 8 16 32 64 128
 292  579 770 0   8 1 8 1 2 4 8 16 32 64 128
 293  865 476 0  70 1 8 1 2 4 8 16 32 64 128
 294  687 199 0  27 1 8 1 2 4 8 16 32 64 128
 295  553 958 0  26 1 8 1 2 4 8 16 32 64 128
 296   36 755 0  98 1 8 1 2 4 8 16 32 64 128
 297  403 266 0  94 1 8 1 2 4 8 16 32 64 128
 298  849 982 0  76 1 8 1 2 4 8 16 32 64 128
 299  917 250 0  41 1 8 1 2 4 8 16 32 64 128
 300  607 509 0  75 1 8 1 2 4 8 16 32 64 128
 301  877 317 0  47 1 8 1 2 4 8 16 32 64 128
 302  628 413 0  55 1 8 1 2 4 8 16 32 64 128
 303  988  87 0  41 1 8 1 2 4 8 16 32 64 128
 304  477 614 0  67 1 8 1 2 4 8 16 32 64 128
 305  438 841 0  25 1 8 1 2 4 8 16 32 64 128
 306    7 762 0  47 1 8 1 2 4 8 16 32 64 128
 307  754 744 0  63 1 8 1 2 4 8 16 32 64 128
 308  777 649 0  66 1 8 1 2 4 8 16 32 64 128
 309  610 751 0   6 1 8 1 2 4 8 16 32 64 128
 310  647 839 0  78 1 8 1 2 4 8 16 32 64 128
 311  795  30 0   3 1 8 1 2 4 8 16 32 64 128
 312    5 141 0  16 1 8 1 2 4 8 16 32 64 128
 313  601 558 0   3 1 8 1 2 4 8 16 32 64 128
 314  633  31 0  69 1 8 1 2 4 8 16 32 64 128
 315  689 274 0  82 1 8 1 2 4 8 16 32 64 128
 316  865 512 0  74 1 8 1 2 4 8 16 32 64 128
 317  646 972 0  56 1 8 1 2 4 8 16 32 64 128
 318  960 408 0  84 1 8 1 2 4 8 16 32 64 128
 319  249 494 0  19 1 8 1 2 4 8 16 32 64 128
 320    9 880 0   4 1 8 1 2 4 8 16 32 64 128
 321  447 284 0  89 1 8 1 2 4 8 16 32 64 128
 322  662 101 0   1 1 8 1 2 4 8 16 32 64 128
 323  776 449 0  95 1 8 1 2 4 8 16 32 64 128
 324   54 280 0   4 1 8 1 2 4 8 16 32 64 128
 325  199 780 0  41 1 8 1 2 4 8 16 32 64 128
 326  924 266 0  85 1 8 1 2 4 8 16 32 64 128
 327  324 805 0  98 1 8 1 2 4 8 16 32 64 128
 328   21 467 0  30 1 8 1 2 4 8 16 32 64 128
 329  352 177 0  57 1 8 1 2 4 8 16 32 64 128
 330  430 374 0  23 1 8 1 2 4 8 16 32 64 128
 331  718 602 0  42 1 8 1 2 4 8 16 32 64 128
 332  193 409 0  21 1 8 1 2 4 8 16 32 64 128
 333  234 485 0   3 1 8 1 2 4 8 16 32 64 128
 334  826 916 0  96 1 8 1 2 4 8 16 32 64 128
 335  420 613 0  15 1 8 1 2 4 8 16 32 64 128
 336  719 138 0  28 1 8 1 2 4 8 16 32 64 128
 337  457 295 0  76 1 8 1 2 4 8 16 32 64 128
 338  936 125 0  20 1 8 1 2 4 8 16 32 64 128
 339  603 153 0  15 1 8 1 2 4 8 16 32 64 128
 340  771 659 0  80 1 8 1 2 4 8 16 32 64 128
 341  499 234 0  13 1 8 1 2 4 8 16 32 64 128
 342  260   9 0  70 1 8 1 2 4 8 16 32 64 128
 343  721 611 0   8 1 8 1 2 4 8 16 32 64 128
 344  151 120 0  31 1 8 1 2 4 8 16 32 64 128
 345   37 276 0  48 1 8 1 2 4 8 16 32 64 128
 346  646 290 0  77 1 8 1 2 4 8 16 32 64 128
 347  386 352 0  60 1 8 1 2 4 8 16 32 64 128
 348  641 678 0  88 1 8 1 2 4 8 16 32 64 128
 349  856 182 0  34 1 8 1 2 4 8 16 32 64 128
 350  970 309 0  56 1 8 1 2 4 8 16 32 64 128
 351  339  68 0  46 1 8 1 2 4 8 16 32 64 128
 352  116 403 0   3 1 8 1 2 4 8 16 32 64 128
 353  935 397 0  11 1 8 1 2 4 8 16 32 64 128
 354  863 984 0  48 1 8 1 2 4 8 16 32 64 128
 355  800 107 0  12 1 8 1 2 4 8 16 32 64 128
 356  349 859 0  80 1 8 1 2 4 8 16 32 64 128
 357  951 548 0  38 1 8 1 2 4 8 16 32 64 128
 358  969   9 0  14 1 8 1 2 4 8 16 32 64 128
 359  522 463 0  64 1 8 1 2 4 8 16 32 64 128
 360  118 411 0  51 1 8 1 2 4 8 16 32 64 128
 361  235 194 0  51 1 8 1 2 4 8 16 32 64 128
 362  180 600 0  69 1 8 1 2 4 8 16 32 64 128
 363  324 464 0  58 1 8 1 2 4 8 16 32 64 128
 364  172 451 0  70 1 8 1 2 4 8 16 32 64 128
 365  752 306 0  17 1 8 1 2 4 8 16 32 64 128
 366  678 217 0  61 1 8 1 2 4 8 16 32 64 128
 367  447 943 0  44 1 8 1 2 4 8 16 32 64 128
 368  952 722 0  80 1 8 1 2 4 8 16 32 64 128
 369   13 632 0  12 1 8 1 2 4 8 16 32 64 128
 370  569 501 0  22 1 8 1 2 4 8 16 32 64 128
 371  932 532 0  22 1 8 1 2 4 8 16 32 64 128
 372  401 348 0  34 1 8 1 2 4 8 16 32 64 128
 373  449 967 0  16 1 8 1 2 4 8 16 32 64 128
 374  362 434 0  74 1 8 1 2 4 8 16 32 64 128
 375  777 683 0  77 1 8 1 2 4 8 16 32 64 128
 376  441 516 0   2 1 8 1 2 4 8 16 32 64 128
 377  671 413 0  75 1 8 1 2 4 8 16 32 64 128
 378  341 503 0  82 1 8 1 2 4 8 16 32 64 128
 379  458 304 0  80 1 8 1 2 4 8 16 32 64 128
 380   74 766 0  26 1 8 1 2 4 8 16 32 64 128
 381  956 308 0  68 1 8 1 2 4 8 16 32 64 128
 382  918 829 0  19 1 8 1 2 4 8 16 32 64 128
 383  975 951 0  86 1 8 1 2 4 8 16 32 64 128
 384  387 423 0  68 1 8 1 2 4 8 16 32 64 128
 385   72 563 0  30 1 8 1 2 4 8 16 32 64 128
 386  195  99 0  96 1 8 1 2 4 8 16 32 64 128
 387    4 280 0  43 1 8 1 2 4 8 16 32 64 128
 388  397 215 0  69 1 8 1 2 4 8 16 32 64 128
 389  409 358 0   6 1 8 1 2 4 8 16 32 64 128
 390  808 308 0  48 1 8 1 2 4 8 16 32 64 128
 391  163 114 0  38 1 8 1 2 4 8 16 32 64 128
 392  814 524 0  56 1 8 1 2 4 8 16 32 64 128
 393  675 700 0  81 1 8 1 2 4 8 16 32 64 128
 394  552 911 0  84 1 8 1 2 4 8 16 32 64 128
 395  714 433 0  82 1 8 1 2 4 8 16 32 64 128
 396  318 176 0  86 1 8 1 2 4 8 16 32 64 128
 397    3 354 0  27 1 8 1 2 4 8 16 32 64 128
 398  774 860 0  42 1 8 1 2 4 8 16 32 64 128
 399  981  24 0  78 1 8 1 2 4 8 16 32 64 128
 400   28 344 0  83 1 8 1 2 4 8 16 32 64 128
 401  995 647 0  14 1 8 1 2 4 8 16 32 64 128
 402  937 698 0  95 1 8 1 2 4 8 16 32 64 128
 403   77 327 0  33 1 8 1 2 4 8 16 32 64 128
 404  875 795 0  45 1 8 1 2 4 8 16 32 64 128
 405  429 878 0  27 1 8 1 2 4 8 16 32 64 128
 406  506 228 0  21 1 8 1 2 4 8 16 32 64 128
 407  278 321 0  45 1 8 1 2 4 8 16 32 64 128
 408  710 320 0  33 1 8 1 2 4 8 16 32 64 128
 409  689 408 0  82 1 8 1 2 4 8 16 32 64 128
 410  833 598 0  82 1 8 1 2 4 8 16 32 64 128
 411  236 374 0  25 1 8 1 2 4 8 16 32 64 128
 412  268 322 0  23 1 8 1 2 4 8 16 32 64 128
 413  523 553 0  54 1 8 1 2 4 8 16 32 64 128
 414  273 604 0   9 1 8 1 2 4 8 16 32 64 128
 415  263 610 0  98 1 8 1 2 4 8 16 32 64 128
 416  428 557 0  42 1 8 1 2 4 8 16 32 64 128
 417  588 543 0  78 1 8 1 2 4 8 16 32 64 128
 418  203 684 0  75 1 8 1 2 4 8 16 32 64 128
 419  856 225 0  98 1 8 1 2 4 8 16 32 64 128
 420  841 606 0  36 1 8 1 2 4 8 16 32 64 128
 421  881 783 0   5 1 8 1 2 4 8 16 32 64 128
 422  744 614 0  86 1 8 1 2 4 8 16 32 64 128
 423  994 916 0  45 1 8 1 2 4 8 16 32 64 128
 424  780 723 0  72 1 8 1 2 4 8 16 32 64 128
 425  296 538 0  62 1 8 1 2 4 8 16 32 64 128
 426  312 512 0  58 1 8 1 2 4 8 16 32 64 128
 427   73 704 0  49 1 8 1 2 4 8 16 32 64 128
 428  112 499 0  18 1 8 1 2 4 8 16 32 64 128
 429  693 142 0  70 1 8 1 2 4 8 16 32 64 128
 430   15 263 0  53 1 8 1 2 4 8 16 32 64 128
 431  723 530 0  29 1 8 1 2 4 8 16 32 64 128
 432  951 257 0  89 1 8 1 2 4 8 16 32 64 128
 433  230  30 0  29 1 8 1 2 4 8 16 32 64 128
 434   22  57 0   4 1 8 1 2 4 8 16 32 64 128
 435  258 382 0  65 1 8 1 2 4 8 16 32 64 128
 436  549 932 0  90 1 8 1 2 4 8 16 32 64 128
 437   48 951 0  96 1 8 1 2 4 8 16 32 64 128
 438   35 811 0  28 1 8 1 2 4 8 16 32 64 128
 439  271 724 0  48 1 8 1 2 4 8 16 32 64 128
 440  540 294 0  58 1 8 1 2 4 8 16 32 64 128
 441  163 447 0  12 1 8 1 2 4 8 16 32 64 128
 442  378 645 0  44 1 8 1 2 4 8 16 32 64 128
 443  945 914 0  55 1 8 1 2 4 8 16 32 64 128
 444  354 553 0  29 1 8 1 2 4 8 16 32 64 128
 445  588 758 0  55 1 8 1 2 4 8 16 32 64 128
 446   11 109 0  40 1 8 1 2 4 8 16 32 64 128
 447  100 576 0  41 1 8 1 2 4 8 16 32 64 128
 448  191 276 0  26 1 8 1 2 4 8 16 32 64 128
 449  454 557 0  63 1 8 1 2 4 8 16 32 64 128
 450  120  66 0  19 1 8 1 2 4 8 16 32 64 128
 451  596 588 0  41 1 8 1 2 4 8 16 32 64 128
 452   60 765 0  56 1 8 1 2 4 8 16 32 64 128
 453  392 197 0  94 1 8 1 2 4 8 16 32 64 128
 454  878  16 0  79 1 8 1 2 4 8 16 32 64 128
 455  195 339 0  80 1 8 1 2 4 8 16 32 64 128
 456  810  40 0  49 1 8 1 2 4 8 16 32 64 128
 457  424 841 0  64 1 8 1 2 4 8 16 32 64 128
 458  728 353 0  93 1 8 1 2 4 8 16 32 64 128
 459  929 173 0  32 1 8 1 2 4 8 16 32 64 128
 460  686 897 0  91 1 8 1 2 4 8 16 32 64 128
 461  241 811 0  16 1 8 1 2 4 8 16 32 64 128
 462  534 489 0  82 1 8 1 2 4 8 16 32 64 128
 463  497 315 0  29 1 8 1 2 4 8 16 32 64 128
 464  468 707 0  66 1 8 1 2 4 8 16 32 64 128
 465  529 560 0  97 1 8 1 2 4 8 16 32 64 128
 466  980 810 0  37 1 8 1 2 4 8 16 32 64 128
 467   85 295 0  25 1 8 1 2 4 8 16 32 64 128
 468  711 650 0  63 1 8 1 2 4 8 16 32 64 128
 469  457 576 0  28 1 8 1 2 4 8 16 32 64 128
 470  730 315 0  82 1 8 1 2 4 8 16 32 64 128
 471  265 508 0  35 1 8 1 2 4 8 16 32 64 128
 472  658 454 0  81 1 8 1 2 4 8 16 32 64 128
 473  725 768 0  64 1 8 1 2 4 8 16 32 64 128
 474  832  79 0  18 1 8 1 2 4 8 16 32 64 128
 475  957 798 0  21 1 8 1 2 4 8 16 32 64 128
 476  574 343 0  45 1 8 1 2 4 8 16 32 64 128
 477  555 363 0  44 1 8 1 2 4 8 16 32 64 128
 478  587 247 0  85 1 8 1 2 4 8 16 32 64 128
 479  457 648 0  54 1 8 1 2 4 8 16 32 64 128
 480  976 886 0  57 1 8 1 2 4 8 16 32 64 128
 481  277 441 0  46 1 8 1 2 4 8 16 32 64 128
 482  342 144 0  53 1 8 1 2 4 8 16 32 64 128
 483  847 438 0  35 1 8 1 2 4 8 16 32 64 128
 484  553 975 0  16 1 8 1 2 4 8 16 32 64 128
 485  529 306 0  62 1 8 1 2 4 8 16 32 64 128
 486  971 937 0  42 1 8 1 2 4 8 16 32 64 128
 487  422 919 0  10 1 8 1 2 4 8 16 32 64 128
 488   81 214 0  52 1 8 1 2 4 8 16 32 64 128
 489  991 653 0  49 1 8 1 2 4 8 16 32 64 128
 490  419 370 0  58 1 8 1 2 4 8 16 32 64 128
 491  354 299 0  42 1 8 1 2 4 8 16 32 64 128
 492  262 815 0  57 1 8 1 2 4 8 16 32 64 128
 493  206  79 0  57 1 8 1 2 4 8 16 32 64 128
 494  344 805 0  92 1 8 1 2 4 8 16 32 64 128
 495  802 457 0  93 1 8 1 2 4 8 16 32 64 128
 496  134 580 0  17 1 8 1 2 4 8 16 32 64 128
 497  842 412 0  12 1 8 1 2 4 8 16 32 64 128
 498   37 616 0  58 1 8 1 2 4 8 16 32 64 128
 499  438 839 0   3 1 8 1 2 4 8 16 32 64 128
 500  346 543 0  82 1 8 1 2 4 8 16 32 64 128
 501  398 213 0  36 1 8 1 2 4 8 16 32 64 128
 502  112 894 0  81 1 8 1 2 4 8 16 32 64 128
 503  618  36 0  13 1 8 1 2 4 8 16 32 64 128
 504  579 120 0  97 1 8 1 2 4 8 16 32 64 128
 505  200 533 0  58 1 8 1 2 4 8 16 32 64 128
 506  772 474 0  44 1 8 1 2 4 8 16 32 64 128
 507  411 724 0   4 1 8 1 2 4 8 16 32 64 128
 508   98 280 0  99 1 8 1 2 4 8 16 32 64 128
 509  789  78 0  86 1 8 1 2 4 8 16 32 64 128
 510  490 516 0   1 1 8 1 2 4 8 16 32 64 128
 511  820 835 0   1 1 8 1 2 4 8 16 32 64 128
 512  549 133 0  67 1 8 1 2 4 8 16 32 64 128
 513  826 975 0  35 1 8 1 2 4 8 16 32 64 128
 514   95 210 0  23 1 8 1 2 4 8 16 32 64 128
 515  401 394 0  30 1 8 1 2 4 8 16 32 64 128
 516  303 690 0  69 1 8 1 2 4 8 16 32 64 128
 517  122 534 0  84 1 8 1 2 4 8 16 32 64 128
 518  626 543 0  67 1 8 1 2 4 8 16 32 64 128
 519  183  28 0  57 1 8 1 2 4 8 16 32 64 128
 520  847 160 0  64 1 8 1 2 4 8 16 32 64 128
 521  190 628 0  13 1 8 1 2 4 8 16 32 64 128
 522  393  59 0  65 1 8 1 2 4 8 16 32 64 128
 523  280 373 0  60 1 8 1 2 4 8 16 32 64 128
 524   42  47 0  94 1 8 1 2 4 8 16 32 64 128
 525  978 208 0  35 1 8 1 2 4 8 16 32 64 128
 526  825 231 0  35 1 8 1 2 4 8 16 32 64 128
 527  777 399 0  86 1 8 1 2 4 8 16 32 64 128
 528  736 733 0  63 1 8 1 2 4 8 16 32 64 128
 529  275  23 0  95 1 8 1 2 4 8 16 32 64 128
 530  941 319 0  97 1 8 1 2 4 8 16 32 64 128
 531  680 839 0  63 1 8 1 2 4 8 16 32 64 128
 532  309 504 0  34 1 8 1 2 4 8 16 32 64 128
 533  979 589 0  51 1 8 1 2 4 8 16 32 64 128
 534  299 690 0   9 1 8 1 2 4 8 16 32 64 128
 535  157 296 0  94 1 8 1 2 4 8 16 32 64 128
 536  543 835 0  45 1 8 1 2 4 8 16 32 64 128
 537  249  64 0  78 1 8 1 2 4 8 16 32 64 128
 538  225 973 0  85 1 8 1 2 4 8 16 32 64 128
 539  710 608 0  73 1 8 1 2 4 8 16 32 64 128
 540  169  16 0   8 1 8 1 2 4 8 16 32 64 128
 541  645 509 0  78 1 8 1 2 4 8 16 32 64 128
 542  232 381 0  26 1 8 1 2 4 8 16 32 64 128
 543  692 518 0  34 1 8 1 2 4 8 16 32 64 128
 544   13 737 0  70 1 8 1 2 4 8 16 32 64 128
 545   86 730 0  56 1 8 1 2 4 8 16 32 64 128
 546  812 570 0  81 1 8 1 2 4 8 16 32 64 128
 547  853 410 0  93 1 8 1 2 4 8 16 32 64 128
 548  563 824 0  98 1 8 1 2 4 8 16 32 64 128
 549  469 592 0  11 1 8 1 2 4 8 16 32 64 128
 550   35 641 0  41 1 8 1 2 4 8 16 32 64 128
 551  100 135 0  94 1 8 1 2 4 8 16 32 64 128
 552  359 160 0  71 1 8 1 2 4 8 16 32 64 128
 553  404 961 0  23 1 8 1 2 4 8 16 32 64 128
 554   98 876 0  89 1 8 1 2 4 8 16 32 64 128
 555  810 418 0  92 1 8 1 2 4 8 16 32 64 128
 556  357 862 0  85 1 8 1 2 4 8 16 32 64 128
 557  604 754 0  78 1 8 1 2 4 8 16 32 64 128
 558  105 396 0  51 1 8 1 2 4 8 16 32 64 128
 559  814 492 0  75 1 8 1 2 4 8 16 32 64 128
 560  564 968 0  68 1 8 1 2 4 8 16 32 64 128
 561    5 436 0  56 1 8 1 2 4 8 16 32 64 128
 562  911 975 0  51 1 8 1 2 4 8 16 32 64 128
 563  132 212 0  10 1 8 1 2 4 8 16 32 64 128
 564   71  50 0   7 1 8 1 2 4 8 16 32 64 128
 565  992 833 0  45 1 8 1 2 4 8 16 32 64 128
 566  869 528 0  21 1 8 1 2 4 8 16 32 64 128
 567  757 190 0  49 1 8 1 2 4 8 16 32 64 128
 568  760  87 0  71 1 8 1 2 4 8 16 32 64 128
 569  225 306 0  59 1 8 1 2 4 8 16 32 64 128
 570  502 967 0  85 1 8 1 2 4 8 16 32 64 128
 571  114 978 0  24 1 8 1 2 4 8 16 32 64 128
 572   99 895 0  31 1 8 1 2 4 8 16 32 64 128
 573  356 631 0  72 1 8 1 2 4 8 16 32 64 128
 574  493 181 0   9 1 8 1 2 4 8 16 32 64 128
 575  863 849 0  44 1 8 1 2 4 8 16 32 64 128
 576  422 901 0  31 1 8 1 2 4 8 16 32 64 128
 577  246 682 0  19 1 8 1 2 4 8 16 32 64 128
 578   23 565 0  92 1 8 1 2 4 8 16 32 64 128
 579  460 379 0  66 1 8 1 2 4 8 16 32 64 128
 580   17 904 0  98 1 8 1 2 4 8 16 32 64 128
 581  372 633 0  73 1 8 1 2 4 8 16 32 64 128
 582  628 544 0  42 1 8 1 2 4 8 16 32 64 128
 583  572 484 0  37 1 8 1 2 4 8 16 32 64 128
 584  615 903 0   6 1 8 1 2 4 8 16 32 64 128
 585  604 558 0  42 1 8 1 2 4 8 16 32 64 128
 586  515 204 0  46 1 8 1 2 4 8 16 32 64 128
 587  782 364 0  32 1 8 1 2 4 8 16 32 64 128
 588  445  70 0  93 1 8 1 2 4 8 16 32 64 128
 589  557 669 0  92 1 8 1 2 4 8 16 32 64 128
 590  258 744 0  98 1 8 1 2 4 8 16 32 64 128
 591   62 211 0  53 1 8 1 2 4 8 16 32 64 128
 592  727 775 0  67 1 8 1 2 4 8 16 32 64 128
 593  961  65 0  92 1 8 1 2 4 8 16 32 64 128
 594  331 137 0 100 1 8 1 2 4 8 16 32 64 128
 595  409 351 0  16 1 8 1 2 4 8 16 32 64 128
 596  514 183 0  79 1 8 1 2 4 8 16 32 64 128
 597  778 749 0  23 1 8 1 2 4 8 16 32 64 128
 598  181 785 0  57 1 8 1 2 4 8 16 32 64 128
 599  325 303 0  99 1 8 1 2 4 8 16 32 64 128
 600  576 958 0  94 1 8 1 2 4 8 16 32 64 128
 601  795 511 0   4 1 8 1 2 4 8 16 32 64 128
 602  799 751 0   6 1 8 1 2 4 8 16 32 64 128
 603   55 261 0  91 1 8 1 2 4 8 16 32 64 128
 604  912 287 0  67 1 8 1 2 4 8 16 32 64 128
 605  494 388 0  37 1 8 1 2 4 8 16 32 64 128
 606   55 795 0  73 1 8 1 2 4 8 16 32 64 128
 607  536 299 0  87 1 8 1 2 4 8 16 32 64 128
 608  975 771 0 100 1 8 1 2 4 8 16 32 64 128
 609  522 368 0  12 1 8 1 2 4 8 16 32 64 128
 610  911 815 0  65 1 8 1 2 4 8 16 32 64 128
 611  874 619 0  66 1 8 1 2 4 8 16 32 64 128
 612  649 953 0  80 1 8 1 2 4 8 16 32 64 128
 613  884 671 0  18 1 8 1 2 4 8 16 32 64 128
 614  700 614 0  16 1 8 1 2 4 8 16 32 64 128
 615  198  31 0  89 1 8 1 2 4 8 16 32 64 128
 616  698 260 0  76 1 8 1 2 4 8 16 32 64 128
 617  618 845 0  93 1 8 1 2 4 8 16 32 64 128
 618  535 154 0  85 1 8 1 2 4 8 16 32 64 128
 619  338 113 0  98 1 8 1 2 4 8 16 32 64 128
 620  684 628 0  49 1 8 1 2 4 8 16 32 64 128
 621   44 628 0  62 1 8 1 2 4 8 16 32 64 128
 622  232 780 0  69 1 8 1 2 4 8 16 32 64 128
 623  178 291 0  26 1 8 1 2 4 8 16 32 64 128
 624  858 374 0  62 1 8 1 2 4 8 16 32 64 128
 625  161 976 0  36 1 8 1 2 4 8 16 32 64 128
 626  206 100 0  62 1 8 1 2 4 8 16 32 64 128
 627  860 995 0 100 1 8 1 2 4 8 16 32 64 128
 628  403 325 0  74 1 8 1 2 4 8 16 32 64 128
 629  136 993 0  63 1 8 1 2 4 8 16 32 64 128
 630  552 100 0  70 1 8 1 2 4 8 16 32 64 128
 631  463   8 0   3 1 8 1 2 4 8 16 32 64 128
 632  707 914 0  97 1 8 1 2 4 8 16 32 64 128
 633  266 751 0  19 1 8 1 2 4 8 16 32 64 128
 634  398 433 0  28 1 8 1 2 4 8 16 32 64 128
 635  630 112 0  90 1 8 1 2 4 8 16 32 64 128
 636  244 872 0  43 1 8 1 2 4 8 16 32 64 128
 637  729 571 0  38 1 8 1 2 4 8 16 32 64 128
 638  340 641 0  34 1 8 1 2 4 8 16 32 64 128
 639   90 873 0  92 1 8 1 2 4 8 16 32 64 128
 640  490 831 0  50 1 8 1 2 4 8 16 32 64 128
 641    6  57 0  47 1 8 1 2 4 8 16 32 64 128
 642  975 682 0  76 1 8 1 2 4 8 16 32 64 128
 643   52 410 0  77 1 8 1 2 4 8 16 32 64 128
 644  268 927 0  19 1 8 1 2 4 8 16 32 64 128
 645  718 948 0  29 1 8 1 2 4 8 16 32 64 128
 646  999 257 0  92 1 8 1 2 4 8 16 32 64 128
 647   13  42 0  99 1 8 1 2 4 8 16 32 64 128
 648  160 430 0  28 1 8 1 2 4 8 16 32 64 128
 649  816 994 0  55 1 8 1 2 4 8 16 32 64 128
 650  451 876 0   2 1 8 1 2 4 8 16 32 64 128
 651  160 365 0  10 1 8 1 2 4 8 16 32 64 128
 652   38 599 0  40 1 8 1 2 4 8 16 32 64 128
 653  171 235 0  77 1 8 1 2 4 8 16 32 64 128
 654  321 956 0  91 1 8 1 2 4 8 16 32 64 128
 655  781 153 0  91 1 8 1 2 4 8 16 32 64 128
 656  690 181 0  86 1 8 1 2 4 8 16 32 64 128
 657   86 554 0  59 1 8 1 2 4 8 16 32 64 128
 658  293 299 0  52 1 8 1 2 4 8 16 32 64 128
 659  729 455 0  89 1 8 1 2 4 8 16 32 64 128
 660  409 523 0  42 1 8 1 2 4 8 16 32 64 128
 661  688 767 0  65 1 8 1 2 4 8 16 32 64 128
 662  793 506 0   8 1 8 1 2 4 8 16 32 64 128
 663  470 616 0  96 1 8 1 2 4 8 16 32 64 128
 664  651 921 0  22 1 8 1 2 4 8 16 32 64 128
 665  253 603 0   7 1 8 1 2 4 8 16 32 64 128
 666  246 813 0  71 1 8 1 2 4 8 16 32 64 128
 667  716 123 0  58 1 8 1 2 4 8 16 32 64 128
 668   81 738 0  31 1 8 1 2 4 8 16 32 64 128
 669  146 164 0   4 1 8 1 2 4 8 16 32 64 128
 670  360 117 0  13 1 8 1 2 4 8 16 32 64 128
 671  111 616 0 100 1 8 1 2 4 8 16 32 64 128
 672   99 586 0  94 1 8 1 2 4 8 16 32 64 128
 673  729 402 0  20 1 8 1 2 4 8 16 32 64 128
 674  491   0 0   2 1 8 1 2 4 8 16 32 64 128
 675  327 559 0  55 1 8 1 2 4 8 16 32 64 128
 676  206 465 0  34 1 8 1 2 4 8 16 32 64 128
 677  329 385 0  89 1 8 1 2 4 8 16 32 64 128
 678  384 313 0  49 1 8 1 2 4 8 16 32 64 128
 679  558 400 0  78 1 8 1 2 4 8 16 32 64 128
 680  499 798 0  73 1 8 1 2 4 8 16 32 64 128
 681  635 201 0  87 1 8 1 2 4 8 16 32 64 128
 682  731 181 0  13 1 8 1 2 4 8 16 32 64 128
 683  632 728 0  40 1 8 1 2 4 8 16 32 64 128
 684  725 428 0  81 1 8 1 2 4 8 16 32 64 128
 685  194 346 0  60 1 8 1 2 4 8 16 32 64 128
 686  151 287 0  35 1 8 1 2 4 8 16 32 64 128
 687  210 960 0  27 1 8 1 2 4 8 16 32 64 128
 688  714 835 0  13 1 8 1 2 4 8 16 32 64 128
 689  648 317 0  90 1 8 1 2 4 8 16 32 64 128
 690  126 383 0  52 1 8 1 2 4 8 16 32 64 128
 691  453 702 0  50 1 8 1 2 4 8 16 32 64 128
 692  753 272 0  94 1 8 1 2 4 8 16 32 64 128
 693  225 175 0  89 1 8 1 2 4 8 16 32 64 128
 694  290   1 0  74 1 8 1 2 4 8 16 32 64 128
 695  237 130 0  97 1 8 1 2 4 8 16 32 64 128
 696   46 272 0   8 1 8 1 2 4 8 16 32 64 128
 697  838 884 0  84 1 8 1 2 4 8 16 32 64 128
 698  186 270 0  19 1 8 1 2 4 8 16 32 64 128
 699  452 348 0  25 1 8 1 2 4 8 16 32 64 128
 700  416 722 0  46 1 8 1 2 4 8 16 32 64 128
 701  751 817 0  70 1 8 1 2 4 8 16 32 64 128
 702  467  77 0  65 1 8 1 2 4 8 16 32 64 128
 703  632 760 0  14 1 8 1 2 4 8 16 32 64 128
 704  194 277 0  17 1 8 1 2 4 8 16 32 64 128
 705   88 744 0  42 1 8 1 2 4 8 16 32 64 128
 706  695 897 0  42 1 8 1 2 4 8 16 32 64 128
 707  763 413 0  46 1 8 1 2 4 8 16 32 64 128
 708  910 922 0  61 1 8 1 2 4 8 16 32 64 128
 709   27 608 0  52 1 8 1 2 4 8 16 32 64 128
 710  829  54 0  67 1 8 1 2 4 8 16 32 64 128
 711  850 552 0  83 1 8 1 2 4 8 16 32 64 128
 712  262 261 0  55 1 8 1 2 4 8 16 32 64 128
 713  761 818 0  33 1 8 1 2 4 8 16 32 64 128
 714  915 842 0  37 1 8 1 2 4 8 16 32 64 128
 715  244 126 0  91 1 8 1 2 4 8 16 32 64 128
 716  760 620 0  70 1 8 1 2 4 8 16 32 64 128
 717  609 295 0  61 1 8 1 2 4 8 16 32 64 128
 718  816 413 0  95 1 8 1 2 4 8 16 32 64 128
 719  744 950 0  70 1 8 1 2 4 8 16 32 64 128
 720  316 889 0   1 1 8 1 2 4 8 16 32 64 128
 721  518 672 0  12 1 8 1 2 4 8 16 32 64 128
 722  312 595 0  98 1 8 1 2 4 8 16 32 64 128
 723  826 533 0  19 1 8 1 2 4 8 16 32 64 128
 724  231 616 0  99 1 8 1 2 4 8 16 32 64 128
 725   12 350 0  66 1 8 1 2 4 8 16 32 64 128
 726  271  85 0  15 1 8 1 2 4 8 16 32 64 128
 727  944 984 0  30 1 8 1 2 4 8 16 32 64 128
 728  469 407 0  44 1 8 1 2 4 8 16 32 64 128
 729  256 395 0  84 1 8 1 2 4 8 16 32 64 128
 730  319 818 0  83 1 8 1 2 4 8 16 32 64 128
 731    2 318 0   7 1 8 1 2 4 8 16 32 64 128
 732  321  80 0  34 1 8 1 2 4 8 16 32 64 128
 733  618 544 0  42 1 8 1 2 4 8 16 32 64 128
 734   57 649 0  43 1 8 1 2 4 8 16 32 64 128
 735   19   3 0  15 1 8 1 2 4 8 16 32 64 128
 736    2 654 0  94 1 8 1 2 4 8 16 32 64 128
 737  376 804 0  11 1 8 1 2 4 8 16 32 64 128
 738  273 922 0  33 1 8 1 2 4 8 16 32 64 128
 739  943  51 0  19 1 8 1 2 4 8 16 32 64 128
 740  120 370 0  25 1 8 1 2 4 8 16 32 64 128
 741  682 294 0  43 1 8 1 2 4 8 16 32 64 128
 742  371 136 0  67 1 8 1 2 4 8 16 32 64 128
 743  574 401 0  81 1 8 1 2 4 8 16 32 64 128
 744  106 104 0  50 1 8 1 2 4 8 16 32 64 128
 745  758 317 0  11 1 8 1 2 4 8 16 32 64 128
 746  457 878 0  30 1 8 1 2 4 8 16 32 64 128
 747  316 675 0   5 1 8 1 2 4 8 16 32 64 128
 748  989 547 0  65 1 8 1 2 4 8 16 32 64 128
 749  415 161 0   1 1 8 1 2 4 8 16 32 64 128
 750  568 554 0   3 1 8 1 2 4 8 16 32 64 128
 751  469 806 0  22 1 8 1 2 4 8 16 32 64 128
 752  630 549 0  57 1 8 1 2 4 8 16 32 64 128
 753  935 610 0  13 1 8 1 2 4 8 16 32 64 128
 754  985 376 0  15 1 8 1 2 4 8 16 32 64 128
 755  302 576 0  81 1 8 1 2 4 8 16 32 64 128
 756  312  94 0  41 1 8 1 2 4 8 16 32 64 128
 757   49 623 0  40 1 8 1 2 4 8 16 32 64 128
 758   40 253 0  79 1 8 1 2 4 8 16 32 64 128
 759  129 508 0  78 1 8 1 2 4 8 16 32 64 128
 760  147 240 0  34 1 8 1 2 4 8 16 32 64 128
 761  373 910 0  48 1 8 1 2 4 8 16 32 64 128
 762  915 139 0  39 1 8 1 2 4 8 16 32 64 128
 763  401   9 0  33 1 8 1 2 4 8 16 32 64 128
 764  306 209 0  53 1 8 1 2 4 8 16 32 64 128
 765  226 333 0  78 1 8 1 2 4 8 16 32 64 128
 766  530 285 0  30 1 8 1 2 4 8 16 32 64 128
 767  206 754 0  16 1 8 1 2 4 8 16 32 64 128
 768  399 359 0  53 1 8 1 2 4 8 16 32 64 128
 769  409 788 0   7 1 8 1 2 4 8 16 32 64 128
 770  909 339 0  59 1 8 1 2 4 8 16 32 64 128
 771  109 844 0  42 1 8 1 2 4 8 16 32 64 128
 772  540 598 0  80 1 8 1 2 4 8 16 32 64 128
 773  921 237 0  57 1 8 1 2 4 8 16 32 64 128
 774  400 476 0   3 1 8 1 2 4 8 16 32 64 128
 775  583 264 0  41 1 8 1 2 4 8 16 32 64 128
 776  787 167 0  70 1 8 1 2 4 8 16 32 64 128
 777  648   4 0  26 1 8 1 2 4 8 16 32 64 128
 778  320  52 0  30 1 8 1 2 4 8 16 32 64 128
 779  957 246 0  89 1 8 1 2 4 8 16 32 64 128
 780  398 236 0  18 1 8 1 2 4 8 16 32 64 128
 781  436 495 0   2 1 8 1 2 4 8 16 32 64 128
 782  939 291 0  73 1 8 1 2 4 8 16 32 64 128
 783  756 917 0  77 1 8 1 2 4 8 16 32 64 128
 784  790 974 0  85 1 8 1 2 4 8 16 32 64 128
 785  805 318 0  48 1 8 1 2 4 8 16 32 64 128
 786  171 450 0  69 1 8 1 2 4 8 16 32 64 128
 787  864 702 0  81 1 8 1 2 4 8 16 32 64 128
 788  317 370 0  79 1 8 1 2 4 8 16 32 64 128
 789  520 398 0  11 1 8 1 2 4 8 16 32 64 128
 790  380 597 0  33 1 8 1 2 4 8 16 32 64 128
 791  626 938 0  55 1 8 1 2 4 8 16 32 64 128
 792  872 292 0  50 1 8 1 2 4 8 16 32 64 128
 793  773   1 0  30 1 8 1 2 4 8 16 32 64 128
 794  163 616 0  12 1 8 1 2 4 8 16 32 64 128
 795  113 553 0  38 1 8 1 2 4 8 16 32 64 128
 796  745 665 0  63 1 8 1 2 4 8 16 32 64 128
 797  388 249 0  69 1 8 1 2 4 8 16 32 64 128
 798  636 488 0  80 1 8 1 2 4 8 16 32 64 128
 799  455 367 0  72 1 8 1 2 4 8 16 32 64 128
 800  826 817 0  49 1 8 1 2 4 8 16 32 64 128
 801  312 114 0  69 1 8 1 2 4 8 16 32 64 128
 802  925 183 0  54 1 8 1 2 4 8 16 32 64 128
 803   82 736 0  18 1 8 1 2 4 8 16 32 64 128
 804  446 540 0  97 1 8 1 2 4 8 16 32 64 128
 805  206 115 0  71 1 8 1 2 4 8 16 32 64 128
 806  580 111 0  33 1 8 1 2 4 8 16 32 64 128
 807  579 183 0  33 1 8 1 2 4 8 16 32 64 128
 808  656 773 0  12 1 8 1 2 4 8 16 32 64 128
 809  445 161 0  89 1 8 1 2 4 8 16 32 64 128
 810  963 835 0  29 1 8 1 2 4 8 16 32 64 128
 811  435 677 0  93 1 8 1 2 4 8 16 32 64 128
 812  478 735 0  81 1 8 1 2 4 8 16 32 64 128
 813  395 934 0  54 1 8 1 2 4 8 16 32 64 128
 814  867 723 0  91 1 8 1 2 4 8 16 32 64 128
 815  290 309 0  26 1 8 1 2 4 8 16 32 64 128
 816  397  65 0  75 1 8 1 2 4 8 16 32 64 128
 817  420 129 0   5 1 8 1 2 4 8 16 32 64 128
 818  214 211 0  95 1 8 1 2 4 8 16 32 64 128
 819  526 951 0  34 1 8 1 2 4 8 16 32 64 128
 820  808 418 0   1 1 8 1 2 4 8 16 32 64 128
 821  217 657 0  82 1 8 1 2 4 8 16 32 64 128
 822  853 479 0  98 1 8 1 2 4 8 16 32 64 128
 823  726 362 0  78 1 8 1 2 4 8 16 32 64 128
 824  734 272 0  52 1 8 1 2 4 8 16 32 64 128
 825  326 936 0  93 1 8 1 2 4 8 16 32 64 128
 826  161 858 0  91 1 8 1 2 4 8 16 32 64 128
 827  940 557 0  41 1 8 1 2 4 8 16 32 64 128
 828  320 709 0  19 1 8 1 2 4 8 16 32 64 128
 829  760  78 0  48 1 8 1 2 4 8 16 32 64 128
 830  163  98 0  59 1 8 1 2 4 8 16 32 64 128
 831  407 638 0  35 1 8 1 2 4 8 16 32 64 128
 832  433 362 0  76 1 8 1 2 4 8 16 32 64 128
 833  633 993 0  78 1 8 1 2 4 8 16 32 64 128
 834  448 216 0  30 1 8 1 2 4 8 16 32 64 128
 835  770 321 0  25 1 8 1 2 4 8 16 32 64 128
 836  740 492 0  91 1 8 1 2 4 8 16 32 64 128
 837  570 612 0  84 1 8 1 2 4 8 16 32 64 128
 838  868 940 0  70 1 8 1 2 4 8 16 32 64 128
 839  512 784 0  28 1 8 1 2 4 8 16 32 64 128
 840  196 983 0  74 1 8 1 2 4 8 16 32 64 128
 841  845 716 0  17 1 8 1 2 4 8 16 32 64 128
 842  353 435 0  54 1 8 1 2 4 8 16 32 64 128
 843  600  49 0   4 1 8 1 2 4 8 16 32 64 128
 844   75 923 0  95 1 8 1 2 4 8 16 32 64 128
 845  502 761 0  55 1 8 1 2 4 8 16 32 64 128
 846  916 623 0  95 1 8 1 2 4 8 16 32 64 128
 847  312 249 0  55 1 8 1 2 4 8 16 32 64 128
 848  263 680 0  30 1 8 1 2 4 8 16 32 64 128
 849  500 911 0  53 1 8 1 2 4 8 16 32 64 128
 850  871 366 0  65 1 8 1 2 4 8 16 32 64 128
 851  460  97 0  42 1 8 1 2 4 8 16 32 64 128
 852   56 378 0  48 1 8 1 2 4 8 16 32 64 128
 853  652 557 0  93 1 8 1 2 4 8 16 32 64 128
 854  419  75 0  98 1 8 1 2 4 8 16 32 64 128
 855  413  71 0  59 1 8 1 2 4 8 16 32 64 128
 856  128 291 0   2 1 8 1 2 4 8 16 32 64 128
 857  646 277 0  56 1 8 1 2 4 8 16 32 64 128
 858  584 372 0  95 1 8 1 2 4 8 16 32 64 128
 859  461 974 0  24 1 8 1 2 4 8 16 32 64 128
 860  406 588 0  20 1 8 1 2 4 8 16 32 64 128
 861  382  10 0  88 1 8 1 2 4 8 16 32 64 128
 862  867 171 0  23 1 8 1 2 4 8 16 32 64 128
 863  394 182 0  70 1 8 1 2 4 8 16 32 64 128
 864  223 964 0  65 1 8 1 2 4 8 16 32 64 128
 865  882 860 0  71 1 8 1 2 4 8 16 32 64 128
 866  641 204 0  25 1 8 1 2 4 8 16 32 64 128
 867   93 989 0  93 1 8 1 2 4 8 16 32 64 128
 868  188 484 0  33 1 8 1 2 4 8 16 32 64 128
 869  269 672 0  41 1 8 1 2 4 8 16 32 64 128
 870  333 353 0  41 1 8 1 2 4 8 16 32 64 128
 871  434 449 0  42 1 8 1 2 4 8 16 32 64 128
 872  842  18 0  44 1 8 1 2 4 8 16 32 64 128
 873  108 812 0  93 1 8 1 2 4 8 16 32 64 128
 874  508 573 0  61 1 8 1 2 4 8 16 32 64 128
 875  532 353 0  68 1 8 1 2 4 8 16 32 64 128
 876  214 539 0  84 1 8 1 2 4 8 16 32 64 128
 877   27 714 0  87 1 8 1 2 4 8 16 32 64 128
 878  595 427 0  37 1 8 1 2 4 8 16 32 64 128
 879  672 492 0  96 1 8 1 2 4 8 16 32 64 128
 880  236 244 0  87 1 8 1 2 4 8 16 32 64 128
 881  448 183 0  64 1 8 1 2 4 8 16 32 64 128
 882  588 277 0  50 1 8 1 2 4 8 16 32 64 128
 883   68  51 0  21 1 8 1 2 4 8 16 32 64 128
 884  586 817 0  91 1 8 1 2 4 8 16 32 64 128
 885  254  77 0  74 1 8 1 2 4 8 16 32 64 128
 886  329 985 0  41 1 8 1 2 4 8 16 32 64 128
 887  581 479 0   7 1 8 1 2 4 8 16 32 64 128
 888  248 473 0  63 1 8 1 2 4 8 16 32 64 128
 889  851 245 0  76 1 8 1 2 4 8 16 32 64 128
 890  557 117 0  38 1 8 1 2 4 8 16 32 64 128
 891  876 859 0  47 1 8 1 2 4 8 16 32 64 128
 892  995 387 0  87 1 8 1 2 4 8 16 32 64 128
 893   76 680 0  84 1 8 1 2 4 8 16 32 64 128
 894   39 936 0  35 1 8 1 2 4 8 16 32 64 128
 895  188 768 0  98 1 8 1 2 4 8 16 32 64 128
 896  603 920 0  50 1 8 1 2 4 8 16 32 64 128
 897  581 966 0 100 1 8 1 2 4 8 16 32 64 128
 898  213 442 0  82 1 8 1 2 4 8 16 32 64 128
 899  865 696 0  85 1 8 1 2 4 8 16 32 64 128
 900  436 302 0  49 1 8 1 2 4 8 16 32 64 128
 901  139 277 0  39 1 8 1 2 4 8 16 32 64 128
 902  400 434 0  91 1 8 1 2 4 8 16 32 64 128
 903   98 283 0  95 1 8 1 2 4 8 16 32 64 128
 904  496 406 0  75 1 8 1 2 4 8 16 32 64 128
 905   30 145 0  37 1 8 1 2 4 8 16 32 64 128
 906  426 659 0  85 1 8 1 2 4 8 16 32 64 128
 907  826 125 0  20 1 8 1 2 4 8 16 32 64 128
 908  705  98 0   6 1 8 1 2 4 8 16 32 64 128
 909  597 485 0  93 1 8 1 2 4 8 16 32 64 128
 910  992 997 0  31 1 8 1 2 4 8 16 32 64 128
 911  962 406 0  43 1 8 1 2 4 8 16 32 64 128
 912  913 911 0  44 1 8 1 2 4 8 16 32 64 128
 913  531 134 0  66 1 8 1 2 4 8 16 32 64 128
 914  982 976 0  32 1 8 1 2 4 8 16 32 64 128
 915   26 876 0  56 1 8 1 2 4 8 16 32 64 128
 916  582 382 0  93 1 8 1 2 4 8 16 32 64 128
 917  776 175 0  51 1 8 1 2 4 8 16 32 64 128
 918  976 637 0  84 1 8 1 2 4 8 16 32 64 128
 919  301 485 0  83 1 8 1 2 4 8 16 32 64 128
 920  853 611 0  42 1 8 1 2 4 8 16 32 64 128
 921  861 337 0  75 1 8 1 2 4 8 16 32 64 128
 922  406 809 0  70 1 8 1 2 4 8 16 32 64 128
 923  816 301 0  13 1 8 1 2 4 8 16 32 64 128
 924  546 277 0  37 1 8 1 2 4 8 16 32 64 128
 925  870 342 0  65 1 8 1 2 4 8 16 32 64 128
 926  949 965 0  15 1 8 1 2 4 8 16 32 64 128
 927  107 600 0  24 1 8 1 2 4 8 16 32 64 128
 928  194 391 0  67 1 8 1 2 4 8 16 32 64 128
 929   40 126 0  50 1 8 1 2 4 8 16 32 64 128
 930  569 820 0  83 1 8 1 2 4 8 16 32 64 128
 931  695 306 0  84 1 8 1 2 4 8 16 32 64 128
 932  893 641 0  21 1 8 1 2 4 8 16 32 64 128
 933  215 176 0  69 1 8 1 2 4 8 16 32 64 128
 934  228  42 0  25 1 8 1 2 4 8 16 32 64 128
 935  684 789 0   4 1 8 1 2 4 8 16 32 64 128
 936  502 593 0  18 1 8 1 2 4 8 16 32 64 128
 937  386 472 0  40 1 8 1 2 4 8 16 32 64 128
 938  812 219 0  29 1 8 1 2 4 8 16 32 64 128
 939  464 834 0  55 1 8 1 2 4 8 16 32 64 128
 940  133 472 0  54 1 8 1 2 4 8 16 32 64 128
 941  831 611 0  38 1 8 1 2 4 8 16 32 64 128
 942  517 762 0   8 1 8 1 2 4 8 16 32 64 128
 943  356 774 0  38 1 8 1 2 4 8 16 32 64 128
 944  606 442 0  94 1 8 1 2 4 8 16 32 64 128
 945  825 256 0  13 1 8 1 2 4 8 16 32 64 128
 946  447 607 0  22 1 8 1 2 4 8 16 32 64 128
 947  126 458 0  91 1 8 1 2 4 8 16 32 64 128
 948  460 468 0  80 1 8 1 2 4 8 16 32 64 128
 949   65 850 0  32 1 8 1 2 4 8 16 32 64 128
 950  462 297 0  71 1 8 1 2 4 8 16 32 64 128
 951  976 215 0  68 1 8 1 2 4 8 16 32 64 128
 952   60 994 0   4 1 8 1 2 4 8 16 32 64 128
 953  537 461 0  89 1 8 1 2 4 8 16 32 64 128
 954  819 316 0  54 1 8 1 2 4 8 16 32 64 128
 955  402  48 0  72 1 8 1 2 4 8 16 32 64 128
 956  396 889 0  11 1 8 1 2 4 8 16 32 64 128
 957  531 873 0  37 1 8 1 2 4 8 16 32 64 128
 958  334 398 0  47 1 8 1 2 4 8 16 32 64 128
 959  491  27 0   4 1 8 1 2 4 8 16 32 64 128
 960  168 806 0  59 1 8 1 2 4 8 16 32 64 128
 961  417 312 0  51 1 8 1 2 4 8 16 32 64 128
 962  239 996 0  31 1 8 1 2 4 8 16 32 64 128
 963  757 516 0  68 1 8 1 2 4 8 16 32 64 128
 964    0 763 0  24 1 8 1 2 4 8 16 32 64 128
 965  826 763 0   7 1 8 1 2 4 8 16 32 64 128
 966  931 593 0   9 1 8 1 2 4 8 16 32 64 128
 967   40 841 0  18 1 8 1 2 4 8 16 32 64 128
 968  345  39 0  64 1 8 1 2 4 8 16 32 64 128
 969  726  34 0  53 1 8 1 2 4 8 16 32 64 128
 970  184 849 0  96 1 8 1 2 4 8 16 32 64 128
 971  392 518 0  21 1 8 1 2 4 8 16 32 64 128
 972  492 460 0  94 1 8 1 2 4 8 16 32 64 128
 973  262 196 0  39 1 8 1 2 4 8 16 32 64 128
 974  450 527 0  23 1 8 1 2 4 8 16 32 64 128
 975  979 505 0  15 1 8 1 2 4 8 16 32 64 128
 976  606 729 0  17 1 8 1 2 4 8 16 32 64 128
 977  385 441 0  96 1 8 1 2 4 8 16 32 64 128
 978  412 885 0  54 1 8 1 2 4 8 16 32 64 128
 979  650 431 0  91 1 8 1 2 4 8 16 32 64 128
 980  453 397 0  75 1 8 1 2 4 8 16 32 64 128
 981  308 883 0  31 1 8 1 2 4 8 16 32 64 128
 982  871 784 0  24 1 8 1 2 4 8 16 32 64 128
 983  622 304 0  54 1 8 1 2 4 8 16 32 64 128
 984  994 917 0  36 1 8 1 2 4 8 16 32 64 128
 985  146 617 0  24 1 8 1 2 4 8 16 32 64 128
 986  911 634 0  98 1 8 1 2 4 8 16 32 64 128
 987  119 307 0  46 1 8 1 2 4 8 16 32 64 128
 988  205 504 0  72 1 8 1 2 4 8 16 32 64 128
 989  107 761 0  94 1 8 1 2 4 8 16 32 64 128
 990  579 972 0  62 1 8 1 2 4 8 16 32 64 128
 991  372 818 0  90 1 8 1 2 4 8 16 32 64 128
 992  308 238 0  79 1 8 1 2 4 8 16 32 64 128
 993  749 279 0   3 1 8 1 2 4 8 16 32 64 128
 994  684 967 0  45 1 8 1 2 4 8 16 32 64 128
 995  642 851 0  30 1 8 1 2 4 8 16 32 64 128
 996  560 683 0  23 1 8 1 2 4 8 16 32 64 128
 997  626 516 0  12 1 8 1 2 4 8 16 32 64 128
 998  304 647 0  53 1 8 1 2 4 8 16 32 64 128
 999  334 444 0  62 1 8 1 2 4 8 16 32 64 128
1000  794 609 0  10 1 8 1 2 4 8 16 32 64 128
1001  337 659 0  10 1 8 1 2 4 8 16 32 64 128
1002  501 502 0  35 1 8 1 2 4 8 16 32 64 128
1003  897 754 0  32 1 8 1 2 4 8 16 32 64 128
1004  211 139 0  70 1 8 1 2 4 8 16 32 64 128
1005  663 898 0  32 1 8 1 2 4 8 16 32 64 128
1006  682 108 0  25 1 8 1 2 4 8 16 32 64 128
1007  448 507 0  81 1 8 1 2 4 8 16 32 64 128
1008  533 145 0  98 1 8 1 2 4 8 16 32 64 128
1009  440 154 0  16 1 8 1 2 4 8 16 32 64 128
1010  873 260 0  60 1 8 1 2 4 8 16 32 64 128
1011   98 881 0   8 1 8 1 2 4 8 16 32 64 128
1012  294 775 0  91 1 8 1 2 4 8 16 32 64 128
1013  830 625 0  94 1 8 1 2 4 8 16 32 64 128
1014  204 492 0  68 1 8 1 2 4 8 16 32 64 128
1015  617 863 0  36 1 8 1 2 4 8 16 32 64 128
1016  680  88 0  46 1 8 1 2 4 8 16 32 64 128
1017  626 792 0 100 1 8 1 2 4 8 16 32 64 128
1018   52 623 0   8 1 8 1 2 4 8 16 32 64 128
1019  974 615 0  64 1 8 1 2 4 8 16 32 64 128
1020  132 498 0   7 1 8 1 2 4 8 16 32 64 128
1021  910 361 0  62 1 8 1 2 4 8 16 32 64 128
1022  716 188 0  54 1 8 1 2 4 8 16 32 64 128
1023  598 221 0  43 1 8 1 2 4 8 16 32 64 128
1024  305 148 0  35 1 8 1 2 4 8 16 32 64 128
1025  161 148 0  48 1 8 1 2 4 8 16 32 64 128
1026    3 737 0  39 1 8 1 2 4 8 16 32 64 128
1027  961 191 0  75 1 8 1 2 4 8 16 32 64 128
1028   61 161 0  77 1 8 1 2 4 8 16 32 64 128
1029  205 270 0  33 1 8 1 2 4 8 16 32 64 128
1030  650 694 0  48 1 8 1 2 4 8 16 32 64 128
1031  233 342 0  76 1 8 1 2 4 8 16 32 64 128
1032  873 343 0  43 1 8 1 2 4 8 16 32 64 128
1033  743 986 0  61 1 8 1 2 4 8 16 32 64 128
1034  758 350 0  39 1 8 1 2 4 8 16 32 64 128
1035  958 170 0  51 1 8 1 2 4 8 16 32 64 128
1036  771 956 0  17 1 8 1 2 4 8 16 32 64 128
1037  809 193 0  50 1 8 1 2 4 8 16 32 64 128
1038  500  77 0  17 1 8 1 2 4 8 16 32 64 128
1039  854 158 0  69 1 8 1 2 4 8 16 32 64 128
1040  918 503 0  48 1 8 1 2 4 8 16 32 64 128
1041  114 857 0  43 1 8 1 2 4 8 16 32 64 128
1042  911 848 0  52 1 8 1 2 4 8 16 32 64 128
1043  284  80 0   4 1 8 1 2 4 8 16 32 64 128
1044  509 850 0  68 1 8 1 2 4 8 16 32 64 128
1045  646 887 0   6 1 8 1 2 4 8 16 32 64 128
1046  466 634 0  24 1 8 1 2 4 8 16 32 64 128
1047   40 725 0  55 1 8 1 2 4 8 16 32 64 128
1048  711 147 0  69 1 8 1 2 4 8 16 32 64 128
1049  869 449 0  80 1 8 1 2 4 8 16 32 64 128
1050  546 617 0  66 1 8 1 2 4 8 16 32 64 128
1051  833 410 0  80 1 8 1 2 4 8 16 32 64 128
1052  509   8 0  47 1 8 1 2 4 8 16 32 64 128
1053  448 131 0  93 1 8 1 2 4 8 16 32 64 128
1054  500 779 0  70 1 8 1 2 4 8 16 32 64 128
1055   88 548 0   1 1 8 1 2 4 8 16 32 64 128
1056  475  79 0  19 1 8 1 2 4 8 16 32 64 128
1057  903 312 0  77 1 8 1 2 4 8 16 32 64 128
1058  887 279 0  94 1 8 1 2 4 8 16 32 64 128
1059  387 939 0  70 1 8 1 2 4 8 16 32 64 128
1060  663 284 0   5 1 8 1 2 4 8 16 32 64 128
1061  190 404 0  71 1 8 1 2 4 8 16 32 64 128
1062   69 390 0  93 1 8 1 2 4 8 16 32 64 128
1063  662 530 0  18 1 8 1 2 4 8 16 32 64 128
1064   32 478 0  24 1 8 1 2 4 8 16 32 64 128
1065  659 332 0  40 1 8 1 2 4 8 16 32 64 128
1066  110 904 0  33 1 8 1 2 4 8 16 32 64 128
1067  629 592 0  44 1 8 1 2 4 8 16 32 64 128
1068  394 191 0  25 1 8 1 2 4 8 16 32 64 128
1069  374  14 0  88 1 8 1 2 4 8 16 32 64 128
1070  763 144 0  15 1 8 1 2 4 8 16 32 64 128
1071  657 960 0  70 1 8 1 2 4 8 16 32 64 128
1072  694 477 0  57 1 8 1 2 4 8 16 32 64 128
1073  136 822 0  63 1 8 1 2 4 8 16 32 64 128
1074   75 360 0  83 1 8 1 2 4 8 16 32 64 128
1075  341 400 0  20 1 8 1 2 4 8 16 32 64 128
1076  816 426 0  45 1 8 1 2 4 8 16 32 64 128
1077  104 683 0  15 1 8 1 2 4 8 16 32 64 128
1078  804 147 0  21 1 8 1 2 4 8 16 32 64 128
1079  649 218 0  67 1 8 1 2 4 8 16 32 64 128
1080  681 867 0  44 1 8 1 2 4 8 16 32 64 128
1081  496 542 0  82 1 8 1 2 4 8 16 32 64 128
1082  212 795 0  38 1 8 1 2 4 8 16 32 64 128
1083  447 552 0  29 1 8 1 2 4 8 16 32 64 128
1084  168 721 0  38 1 8 1 2 4 8 16 32 64 128
1085  696 486 0 100 1 8 1 2 4 8 16 32 64 128
1086  775 297 0  55 1 8 1 2 4 8 16 32 64 128
1087  604 889 0  63 1 8 1 2 4 8 16 32 64 128
1088  818 782 0  65 1 8 1 2 4 8 16 32 64 128
1089  559 707 0  99 1 8 1 2 4 8 16 32 64 128
1090  430 444 0  31 1 8 1 2 4 8 16 32 64 128
1091  950 215 0  90 1 8 1 2 4 8 16 32 64 128
1092   13 165 0  50 1 8 1 2 4 8 16 32 64 128
1093  239 584 0  71 1 8 1 2 4 8 16 32 64 128
1094  772 604 0  29 1 8 1 2 4 8 16 32 64 128
1095  474 814 0  74 1 8 1 2 4 8 16 32 64 128
1096  850 850 0  24 1 8 1 2 4 8 16 32 64 128
1097  603 167 0 100 1 8 1 2 4 8 16 32 64 128
1098  171 290 0  96 1 8 1 2 4 8 16 32 64 128
1099  974 193 0  40 1 8 1 2 4 8 16 32 64 128
1100  654 515 0  69 1 8 1 2 4 8 16 32 64 128
1101  810 878 0  21 1 8 1 2 4 8 16 32 64 128
1102  190 671 0  41 1 8 1 2 4 8 16 32 64 128
1103  555 123 0  78 1 8 1 2 4 8 16 32 64 128
1104   60 713 0  68 1 8 1 2 4 8 16 32 64 128
1105  162 654 0  53 1 8 1 2 4 8 16 32 64 128
1106  516 778 0  75 1 8 1 2 4 8 16 32 64 128
1107  697 679 0  31 1 8 1 2 4 8 16 32 64 128
1108  513 435 0  66 1 8 1 2 4 8 16 32 64 128
1109  524 654 0  76 1 8 1 2 4 8 16 32 64 128
1110  472 365 0  41 1 8 1 2 4 8 16 32 64 128
1111  201 605 0  63 1 8 1 2 4 8 16 32 64 128
1112  545 768 0  42 1 8 1 2 4 8 16 32 64 128
1113  573 140 0  96 1 8 1 2 4 8 16 32 64 128
1114  383 668 0  21 1 8 1 2 4 8 16 32 64 128
1115  541 162 0   2 1 8 1 2 4 8 16 32 64 128
1116  380 687 0  97 1 8 1 2 4 8 16 32 64 128
1117   28 525 0  73 1 8 1 2 4 8 16 32 64 128
1118   72 905 0  35 1 8 1 2 4 8 16 32 64 128
1119   82 154 0  18 1 8 1 2 4 8 16 32 64 128
1120  754 259 0  50 1 8 1 2 4 8 16 32 64 128
1121  307 722 0  83 1 8 1 2 4 8 16 32 64 128
1122  957 103 0  73 1 8 1 2 4 8 16 32 64 128
1123  221 906 0  74 1 8 1 2 4 8 16 32 64 128
1124  792 585 0  45 1 8 1 2 4 8 16 32 64 128
1125  416 611 0  42 1 8 1 2 4 8 16 32 64 128
1126  887 413 0  13 1 8 1 2 4 8 16 32 64 128
1127  343 646 0   1 1 8 1 2 4 8 16 32 64 128
1128  175 602 0  94 1 8 1 2 4 8 16 32 64 128
1129  563 672 0  94 1 8 1 2 4 8 16 32 64 128
1130  909 336 0  23 1 8 1 2 4 8 16 32 64 128
1131  372 336 0  67 1 8 1 2 4 8 16 32 64 128
1132  722 852 0  86 1 8 1 2 4 8 16 32 64 128
1133  592 157 0  24 1 8 1 2 4 8 16 32 64 128
1134  711 440 0   5 1 8 1 2 4 8 16 32 64 128
1135  228   3 0  40 1 8 1 2 4 8 16 32 64 128
1136   28 455 0  66 1 8 1 2 4 8 16 32 64 128
1137  358 118 0  67 1 8 1 2 4 8 16 32 64 128
1138  153 577 0  13 1 8 1 2 4 8 16 32 64 128
1139  291 599 0  61 1 8 1 2 4 8 16 32 64 128
1140  868 527 0   6 1 8 1 2 4 8 16 32 64 128
1141  251 889 0 100 1 8 1 2 4 8 16 32 64 128
1142   27 606 0  85 1 8 1 2 4 8 16 32 64 128
1143  288 366 0  36 1 8 1 2 4 8 16 32 64 128
1144  657 633 0  30 1 8 1 2 4 8 16 32 64 128
1145  436 690 0  40 1 8 1 2 4 8 16 32 64 128
1146  667 716 0  48 1 8 1 2 4 8 16 32 64 128
1147  481 819 0  61 1 8 1 2 4 8 16 32 64 128
1148  393 702 0  92 1 8 1 2 4 8 16 32 64 128
1149  284 783 0  67 1 8 1 2 4 8 16 32 64 128
1150  280 124 0  42 1 8 1 2 4 8 16 32 64 128
1151   95 866 0  77 1 8 1 2 4 8 16 32 64 128
1152  898 644 0  99 1 8 1 2 4 8 16 32 64 128
1153   91  33 0  62 1 8 1 2 4 8 16 32 64 128
1154   58 274 0  36 1 8 1 2 4 8 16 32 64 128
1155  241 304 0  94 1 8 1 2 4 8 16 32 64 128
1156  128 599 0  99 1 8 1 2 4 8 16 32 64 128
1157  330 134 0  47 1 8 1 2 4 8 16 32 64 128
1158  698 661 0  10 1 8 1 2 4 8 16 32 64 128
1159  862 248 0  97 1 8 1 2 4 8 16 32 64 128
1160  629 676 0  88 1 8 1 2 4 8 16 32 64 128
1161  725 245 0  21 1 8 1 2 4 8 16 32 64 128
1162  314 382 0  93 1 8 1 2 4 8 16 32 64 128
1163   23 107 0  46 1 8 1 2 4 8 16 32 64 128
1164  565 491 0   7 1 8 1 2 4 8 16 32 64 128
1165  885 590 0  32 1 8 1 2 4 8 16 32 64 128
1166   64 542 0  71 1 8 1 2 4 8 16 32 64 128
1167  772 942 0  98 1 8 1 2 4 8 16 32 64 128
1168   48 467 0  67 1 8 1 2 4 8 16 32 64 128
1169  707 292 0  23 1 8 1 2 4 8 16 32 64 128
1170  413 559 0   5 1 8 1 2 4 8 16 32 64 128
1171  905  85 0  46 1 8 1 2 4 8 16 32 64 128
1172  297 178 0   7 1 8 1 2 4 8 16 32 64 128
1173  801 878 0  68 1 8 1 2 4 8 16 32 64 128
1174  974 292 0  13 1 8 1 2 4 8 16 32 64 128
1175  288 387 0  23 1 8 1 2 4 8 16 32 64 128
1176  170 920 0  33 1 8 1 2 4 8 16 32 64 128
1177  289 972 0  54 1 8 1 2 4 8 16 32 64 128
1178   82  44 0  44 1 8 1 2 4 8 16 32 64 128
1179  174   8 0  41 1 8 1 2 4 8 16 32 64 128
1180  740 725 0  32 1 8 1 2 4 8 16 32 64 128
1181  822 441 0  14 1 8 1 2 4 8 16 32 64 128
1182  789 108 0  22 1 8 1 2 4 8 16 32 64 128
1183  609 248 0  57 1 8 1 2 4 8 16 32 64 128
1184   60 779 0  24 1 8 1 2 4 8 16 32 64 128
1185  601 357 0   9 1 8 1 2 4 8 16 32 64 128
1186  984 324 0  14 1 8 1 2 4 8 16 32 64 128
1187  447 925 0  79 1 8 1 2 4 8 16 32 64 128
1188  300 538 0  99 1 8 1 2 4 8 16 32 64 128
1189  822  80 0  43 1 8 1 2 4 8 16 32 64 128
1190  380 565 0   2 1 8 1 2 4 8 16 32 64 128
1191  369 388 0  42 1 8 1 2 4 8 16 32 64 128
1192  123 769 0  44 1 8 1 2 4 8 16 32 64 128
1193  733 390 0  61 1 8 1 2 4 8 16 32 64 128
1194  453 585 0   5 1 8 1 2 4 8 16 32 64 128
1195  281 535 0  30 1 8 1 2 4 8 16 32 64 128
1196  243 751 0  99 1 8 1 2 4 8 16 32 64 128
1197  192 488 0   6 1 8 1 2 4 8 16 32 64 128
1198  951 361 0  88 1 8 1 2 4 8 16 32 64 128
1199  469 671 0  82 1 8 1 2 4 8 16 32 64 128
1200  485 636 0  29 1 8 1 2 4 8 16 32 64 128
1201  138  15 0  79 1 8 1 2 4 8 16 32 64 128
1202  618 675 0  19 1 8 1 2 4 8 16 32 64 128
1203  944   7 0  99 1 8 1 2 4 8 16 32 64 128
1204  159 447 0  37 1 8 1 2 4 8 16 32 64 128
1205  702 614 0  62 1 8 1 2 4 8 16 32 64 128
1206  487 860 0  49 1 8 1 2 4 8 16 32 64 128
1207  504 548 0  46 1 8 1 2 4 8 16 32 64 128
1208  868 571 0  39 1 8 1 2 4 8 16 32 64 128
1209  447 709 0  78 1 8 1 2 4 8 16 32 64 128
1210  801 457 0  34 1 8 1 2 4 8 16 32 64 128
1211   69 647 0  77 1 8 1 2 4 8 16 32 64 128
1212  240 582 0  88 1 8 1 2 4 8 16 32 64 128
1213  422 709 0   1 1 8 1 2 4 8 16 32 64 128
1214   79 618 0  40 1 8 1 2 4 8 16 32 64 128
1215  301 119 0  88 1 8 1 2 4 8 16 32 64 128
1216   33 623 0  29 1 8 1 2 4 8 16 32 64 128
1217   63 529 0  31 1 8 1 2 4 8 16 32 64 128
1218  826 286 0  44 1 8 1 2 4 8 16 32 64 128
1219  661 901 0  39 1 8 1 2 4 8 16 32 64 128
1220  745 801 0  29 1 8 1 2 4 8 16 32 64 128
1221   69 723 0  82 1 8 1 2 4 8 16 32 64 128
1222   95 936 0  67 1 8 1 2 4 8 16 32 64 128
1223  567 616 0  24 1 8 1 2 4 8 16 32 64 128
1224  686 133 0  91 1 8 1 2 4 8 16 32 64 128
1225  779 151 0  99 1 8 1 2 4 8 16 32 64 128
1226  919 620 0  56 1 8 1 2 4 8 16 32 64 128
1227  108 167 0  55 1 8 1 2 4 8 16 32 64 128
1228   43  23 0  57 1 8 1 2 4 8 16 32 64 128
1229  430 166 0  92 1 8 1 2 4 8 16 32 64 128
1230  955 494 0   4 1 8 1 2 4 8 16 32 64 128
1231  390 685 0  74 1 8 1 2 4 8 16 32 64 128
1232  552 214 0  46 1 8 1 2 4 8 16 32 64 128
1233  830 228 0  10 1 8 1 2 4 8 16 32 64 128
1234  175 428 0  16 1 8 1 2 4 8 16 32 64 128
1235  376 529 0  39 1 8 1 2 4 8 16 32 64 128
1236  736 906 0  51 1 8 1 2 4 8 16 32 64 128
1237  563 474 0  51 1 8 1 2 4 8 16 32 64 128
1238  807 722 0  12 1 8 1 2 4 8 16 32 64 128
1239   84 459 0  53 1 8 1 2 4 8 16 32 64 128
1240  772 936 0  85 1 8 1 2 4 8 16 32 64 128
1241  444 170 0  24 1 8 1 2 4 8 16 32 64 128
1242  931  36 0   5 1 8 1 2 4 8 16 32 64 128
1243  770  28 0  26 1 8 1 2 4 8 16 32 64 128
1244  590 426 0  33 1 8 1 2 4 8 16 32 64 128
1245   63 799 0  10 1 8 1 2 4 8 16 32 64 128
1246  604 655 0  15 1 8 1 2 4 8 16 32 64 128
1247  992 601 0   8 1 8 1 2 4 8 16 32 64 128
1248  711 166 0  49 1 8 1 2 4 8 16 32 64 128
1249   64 929 0  28 1 8 1 2 4 8 16 32 64 128
1250  691 355 0  53 1 8 1 2 4 8 16 32 64 128
1251  486 399 0  57 1 8 1 2 4 8 16 32 64 128
1252   29  31 0  56 1 8 1 2 4 8 16 32 64 128
1253  795 846 0  64 1 8 1 2 4 8 16 32 64 128
1254  429 146 0  13 1 8 1 2 4 8 16 32 64 128
1255  841 461 0  44 1 8 1 2 4 8 16 32 64 128
1256  602 443 0  70 1 8 1 2 4 8 16 32 64 128
1257  282 467 0  50 1 8 1 2 4 8 16 32 64 128
1258   76 646 0  55 1 8 1 2 4 8 16 32 64 128
1259  707 661 0   9 1 8 1 2 4 8 16 32 64 128
1260  531 931 0  31 1 8 1 2 4 8 16 32 64 128
1261  694 676 0  81 1 8 1 2 4 8 16 32 64 128
1262  627 244 0  87 1 8 1 2 4 8 16 32 64 128
1263  728   3 0  48 1 8 1 2 4 8 16 32 64 128
1264  246 769 0   9 1 8 1 2 4 8 16 32 64 128
1265  757 756 0  99 1 8 1 2 4 8 16 32 64 128
1266   96 397 0  51 1 8 1 2 4 8 16 32 64 128
1267  844  76 0   6 1 8 1 2 4 8 16 32 64 128
1268  777 164 0  50 1 8 1 2 4 8 16 32 64 128
1269   49 697 0  44 1 8 1 2 4 8 16 32 64 128
1270  589 732 0  13 1 8 1 2 4 8 16 32 64 128
1271  574 874 0   8 1 8 1 2 4 8 16 32 64 128
1272  409 705 0  16 1 8 1 2 4 8 16 32 64 128
1273  399 147 0  29 1 8 1 2 4 8 16 32 64 128
1274  489 951 0   9 1 8 1 2 4 8 16 32 64 128
1275  342 416 0   0 0 0
1276  780 343 0   0 0 0
1277  797 344 0   0 0 0
1278  425 773 0   0 0 0
1279  683 495 0   0 0 0
1280  293 665 0   0 0 0
1281  115 927 0   0 0 0
1282  529 875 0   0 0 0
