2 150 1282 9
0 244
0 244
0 244
0 244
0 244
0 244
0 244
0 244
0 244
   1 692  136 0  46 1 9 1 2 4 8 16 32 64 128 256
   2 408  498 0  87 1 9 1 2 4 8 16 32 64 128 256
   3 994   56 0  94 1 9 1 2 4 8 16 32 64 128 256
   4 156  510 0  84 1 9 1 2 4 8 16 32 64 128 256
   5 921  923 0  19 1 9 1 2 4 8 16 32 64 128 256
   6 104  325 0  40 1 9 1 2 4 8 16 32 64 128 256
   7 917  890 0  93 1 9 1 2 4 8 16 32 64 128 256
   8 344   15 0  30 1 9 1 2 4 8 16 32 64 128 256
   9 177  678 0  67 1 9 1 2 4 8 16 32 64 128 256
  10 575  614 0  50 1 9 1 2 4 8 16 32 64 128 256
  11 531  486 0  35 1 9 1 2 4 8 16 32 64 128 256
  12 259  625 0  89 1 9 1 2 4 8 16 32 64 128 256
  13 480  190 0   8 1 9 1 2 4 8 16 32 64 128 256
  14 470  664 0  88 1 9 1 2 4 8 16 32 64 128 256
  15 842  462 0  21 1 9 1 2 4 8 16 32 64 128 256
  16 308  828 0  59 1 9 1 2 4 8 16 32 64 128 256
  17 324  667 0  57 1 9 1 2 4 8 16 32 64 128 256
  18 668   91 0  11 1 9 1 2 4 8 16 32 64 128 256
  19 780  916 0  95 1 9 1 2 4 8 16 32 64 128 256
  20 299  707 0  12 1 9 1 2 4 8 16 32 64 128 256
  21  38  520 0  11 1 9 1 2 4 8 16 32 64 128 256
  22  80  121 0  67 1 9 1 2 4 8 16 32 64 128 256
  23 580  641 0  65 1 9 1 2 4 8 16 32 64 128 256
  24 465   21 0  57 1 9 1 2 4 8 16 32 64 128 256
  25 539  300 0  42 1 9 1 2 4 8 16 32 64 128 256
  26 431  484 0  38 1 9 1 2 4 8 16 32 64 128 256
  27 282   39 0  34 1 9 1 2 4 8 16 32 64 128 256
  28 264  791 0  77 1 9 1 2 4 8 16 32 64 128 256
  29 721  137 0  82 1 9 1 2 4 8 16 32 64 128 256
  30 286  537 0  41 1 9 1 2 4 8 16 32 64 128 256
  31 562  331 0 100 1 9 1 2 4 8 16 32 64 128 256
  32 930  207 0  11 1 9 1 2 4 8 16 32 64 128 256
  33 649  478 0  16 1 9 1 2 4 8 16 32 64 128 256
  34 883  603 0  31 1 9 1 2 4 8 16 32 64 128 256
  35 547  152 0  31 1 9 1 2 4 8 16 32 64 128 256
  36 128  504 0  91 1 9 1 2 4 8 16 32 64 128 256
  37 449  726 0  47 1 9 1 2 4 8 16 32 64 128 256
  38   5  701 0  89 1 9 1 2 4 8 16 32 64 128 256
  39 149  502 0  80 1 9 1 2 4 8 16 32 64 128 256
  40 251  290 0  77 1 9 1 2 4 8 16 32 64 128 256
  41 927  120 0  47 1 9 1 2 4 8 16 32 64 128 256
  42 351  732 0  54 1 9 1 2 4 8 16 32 64 128 256
  43 888  111 0  62 1 9 1 2 4 8 16 32 64 128 256
  44   6  996 0  75 1 9 1 2 4 8 16 32 64 128 256
  45 289  543 0  11 1 9 1 2 4 8 16 32 64 128 256
  46 824  698 0   3 1 9 1 2 4 8 16 32 64 128 256
  47 844  194 0  66 1 9 1 2 4 8 16 32 64 128 256
  48 686  341 0  74 1 9 1 2 4 8 16 32 64 128 256
  49 980  343 0  73 1 9 1 2 4 8 16 32 64 128 256
  50 930  723 0  33 1 9 1 2 4 8 16 32 64 128 256
  51  65  904 0   1 1 9 1 2 4 8 16 32 64 128 256
  52 671  377 0  98 1 9 1 2 4 8 16 32 64 128 256
  53 452  769 0  50 1 9 1 2 4 8 16 32 64 128 256
  54 638  110 0  72 1 9 1 2 4 8 16 32 64 128 256
  55 448  666 0  26 1 9 1 2 4 8 16 32 64 128 256
  56 435  309 0  53 1 9 1 2 4 8 16 32 64 128 256
  57 998  921 0  27 1 9 1 2 4 8 16 32 64 128 256
  58 611  998 0  51 1 9 1 2 4 8 16 32 64 128 256
  59 317  510 0  98 1 9 1 2 4 8 16 32 64 128 256
  60 239  480 0  60 1 9 1 2 4 8 16 32 64 128 256
  61 380  225 0  37 1 9 1 2 4 8 16 32 64 128 256
  62 557  641 0  41 1 9 1 2 4 8 16 32 64 128 256
  63 195  919 0  33 1 9 1 2 4 8 16 32 64 128 256
  64 457  816 0  28 1 9 1 2 4 8 16 32 64 128 256
  65 413  859 0  13 1 9 1 2 4 8 16 32 64 128 256
  66 976  462 0   8 1 9 1 2 4 8 16 32 64 128 256
  67 225  528 0  54 1 9 1 2 4 8 16 32 64 128 256
  68 861  194 0  75 1 9 1 2 4 8 16 32 64 128 256
  69 272  938 0  34 1 9 1 2 4 8 16 32 64 128 256
  70 438  289 0  22 1 9 1 2 4 8 16 32 64 128 256
  71 501  752 0  54 1 9 1 2 4 8 16 32 64 128 256
  72 630  998 0  87 1 9 1 2 4 8 16 32 64 128 256
  73 902  772 0  49 1 9 1 2 4 8 16 32 64 128 256
  74  42  327 0  46 1 9 1 2 4 8 16 32 64 128 256
  75 984  947 0   3 1 9 1 2 4 8 16 32 64 128 256
  76 569  673 0  29 1 9 1 2 4 8 16 32 64 128 256
  77 348  194 0   9 1 9 1 2 4 8 16 32 64 128 256
  78 558  448 0  44 1 9 1 2 4 8 16 32 64 128 256
  79 513  653 0  98 1 9 1 2 4 8 16 32 64 128 256
  80   1  829 0  42 1 9 1 2 4 8 16 32 64 128 256
  81 624    0 0  73 1 9 1 2 4 8 16 32 64 128 256
  82 428   69 0  31 1 9 1 2 4 8 16 32 64 128 256
  83 675  318 0  80 1 9 1 2 4 8 16 32 64 128 256
  84 639  124 0  11 1 9 1 2 4 8 16 32 64 128 256
  85  89  316 0  39 1 9 1 2 4 8 16 32 64 128 256
  86 644  138 0  60 1 9 1 2 4 8 16 32 64 128 256
  87 710  755 0  15 1 9 1 2 4 8 16 32 64 128 256
  88 505  634 0  82 1 9 1 2 4 8 16 32 64 128 256
  89 475  129 0  53 1 9 1 2 4 8 16 32 64 128 256
  90 435  224 0  56 1 9 1 2 4 8 16 32 64 128 256
  91 229   76 0  93 1 9 1 2 4 8 16 32 64 128 256
  92 936  537 0  44 1 9 1 2 4 8 16 32 64 128 256
  93 725  918 0  29 1 9 1 2 4 8 16 32 64 128 256
  94  86   88 0  62 1 9 1 2 4 8 16 32 64 128 256
  95 568  969 0  46 1 9 1 2 4 8 16 32 64 128 256
  96 356  519 0  11 1 9 1 2 4 8 16 32 64 128 256
  97 301   18 0   2 1 9 1 2 4 8 16 32 64 128 256
  98 826   70 0   4 1 9 1 2 4 8 16 32 64 128 256
  99 292  397 0  95 1 9 1 2 4 8 16 32 64 128 256
 100 422  935 0  53 1 9 1 2 4 8 16 32 64 128 256
 101 707  484 0  71 1 9 1 2 4 8 16 32 64 128 256
 102 885  977 0  85 1 9 1 2 4 8 16 32 64 128 256
 103 351  116 0  15 1 9 1 2 4 8 16 32 64 128 256
 104 832  716 0  16 1 9 1 2 4 8 16 32 64 128 256
 105  24  413 0  27 1 9 1 2 4 8 16 32 64 128 256
 106 414  545 0  27 1 9 1 2 4 8 16 32 64 128 256
 107 866  985 0  35 1 9 1 2 4 8 16 32 64 128 256
 108 258  908 0  47 1 9 1 2 4 8 16 32 64 128 256
 109 397  479 0  94 1 9 1 2 4 8 16 32 64 128 256
 110 918  845 0  31 1 9 1 2 4 8 16 32 64 128 256
 111 853  931 0  38 1 9 1 2 4 8 16 32 64 128 256
 112 447  435 0  18 1 9 1 2 4 8 16 32 64 128 256
 113 790  585 0  42 1 9 1 2 4 8 16 32 64 128 256
 114 904  424 0  82 1 9 1 2 4 8 16 32 64 128 256
 115 834  182 0  78 1 9 1 2 4 8 16 32 64 128 256
 116 732  939 0 100 1 9 1 2 4 8 16 32 64 128 256
 117 607   51 0  16 1 9 1 2 4 8 16 32 64 128 256
 118  63  318 0  40 1 9 1 2 4 8 16 32 64 128 256
 119 515  998 0  91 1 9 1 2 4 8 16 32 64 128 256
 120 371  784 0   5 1 9 1 2 4 8 16 32 64 128 256
 121 693  250 0  81 1 9 1 2 4 8 16 32 64 128 256
 122 178  879 0  98 1 9 1 2 4 8 16 32 64 128 256
 123 718  658 0   1 1 9 1 2 4 8 16 32 64 128 256
 124 765  899 0  83 1 9 1 2 4 8 16 32 64 128 256
 125 586  959 0  85 1 9 1 2 4 8 16 32 64 128 256
 126 672  847 0  39 1 9 1 2 4 8 16 32 64 128 256
 127 298  906 0  81 1 9 1 2 4 8 16 32 64 128 256
 128 450  885 0  11 1 9 1 2 4 8 16 32 64 128 256
 129 958  348 0  26 1 9 1 2 4 8 16 32 64 128 256
 130 270  379 0  97 1 9 1 2 4 8 16 32 64 128 256
 131 224  294 0  73 1 9 1 2 4 8 16 32 64 128 256
 132 364  875 0   4 1 9 1 2 4 8 16 32 64 128 256
 133 528  140 0  72 1 9 1 2 4 8 16 32 64 128 256
 134 469  960 0  45 1 9 1 2 4 8 16 32 64 128 256
 135  98  817 0  97 1 9 1 2 4 8 16 32 64 128 256
 136 360  755 0  36 1 9 1 2 4 8 16 32 64 128 256
 137 609  887 0  38 1 9 1 2 4 8 16 32 64 128 256
 138 985  373 0  64 1 9 1 2 4 8 16 32 64 128 256
 139 438  463 0   4 1 9 1 2 4 8 16 32 64 128 256
 140 973  305 0  57 1 9 1 2 4 8 16 32 64 128 256
 141 141  304 0  10 1 9 1 2 4 8 16 32 64 128 256
 142   3  869 0  87 1 9 1 2 4 8 16 32 64 128 256
 143 423  619 0  50 1 9 1 2 4 8 16 32 64 128 256
 144 244  105 0  40 1 9 1 2 4 8 16 32 64 128 256
 145  68  295 0  32 1 9 1 2 4 8 16 32 64 128 256
 146 522  890 0  46 1 9 1 2 4 8 16 32 64 128 256
 147 144  622 0  84 1 9 1 2 4 8 16 32 64 128 256
 148 484  833 0  84 1 9 1 2 4 8 16 32 64 128 256
 149 590  743 0  93 1 9 1 2 4 8 16 32 64 128 256
 150 584   77 0  85 1 9 1 2 4 8 16 32 64 128 256
 151 832    5 0   7 1 9 1 2 4 8 16 32 64 128 256
 152 251  348 0  22 1 9 1 2 4 8 16 32 64 128 256
 153 668  933 0  99 1 9 1 2 4 8 16 32 64 128 256
 154 506  214 0  86 1 9 1 2 4 8 16 32 64 128 256
 155 495  930 0   6 1 9 1 2 4 8 16 32 64 128 256
 156 932    0 0  79 1 9 1 2 4 8 16 32 64 128 256
 157 678  928 0  85 1 9 1 2 4 8 16 32 64 128 256
 158 462  819 0  36 1 9 1 2 4 8 16 32 64 128 256
 159 817  208 0  40 1 9 1 2 4 8 16 32 64 128 256
 160 568  560 0  56 1 9 1 2 4 8 16 32 64 128 256
 161 414  945 0  35 1 9 1 2 4 8 16 32 64 128 256
 162 571  134 0  48 1 9 1 2 4 8 16 32 64 128 256
 163 527  817 0 100 1 9 1 2 4 8 16 32 64 128 256
 164 439  925 0  34 1 9 1 2 4 8 16 32 64 128 256
 165   0  947 0  78 1 9 1 2 4 8 16 32 64 128 256
 166 827  454 0  32 1 9 1 2 4 8 16 32 64 128 256
 167 177  365 0  16 1 9 1 2 4 8 16 32 64 128 256
 168 493  143 0  24 1 9 1 2 4 8 16 32 64 128 256
 169 480   98 0  73 1 9 1 2 4 8 16 32 64 128 256
 170 228  897 0  21 1 9 1 2 4 8 16 32 64 128 256
 171 912  619 0  42 1 9 1 2 4 8 16 32 64 128 256
 172 283  731 0   1 1 9 1 2 4 8 16 32 64 128 256
 173 947  778 0  38 1 9 1 2 4 8 16 32 64 128 256
 174 523  662 0  52 1 9 1 2 4 8 16 32 64 128 256
 175 768   53 0  69 1 9 1 2 4 8 16 32 64 128 256
 176 109  426 0   4 1 9 1 2 4 8 16 32 64 128 256
 177 752  727 0  70 1 9 1 2 4 8 16 32 64 128 256
 178 366   15 0  88 1 9 1 2 4 8 16 32 64 128 256
 179 799  498 0  54 1 9 1 2 4 8 16 32 64 128 256
 180 546  452 0  41 1 9 1 2 4 8 16 32 64 128 256
 181 901  230 0  93 1 9 1 2 4 8 16 32 64 128 256
 182 276  389 0   2 1 9 1 2 4 8 16 32 64 128 256
 183 544  548 0  50 1 9 1 2 4 8 16 32 64 128 256
 184 298  473 0   6 1 9 1 2 4 8 16 32 64 128 256
 185  80    5 0  95 1 9 1 2 4 8 16 32 64 128 256
 186 303  435 0  32 1 9 1 2 4 8 16 32 64 128 256
 187 290   37 0 100 1 9 1 2 4 8 16 32 64 128 256
 188  38  213 0  80 1 9 1 2 4 8 16 32 64 128 256
 189  94  479 0  48 1 9 1 2 4 8 16 32 64 128 256
 190 158  997 0  76 1 9 1 2 4 8 16 32 64 128 256
 191 685  479 0  21 1 9 1 2 4 8 16 32 64 128 256
 192 837   16 0  13 1 9 1 2 4 8 16 32 64 128 256
 193 380  916 0  76 1 9 1 2 4 8 16 32 64 128 256
 194 556  437 0  56 1 9 1 2 4 8 16 32 64 128 256
 195 309  404 0   2 1 9 1 2 4 8 16 32 64 128 256
 196 691    3 0  28 1 9 1 2 4 8 16 32 64 128 256
 197 355  105 0  96 1 9 1 2 4 8 16 32 64 128 256
 198 355  152 0  75 1 9 1 2 4 8 16 32 64 128 256
 199  96  907 0  89 1 9 1 2 4 8 16 32 64 128 256
 200 593  267 0  12 1 9 1 2 4 8 16 32 64 128 256
 201 334  731 0  21 1 9 1 2 4 8 16 32 64 128 256
 202 641   56 0  17 1 9 1 2 4 8 16 32 64 128 256
 203 157  184 0  59 1 9 1 2 4 8 16 32 64 128 256
 204 973  339 0  83 1 9 1 2 4 8 16 32 64 128 256
 205 879  358 0  71 1 9 1 2 4 8 16 32 64 128 256
 206 420  826 0  79 1 9 1 2 4 8 16 32 64 128 256
 207 645  135 0  83 1 9 1 2 4 8 16 32 64 128 256
 208 147  842 0  36 1 9 1 2 4 8 16 32 64 128 256
 209 493  141 0  84 1 9 1 2 4 8 16 32 64 128 256
 210  19  812 0  33 1 9 1 2 4 8 16 32 64 128 256
 211 962  521 0  63 1 9 1 2 4 8 16 32 64 128 256
 212 432  283 0  42 1 9 1 2 4 8 16 32 64 128 256
 213 915  546 0  65 1 9 1 2 4 8 16 32 64 128 256
 214 742  929 0  23 1 9 1 2 4 8 16 32 64 128 256
 215 347  932 0  98 1 9 1 2 4 8 16 32 64 128 256
 216 329   66 0  62 1 9 1 2 4 8 16 32 64 128 256
 217 543  634 0  90 1 9 1 2 4 8 16 32 64 128 256
 218 460  942 0  74 1 9 1 2 4 8 16 32 64 128 256
 219 290  191 0  79 1 9 1 2 4 8 16 32 64 128 256
 220 865  338 0  60 1 9 1 2 4 8 16 32 64 128 256
 221 639  456 0  96 1 9 1 2 4 8 16 32 64 128 256
 222 802  970 0  11 1 9 1 2 4 8 16 32 64 128 256
 223  61   37 0  69 1 9 1 2 4 8 16 32 64 128 256
 224 271  643 0   3 1 9 1 2 4 8 16 32 64 128 256
 225 179  607 0  75 1 9 1 2 4 8 16 32 64 128 256
 226 495  890 0  71 1 9 1 2 4 8 16 32 64 128 256
 227 188  292 0  86 1 9 1 2 4 8 16 32 64 128 256
 228 221   19 0  80 1 9 1 2 4 8 16 32 64 128 256
 229 363  958 0  99 1 9 1 2 4 8 16 32 64 128 256
 230 176  709 0   8 1 9 1 2 4 8 16 32 64 128 256
 231 818  700 0  58 1 9 1 2 4 8 16 32 64 128 256
 232  89   36 0  79 1 9 1 2 4 8 16 32 64 128 256
 233 428  312 0  56 1 9 1 2 4 8 16 32 64 128 256
 234 555  823 0  23 1 9 1 2 4 8 16 32 64 128 256
 235 759  515 0  59 1 9 1 2 4 8 16 32 64 128 256
 236 190  230 0  28 1 9 1 2 4 8 16 32 64 128 256
 237 407  569 0  66 1 9 1 2 4 8 16 32 64 128 256
 238 484  962 0   4 1 9 1 2 4 8 16 32 64 128 256
 239 257   29 0  13 1 9 1 2 4 8 16 32 64 128 256
 240 911   79 0  23 1 9 1 2 4 8 16 32 64 128 256
 241 582  352 0  75 1 9 1 2 4 8 16 32 64 128 256
 242 101  904 0  29 1 9 1 2 4 8 16 32 64 128 256
 243  19  461 0  37 1 9 1 2 4 8 16 32 64 128 256
 244 217  173 0  13 1 9 1 2 4 8 16 32 64 128 256
 245 675  338 0  24 1 9 1 2 4 8 16 32 64 128 256
 246 406  334 0  89 1 9 1 2 4 8 16 32 64 128 256
 247 101  375 0  20 1 9 1 2 4 8 16 32 64 128 256
 248 964  411 0  85 1 9 1 2 4 8 16 32 64 128 256
 249 627  904 0  77 1 9 1 2 4 8 16 32 64 128 256
 250 977  429 0  37 1 9 1 2 4 8 16 32 64 128 256
 251 389  354 0  83 1 9 1 2 4 8 16 32 64 128 256
 252 268   29 0  93 1 9 1 2 4 8 16 32 64 128 256
 253 451  953 0   2 1 9 1 2 4 8 16 32 64 128 256
 254  14  638 0  20 1 9 1 2 4 8 16 32 64 128 256
 255 564  259 0  19 1 9 1 2 4 8 16 32 64 128 256
 256 920    9 0  38 1 9 1 2 4 8 16 32 64 128 256
 257 971  217 0 100 1 9 1 2 4 8 16 32 64 128 256
 258 722  688 0  55 1 9 1 2 4 8 16 32 64 128 256
 259  26  691 0  61 1 9 1 2 4 8 16 32 64 128 256
 260 512   69 0  38 1 9 1 2 4 8 16 32 64 128 256
 261 225  613 0  93 1 9 1 2 4 8 16 32 64 128 256
 262 432  994 0  14 1 9 1 2 4 8 16 32 64 128 256
 263 623  644 0  20 1 9 1 2 4 8 16 32 64 128 256
 264 228  964 0  47 1 9 1 2 4 8 16 32 64 128 256
 265 358  704 0  60 1 9 1 2 4 8 16 32 64 128 256
 266 860  145 0  97 1 9 1 2 4 8 16 32 64 128 256
 267 157  612 0   5 1 9 1 2 4 8 16 32 64 128 256
 268 212  129 0  13 1 9 1 2 4 8 16 32 64 128 256
 269 538  359 0   5 1 9 1 2 4 8 16 32 64 128 256
 270 576  323 0 100 1 9 1 2 4 8 16 32 64 128 256
 271 428  269 0  42 1 9 1 2 4 8 16 32 64 128 256
 272 663   53 0  70 1 9 1 2 4 8 16 32 64 128 256
 273 883   40 0  15 1 9 1 2 4 8 16 32 64 128 256
 274 565  429 0  23 1 9 1 2 4 8 16 32 64 128 256
 275 957  696 0   6 1 9 1 2 4 8 16 32 64 128 256
 276 472  779 0  51 1 9 1 2 4 8 16 32 64 128 256
 277 503  654 0  92 1 9 1 2 4 8 16 32 64 128 256
 278 518  318 0  75 1 9 1 2 4 8 16 32 64 128 256
 279 507  752 0  59 1 9 1 2 4 8 16 32 64 128 256
 280 317  291 0  25 1 9 1 2 4 8 16 32 64 128 256
 281 926  481 0  86 1 9 1 2 4 8 16 32 64 128 256
 282 453   18 0  83 1 9 1 2 4 8 16 32 64 128 256
 283 436  943 0  35 1 9 1 2 4 8 16 32 64 128 256
 284  22  634 0  95 1 9 1 2 4 8 16 32 64 128 256
 285 614  766 0   8 1 9 1 2 4 8 16 32 64 128 256
 286 741  878 0  74 1 9 1 2 4 8 16 32 64 128 256
 287 546  938 0  27 1 9 1 2 4 8 16 32 64 128 256
 288 245  626 0  12 1 9 1 2 4 8 16 32 64 128 256
 289 647  358 0  49 1 9 1 2 4 8 16 32 64 128 256
 290 180  960 0   7 1 9 1 2 4 8 16 32 64 128 256
 291 691  762 0   7 1 9 1 2 4 8 16 32 64 128 256
 292 621  368 0  45 1 9 1 2 4 8 16 32 64 128 256
 293 282  576 0  49 1 9 1 2 4 8 16 32 64 128 256
 294 776  288 0  25 1 9 1 2 4 8 16 32 64 128 256
 295 821  735 0  49 1 9 1 2 4 8 16 32 64 128 256
 296 408  231 0  73 1 9 1 2 4 8 16 32 64 128 256
 297 793  699 0   4 1 9 1 2 4 8 16 32 64 128 256
 298 116  298 0  83 1 9 1 2 4 8 16 32 64 128 256
 299 594  922 0  26 1 9 1 2 4 8 16 32 64 128 256
 300 986  650 0  73 1 9 1 2 4 8 16 32 64 128 256
 301 603  213 0  10 1 9 1 2 4 8 16 32 64 128 256
 302 756  384 0  42 1 9 1 2 4 8 16 32 64 128 256
 303 929  101 0  48 1 9 1 2 4 8 16 32 64 128 256
 304 710  921 0  50 1 9 1 2 4 8 16 32 64 128 256
 305 932  200 0  18 1 9 1 2 4 8 16 32 64 128 256
 306  16    1 0  79 1 9 1 2 4 8 16 32 64 128 256
 307 545  759 0  28 1 9 1 2 4 8 16 32 64 128 256
 308 937  438 0  33 1 9 1 2 4 8 16 32 64 128 256
 309 962  156 0  83 1 9 1 2 4 8 16 32 64 128 256
 310 291  495 0  87 1 9 1 2 4 8 16 32 64 128 256
 311 384  136 0  86 1 9 1 2 4 8 16 32 64 128 256
 312 998  579 0  34 1 9 1 2 4 8 16 32 64 128 256
 313 457   33 0  63 1 9 1 2 4 8 16 32 64 128 256
 314 315  981 0  50 1 9 1 2 4 8 16 32 64 128 256
 315 805  481 0   8 1 9 1 2 4 8 16 32 64 128 256
 316 467   81 0  46 1 9 1 2 4 8 16 32 64 128 256
 317 128  950 0  84 1 9 1 2 4 8 16 32 64 128 256
 318 533  550 0  21 1 9 1 2 4 8 16 32 64 128 256
 319 215  967 0  34 1 9 1 2 4 8 16 32 64 128 256
 320 980  361 0  29 1 9 1 2 4 8 16 32 64 128 256
 321 280  479 0  43 1 9 1 2 4 8 16 32 64 128 256
 322 369  560 0  52 1 9 1 2 4 8 16 32 64 128 256
 323 461  108 0  78 1 9 1 2 4 8 16 32 64 128 256
 324 569  146 0  16 1 9 1 2 4 8 16 32 64 128 256
 325 857  585 0  22 1 9 1 2 4 8 16 32 64 128 256
 326 260  175 0  40 1 9 1 2 4 8 16 32 64 128 256
 327 822  315 0  75 1 9 1 2 4 8 16 32 64 128 256
 328 739  372 0   6 1 9 1 2 4 8 16 32 64 128 256
 329 425  409 0  55 1 9 1 2 4 8 16 32 64 128 256
 330 365  447 0  16 1 9 1 2 4 8 16 32 64 128 256
 331 144    1 0  13 1 9 1 2 4 8 16 32 64 128 256
 332 177  579 0  37 1 9 1 2 4 8 16 32 64 128 256
 333 336  854 0  17 1 9 1 2 4 8 16 32 64 128 256
 334  32  315 0  63 1 9 1 2 4 8 16 32 64 128 256
 335 223  253 0  50 1 9 1 2 4 8 16 32 64 128 256
 336 919  750 0  89 1 9 1 2 4 8 16 32 64 128 256
 337 256   72 0  35 1 9 1 2 4 8 16 32 64 128 256
 338 661 1000 0  97 1 9 1 2 4 8 16 32 64 128 256
 339 934  125 0  87 1 9 1 2 4 8 16 32 64 128 256
 340  38  711 0  86 1 9 1 2 4 8 16 32 64 128 256
 341 911  147 0  38 1 9 1 2 4 8 16 32 64 128 256
 342 177  674 0  68 1 9 1 2 4 8 16 32 64 128 256
 343 183  215 0  16 1 9 1 2 4 8 16 32 64 128 256
 344 298  347 0  37 1 9 1 2 4 8 16 32 64 128 256
 345 472  643 0  86 1 9 1 2 4 8 16 32 64 128 256
 346 339  605 0  35 1 9 1 2 4 8 16 32 64 128 256
 347 466  183 0  10 1 9 1 2 4 8 16 32 64 128 256
 348 896  687 0  24 1 9 1 2 4 8 16 32 64 128 256
 349 656  785 0   5 1 9 1 2 4 8 16 32 64 128 256
 350 796  841 0   3 1 9 1 2 4 8 16 32 64 128 256
 351 957  758 0  76 1 9 1 2 4 8 16 32 64 128 256
 352 818   41 0  15 1 9 1 2 4 8 16 32 64 128 256
 353 271  215 0  90 1 9 1 2 4 8 16 32 64 128 256
 354 394  830 0  66 1 9 1 2 4 8 16 32 64 128 256
 355 448   27 0  87 1 9 1 2 4 8 16 32 64 128 256
 356 363  914 0  33 1 9 1 2 4 8 16 32 64 128 256
 357 243  959 0   7 1 9 1 2 4 8 16 32 64 128 256
 358 939  169 0  51 1 9 1 2 4 8 16 32 64 128 256
 359 575  450 0  81 1 9 1 2 4 8 16 32 64 128 256
 360 573  367 0  84 1 9 1 2 4 8 16 32 64 128 256
 361 945  498 0  44 1 9 1 2 4 8 16 32 64 128 256
 362 802  236 0  65 1 9 1 2 4 8 16 32 64 128 256
 363 796  726 0  76 1 9 1 2 4 8 16 32 64 128 256
 364 411  555 0  28 1 9 1 2 4 8 16 32 64 128 256
 365 596  610 0  94 1 9 1 2 4 8 16 32 64 128 256
 366 819  296 0  92 1 9 1 2 4 8 16 32 64 128 256
 367 542  206 0  54 1 9 1 2 4 8 16 32 64 128 256
 368 577  966 0  89 1 9 1 2 4 8 16 32 64 128 256
 369 535  385 0   5 1 9 1 2 4 8 16 32 64 128 256
 370 318  814 0  93 1 9 1 2 4 8 16 32 64 128 256
 371 180  241 0  88 1 9 1 2 4 8 16 32 64 128 256
 372 970  577 0   3 1 9 1 2 4 8 16 32 64 128 256
 373 337  354 0  80 1 9 1 2 4 8 16 32 64 128 256
 374  77  607 0  19 1 9 1 2 4 8 16 32 64 128 256
 375 332  999 0  50 1 9 1 2 4 8 16 32 64 128 256
 376  76  392 0  36 1 9 1 2 4 8 16 32 64 128 256
 377 119  735 0  94 1 9 1 2 4 8 16 32 64 128 256
 378 396  151 0  98 1 9 1 2 4 8 16 32 64 128 256
 379 671  161 0  58 1 9 1 2 4 8 16 32 64 128 256
 380 132  309 0   3 1 9 1 2 4 8 16 32 64 128 256
 381 273  802 0  10 1 9 1 2 4 8 16 32 64 128 256
 382 473  871 0  38 1 9 1 2 4 8 16 32 64 128 256
 383 456  995 0  13 1 9 1 2 4 8 16 32 64 128 256
 384 617  160 0  72 1 9 1 2 4 8 16 32 64 128 256
 385 643  989 0  45 1 9 1 2 4 8 16 32 64 128 256
 386 401  940 0   3 1 9 1 2 4 8 16 32 64 128 256
 387 946  343 0  41 1 9 1 2 4 8 16 32 64 128 256
 388 387  398 0  43 1 9 1 2 4 8 16 32 64 128 256
 389  48  120 0  10 1 9 1 2 4 8 16 32 64 128 256
 390 552   66 0  45 1 9 1 2 4 8 16 32 64 128 256
 391 199  158 0  26 1 9 1 2 4 8 16 32 64 128 256
 392 513  523 0  52 1 9 1 2 4 8 16 32 64 128 256
 393 560   75 0  80 1 9 1 2 4 8 16 32 64 128 256
 394 642  445 0   6 1 9 1 2 4 8 16 32 64 128 256
 395 737  226 0  96 1 9 1 2 4 8 16 32 64 128 256
 396 615  744 0 100 1 9 1 2 4 8 16 32 64 128 256
 397 975   83 0  80 1 9 1 2 4 8 16 32 64 128 256
 398 201  816 0  94 1 9 1 2 4 8 16 32 64 128 256
 399 356  348 0  25 1 9 1 2 4 8 16 32 64 128 256
 400 797  510 0  40 1 9 1 2 4 8 16 32 64 128 256
 401  78  338 0  77 1 9 1 2 4 8 16 32 64 128 256
 402 507  301 0   9 1 9 1 2 4 8 16 32 64 128 256
 403 533  594 0  33 1 9 1 2 4 8 16 32 64 128 256
 404 324  665 0  68 1 9 1 2 4 8 16 32 64 128 256
 405 530  794 0  59 1 9 1 2 4 8 16 32 64 128 256
 406 374  235 0  68 1 9 1 2 4 8 16 32 64 128 256
 407 958  170 0  52 1 9 1 2 4 8 16 32 64 128 256
 408 215  965 0  70 1 9 1 2 4 8 16 32 64 128 256
 409 486  909 0  37 1 9 1 2 4 8 16 32 64 128 256
 410 489  266 0  18 1 9 1 2 4 8 16 32 64 128 256
 411 719  727 0  36 1 9 1 2 4 8 16 32 64 128 256
 412 650  176 0  37 1 9 1 2 4 8 16 32 64 128 256
 413  58  871 0  29 1 9 1 2 4 8 16 32 64 128 256
 414 448  457 0  66 1 9 1 2 4 8 16 32 64 128 256
 415 613  213 0  48 1 9 1 2 4 8 16 32 64 128 256
 416 716  193 0  24 1 9 1 2 4 8 16 32 64 128 256
 417 208  324 0  89 1 9 1 2 4 8 16 32 64 128 256
 418 694  440 0  33 1 9 1 2 4 8 16 32 64 128 256
 419  97  985 0  78 1 9 1 2 4 8 16 32 64 128 256
 420 420  321 0  95 1 9 1 2 4 8 16 32 64 128 256
 421 363  246 0  13 1 9 1 2 4 8 16 32 64 128 256
 422 743  408 0  28 1 9 1 2 4 8 16 32 64 128 256
 423 936  805 0  22 1 9 1 2 4 8 16 32 64 128 256
 424 980  330 0  61 1 9 1 2 4 8 16 32 64 128 256
 425 213  738 0  61 1 9 1 2 4 8 16 32 64 128 256
 426 838  810 0  11 1 9 1 2 4 8 16 32 64 128 256
 427 829  667 0  76 1 9 1 2 4 8 16 32 64 128 256
 428  66  536 0  17 1 9 1 2 4 8 16 32 64 128 256
 429 815  798 0  75 1 9 1 2 4 8 16 32 64 128 256
 430 695  440 0  67 1 9 1 2 4 8 16 32 64 128 256
 431 713  105 0  15 1 9 1 2 4 8 16 32 64 128 256
 432  94  123 0  26 1 9 1 2 4 8 16 32 64 128 256
 433 109   37 0  53 1 9 1 2 4 8 16 32 64 128 256
 434 433  719 0  16 1 9 1 2 4 8 16 32 64 128 256
 435 168  183 0  95 1 9 1 2 4 8 16 32 64 128 256
 436  71   85 0  96 1 9 1 2 4 8 16 32 64 128 256
 437 180  278 0  97 1 9 1 2 4 8 16 32 64 128 256
 438 412   92 0  19 1 9 1 2 4 8 16 32 64 128 256
 439 108  491 0   9 1 9 1 2 4 8 16 32 64 128 256
 440 184  304 0  85 1 9 1 2 4 8 16 32 64 128 256
 441 643  852 0  36 1 9 1 2 4 8 16 32 64 128 256
 442 436  860 0  16 1 9 1 2 4 8 16 32 64 128 256
 443 952   48 0  69 1 9 1 2 4 8 16 32 64 128 256
 444  87   45 0  96 1 9 1 2 4 8 16 32 64 128 256
 445 560  442 0  93 1 9 1 2 4 8 16 32 64 128 256
 446 291  916 0  14 1 9 1 2 4 8 16 32 64 128 256
 447 821  905 0  95 1 9 1 2 4 8 16 32 64 128 256
 448 775  933 0  68 1 9 1 2 4 8 16 32 64 128 256
 449 144  313 0  18 1 9 1 2 4 8 16 32 64 128 256
 450 268  460 0  95 1 9 1 2 4 8 16 32 64 128 256
 451 593  997 0  46 1 9 1 2 4 8 16 32 64 128 256
 452 626   34 0   9 1 9 1 2 4 8 16 32 64 128 256
 453 926  109 0  33 1 9 1 2 4 8 16 32 64 128 256
 454  31   53 0  59 1 9 1 2 4 8 16 32 64 128 256
 455 488    0 0 100 1 9 1 2 4 8 16 32 64 128 256
 456 290  525 0  88 1 9 1 2 4 8 16 32 64 128 256
 457 591  857 0  38 1 9 1 2 4 8 16 32 64 128 256
 458 582  953 0  19 1 9 1 2 4 8 16 32 64 128 256
 459 594  410 0  25 1 9 1 2 4 8 16 32 64 128 256
 460 794  727 0  23 1 9 1 2 4 8 16 32 64 128 256
 461 349  425 0  34 1 9 1 2 4 8 16 32 64 128 256
 462 372   95 0  59 1 9 1 2 4 8 16 32 64 128 256
 463 545  976 0  48 1 9 1 2 4 8 16 32 64 128 256
 464 346   68 0  40 1 9 1 2 4 8 16 32 64 128 256
 465 973  993 0  36 1 9 1 2 4 8 16 32 64 128 256
 466 540  529 0  87 1 9 1 2 4 8 16 32 64 128 256
 467 236  902 0  24 1 9 1 2 4 8 16 32 64 128 256
 468 722  931 0  48 1 9 1 2 4 8 16 32 64 128 256
 469 581  327 0  95 1 9 1 2 4 8 16 32 64 128 256
 470  64  741 0  41 1 9 1 2 4 8 16 32 64 128 256
 471 229  833 0  39 1 9 1 2 4 8 16 32 64 128 256
 472 965  274 0  28 1 9 1 2 4 8 16 32 64 128 256
 473 559  343 0   2 1 9 1 2 4 8 16 32 64 128 256
 474 609  264 0  38 1 9 1 2 4 8 16 32 64 128 256
 475 708  201 0   5 1 9 1 2 4 8 16 32 64 128 256
 476  39  155 0  10 1 9 1 2 4 8 16 32 64 128 256
 477 251  286 0  89 1 9 1 2 4 8 16 32 64 128 256
 478  69  175 0  19 1 9 1 2 4 8 16 32 64 128 256
 479  75  736 0  62 1 9 1 2 4 8 16 32 64 128 256
 480 760  637 0  72 1 9 1 2 4 8 16 32 64 128 256
 481 722  289 0  83 1 9 1 2 4 8 16 32 64 128 256
 482 298  578 0   5 1 9 1 2 4 8 16 32 64 128 256
 483 913  418 0  39 1 9 1 2 4 8 16 32 64 128 256
 484 452  210 0   6 1 9 1 2 4 8 16 32 64 128 256
 485 532  622 0  75 1 9 1 2 4 8 16 32 64 128 256
 486 276  105 0  69 1 9 1 2 4 8 16 32 64 128 256
 487 225  743 0  22 1 9 1 2 4 8 16 32 64 128 256
 488  55  590 0  97 1 9 1 2 4 8 16 32 64 128 256
 489 776  238 0  92 1 9 1 2 4 8 16 32 64 128 256
 490 229  908 0  72 1 9 1 2 4 8 16 32 64 128 256
 491 508  697 0  93 1 9 1 2 4 8 16 32 64 128 256
 492 189   69 0  35 1 9 1 2 4 8 16 32 64 128 256
 493 228  158 0  57 1 9 1 2 4 8 16 32 64 128 256
 494 593  265 0  91 1 9 1 2 4 8 16 32 64 128 256
 495 465  438 0  74 1 9 1 2 4 8 16 32 64 128 256
 496 797  638 0  45 1 9 1 2 4 8 16 32 64 128 256
 497   6  103 0   9 1 9 1 2 4 8 16 32 64 128 256
 498 753  389 0   3 1 9 1 2 4 8 16 32 64 128 256
 499 961  493 0  51 1 9 1 2 4 8 16 32 64 128 256
 500 949   90 0  74 1 9 1 2 4 8 16 32 64 128 256
 501 379    3 0   8 1 9 1 2 4 8 16 32 64 128 256
 502 402  539 0  49 1 9 1 2 4 8 16 32 64 128 256
 503 322  874 0  46 1 9 1 2 4 8 16 32 64 128 256
 504 624  418 0  97 1 9 1 2 4 8 16 32 64 128 256
 505 555  458 0  96 1 9 1 2 4 8 16 32 64 128 256
 506 402  572 0   3 1 9 1 2 4 8 16 32 64 128 256
 507 672   38 0  27 1 9 1 2 4 8 16 32 64 128 256
 508 764  468 0  39 1 9 1 2 4 8 16 32 64 128 256
 509 401  786 0  19 1 9 1 2 4 8 16 32 64 128 256
 510 255  825 0  59 1 9 1 2 4 8 16 32 64 128 256
 511 831  513 0  32 1 9 1 2 4 8 16 32 64 128 256
 512 554  996 0  22 1 9 1 2 4 8 16 32 64 128 256
 513 915  874 0  51 1 9 1 2 4 8 16 32 64 128 256
 514  70  244 0   8 1 9 1 2 4 8 16 32 64 128 256
 515 377  271 0  34 1 9 1 2 4 8 16 32 64 128 256
 516 108  716 0  89 1 9 1 2 4 8 16 32 64 128 256
 517 929  987 0  86 1 9 1 2 4 8 16 32 64 128 256
 518 939  950 0  57 1 9 1 2 4 8 16 32 64 128 256
 519 263  880 0   8 1 9 1 2 4 8 16 32 64 128 256
 520 251  232 0  65 1 9 1 2 4 8 16 32 64 128 256
 521 763  542 0  61 1 9 1 2 4 8 16 32 64 128 256
 522 497  477 0  57 1 9 1 2 4 8 16 32 64 128 256
 523 352  455 0  21 1 9 1 2 4 8 16 32 64 128 256
 524 703  505 0  48 1 9 1 2 4 8 16 32 64 128 256
 525 181  698 0  62 1 9 1 2 4 8 16 32 64 128 256
 526 604  118 0  44 1 9 1 2 4 8 16 32 64 128 256
 527 445  882 0  39 1 9 1 2 4 8 16 32 64 128 256
 528 454  285 0  34 1 9 1 2 4 8 16 32 64 128 256
 529 615  852 0  99 1 9 1 2 4 8 16 32 64 128 256
 530 691  482 0  62 1 9 1 2 4 8 16 32 64 128 256
 531 752  761 0  17 1 9 1 2 4 8 16 32 64 128 256
 532 266   28 0  45 1 9 1 2 4 8 16 32 64 128 256
 533 533  494 0  46 1 9 1 2 4 8 16 32 64 128 256
 534 297  793 0  69 1 9 1 2 4 8 16 32 64 128 256
 535 919  445 0  33 1 9 1 2 4 8 16 32 64 128 256
 536 126  690 0  15 1 9 1 2 4 8 16 32 64 128 256
 537 347  319 0  58 1 9 1 2 4 8 16 32 64 128 256
 538 744  480 0  16 1 9 1 2 4 8 16 32 64 128 256
 539 912  383 0  65 1 9 1 2 4 8 16 32 64 128 256
 540 176  198 0   2 1 9 1 2 4 8 16 32 64 128 256
 541 749  692 0  43 1 9 1 2 4 8 16 32 64 128 256
 542 531  347 0  50 1 9 1 2 4 8 16 32 64 128 256
 543 761  685 0  27 1 9 1 2 4 8 16 32 64 128 256
 544 375  112 0   6 1 9 1 2 4 8 16 32 64 128 256
 545 113  348 0  74 1 9 1 2 4 8 16 32 64 128 256
 546 375  397 0  96 1 9 1 2 4 8 16 32 64 128 256
 547 963  884 0   6 1 9 1 2 4 8 16 32 64 128 256
 548 714   86 0  80 1 9 1 2 4 8 16 32 64 128 256
 549 820  398 0  96 1 9 1 2 4 8 16 32 64 128 256
 550 583  686 0  53 1 9 1 2 4 8 16 32 64 128 256
 551 205   64 0  23 1 9 1 2 4 8 16 32 64 128 256
 552 332  511 0   4 1 9 1 2 4 8 16 32 64 128 256
 553 464  504 0  75 1 9 1 2 4 8 16 32 64 128 256
 554  93  697 0  46 1 9 1 2 4 8 16 32 64 128 256
 555 356  738 0  82 1 9 1 2 4 8 16 32 64 128 256
 556 193  564 0  56 1 9 1 2 4 8 16 32 64 128 256
 557 846  343 0  97 1 9 1 2 4 8 16 32 64 128 256
 558 299  549 0  32 1 9 1 2 4 8 16 32 64 128 256
 559  45  508 0  83 1 9 1 2 4 8 16 32 64 128 256
 560 624  351 0  13 1 9 1 2 4 8 16 32 64 128 256
 561 401  359 0   4 1 9 1 2 4 8 16 32 64 128 256
 562 878   19 0  45 1 9 1 2 4 8 16 32 64 128 256
 563 895  765 0  83 1 9 1 2 4 8 16 32 64 128 256
 564 637  617 0  27 1 9 1 2 4 8 16 32 64 128 256
 565 517  742 0  61 1 9 1 2 4 8 16 32 64 128 256
 566 594  692 0  77 1 9 1 2 4 8 16 32 64 128 256
 567 132  718 0  59 1 9 1 2 4 8 16 32 64 128 256
 568 129  777 0  12 1 9 1 2 4 8 16 32 64 128 256
 569 812  592 0  87 1 9 1 2 4 8 16 32 64 128 256
 570 655  172 0  22 1 9 1 2 4 8 16 32 64 128 256
 571 671  458 0  82 1 9 1 2 4 8 16 32 64 128 256
 572 690  611 0  57 1 9 1 2 4 8 16 32 64 128 256
 573 155  638 0  31 1 9 1 2 4 8 16 32 64 128 256
 574 278  716 0  53 1 9 1 2 4 8 16 32 64 128 256
 575 796    5 0   4 1 9 1 2 4 8 16 32 64 128 256
 576 371  448 0   8 1 9 1 2 4 8 16 32 64 128 256
 577 362  104 0  34 1 9 1 2 4 8 16 32 64 128 256
 578 799  108 0  81 1 9 1 2 4 8 16 32 64 128 256
 579 963  563 0  54 1 9 1 2 4 8 16 32 64 128 256
 580 284  272 0  87 1 9 1 2 4 8 16 32 64 128 256
 581 817  955 0  17 1 9 1 2 4 8 16 32 64 128 256
 582 565  498 0   9 1 9 1 2 4 8 16 32 64 128 256
 583  35  537 0  23 1 9 1 2 4 8 16 32 64 128 256
 584 509  664 0   6 1 9 1 2 4 8 16 32 64 128 256
 585 458  905 0  64 1 9 1 2 4 8 16 32 64 128 256
 586 574  141 0  87 1 9 1 2 4 8 16 32 64 128 256
 587 516  854 0   1 1 9 1 2 4 8 16 32 64 128 256
 588 119  804 0  39 1 9 1 2 4 8 16 32 64 128 256
 589  18  482 0  97 1 9 1 2 4 8 16 32 64 128 256
 590 890  756 0  17 1 9 1 2 4 8 16 32 64 128 256
 591 135  786 0  40 1 9 1 2 4 8 16 32 64 128 256
 592 724  687 0   1 1 9 1 2 4 8 16 32 64 128 256
 593 245  242 0  71 1 9 1 2 4 8 16 32 64 128 256
 594 690  683 0  68 1 9 1 2 4 8 16 32 64 128 256
 595 573  579 0  58 1 9 1 2 4 8 16 32 64 128 256
 596 499  683 0  94 1 9 1 2 4 8 16 32 64 128 256
 597 100  339 0  79 1 9 1 2 4 8 16 32 64 128 256
 598 354  930 0  69 1 9 1 2 4 8 16 32 64 128 256
 599 142  362 0  49 1 9 1 2 4 8 16 32 64 128 256
 600 783  799 0  94 1 9 1 2 4 8 16 32 64 128 256
 601  55  219 0   1 1 9 1 2 4 8 16 32 64 128 256
 602 323  139 0  23 1 9 1 2 4 8 16 32 64 128 256
 603 946  175 0  20 1 9 1 2 4 8 16 32 64 128 256
 604  39  996 0  48 1 9 1 2 4 8 16 32 64 128 256
 605 265   91 0  88 1 9 1 2 4 8 16 32 64 128 256
 606 395  904 0  87 1 9 1 2 4 8 16 32 64 128 256
 607 676  567 0  52 1 9 1 2 4 8 16 32 64 128 256
 608 397  997 0  67 1 9 1 2 4 8 16 32 64 128 256
 609 158  722 0  24 1 9 1 2 4 8 16 32 64 128 256
 610  65  340 0  49 1 9 1 2 4 8 16 32 64 128 256
 611 312  718 0  88 1 9 1 2 4 8 16 32 64 128 256
 612 988  585 0  74 1 9 1 2 4 8 16 32 64 128 256
 613 798  827 0  71 1 9 1 2 4 8 16 32 64 128 256
 614 603   62 0  82 1 9 1 2 4 8 16 32 64 128 256
 615 896  768 0 100 1 9 1 2 4 8 16 32 64 128 256
 616 458  854 0 100 1 9 1 2 4 8 16 32 64 128 256
 617 651  755 0   2 1 9 1 2 4 8 16 32 64 128 256
 618 953  481 0  73 1 9 1 2 4 8 16 32 64 128 256
 619 588  889 0  84 1 9 1 2 4 8 16 32 64 128 256
 620 905  270 0  54 1 9 1 2 4 8 16 32 64 128 256
 621 273  249 0  65 1 9 1 2 4 8 16 32 64 128 256
 622 856  928 0  87 1 9 1 2 4 8 16 32 64 128 256
 623 568   39 0  37 1 9 1 2 4 8 16 32 64 128 256
 624 311  707 0  18 1 9 1 2 4 8 16 32 64 128 256
 625 924  124 0  82 1 9 1 2 4 8 16 32 64 128 256
 626 217  842 0   5 1 9 1 2 4 8 16 32 64 128 256
 627 768  369 0  98 1 9 1 2 4 8 16 32 64 128 256
 628 926   44 0  10 1 9 1 2 4 8 16 32 64 128 256
 629 713  926 0  10 1 9 1 2 4 8 16 32 64 128 256
 630 835  162 0  68 1 9 1 2 4 8 16 32 64 128 256
 631 880  953 0  42 1 9 1 2 4 8 16 32 64 128 256
 632 633  674 0  44 1 9 1 2 4 8 16 32 64 128 256
 633 150  768 0   2 1 9 1 2 4 8 16 32 64 128 256
 634 312  914 0  48 1 9 1 2 4 8 16 32 64 128 256
 635   4  528 0  27 1 9 1 2 4 8 16 32 64 128 256
 636 920  825 0  17 1 9 1 2 4 8 16 32 64 128 256
 637 879  481 0   4 1 9 1 2 4 8 16 32 64 128 256
 638 120  727 0  28 1 9 1 2 4 8 16 32 64 128 256
 639 224  118 0  69 1 9 1 2 4 8 16 32 64 128 256
 640 143  706 0  66 1 9 1 2 4 8 16 32 64 128 256
 641 174  868 0  69 1 9 1 2 4 8 16 32 64 128 256
 642 413  852 0  29 1 9 1 2 4 8 16 32 64 128 256
 643 724  423 0  51 1 9 1 2 4 8 16 32 64 128 256
 644 238  815 0  40 1 9 1 2 4 8 16 32 64 128 256
 645 383  765 0  62 1 9 1 2 4 8 16 32 64 128 256
 646  61  912 0  46 1 9 1 2 4 8 16 32 64 128 256
 647 631    6 0  13 1 9 1 2 4 8 16 32 64 128 256
 648 928   30 0  49 1 9 1 2 4 8 16 32 64 128 256
 649  47  776 0  82 1 9 1 2 4 8 16 32 64 128 256
 650 490  332 0  85 1 9 1 2 4 8 16 32 64 128 256
 651 590  551 0  35 1 9 1 2 4 8 16 32 64 128 256
 652 665  971 0  89 1 9 1 2 4 8 16 32 64 128 256
 653 406  998 0  32 1 9 1 2 4 8 16 32 64 128 256
 654 920  417 0  93 1 9 1 2 4 8 16 32 64 128 256
 655 346  963 0  33 1 9 1 2 4 8 16 32 64 128 256
 656 282  283 0  97 1 9 1 2 4 8 16 32 64 128 256
 657 528  797 0  44 1 9 1 2 4 8 16 32 64 128 256
 658  77  264 0  73 1 9 1 2 4 8 16 32 64 128 256
 659 275  533 0  47 1 9 1 2 4 8 16 32 64 128 256
 660 166  814 0  64 1 9 1 2 4 8 16 32 64 128 256
 661 654  297 0  59 1 9 1 2 4 8 16 32 64 128 256
 662  19   21 0  17 1 9 1 2 4 8 16 32 64 128 256
 663 717  735 0   2 1 9 1 2 4 8 16 32 64 128 256
 664 580  410 0  83 1 9 1 2 4 8 16 32 64 128 256
 665 330  148 0  58 1 9 1 2 4 8 16 32 64 128 256
 666 461  809 0  95 1 9 1 2 4 8 16 32 64 128 256
 667 508  429 0  21 1 9 1 2 4 8 16 32 64 128 256
 668 155  312 0  34 1 9 1 2 4 8 16 32 64 128 256
 669  23  949 0  29 1 9 1 2 4 8 16 32 64 128 256
 670 936  652 0  89 1 9 1 2 4 8 16 32 64 128 256
 671  68  920 0  13 1 9 1 2 4 8 16 32 64 128 256
 672 903  165 0  70 1 9 1 2 4 8 16 32 64 128 256
 673 268  278 0   2 1 9 1 2 4 8 16 32 64 128 256
 674 832  920 0  58 1 9 1 2 4 8 16 32 64 128 256
 675 318  176 0  71 1 9 1 2 4 8 16 32 64 128 256
 676 400  395 0  82 1 9 1 2 4 8 16 32 64 128 256
 677 221  983 0  14 1 9 1 2 4 8 16 32 64 128 256
 678 319  206 0  67 1 9 1 2 4 8 16 32 64 128 256
 679 396  359 0  28 1 9 1 2 4 8 16 32 64 128 256
 680 194  520 0  47 1 9 1 2 4 8 16 32 64 128 256
 681 229  406 0  64 1 9 1 2 4 8 16 32 64 128 256
 682 126  416 0  35 1 9 1 2 4 8 16 32 64 128 256
 683 362  314 0   5 1 9 1 2 4 8 16 32 64 128 256
 684 139  758 0  85 1 9 1 2 4 8 16 32 64 128 256
 685 553  516 0  50 1 9 1 2 4 8 16 32 64 128 256
 686 893  940 0  87 1 9 1 2 4 8 16 32 64 128 256
 687 311  249 0  64 1 9 1 2 4 8 16 32 64 128 256
 688 603  812 0   8 1 9 1 2 4 8 16 32 64 128 256
 689 857  432 0  54 1 9 1 2 4 8 16 32 64 128 256
 690 436  863 0  17 1 9 1 2 4 8 16 32 64 128 256
 691 828  129 0  99 1 9 1 2 4 8 16 32 64 128 256
 692 616  465 0  14 1 9 1 2 4 8 16 32 64 128 256
 693 627  616 0  23 1 9 1 2 4 8 16 32 64 128 256
 694 250  648 0  19 1 9 1 2 4 8 16 32 64 128 256
 695 965  889 0 100 1 9 1 2 4 8 16 32 64 128 256
 696 455  170 0  93 1 9 1 2 4 8 16 32 64 128 256
 697 293   18 0   1 1 9 1 2 4 8 16 32 64 128 256
 698 718  928 0  47 1 9 1 2 4 8 16 32 64 128 256
 699 576  109 0  21 1 9 1 2 4 8 16 32 64 128 256
 700 385  534 0  57 1 9 1 2 4 8 16 32 64 128 256
 701 820  256 0  28 1 9 1 2 4 8 16 32 64 128 256
 702 350  988 0  45 1 9 1 2 4 8 16 32 64 128 256
 703 762  620 0  15 1 9 1 2 4 8 16 32 64 128 256
 704 744  703 0  75 1 9 1 2 4 8 16 32 64 128 256
 705 291  311 0  15 1 9 1 2 4 8 16 32 64 128 256
 706 683    3 0  20 1 9 1 2 4 8 16 32 64 128 256
 707 744  885 0  18 1 9 1 2 4 8 16 32 64 128 256
 708 714  806 0  18 1 9 1 2 4 8 16 32 64 128 256
 709 954  269 0  99 1 9 1 2 4 8 16 32 64 128 256
 710 137  977 0  41 1 9 1 2 4 8 16 32 64 128 256
 711 457  114 0  20 1 9 1 2 4 8 16 32 64 128 256
 712 681   53 0  79 1 9 1 2 4 8 16 32 64 128 256
 713 776   55 0  68 1 9 1 2 4 8 16 32 64 128 256
 714 397  329 0  57 1 9 1 2 4 8 16 32 64 128 256
 715 436  320 0   2 1 9 1 2 4 8 16 32 64 128 256
 716 903  313 0  41 1 9 1 2 4 8 16 32 64 128 256
 717 195  655 0  55 1 9 1 2 4 8 16 32 64 128 256
 718 589   93 0  23 1 9 1 2 4 8 16 32 64 128 256
 719  31  449 0  38 1 9 1 2 4 8 16 32 64 128 256
 720 211  833 0  35 1 9 1 2 4 8 16 32 64 128 256
 721 125  945 0  36 1 9 1 2 4 8 16 32 64 128 256
 722 540  912 0  34 1 9 1 2 4 8 16 32 64 128 256
 723 624  796 0  90 1 9 1 2 4 8 16 32 64 128 256
 724 995  503 0  22 1 9 1 2 4 8 16 32 64 128 256
 725 512  170 0  34 1 9 1 2 4 8 16 32 64 128 256
 726 559  885 0  99 1 9 1 2 4 8 16 32 64 128 256
 727  43  717 0  26 1 9 1 2 4 8 16 32 64 128 256
 728 597  215 0  34 1 9 1 2 4 8 16 32 64 128 256
 729 406  540 0  60 1 9 1 2 4 8 16 32 64 128 256
 730 577  250 0  20 1 9 1 2 4 8 16 32 64 128 256
 731 347  434 0  95 1 9 1 2 4 8 16 32 64 128 256
 732 772  204 0  63 1 9 1 2 4 8 16 32 64 128 256
 733 534  983 0  63 1 9 1 2 4 8 16 32 64 128 256
 734 292  840 0  12 1 9 1 2 4 8 16 32 64 128 256
 735 982  772 0  78 1 9 1 2 4 8 16 32 64 128 256
 736 792  237 0   6 1 9 1 2 4 8 16 32 64 128 256
 737 482  317 0  14 1 9 1 2 4 8 16 32 64 128 256
 738 184  389 0  41 1 9 1 2 4 8 16 32 64 128 256
 739 960  294 0  19 1 9 1 2 4 8 16 32 64 128 256
 740 818  843 0  80 1 9 1 2 4 8 16 32 64 128 256
 741 319  777 0  90 1 9 1 2 4 8 16 32 64 128 256
 742 785  128 0  73 1 9 1 2 4 8 16 32 64 128 256
 743 310  952 0  92 1 9 1 2 4 8 16 32 64 128 256
 744 787  399 0   2 1 9 1 2 4 8 16 32 64 128 256
 745 871  385 0  78 1 9 1 2 4 8 16 32 64 128 256
 746  60  318 0  84 1 9 1 2 4 8 16 32 64 128 256
 747 156  753 0 100 1 9 1 2 4 8 16 32 64 128 256
 748 345  664 0  52 1 9 1 2 4 8 16 32 64 128 256
 749 791  565 0  50 1 9 1 2 4 8 16 32 64 128 256
 750 522  282 0  89 1 9 1 2 4 8 16 32 64 128 256
 751 106  998 0  74 1 9 1 2 4 8 16 32 64 128 256
 752 236  626 0  28 1 9 1 2 4 8 16 32 64 128 256
 753  58  457 0  99 1 9 1 2 4 8 16 32 64 128 256
 754 157  752 0  94 1 9 1 2 4 8 16 32 64 128 256
 755 328  580 0  78 1 9 1 2 4 8 16 32 64 128 256
 756 150  676 0  79 1 9 1 2 4 8 16 32 64 128 256
 757  55  887 0  93 1 9 1 2 4 8 16 32 64 128 256
 758 808  656 0  35 1 9 1 2 4 8 16 32 64 128 256
 759 304  682 0  20 1 9 1 2 4 8 16 32 64 128 256
 760  26  558 0   4 1 9 1 2 4 8 16 32 64 128 256
 761 345  635 0  73 1 9 1 2 4 8 16 32 64 128 256
 762 835  350 0  65 1 9 1 2 4 8 16 32 64 128 256
 763  45  262 0  49 1 9 1 2 4 8 16 32 64 128 256
 764 319  571 0  48 1 9 1 2 4 8 16 32 64 128 256
 765 740  280 0  29 1 9 1 2 4 8 16 32 64 128 256
 766 722  816 0  40 1 9 1 2 4 8 16 32 64 128 256
 767 867  940 0  38 1 9 1 2 4 8 16 32 64 128 256
 768 905  256 0  18 1 9 1 2 4 8 16 32 64 128 256
 769  18  164 0  56 1 9 1 2 4 8 16 32 64 128 256
 770 230  867 0   8 1 9 1 2 4 8 16 32 64 128 256
 771 551  714 0  23 1 9 1 2 4 8 16 32 64 128 256
 772 904  733 0  57 1 9 1 2 4 8 16 32 64 128 256
 773 408  504 0  69 1 9 1 2 4 8 16 32 64 128 256
 774 362  720 0  87 1 9 1 2 4 8 16 32 64 128 256
 775 217  511 0  62 1 9 1 2 4 8 16 32 64 128 256
 776 722  914 0  67 1 9 1 2 4 8 16 32 64 128 256
 777 210  999 0  32 1 9 1 2 4 8 16 32 64 128 256
 778 763  587 0   4 1 9 1 2 4 8 16 32 64 128 256
 779 971  242 0  41 1 9 1 2 4 8 16 32 64 128 256
 780 799  286 0  26 1 9 1 2 4 8 16 32 64 128 256
 781 562  579 0  15 1 9 1 2 4 8 16 32 64 128 256
 782  73  784 0  83 1 9 1 2 4 8 16 32 64 128 256
 783 377  226 0  15 1 9 1 2 4 8 16 32 64 128 256
 784 515  991 0  39 1 9 1 2 4 8 16 32 64 128 256
 785 383  874 0  17 1 9 1 2 4 8 16 32 64 128 256
 786 222  241 0  66 1 9 1 2 4 8 16 32 64 128 256
 787 940  499 0  23 1 9 1 2 4 8 16 32 64 128 256
 788 807   36 0  77 1 9 1 2 4 8 16 32 64 128 256
 789 905  690 0  43 1 9 1 2 4 8 16 32 64 128 256
 790 969  824 0  77 1 9 1 2 4 8 16 32 64 128 256
 791 633  551 0  39 1 9 1 2 4 8 16 32 64 128 256
 792 728  672 0  98 1 9 1 2 4 8 16 32 64 128 256
 793 762 1000 0  59 1 9 1 2 4 8 16 32 64 128 256
 794 789  650 0  35 1 9 1 2 4 8 16 32 64 128 256
 795 364  225 0  67 1 9 1 2 4 8 16 32 64 128 256
 796 317  584 0  97 1 9 1 2 4 8 16 32 64 128 256
 797  44  163 0  14 1 9 1 2 4 8 16 32 64 128 256
 798 130  402 0  34 1 9 1 2 4 8 16 32 64 128 256
 799 899  227 0  32 1 9 1 2 4 8 16 32 64 128 256
 800 657  545 0  58 1 9 1 2 4 8 16 32 64 128 256
 801 445  343 0  52 1 9 1 2 4 8 16 32 64 128 256
 802 819  224 0   9 1 9 1 2 4 8 16 32 64 128 256
 803  30  276 0  99 1 9 1 2 4 8 16 32 64 128 256
 804 112   72 0  10 1 9 1 2 4 8 16 32 64 128 256
 805 800   46 0  60 1 9 1 2 4 8 16 32 64 128 256
 806 580   49 0  36 1 9 1 2 4 8 16 32 64 128 256
 807 664  984 0  61 1 9 1 2 4 8 16 32 64 128 256
 808 712  643 0  26 1 9 1 2 4 8 16 32 64 128 256
 809 126  294 0  56 1 9 1 2 4 8 16 32 64 128 256
 810 397  149 0  92 1 9 1 2 4 8 16 32 64 128 256
 811 235  925 0  13 1 9 1 2 4 8 16 32 64 128 256
 812   4  235 0  65 1 9 1 2 4 8 16 32 64 128 256
 813 503  236 0  68 1 9 1 2 4 8 16 32 64 128 256
 814 425  160 0  38 1 9 1 2 4 8 16 32 64 128 256
 815 880  954 0  69 1 9 1 2 4 8 16 32 64 128 256
 816 483  851 0  76 1 9 1 2 4 8 16 32 64 128 256
 817 828  668 0  86 1 9 1 2 4 8 16 32 64 128 256
 818 174  192 0  72 1 9 1 2 4 8 16 32 64 128 256
 819 873  379 0  90 1 9 1 2 4 8 16 32 64 128 256
 820   2  787 0  65 1 9 1 2 4 8 16 32 64 128 256
 821 418    1 0  44 1 9 1 2 4 8 16 32 64 128 256
 822 716  882 0  30 1 9 1 2 4 8 16 32 64 128 256
 823 763  344 0  69 1 9 1 2 4 8 16 32 64 128 256
 824 426  728 0  57 1 9 1 2 4 8 16 32 64 128 256
 825 812  338 0  70 1 9 1 2 4 8 16 32 64 128 256
 826 713  133 0  32 1 9 1 2 4 8 16 32 64 128 256
 827 398  836 0  89 1 9 1 2 4 8 16 32 64 128 256
 828 714  840 0  79 1 9 1 2 4 8 16 32 64 128 256
 829 182   11 0 100 1 9 1 2 4 8 16 32 64 128 256
 830 318  960 0  91 1 9 1 2 4 8 16 32 64 128 256
 831  16  230 0  53 1 9 1 2 4 8 16 32 64 128 256
 832 787  748 0  53 1 9 1 2 4 8 16 32 64 128 256
 833 144  147 0  76 1 9 1 2 4 8 16 32 64 128 256
 834 587  519 0  11 1 9 1 2 4 8 16 32 64 128 256
 835 681  472 0  70 1 9 1 2 4 8 16 32 64 128 256
 836 311  696 0  70 1 9 1 2 4 8 16 32 64 128 256
 837  22  950 0  84 1 9 1 2 4 8 16 32 64 128 256
 838 555  183 0  28 1 9 1 2 4 8 16 32 64 128 256
 839 586  837 0  86 1 9 1 2 4 8 16 32 64 128 256
 840 969  702 0  63 1 9 1 2 4 8 16 32 64 128 256
 841 241  879 0  13 1 9 1 2 4 8 16 32 64 128 256
 842 223  433 0  15 1 9 1 2 4 8 16 32 64 128 256
 843 973  135 0  67 1 9 1 2 4 8 16 32 64 128 256
 844 138  467 0  54 1 9 1 2 4 8 16 32 64 128 256
 845 521  420 0  63 1 9 1 2 4 8 16 32 64 128 256
 846 372  355 0  89 1 9 1 2 4 8 16 32 64 128 256
 847 191  402 0  55 1 9 1 2 4 8 16 32 64 128 256
 848  69  538 0  45 1 9 1 2 4 8 16 32 64 128 256
 849 534  138 0   4 1 9 1 2 4 8 16 32 64 128 256
 850 514  923 0  70 1 9 1 2 4 8 16 32 64 128 256
 851 488  231 0  54 1 9 1 2 4 8 16 32 64 128 256
 852 312  450 0   9 1 9 1 2 4 8 16 32 64 128 256
 853 694  342 0  40 1 9 1 2 4 8 16 32 64 128 256
 854 131  287 0  31 1 9 1 2 4 8 16 32 64 128 256
 855   7  807 0  17 1 9 1 2 4 8 16 32 64 128 256
 856 140  190 0  23 1 9 1 2 4 8 16 32 64 128 256
 857 895  319 0  75 1 9 1 2 4 8 16 32 64 128 256
 858 338  623 0  50 1 9 1 2 4 8 16 32 64 128 256
 859 647  486 0  52 1 9 1 2 4 8 16 32 64 128 256
 860 765  678 0  72 1 9 1 2 4 8 16 32 64 128 256
 861 965  410 0   2 1 9 1 2 4 8 16 32 64 128 256
 862 539  914 0   4 1 9 1 2 4 8 16 32 64 128 256
 863 541  591 0  53 1 9 1 2 4 8 16 32 64 128 256
 864 476  874 0  15 1 9 1 2 4 8 16 32 64 128 256
 865 702  130 0  79 1 9 1 2 4 8 16 32 64 128 256
 866 923  608 0  51 1 9 1 2 4 8 16 32 64 128 256
 867 981  101 0  99 1 9 1 2 4 8 16 32 64 128 256
 868  53  180 0  63 1 9 1 2 4 8 16 32 64 128 256
 869 299   63 0 100 1 9 1 2 4 8 16 32 64 128 256
 870 859   32 0  37 1 9 1 2 4 8 16 32 64 128 256
 871 141  283 0  39 1 9 1 2 4 8 16 32 64 128 256
 872 132  738 0  67 1 9 1 2 4 8 16 32 64 128 256
 873 732  185 0  99 1 9 1 2 4 8 16 32 64 128 256
 874 882    2 0  14 1 9 1 2 4 8 16 32 64 128 256
 875 655  683 0  23 1 9 1 2 4 8 16 32 64 128 256
 876 420  653 0  60 1 9 1 2 4 8 16 32 64 128 256
 877 611  101 0  48 1 9 1 2 4 8 16 32 64 128 256
 878 619  488 0  62 1 9 1 2 4 8 16 32 64 128 256
 879 488  870 0  39 1 9 1 2 4 8 16 32 64 128 256
 880 211  822 0  87 1 9 1 2 4 8 16 32 64 128 256
 881 468   10 0  42 1 9 1 2 4 8 16 32 64 128 256
 882  87  409 0  29 1 9 1 2 4 8 16 32 64 128 256
 883  52    8 0  79 1 9 1 2 4 8 16 32 64 128 256
 884 531  522 0  39 1 9 1 2 4 8 16 32 64 128 256
 885 850  116 0  92 1 9 1 2 4 8 16 32 64 128 256
 886 133  908 0  17 1 9 1 2 4 8 16 32 64 128 256
 887 753  656 0  32 1 9 1 2 4 8 16 32 64 128 256
 888 557   18 0  69 1 9 1 2 4 8 16 32 64 128 256
 889  40  575 0  96 1 9 1 2 4 8 16 32 64 128 256
 890 766  769 0  66 1 9 1 2 4 8 16 32 64 128 256
 891 996  316 0   4 1 9 1 2 4 8 16 32 64 128 256
 892 860  703 0  61 1 9 1 2 4 8 16 32 64 128 256
 893 963  807 0  50 1 9 1 2 4 8 16 32 64 128 256
 894 549  539 0  11 1 9 1 2 4 8 16 32 64 128 256
 895 854  150 0  45 1 9 1 2 4 8 16 32 64 128 256
 896 788  269 0  83 1 9 1 2 4 8 16 32 64 128 256
 897 273  130 0  95 1 9 1 2 4 8 16 32 64 128 256
 898 933  740 0  65 1 9 1 2 4 8 16 32 64 128 256
 899 424  226 0  42 1 9 1 2 4 8 16 32 64 128 256
 900 849  598 0  18 1 9 1 2 4 8 16 32 64 128 256
 901 954  823 0  41 1 9 1 2 4 8 16 32 64 128 256
 902 386  295 0   4 1 9 1 2 4 8 16 32 64 128 256
 903  22  870 0  72 1 9 1 2 4 8 16 32 64 128 256
 904 926  922 0  69 1 9 1 2 4 8 16 32 64 128 256
 905 446  390 0  22 1 9 1 2 4 8 16 32 64 128 256
 906 815  125 0  76 1 9 1 2 4 8 16 32 64 128 256
 907 599  594 0  17 1 9 1 2 4 8 16 32 64 128 256
 908 914  487 0  14 1 9 1 2 4 8 16 32 64 128 256
 909 242  573 0  79 1 9 1 2 4 8 16 32 64 128 256
 910 148  804 0   9 1 9 1 2 4 8 16 32 64 128 256
 911 611  598 0  33 1 9 1 2 4 8 16 32 64 128 256
 912 583  292 0  16 1 9 1 2 4 8 16 32 64 128 256
 913 695  699 0   6 1 9 1 2 4 8 16 32 64 128 256
 914  47  257 0  19 1 9 1 2 4 8 16 32 64 128 256
 915 919  298 0  15 1 9 1 2 4 8 16 32 64 128 256
 916 963  458 0  70 1 9 1 2 4 8 16 32 64 128 256
 917 745  680 0  50 1 9 1 2 4 8 16 32 64 128 256
 918 446  765 0  64 1 9 1 2 4 8 16 32 64 128 256
 919 905  813 0   4 1 9 1 2 4 8 16 32 64 128 256
 920 583  996 0  79 1 9 1 2 4 8 16 32 64 128 256
 921  30  949 0  59 1 9 1 2 4 8 16 32 64 128 256
 922 702  816 0  10 1 9 1 2 4 8 16 32 64 128 256
 923  12  367 0  12 1 9 1 2 4 8 16 32 64 128 256
 924 642  575 0  81 1 9 1 2 4 8 16 32 64 128 256
 925 466   77 0  29 1 9 1 2 4 8 16 32 64 128 256
 926 206  561 0  27 1 9 1 2 4 8 16 32 64 128 256
 927 475  389 0  83 1 9 1 2 4 8 16 32 64 128 256
 928 809  957 0  89 1 9 1 2 4 8 16 32 64 128 256
 929 370  998 0  25 1 9 1 2 4 8 16 32 64 128 256
 930 445  531 0  68 1 9 1 2 4 8 16 32 64 128 256
 931 337  402 0  11 1 9 1 2 4 8 16 32 64 128 256
 932 749  885 0  21 1 9 1 2 4 8 16 32 64 128 256
 933  78  697 0  28 1 9 1 2 4 8 16 32 64 128 256
 934 483   88 0   1 1 9 1 2 4 8 16 32 64 128 256
 935 974  459 0  94 1 9 1 2 4 8 16 32 64 128 256
 936  95  754 0  35 1 9 1 2 4 8 16 32 64 128 256
 937 108  873 0  12 1 9 1 2 4 8 16 32 64 128 256
 938 303  198 0  99 1 9 1 2 4 8 16 32 64 128 256
 939 871  321 0  85 1 9 1 2 4 8 16 32 64 128 256
 940  12  218 0  54 1 9 1 2 4 8 16 32 64 128 256
 941 743  518 0  15 1 9 1 2 4 8 16 32 64 128 256
 942 375  595 0  15 1 9 1 2 4 8 16 32 64 128 256
 943 240  347 0  42 1 9 1 2 4 8 16 32 64 128 256
 944 512  261 0  20 1 9 1 2 4 8 16 32 64 128 256
 945 307   14 0  60 1 9 1 2 4 8 16 32 64 128 256
 946 766  523 0  36 1 9 1 2 4 8 16 32 64 128 256
 947 655  921 0  12 1 9 1 2 4 8 16 32 64 128 256
 948 354  393 0  44 1 9 1 2 4 8 16 32 64 128 256
 949 136  669 0  16 1 9 1 2 4 8 16 32 64 128 256
 950 640  258 0   2 1 9 1 2 4 8 16 32 64 128 256
 951 475   16 0  23 1 9 1 2 4 8 16 32 64 128 256
 952 922  757 0  80 1 9 1 2 4 8 16 32 64 128 256
 953   9  891 0  84 1 9 1 2 4 8 16 32 64 128 256
 954 807  712 0  85 1 9 1 2 4 8 16 32 64 128 256
 955 649  999 0  79 1 9 1 2 4 8 16 32 64 128 256
 956 957  965 0  17 1 9 1 2 4 8 16 32 64 128 256
 957 990  189 0  63 1 9 1 2 4 8 16 32 64 128 256
 958 607  811 0  79 1 9 1 2 4 8 16 32 64 128 256
 959 118   12 0   3 1 9 1 2 4 8 16 32 64 128 256
 960 265  893 0  32 1 9 1 2 4 8 16 32 64 128 256
 961 940   85 0   5 1 9 1 2 4 8 16 32 64 128 256
 962  61  206 0  17 1 9 1 2 4 8 16 32 64 128 256
 963 379  936 0  92 1 9 1 2 4 8 16 32 64 128 256
 964 843  978 0   9 1 9 1 2 4 8 16 32 64 128 256
 965 186  972 0   9 1 9 1 2 4 8 16 32 64 128 256
 966  21  721 0  40 1 9 1 2 4 8 16 32 64 128 256
 967 470  239 0  80 1 9 1 2 4 8 16 32 64 128 256
 968 273  962 0  62 1 9 1 2 4 8 16 32 64 128 256
 969 518    3 0  77 1 9 1 2 4 8 16 32 64 128 256
 970 961  153 0  48 1 9 1 2 4 8 16 32 64 128 256
 971 660  141 0   6 1 9 1 2 4 8 16 32 64 128 256
 972 848  432 0  89 1 9 1 2 4 8 16 32 64 128 256
 973 661  435 0  82 1 9 1 2 4 8 16 32 64 128 256
 974 767  957 0  53 1 9 1 2 4 8 16 32 64 128 256
 975 958   72 0  57 1 9 1 2 4 8 16 32 64 128 256
 976 702  981 0  36 1 9 1 2 4 8 16 32 64 128 256
 977  85  445 0  34 1 9 1 2 4 8 16 32 64 128 256
 978 476  233 0   1 1 9 1 2 4 8 16 32 64 128 256
 979 807  255 0  37 1 9 1 2 4 8 16 32 64 128 256
 980 469  587 0  65 1 9 1 2 4 8 16 32 64 128 256
 981 702  367 0  91 1 9 1 2 4 8 16 32 64 128 256
 982 831  690 0  22 1 9 1 2 4 8 16 32 64 128 256
 983 405  753 0  32 1 9 1 2 4 8 16 32 64 128 256
 984 722  399 0  47 1 9 1 2 4 8 16 32 64 128 256
 985  77  789 0   6 1 9 1 2 4 8 16 32 64 128 256
 986 566  193 0  36 1 9 1 2 4 8 16 32 64 128 256
 987 136  796 0  44 1 9 1 2 4 8 16 32 64 128 256
 988 733  538 0  94 1 9 1 2 4 8 16 32 64 128 256
 989 284  764 0  41 1 9 1 2 4 8 16 32 64 128 256
 990 372   35 0  40 1 9 1 2 4 8 16 32 64 128 256
 991 849  320 0  33 1 9 1 2 4 8 16 32 64 128 256
 992 103  395 0  93 1 9 1 2 4 8 16 32 64 128 256
 993 867  827 0  89 1 9 1 2 4 8 16 32 64 128 256
 994 312  345 0  21 1 9 1 2 4 8 16 32 64 128 256
 995 153  779 0  11 1 9 1 2 4 8 16 32 64 128 256
 996 837  347 0  21 1 9 1 2 4 8 16 32 64 128 256
 997 804  437 0  37 1 9 1 2 4 8 16 32 64 128 256
 998 760  774 0  59 1 9 1 2 4 8 16 32 64 128 256
 999 333  726 0  90 1 9 1 2 4 8 16 32 64 128 256
1000 634  575 0  40 1 9 1 2 4 8 16 32 64 128 256
1001 336  189 0  43 1 9 1 2 4 8 16 32 64 128 256
1002 172    3 0   9 1 9 1 2 4 8 16 32 64 128 256
1003  99  659 0  72 1 9 1 2 4 8 16 32 64 128 256
1004 148   57 0  36 1 9 1 2 4 8 16 32 64 128 256
1005 398  727 0   1 1 9 1 2 4 8 16 32 64 128 256
1006 778  355 0  85 1 9 1 2 4 8 16 32 64 128 256
1007 867  699 0  50 1 9 1 2 4 8 16 32 64 128 256
1008 551  337 0  43 1 9 1 2 4 8 16 32 64 128 256
1009 247   95 0  60 1 9 1 2 4 8 16 32 64 128 256
1010 343  365 0   9 1 9 1 2 4 8 16 32 64 128 256
1011  97  580 0  38 1 9 1 2 4 8 16 32 64 128 256
1012 946  697 0  16 1 9 1 2 4 8 16 32 64 128 256
1013 334  101 0  95 1 9 1 2 4 8 16 32 64 128 256
1014 834  666 0  68 1 9 1 2 4 8 16 32 64 128 256
1015 852  680 0  78 1 9 1 2 4 8 16 32 64 128 256
1016 430  323 0  93 1 9 1 2 4 8 16 32 64 128 256
1017 738   18 0  23 1 9 1 2 4 8 16 32 64 128 256
1018 999  266 0  65 1 9 1 2 4 8 16 32 64 128 256
1019 217  990 0  16 1 9 1 2 4 8 16 32 64 128 256
1020 912  282 0  34 1 9 1 2 4 8 16 32 64 128 256
1021 692  611 0  99 1 9 1 2 4 8 16 32 64 128 256
1022 365  336 0  66 1 9 1 2 4 8 16 32 64 128 256
1023 517  980 0  14 1 9 1 2 4 8 16 32 64 128 256
1024 934  698 0  95 1 9 1 2 4 8 16 32 64 128 256
1025 983  195 0  80 1 9 1 2 4 8 16 32 64 128 256
1026 139  580 0  15 1 9 1 2 4 8 16 32 64 128 256
1027 645  784 0   2 1 9 1 2 4 8 16 32 64 128 256
1028 917  954 0  68 1 9 1 2 4 8 16 32 64 128 256
1029 102  623 0  18 1 9 1 2 4 8 16 32 64 128 256
1030 299  502 0   1 1 9 1 2 4 8 16 32 64 128 256
1031 323  282 0  16 1 9 1 2 4 8 16 32 64 128 256
1032 402  135 0  31 1 9 1 2 4 8 16 32 64 128 256
1033  41  425 0  84 1 9 1 2 4 8 16 32 64 128 256
1034 755  593 0  32 1 9 1 2 4 8 16 32 64 128 256
1035 455  484 0  32 1 9 1 2 4 8 16 32 64 128 256
1036 255  407 0  16 1 9 1 2 4 8 16 32 64 128 256
1037 634  651 0  63 1 9 1 2 4 8 16 32 64 128 256
1038 878  634 0  11 1 9 1 2 4 8 16 32 64 128 256
1039 314  786 0  85 1 9 1 2 4 8 16 32 64 128 256
1040 471  918 0  49 1 9 1 2 4 8 16 32 64 128 256
1041 494   78 0  37 1 9 1 2 4 8 16 32 64 128 256
1042 584  733 0  96 1 9 1 2 4 8 16 32 64 128 256
1043 933  258 0  12 1 9 1 2 4 8 16 32 64 128 256
1044 546  699 0  93 1 9 1 2 4 8 16 32 64 128 256
1045 654  830 0  97 1 9 1 2 4 8 16 32 64 128 256
1046 258    3 0  78 1 9 1 2 4 8 16 32 64 128 256
1047 146  231 0  53 1 9 1 2 4 8 16 32 64 128 256
1048 938   30 0  32 1 9 1 2 4 8 16 32 64 128 256
1049 557  232 0  44 1 9 1 2 4 8 16 32 64 128 256
1050 160  907 0  63 1 9 1 2 4 8 16 32 64 128 256
1051 189  765 0  39 1 9 1 2 4 8 16 32 64 128 256
1052 795  662 0  87 1 9 1 2 4 8 16 32 64 128 256
1053 819  598 0  60 1 9 1 2 4 8 16 32 64 128 256
1054 596  883 0   9 1 9 1 2 4 8 16 32 64 128 256
1055 575  867 0  15 1 9 1 2 4 8 16 32 64 128 256
1056 153  831 0  61 1 9 1 2 4 8 16 32 64 128 256
1057 579  267 0  29 1 9 1 2 4 8 16 32 64 128 256
1058 618  891 0  27 1 9 1 2 4 8 16 32 64 128 256
1059 291  425 0  54 1 9 1 2 4 8 16 32 64 128 256
1060 518  259 0  24 1 9 1 2 4 8 16 32 64 128 256
1061 627  994 0  18 1 9 1 2 4 8 16 32 64 128 256
1062 459  537 0  92 1 9 1 2 4 8 16 32 64 128 256
1063 915  170 0  17 1 9 1 2 4 8 16 32 64 128 256
1064 531  760 0  84 1 9 1 2 4 8 16 32 64 128 256
1065 619  232 0  77 1 9 1 2 4 8 16 32 64 128 256
1066 547  637 0  75 1 9 1 2 4 8 16 32 64 128 256
1067 192  892 0  45 1 9 1 2 4 8 16 32 64 128 256
1068  82  489 0   4 1 9 1 2 4 8 16 32 64 128 256
1069 277  100 0  40 1 9 1 2 4 8 16 32 64 128 256
1070 424  740 0  73 1 9 1 2 4 8 16 32 64 128 256
1071 186  635 0  85 1 9 1 2 4 8 16 32 64 128 256
1072 711  762 0  42 1 9 1 2 4 8 16 32 64 128 256
1073 215  719 0  76 1 9 1 2 4 8 16 32 64 128 256
1074 279  766 0  33 1 9 1 2 4 8 16 32 64 128 256
1075 168  677 0  48 1 9 1 2 4 8 16 32 64 128 256
1076 816  604 0  22 1 9 1 2 4 8 16 32 64 128 256
1077 896  225 0  15 1 9 1 2 4 8 16 32 64 128 256
1078 616  820 0  98 1 9 1 2 4 8 16 32 64 128 256
1079 252  422 0  14 1 9 1 2 4 8 16 32 64 128 256
1080 728  476 0  35 1 9 1 2 4 8 16 32 64 128 256
1081 918   17 0  12 1 9 1 2 4 8 16 32 64 128 256
1082 856  309 0  32 1 9 1 2 4 8 16 32 64 128 256
1083  21  426 0  91 1 9 1 2 4 8 16 32 64 128 256
1084 828  755 0  16 1 9 1 2 4 8 16 32 64 128 256
1085 961  970 0  52 1 9 1 2 4 8 16 32 64 128 256
1086 568  940 0  99 1 9 1 2 4 8 16 32 64 128 256
1087 275  632 0  20 1 9 1 2 4 8 16 32 64 128 256
1088 329  764 0  10 1 9 1 2 4 8 16 32 64 128 256
1089 616  760 0  96 1 9 1 2 4 8 16 32 64 128 256
1090 840  264 0  22 1 9 1 2 4 8 16 32 64 128 256
1091 251  652 0  51 1 9 1 2 4 8 16 32 64 128 256
1092 912    9 0   3 1 9 1 2 4 8 16 32 64 128 256
1093 414  194 0  63 1 9 1 2 4 8 16 32 64 128 256
1094 217   26 0  18 1 9 1 2 4 8 16 32 64 128 256
1095 854  392 0   7 1 9 1 2 4 8 16 32 64 128 256
1096 357  740 0  93 1 9 1 2 4 8 16 32 64 128 256
1097 778  619 0  66 1 9 1 2 4 8 16 32 64 128 256
1098 193  598 0  92 1 9 1 2 4 8 16 32 64 128 256
1099 101    0 0  29 1 9 1 2 4 8 16 32 64 128 256
1100 260  113 0  76 1 9 1 2 4 8 16 32 64 128 256
1101 150  878 0   6 1 9 1 2 4 8 16 32 64 128 256
1102 717  429 0  94 1 9 1 2 4 8 16 32 64 128 256
1103 609  984 0  35 1 9 1 2 4 8 16 32 64 128 256
1104 156  550 0  32 1 9 1 2 4 8 16 32 64 128 256
1105 307  433 0  73 1 9 1 2 4 8 16 32 64 128 256
1106 352  558 0  26 1 9 1 2 4 8 16 32 64 128 256
1107 767  547 0  31 1 9 1 2 4 8 16 32 64 128 256
1108 953  770 0  24 1 9 1 2 4 8 16 32 64 128 256
1109 507  134 0  86 1 9 1 2 4 8 16 32 64 128 256
1110 747  672 0  41 1 9 1 2 4 8 16 32 64 128 256
1111 743  838 0  46 1 9 1 2 4 8 16 32 64 128 256
1112 999  815 0  86 1 9 1 2 4 8 16 32 64 128 256
1113 808  382 0  27 1 9 1 2 4 8 16 32 64 128 256
1114 126  196 0  15 1 9 1 2 4 8 16 32 64 128 256
1115  35  747 0  83 1 9 1 2 4 8 16 32 64 128 256
1116  45  486 0   2 1 9 1 2 4 8 16 32 64 128 256
1117 390  898 0   4 1 9 1 2 4 8 16 32 64 128 256
1118 645  457 0  94 1 9 1 2 4 8 16 32 64 128 256
1119 582  919 0  25 1 9 1 2 4 8 16 32 64 128 256
1120 891  130 0  67 1 9 1 2 4 8 16 32 64 128 256
1121 798  759 0  16 1 9 1 2 4 8 16 32 64 128 256
1122 252  797 0  17 1 9 1 2 4 8 16 32 64 128 256
1123 446  325 0  94 1 9 1 2 4 8 16 32 64 128 256
1124 240   92 0  85 1 9 1 2 4 8 16 32 64 128 256
1125 168  878 0  29 1 9 1 2 4 8 16 32 64 128 256
1126 152   60 0  19 1 9 1 2 4 8 16 32 64 128 256
1127 850  702 0  84 1 9 1 2 4 8 16 32 64 128 256
1128 651  472 0  51 1 9 1 2 4 8 16 32 64 128 256
1129 686  886 0  93 1 9 1 2 4 8 16 32 64 128 256
1130 962  183 0  34 1 9 1 2 4 8 16 32 64 128 256
1131 236  286 0  48 1 9 1 2 4 8 16 32 64 128 256
1132 372  846 0  20 1 9 1 2 4 8 16 32 64 128 256
1133 608  891 0  17 1 9 1 2 4 8 16 32 64 128 256
1134 448  799 0  46 1 9 1 2 4 8 16 32 64 128 256
1135 830  798 0  13 1 9 1 2 4 8 16 32 64 128 256
1136 866  340 0  76 1 9 1 2 4 8 16 32 64 128 256
1137 287  239 0   4 1 9 1 2 4 8 16 32 64 128 256
1138  46  526 0  94 1 9 1 2 4 8 16 32 64 128 256
1139 251  310 0  15 1 9 1 2 4 8 16 32 64 128 256
1140 799  218 0  22 1 9 1 2 4 8 16 32 64 128 256
1141 772  944 0  11 1 9 1 2 4 8 16 32 64 128 256
1142 868  414 0  38 1 9 1 2 4 8 16 32 64 128 256
1143 439  441 0 100 1 9 1 2 4 8 16 32 64 128 256
1144 304   89 0  72 1 9 1 2 4 8 16 32 64 128 256
1145 132  311 0  86 1 9 1 2 4 8 16 32 64 128 256
1146 338  893 0  11 1 9 1 2 4 8 16 32 64 128 256
1147 394  215 0  28 1 9 1 2 4 8 16 32 64 128 256
1148 485  203 0  52 1 9 1 2 4 8 16 32 64 128 256
1149 513  550 0  86 1 9 1 2 4 8 16 32 64 128 256
1150 695  789 0  89 1 9 1 2 4 8 16 32 64 128 256
1151 394  491 0  68 1 9 1 2 4 8 16 32 64 128 256
1152 994   30 0  54 1 9 1 2 4 8 16 32 64 128 256
1153 397  989 0  38 1 9 1 2 4 8 16 32 64 128 256
1154 835  467 0  91 1 9 1 2 4 8 16 32 64 128 256
1155 217  224 0   6 1 9 1 2 4 8 16 32 64 128 256
1156 314  280 0  48 1 9 1 2 4 8 16 32 64 128 256
1157 807  479 0  81 1 9 1 2 4 8 16 32 64 128 256
1158 924  373 0  40 1 9 1 2 4 8 16 32 64 128 256
1159 545  690 0  25 1 9 1 2 4 8 16 32 64 128 256
1160 666  314 0  80 1 9 1 2 4 8 16 32 64 128 256
1161 644  425 0   4 1 9 1 2 4 8 16 32 64 128 256
1162 103   93 0  12 1 9 1 2 4 8 16 32 64 128 256
1163 128  359 0  84 1 9 1 2 4 8 16 32 64 128 256
1164 524  461 0  78 1 9 1 2 4 8 16 32 64 128 256
1165 346  354 0  83 1 9 1 2 4 8 16 32 64 128 256
1166 310  203 0  50 1 9 1 2 4 8 16 32 64 128 256
1167 943  411 0  54 1 9 1 2 4 8 16 32 64 128 256
1168 248  869 0  63 1 9 1 2 4 8 16 32 64 128 256
1169 384   32 0  97 1 9 1 2 4 8 16 32 64 128 256
1170 737  504 0  24 1 9 1 2 4 8 16 32 64 128 256
1171 521   27 0  51 1 9 1 2 4 8 16 32 64 128 256
1172 207  411 0  84 1 9 1 2 4 8 16 32 64 128 256
1173 870  246 0  87 1 9 1 2 4 8 16 32 64 128 256
1174 494  885 0  84 1 9 1 2 4 8 16 32 64 128 256
1175 939  779 0  55 1 9 1 2 4 8 16 32 64 128 256
1176 952  498 0  24 1 9 1 2 4 8 16 32 64 128 256
1177 634  186 0  23 1 9 1 2 4 8 16 32 64 128 256
1178 317  724 0   7 1 9 1 2 4 8 16 32 64 128 256
1179 459  479 0  98 1 9 1 2 4 8 16 32 64 128 256
1180 227  877 0  41 1 9 1 2 4 8 16 32 64 128 256
1181 895  817 0  20 1 9 1 2 4 8 16 32 64 128 256
1182 276  802 0  57 1 9 1 2 4 8 16 32 64 128 256
1183  82  169 0  67 1 9 1 2 4 8 16 32 64 128 256
1184 454  698 0  40 1 9 1 2 4 8 16 32 64 128 256
1185 299  297 0  87 1 9 1 2 4 8 16 32 64 128 256
1186 413  623 0  54 1 9 1 2 4 8 16 32 64 128 256
1187 164  511 0  45 1 9 1 2 4 8 16 32 64 128 256
1188 721  845 0  19 1 9 1 2 4 8 16 32 64 128 256
1189 984  227 0  91 1 9 1 2 4 8 16 32 64 128 256
1190 124  714 0   3 1 9 1 2 4 8 16 32 64 128 256
1191 577  369 0  88 1 9 1 2 4 8 16 32 64 128 256
1192 659  702 0  28 1 9 1 2 4 8 16 32 64 128 256
1193 240  917 0  34 1 9 1 2 4 8 16 32 64 128 256
1194 196  344 0  40 1 9 1 2 4 8 16 32 64 128 256
1195 715   31 0  67 1 9 1 2 4 8 16 32 64 128 256
1196 596  204 0  96 1 9 1 2 4 8 16 32 64 128 256
1197 557  803 0  68 1 9 1 2 4 8 16 32 64 128 256
1198 691  117 0  56 1 9 1 2 4 8 16 32 64 128 256
1199 409  452 0   4 1 9 1 2 4 8 16 32 64 128 256
1200 601   62 0  24 1 9 1 2 4 8 16 32 64 128 256
1201 708   63 0  92 1 9 1 2 4 8 16 32 64 128 256
1202 415  924 0   4 1 9 1 2 4 8 16 32 64 128 256
1203 107  226 0  61 1 9 1 2 4 8 16 32 64 128 256
1204 161  297 0  82 1 9 1 2 4 8 16 32 64 128 256
1205 804  425 0  25 1 9 1 2 4 8 16 32 64 128 256
1206 921  858 0  61 1 9 1 2 4 8 16 32 64 128 256
1207 636  413 0  95 1 9 1 2 4 8 16 32 64 128 256
1208 432  803 0  73 1 9 1 2 4 8 16 32 64 128 256
1209 591  806 0 100 1 9 1 2 4 8 16 32 64 128 256
1210 927   48 0  90 1 9 1 2 4 8 16 32 64 128 256
1211 792  179 0  53 1 9 1 2 4 8 16 32 64 128 256
1212 315  231 0  15 1 9 1 2 4 8 16 32 64 128 256
1213 962  717 0   3 1 9 1 2 4 8 16 32 64 128 256
1214 986  508 0  27 1 9 1 2 4 8 16 32 64 128 256
1215 398  572 0  66 1 9 1 2 4 8 16 32 64 128 256
1216  68  850 0  16 1 9 1 2 4 8 16 32 64 128 256
1217 397  948 0  86 1 9 1 2 4 8 16 32 64 128 256
1218 103  610 0  84 1 9 1 2 4 8 16 32 64 128 256
1219 193  892 0  17 1 9 1 2 4 8 16 32 64 128 256
1220 947  846 0  53 1 9 1 2 4 8 16 32 64 128 256
1221  91  270 0  58 1 9 1 2 4 8 16 32 64 128 256
1222 379  838 0  51 1 9 1 2 4 8 16 32 64 128 256
1223 141  641 0  53 1 9 1 2 4 8 16 32 64 128 256
1224 628  690 0  70 1 9 1 2 4 8 16 32 64 128 256
1225  47  111 0  93 1 9 1 2 4 8 16 32 64 128 256
1226  55  465 0  89 1 9 1 2 4 8 16 32 64 128 256
1227 961  178 0  47 1 9 1 2 4 8 16 32 64 128 256
1228 166  177 0  96 1 9 1 2 4 8 16 32 64 128 256
1229 587  117 0  62 1 9 1 2 4 8 16 32 64 128 256
1230 142   35 0  47 1 9 1 2 4 8 16 32 64 128 256
1231 411  148 0  71 1 9 1 2 4 8 16 32 64 128 256
1232 784  982 0  67 1 9 1 2 4 8 16 32 64 128 256
1233 946  878 0  29 1 9 1 2 4 8 16 32 64 128 256
1234 268  438 0  83 1 9 1 2 4 8 16 32 64 128 256
1235 341   29 0  67 1 9 1 2 4 8 16 32 64 128 256
1236 765  180 0  45 1 9 1 2 4 8 16 32 64 128 256
1237 657  355 0  85 1 9 1 2 4 8 16 32 64 128 256
1238 968  938 0  57 1 9 1 2 4 8 16 32 64 128 256
1239 452  196 0  59 1 9 1 2 4 8 16 32 64 128 256
1240 573   82 0  51 1 9 1 2 4 8 16 32 64 128 256
1241 112  167 0  31 1 9 1 2 4 8 16 32 64 128 256
1242 131  597 0  92 1 9 1 2 4 8 16 32 64 128 256
1243 330  780 0  18 1 9 1 2 4 8 16 32 64 128 256
1244 726  598 0  67 1 9 1 2 4 8 16 32 64 128 256
1245 438  228 0  90 1 9 1 2 4 8 16 32 64 128 256
1246 296  784 0  25 1 9 1 2 4 8 16 32 64 128 256
1247 358  108 0  70 1 9 1 2 4 8 16 32 64 128 256
1248 252  824 0  52 1 9 1 2 4 8 16 32 64 128 256
1249  92  532 0   7 1 9 1 2 4 8 16 32 64 128 256
1250 428  379 0  18 1 9 1 2 4 8 16 32 64 128 256
1251 544  736 0  78 1 9 1 2 4 8 16 32 64 128 256
1252 675  835 0   5 1 9 1 2 4 8 16 32 64 128 256
1253  66  718 0   3 1 9 1 2 4 8 16 32 64 128 256
1254 581  907 0   3 1 9 1 2 4 8 16 32 64 128 256
1255 732  259 0  56 1 9 1 2 4 8 16 32 64 128 256
1256 803  817 0  64 1 9 1 2 4 8 16 32 64 128 256
1257 610  405 0  54 1 9 1 2 4 8 16 32 64 128 256
1258 979   88 0  33 1 9 1 2 4 8 16 32 64 128 256
1259   2  686 0  95 1 9 1 2 4 8 16 32 64 128 256
1260 577  705 0   1 1 9 1 2 4 8 16 32 64 128 256
1261 618  669 0  77 1 9 1 2 4 8 16 32 64 128 256
1262 345  484 0  30 1 9 1 2 4 8 16 32 64 128 256
1263 534  480 0  78 1 9 1 2 4 8 16 32 64 128 256
1264 500  368 0  36 1 9 1 2 4 8 16 32 64 128 256
1265 543  638 0  25 1 9 1 2 4 8 16 32 64 128 256
1266 439  417 0  14 1 9 1 2 4 8 16 32 64 128 256
1267 245  361 0  61 1 9 1 2 4 8 16 32 64 128 256
1268 827  747 0  67 1 9 1 2 4 8 16 32 64 128 256
1269 737   32 0  44 1 9 1 2 4 8 16 32 64 128 256
1270 435  112 0  64 1 9 1 2 4 8 16 32 64 128 256
1271 672  297 0  90 1 9 1 2 4 8 16 32 64 128 256
1272 293  591 0  35 1 9 1 2 4 8 16 32 64 128 256
1273 392  956 0  81 1 9 1 2 4 8 16 32 64 128 256
1274 871  365 0  98 1 9 1 2 4 8 16 32 64 128 256
1275 244  756 0  39 1 9 1 2 4 8 16 32 64 128 256
1276 768    7 0  97 1 9 1 2 4 8 16 32 64 128 256
1277 684  664 0  56 1 9 1 2 4 8 16 32 64 128 256
1278 772  329 0  11 1 9 1 2 4 8 16 32 64 128 256
1279 391  257 0  71 1 9 1 2 4 8 16 32 64 128 256
1280 732  431 0  55 1 9 1 2 4 8 16 32 64 128 256
1281 701  670 0  29 1 9 1 2 4 8 16 32 64 128 256
1282 909  768 0  23 1 9 1 2 4 8 16 32 64 128 256
1283  71  999 0   0 0 0
1284 241  182 0   0 0 0
1285 436  577 0   0 0 0
1286 589  550 0   0 0 0
1287 292  426 0   0 0 0
1288 791   15 0   0 0 0
1289  47  257 0   0 0 0
1290 915  135 0   0 0 0
1291 720  178 0   0 0 0
