2 146 1316 9
0 256
0 256
0 256
0 256
0 256
0 256
0 256
0 256
0 256
   1  338  530 0  30 1 9 1 2 4 8 16 32 64 128 256
   2  365  975 0   7 1 9 1 2 4 8 16 32 64 128 256
   3  353  816 0  31 1 9 1 2 4 8 16 32 64 128 256
   4  162  131 0  61 1 9 1 2 4 8 16 32 64 128 256
   5  313  301 0  19 1 9 1 2 4 8 16 32 64 128 256
   6   96   31 0  43 1 9 1 2 4 8 16 32 64 128 256
   7  945  103 0  29 1 9 1 2 4 8 16 32 64 128 256
   8  979  569 0  26 1 9 1 2 4 8 16 32 64 128 256
   9  173  870 0  78 1 9 1 2 4 8 16 32 64 128 256
  10  292  880 0  74 1 9 1 2 4 8 16 32 64 128 256
  11  237  139 0  56 1 9 1 2 4 8 16 32 64 128 256
  12  954  236 0  54 1 9 1 2 4 8 16 32 64 128 256
  13  702  585 0  25 1 9 1 2 4 8 16 32 64 128 256
  14  601  352 0  79 1 9 1 2 4 8 16 32 64 128 256
  15  473  167 0  42 1 9 1 2 4 8 16 32 64 128 256
  16  545  857 0  59 1 9 1 2 4 8 16 32 64 128 256
  17  282  945 0  59 1 9 1 2 4 8 16 32 64 128 256
  18  495  459 0  42 1 9 1 2 4 8 16 32 64 128 256
  19  151  361 0  58 1 9 1 2 4 8 16 32 64 128 256
  20   50  749 0  92 1 9 1 2 4 8 16 32 64 128 256
  21  222  962 0  82 1 9 1 2 4 8 16 32 64 128 256
  22   15  292 0  10 1 9 1 2 4 8 16 32 64 128 256
  23   10  816 0  56 1 9 1 2 4 8 16 32 64 128 256
  24  260  210 0  40 1 9 1 2 4 8 16 32 64 128 256
  25   25   80 0  93 1 9 1 2 4 8 16 32 64 128 256
  26  374  519 0  91 1 9 1 2 4 8 16 32 64 128 256
  27  343   65 0  78 1 9 1 2 4 8 16 32 64 128 256
  28  758  860 0  12 1 9 1 2 4 8 16 32 64 128 256
  29  651  890 0  66 1 9 1 2 4 8 16 32 64 128 256
  30  279  410 0  62 1 9 1 2 4 8 16 32 64 128 256
  31  329  816 0   2 1 9 1 2 4 8 16 32 64 128 256
  32  202   53 0  44 1 9 1 2 4 8 16 32 64 128 256
  33  865  561 0  74 1 9 1 2 4 8 16 32 64 128 256
  34  175  163 0  37 1 9 1 2 4 8 16 32 64 128 256
  35  779  153 0  91 1 9 1 2 4 8 16 32 64 128 256
  36  366  658 0  68 1 9 1 2 4 8 16 32 64 128 256
  37  899  411 0  82 1 9 1 2 4 8 16 32 64 128 256
  38  106  296 0  23 1 9 1 2 4 8 16 32 64 128 256
  39  519  624 0  32 1 9 1 2 4 8 16 32 64 128 256
  40  752  821 0 100 1 9 1 2 4 8 16 32 64 128 256
  41  879  641 0  60 1 9 1 2 4 8 16 32 64 128 256
  42  534  229 0  66 1 9 1 2 4 8 16 32 64 128 256
  43  890   47 0  50 1 9 1 2 4 8 16 32 64 128 256
  44  889  959 0  45 1 9 1 2 4 8 16 32 64 128 256
  45  193  235 0   5 1 9 1 2 4 8 16 32 64 128 256
  46  354  999 0  87 1 9 1 2 4 8 16 32 64 128 256
  47   29  477 0  54 1 9 1 2 4 8 16 32 64 128 256
  48  236  395 0  86 1 9 1 2 4 8 16 32 64 128 256
  49  579   69 0  58 1 9 1 2 4 8 16 32 64 128 256
  50  859  610 0  84 1 9 1 2 4 8 16 32 64 128 256
  51  596  918 0  80 1 9 1 2 4 8 16 32 64 128 256
  52  105    0 0  78 1 9 1 2 4 8 16 32 64 128 256
  53  711  857 0  76 1 9 1 2 4 8 16 32 64 128 256
  54  963  152 0  26 1 9 1 2 4 8 16 32 64 128 256
  55  375   98 0  38 1 9 1 2 4 8 16 32 64 128 256
  56  563  233 0  41 1 9 1 2 4 8 16 32 64 128 256
  57  208  231 0  22 1 9 1 2 4 8 16 32 64 128 256
  58  950  895 0  85 1 9 1 2 4 8 16 32 64 128 256
  59  977  162 0  31 1 9 1 2 4 8 16 32 64 128 256
  60  696  447 0  36 1 9 1 2 4 8 16 32 64 128 256
  61   31  993 0   1 1 9 1 2 4 8 16 32 64 128 256
  62  654   44 0  74 1 9 1 2 4 8 16 32 64 128 256
  63  351  258 0  48 1 9 1 2 4 8 16 32 64 128 256
  64  361  882 0  51 1 9 1 2 4 8 16 32 64 128 256
  65  225  976 0  24 1 9 1 2 4 8 16 32 64 128 256
  66  848  510 0   1 1 9 1 2 4 8 16 32 64 128 256
  67  409  339 0  12 1 9 1 2 4 8 16 32 64 128 256
  68  868  655 0  17 1 9 1 2 4 8 16 32 64 128 256
  69   67  719 0  20 1 9 1 2 4 8 16 32 64 128 256
  70  603  866 0  33 1 9 1 2 4 8 16 32 64 128 256
  71  382  716 0  31 1 9 1 2 4 8 16 32 64 128 256
  72  261   81 0  60 1 9 1 2 4 8 16 32 64 128 256
  73  317  256 0  25 1 9 1 2 4 8 16 32 64 128 256
  74   96  857 0  48 1 9 1 2 4 8 16 32 64 128 256
  75  164  888 0  72 1 9 1 2 4 8 16 32 64 128 256
  76  127  961 0  88 1 9 1 2 4 8 16 32 64 128 256
  77  976  165 0  88 1 9 1 2 4 8 16 32 64 128 256
  78  203  149 0  11 1 9 1 2 4 8 16 32 64 128 256
  79   84  677 0  33 1 9 1 2 4 8 16 32 64 128 256
  80  160  997 0  59 1 9 1 2 4 8 16 32 64 128 256
  81  152  484 0  22 1 9 1 2 4 8 16 32 64 128 256
  82  526  638 0  10 1 9 1 2 4 8 16 32 64 128 256
  83  369  964 0  80 1 9 1 2 4 8 16 32 64 128 256
  84  982  323 0  16 1 9 1 2 4 8 16 32 64 128 256
  85  792  568 0  27 1 9 1 2 4 8 16 32 64 128 256
  86  645  436 0  53 1 9 1 2 4 8 16 32 64 128 256
  87  719  793 0  80 1 9 1 2 4 8 16 32 64 128 256
  88   50  395 0  89 1 9 1 2 4 8 16 32 64 128 256
  89  758  325 0  21 1 9 1 2 4 8 16 32 64 128 256
  90  373  641 0  73 1 9 1 2 4 8 16 32 64 128 256
  91  349  196 0  86 1 9 1 2 4 8 16 32 64 128 256
  92  468   14 0  85 1 9 1 2 4 8 16 32 64 128 256
  93   78  458 0   1 1 9 1 2 4 8 16 32 64 128 256
  94   27  667 0  11 1 9 1 2 4 8 16 32 64 128 256
  95  152  901 0  57 1 9 1 2 4 8 16 32 64 128 256
  96   81  902 0  32 1 9 1 2 4 8 16 32 64 128 256
  97  525  298 0  84 1 9 1 2 4 8 16 32 64 128 256
  98  989  297 0  67 1 9 1 2 4 8 16 32 64 128 256
  99  257  466 0   2 1 9 1 2 4 8 16 32 64 128 256
 100  110  322 0  64 1 9 1 2 4 8 16 32 64 128 256
 101  835  734 0  93 1 9 1 2 4 8 16 32 64 128 256
 102  918  434 0   6 1 9 1 2 4 8 16 32 64 128 256
 103  248  339 0  53 1 9 1 2 4 8 16 32 64 128 256
 104  484  633 0  97 1 9 1 2 4 8 16 32 64 128 256
 105  241  143 0  52 1 9 1 2 4 8 16 32 64 128 256
 106  944  190 0  35 1 9 1 2 4 8 16 32 64 128 256
 107  227  413 0  92 1 9 1 2 4 8 16 32 64 128 256
 108   44  420 0   8 1 9 1 2 4 8 16 32 64 128 256
 109  998  227 0  75 1 9 1 2 4 8 16 32 64 128 256
 110  448  380 0  27 1 9 1 2 4 8 16 32 64 128 256
 111   67  372 0  58 1 9 1 2 4 8 16 32 64 128 256
 112  881  854 0  50 1 9 1 2 4 8 16 32 64 128 256
 113  761  643 0  63 1 9 1 2 4 8 16 32 64 128 256
 114  568  263 0  87 1 9 1 2 4 8 16 32 64 128 256
 115  155  543 0  38 1 9 1 2 4 8 16 32 64 128 256
 116  470  359 0  23 1 9 1 2 4 8 16 32 64 128 256
 117  773  321 0  89 1 9 1 2 4 8 16 32 64 128 256
 118  588  488 0  90 1 9 1 2 4 8 16 32 64 128 256
 119    7  139 0  83 1 9 1 2 4 8 16 32 64 128 256
 120  336  671 0  84 1 9 1 2 4 8 16 32 64 128 256
 121  409  456 0  54 1 9 1 2 4 8 16 32 64 128 256
 122  502  312 0  89 1 9 1 2 4 8 16 32 64 128 256
 123  777  833 0  47 1 9 1 2 4 8 16 32 64 128 256
 124  356  741 0  81 1 9 1 2 4 8 16 32 64 128 256
 125  703  998 0  29 1 9 1 2 4 8 16 32 64 128 256
 126   66  830 0  94 1 9 1 2 4 8 16 32 64 128 256
 127  117  819 0  22 1 9 1 2 4 8 16 32 64 128 256
 128  811  796 0  45 1 9 1 2 4 8 16 32 64 128 256
 129  837  629 0  54 1 9 1 2 4 8 16 32 64 128 256
 130  288  308 0  87 1 9 1 2 4 8 16 32 64 128 256
 131  799  518 0  20 1 9 1 2 4 8 16 32 64 128 256
 132  844  648 0  23 1 9 1 2 4 8 16 32 64 128 256
 133  696  858 0  39 1 9 1 2 4 8 16 32 64 128 256
 134  480  708 0  59 1 9 1 2 4 8 16 32 64 128 256
 135   76  856 0  50 1 9 1 2 4 8 16 32 64 128 256
 136  498  754 0  53 1 9 1 2 4 8 16 32 64 128 256
 137    2  774 0  83 1 9 1 2 4 8 16 32 64 128 256
 138  212  566 0   7 1 9 1 2 4 8 16 32 64 128 256
 139  358  296 0  76 1 9 1 2 4 8 16 32 64 128 256
 140   59  551 0  34 1 9 1 2 4 8 16 32 64 128 256
 141  505  444 0  77 1 9 1 2 4 8 16 32 64 128 256
 142  356  142 0  84 1 9 1 2 4 8 16 32 64 128 256
 143  797  298 0  11 1 9 1 2 4 8 16 32 64 128 256
 144  932   22 0  11 1 9 1 2 4 8 16 32 64 128 256
 145  932  779 0  36 1 9 1 2 4 8 16 32 64 128 256
 146  981  128 0  17 1 9 1 2 4 8 16 32 64 128 256
 147  345  271 0   9 1 9 1 2 4 8 16 32 64 128 256
 148  402  239 0  77 1 9 1 2 4 8 16 32 64 128 256
 149  827  561 0  65 1 9 1 2 4 8 16 32 64 128 256
 150  649  935 0  45 1 9 1 2 4 8 16 32 64 128 256
 151   53  311 0  42 1 9 1 2 4 8 16 32 64 128 256
 152   10  706 0  17 1 9 1 2 4 8 16 32 64 128 256
 153  860  615 0  72 1 9 1 2 4 8 16 32 64 128 256
 154  772   84 0  10 1 9 1 2 4 8 16 32 64 128 256
 155   27  705 0  54 1 9 1 2 4 8 16 32 64 128 256
 156  409  366 0  43 1 9 1 2 4 8 16 32 64 128 256
 157  506  191 0  43 1 9 1 2 4 8 16 32 64 128 256
 158  916  202 0  24 1 9 1 2 4 8 16 32 64 128 256
 159  356  501 0  80 1 9 1 2 4 8 16 32 64 128 256
 160  968  342 0  43 1 9 1 2 4 8 16 32 64 128 256
 161   68  365 0  46 1 9 1 2 4 8 16 32 64 128 256
 162  361  692 0  20 1 9 1 2 4 8 16 32 64 128 256
 163  201  110 0  49 1 9 1 2 4 8 16 32 64 128 256
 164  449  353 0  71 1 9 1 2 4 8 16 32 64 128 256
 165  292  233 0  67 1 9 1 2 4 8 16 32 64 128 256
 166  482  219 0  29 1 9 1 2 4 8 16 32 64 128 256
 167    9  868 0  98 1 9 1 2 4 8 16 32 64 128 256
 168  980   64 0  31 1 9 1 2 4 8 16 32 64 128 256
 169  647  541 0  26 1 9 1 2 4 8 16 32 64 128 256
 170  105  737 0  27 1 9 1 2 4 8 16 32 64 128 256
 171  671  752 0 100 1 9 1 2 4 8 16 32 64 128 256
 172   62  459 0  55 1 9 1 2 4 8 16 32 64 128 256
 173  454  610 0  22 1 9 1 2 4 8 16 32 64 128 256
 174  225  398 0  22 1 9 1 2 4 8 16 32 64 128 256
 175  738  255 0  67 1 9 1 2 4 8 16 32 64 128 256
 176   53  181 0  75 1 9 1 2 4 8 16 32 64 128 256
 177  240  821 0  64 1 9 1 2 4 8 16 32 64 128 256
 178  559  610 0  95 1 9 1 2 4 8 16 32 64 128 256
 179  655  144 0  78 1 9 1 2 4 8 16 32 64 128 256
 180  182  981 0  84 1 9 1 2 4 8 16 32 64 128 256
 181  957  903 0  56 1 9 1 2 4 8 16 32 64 128 256
 182  711  111 0  66 1 9 1 2 4 8 16 32 64 128 256
 183  999  322 0  87 1 9 1 2 4 8 16 32 64 128 256
 184  747  167 0  52 1 9 1 2 4 8 16 32 64 128 256
 185  514  448 0  63 1 9 1 2 4 8 16 32 64 128 256
 186  555  475 0  56 1 9 1 2 4 8 16 32 64 128 256
 187  781  352 0  46 1 9 1 2 4 8 16 32 64 128 256
 188  647  596 0  39 1 9 1 2 4 8 16 32 64 128 256
 189  803  501 0  56 1 9 1 2 4 8 16 32 64 128 256
 190  175  578 0  28 1 9 1 2 4 8 16 32 64 128 256
 191  507  689 0  38 1 9 1 2 4 8 16 32 64 128 256
 192  712  920 0  79 1 9 1 2 4 8 16 32 64 128 256
 193  739  440 0  79 1 9 1 2 4 8 16 32 64 128 256
 194   56  101 0  21 1 9 1 2 4 8 16 32 64 128 256
 195   50  107 0  92 1 9 1 2 4 8 16 32 64 128 256
 196  934  741 0  14 1 9 1 2 4 8 16 32 64 128 256
 197  534  533 0  85 1 9 1 2 4 8 16 32 64 128 256
 198  517  923 0  83 1 9 1 2 4 8 16 32 64 128 256
 199  697  112 0  15 1 9 1 2 4 8 16 32 64 128 256
 200   12   64 0  50 1 9 1 2 4 8 16 32 64 128 256
 201  152  243 0  53 1 9 1 2 4 8 16 32 64 128 256
 202  484  431 0  16 1 9 1 2 4 8 16 32 64 128 256
 203  115  983 0  79 1 9 1 2 4 8 16 32 64 128 256
 204  228  909 0  83 1 9 1 2 4 8 16 32 64 128 256
 205    7  313 0  95 1 9 1 2 4 8 16 32 64 128 256
 206  355   20 0  33 1 9 1 2 4 8 16 32 64 128 256
 207  310  552 0   7 1 9 1 2 4 8 16 32 64 128 256
 208  197  292 0  28 1 9 1 2 4 8 16 32 64 128 256
 209  556  939 0  44 1 9 1 2 4 8 16 32 64 128 256
 210   19  779 0  41 1 9 1 2 4 8 16 32 64 128 256
 211  809  582 0  23 1 9 1 2 4 8 16 32 64 128 256
 212  816  682 0  69 1 9 1 2 4 8 16 32 64 128 256
 213   57  146 0  12 1 9 1 2 4 8 16 32 64 128 256
 214  580  637 0  36 1 9 1 2 4 8 16 32 64 128 256
 215  312  652 0  64 1 9 1 2 4 8 16 32 64 128 256
 216  816  193 0  33 1 9 1 2 4 8 16 32 64 128 256
 217  385  164 0  33 1 9 1 2 4 8 16 32 64 128 256
 218  311  399 0  34 1 9 1 2 4 8 16 32 64 128 256
 219  842  146 0  84 1 9 1 2 4 8 16 32 64 128 256
 220  257   90 0  84 1 9 1 2 4 8 16 32 64 128 256
 221  889  270 0  65 1 9 1 2 4 8 16 32 64 128 256
 222   82  136 0   2 1 9 1 2 4 8 16 32 64 128 256
 223  720  259 0 100 1 9 1 2 4 8 16 32 64 128 256
 224  914  858 0  95 1 9 1 2 4 8 16 32 64 128 256
 225  357  392 0  38 1 9 1 2 4 8 16 32 64 128 256
 226  792  761 0  43 1 9 1 2 4 8 16 32 64 128 256
 227  827  715 0  60 1 9 1 2 4 8 16 32 64 128 256
 228  178  272 0  31 1 9 1 2 4 8 16 32 64 128 256
 229  759  681 0  86 1 9 1 2 4 8 16 32 64 128 256
 230  618  849 0  78 1 9 1 2 4 8 16 32 64 128 256
 231  968  221 0  83 1 9 1 2 4 8 16 32 64 128 256
 232  695  143 0  27 1 9 1 2 4 8 16 32 64 128 256
 233  763  311 0  63 1 9 1 2 4 8 16 32 64 128 256
 234  372  516 0  92 1 9 1 2 4 8 16 32 64 128 256
 235  556  174 0  88 1 9 1 2 4 8 16 32 64 128 256
 236  214  472 0  70 1 9 1 2 4 8 16 32 64 128 256
 237  201  280 0   7 1 9 1 2 4 8 16 32 64 128 256
 238  816   58 0  61 1 9 1 2 4 8 16 32 64 128 256
 239  343   85 0   1 1 9 1 2 4 8 16 32 64 128 256
 240  288  560 0  58 1 9 1 2 4 8 16 32 64 128 256
 241  404  399 0  56 1 9 1 2 4 8 16 32 64 128 256
 242  523  244 0  51 1 9 1 2 4 8 16 32 64 128 256
 243  975  136 0  97 1 9 1 2 4 8 16 32 64 128 256
 244  990  879 0  51 1 9 1 2 4 8 16 32 64 128 256
 245  429  248 0   2 1 9 1 2 4 8 16 32 64 128 256
 246  993  862 0  42 1 9 1 2 4 8 16 32 64 128 256
 247  947  274 0  46 1 9 1 2 4 8 16 32 64 128 256
 248  710   52 0  96 1 9 1 2 4 8 16 32 64 128 256
 249  798   78 0  42 1 9 1 2 4 8 16 32 64 128 256
 250  591  417 0  31 1 9 1 2 4 8 16 32 64 128 256
 251  220  200 0  57 1 9 1 2 4 8 16 32 64 128 256
 252  923  780 0  74 1 9 1 2 4 8 16 32 64 128 256
 253  887  912 0  88 1 9 1 2 4 8 16 32 64 128 256
 254   58    8 0  15 1 9 1 2 4 8 16 32 64 128 256
 255  701  347 0  29 1 9 1 2 4 8 16 32 64 128 256
 256  965  799 0  58 1 9 1 2 4 8 16 32 64 128 256
 257  497  251 0  18 1 9 1 2 4 8 16 32 64 128 256
 258   12  803 0  59 1 9 1 2 4 8 16 32 64 128 256
 259   64   84 0  83 1 9 1 2 4 8 16 32 64 128 256
 260  917  562 0  79 1 9 1 2 4 8 16 32 64 128 256
 261   80  962 0  92 1 9 1 2 4 8 16 32 64 128 256
 262  146  202 0  95 1 9 1 2 4 8 16 32 64 128 256
 263  650  409 0   6 1 9 1 2 4 8 16 32 64 128 256
 264  843  787 0  64 1 9 1 2 4 8 16 32 64 128 256
 265  216  390 0   1 1 9 1 2 4 8 16 32 64 128 256
 266  627  324 0  83 1 9 1 2 4 8 16 32 64 128 256
 267  432  720 0  38 1 9 1 2 4 8 16 32 64 128 256
 268  118  821 0  94 1 9 1 2 4 8 16 32 64 128 256
 269  591  462 0  99 1 9 1 2 4 8 16 32 64 128 256
 270  304   37 0  47 1 9 1 2 4 8 16 32 64 128 256
 271  736  711 0  68 1 9 1 2 4 8 16 32 64 128 256
 272  379  151 0  84 1 9 1 2 4 8 16 32 64 128 256
 273  980  317 0  26 1 9 1 2 4 8 16 32 64 128 256
 274  478  501 0  44 1 9 1 2 4 8 16 32 64 128 256
 275  675  948 0  29 1 9 1 2 4 8 16 32 64 128 256
 276  241  486 0  61 1 9 1 2 4 8 16 32 64 128 256
 277  771  279 0  80 1 9 1 2 4 8 16 32 64 128 256
 278  495  267 0  97 1 9 1 2 4 8 16 32 64 128 256
 279  816  465 0  69 1 9 1 2 4 8 16 32 64 128 256
 280  249  981 0  61 1 9 1 2 4 8 16 32 64 128 256
 281  516  689 0   1 1 9 1 2 4 8 16 32 64 128 256
 282  620  411 0  96 1 9 1 2 4 8 16 32 64 128 256
 283  165  749 0  87 1 9 1 2 4 8 16 32 64 128 256
 284  284   80 0  99 1 9 1 2 4 8 16 32 64 128 256
 285  719   38 0   1 1 9 1 2 4 8 16 32 64 128 256
 286  416  363 0  78 1 9 1 2 4 8 16 32 64 128 256
 287  713   34 0  95 1 9 1 2 4 8 16 32 64 128 256
 288   89  382 0  33 1 9 1 2 4 8 16 32 64 128 256
 289  438  985 0  70 1 9 1 2 4 8 16 32 64 128 256
 290  286  201 0   2 1 9 1 2 4 8 16 32 64 128 256
 291   28  163 0  62 1 9 1 2 4 8 16 32 64 128 256
 292  128  856 0  81 1 9 1 2 4 8 16 32 64 128 256
 293  231  438 0  50 1 9 1 2 4 8 16 32 64 128 256
 294  288  100 0  94 1 9 1 2 4 8 16 32 64 128 256
 295  634   65 0  49 1 9 1 2 4 8 16 32 64 128 256
 296  343  605 0  67 1 9 1 2 4 8 16 32 64 128 256
 297  933  187 0  32 1 9 1 2 4 8 16 32 64 128 256
 298  632  521 0  85 1 9 1 2 4 8 16 32 64 128 256
 299   94  759 0  63 1 9 1 2 4 8 16 32 64 128 256
 300  491   96 0  39 1 9 1 2 4 8 16 32 64 128 256
 301  786  537 0  36 1 9 1 2 4 8 16 32 64 128 256
 302  613  417 0  73 1 9 1 2 4 8 16 32 64 128 256
 303  734  492 0  99 1 9 1 2 4 8 16 32 64 128 256
 304   42  364 0  84 1 9 1 2 4 8 16 32 64 128 256
 305  410  928 0  18 1 9 1 2 4 8 16 32 64 128 256
 306  666  753 0  96 1 9 1 2 4 8 16 32 64 128 256
 307  707  923 0  84 1 9 1 2 4 8 16 32 64 128 256
 308  533  888 0  20 1 9 1 2 4 8 16 32 64 128 256
 309  314  200 0  98 1 9 1 2 4 8 16 32 64 128 256
 310  992   59 0  52 1 9 1 2 4 8 16 32 64 128 256
 311  643  517 0  41 1 9 1 2 4 8 16 32 64 128 256
 312  601  394 0  93 1 9 1 2 4 8 16 32 64 128 256
 313  424  695 0  31 1 9 1 2 4 8 16 32 64 128 256
 314  887  189 0  97 1 9 1 2 4 8 16 32 64 128 256
 315  823  307 0  92 1 9 1 2 4 8 16 32 64 128 256
 316  277  843 0  30 1 9 1 2 4 8 16 32 64 128 256
 317  150  907 0  57 1 9 1 2 4 8 16 32 64 128 256
 318  728  384 0  73 1 9 1 2 4 8 16 32 64 128 256
 319  620  566 0  23 1 9 1 2 4 8 16 32 64 128 256
 320   15  592 0  85 1 9 1 2 4 8 16 32 64 128 256
 321  595  529 0  88 1 9 1 2 4 8 16 32 64 128 256
 322  316   31 0  71 1 9 1 2 4 8 16 32 64 128 256
 323  798  727 0  25 1 9 1 2 4 8 16 32 64 128 256
 324  352  533 0  75 1 9 1 2 4 8 16 32 64 128 256
 325   50  668 0  26 1 9 1 2 4 8 16 32 64 128 256
 326  422  302 0  76 1 9 1 2 4 8 16 32 64 128 256
 327  982  638 0  91 1 9 1 2 4 8 16 32 64 128 256
 328  597  144 0  36 1 9 1 2 4 8 16 32 64 128 256
 329  685  902 0  94 1 9 1 2 4 8 16 32 64 128 256
 330  354  978 0  60 1 9 1 2 4 8 16 32 64 128 256
 331  168  376 0   9 1 9 1 2 4 8 16 32 64 128 256
 332  749  682 0  61 1 9 1 2 4 8 16 32 64 128 256
 333  353  981 0  34 1 9 1 2 4 8 16 32 64 128 256
 334  984  706 0  70 1 9 1 2 4 8 16 32 64 128 256
 335  339  565 0  44 1 9 1 2 4 8 16 32 64 128 256
 336  247  782 0  36 1 9 1 2 4 8 16 32 64 128 256
 337  516  413 0  26 1 9 1 2 4 8 16 32 64 128 256
 338  758  855 0  94 1 9 1 2 4 8 16 32 64 128 256
 339  572  607 0  82 1 9 1 2 4 8 16 32 64 128 256
 340   70  587 0  26 1 9 1 2 4 8 16 32 64 128 256
 341  788  935 0  79 1 9 1 2 4 8 16 32 64 128 256
 342  742  754 0  92 1 9 1 2 4 8 16 32 64 128 256
 343  941  643 0  96 1 9 1 2 4 8 16 32 64 128 256
 344   81  686 0  54 1 9 1 2 4 8 16 32 64 128 256
 345  377   89 0  41 1 9 1 2 4 8 16 32 64 128 256
 346  230  287 0  47 1 9 1 2 4 8 16 32 64 128 256
 347  259    2 0  39 1 9 1 2 4 8 16 32 64 128 256
 348  891  137 0  63 1 9 1 2 4 8 16 32 64 128 256
 349  271  313 0  91 1 9 1 2 4 8 16 32 64 128 256
 350  985  417 0  79 1 9 1 2 4 8 16 32 64 128 256
 351  574  481 0  89 1 9 1 2 4 8 16 32 64 128 256
 352  893  234 0  81 1 9 1 2 4 8 16 32 64 128 256
 353  905  977 0  53 1 9 1 2 4 8 16 32 64 128 256
 354  428  215 0  40 1 9 1 2 4 8 16 32 64 128 256
 355  924  984 0  90 1 9 1 2 4 8 16 32 64 128 256
 356  671  933 0  21 1 9 1 2 4 8 16 32 64 128 256
 357  695    7 0  88 1 9 1 2 4 8 16 32 64 128 256
 358  539  107 0  85 1 9 1 2 4 8 16 32 64 128 256
 359  935  314 0  75 1 9 1 2 4 8 16 32 64 128 256
 360  643  157 0  51 1 9 1 2 4 8 16 32 64 128 256
 361  693  463 0  23 1 9 1 2 4 8 16 32 64 128 256
 362   14  745 0   4 1 9 1 2 4 8 16 32 64 128 256
 363  603  132 0  25 1 9 1 2 4 8 16 32 64 128 256
 364  655  238 0  94 1 9 1 2 4 8 16 32 64 128 256
 365  908  793 0  47 1 9 1 2 4 8 16 32 64 128 256
 366   20  198 0  57 1 9 1 2 4 8 16 32 64 128 256
 367  242  854 0  47 1 9 1 2 4 8 16 32 64 128 256
 368  170  732 0  11 1 9 1 2 4 8 16 32 64 128 256
 369  322  168 0  60 1 9 1 2 4 8 16 32 64 128 256
 370  918  626 0  49 1 9 1 2 4 8 16 32 64 128 256
 371  929  701 0  84 1 9 1 2 4 8 16 32 64 128 256
 372  598  194 0   6 1 9 1 2 4 8 16 32 64 128 256
 373  109  840 0  67 1 9 1 2 4 8 16 32 64 128 256
 374  665  398 0  86 1 9 1 2 4 8 16 32 64 128 256
 375  772  221 0  74 1 9 1 2 4 8 16 32 64 128 256
 376  681  201 0  33 1 9 1 2 4 8 16 32 64 128 256
 377  444  343 0  63 1 9 1 2 4 8 16 32 64 128 256
 378  678  854 0  60 1 9 1 2 4 8 16 32 64 128 256
 379  139  988 0  66 1 9 1 2 4 8 16 32 64 128 256
 380   89  903 0   7 1 9 1 2 4 8 16 32 64 128 256
 381  439  932 0  56 1 9 1 2 4 8 16 32 64 128 256
 382  934  527 0  25 1 9 1 2 4 8 16 32 64 128 256
 383  835   28 0  64 1 9 1 2 4 8 16 32 64 128 256
 384  568  862 0  72 1 9 1 2 4 8 16 32 64 128 256
 385  984  474 0  79 1 9 1 2 4 8 16 32 64 128 256
 386  988  937 0  89 1 9 1 2 4 8 16 32 64 128 256
 387  188  411 0  55 1 9 1 2 4 8 16 32 64 128 256
 388  650  707 0  93 1 9 1 2 4 8 16 32 64 128 256
 389  180  394 0  32 1 9 1 2 4 8 16 32 64 128 256
 390  410   88 0  19 1 9 1 2 4 8 16 32 64 128 256
 391  790   56 0  13 1 9 1 2 4 8 16 32 64 128 256
 392  754  169 0  70 1 9 1 2 4 8 16 32 64 128 256
 393  548  826 0  89 1 9 1 2 4 8 16 32 64 128 256
 394  995  693 0  98 1 9 1 2 4 8 16 32 64 128 256
 395   70  631 0  87 1 9 1 2 4 8 16 32 64 128 256
 396  583  760 0   8 1 9 1 2 4 8 16 32 64 128 256
 397  200  276 0  31 1 9 1 2 4 8 16 32 64 128 256
 398  813  777 0  12 1 9 1 2 4 8 16 32 64 128 256
 399  974  600 0   9 1 9 1 2 4 8 16 32 64 128 256
 400  697  296 0  72 1 9 1 2 4 8 16 32 64 128 256
 401  134  104 0  72 1 9 1 2 4 8 16 32 64 128 256
 402   72  858 0  46 1 9 1 2 4 8 16 32 64 128 256
 403  283  744 0  15 1 9 1 2 4 8 16 32 64 128 256
 404  604  149 0  60 1 9 1 2 4 8 16 32 64 128 256
 405  266  581 0  62 1 9 1 2 4 8 16 32 64 128 256
 406  279  983 0  38 1 9 1 2 4 8 16 32 64 128 256
 407  351  560 0  11 1 9 1 2 4 8 16 32 64 128 256
 408  353  132 0  82 1 9 1 2 4 8 16 32 64 128 256
 409  746  884 0  89 1 9 1 2 4 8 16 32 64 128 256
 410  133  132 0  10 1 9 1 2 4 8 16 32 64 128 256
 411  255  942 0  74 1 9 1 2 4 8 16 32 64 128 256
 412  483   52 0  51 1 9 1 2 4 8 16 32 64 128 256
 413  847  802 0  22 1 9 1 2 4 8 16 32 64 128 256
 414  321  185 0  36 1 9 1 2 4 8 16 32 64 128 256
 415  917  981 0  58 1 9 1 2 4 8 16 32 64 128 256
 416  909  322 0  91 1 9 1 2 4 8 16 32 64 128 256
 417  451  476 0  88 1 9 1 2 4 8 16 32 64 128 256
 418  469  931 0  87 1 9 1 2 4 8 16 32 64 128 256
 419  190  770 0  15 1 9 1 2 4 8 16 32 64 128 256
 420   89   84 0  70 1 9 1 2 4 8 16 32 64 128 256
 421    3  126 0  86 1 9 1 2 4 8 16 32 64 128 256
 422  289  476 0  20 1 9 1 2 4 8 16 32 64 128 256
 423  873  437 0  72 1 9 1 2 4 8 16 32 64 128 256
 424  288  713 0  36 1 9 1 2 4 8 16 32 64 128 256
 425  110  201 0  90 1 9 1 2 4 8 16 32 64 128 256
 426  579  365 0  59 1 9 1 2 4 8 16 32 64 128 256
 427  417  815 0   7 1 9 1 2 4 8 16 32 64 128 256
 428  224  653 0  11 1 9 1 2 4 8 16 32 64 128 256
 429  110  826 0   9 1 9 1 2 4 8 16 32 64 128 256
 430   93  346 0  29 1 9 1 2 4 8 16 32 64 128 256
 431  397  604 0  82 1 9 1 2 4 8 16 32 64 128 256
 432  546  332 0  94 1 9 1 2 4 8 16 32 64 128 256
 433  244  769 0  61 1 9 1 2 4 8 16 32 64 128 256
 434  178  239 0   4 1 9 1 2 4 8 16 32 64 128 256
 435  795  840 0  82 1 9 1 2 4 8 16 32 64 128 256
 436  349  647 0   6 1 9 1 2 4 8 16 32 64 128 256
 437   58  761 0   3 1 9 1 2 4 8 16 32 64 128 256
 438  430  240 0  96 1 9 1 2 4 8 16 32 64 128 256
 439   74  735 0  14 1 9 1 2 4 8 16 32 64 128 256
 440  447  921 0   8 1 9 1 2 4 8 16 32 64 128 256
 441  268  952 0  57 1 9 1 2 4 8 16 32 64 128 256
 442  105  641 0  57 1 9 1 2 4 8 16 32 64 128 256
 443  968  615 0   2 1 9 1 2 4 8 16 32 64 128 256
 444  199  769 0  99 1 9 1 2 4 8 16 32 64 128 256
 445  361  215 0  74 1 9 1 2 4 8 16 32 64 128 256
 446  705  152 0  51 1 9 1 2 4 8 16 32 64 128 256
 447  375   20 0  17 1 9 1 2 4 8 16 32 64 128 256
 448   73  674 0  52 1 9 1 2 4 8 16 32 64 128 256
 449  664   24 0  34 1 9 1 2 4 8 16 32 64 128 256
 450  316  213 0  67 1 9 1 2 4 8 16 32 64 128 256
 451  137  507 0  67 1 9 1 2 4 8 16 32 64 128 256
 452  614  254 0  25 1 9 1 2 4 8 16 32 64 128 256
 453  527  860 0  50 1 9 1 2 4 8 16 32 64 128 256
 454  402  269 0  27 1 9 1 2 4 8 16 32 64 128 256
 455  224  181 0  69 1 9 1 2 4 8 16 32 64 128 256
 456  477   54 0   1 1 9 1 2 4 8 16 32 64 128 256
 457  422  225 0  79 1 9 1 2 4 8 16 32 64 128 256
 458  936  466 0  33 1 9 1 2 4 8 16 32 64 128 256
 459  762  152 0   5 1 9 1 2 4 8 16 32 64 128 256
 460  358  798 0  96 1 9 1 2 4 8 16 32 64 128 256
 461  893  462 0  49 1 9 1 2 4 8 16 32 64 128 256
 462  668  749 0  91 1 9 1 2 4 8 16 32 64 128 256
 463   39  108 0  55 1 9 1 2 4 8 16 32 64 128 256
 464  519  713 0  69 1 9 1 2 4 8 16 32 64 128 256
 465  223  240 0  34 1 9 1 2 4 8 16 32 64 128 256
 466   99  282 0  87 1 9 1 2 4 8 16 32 64 128 256
 467  329  194 0  52 1 9 1 2 4 8 16 32 64 128 256
 468  673  616 0  71 1 9 1 2 4 8 16 32 64 128 256
 469  868  181 0  56 1 9 1 2 4 8 16 32 64 128 256
 470  423  296 0   2 1 9 1 2 4 8 16 32 64 128 256
 471  451  422 0  58 1 9 1 2 4 8 16 32 64 128 256
 472  333  258 0  99 1 9 1 2 4 8 16 32 64 128 256
 473  461  101 0  63 1 9 1 2 4 8 16 32 64 128 256
 474  630  562 0  98 1 9 1 2 4 8 16 32 64 128 256
 475  383  219 0  85 1 9 1 2 4 8 16 32 64 128 256
 476  589  254 0  98 1 9 1 2 4 8 16 32 64 128 256
 477  766  538 0  24 1 9 1 2 4 8 16 32 64 128 256
 478  382  137 0  75 1 9 1 2 4 8 16 32 64 128 256
 479  589  490 0  64 1 9 1 2 4 8 16 32 64 128 256
 480  676  512 0  46 1 9 1 2 4 8 16 32 64 128 256
 481  758  196 0  76 1 9 1 2 4 8 16 32 64 128 256
 482  131  440 0  90 1 9 1 2 4 8 16 32 64 128 256
 483  653  509 0  30 1 9 1 2 4 8 16 32 64 128 256
 484  652  140 0  75 1 9 1 2 4 8 16 32 64 128 256
 485  776  119 0   8 1 9 1 2 4 8 16 32 64 128 256
 486  188  912 0  15 1 9 1 2 4 8 16 32 64 128 256
 487  513  715 0  37 1 9 1 2 4 8 16 32 64 128 256
 488  726  578 0  59 1 9 1 2 4 8 16 32 64 128 256
 489  159  808 0  90 1 9 1 2 4 8 16 32 64 128 256
 490  931  342 0  61 1 9 1 2 4 8 16 32 64 128 256
 491  221  849 0  55 1 9 1 2 4 8 16 32 64 128 256
 492  936  376 0  86 1 9 1 2 4 8 16 32 64 128 256
 493  423  106 0  11 1 9 1 2 4 8 16 32 64 128 256
 494  176  562 0  41 1 9 1 2 4 8 16 32 64 128 256
 495   55  862 0  12 1 9 1 2 4 8 16 32 64 128 256
 496  807  499 0  89 1 9 1 2 4 8 16 32 64 128 256
 497  190    4 0  46 1 9 1 2 4 8 16 32 64 128 256
 498   59  561 0   9 1 9 1 2 4 8 16 32 64 128 256
 499  894  321 0  28 1 9 1 2 4 8 16 32 64 128 256
 500  529  604 0  79 1 9 1 2 4 8 16 32 64 128 256
 501   80  171 0  63 1 9 1 2 4 8 16 32 64 128 256
 502  964  964 0  95 1 9 1 2 4 8 16 32 64 128 256
 503  581  738 0  63 1 9 1 2 4 8 16 32 64 128 256
 504  176  568 0  99 1 9 1 2 4 8 16 32 64 128 256
 505  581  439 0  97 1 9 1 2 4 8 16 32 64 128 256
 506  684  189 0  47 1 9 1 2 4 8 16 32 64 128 256
 507  582   34 0  41 1 9 1 2 4 8 16 32 64 128 256
 508  690  908 0  70 1 9 1 2 4 8 16 32 64 128 256
 509  316  578 0  47 1 9 1 2 4 8 16 32 64 128 256
 510  917   91 0  71 1 9 1 2 4 8 16 32 64 128 256
 511  179  517 0  77 1 9 1 2 4 8 16 32 64 128 256
 512  514  257 0  68 1 9 1 2 4 8 16 32 64 128 256
 513  812  459 0  98 1 9 1 2 4 8 16 32 64 128 256
 514  482  655 0  54 1 9 1 2 4 8 16 32 64 128 256
 515  347  182 0   1 1 9 1 2 4 8 16 32 64 128 256
 516  922   89 0  64 1 9 1 2 4 8 16 32 64 128 256
 517  440  995 0  31 1 9 1 2 4 8 16 32 64 128 256
 518  778  205 0  69 1 9 1 2 4 8 16 32 64 128 256
 519  446  558 0   4 1 9 1 2 4 8 16 32 64 128 256
 520  394  814 0  36 1 9 1 2 4 8 16 32 64 128 256
 521  632   88 0  13 1 9 1 2 4 8 16 32 64 128 256
 522  177  153 0  75 1 9 1 2 4 8 16 32 64 128 256
 523  539    4 0  22 1 9 1 2 4 8 16 32 64 128 256
 524  318  578 0  29 1 9 1 2 4 8 16 32 64 128 256
 525  771  973 0  69 1 9 1 2 4 8 16 32 64 128 256
 526  188  816 0  94 1 9 1 2 4 8 16 32 64 128 256
 527  253  492 0  39 1 9 1 2 4 8 16 32 64 128 256
 528  412  234 0  20 1 9 1 2 4 8 16 32 64 128 256
 529  888  282 0  68 1 9 1 2 4 8 16 32 64 128 256
 530  768  888 0  12 1 9 1 2 4 8 16 32 64 128 256
 531  473  137 0  23 1 9 1 2 4 8 16 32 64 128 256
 532  904  791 0  78 1 9 1 2 4 8 16 32 64 128 256
 533  909   14 0   3 1 9 1 2 4 8 16 32 64 128 256
 534  116   95 0  95 1 9 1 2 4 8 16 32 64 128 256
 535  978  511 0  51 1 9 1 2 4 8 16 32 64 128 256
 536  514  338 0  12 1 9 1 2 4 8 16 32 64 128 256
 537   35  617 0  62 1 9 1 2 4 8 16 32 64 128 256
 538  326  324 0  14 1 9 1 2 4 8 16 32 64 128 256
 539  247  538 0  76 1 9 1 2 4 8 16 32 64 128 256
 540  783  802 0  57 1 9 1 2 4 8 16 32 64 128 256
 541  290  558 0   8 1 9 1 2 4 8 16 32 64 128 256
 542  119   87 0  52 1 9 1 2 4 8 16 32 64 128 256
 543  987   23 0  64 1 9 1 2 4 8 16 32 64 128 256
 544  727  684 0  23 1 9 1 2 4 8 16 32 64 128 256
 545  913  460 0  89 1 9 1 2 4 8 16 32 64 128 256
 546  697  503 0  99 1 9 1 2 4 8 16 32 64 128 256
 547  447  318 0  16 1 9 1 2 4 8 16 32 64 128 256
 548  901  333 0  48 1 9 1 2 4 8 16 32 64 128 256
 549  164  189 0  80 1 9 1 2 4 8 16 32 64 128 256
 550  739  976 0  90 1 9 1 2 4 8 16 32 64 128 256
 551  346  274 0  88 1 9 1 2 4 8 16 32 64 128 256
 552  173  429 0  97 1 9 1 2 4 8 16 32 64 128 256
 553  606  382 0   6 1 9 1 2 4 8 16 32 64 128 256
 554  590  567 0  45 1 9 1 2 4 8 16 32 64 128 256
 555  640  685 0  64 1 9 1 2 4 8 16 32 64 128 256
 556  282  383 0  88 1 9 1 2 4 8 16 32 64 128 256
 557  984  888 0  48 1 9 1 2 4 8 16 32 64 128 256
 558  427  641 0  43 1 9 1 2 4 8 16 32 64 128 256
 559  516  677 0  15 1 9 1 2 4 8 16 32 64 128 256
 560  158  980 0  47 1 9 1 2 4 8 16 32 64 128 256
 561  756   87 0  34 1 9 1 2 4 8 16 32 64 128 256
 562  548  812 0  67 1 9 1 2 4 8 16 32 64 128 256
 563  566  927 0   7 1 9 1 2 4 8 16 32 64 128 256
 564  979  893 0  20 1 9 1 2 4 8 16 32 64 128 256
 565  417  663 0  73 1 9 1 2 4 8 16 32 64 128 256
 566  598  533 0  17 1 9 1 2 4 8 16 32 64 128 256
 567   62  557 0   7 1 9 1 2 4 8 16 32 64 128 256
 568  437    4 0  83 1 9 1 2 4 8 16 32 64 128 256
 569  945  699 0  90 1 9 1 2 4 8 16 32 64 128 256
 570    2  560 0  39 1 9 1 2 4 8 16 32 64 128 256
 571  579  516 0  24 1 9 1 2 4 8 16 32 64 128 256
 572    4  282 0  66 1 9 1 2 4 8 16 32 64 128 256
 573  326  189 0  36 1 9 1 2 4 8 16 32 64 128 256
 574  355  776 0  86 1 9 1 2 4 8 16 32 64 128 256
 575  638  302 0  33 1 9 1 2 4 8 16 32 64 128 256
 576  566  961 0  92 1 9 1 2 4 8 16 32 64 128 256
 577  549  348 0  15 1 9 1 2 4 8 16 32 64 128 256
 578  687  670 0  92 1 9 1 2 4 8 16 32 64 128 256
 579  736   31 0  38 1 9 1 2 4 8 16 32 64 128 256
 580  447  468 0  36 1 9 1 2 4 8 16 32 64 128 256
 581  457  437 0  20 1 9 1 2 4 8 16 32 64 128 256
 582  649  869 0  61 1 9 1 2 4 8 16 32 64 128 256
 583  276  837 0  81 1 9 1 2 4 8 16 32 64 128 256
 584  839  448 0  94 1 9 1 2 4 8 16 32 64 128 256
 585  201  245 0  32 1 9 1 2 4 8 16 32 64 128 256
 586  588  991 0  94 1 9 1 2 4 8 16 32 64 128 256
 587  221  521 0  58 1 9 1 2 4 8 16 32 64 128 256
 588  219  326 0  55 1 9 1 2 4 8 16 32 64 128 256
 589  900  726 0   5 1 9 1 2 4 8 16 32 64 128 256
 590   30  637 0  81 1 9 1 2 4 8 16 32 64 128 256
 591  899  336 0  88 1 9 1 2 4 8 16 32 64 128 256
 592   16  877 0  78 1 9 1 2 4 8 16 32 64 128 256
 593  162  825 0  18 1 9 1 2 4 8 16 32 64 128 256
 594  756   12 0  95 1 9 1 2 4 8 16 32 64 128 256
 595  197  783 0  11 1 9 1 2 4 8 16 32 64 128 256
 596  544  301 0  41 1 9 1 2 4 8 16 32 64 128 256
 597  579  761 0  47 1 9 1 2 4 8 16 32 64 128 256
 598  188  881 0  99 1 9 1 2 4 8 16 32 64 128 256
 599   77  271 0  50 1 9 1 2 4 8 16 32 64 128 256
 600   63  662 0  79 1 9 1 2 4 8 16 32 64 128 256
 601  488  937 0  32 1 9 1 2 4 8 16 32 64 128 256
 602  350  490 0  40 1 9 1 2 4 8 16 32 64 128 256
 603  907  498 0   4 1 9 1 2 4 8 16 32 64 128 256
 604  692  483 0  22 1 9 1 2 4 8 16 32 64 128 256
 605  431  100 0  88 1 9 1 2 4 8 16 32 64 128 256
 606  340  192 0  56 1 9 1 2 4 8 16 32 64 128 256
 607  433  653 0  73 1 9 1 2 4 8 16 32 64 128 256
 608  699  300 0  67 1 9 1 2 4 8 16 32 64 128 256
 609  896  224 0  70 1 9 1 2 4 8 16 32 64 128 256
 610  533    5 0  60 1 9 1 2 4 8 16 32 64 128 256
 611  745  262 0  70 1 9 1 2 4 8 16 32 64 128 256
 612  384  885 0  65 1 9 1 2 4 8 16 32 64 128 256
 613  229  933 0  62 1 9 1 2 4 8 16 32 64 128 256
 614  837  180 0  56 1 9 1 2 4 8 16 32 64 128 256
 615   33  257 0 100 1 9 1 2 4 8 16 32 64 128 256
 616  981  925 0  90 1 9 1 2 4 8 16 32 64 128 256
 617   56  691 0  91 1 9 1 2 4 8 16 32 64 128 256
 618  307  897 0  67 1 9 1 2 4 8 16 32 64 128 256
 619  996  886 0   7 1 9 1 2 4 8 16 32 64 128 256
 620  739  773 0  42 1 9 1 2 4 8 16 32 64 128 256
 621  549   84 0  40 1 9 1 2 4 8 16 32 64 128 256
 622  535   93 0  62 1 9 1 2 4 8 16 32 64 128 256
 623  693   22 0  65 1 9 1 2 4 8 16 32 64 128 256
 624  651  652 0  88 1 9 1 2 4 8 16 32 64 128 256
 625  967  402 0  50 1 9 1 2 4 8 16 32 64 128 256
 626  564  644 0  61 1 9 1 2 4 8 16 32 64 128 256
 627  373  127 0   7 1 9 1 2 4 8 16 32 64 128 256
 628  208  801 0  91 1 9 1 2 4 8 16 32 64 128 256
 629  497  273 0  47 1 9 1 2 4 8 16 32 64 128 256
 630  258  917 0  23 1 9 1 2 4 8 16 32 64 128 256
 631  877  617 0  34 1 9 1 2 4 8 16 32 64 128 256
 632  824  748 0  29 1 9 1 2 4 8 16 32 64 128 256
 633  333  114 0  58 1 9 1 2 4 8 16 32 64 128 256
 634  420   32 0  26 1 9 1 2 4 8 16 32 64 128 256
 635  896  668 0   5 1 9 1 2 4 8 16 32 64 128 256
 636   34  833 0  53 1 9 1 2 4 8 16 32 64 128 256
 637  971  910 0  47 1 9 1 2 4 8 16 32 64 128 256
 638  175  675 0  41 1 9 1 2 4 8 16 32 64 128 256
 639   77  824 0   1 1 9 1 2 4 8 16 32 64 128 256
 640  324  324 0  15 1 9 1 2 4 8 16 32 64 128 256
 641  239  201 0  98 1 9 1 2 4 8 16 32 64 128 256
 642  211  274 0  36 1 9 1 2 4 8 16 32 64 128 256
 643  902  231 0  79 1 9 1 2 4 8 16 32 64 128 256
 644  678   63 0  11 1 9 1 2 4 8 16 32 64 128 256
 645  357  676 0  56 1 9 1 2 4 8 16 32 64 128 256
 646  240  431 0  85 1 9 1 2 4 8 16 32 64 128 256
 647  856  676 0  62 1 9 1 2 4 8 16 32 64 128 256
 648  213  535 0  47 1 9 1 2 4 8 16 32 64 128 256
 649  684  285 0  29 1 9 1 2 4 8 16 32 64 128 256
 650  908  235 0  85 1 9 1 2 4 8 16 32 64 128 256
 651  241   71 0  73 1 9 1 2 4 8 16 32 64 128 256
 652  340  859 0  48 1 9 1 2 4 8 16 32 64 128 256
 653  152  802 0  68 1 9 1 2 4 8 16 32 64 128 256
 654  235  221 0   1 1 9 1 2 4 8 16 32 64 128 256
 655  455  247 0  25 1 9 1 2 4 8 16 32 64 128 256
 656  599  323 0  78 1 9 1 2 4 8 16 32 64 128 256
 657  302  558 0  42 1 9 1 2 4 8 16 32 64 128 256
 658  168  357 0  82 1 9 1 2 4 8 16 32 64 128 256
 659  905   60 0  56 1 9 1 2 4 8 16 32 64 128 256
 660   88  675 0  66 1 9 1 2 4 8 16 32 64 128 256
 661  182  274 0  10 1 9 1 2 4 8 16 32 64 128 256
 662  942  291 0  68 1 9 1 2 4 8 16 32 64 128 256
 663  637  689 0  42 1 9 1 2 4 8 16 32 64 128 256
 664  951  827 0  13 1 9 1 2 4 8 16 32 64 128 256
 665  436  378 0  94 1 9 1 2 4 8 16 32 64 128 256
 666  151   81 0  58 1 9 1 2 4 8 16 32 64 128 256
 667  202  591 0  76 1 9 1 2 4 8 16 32 64 128 256
 668  804  562 0  90 1 9 1 2 4 8 16 32 64 128 256
 669  428  610 0  25 1 9 1 2 4 8 16 32 64 128 256
 670  168  570 0  16 1 9 1 2 4 8 16 32 64 128 256
 671  493  255 0  11 1 9 1 2 4 8 16 32 64 128 256
 672  544  512 0  72 1 9 1 2 4 8 16 32 64 128 256
 673  954  612 0  81 1 9 1 2 4 8 16 32 64 128 256
 674  405  332 0  18 1 9 1 2 4 8 16 32 64 128 256
 675  427  631 0  80 1 9 1 2 4 8 16 32 64 128 256
 676   85  241 0  35 1 9 1 2 4 8 16 32 64 128 256
 677  639  867 0  26 1 9 1 2 4 8 16 32 64 128 256
 678  388  619 0  58 1 9 1 2 4 8 16 32 64 128 256
 679  433  446 0  12 1 9 1 2 4 8 16 32 64 128 256
 680  339  359 0  70 1 9 1 2 4 8 16 32 64 128 256
 681  291  772 0  36 1 9 1 2 4 8 16 32 64 128 256
 682  880  541 0   2 1 9 1 2 4 8 16 32 64 128 256
 683   83  715 0  33 1 9 1 2 4 8 16 32 64 128 256
 684  602    7 0   5 1 9 1 2 4 8 16 32 64 128 256
 685  650   82 0   4 1 9 1 2 4 8 16 32 64 128 256
 686  579  260 0  33 1 9 1 2 4 8 16 32 64 128 256
 687  425  981 0  84 1 9 1 2 4 8 16 32 64 128 256
 688   78  925 0  99 1 9 1 2 4 8 16 32 64 128 256
 689  776  620 0  69 1 9 1 2 4 8 16 32 64 128 256
 690   69  889 0   5 1 9 1 2 4 8 16 32 64 128 256
 691  474   13 0  91 1 9 1 2 4 8 16 32 64 128 256
 692  773  871 0   5 1 9 1 2 4 8 16 32 64 128 256
 693  501  144 0  62 1 9 1 2 4 8 16 32 64 128 256
 694  352  136 0  63 1 9 1 2 4 8 16 32 64 128 256
 695  447   91 0  72 1 9 1 2 4 8 16 32 64 128 256
 696  304  481 0  14 1 9 1 2 4 8 16 32 64 128 256
 697  330  117 0   8 1 9 1 2 4 8 16 32 64 128 256
 698  140  876 0  41 1 9 1 2 4 8 16 32 64 128 256
 699  787  544 0   7 1 9 1 2 4 8 16 32 64 128 256
 700  236  111 0  81 1 9 1 2 4 8 16 32 64 128 256
 701  639  833 0 100 1 9 1 2 4 8 16 32 64 128 256
 702  397  342 0  91 1 9 1 2 4 8 16 32 64 128 256
 703  525  103 0  71 1 9 1 2 4 8 16 32 64 128 256
 704  291  556 0  46 1 9 1 2 4 8 16 32 64 128 256
 705  472  540 0  50 1 9 1 2 4 8 16 32 64 128 256
 706  204  671 0  53 1 9 1 2 4 8 16 32 64 128 256
 707  411  886 0  72 1 9 1 2 4 8 16 32 64 128 256
 708  814  128 0  55 1 9 1 2 4 8 16 32 64 128 256
 709  167  699 0 100 1 9 1 2 4 8 16 32 64 128 256
 710  747  715 0   6 1 9 1 2 4 8 16 32 64 128 256
 711  300  274 0  77 1 9 1 2 4 8 16 32 64 128 256
 712  575  711 0   5 1 9 1 2 4 8 16 32 64 128 256
 713  538   42 0  56 1 9 1 2 4 8 16 32 64 128 256
 714  394  749 0  80 1 9 1 2 4 8 16 32 64 128 256
 715  533  700 0  21 1 9 1 2 4 8 16 32 64 128 256
 716  787  962 0  65 1 9 1 2 4 8 16 32 64 128 256
 717  344  777 0  93 1 9 1 2 4 8 16 32 64 128 256
 718  516  362 0  49 1 9 1 2 4 8 16 32 64 128 256
 719  437  885 0  31 1 9 1 2 4 8 16 32 64 128 256
 720   94  830 0   3 1 9 1 2 4 8 16 32 64 128 256
 721  827  328 0  27 1 9 1 2 4 8 16 32 64 128 256
 722  462  834 0  53 1 9 1 2 4 8 16 32 64 128 256
 723  623  447 0  30 1 9 1 2 4 8 16 32 64 128 256
 724  385  268 0  35 1 9 1 2 4 8 16 32 64 128 256
 725  615   44 0  90 1 9 1 2 4 8 16 32 64 128 256
 726  332  695 0  76 1 9 1 2 4 8 16 32 64 128 256
 727  596  360 0  80 1 9 1 2 4 8 16 32 64 128 256
 728  736  889 0  19 1 9 1 2 4 8 16 32 64 128 256
 729  587  563 0  54 1 9 1 2 4 8 16 32 64 128 256
 730  478  524 0  98 1 9 1 2 4 8 16 32 64 128 256
 731  489  175 0  35 1 9 1 2 4 8 16 32 64 128 256
 732  771  647 0  13 1 9 1 2 4 8 16 32 64 128 256
 733  754    2 0  30 1 9 1 2 4 8 16 32 64 128 256
 734  266  409 0  62 1 9 1 2 4 8 16 32 64 128 256
 735  899  721 0  92 1 9 1 2 4 8 16 32 64 128 256
 736  421  497 0  22 1 9 1 2 4 8 16 32 64 128 256
 737   45  422 0  15 1 9 1 2 4 8 16 32 64 128 256
 738  206  694 0  58 1 9 1 2 4 8 16 32 64 128 256
 739  281  503 0  20 1 9 1 2 4 8 16 32 64 128 256
 740  749  495 0  35 1 9 1 2 4 8 16 32 64 128 256
 741  766  948 0  28 1 9 1 2 4 8 16 32 64 128 256
 742  721  728 0  46 1 9 1 2 4 8 16 32 64 128 256
 743  960  644 0  59 1 9 1 2 4 8 16 32 64 128 256
 744  500  717 0  91 1 9 1 2 4 8 16 32 64 128 256
 745  603  968 0   2 1 9 1 2 4 8 16 32 64 128 256
 746  248  873 0  77 1 9 1 2 4 8 16 32 64 128 256
 747  856  852 0  73 1 9 1 2 4 8 16 32 64 128 256
 748  509  884 0  89 1 9 1 2 4 8 16 32 64 128 256
 749  289  881 0  52 1 9 1 2 4 8 16 32 64 128 256
 750  240  905 0  32 1 9 1 2 4 8 16 32 64 128 256
 751   85  892 0  41 1 9 1 2 4 8 16 32 64 128 256
 752  298  459 0  25 1 9 1 2 4 8 16 32 64 128 256
 753  883  610 0  51 1 9 1 2 4 8 16 32 64 128 256
 754   88  382 0  86 1 9 1 2 4 8 16 32 64 128 256
 755  214  503 0  64 1 9 1 2 4 8 16 32 64 128 256
 756  222  979 0  90 1 9 1 2 4 8 16 32 64 128 256
 757  263  556 0  34 1 9 1 2 4 8 16 32 64 128 256
 758    5  876 0  88 1 9 1 2 4 8 16 32 64 128 256
 759  222  485 0  99 1 9 1 2 4 8 16 32 64 128 256
 760  958  145 0  40 1 9 1 2 4 8 16 32 64 128 256
 761  553    9 0  97 1 9 1 2 4 8 16 32 64 128 256
 762  910  843 0  98 1 9 1 2 4 8 16 32 64 128 256
 763  433  325 0  55 1 9 1 2 4 8 16 32 64 128 256
 764  337  163 0   7 1 9 1 2 4 8 16 32 64 128 256
 765  722  287 0   4 1 9 1 2 4 8 16 32 64 128 256
 766  953  111 0  71 1 9 1 2 4 8 16 32 64 128 256
 767  943   23 0  75 1 9 1 2 4 8 16 32 64 128 256
 768  220  512 0  50 1 9 1 2 4 8 16 32 64 128 256
 769  378  224 0  44 1 9 1 2 4 8 16 32 64 128 256
 770  757  972 0  47 1 9 1 2 4 8 16 32 64 128 256
 771  976  129 0  56 1 9 1 2 4 8 16 32 64 128 256
 772  861  359 0  95 1 9 1 2 4 8 16 32 64 128 256
 773  411  311 0  37 1 9 1 2 4 8 16 32 64 128 256
 774   39  188 0  13 1 9 1 2 4 8 16 32 64 128 256
 775  614  613 0  55 1 9 1 2 4 8 16 32 64 128 256
 776  191  186 0  68 1 9 1 2 4 8 16 32 64 128 256
 777  918   88 0  34 1 9 1 2 4 8 16 32 64 128 256
 778  164  782 0  60 1 9 1 2 4 8 16 32 64 128 256
 779  823  874 0  52 1 9 1 2 4 8 16 32 64 128 256
 780  925  352 0  10 1 9 1 2 4 8 16 32 64 128 256
 781  213  286 0  72 1 9 1 2 4 8 16 32 64 128 256
 782  680  485 0  79 1 9 1 2 4 8 16 32 64 128 256
 783  820  387 0  69 1 9 1 2 4 8 16 32 64 128 256
 784    1  410 0  67 1 9 1 2 4 8 16 32 64 128 256
 785  127  971 0  77 1 9 1 2 4 8 16 32 64 128 256
 786   83  173 0  31 1 9 1 2 4 8 16 32 64 128 256
 787  930  944 0  50 1 9 1 2 4 8 16 32 64 128 256
 788  574  934 0   6 1 9 1 2 4 8 16 32 64 128 256
 789  846  820 0  71 1 9 1 2 4 8 16 32 64 128 256
 790  383  732 0  46 1 9 1 2 4 8 16 32 64 128 256
 791  725   46 0  70 1 9 1 2 4 8 16 32 64 128 256
 792  201  898 0  37 1 9 1 2 4 8 16 32 64 128 256
 793  658  399 0  46 1 9 1 2 4 8 16 32 64 128 256
 794  498  226 0  30 1 9 1 2 4 8 16 32 64 128 256
 795   92  900 0  14 1 9 1 2 4 8 16 32 64 128 256
 796   13  819 0  16 1 9 1 2 4 8 16 32 64 128 256
 797  600  875 0  13 1 9 1 2 4 8 16 32 64 128 256
 798  556  144 0  18 1 9 1 2 4 8 16 32 64 128 256
 799  472  112 0  65 1 9 1 2 4 8 16 32 64 128 256
 800  580   36 0  21 1 9 1 2 4 8 16 32 64 128 256
 801  857  516 0  31 1 9 1 2 4 8 16 32 64 128 256
 802  714  919 0  31 1 9 1 2 4 8 16 32 64 128 256
 803  295  847 0  89 1 9 1 2 4 8 16 32 64 128 256
 804  769  263 0  25 1 9 1 2 4 8 16 32 64 128 256
 805  275    8 0   9 1 9 1 2 4 8 16 32 64 128 256
 806  289   29 0  39 1 9 1 2 4 8 16 32 64 128 256
 807  324   66 0  86 1 9 1 2 4 8 16 32 64 128 256
 808   11  300 0  98 1 9 1 2 4 8 16 32 64 128 256
 809  293  686 0  11 1 9 1 2 4 8 16 32 64 128 256
 810  855  887 0  77 1 9 1 2 4 8 16 32 64 128 256
 811  836  374 0  97 1 9 1 2 4 8 16 32 64 128 256
 812  601  514 0  29 1 9 1 2 4 8 16 32 64 128 256
 813   32  132 0  57 1 9 1 2 4 8 16 32 64 128 256
 814  538  875 0  82 1 9 1 2 4 8 16 32 64 128 256
 815  790  440 0  81 1 9 1 2 4 8 16 32 64 128 256
 816  649  102 0  31 1 9 1 2 4 8 16 32 64 128 256
 817  488  570 0  36 1 9 1 2 4 8 16 32 64 128 256
 818  428  563 0  94 1 9 1 2 4 8 16 32 64 128 256
 819  358  181 0  20 1 9 1 2 4 8 16 32 64 128 256
 820  422  489 0  37 1 9 1 2 4 8 16 32 64 128 256
 821  368  754 0  74 1 9 1 2 4 8 16 32 64 128 256
 822  919  764 0  50 1 9 1 2 4 8 16 32 64 128 256
 823  271 1000 0   1 1 9 1 2 4 8 16 32 64 128 256
 824  940  324 0  16 1 9 1 2 4 8 16 32 64 128 256
 825  390  264 0  49 1 9 1 2 4 8 16 32 64 128 256
 826  437  202 0  43 1 9 1 2 4 8 16 32 64 128 256
 827  134  486 0  46 1 9 1 2 4 8 16 32 64 128 256
 828  352  586 0  32 1 9 1 2 4 8 16 32 64 128 256
 829  383  705 0   9 1 9 1 2 4 8 16 32 64 128 256
 830  466  181 0  23 1 9 1 2 4 8 16 32 64 128 256
 831  952  890 0  43 1 9 1 2 4 8 16 32 64 128 256
 832   19  755 0  29 1 9 1 2 4 8 16 32 64 128 256
 833   90  250 0  40 1 9 1 2 4 8 16 32 64 128 256
 834  734  448 0  88 1 9 1 2 4 8 16 32 64 128 256
 835  296  401 0  47 1 9 1 2 4 8 16 32 64 128 256
 836  307  352 0  24 1 9 1 2 4 8 16 32 64 128 256
 837  433  218 0  66 1 9 1 2 4 8 16 32 64 128 256
 838  447  531 0  59 1 9 1 2 4 8 16 32 64 128 256
 839  418  822 0  65 1 9 1 2 4 8 16 32 64 128 256
 840  788  734 0  80 1 9 1 2 4 8 16 32 64 128 256
 841  521  840 0  95 1 9 1 2 4 8 16 32 64 128 256
 842  504  326 0  56 1 9 1 2 4 8 16 32 64 128 256
 843  291  528 0   9 1 9 1 2 4 8 16 32 64 128 256
 844  547  603 0  77 1 9 1 2 4 8 16 32 64 128 256
 845  730  970 0   7 1 9 1 2 4 8 16 32 64 128 256
 846  786  919 0  48 1 9 1 2 4 8 16 32 64 128 256
 847  299  461 0  99 1 9 1 2 4 8 16 32 64 128 256
 848  961  184 0  19 1 9 1 2 4 8 16 32 64 128 256
 849  384  566 0 100 1 9 1 2 4 8 16 32 64 128 256
 850  631  203 0  81 1 9 1 2 4 8 16 32 64 128 256
 851  637  530 0  95 1 9 1 2 4 8 16 32 64 128 256
 852  294  118 0  72 1 9 1 2 4 8 16 32 64 128 256
 853  869  621 0  89 1 9 1 2 4 8 16 32 64 128 256
 854  894  418 0  57 1 9 1 2 4 8 16 32 64 128 256
 855  735  789 0  29 1 9 1 2 4 8 16 32 64 128 256
 856  588  366 0  29 1 9 1 2 4 8 16 32 64 128 256
 857  521   55 0  77 1 9 1 2 4 8 16 32 64 128 256
 858   49  239 0  73 1 9 1 2 4 8 16 32 64 128 256
 859  802  513 0  81 1 9 1 2 4 8 16 32 64 128 256
 860  985   37 0  25 1 9 1 2 4 8 16 32 64 128 256
 861  853  943 0  59 1 9 1 2 4 8 16 32 64 128 256
 862  529  553 0  80 1 9 1 2 4 8 16 32 64 128 256
 863  176  382 0  39 1 9 1 2 4 8 16 32 64 128 256
 864  924  605 0  46 1 9 1 2 4 8 16 32 64 128 256
 865  785  486 0  15 1 9 1 2 4 8 16 32 64 128 256
 866  575  508 0  48 1 9 1 2 4 8 16 32 64 128 256
 867  777  515 0  42 1 9 1 2 4 8 16 32 64 128 256
 868  513  434 0  33 1 9 1 2 4 8 16 32 64 128 256
 869  476  447 0  10 1 9 1 2 4 8 16 32 64 128 256
 870  464  233 0  55 1 9 1 2 4 8 16 32 64 128 256
 871  366  755 0  17 1 9 1 2 4 8 16 32 64 128 256
 872  189  507 0  74 1 9 1 2 4 8 16 32 64 128 256
 873  750  635 0  10 1 9 1 2 4 8 16 32 64 128 256
 874  845  978 0  54 1 9 1 2 4 8 16 32 64 128 256
 875  298  156 0  82 1 9 1 2 4 8 16 32 64 128 256
 876  377  969 0  59 1 9 1 2 4 8 16 32 64 128 256
 877  909  214 0  91 1 9 1 2 4 8 16 32 64 128 256
 878  206  190 0  75 1 9 1 2 4 8 16 32 64 128 256
 879  904  320 0  95 1 9 1 2 4 8 16 32 64 128 256
 880  260  382 0  80 1 9 1 2 4 8 16 32 64 128 256
 881  437  574 0  33 1 9 1 2 4 8 16 32 64 128 256
 882  199  941 0  70 1 9 1 2 4 8 16 32 64 128 256
 883  285  304 0  65 1 9 1 2 4 8 16 32 64 128 256
 884  282  870 0  39 1 9 1 2 4 8 16 32 64 128 256
 885  961  754 0  16 1 9 1 2 4 8 16 32 64 128 256
 886  341   70 0  49 1 9 1 2 4 8 16 32 64 128 256
 887  982  711 0  83 1 9 1 2 4 8 16 32 64 128 256
 888  921  103 0  43 1 9 1 2 4 8 16 32 64 128 256
 889  425  660 0  51 1 9 1 2 4 8 16 32 64 128 256
 890  911  788 0  47 1 9 1 2 4 8 16 32 64 128 256
 891   80  189 0  13 1 9 1 2 4 8 16 32 64 128 256
 892  982  728 0  98 1 9 1 2 4 8 16 32 64 128 256
 893  424  822 0  76 1 9 1 2 4 8 16 32 64 128 256
 894  982  870 0  15 1 9 1 2 4 8 16 32 64 128 256
 895  443  240 0  12 1 9 1 2 4 8 16 32 64 128 256
 896  196  816 0  93 1 9 1 2 4 8 16 32 64 128 256
 897  169  252 0  50 1 9 1 2 4 8 16 32 64 128 256
 898  285  349 0  78 1 9 1 2 4 8 16 32 64 128 256
 899  468  546 0  61 1 9 1 2 4 8 16 32 64 128 256
 900  485  985 0  26 1 9 1 2 4 8 16 32 64 128 256
 901  450  184 0  25 1 9 1 2 4 8 16 32 64 128 256
 902  920  650 0  89 1 9 1 2 4 8 16 32 64 128 256
 903  934  488 0  27 1 9 1 2 4 8 16 32 64 128 256
 904  616  353 0  82 1 9 1 2 4 8 16 32 64 128 256
 905  652  810 0  77 1 9 1 2 4 8 16 32 64 128 256
 906  577  395 0  33 1 9 1 2 4 8 16 32 64 128 256
 907  393  130 0  27 1 9 1 2 4 8 16 32 64 128 256
 908  101  944 0  80 1 9 1 2 4 8 16 32 64 128 256
 909  251  614 0   7 1 9 1 2 4 8 16 32 64 128 256
 910  995  497 0  93 1 9 1 2 4 8 16 32 64 128 256
 911  290  933 0  27 1 9 1 2 4 8 16 32 64 128 256
 912  474  941 0  12 1 9 1 2 4 8 16 32 64 128 256
 913   29  465 0  22 1 9 1 2 4 8 16 32 64 128 256
 914  249  763 0  96 1 9 1 2 4 8 16 32 64 128 256
 915  720  420 0  33 1 9 1 2 4 8 16 32 64 128 256
 916  695  816 0  29 1 9 1 2 4 8 16 32 64 128 256
 917  734  165 0  48 1 9 1 2 4 8 16 32 64 128 256
 918  171  850 0  20 1 9 1 2 4 8 16 32 64 128 256
 919  683  724 0  61 1 9 1 2 4 8 16 32 64 128 256
 920  951  816 0  24 1 9 1 2 4 8 16 32 64 128 256
 921  534  552 0  20 1 9 1 2 4 8 16 32 64 128 256
 922  554  707 0  83 1 9 1 2 4 8 16 32 64 128 256
 923  353   93 0  26 1 9 1 2 4 8 16 32 64 128 256
 924  364  621 0  87 1 9 1 2 4 8 16 32 64 128 256
 925  553  712 0  73 1 9 1 2 4 8 16 32 64 128 256
 926  881  489 0  87 1 9 1 2 4 8 16 32 64 128 256
 927  892  503 0  97 1 9 1 2 4 8 16 32 64 128 256
 928  835  371 0  26 1 9 1 2 4 8 16 32 64 128 256
 929  459  846 0  65 1 9 1 2 4 8 16 32 64 128 256
 930  246  105 0  23 1 9 1 2 4 8 16 32 64 128 256
 931  278  683 0  27 1 9 1 2 4 8 16 32 64 128 256
 932  807  325 0  59 1 9 1 2 4 8 16 32 64 128 256
 933  490  184 0  34 1 9 1 2 4 8 16 32 64 128 256
 934  114  486 0  18 1 9 1 2 4 8 16 32 64 128 256
 935  515  297 0  18 1 9 1 2 4 8 16 32 64 128 256
 936  106  219 0  41 1 9 1 2 4 8 16 32 64 128 256
 937  920  394 0   4 1 9 1 2 4 8 16 32 64 128 256
 938   20  334 0  47 1 9 1 2 4 8 16 32 64 128 256
 939  548  549 0  42 1 9 1 2 4 8 16 32 64 128 256
 940  317  814 0  12 1 9 1 2 4 8 16 32 64 128 256
 941  725  785 0   9 1 9 1 2 4 8 16 32 64 128 256
 942  792  182 0  38 1 9 1 2 4 8 16 32 64 128 256
 943  477  754 0  87 1 9 1 2 4 8 16 32 64 128 256
 944  158  752 0  90 1 9 1 2 4 8 16 32 64 128 256
 945  836  320 0  92 1 9 1 2 4 8 16 32 64 128 256
 946  984  251 0  84 1 9 1 2 4 8 16 32 64 128 256
 947   96  731 0  97 1 9 1 2 4 8 16 32 64 128 256
 948  832  566 0  20 1 9 1 2 4 8 16 32 64 128 256
 949  822  656 0  86 1 9 1 2 4 8 16 32 64 128 256
 950  648  551 0  54 1 9 1 2 4 8 16 32 64 128 256
 951  729  674 0  19 1 9 1 2 4 8 16 32 64 128 256
 952  523  421 0  66 1 9 1 2 4 8 16 32 64 128 256
 953  237  531 0  64 1 9 1 2 4 8 16 32 64 128 256
 954  425  342 0   7 1 9 1 2 4 8 16 32 64 128 256
 955  603   54 0  64 1 9 1 2 4 8 16 32 64 128 256
 956  846  648 0  13 1 9 1 2 4 8 16 32 64 128 256
 957  864  183 0  15 1 9 1 2 4 8 16 32 64 128 256
 958  672  690 0  22 1 9 1 2 4 8 16 32 64 128 256
 959  449  536 0  13 1 9 1 2 4 8 16 32 64 128 256
 960  227  564 0  83 1 9 1 2 4 8 16 32 64 128 256
 961  446  998 0  85 1 9 1 2 4 8 16 32 64 128 256
 962  130  561 0  30 1 9 1 2 4 8 16 32 64 128 256
 963  978  234 0  62 1 9 1 2 4 8 16 32 64 128 256
 964  523  634 0  32 1 9 1 2 4 8 16 32 64 128 256
 965  181  980 0  86 1 9 1 2 4 8 16 32 64 128 256
 966  380  981 0  64 1 9 1 2 4 8 16 32 64 128 256
 967  871  489 0  67 1 9 1 2 4 8 16 32 64 128 256
 968  422  584 0  78 1 9 1 2 4 8 16 32 64 128 256
 969  452  483 0  25 1 9 1 2 4 8 16 32 64 128 256
 970  565  824 0  41 1 9 1 2 4 8 16 32 64 128 256
 971    4  306 0  92 1 9 1 2 4 8 16 32 64 128 256
 972  109  106 0  44 1 9 1 2 4 8 16 32 64 128 256
 973  978  554 0  28 1 9 1 2 4 8 16 32 64 128 256
 974  236  583 0   3 1 9 1 2 4 8 16 32 64 128 256
 975  702  922 0  43 1 9 1 2 4 8 16 32 64 128 256
 976  481  111 0  39 1 9 1 2 4 8 16 32 64 128 256
 977  131  747 0  55 1 9 1 2 4 8 16 32 64 128 256
 978  753  650 0  79 1 9 1 2 4 8 16 32 64 128 256
 979  423  663 0  67 1 9 1 2 4 8 16 32 64 128 256
 980  261  786 0  51 1 9 1 2 4 8 16 32 64 128 256
 981  545  889 0  53 1 9 1 2 4 8 16 32 64 128 256
 982  281  733 0  56 1 9 1 2 4 8 16 32 64 128 256
 983  278  439 0  62 1 9 1 2 4 8 16 32 64 128 256
 984  696  700 0  49 1 9 1 2 4 8 16 32 64 128 256
 985  321  637 0   4 1 9 1 2 4 8 16 32 64 128 256
 986  618  838 0  30 1 9 1 2 4 8 16 32 64 128 256
 987   70  365 0  56 1 9 1 2 4 8 16 32 64 128 256
 988  200  396 0  55 1 9 1 2 4 8 16 32 64 128 256
 989  637  537 0  87 1 9 1 2 4 8 16 32 64 128 256
 990  205  591 0  79 1 9 1 2 4 8 16 32 64 128 256
 991  407  603 0  32 1 9 1 2 4 8 16 32 64 128 256
 992  395  762 0   5 1 9 1 2 4 8 16 32 64 128 256
 993  502  405 0   3 1 9 1 2 4 8 16 32 64 128 256
 994  736  497 0  92 1 9 1 2 4 8 16 32 64 128 256
 995  193  942 0  54 1 9 1 2 4 8 16 32 64 128 256
 996  101  595 0  16 1 9 1 2 4 8 16 32 64 128 256
 997  216  539 0  90 1 9 1 2 4 8 16 32 64 128 256
 998  788  505 0  91 1 9 1 2 4 8 16 32 64 128 256
 999  887  866 0  63 1 9 1 2 4 8 16 32 64 128 256
1000  450  398 0  73 1 9 1 2 4 8 16 32 64 128 256
1001  881  487 0   7 1 9 1 2 4 8 16 32 64 128 256
1002  606    3 0  96 1 9 1 2 4 8 16 32 64 128 256
1003  185  553 0  44 1 9 1 2 4 8 16 32 64 128 256
1004  618  208 0  34 1 9 1 2 4 8 16 32 64 128 256
1005  531  437 0  22 1 9 1 2 4 8 16 32 64 128 256
1006  413  978 0  12 1 9 1 2 4 8 16 32 64 128 256
1007  259  841 0  69 1 9 1 2 4 8 16 32 64 128 256
1008  788  287 0  33 1 9 1 2 4 8 16 32 64 128 256
1009   82  898 0  98 1 9 1 2 4 8 16 32 64 128 256
1010  286  872 0   1 1 9 1 2 4 8 16 32 64 128 256
1011   78   51 0  10 1 9 1 2 4 8 16 32 64 128 256
1012  273  667 0  15 1 9 1 2 4 8 16 32 64 128 256
1013  818  104 0  75 1 9 1 2 4 8 16 32 64 128 256
1014  531  828 0  57 1 9 1 2 4 8 16 32 64 128 256
1015  879  342 0  81 1 9 1 2 4 8 16 32 64 128 256
1016  676  961 0  76 1 9 1 2 4 8 16 32 64 128 256
1017  689  461 0  60 1 9 1 2 4 8 16 32 64 128 256
1018  310  170 0  56 1 9 1 2 4 8 16 32 64 128 256
1019  820  641 0  61 1 9 1 2 4 8 16 32 64 128 256
1020  113  842 0  25 1 9 1 2 4 8 16 32 64 128 256
1021  513  952 0  25 1 9 1 2 4 8 16 32 64 128 256
1022  787  958 0  16 1 9 1 2 4 8 16 32 64 128 256
1023  887  542 0  29 1 9 1 2 4 8 16 32 64 128 256
1024  979  218 0  40 1 9 1 2 4 8 16 32 64 128 256
1025  957  615 0  84 1 9 1 2 4 8 16 32 64 128 256
1026  949  576 0  89 1 9 1 2 4 8 16 32 64 128 256
1027  541  130 0  88 1 9 1 2 4 8 16 32 64 128 256
1028  749  159 0  84 1 9 1 2 4 8 16 32 64 128 256
1029   80  331 0  31 1 9 1 2 4 8 16 32 64 128 256
1030  668  402 0  16 1 9 1 2 4 8 16 32 64 128 256
1031  532  992 0  85 1 9 1 2 4 8 16 32 64 128 256
1032  515  484 0  69 1 9 1 2 4 8 16 32 64 128 256
1033  687  826 0  10 1 9 1 2 4 8 16 32 64 128 256
1034  838  195 0  76 1 9 1 2 4 8 16 32 64 128 256
1035  398  631 0  56 1 9 1 2 4 8 16 32 64 128 256
1036  328  870 0  40 1 9 1 2 4 8 16 32 64 128 256
1037  645  758 0  48 1 9 1 2 4 8 16 32 64 128 256
1038  576  245 0  24 1 9 1 2 4 8 16 32 64 128 256
1039  583  108 0  56 1 9 1 2 4 8 16 32 64 128 256
1040  110  281 0  34 1 9 1 2 4 8 16 32 64 128 256
1041  464  590 0  30 1 9 1 2 4 8 16 32 64 128 256
1042  353  372 0  37 1 9 1 2 4 8 16 32 64 128 256
1043  449  382 0  43 1 9 1 2 4 8 16 32 64 128 256
1044  593  661 0  38 1 9 1 2 4 8 16 32 64 128 256
1045  498  844 0  33 1 9 1 2 4 8 16 32 64 128 256
1046  876  379 0  84 1 9 1 2 4 8 16 32 64 128 256
1047  231  442 0  78 1 9 1 2 4 8 16 32 64 128 256
1048  981  256 0 100 1 9 1 2 4 8 16 32 64 128 256
1049   77  640 0  53 1 9 1 2 4 8 16 32 64 128 256
1050   67  275 0  66 1 9 1 2 4 8 16 32 64 128 256
1051  428  272 0  98 1 9 1 2 4 8 16 32 64 128 256
1052  985  657 0  64 1 9 1 2 4 8 16 32 64 128 256
1053  217  337 0  92 1 9 1 2 4 8 16 32 64 128 256
1054  598  418 0  31 1 9 1 2 4 8 16 32 64 128 256
1055  938  501 0  88 1 9 1 2 4 8 16 32 64 128 256
1056  688  690 0  67 1 9 1 2 4 8 16 32 64 128 256
1057  242  600 0  69 1 9 1 2 4 8 16 32 64 128 256
1058  809  482 0  57 1 9 1 2 4 8 16 32 64 128 256
1059  145  159 0  66 1 9 1 2 4 8 16 32 64 128 256
1060  259  911 0  17 1 9 1 2 4 8 16 32 64 128 256
1061  179   30 0  32 1 9 1 2 4 8 16 32 64 128 256
1062 1000  748 0  73 1 9 1 2 4 8 16 32 64 128 256
1063  297  509 0  58 1 9 1 2 4 8 16 32 64 128 256
1064  153  830 0  12 1 9 1 2 4 8 16 32 64 128 256
1065  623  974 0  12 1 9 1 2 4 8 16 32 64 128 256
1066  463  311 0  45 1 9 1 2 4 8 16 32 64 128 256
1067  922  918 0  78 1 9 1 2 4 8 16 32 64 128 256
1068  936  588 0  74 1 9 1 2 4 8 16 32 64 128 256
1069  666  995 0  35 1 9 1 2 4 8 16 32 64 128 256
1070  454  656 0  59 1 9 1 2 4 8 16 32 64 128 256
1071  817  560 0  12 1 9 1 2 4 8 16 32 64 128 256
1072  511  828 0  79 1 9 1 2 4 8 16 32 64 128 256
1073  705  763 0  34 1 9 1 2 4 8 16 32 64 128 256
1074  906  986 0  37 1 9 1 2 4 8 16 32 64 128 256
1075  889  232 0  30 1 9 1 2 4 8 16 32 64 128 256
1076  225   78 0  22 1 9 1 2 4 8 16 32 64 128 256
1077  733  405 0  23 1 9 1 2 4 8 16 32 64 128 256
1078  440  177 0  63 1 9 1 2 4 8 16 32 64 128 256
1079  990   83 0  87 1 9 1 2 4 8 16 32 64 128 256
1080  589  531 0  88 1 9 1 2 4 8 16 32 64 128 256
1081   37  977 0  61 1 9 1 2 4 8 16 32 64 128 256
1082  330  468 0  64 1 9 1 2 4 8 16 32 64 128 256
1083  989  835 0  60 1 9 1 2 4 8 16 32 64 128 256
1084  337   42 0  69 1 9 1 2 4 8 16 32 64 128 256
1085  590  798 0   7 1 9 1 2 4 8 16 32 64 128 256
1086  898  906 0  20 1 9 1 2 4 8 16 32 64 128 256
1087  325  606 0  97 1 9 1 2 4 8 16 32 64 128 256
1088   79  349 0  36 1 9 1 2 4 8 16 32 64 128 256
1089  224   17 0  90 1 9 1 2 4 8 16 32 64 128 256
1090  257  354 0  54 1 9 1 2 4 8 16 32 64 128 256
1091  761  832 0  61 1 9 1 2 4 8 16 32 64 128 256
1092  549  554 0  51 1 9 1 2 4 8 16 32 64 128 256
1093  393  659 0  79 1 9 1 2 4 8 16 32 64 128 256
1094  349  389 0  97 1 9 1 2 4 8 16 32 64 128 256
1095  626  146 0  48 1 9 1 2 4 8 16 32 64 128 256
1096  421  673 0  54 1 9 1 2 4 8 16 32 64 128 256
1097  925  291 0  21 1 9 1 2 4 8 16 32 64 128 256
1098  930  364 0  21 1 9 1 2 4 8 16 32 64 128 256
1099  278  522 0  18 1 9 1 2 4 8 16 32 64 128 256
1100  609  343 0  75 1 9 1 2 4 8 16 32 64 128 256
1101  145  757 0   7 1 9 1 2 4 8 16 32 64 128 256
1102  737  346 0  90 1 9 1 2 4 8 16 32 64 128 256
1103   66  249 0  14 1 9 1 2 4 8 16 32 64 128 256
1104   10  138 0  26 1 9 1 2 4 8 16 32 64 128 256
1105  280  984 0  91 1 9 1 2 4 8 16 32 64 128 256
1106  354  587 0  77 1 9 1 2 4 8 16 32 64 128 256
1107  976  409 0  67 1 9 1 2 4 8 16 32 64 128 256
1108  483  333 0   7 1 9 1 2 4 8 16 32 64 128 256
1109  421  685 0  13 1 9 1 2 4 8 16 32 64 128 256
1110  880  142 0  69 1 9 1 2 4 8 16 32 64 128 256
1111  957  694 0  17 1 9 1 2 4 8 16 32 64 128 256
1112  393  722 0  84 1 9 1 2 4 8 16 32 64 128 256
1113  548  697 0  58 1 9 1 2 4 8 16 32 64 128 256
1114  777  356 0  84 1 9 1 2 4 8 16 32 64 128 256
1115   84  705 0   7 1 9 1 2 4 8 16 32 64 128 256
1116  337  820 0  21 1 9 1 2 4 8 16 32 64 128 256
1117  599  203 0  13 1 9 1 2 4 8 16 32 64 128 256
1118   90  175 0  43 1 9 1 2 4 8 16 32 64 128 256
1119  622  647 0  84 1 9 1 2 4 8 16 32 64 128 256
1120  947  538 0  96 1 9 1 2 4 8 16 32 64 128 256
1121  437  692 0  40 1 9 1 2 4 8 16 32 64 128 256
1122  412  120 0  64 1 9 1 2 4 8 16 32 64 128 256
1123  896  971 0  36 1 9 1 2 4 8 16 32 64 128 256
1124  246  617 0  30 1 9 1 2 4 8 16 32 64 128 256
1125  456  456 0  48 1 9 1 2 4 8 16 32 64 128 256
1126  318  214 0  78 1 9 1 2 4 8 16 32 64 128 256
1127  239  244 0   7 1 9 1 2 4 8 16 32 64 128 256
1128  781  329 0  84 1 9 1 2 4 8 16 32 64 128 256
1129  421  107 0  96 1 9 1 2 4 8 16 32 64 128 256
1130  483  668 0  67 1 9 1 2 4 8 16 32 64 128 256
1131  996  581 0  11 1 9 1 2 4 8 16 32 64 128 256
1132  388  857 0  89 1 9 1 2 4 8 16 32 64 128 256
1133  830  727 0  24 1 9 1 2 4 8 16 32 64 128 256
1134  884  244 0  39 1 9 1 2 4 8 16 32 64 128 256
1135  851  152 0  12 1 9 1 2 4 8 16 32 64 128 256
1136  451  196 0  22 1 9 1 2 4 8 16 32 64 128 256
1137  816    1 0   3 1 9 1 2 4 8 16 32 64 128 256
1138  795  798 0   5 1 9 1 2 4 8 16 32 64 128 256
1139  475  827 0  28 1 9 1 2 4 8 16 32 64 128 256
1140  813  200 0  97 1 9 1 2 4 8 16 32 64 128 256
1141  366  683 0  73 1 9 1 2 4 8 16 32 64 128 256
1142   23  546 0  26 1 9 1 2 4 8 16 32 64 128 256
1143  873  731 0  10 1 9 1 2 4 8 16 32 64 128 256
1144  426  411 0  85 1 9 1 2 4 8 16 32 64 128 256
1145  398  126 0  23 1 9 1 2 4 8 16 32 64 128 256
1146  994  570 0   8 1 9 1 2 4 8 16 32 64 128 256
1147  272    0 0  97 1 9 1 2 4 8 16 32 64 128 256
1148  753  840 0  12 1 9 1 2 4 8 16 32 64 128 256
1149  641   28 0  60 1 9 1 2 4 8 16 32 64 128 256
1150  669  905 0  55 1 9 1 2 4 8 16 32 64 128 256
1151  507   81 0  48 1 9 1 2 4 8 16 32 64 128 256
1152  857  605 0  30 1 9 1 2 4 8 16 32 64 128 256
1153  199  651 0  63 1 9 1 2 4 8 16 32 64 128 256
1154  749  775 0  81 1 9 1 2 4 8 16 32 64 128 256
1155   16  155 0  85 1 9 1 2 4 8 16 32 64 128 256
1156  897  777 0  86 1 9 1 2 4 8 16 32 64 128 256
1157  429  940 0  70 1 9 1 2 4 8 16 32 64 128 256
1158  764  161 0  65 1 9 1 2 4 8 16 32 64 128 256
1159  569  597 0  64 1 9 1 2 4 8 16 32 64 128 256
1160  288  287 0  61 1 9 1 2 4 8 16 32 64 128 256
1161   76  499 0  98 1 9 1 2 4 8 16 32 64 128 256
1162  569  620 0  61 1 9 1 2 4 8 16 32 64 128 256
1163  909  938 0  57 1 9 1 2 4 8 16 32 64 128 256
1164  933  251 0  15 1 9 1 2 4 8 16 32 64 128 256
1165  346  848 0  36 1 9 1 2 4 8 16 32 64 128 256
1166  117  604 0  55 1 9 1 2 4 8 16 32 64 128 256
1167  471  245 0  81 1 9 1 2 4 8 16 32 64 128 256
1168  354  611 0  32 1 9 1 2 4 8 16 32 64 128 256
1169  699  436 0   6 1 9 1 2 4 8 16 32 64 128 256
1170   39  525 0  55 1 9 1 2 4 8 16 32 64 128 256
1171   27  918 0   3 1 9 1 2 4 8 16 32 64 128 256
1172  289  119 0  34 1 9 1 2 4 8 16 32 64 128 256
1173  825  813 0  20 1 9 1 2 4 8 16 32 64 128 256
1174  527  181 0  38 1 9 1 2 4 8 16 32 64 128 256
1175  133  878 0  84 1 9 1 2 4 8 16 32 64 128 256
1176    4  886 0  46 1 9 1 2 4 8 16 32 64 128 256
1177  883  561 0  71 1 9 1 2 4 8 16 32 64 128 256
1178  355  400 0  71 1 9 1 2 4 8 16 32 64 128 256
1179  979  917 0  28 1 9 1 2 4 8 16 32 64 128 256
1180   97  521 0  68 1 9 1 2 4 8 16 32 64 128 256
1181  232  501 0   3 1 9 1 2 4 8 16 32 64 128 256
1182  203  772 0  59 1 9 1 2 4 8 16 32 64 128 256
1183  577  905 0  35 1 9 1 2 4 8 16 32 64 128 256
1184  170  310 0  95 1 9 1 2 4 8 16 32 64 128 256
1185  322  598 0  42 1 9 1 2 4 8 16 32 64 128 256
1186  533  298 0  29 1 9 1 2 4 8 16 32 64 128 256
1187  621   64 0  44 1 9 1 2 4 8 16 32 64 128 256
1188  577  694 0  62 1 9 1 2 4 8 16 32 64 128 256
1189  660  654 0  77 1 9 1 2 4 8 16 32 64 128 256
1190  209  419 0  77 1 9 1 2 4 8 16 32 64 128 256
1191  250  309 0  26 1 9 1 2 4 8 16 32 64 128 256
1192  831  365 0  53 1 9 1 2 4 8 16 32 64 128 256
1193  177    8 0  46 1 9 1 2 4 8 16 32 64 128 256
1194  889  330 0  62 1 9 1 2 4 8 16 32 64 128 256
1195  335  813 0  60 1 9 1 2 4 8 16 32 64 128 256
1196  253  559 0   3 1 9 1 2 4 8 16 32 64 128 256
1197  651  584 0  37 1 9 1 2 4 8 16 32 64 128 256
1198  247  598 0  46 1 9 1 2 4 8 16 32 64 128 256
1199  918  796 0  65 1 9 1 2 4 8 16 32 64 128 256
1200  456  461 0  78 1 9 1 2 4 8 16 32 64 128 256
1201  828  356 0  21 1 9 1 2 4 8 16 32 64 128 256
1202  723  676 0  40 1 9 1 2 4 8 16 32 64 128 256
1203  609  512 0  56 1 9 1 2 4 8 16 32 64 128 256
1204  981  518 0  19 1 9 1 2 4 8 16 32 64 128 256
1205  718  964 0  99 1 9 1 2 4 8 16 32 64 128 256
1206  529  530 0  24 1 9 1 2 4 8 16 32 64 128 256
1207  721  310 0  59 1 9 1 2 4 8 16 32 64 128 256
1208  906  826 0  19 1 9 1 2 4 8 16 32 64 128 256
1209  253  594 0  14 1 9 1 2 4 8 16 32 64 128 256
1210  999  692 0  12 1 9 1 2 4 8 16 32 64 128 256
1211  548  606 0  80 1 9 1 2 4 8 16 32 64 128 256
1212  509  805 0  46 1 9 1 2 4 8 16 32 64 128 256
1213   38  509 0  91 1 9 1 2 4 8 16 32 64 128 256
1214  987  188 0  24 1 9 1 2 4 8 16 32 64 128 256
1215  346   16 0  77 1 9 1 2 4 8 16 32 64 128 256
1216   13  448 0  71 1 9 1 2 4 8 16 32 64 128 256
1217  363  752 0  15 1 9 1 2 4 8 16 32 64 128 256
1218  318  753 0  90 1 9 1 2 4 8 16 32 64 128 256
1219  958  675 0  76 1 9 1 2 4 8 16 32 64 128 256
1220  566  193 0  63 1 9 1 2 4 8 16 32 64 128 256
1221   85  159 0  85 1 9 1 2 4 8 16 32 64 128 256
1222  295  346 0   4 1 9 1 2 4 8 16 32 64 128 256
1223  103  256 0  33 1 9 1 2 4 8 16 32 64 128 256
1224  408  138 0  88 1 9 1 2 4 8 16 32 64 128 256
1225  365  640 0  55 1 9 1 2 4 8 16 32 64 128 256
1226  992  554 0  15 1 9 1 2 4 8 16 32 64 128 256
1227   17  608 0  99 1 9 1 2 4 8 16 32 64 128 256
1228  675  447 0  54 1 9 1 2 4 8 16 32 64 128 256
1229   82  822 0  21 1 9 1 2 4 8 16 32 64 128 256
1230  354  914 0  69 1 9 1 2 4 8 16 32 64 128 256
1231  979  479 0  60 1 9 1 2 4 8 16 32 64 128 256
1232  361  229 0  91 1 9 1 2 4 8 16 32 64 128 256
1233  454  817 0   2 1 9 1 2 4 8 16 32 64 128 256
1234   74  427 0  40 1 9 1 2 4 8 16 32 64 128 256
1235  703  954 0  26 1 9 1 2 4 8 16 32 64 128 256
1236  846  236 0 100 1 9 1 2 4 8 16 32 64 128 256
1237  654  514 0  62 1 9 1 2 4 8 16 32 64 128 256
1238  506  891 0  78 1 9 1 2 4 8 16 32 64 128 256
1239  956  914 0  68 1 9 1 2 4 8 16 32 64 128 256
1240  224  650 0  95 1 9 1 2 4 8 16 32 64 128 256
1241  293  554 0  44 1 9 1 2 4 8 16 32 64 128 256
1242  899  621 0  23 1 9 1 2 4 8 16 32 64 128 256
1243  466  709 0  50 1 9 1 2 4 8 16 32 64 128 256
1244  374  638 0  13 1 9 1 2 4 8 16 32 64 128 256
1245  221  650 0  61 1 9 1 2 4 8 16 32 64 128 256
1246  655  660 0  56 1 9 1 2 4 8 16 32 64 128 256
1247  965  759 0  44 1 9 1 2 4 8 16 32 64 128 256
1248  838  809 0  44 1 9 1 2 4 8 16 32 64 128 256
1249  370  439 0  36 1 9 1 2 4 8 16 32 64 128 256
1250  535  404 0 100 1 9 1 2 4 8 16 32 64 128 256
1251  661  159 0   5 1 9 1 2 4 8 16 32 64 128 256
1252    1  972 0  90 1 9 1 2 4 8 16 32 64 128 256
1253  437  737 0  74 1 9 1 2 4 8 16 32 64 128 256
1254  115  101 0  79 1 9 1 2 4 8 16 32 64 128 256
1255  184  588 0  32 1 9 1 2 4 8 16 32 64 128 256
1256  551  891 0  14 1 9 1 2 4 8 16 32 64 128 256
1257  913  172 0  24 1 9 1 2 4 8 16 32 64 128 256
1258  756  674 0  12 1 9 1 2 4 8 16 32 64 128 256
1259  780  512 0  84 1 9 1 2 4 8 16 32 64 128 256
1260  647   79 0  34 1 9 1 2 4 8 16 32 64 128 256
1261  367  673 0  70 1 9 1 2 4 8 16 32 64 128 256
1262  414  637 0  21 1 9 1 2 4 8 16 32 64 128 256
1263  965  539 0  36 1 9 1 2 4 8 16 32 64 128 256
1264  247  920 0  86 1 9 1 2 4 8 16 32 64 128 256
1265  893  992 0  99 1 9 1 2 4 8 16 32 64 128 256
1266   85  389 0  51 1 9 1 2 4 8 16 32 64 128 256
1267  437  445 0  52 1 9 1 2 4 8 16 32 64 128 256
1268  305  219 0  46 1 9 1 2 4 8 16 32 64 128 256
1269  621  177 0  55 1 9 1 2 4 8 16 32 64 128 256
1270  617  578 0   2 1 9 1 2 4 8 16 32 64 128 256
1271  741  420 0  21 1 9 1 2 4 8 16 32 64 128 256
1272  634  517 0  19 1 9 1 2 4 8 16 32 64 128 256
1273  912  420 0  34 1 9 1 2 4 8 16 32 64 128 256
1274  889   85 0  30 1 9 1 2 4 8 16 32 64 128 256
1275  144  261 0  35 1 9 1 2 4 8 16 32 64 128 256
1276  260  716 0  73 1 9 1 2 4 8 16 32 64 128 256
1277  488  180 0  67 1 9 1 2 4 8 16 32 64 128 256
1278   69  105 0   5 1 9 1 2 4 8 16 32 64 128 256
1279  834   26 0  55 1 9 1 2 4 8 16 32 64 128 256
1280  445  368 0  72 1 9 1 2 4 8 16 32 64 128 256
1281  396  708 0  47 1 9 1 2 4 8 16 32 64 128 256
1282   51  476 0  70 1 9 1 2 4 8 16 32 64 128 256
1283  870  884 0  16 1 9 1 2 4 8 16 32 64 128 256
1284  395  171 0   6 1 9 1 2 4 8 16 32 64 128 256
1285  757  122 0  19 1 9 1 2 4 8 16 32 64 128 256
1286    6  785 0  69 1 9 1 2 4 8 16 32 64 128 256
1287  296  231 0   3 1 9 1 2 4 8 16 32 64 128 256
1288  651  671 0  75 1 9 1 2 4 8 16 32 64 128 256
1289  863  638 0  68 1 9 1 2 4 8 16 32 64 128 256
1290  681  173 0  95 1 9 1 2 4 8 16 32 64 128 256
1291  668  814 0  10 1 9 1 2 4 8 16 32 64 128 256
1292  256  415 0  15 1 9 1 2 4 8 16 32 64 128 256
1293  733  522 0  69 1 9 1 2 4 8 16 32 64 128 256
1294    2  618 0  42 1 9 1 2 4 8 16 32 64 128 256
1295  599  293 0  90 1 9 1 2 4 8 16 32 64 128 256
1296   61   62 0  89 1 9 1 2 4 8 16 32 64 128 256
1297  833  691 0  54 1 9 1 2 4 8 16 32 64 128 256
1298  916   42 0  42 1 9 1 2 4 8 16 32 64 128 256
1299  214  395 0  60 1 9 1 2 4 8 16 32 64 128 256
1300  392  585 0  57 1 9 1 2 4 8 16 32 64 128 256
1301   37  773 0  38 1 9 1 2 4 8 16 32 64 128 256
1302  138  787 0  13 1 9 1 2 4 8 16 32 64 128 256
1303  253   11 0  36 1 9 1 2 4 8 16 32 64 128 256
1304  895  474 0  86 1 9 1 2 4 8 16 32 64 128 256
1305   13  678 0  51 1 9 1 2 4 8 16 32 64 128 256
1306  235  508 0  51 1 9 1 2 4 8 16 32 64 128 256
1307  280  177 0  34 1 9 1 2 4 8 16 32 64 128 256
1308  652  367 0  88 1 9 1 2 4 8 16 32 64 128 256
1309  863  525 0  32 1 9 1 2 4 8 16 32 64 128 256
1310  974  509 0  85 1 9 1 2 4 8 16 32 64 128 256
1311  117  403 0  62 1 9 1 2 4 8 16 32 64 128 256
1312  456  634 0  69 1 9 1 2 4 8 16 32 64 128 256
1313  386  881 0  68 1 9 1 2 4 8 16 32 64 128 256
1314  679   90 0  68 1 9 1 2 4 8 16 32 64 128 256
1315  743  145 0  15 1 9 1 2 4 8 16 32 64 128 256
1316  981  751 0  55 1 9 1 2 4 8 16 32 64 128 256
1317   61  532 0   0 0 0
1318   12  193 0   0 0 0
1319  637  581 0   0 0 0
1320  172  345 0   0 0 0
1321   13  923 0   0 0 0
1322  900  543 0   0 0 0
1323   80  266 0   0 0 0
1324  696  602 0   0 0 0
1325  727  722 0   0 0 0
