2 418 1330 3
0 248
0 248
0 248
   1  819  783 0  93 1 3 1 2 4
   2  686  800 0  97 1 3 1 2 4
   3   47  808 0  41 1 3 1 2 4
   4    8  835 0  38 1 3 1 2 4
   5  997  333 0  24 1 3 1 2 4
   6  237  259 0  30 1 3 1 2 4
   7  943  593 0  22 1 3 1 2 4
   8    3  297 0  57 1 3 1 2 4
   9   49  357 0 100 1 3 1 2 4
  10  241   71 0  48 1 3 1 2 4
  11  462   70 0  34 1 3 1 2 4
  12  851  754 0  70 1 3 1 2 4
  13  991  538 0  58 1 3 1 2 4
  14  364  796 0  31 1 3 1 2 4
  15  870  314 0  29 1 3 1 2 4
  16  150  834 0  79 1 3 1 2 4
  17  507  588 0  25 1 3 1 2 4
  18  584  449 0  80 1 3 1 2 4
  19  773  258 0  70 1 3 1 2 4
  20  701  259 0  70 1 3 1 2 4
  21  634  485 0   2 1 3 1 2 4
  22  340   41 0   8 1 3 1 2 4
  23  973  734 0  68 1 3 1 2 4
  24  490  732 0   3 1 3 1 2 4
  25   11  674 0  25 1 3 1 2 4
  26  317  662 0   1 1 3 1 2 4
  27   62  847 0  23 1 3 1 2 4
  28  161  159 0  73 1 3 1 2 4
  29  840   24 0  89 1 3 1 2 4
  30   87  498 0   5 1 3 1 2 4
  31  510  591 0  96 1 3 1 2 4
  32  242  202 0  94 1 3 1 2 4
  33  279  318 0  95 1 3 1 2 4
  34  601  267 0  22 1 3 1 2 4
  35  221  751 0  97 1 3 1 2 4
  36  886  543 0  16 1 3 1 2 4
  37  598  727 0  60 1 3 1 2 4
  38  819  521 0  80 1 3 1 2 4
  39  155  380 0   9 1 3 1 2 4
  40  928  990 0  87 1 3 1 2 4
  41  894   28 0   9 1 3 1 2 4
  42  478  134 0  16 1 3 1 2 4
  43   19  134 0  66 1 3 1 2 4
  44  439  689 0  71 1 3 1 2 4
  45  528  883 0  22 1 3 1 2 4
  46  902  366 0  14 1 3 1 2 4
  47  275  632 0   1 1 3 1 2 4
  48  986  763 0  43 1 3 1 2 4
  49  946  462 0  21 1 3 1 2 4
  50  917   81 0   1 1 3 1 2 4
  51  102  543 0  96 1 3 1 2 4
  52  856  980 0  11 1 3 1 2 4
  53  319  441 0  18 1 3 1 2 4
  54  432  626 0  16 1 3 1 2 4
  55  403  791 0  96 1 3 1 2 4
  56  978  615 0  55 1 3 1 2 4
  57  241  658 0  97 1 3 1 2 4
  58  485  324 0  11 1 3 1 2 4
  59   68  830 0  36 1 3 1 2 4
  60  601  505 0  38 1 3 1 2 4
  61  997  268 0  86 1 3 1 2 4
  62   95  713 0  19 1 3 1 2 4
  63  811  586 0  20 1 3 1 2 4
  64  823  105 0  21 1 3 1 2 4
  65  684  803 0  50 1 3 1 2 4
  66  138  781 0  61 1 3 1 2 4
  67  842  189 0  61 1 3 1 2 4
  68  835  491 0  72 1 3 1 2 4
  69  326  157 0  96 1 3 1 2 4
  70  317  816 0  50 1 3 1 2 4
  71  579  530 0  32 1 3 1 2 4
  72  818  565 0  47 1 3 1 2 4
  73  507  674 0  89 1 3 1 2 4
  74  152  882 0  32 1 3 1 2 4
  75  412  711 0  70 1 3 1 2 4
  76  608  241 0   9 1 3 1 2 4
  77  732  278 0  88 1 3 1 2 4
  78  719   97 0  31 1 3 1 2 4
  79  479  592 0  63 1 3 1 2 4
  80  583  352 0  29 1 3 1 2 4
  81  874  490 0  88 1 3 1 2 4
  82  281  300 0   9 1 3 1 2 4
  83  890   39 0  49 1 3 1 2 4
  84  438  834 0  71 1 3 1 2 4
  85  997  388 0  50 1 3 1 2 4
  86  870  798 0   9 1 3 1 2 4
  87  437  442 0  86 1 3 1 2 4
  88  920  740 0  91 1 3 1 2 4
  89  289  523 0  97 1 3 1 2 4
  90  380  252 0   5 1 3 1 2 4
  91  136  870 0  16 1 3 1 2 4
  92   26  219 0  26 1 3 1 2 4
  93    8  268 0  25 1 3 1 2 4
  94  534   62 0  37 1 3 1 2 4
  95  905  180 0  37 1 3 1 2 4
  96  641  573 0  72 1 3 1 2 4
  97  921  268 0  83 1 3 1 2 4
  98  686  190 0  93 1 3 1 2 4
  99  151  889 0  12 1 3 1 2 4
 100  708  626 0  24 1 3 1 2 4
 101  447  237 0  12 1 3 1 2 4
 102   34  668 0  18 1 3 1 2 4
 103  748  403 0  20 1 3 1 2 4
 104  626  428 0  82 1 3 1 2 4
 105  999  813 0  69 1 3 1 2 4
 106  152  879 0  89 1 3 1 2 4
 107  441  505 0  70 1 3 1 2 4
 108  187  143 0  45 1 3 1 2 4
 109 1000  801 0  61 1 3 1 2 4
 110    4  139 0  20 1 3 1 2 4
 111  600  616 0  72 1 3 1 2 4
 112  397  599 0  55 1 3 1 2 4
 113  418  333 0  11 1 3 1 2 4
 114  761  300 0  80 1 3 1 2 4
 115  634  623 0  10 1 3 1 2 4
 116  210  263 0  51 1 3 1 2 4
 117  294  980 0  65 1 3 1 2 4
 118  705  451 0  82 1 3 1 2 4
 119  477  547 0  32 1 3 1 2 4
 120  338  626 0  77 1 3 1 2 4
 121  269  513 0  69 1 3 1 2 4
 122  448  680 0  33 1 3 1 2 4
 123  687  766 0  89 1 3 1 2 4
 124  568  349 0  92 1 3 1 2 4
 125   32  181 0  99 1 3 1 2 4
 126  747  876 0  92 1 3 1 2 4
 127   84  134 0  44 1 3 1 2 4
 128  595  982 0  86 1 3 1 2 4
 129  548  611 0  70 1 3 1 2 4
 130  741   98 0  93 1 3 1 2 4
 131  241  247 0  18 1 3 1 2 4
 132  401  500 0  52 1 3 1 2 4
 133  229  830 0   5 1 3 1 2 4
 134  730  944 0   4 1 3 1 2 4
 135  196  820 0   7 1 3 1 2 4
 136  941   31 0  47 1 3 1 2 4
 137  253  922 0  38 1 3 1 2 4
 138  354  720 0  27 1 3 1 2 4
 139  963  573 0  85 1 3 1 2 4
 140  492  912 0  99 1 3 1 2 4
 141  747  591 0  42 1 3 1 2 4
 142  282  537 0  76 1 3 1 2 4
 143  323  505 0  72 1 3 1 2 4
 144  760  181 0  14 1 3 1 2 4
 145  883  730 0  89 1 3 1 2 4
 146  117  716 0  44 1 3 1 2 4
 147  321  610 0  93 1 3 1 2 4
 148  496  498 0  72 1 3 1 2 4
 149  727  427 0  66 1 3 1 2 4
 150  788  915 0  47 1 3 1 2 4
 151  563  610 0  14 1 3 1 2 4
 152  737  388 0  85 1 3 1 2 4
 153   26  728 0   1 1 3 1 2 4
 154  128  826 0  43 1 3 1 2 4
 155  960  778 0  59 1 3 1 2 4
 156  113  721 0  61 1 3 1 2 4
 157  631  742 0  79 1 3 1 2 4
 158  206  314 0  64 1 3 1 2 4
 159  622  144 0  25 1 3 1 2 4
 160  175  321 0  46 1 3 1 2 4
 161  184  148 0  48 1 3 1 2 4
 162  469  399 0  69 1 3 1 2 4
 163  855  184 0  11 1 3 1 2 4
 164    0  201 0  81 1 3 1 2 4
 165  983  462 0  28 1 3 1 2 4
 166   53  605 0  28 1 3 1 2 4
 167  793  485 0  37 1 3 1 2 4
 168  372  163 0  32 1 3 1 2 4
 169  993  946 0  59 1 3 1 2 4
 170  493  621 0  43 1 3 1 2 4
 171  338   78 0  93 1 3 1 2 4
 172  523  871 0  91 1 3 1 2 4
 173  219  811 0  70 1 3 1 2 4
 174  979   42 0   1 1 3 1 2 4
 175  756  961 0  66 1 3 1 2 4
 176   44  670 0   8 1 3 1 2 4
 177  265  289 0   4 1 3 1 2 4
 178  419  261 0  73 1 3 1 2 4
 179  855  796 0  25 1 3 1 2 4
 180  836  414 0  22 1 3 1 2 4
 181  173  225 0  57 1 3 1 2 4
 182  771  812 0  49 1 3 1 2 4
 183  510  546 0  55 1 3 1 2 4
 184  436   32 0  63 1 3 1 2 4
 185  708  677 0   8 1 3 1 2 4
 186  748  456 0  49 1 3 1 2 4
 187  546   62 0  98 1 3 1 2 4
 188  160   13 0  31 1 3 1 2 4
 189  899   62 0  45 1 3 1 2 4
 190  829  389 0  76 1 3 1 2 4
 191  272  865 0  72 1 3 1 2 4
 192  974  873 0  37 1 3 1 2 4
 193  744  712 0  94 1 3 1 2 4
 194   22   42 0  32 1 3 1 2 4
 195   79  361 0  62 1 3 1 2 4
 196  765  474 0   9 1 3 1 2 4
 197  560  218 0  36 1 3 1 2 4
 198  934  301 0  84 1 3 1 2 4
 199  947  300 0  30 1 3 1 2 4
 200  414  695 0  31 1 3 1 2 4
 201  738  603 0  56 1 3 1 2 4
 202  828   65 0  34 1 3 1 2 4
 203  667  564 0  39 1 3 1 2 4
 204   47  228 0  49 1 3 1 2 4
 205  175  481 0  78 1 3 1 2 4
 206  466   81 0  29 1 3 1 2 4
 207  810  859 0  66 1 3 1 2 4
 208  259  397 0  38 1 3 1 2 4
 209  790  893 0  99 1 3 1 2 4
 210  774  452 0  99 1 3 1 2 4
 211  984  355 0  40 1 3 1 2 4
 212  484   93 0  37 1 3 1 2 4
 213  512  302 0  29 1 3 1 2 4
 214  260   73 0  66 1 3 1 2 4
 215  391  848 0  60 1 3 1 2 4
 216  978  707 0  20 1 3 1 2 4
 217  209  168 0  87 1 3 1 2 4
 218  697  906 0  48 1 3 1 2 4
 219  712  896 0  78 1 3 1 2 4
 220  834  985 0  20 1 3 1 2 4
 221  772  274 0  81 1 3 1 2 4
 222  308  231 0  18 1 3 1 2 4
 223  149  649 0  88 1 3 1 2 4
 224  848  205 0   3 1 3 1 2 4
 225 1000  140 0  13 1 3 1 2 4
 226  614  269 0  10 1 3 1 2 4
 227  869   24 0  61 1 3 1 2 4
 228   34    5 0  23 1 3 1 2 4
 229  312  563 0  17 1 3 1 2 4
 230  645  446 0  13 1 3 1 2 4
 231  357  670 0  72 1 3 1 2 4
 232    1  121 0  26 1 3 1 2 4
 233  852  194 0  99 1 3 1 2 4
 234  519  349 0  79 1 3 1 2 4
 235  334   81 0  91 1 3 1 2 4
 236  398  382 0  75 1 3 1 2 4
 237  254  670 0  53 1 3 1 2 4
 238  873  176 0  77 1 3 1 2 4
 239   14  762 0  26 1 3 1 2 4
 240  113  758 0  57 1 3 1 2 4
 241  977  888 0   6 1 3 1 2 4
 242   71  596 0  64 1 3 1 2 4
 243  664   20 0  54 1 3 1 2 4
 244  506  518 0  95 1 3 1 2 4
 245  576  675 0  85 1 3 1 2 4
 246   23  721 0  26 1 3 1 2 4
 247  603  520 0  70 1 3 1 2 4
 248  334  485 0  26 1 3 1 2 4
 249   33  170 0  53 1 3 1 2 4
 250  514  118 0   9 1 3 1 2 4
 251  802   15 0  63 1 3 1 2 4
 252  722  407 0  49 1 3 1 2 4
 253  134  448 0  41 1 3 1 2 4
 254  906   80 0  22 1 3 1 2 4
 255  343  794 0  20 1 3 1 2 4
 256  810  479 0  75 1 3 1 2 4
 257  750  196 0  47 1 3 1 2 4
 258  658  176 0  33 1 3 1 2 4
 259  874   22 0  99 1 3 1 2 4
 260   53  755 0  72 1 3 1 2 4
 261  338  567 0  91 1 3 1 2 4
 262  167  828 0  40 1 3 1 2 4
 263  614  437 0  18 1 3 1 2 4
 264  238  641 0  45 1 3 1 2 4
 265  529  205 0  72 1 3 1 2 4
 266  145   77 0  41 1 3 1 2 4
 267  138  244 0  24 1 3 1 2 4
 268  707  318 0   2 1 3 1 2 4
 269  971  966 0  95 1 3 1 2 4
 270  547  395 0  37 1 3 1 2 4
 271  652  534 0  76 1 3 1 2 4
 272  275  600 0  27 1 3 1 2 4
 273  538  321 0  98 1 3 1 2 4
 274  648  152 0  39 1 3 1 2 4
 275  795  850 0   8 1 3 1 2 4
 276  335  165 0  25 1 3 1 2 4
 277  830  946 0  24 1 3 1 2 4
 278  399  153 0  60 1 3 1 2 4
 279  594  934 0  63 1 3 1 2 4
 280   62  385 0  69 1 3 1 2 4
 281  555  370 0  20 1 3 1 2 4
 282  247  236 0  33 1 3 1 2 4
 283  104  404 0  21 1 3 1 2 4
 284  432  259 0  54 1 3 1 2 4
 285  129  481 0  94 1 3 1 2 4
 286  736  691 0  90 1 3 1 2 4
 287  278  962 0   1 1 3 1 2 4
 288  757  469 0  54 1 3 1 2 4
 289  605  362 0  96 1 3 1 2 4
 290  535  750 0  32 1 3 1 2 4
 291  691  123 0  66 1 3 1 2 4
 292   83  389 0  28 1 3 1 2 4
 293  772  714 0  54 1 3 1 2 4
 294  220  158 0  16 1 3 1 2 4
 295  565   16 0  27 1 3 1 2 4
 296   10  162 0  30 1 3 1 2 4
 297  626  551 0  52 1 3 1 2 4
 298  697  696 0  30 1 3 1 2 4
 299   33   42 0  90 1 3 1 2 4
 300  876  318 0  52 1 3 1 2 4
 301  165  278 0  59 1 3 1 2 4
 302  608  751 0  19 1 3 1 2 4
 303  673  673 0  14 1 3 1 2 4
 304  893   35 0   6 1 3 1 2 4
 305  893   36 0  59 1 3 1 2 4
 306   39  165 0  10 1 3 1 2 4
 307  457  708 0  14 1 3 1 2 4
 308  479  306 0   4 1 3 1 2 4
 309  147  333 0  60 1 3 1 2 4
 310  795  970 0  54 1 3 1 2 4
 311  749  409 0  19 1 3 1 2 4
 312  366  229 0   8 1 3 1 2 4
 313  919  422 0  36 1 3 1 2 4
 314  304   44 0  52 1 3 1 2 4
 315  773  535 0  47 1 3 1 2 4
 316  101  526 0  69 1 3 1 2 4
 317  777  679 0  57 1 3 1 2 4
 318  435   14 0  44 1 3 1 2 4
 319  363  114 0  44 1 3 1 2 4
 320  971  859 0  42 1 3 1 2 4
 321  929  203 0  80 1 3 1 2 4
 322  501  636 0  44 1 3 1 2 4
 323  676  286 0  14 1 3 1 2 4
 324  127  716 0  72 1 3 1 2 4
 325  225  898 0  32 1 3 1 2 4
 326  661  670 0  50 1 3 1 2 4
 327  127  234 0   5 1 3 1 2 4
 328  320  360 0  46 1 3 1 2 4
 329  312  423 0  78 1 3 1 2 4
 330  324  114 0  85 1 3 1 2 4
 331 1000    9 0  55 1 3 1 2 4
 332   47  749 0  32 1 3 1 2 4
 333  743  107 0  55 1 3 1 2 4
 334  294  375 0  92 1 3 1 2 4
 335  237  192 0  27 1 3 1 2 4
 336  143  911 0   9 1 3 1 2 4
 337  341  374 0  45 1 3 1 2 4
 338  492  321 0  79 1 3 1 2 4
 339  869   33 0  82 1 3 1 2 4
 340  413  225 0  65 1 3 1 2 4
 341  815  375 0  21 1 3 1 2 4
 342  178  931 0  13 1 3 1 2 4
 343   39  281 0  32 1 3 1 2 4
 344  654  402 0  87 1 3 1 2 4
 345  613   96 0  43 1 3 1 2 4
 346  424  230 0  12 1 3 1 2 4
 347  282  929 0  78 1 3 1 2 4
 348  325  465 0   3 1 3 1 2 4
 349  542  306 0  72 1 3 1 2 4
 350  359  215 0  99 1 3 1 2 4
 351   24  664 0   5 1 3 1 2 4
 352   62  354 0   8 1 3 1 2 4
 353  982  489 0  84 1 3 1 2 4
 354  985  328 0  53 1 3 1 2 4
 355  107  196 0  12 1 3 1 2 4
 356  393  471 0   6 1 3 1 2 4
 357  662  494 0  19 1 3 1 2 4
 358  494  283 0  76 1 3 1 2 4
 359  636  416 0  97 1 3 1 2 4
 360  736  644 0  13 1 3 1 2 4
 361  903  372 0  86 1 3 1 2 4
 362  394  441 0  93 1 3 1 2 4
 363  528  329 0  74 1 3 1 2 4
 364    6  999 0  77 1 3 1 2 4
 365  657  502 0  29 1 3 1 2 4
 366  625   31 0  98 1 3 1 2 4
 367   51   24 0  34 1 3 1 2 4
 368  677  197 0  62 1 3 1 2 4
 369  334  298 0  18 1 3 1 2 4
 370  917  922 0  72 1 3 1 2 4
 371  765  641 0  25 1 3 1 2 4
 372  783  341 0  21 1 3 1 2 4
 373  440   31 0  96 1 3 1 2 4
 374  109  579 0  45 1 3 1 2 4
 375  732   75 0  95 1 3 1 2 4
 376  209  131 0  62 1 3 1 2 4
 377  866   16 0  52 1 3 1 2 4
 378  631  667 0  76 1 3 1 2 4
 379  363  994 0  54 1 3 1 2 4
 380  133  890 0  62 1 3 1 2 4
 381   91   61 0  12 1 3 1 2 4
 382  545  817 0  11 1 3 1 2 4
 383  890  373 0  70 1 3 1 2 4
 384  996  742 0  60 1 3 1 2 4
 385  379  440 0  47 1 3 1 2 4
 386   24  215 0  69 1 3 1 2 4
 387  414  727 0  48 1 3 1 2 4
 388  863  526 0  82 1 3 1 2 4
 389  638  717 0  85 1 3 1 2 4
 390  502  764 0  94 1 3 1 2 4
 391  210   56 0   1 1 3 1 2 4
 392  373  269 0  23 1 3 1 2 4
 393  352  854 0  35 1 3 1 2 4
 394  641  460 0  44 1 3 1 2 4
 395  590  372 0  47 1 3 1 2 4
 396  688  814 0  26 1 3 1 2 4
 397  701  196 0  43 1 3 1 2 4
 398  255   60 0  77 1 3 1 2 4
 399  896  225 0  41 1 3 1 2 4
 400  115  395 0  94 1 3 1 2 4
 401  550  327 0  91 1 3 1 2 4
 402  594  850 0  56 1 3 1 2 4
 403  706  871 0  22 1 3 1 2 4
 404  140  886 0  62 1 3 1 2 4
 405  523  164 0  13 1 3 1 2 4
 406  134  954 0  41 1 3 1 2 4
 407  533  303 0   5 1 3 1 2 4
 408  482  591 0  32 1 3 1 2 4
 409  204    2 0  88 1 3 1 2 4
 410  663  883 0  87 1 3 1 2 4
 411  867  312 0  91 1 3 1 2 4
 412  763  416 0  93 1 3 1 2 4
 413  787  840 0   6 1 3 1 2 4
 414  562  227 0  56 1 3 1 2 4
 415  240  552 0  73 1 3 1 2 4
 416  929  954 0  72 1 3 1 2 4
 417   96  239 0  12 1 3 1 2 4
 418  710  347 0  63 1 3 1 2 4
 419  422  350 0  45 1 3 1 2 4
 420  773  127 0  17 1 3 1 2 4
 421  357  204 0  50 1 3 1 2 4
 422   61  116 0  55 1 3 1 2 4
 423    6  292 0  51 1 3 1 2 4
 424  769  891 0  21 1 3 1 2 4
 425  957  635 0  48 1 3 1 2 4
 426  998  588 0  30 1 3 1 2 4
 427  507  328 0  15 1 3 1 2 4
 428  747  526 0  89 1 3 1 2 4
 429  802  895 0  29 1 3 1 2 4
 430  168  894 0  76 1 3 1 2 4
 431  871   90 0  93 1 3 1 2 4
 432  446  116 0  84 1 3 1 2 4
 433  206  955 0  99 1 3 1 2 4
 434  618  770 0  36 1 3 1 2 4
 435  706  222 0  35 1 3 1 2 4
 436  228  275 0  69 1 3 1 2 4
 437  298  472 0  50 1 3 1 2 4
 438  466  168 0  44 1 3 1 2 4
 439  265  545 0  42 1 3 1 2 4
 440  502  206 0  26 1 3 1 2 4
 441  775  529 0  12 1 3 1 2 4
 442  911  465 0  63 1 3 1 2 4
 443  918  814 0   5 1 3 1 2 4
 444  842  601 0  36 1 3 1 2 4
 445  715  696 0  19 1 3 1 2 4
 446  641  604 0  84 1 3 1 2 4
 447  952  225 0 100 1 3 1 2 4
 448  800  895 0  76 1 3 1 2 4
 449  105  100 0  57 1 3 1 2 4
 450  902  658 0   5 1 3 1 2 4
 451  270  999 0 100 1 3 1 2 4
 452  241  294 0  52 1 3 1 2 4
 453  179  668 0  45 1 3 1 2 4
 454  173  630 0  98 1 3 1 2 4
 455  765  850 0  22 1 3 1 2 4
 456  438   43 0  38 1 3 1 2 4
 457   65  629 0  34 1 3 1 2 4
 458  423  149 0  93 1 3 1 2 4
 459  912  248 0  14 1 3 1 2 4
 460  216  538 0  18 1 3 1 2 4
 461  722  196 0  71 1 3 1 2 4
 462   10  658 0  48 1 3 1 2 4
 463  886  319 0  64 1 3 1 2 4
 464  968  116 0   6 1 3 1 2 4
 465  396  432 0  43 1 3 1 2 4
 466  169  833 0  96 1 3 1 2 4
 467  265  638 0  43 1 3 1 2 4
 468  410  318 0  47 1 3 1 2 4
 469  935  866 0  28 1 3 1 2 4
 470  894  109 0  46 1 3 1 2 4
 471  231  715 0  22 1 3 1 2 4
 472  643  867 0  87 1 3 1 2 4
 473  905  421 0  86 1 3 1 2 4
 474  291  481 0  55 1 3 1 2 4
 475  639  867 0  71 1 3 1 2 4
 476  912   71 0  79 1 3 1 2 4
 477  185  812 0  62 1 3 1 2 4
 478  454  683 0  91 1 3 1 2 4
 479  667  956 0  34 1 3 1 2 4
 480  628  431 0  71 1 3 1 2 4
 481  534  462 0  82 1 3 1 2 4
 482  554  174 0  53 1 3 1 2 4
 483  625  757 0  34 1 3 1 2 4
 484  332  668 0  54 1 3 1 2 4
 485  524  455 0  57 1 3 1 2 4
 486  844  154 0  74 1 3 1 2 4
 487  604  704 0  48 1 3 1 2 4
 488  690  267 0   1 1 3 1 2 4
 489  263   87 0  52 1 3 1 2 4
 490   94  608 0  27 1 3 1 2 4
 491  188  804 0  70 1 3 1 2 4
 492   52  246 0  42 1 3 1 2 4
 493  729  188 0  69 1 3 1 2 4
 494  690  249 0  81 1 3 1 2 4
 495  932  550 0  25 1 3 1 2 4
 496  506  932 0 100 1 3 1 2 4
 497  306  701 0  16 1 3 1 2 4
 498  624  724 0  68 1 3 1 2 4
 499  765  394 0  97 1 3 1 2 4
 500   53  248 0   4 1 3 1 2 4
 501  759  574 0  56 1 3 1 2 4
 502  726  708 0  73 1 3 1 2 4
 503  657  929 0  49 1 3 1 2 4
 504  556  925 0   4 1 3 1 2 4
 505  438  354 0  15 1 3 1 2 4
 506  280  336 0  85 1 3 1 2 4
 507  208  275 0  19 1 3 1 2 4
 508  699  782 0  59 1 3 1 2 4
 509   10  729 0  74 1 3 1 2 4
 510   47  593 0  95 1 3 1 2 4
 511  629  737 0  95 1 3 1 2 4
 512   75   39 0  86 1 3 1 2 4
 513  706  108 0  81 1 3 1 2 4
 514  263  319 0  24 1 3 1 2 4
 515  675  908 0  90 1 3 1 2 4
 516  114  855 0  49 1 3 1 2 4
 517   53   20 0  31 1 3 1 2 4
 518  353  705 0  18 1 3 1 2 4
 519  789   19 0   5 1 3 1 2 4
 520  497  808 0  92 1 3 1 2 4
 521  189   63 0  51 1 3 1 2 4
 522   66  214 0  67 1 3 1 2 4
 523  587  992 0  36 1 3 1 2 4
 524  572  699 0  76 1 3 1 2 4
 525  329  945 0  34 1 3 1 2 4
 526  601  556 0  65 1 3 1 2 4
 527  752  988 0  39 1 3 1 2 4
 528  974   71 0  70 1 3 1 2 4
 529  519  865 0  51 1 3 1 2 4
 530  735  549 0  30 1 3 1 2 4
 531  100  161 0 100 1 3 1 2 4
 532   79  337 0  21 1 3 1 2 4
 533  693  206 0  27 1 3 1 2 4
 534  904  770 0  81 1 3 1 2 4
 535  257   65 0  62 1 3 1 2 4
 536  636  541 0  89 1 3 1 2 4
 537  927    0 0  25 1 3 1 2 4
 538  962  675 0  44 1 3 1 2 4
 539  531  294 0  20 1 3 1 2 4
 540  953  973 0   9 1 3 1 2 4
 541  845   43 0   8 1 3 1 2 4
 542  167  767 0  27 1 3 1 2 4
 543  260  710 0  84 1 3 1 2 4
 544  516  759 0  81 1 3 1 2 4
 545  607  455 0  83 1 3 1 2 4
 546  968  134 0  33 1 3 1 2 4
 547  372  853 0  14 1 3 1 2 4
 548  376  643 0  86 1 3 1 2 4
 549   81  177 0  28 1 3 1 2 4
 550  771  834 0  47 1 3 1 2 4
 551  453  101 0  62 1 3 1 2 4
 552  815  911 0  73 1 3 1 2 4
 553  712  438 0  68 1 3 1 2 4
 554  841  115 0  28 1 3 1 2 4
 555  919  278 0  45 1 3 1 2 4
 556  503  133 0  68 1 3 1 2 4
 557  146  393 0  99 1 3 1 2 4
 558  147   12 0  58 1 3 1 2 4
 559  654  494 0  56 1 3 1 2 4
 560   68  275 0  70 1 3 1 2 4
 561   42  942 0  61 1 3 1 2 4
 562  237  300 0  32 1 3 1 2 4
 563  396  436 0  30 1 3 1 2 4
 564  332  620 0  33 1 3 1 2 4
 565  964  125 0  62 1 3 1 2 4
 566  181  969 0  98 1 3 1 2 4
 567  523  385 0  74 1 3 1 2 4
 568  345  130 0  89 1 3 1 2 4
 569  225  460 0   3 1 3 1 2 4
 570  479  237 0   1 1 3 1 2 4
 571  630  584 0  15 1 3 1 2 4
 572  407  264 0  76 1 3 1 2 4
 573  921  482 0  60 1 3 1 2 4
 574  940  700 0  54 1 3 1 2 4
 575  123  244 0  95 1 3 1 2 4
 576  954  480 0  75 1 3 1 2 4
 577  266  377 0  28 1 3 1 2 4
 578   72  980 0  32 1 3 1 2 4
 579  183  819 0   6 1 3 1 2 4
 580   83  398 0  63 1 3 1 2 4
 581  229  138 0  78 1 3 1 2 4
 582  762  617 0  60 1 3 1 2 4
 583  379  657 0  45 1 3 1 2 4
 584  145  523 0  48 1 3 1 2 4
 585  139  595 0  62 1 3 1 2 4
 586  271  388 0  51 1 3 1 2 4
 587  913  939 0  12 1 3 1 2 4
 588  259  127 0   9 1 3 1 2 4
 589  686  236 0  73 1 3 1 2 4
 590  741  336 0  47 1 3 1 2 4
 591  936  299 0  61 1 3 1 2 4
 592  363  606 0  52 1 3 1 2 4
 593  523  246 0  54 1 3 1 2 4
 594   51   70 0  54 1 3 1 2 4
 595  501  879 0  34 1 3 1 2 4
 596  994  992 0  57 1 3 1 2 4
 597  570  332 0  63 1 3 1 2 4
 598  931  761 0  51 1 3 1 2 4
 599  475  834 0  83 1 3 1 2 4
 600  361  567 0  44 1 3 1 2 4
 601  952  348 0  54 1 3 1 2 4
 602  302  694 0   2 1 3 1 2 4
 603   32  492 0  12 1 3 1 2 4
 604  831  266 0  55 1 3 1 2 4
 605  502  740 0  13 1 3 1 2 4
 606  173   26 0  97 1 3 1 2 4
 607  791  499 0  84 1 3 1 2 4
 608  231  330 0  49 1 3 1 2 4
 609  377  177 0  36 1 3 1 2 4
 610  886  903 0  44 1 3 1 2 4
 611   11  208 0  69 1 3 1 2 4
 612  408  673 0  16 1 3 1 2 4
 613  937  909 0  91 1 3 1 2 4
 614  795  648 0  56 1 3 1 2 4
 615  156  779 0  83 1 3 1 2 4
 616  787  621 0  77 1 3 1 2 4
 617   32  420 0  40 1 3 1 2 4
 618  341  765 0  87 1 3 1 2 4
 619  469  647 0  40 1 3 1 2 4
 620  612  421 0  93 1 3 1 2 4
 621  443  923 0  27 1 3 1 2 4
 622  916  751 0  29 1 3 1 2 4
 623  529   45 0  47 1 3 1 2 4
 624  692  689 0  42 1 3 1 2 4
 625  265  459 0  43 1 3 1 2 4
 626  557  963 0  82 1 3 1 2 4
 627  252  957 0  34 1 3 1 2 4
 628   69  163 0  95 1 3 1 2 4
 629  328  911 0  84 1 3 1 2 4
 630  703  254 0  22 1 3 1 2 4
 631  793  484 0  31 1 3 1 2 4
 632  478  582 0  77 1 3 1 2 4
 633   39  532 0  18 1 3 1 2 4
 634  420  325 0  31 1 3 1 2 4
 635  180  223 0  42 1 3 1 2 4
 636  202  240 0  61 1 3 1 2 4
 637  478  124 0  54 1 3 1 2 4
 638  809  799 0  35 1 3 1 2 4
 639  278  529 0  99 1 3 1 2 4
 640  305  416 0  92 1 3 1 2 4
 641  413  151 0  59 1 3 1 2 4
 642   86  126 0  56 1 3 1 2 4
 643  888  471 0  69 1 3 1 2 4
 644   62  615 0   4 1 3 1 2 4
 645  629  772 0  12 1 3 1 2 4
 646  326  598 0  59 1 3 1 2 4
 647  488  833 0  76 1 3 1 2 4
 648  449  648 0  40 1 3 1 2 4
 649  473  207 0  99 1 3 1 2 4
 650  457  559 0  48 1 3 1 2 4
 651   11  354 0  57 1 3 1 2 4
 652   26  627 0  83 1 3 1 2 4
 653  947  469 0  79 1 3 1 2 4
 654  513  586 0  83 1 3 1 2 4
 655  427  109 0  37 1 3 1 2 4
 656  485  142 0  44 1 3 1 2 4
 657  993  736 0  78 1 3 1 2 4
 658  169  774 0  19 1 3 1 2 4
 659  428  549 0  15 1 3 1 2 4
 660   83   30 0  60 1 3 1 2 4
 661  352  430 0  30 1 3 1 2 4
 662  464 1000 0  57 1 3 1 2 4
 663  949   91 0  71 1 3 1 2 4
 664  463  889 0  33 1 3 1 2 4
 665  445  579 0   2 1 3 1 2 4
 666  787  808 0  38 1 3 1 2 4
 667  504  928 0  47 1 3 1 2 4
 668  216   15 0  28 1 3 1 2 4
 669   40  338 0  61 1 3 1 2 4
 670  229  947 0  86 1 3 1 2 4
 671  629  413 0  70 1 3 1 2 4
 672  139    1 0   6 1 3 1 2 4
 673  776  712 0  90 1 3 1 2 4
 674   98  301 0  72 1 3 1 2 4
 675  381  974 0  57 1 3 1 2 4
 676  848  743 0  94 1 3 1 2 4
 677  324  421 0  93 1 3 1 2 4
 678  231  835 0   6 1 3 1 2 4
 679  310   42 0  61 1 3 1 2 4
 680  254  726 0  47 1 3 1 2 4
 681  152  929 0  10 1 3 1 2 4
 682  451  995 0  50 1 3 1 2 4
 683  491  407 0  35 1 3 1 2 4
 684  613  869 0   1 1 3 1 2 4
 685  804  470 0   1 1 3 1 2 4
 686  103  433 0  23 1 3 1 2 4
 687  293  583 0  96 1 3 1 2 4
 688  333  574 0  42 1 3 1 2 4
 689  480  238 0  81 1 3 1 2 4
 690  237   18 0  46 1 3 1 2 4
 691  962  688 0  77 1 3 1 2 4
 692   87  527 0  81 1 3 1 2 4
 693  691  964 0  55 1 3 1 2 4
 694  146  509 0  73 1 3 1 2 4
 695  542  595 0  44 1 3 1 2 4
 696  183  798 0  62 1 3 1 2 4
 697  174  701 0  44 1 3 1 2 4
 698  196  458 0  54 1 3 1 2 4
 699  970  607 0  91 1 3 1 2 4
 700  265  634 0  64 1 3 1 2 4
 701  568  953 0  71 1 3 1 2 4
 702  325  791 0 100 1 3 1 2 4
 703   95  399 0  96 1 3 1 2 4
 704  195  875 0  78 1 3 1 2 4
 705  430  444 0  74 1 3 1 2 4
 706   60  874 0  80 1 3 1 2 4
 707  338  283 0  41 1 3 1 2 4
 708  889  690 0  59 1 3 1 2 4
 709  671  820 0  59 1 3 1 2 4
 710  314  823 0  25 1 3 1 2 4
 711  431  366 0  11 1 3 1 2 4
 712  412   70 0  73 1 3 1 2 4
 713  644  469 0  53 1 3 1 2 4
 714  113  359 0  16 1 3 1 2 4
 715  925  435 0  61 1 3 1 2 4
 716  694   13 0  79 1 3 1 2 4
 717  862    0 0  39 1 3 1 2 4
 718  861  570 0  92 1 3 1 2 4
 719  148  538 0  61 1 3 1 2 4
 720  758  600 0  49 1 3 1 2 4
 721  205  647 0  70 1 3 1 2 4
 722  384  848 0  76 1 3 1 2 4
 723  646  992 0  26 1 3 1 2 4
 724  140  408 0  69 1 3 1 2 4
 725  274  290 0  24 1 3 1 2 4
 726  705  902 0   8 1 3 1 2 4
 727  895  503 0  93 1 3 1 2 4
 728  608  764 0  36 1 3 1 2 4
 729  601  291 0  43 1 3 1 2 4
 730   86  170 0  31 1 3 1 2 4
 731  911  110 0   5 1 3 1 2 4
 732  857  431 0   4 1 3 1 2 4
 733  731   34 0  55 1 3 1 2 4
 734  772  564 0  38 1 3 1 2 4
 735  365   87 0  97 1 3 1 2 4
 736  360  903 0  67 1 3 1 2 4
 737  849   40 0 100 1 3 1 2 4
 738  727  882 0  38 1 3 1 2 4
 739  289  923 0  80 1 3 1 2 4
 740  377  564 0  12 1 3 1 2 4
 741  771  101 0  61 1 3 1 2 4
 742  437  829 0  43 1 3 1 2 4
 743  125  191 0  75 1 3 1 2 4
 744   13  612 0  29 1 3 1 2 4
 745  667  854 0  61 1 3 1 2 4
 746  987  240 0  80 1 3 1 2 4
 747  202  578 0  66 1 3 1 2 4
 748  756  865 0  82 1 3 1 2 4
 749  922  966 0  88 1 3 1 2 4
 750   24  286 0  64 1 3 1 2 4
 751  169  824 0   3 1 3 1 2 4
 752  672  722 0  47 1 3 1 2 4
 753  223  772 0  94 1 3 1 2 4
 754  614  355 0  35 1 3 1 2 4
 755  785  370 0   2 1 3 1 2 4
 756   32  298 0  65 1 3 1 2 4
 757  252   81 0  39 1 3 1 2 4
 758  182  629 0  38 1 3 1 2 4
 759   85  656 0  35 1 3 1 2 4
 760  868  385 0  11 1 3 1 2 4
 761  642  301 0  16 1 3 1 2 4
 762  708  526 0  38 1 3 1 2 4
 763  966  388 0  66 1 3 1 2 4
 764  515  654 0  49 1 3 1 2 4
 765  365  368 0  74 1 3 1 2 4
 766  284  697 0  14 1 3 1 2 4
 767  331  821 0  94 1 3 1 2 4
 768  238  164 0  57 1 3 1 2 4
 769  831  828 0  59 1 3 1 2 4
 770  652  609 0  91 1 3 1 2 4
 771  763  177 0  85 1 3 1 2 4
 772  118  229 0  53 1 3 1 2 4
 773  722  819 0  48 1 3 1 2 4
 774  351  730 0 100 1 3 1 2 4
 775  905  121 0  75 1 3 1 2 4
 776   49  384 0  77 1 3 1 2 4
 777  676  589 0  16 1 3 1 2 4
 778  815  107 0  42 1 3 1 2 4
 779  534  528 0  24 1 3 1 2 4
 780  139  894 0  42 1 3 1 2 4
 781  556  737 0  86 1 3 1 2 4
 782  133   39 0  37 1 3 1 2 4
 783  531  246 0  83 1 3 1 2 4
 784  557  520 0   5 1 3 1 2 4
 785   59  557 0  38 1 3 1 2 4
 786   56  517 0  59 1 3 1 2 4
 787  673  541 0  34 1 3 1 2 4
 788  763  486 0  71 1 3 1 2 4
 789   17  262 0  46 1 3 1 2 4
 790  339  741 0  52 1 3 1 2 4
 791  966  487 0  59 1 3 1 2 4
 792  917  724 0  28 1 3 1 2 4
 793  351  768 0  82 1 3 1 2 4
 794  639  898 0  85 1 3 1 2 4
 795  924  150 0  34 1 3 1 2 4
 796  672  228 0  77 1 3 1 2 4
 797  236  504 0  76 1 3 1 2 4
 798  977   84 0  44 1 3 1 2 4
 799  887   86 0   9 1 3 1 2 4
 800  639  590 0  28 1 3 1 2 4
 801  992  210 0  58 1 3 1 2 4
 802  514  847 0  53 1 3 1 2 4
 803  124  664 0  46 1 3 1 2 4
 804  488  396 0  26 1 3 1 2 4
 805  628  744 0  68 1 3 1 2 4
 806  595   48 0  15 1 3 1 2 4
 807   98  793 0  27 1 3 1 2 4
 808  872  852 0  46 1 3 1 2 4
 809  680  374 0  51 1 3 1 2 4
 810  610  911 0  87 1 3 1 2 4
 811  413  922 0  87 1 3 1 2 4
 812  694  817 0  17 1 3 1 2 4
 813  895  169 0  66 1 3 1 2 4
 814  177  920 0  85 1 3 1 2 4
 815  155  197 0   6 1 3 1 2 4
 816  864  622 0  87 1 3 1 2 4
 817  372  618 0  74 1 3 1 2 4
 818  499   19 0   3 1 3 1 2 4
 819  836  609 0  85 1 3 1 2 4
 820  873  138 0  62 1 3 1 2 4
 821  103   11 0  23 1 3 1 2 4
 822  496  108 0  80 1 3 1 2 4
 823  376  399 0  48 1 3 1 2 4
 824  227  763 0  29 1 3 1 2 4
 825  164  170 0  33 1 3 1 2 4
 826   14  537 0   9 1 3 1 2 4
 827  551  819 0  15 1 3 1 2 4
 828  656  834 0  55 1 3 1 2 4
 829  710   51 0  83 1 3 1 2 4
 830  395  898 0  61 1 3 1 2 4
 831    4  736 0  28 1 3 1 2 4
 832   23  610 0  39 1 3 1 2 4
 833  111  834 0  60 1 3 1 2 4
 834  168  538 0  80 1 3 1 2 4
 835  451   23 0  34 1 3 1 2 4
 836  603  352 0  88 1 3 1 2 4
 837  544   60 0  15 1 3 1 2 4
 838  581   96 0  61 1 3 1 2 4
 839  222  498 0  37 1 3 1 2 4
 840  142  654 0  26 1 3 1 2 4
 841  907  123 0  53 1 3 1 2 4
 842  391  357 0  38 1 3 1 2 4
 843   13  162 0  17 1 3 1 2 4
 844  330  251 0  25 1 3 1 2 4
 845  668  882 0  98 1 3 1 2 4
 846   11  509 0  51 1 3 1 2 4
 847  641  957 0  78 1 3 1 2 4
 848  512  487 0  29 1 3 1 2 4
 849  872  261 0  83 1 3 1 2 4
 850  690  538 0  98 1 3 1 2 4
 851  641  396 0  38 1 3 1 2 4
 852  190  822 0  31 1 3 1 2 4
 853  238  323 0  57 1 3 1 2 4
 854  445  451 0  55 1 3 1 2 4
 855   24  873 0   1 1 3 1 2 4
 856  901  361 0  38 1 3 1 2 4
 857  121   62 0  87 1 3 1 2 4
 858  947   11 0  49 1 3 1 2 4
 859  452  143 0  77 1 3 1 2 4
 860  525  397 0  44 1 3 1 2 4
 861  693  733 0  14 1 3 1 2 4
 862  100  173 0  62 1 3 1 2 4
 863  549  391 0  91 1 3 1 2 4
 864  420  824 0  31 1 3 1 2 4
 865  958  358 0  83 1 3 1 2 4
 866  921   38 0  28 1 3 1 2 4
 867  333  292 0  19 1 3 1 2 4
 868  526  867 0  27 1 3 1 2 4
 869   62  634 0  91 1 3 1 2 4
 870  453  935 0  89 1 3 1 2 4
 871  860  589 0  73 1 3 1 2 4
 872  252  464 0  71 1 3 1 2 4
 873  938   30 0  93 1 3 1 2 4
 874   28   26 0  56 1 3 1 2 4
 875  386  156 0  61 1 3 1 2 4
 876   59  730 0  90 1 3 1 2 4
 877  388  751 0  80 1 3 1 2 4
 878  379  982 0  36 1 3 1 2 4
 879  790  992 0  69 1 3 1 2 4
 880  966  337 0  96 1 3 1 2 4
 881   19  909 0  81 1 3 1 2 4
 882  746  997 0  79 1 3 1 2 4
 883  796  683 0  18 1 3 1 2 4
 884  394  736 0  93 1 3 1 2 4
 885  172  756 0  90 1 3 1 2 4
 886  459  466 0  57 1 3 1 2 4
 887  197  504 0  14 1 3 1 2 4
 888  448  651 0  71 1 3 1 2 4
 889  359  599 0  76 1 3 1 2 4
 890  825  728 0  55 1 3 1 2 4
 891  287  530 0  29 1 3 1 2 4
 892  158  648 0  57 1 3 1 2 4
 893  595  494 0  51 1 3 1 2 4
 894  819  973 0  45 1 3 1 2 4
 895  403  144 0  86 1 3 1 2 4
 896   16  554 0  14 1 3 1 2 4
 897  508  915 0  79 1 3 1 2 4
 898  771   43 0  94 1 3 1 2 4
 899   11  894 0  74 1 3 1 2 4
 900  291   47 0  40 1 3 1 2 4
 901  735   50 0  87 1 3 1 2 4
 902  168  883 0  68 1 3 1 2 4
 903  462  890 0  46 1 3 1 2 4
 904  964  205 0   9 1 3 1 2 4
 905  231  998 0  19 1 3 1 2 4
 906  993  985 0  21 1 3 1 2 4
 907  142  830 0  73 1 3 1 2 4
 908  176  828 0  53 1 3 1 2 4
 909  687  397 0  73 1 3 1 2 4
 910  335  487 0  48 1 3 1 2 4
 911  375  281 0  59 1 3 1 2 4
 912  514   40 0   8 1 3 1 2 4
 913  248  945 0  58 1 3 1 2 4
 914  535   33 0  35 1 3 1 2 4
 915  691  122 0  10 1 3 1 2 4
 916  216  342 0  67 1 3 1 2 4
 917  442  879 0  68 1 3 1 2 4
 918  548  488 0  80 1 3 1 2 4
 919  585  293 0  68 1 3 1 2 4
 920  566  802 0  33 1 3 1 2 4
 921  534  140 0  93 1 3 1 2 4
 922  448  425 0   6 1 3 1 2 4
 923  119  165 0   3 1 3 1 2 4
 924  196  629 0  23 1 3 1 2 4
 925  408  973 0  39 1 3 1 2 4
 926   83  663 0  43 1 3 1 2 4
 927  682   52 0  39 1 3 1 2 4
 928   20  291 0  90 1 3 1 2 4
 929   20  366 0  44 1 3 1 2 4
 930  831    8 0  68 1 3 1 2 4
 931  102  382 0  23 1 3 1 2 4
 932  460  582 0  77 1 3 1 2 4
 933  502  203 0  57 1 3 1 2 4
 934  226  307 0  86 1 3 1 2 4
 935   38  793 0  54 1 3 1 2 4
 936  204   21 0  23 1 3 1 2 4
 937  205  229 0  19 1 3 1 2 4
 938  421  471 0  78 1 3 1 2 4
 939  797  594 0  12 1 3 1 2 4
 940  206  545 0  74 1 3 1 2 4
 941  682  507 0  52 1 3 1 2 4
 942  276  335 0   4 1 3 1 2 4
 943  570  320 0  66 1 3 1 2 4
 944  236   62 0  58 1 3 1 2 4
 945  393  399 0   1 1 3 1 2 4
 946  265  262 0  77 1 3 1 2 4
 947  138  853 0  38 1 3 1 2 4
 948  164  539 0  92 1 3 1 2 4
 949  725  381 0  63 1 3 1 2 4
 950   19  969 0  89 1 3 1 2 4
 951  907  597 0  46 1 3 1 2 4
 952  359  199 0  88 1 3 1 2 4
 953  828  390 0  51 1 3 1 2 4
 954  114  254 0  28 1 3 1 2 4
 955  943  286 0  85 1 3 1 2 4
 956  102  510 0  54 1 3 1 2 4
 957   73  390 0  65 1 3 1 2 4
 958  362   30 0  32 1 3 1 2 4
 959  599  180 0  31 1 3 1 2 4
 960  747  770 0   4 1 3 1 2 4
 961  464  597 0  20 1 3 1 2 4
 962  836  381 0  11 1 3 1 2 4
 963  960  808 0  69 1 3 1 2 4
 964  102  337 0  13 1 3 1 2 4
 965   80  693 0  64 1 3 1 2 4
 966  980  165 0  60 1 3 1 2 4
 967  962  512 0  83 1 3 1 2 4
 968  649  650 0  45 1 3 1 2 4
 969  847  185 0  40 1 3 1 2 4
 970  605   72 0  44 1 3 1 2 4
 971  599  973 0  80 1 3 1 2 4
 972  817  721 0  24 1 3 1 2 4
 973  944  155 0  97 1 3 1 2 4
 974  678   88 0  21 1 3 1 2 4
 975  788  227 0  61 1 3 1 2 4
 976  924  397 0  55 1 3 1 2 4
 977  804  593 0  45 1 3 1 2 4
 978  453   71 0  61 1 3 1 2 4
 979  163  520 0  96 1 3 1 2 4
 980  917  161 0  11 1 3 1 2 4
 981  176  831 0  64 1 3 1 2 4
 982  411  529 0  89 1 3 1 2 4
 983  443  929 0  28 1 3 1 2 4
 984  720  783 0  18 1 3 1 2 4
 985  560  155 0  15 1 3 1 2 4
 986  683  353 0  76 1 3 1 2 4
 987  376   87 0  15 1 3 1 2 4
 988   86  506 0   2 1 3 1 2 4
 989  177  723 0  11 1 3 1 2 4
 990    3   34 0  43 1 3 1 2 4
 991  795  264 0  14 1 3 1 2 4
 992  363  386 0   2 1 3 1 2 4
 993  392  123 0  65 1 3 1 2 4
 994  420  421 0  12 1 3 1 2 4
 995  840  540 0  18 1 3 1 2 4
 996  874  631 0  91 1 3 1 2 4
 997  909  628 0  50 1 3 1 2 4
 998  251  403 0  15 1 3 1 2 4
 999  276  770 0  81 1 3 1 2 4
1000  314  137 0  57 1 3 1 2 4
1001  253  443 0  39 1 3 1 2 4
1002  238  924 0  27 1 3 1 2 4
1003  815  749 0  91 1 3 1 2 4
1004  349  183 0  66 1 3 1 2 4
1005   29  905 0  57 1 3 1 2 4
1006  122  416 0  78 1 3 1 2 4
1007  706  109 0  65 1 3 1 2 4
1008  122  449 0  56 1 3 1 2 4
1009  827   59 0  44 1 3 1 2 4
1010  767  255 0  58 1 3 1 2 4
1011  760  220 0  86 1 3 1 2 4
1012  745  449 0  50 1 3 1 2 4
1013  321   30 0  54 1 3 1 2 4
1014  241  391 0  72 1 3 1 2 4
1015  602  988 0  80 1 3 1 2 4
1016  800  908 0  58 1 3 1 2 4
1017  839  829 0  62 1 3 1 2 4
1018  813   37 0  22 1 3 1 2 4
1019  797  753 0  56 1 3 1 2 4
1020  620  223 0  54 1 3 1 2 4
1021  210  161 0  62 1 3 1 2 4
1022  754  429 0  50 1 3 1 2 4
1023  314  656 0  77 1 3 1 2 4
1024  809  219 0  65 1 3 1 2 4
1025  880  629 0  48 1 3 1 2 4
1026   71   57 0  41 1 3 1 2 4
1027   98   34 0  43 1 3 1 2 4
1028   78  923 0   3 1 3 1 2 4
1029  574  857 0  22 1 3 1 2 4
1030  197  815 0  83 1 3 1 2 4
1031  584  316 0  58 1 3 1 2 4
1032  385  542 0  47 1 3 1 2 4
1033  693  899 0  31 1 3 1 2 4
1034  947  537 0  77 1 3 1 2 4
1035  689  429 0  25 1 3 1 2 4
1036  789  587 0  22 1 3 1 2 4
1037  369  451 0   7 1 3 1 2 4
1038   55  245 0  47 1 3 1 2 4
1039  636  624 0  63 1 3 1 2 4
1040  172  753 0  62 1 3 1 2 4
1041  199  411 0  81 1 3 1 2 4
1042  184  674 0   4 1 3 1 2 4
1043  257  894 0  29 1 3 1 2 4
1044  133  236 0  74 1 3 1 2 4
1045  159  265 0  33 1 3 1 2 4
1046  240  841 0  94 1 3 1 2 4
1047  398  777 0  14 1 3 1 2 4
1048  830  281 0  30 1 3 1 2 4
1049  143  406 0  33 1 3 1 2 4
1050  920  258 0  33 1 3 1 2 4
1051  527  385 0  90 1 3 1 2 4
1052  564  416 0  11 1 3 1 2 4
1053  422  944 0   9 1 3 1 2 4
1054   66  668 0  68 1 3 1 2 4
1055  524  878 0  24 1 3 1 2 4
1056  310  775 0  81 1 3 1 2 4
1057  527  371 0  19 1 3 1 2 4
1058  371  505 0  86 1 3 1 2 4
1059  466  902 0  60 1 3 1 2 4
1060  350  628 0  41 1 3 1 2 4
1061  869  821 0  27 1 3 1 2 4
1062  286  137 0  27 1 3 1 2 4
1063  675  232 0  12 1 3 1 2 4
1064  680  560 0  58 1 3 1 2 4
1065  804  303 0  43 1 3 1 2 4
1066  340  865 0  24 1 3 1 2 4
1067  331  616 0  23 1 3 1 2 4
1068  985  719 0  72 1 3 1 2 4
1069  580  881 0  37 1 3 1 2 4
1070  858  947 0   9 1 3 1 2 4
1071  364  698 0  91 1 3 1 2 4
1072 1000  683 0  68 1 3 1 2 4
1073   25  888 0  79 1 3 1 2 4
1074  907  382 0  37 1 3 1 2 4
1075  363  335 0  40 1 3 1 2 4
1076  226  471 0  90 1 3 1 2 4
1077   51  704 0  78 1 3 1 2 4
1078  821  372 0  58 1 3 1 2 4
1079  997  137 0  59 1 3 1 2 4
1080  138  447 0  72 1 3 1 2 4
1081  352  851 0  81 1 3 1 2 4
1082  804  279 0   9 1 3 1 2 4
1083  186  536 0   7 1 3 1 2 4
1084  698  317 0  26 1 3 1 2 4
1085  360  351 0  49 1 3 1 2 4
1086  161  116 0   7 1 3 1 2 4
1087  434  856 0  98 1 3 1 2 4
1088  605  346 0  84 1 3 1 2 4
1089  252  574 0  16 1 3 1 2 4
1090  253  717 0  72 1 3 1 2 4
1091  612  787 0  44 1 3 1 2 4
1092  353   19 0  92 1 3 1 2 4
1093  780  283 0  26 1 3 1 2 4
1094  725   53 0  40 1 3 1 2 4
1095  934  506 0  46 1 3 1 2 4
1096  153  484 0  24 1 3 1 2 4
1097  492  755 0  31 1 3 1 2 4
1098  577  912 0  37 1 3 1 2 4
1099  983  608 0 100 1 3 1 2 4
1100   66  243 0  49 1 3 1 2 4
1101  921  816 0  87 1 3 1 2 4
1102  501  364 0  68 1 3 1 2 4
1103  380  551 0  21 1 3 1 2 4
1104  441  747 0   9 1 3 1 2 4
1105  350  717 0  30 1 3 1 2 4
1106  604  429 0  94 1 3 1 2 4
1107  295  153 0   4 1 3 1 2 4
1108  578  987 0  91 1 3 1 2 4
1109  610  343 0  30 1 3 1 2 4
1110  417  550 0  62 1 3 1 2 4
1111  668  656 0  70 1 3 1 2 4
1112  769   41 0  17 1 3 1 2 4
1113  830  287 0   2 1 3 1 2 4
1114  179  119 0  30 1 3 1 2 4
1115  931  633 0   4 1 3 1 2 4
1116  484  375 0  39 1 3 1 2 4
1117  184  769 0  15 1 3 1 2 4
1118   56  211 0  96 1 3 1 2 4
1119  538  770 0  81 1 3 1 2 4
1120  501  123 0  41 1 3 1 2 4
1121  618  421 0  29 1 3 1 2 4
1122   80  527 0  28 1 3 1 2 4
1123  488   53 0  22 1 3 1 2 4
1124  861  186 0  63 1 3 1 2 4
1125  898  656 0  73 1 3 1 2 4
1126  758  267 0  83 1 3 1 2 4
1127  332   66 0  18 1 3 1 2 4
1128  303  683 0  45 1 3 1 2 4
1129  810    0 0  72 1 3 1 2 4
1130  894  462 0  58 1 3 1 2 4
1131  400  280 0   8 1 3 1 2 4
1132   29  943 0   9 1 3 1 2 4
1133  231  533 0  96 1 3 1 2 4
1134  936  214 0  83 1 3 1 2 4
1135  823  957 0   9 1 3 1 2 4
1136   15  390 0  25 1 3 1 2 4
1137  765  390 0  62 1 3 1 2 4
1138  403  580 0  79 1 3 1 2 4
1139  314  330 0  70 1 3 1 2 4
1140   17  293 0  70 1 3 1 2 4
1141  426  991 0  95 1 3 1 2 4
1142  778  931 0  87 1 3 1 2 4
1143  412  199 0  60 1 3 1 2 4
1144  628  819 0  56 1 3 1 2 4
1145  498  702 0  14 1 3 1 2 4
1146   54  110 0  79 1 3 1 2 4
1147  949  468 0   8 1 3 1 2 4
1148   85   64 0  70 1 3 1 2 4
1149  157  295 0  60 1 3 1 2 4
1150  132  262 0  14 1 3 1 2 4
1151  734  550 0  68 1 3 1 2 4
1152  888  242 0  33 1 3 1 2 4
1153  130  504 0  59 1 3 1 2 4
1154   31  238 0  80 1 3 1 2 4
1155  159  202 0  71 1 3 1 2 4
1156   99  106 0  58 1 3 1 2 4
1157  276  304 0  18 1 3 1 2 4
1158  805  215 0  33 1 3 1 2 4
1159  973  590 0  91 1 3 1 2 4
1160  578  482 0  17 1 3 1 2 4
1161  526  662 0  69 1 3 1 2 4
1162  539  162 0  15 1 3 1 2 4
1163  548  890 0  65 1 3 1 2 4
1164  544  638 0  43 1 3 1 2 4
1165  907  459 0  41 1 3 1 2 4
1166  539  281 0  19 1 3 1 2 4
1167  933  874 0   8 1 3 1 2 4
1168  612  798 0  47 1 3 1 2 4
1169  430   54 0  18 1 3 1 2 4
1170  850  977 0  62 1 3 1 2 4
1171  744  370 0  67 1 3 1 2 4
1172  536  901 0  67 1 3 1 2 4
1173  890  200 0  56 1 3 1 2 4
1174  675  300 0  16 1 3 1 2 4
1175  908  567 0  98 1 3 1 2 4
1176  928  700 0  21 1 3 1 2 4
1177  602  885 0  32 1 3 1 2 4
1178  891  370 0  33 1 3 1 2 4
1179  392  638 0  73 1 3 1 2 4
1180   18  775 0  20 1 3 1 2 4
1181  703  884 0  11 1 3 1 2 4
1182  655  511 0  95 1 3 1 2 4
1183  528  920 0  14 1 3 1 2 4
1184  977  245 0  82 1 3 1 2 4
1185  945  841 0  71 1 3 1 2 4
1186   99  393 0  44 1 3 1 2 4
1187  739  198 0   9 1 3 1 2 4
1188  262  411 0  61 1 3 1 2 4
1189  342  979 0  81 1 3 1 2 4
1190   51  261 0  23 1 3 1 2 4
1191  157  833 0  49 1 3 1 2 4
1192  344  472 0  76 1 3 1 2 4
1193  704  707 0  13 1 3 1 2 4
1194  908 1000 0   1 1 3 1 2 4
1195  512  265 0  78 1 3 1 2 4
1196    4  540 0  97 1 3 1 2 4
1197  638  878 0  60 1 3 1 2 4
1198  870  446 0  90 1 3 1 2 4
1199   78  658 0  66 1 3 1 2 4
1200   41   18 0  51 1 3 1 2 4
1201  550  726 0  14 1 3 1 2 4
1202    0  245 0  12 1 3 1 2 4
1203  336  191 0  88 1 3 1 2 4
1204  145  939 0  48 1 3 1 2 4
1205  128  980 0  77 1 3 1 2 4
1206 1000  935 0  53 1 3 1 2 4
1207  120  196 0  22 1 3 1 2 4
1208  187  843 0  11 1 3 1 2 4
1209  683  339 0  28 1 3 1 2 4
1210  904  893 0  12 1 3 1 2 4
1211  296  569 0  23 1 3 1 2 4
1212  831   33 0  56 1 3 1 2 4
1213  741  407 0  29 1 3 1 2 4
1214  525  580 0   3 1 3 1 2 4
1215  609  593 0  61 1 3 1 2 4
1216  773  261 0  48 1 3 1 2 4
1217  821  390 0   5 1 3 1 2 4
1218  138  835 0  81 1 3 1 2 4
1219  365  160 0  13 1 3 1 2 4
1220  912  881 0   2 1 3 1 2 4
1221  960  535 0  95 1 3 1 2 4
1222   19  260 0  64 1 3 1 2 4
1223  945  107 0  44 1 3 1 2 4
1224  312  246 0  22 1 3 1 2 4
1225  784  413 0  68 1 3 1 2 4
1226  628  697 0 100 1 3 1 2 4
1227   34  843 0  77 1 3 1 2 4
1228  705  317 0  35 1 3 1 2 4
1229  445  547 0  22 1 3 1 2 4
1230  958    2 0   6 1 3 1 2 4
1231  785  968 0  78 1 3 1 2 4
1232   40  770 0  34 1 3 1 2 4
1233  587  195 0  52 1 3 1 2 4
1234  983    4 0  47 1 3 1 2 4
1235  875  515 0  11 1 3 1 2 4
1236  748  878 0   6 1 3 1 2 4
1237  993  611 0  90 1 3 1 2 4
1238  640  363 0  34 1 3 1 2 4
1239  777  864 0   4 1 3 1 2 4
1240  852  605 0   7 1 3 1 2 4
1241  579  341 0   1 1 3 1 2 4
1242    7  932 0  86 1 3 1 2 4
1243  315  691 0  55 1 3 1 2 4
1244  394   54 0  48 1 3 1 2 4
1245  906  470 0  20 1 3 1 2 4
1246  881  221 0  71 1 3 1 2 4
1247  949    4 0  49 1 3 1 2 4
1248  133   55 0  51 1 3 1 2 4
1249  328  908 0  16 1 3 1 2 4
1250  370  965 0  55 1 3 1 2 4
1251  426  228 0  81 1 3 1 2 4
1252  187  577 0  41 1 3 1 2 4
1253   85  248 0  45 1 3 1 2 4
1254  995  783 0  91 1 3 1 2 4
1255  583   13 0  21 1 3 1 2 4
1256  811  494 0  22 1 3 1 2 4
1257   80  322 0  60 1 3 1 2 4
1258  770  961 0   3 1 3 1 2 4
1259  815    0 0  82 1 3 1 2 4
1260  965  864 0  89 1 3 1 2 4
1261  399  546 0   7 1 3 1 2 4
1262   37  923 0  28 1 3 1 2 4
1263  484  921 0  91 1 3 1 2 4
1264   31  758 0  49 1 3 1 2 4
1265  908  172 0  41 1 3 1 2 4
1266  907  920 0  93 1 3 1 2 4
1267  299  217 0  89 1 3 1 2 4
1268  101  901 0  27 1 3 1 2 4
1269  678  282 0   1 1 3 1 2 4
1270  865   15 0  20 1 3 1 2 4
1271  369  696 0  69 1 3 1 2 4
1272   20  713 0  92 1 3 1 2 4
1273  653  607 0  77 1 3 1 2 4
1274   95  455 0  25 1 3 1 2 4
1275  621  467 0  89 1 3 1 2 4
1276  390  143 0  41 1 3 1 2 4
1277  983  814 0  35 1 3 1 2 4
1278  499  811 0  40 1 3 1 2 4
1279  678 1000 0  61 1 3 1 2 4
1280  341  597 0  45 1 3 1 2 4
1281   32  395 0  20 1 3 1 2 4
1282   83  338 0  59 1 3 1 2 4
1283   23  563 0  41 1 3 1 2 4
1284  376  502 0  21 1 3 1 2 4
1285  588  437 0  42 1 3 1 2 4
1286  298  266 0  56 1 3 1 2 4
1287  590  480 0  96 1 3 1 2 4
1288  572  342 0  43 1 3 1 2 4
1289  670   60 0  91 1 3 1 2 4
1290  989  151 0  16 1 3 1 2 4
1291  958  231 0  88 1 3 1 2 4
1292  491  334 0  26 1 3 1 2 4
1293  418  290 0  59 1 3 1 2 4
1294  810  962 0  76 1 3 1 2 4
1295  486  942 0  99 1 3 1 2 4
1296  731   93 0  43 1 3 1 2 4
1297   90  145 0  69 1 3 1 2 4
1298  381  847 0  40 1 3 1 2 4
1299  150    0 0  86 1 3 1 2 4
1300  797  788 0  98 1 3 1 2 4
1301  554  896 0  18 1 3 1 2 4
1302   82  524 0  66 1 3 1 2 4
1303  469   33 0  35 1 3 1 2 4
1304  306  377 0  74 1 3 1 2 4
1305  623  234 0  58 1 3 1 2 4
1306  597  755 0  54 1 3 1 2 4
1307  746  596 0  20 1 3 1 2 4
1308  394  768 0  12 1 3 1 2 4
1309  644  674 0  67 1 3 1 2 4
1310   42  138 0  89 1 3 1 2 4
1311  565  883 0  85 1 3 1 2 4
1312  433  916 0   4 1 3 1 2 4
1313  331  968 0   1 1 3 1 2 4
1314    3  539 0  36 1 3 1 2 4
1315    7  325 0  29 1 3 1 2 4
1316  918  394 0  98 1 3 1 2 4
1317  463  113 0  77 1 3 1 2 4
1318  250  385 0  26 1 3 1 2 4
1319  518   69 0  22 1 3 1 2 4
1320  556   46 0  93 1 3 1 2 4
1321  550  581 0  69 1 3 1 2 4
1322  211  488 0  98 1 3 1 2 4
1323  644  380 0  18 1 3 1 2 4
1324   88  573 0  67 1 3 1 2 4
1325  985  587 0  41 1 3 1 2 4
1326  444  208 0  17 1 3 1 2 4
1327  156  265 0  36 1 3 1 2 4
1328  138  855 0  47 1 3 1 2 4
1329   99  318 0  85 1 3 1 2 4
1330  263   24 0  95 1 3 1 2 4
1331  480    1 0   0 0 0
1332  651  658 0   0 0 0
1333   99  915 0   0 0 0
