2 190 1357 6
0 252
0 252
0 252
0 252
0 252
0 252
   1  863  853 0  78 1 6 1 2 4 8 16 32
   2   11  164 0  68 1 6 1 2 4 8 16 32
   3  362  345 0  86 1 6 1 2 4 8 16 32
   4  573  287 0  71 1 6 1 2 4 8 16 32
   5  427  650 0   4 1 6 1 2 4 8 16 32
   6   77  137 0  37 1 6 1 2 4 8 16 32
   7  212  586 0  41 1 6 1 2 4 8 16 32
   8  659  572 0  21 1 6 1 2 4 8 16 32
   9  256  144 0   7 1 6 1 2 4 8 16 32
  10  172  722 0  80 1 6 1 2 4 8 16 32
  11  181  604 0  74 1 6 1 2 4 8 16 32
  12  781  929 0  60 1 6 1 2 4 8 16 32
  13  798  973 0  50 1 6 1 2 4 8 16 32
  14  455   64 0  94 1 6 1 2 4 8 16 32
  15   27  741 0  66 1 6 1 2 4 8 16 32
  16  456  874 0  49 1 6 1 2 4 8 16 32
  17  652  299 0  80 1 6 1 2 4 8 16 32
  18   66  910 0  70 1 6 1 2 4 8 16 32
  19  751  657 0  92 1 6 1 2 4 8 16 32
  20  103  493 0  56 1 6 1 2 4 8 16 32
  21  300   41 0  99 1 6 1 2 4 8 16 32
  22    1  990 0   4 1 6 1 2 4 8 16 32
  23  575  637 0  65 1 6 1 2 4 8 16 32
  24  250  616 0  81 1 6 1 2 4 8 16 32
  25  169  949 0  59 1 6 1 2 4 8 16 32
  26    8  287 0   1 1 6 1 2 4 8 16 32
  27  950  488 0  80 1 6 1 2 4 8 16 32
  28  864  437 0  32 1 6 1 2 4 8 16 32
  29  465  253 0  57 1 6 1 2 4 8 16 32
  30  494  427 0  93 1 6 1 2 4 8 16 32
  31   57  516 0  53 1 6 1 2 4 8 16 32
  32  824  738 0  32 1 6 1 2 4 8 16 32
  33  512  709 0  73 1 6 1 2 4 8 16 32
  34  390   25 0   2 1 6 1 2 4 8 16 32
  35  492  628 0  28 1 6 1 2 4 8 16 32
  36  376  574 0   2 1 6 1 2 4 8 16 32
  37  655   64 0  64 1 6 1 2 4 8 16 32
  38  717  926 0   2 1 6 1 2 4 8 16 32
  39  393  375 0  18 1 6 1 2 4 8 16 32
  40  637  853 0  78 1 6 1 2 4 8 16 32
  41  456  724 0  25 1 6 1 2 4 8 16 32
  42  747  431 0  10 1 6 1 2 4 8 16 32
  43  657  270 0  55 1 6 1 2 4 8 16 32
  44  875  720 0  95 1 6 1 2 4 8 16 32
  45   60  383 0   5 1 6 1 2 4 8 16 32
  46  404   23 0  57 1 6 1 2 4 8 16 32
  47  396   46 0  16 1 6 1 2 4 8 16 32
  48  356  967 0  88 1 6 1 2 4 8 16 32
  49   86  643 0  85 1 6 1 2 4 8 16 32
  50  709  169 0  24 1 6 1 2 4 8 16 32
  51  766    2 0  67 1 6 1 2 4 8 16 32
  52  430  259 0  93 1 6 1 2 4 8 16 32
  53   94  873 0  93 1 6 1 2 4 8 16 32
  54  701  976 0  34 1 6 1 2 4 8 16 32
  55  750  603 0  84 1 6 1 2 4 8 16 32
  56  929  820 0  22 1 6 1 2 4 8 16 32
  57  115  744 0  38 1 6 1 2 4 8 16 32
  58  226  365 0  73 1 6 1 2 4 8 16 32
  59  144  936 0  26 1 6 1 2 4 8 16 32
  60  129  864 0  45 1 6 1 2 4 8 16 32
  61  274  228 0  15 1 6 1 2 4 8 16 32
  62  211  446 0  73 1 6 1 2 4 8 16 32
  63  486  214 0  30 1 6 1 2 4 8 16 32
  64  421  707 0  86 1 6 1 2 4 8 16 32
  65  164  593 0  79 1 6 1 2 4 8 16 32
  66  470  164 0  27 1 6 1 2 4 8 16 32
  67  672  874 0  80 1 6 1 2 4 8 16 32
  68  797  848 0  84 1 6 1 2 4 8 16 32
  69  315  396 0  26 1 6 1 2 4 8 16 32
  70  691  683 0  19 1 6 1 2 4 8 16 32
  71   36  370 0  86 1 6 1 2 4 8 16 32
  72   67  754 0  67 1 6 1 2 4 8 16 32
  73  811  708 0  33 1 6 1 2 4 8 16 32
  74  761  813 0  80 1 6 1 2 4 8 16 32
  75  748  234 0  59 1 6 1 2 4 8 16 32
  76  788  440 0  42 1 6 1 2 4 8 16 32
  77  982  710 0   7 1 6 1 2 4 8 16 32
  78  978  157 0  99 1 6 1 2 4 8 16 32
  79  610    2 0  56 1 6 1 2 4 8 16 32
  80  768  576 0  56 1 6 1 2 4 8 16 32
  81  589  801 0  13 1 6 1 2 4 8 16 32
  82  838  679 0  75 1 6 1 2 4 8 16 32
  83  312  363 0  56 1 6 1 2 4 8 16 32
  84  959  464 0  51 1 6 1 2 4 8 16 32
  85   89  454 0  78 1 6 1 2 4 8 16 32
  86  667  255 0  20 1 6 1 2 4 8 16 32
  87  307  354 0   9 1 6 1 2 4 8 16 32
  88  107  801 0  90 1 6 1 2 4 8 16 32
  89  639  364 0  66 1 6 1 2 4 8 16 32
  90  562  636 0  66 1 6 1 2 4 8 16 32
  91  538  746 0  50 1 6 1 2 4 8 16 32
  92  950  214 0  45 1 6 1 2 4 8 16 32
  93  250  100 0  57 1 6 1 2 4 8 16 32
  94  148  389 0  94 1 6 1 2 4 8 16 32
  95  921  483 0  66 1 6 1 2 4 8 16 32
  96  580  938 0  67 1 6 1 2 4 8 16 32
  97  565  630 0  28 1 6 1 2 4 8 16 32
  98  513  665 0  35 1 6 1 2 4 8 16 32
  99  267   50 0   6 1 6 1 2 4 8 16 32
 100  176  159 0  18 1 6 1 2 4 8 16 32
 101  999   31 0  28 1 6 1 2 4 8 16 32
 102  928  189 0  90 1 6 1 2 4 8 16 32
 103  599   78 0  15 1 6 1 2 4 8 16 32
 104  528  347 0  42 1 6 1 2 4 8 16 32
 105  201  274 0  20 1 6 1 2 4 8 16 32
 106  104  862 0  78 1 6 1 2 4 8 16 32
 107  749  524 0  22 1 6 1 2 4 8 16 32
 108  981  965 0  90 1 6 1 2 4 8 16 32
 109  437  648 0  79 1 6 1 2 4 8 16 32
 110  225  518 0  17 1 6 1 2 4 8 16 32
 111  238  724 0  99 1 6 1 2 4 8 16 32
 112  468  191 0  65 1 6 1 2 4 8 16 32
 113  502  409 0  66 1 6 1 2 4 8 16 32
 114  224  628 0  32 1 6 1 2 4 8 16 32
 115  135  403 0  61 1 6 1 2 4 8 16 32
 116  144  503 0  94 1 6 1 2 4 8 16 32
 117  223  133 0  54 1 6 1 2 4 8 16 32
 118  993  623 0  50 1 6 1 2 4 8 16 32
 119  254  765 0  66 1 6 1 2 4 8 16 32
 120  427  287 0  82 1 6 1 2 4 8 16 32
 121  698  943 0  92 1 6 1 2 4 8 16 32
 122  643  973 0  46 1 6 1 2 4 8 16 32
 123  258  531 0   2 1 6 1 2 4 8 16 32
 124  302  565 0  41 1 6 1 2 4 8 16 32
 125  114  503 0  19 1 6 1 2 4 8 16 32
 126   37   53 0  17 1 6 1 2 4 8 16 32
 127  102  838 0  81 1 6 1 2 4 8 16 32
 128   58   95 0  12 1 6 1 2 4 8 16 32
 129  378  255 0  37 1 6 1 2 4 8 16 32
 130  815   74 0  27 1 6 1 2 4 8 16 32
 131  552  935 0  90 1 6 1 2 4 8 16 32
 132  965  882 0  71 1 6 1 2 4 8 16 32
 133  189  383 0   6 1 6 1 2 4 8 16 32
 134  826  509 0  29 1 6 1 2 4 8 16 32
 135  151  635 0  63 1 6 1 2 4 8 16 32
 136  732  643 0  20 1 6 1 2 4 8 16 32
 137  966  406 0  53 1 6 1 2 4 8 16 32
 138  722  620 0  24 1 6 1 2 4 8 16 32
 139  604  442 0  27 1 6 1 2 4 8 16 32
 140  861  899 0  57 1 6 1 2 4 8 16 32
 141  287  655 0  75 1 6 1 2 4 8 16 32
 142  111  167 0  55 1 6 1 2 4 8 16 32
 143  878    2 0  76 1 6 1 2 4 8 16 32
 144   14  813 0  97 1 6 1 2 4 8 16 32
 145  826  162 0  85 1 6 1 2 4 8 16 32
 146  809  490 0  43 1 6 1 2 4 8 16 32
 147  625  509 0  68 1 6 1 2 4 8 16 32
 148   57  608 0  47 1 6 1 2 4 8 16 32
 149  461  767 0  37 1 6 1 2 4 8 16 32
 150  144  882 0  44 1 6 1 2 4 8 16 32
 151  150  530 0  72 1 6 1 2 4 8 16 32
 152   94  708 0  26 1 6 1 2 4 8 16 32
 153  613  673 0  41 1 6 1 2 4 8 16 32
 154  323  761 0  48 1 6 1 2 4 8 16 32
 155  957  657 0  67 1 6 1 2 4 8 16 32
 156  745   26 0  50 1 6 1 2 4 8 16 32
 157  976  206 0  55 1 6 1 2 4 8 16 32
 158  278  569 0  62 1 6 1 2 4 8 16 32
 159  502  177 0  34 1 6 1 2 4 8 16 32
 160  400  583 0  87 1 6 1 2 4 8 16 32
 161  676  669 0  60 1 6 1 2 4 8 16 32
 162  710  424 0  79 1 6 1 2 4 8 16 32
 163  992  820 0  98 1 6 1 2 4 8 16 32
 164  228  443 0  85 1 6 1 2 4 8 16 32
 165  536  775 0  84 1 6 1 2 4 8 16 32
 166  536  423 0  87 1 6 1 2 4 8 16 32
 167  990  948 0  14 1 6 1 2 4 8 16 32
 168  861  608 0   3 1 6 1 2 4 8 16 32
 169  896  402 0  49 1 6 1 2 4 8 16 32
 170  881  372 0  34 1 6 1 2 4 8 16 32
 171  294  849 0  39 1 6 1 2 4 8 16 32
 172  999  205 0  14 1 6 1 2 4 8 16 32
 173  714  207 0  68 1 6 1 2 4 8 16 32
 174  556  234 0  32 1 6 1 2 4 8 16 32
 175    7  722 0  74 1 6 1 2 4 8 16 32
 176  776  456 0  29 1 6 1 2 4 8 16 32
 177  913  665 0   9 1 6 1 2 4 8 16 32
 178  239  717 0  76 1 6 1 2 4 8 16 32
 179  318  118 0  39 1 6 1 2 4 8 16 32
 180  903   70 0  85 1 6 1 2 4 8 16 32
 181  448  379 0  62 1 6 1 2 4 8 16 32
 182  755  950 0  92 1 6 1 2 4 8 16 32
 183  493  266 0  42 1 6 1 2 4 8 16 32
 184  813  419 0  95 1 6 1 2 4 8 16 32
 185   39  384 0  96 1 6 1 2 4 8 16 32
 186   72  964 0  93 1 6 1 2 4 8 16 32
 187  675   18 0  23 1 6 1 2 4 8 16 32
 188  432   30 0  12 1 6 1 2 4 8 16 32
 189  356  279 0  29 1 6 1 2 4 8 16 32
 190  635  967 0  69 1 6 1 2 4 8 16 32
 191  291  569 0   5 1 6 1 2 4 8 16 32
 192  766  658 0  15 1 6 1 2 4 8 16 32
 193  308  278 0  63 1 6 1 2 4 8 16 32
 194  781  321 0  65 1 6 1 2 4 8 16 32
 195  610  393 0  59 1 6 1 2 4 8 16 32
 196  658  965 0  78 1 6 1 2 4 8 16 32
 197   50  748 0  20 1 6 1 2 4 8 16 32
 198  538    5 0  85 1 6 1 2 4 8 16 32
 199  690  793 0  21 1 6 1 2 4 8 16 32
 200  680  540 0  93 1 6 1 2 4 8 16 32
 201    7  715 0  89 1 6 1 2 4 8 16 32
 202  725  108 0  45 1 6 1 2 4 8 16 32
 203  312  247 0   8 1 6 1 2 4 8 16 32
 204  263  306 0  17 1 6 1 2 4 8 16 32
 205  676  677 0  48 1 6 1 2 4 8 16 32
 206  327  630 0  11 1 6 1 2 4 8 16 32
 207  239  955 0  14 1 6 1 2 4 8 16 32
 208  628  683 0  70 1 6 1 2 4 8 16 32
 209  863  299 0  67 1 6 1 2 4 8 16 32
 210  228   29 0  76 1 6 1 2 4 8 16 32
 211  798  555 0  30 1 6 1 2 4 8 16 32
 212  824  309 0  88 1 6 1 2 4 8 16 32
 213   20  534 0  42 1 6 1 2 4 8 16 32
 214  192  670 0   5 1 6 1 2 4 8 16 32
 215  900  804 0  84 1 6 1 2 4 8 16 32
 216  179  374 0   3 1 6 1 2 4 8 16 32
 217  623  376 0  24 1 6 1 2 4 8 16 32
 218   15  346 0  41 1 6 1 2 4 8 16 32
 219  152  966 0  53 1 6 1 2 4 8 16 32
 220  924  585 0  30 1 6 1 2 4 8 16 32
 221  894  154 0  16 1 6 1 2 4 8 16 32
 222  982  283 0  62 1 6 1 2 4 8 16 32
 223  219   79 0  50 1 6 1 2 4 8 16 32
 224  713  706 0  58 1 6 1 2 4 8 16 32
 225  243  362 0  79 1 6 1 2 4 8 16 32
 226  473  211 0  15 1 6 1 2 4 8 16 32
 227  867  366 0  34 1 6 1 2 4 8 16 32
 228    3  170 0  39 1 6 1 2 4 8 16 32
 229  709  481 0  27 1 6 1 2 4 8 16 32
 230  826  308 0  13 1 6 1 2 4 8 16 32
 231  368  816 0  64 1 6 1 2 4 8 16 32
 232  980    5 0  67 1 6 1 2 4 8 16 32
 233   96  451 0  66 1 6 1 2 4 8 16 32
 234  298  316 0  79 1 6 1 2 4 8 16 32
 235  896  545 0  83 1 6 1 2 4 8 16 32
 236  301   73 0  12 1 6 1 2 4 8 16 32
 237  756  233 0  52 1 6 1 2 4 8 16 32
 238  484  724 0  39 1 6 1 2 4 8 16 32
 239  547  529 0  96 1 6 1 2 4 8 16 32
 240  934  102 0  98 1 6 1 2 4 8 16 32
 241   14    2 0  64 1 6 1 2 4 8 16 32
 242  839  700 0  91 1 6 1 2 4 8 16 32
 243  760  192 0   1 1 6 1 2 4 8 16 32
 244  315  957 0  75 1 6 1 2 4 8 16 32
 245  745  851 0  16 1 6 1 2 4 8 16 32
 246  464  391 0  72 1 6 1 2 4 8 16 32
 247  547  823 0  11 1 6 1 2 4 8 16 32
 248  808    5 0  48 1 6 1 2 4 8 16 32
 249    7  930 0  32 1 6 1 2 4 8 16 32
 250  838  303 0   5 1 6 1 2 4 8 16 32
 251  220  589 0  93 1 6 1 2 4 8 16 32
 252  981  177 0  73 1 6 1 2 4 8 16 32
 253  692  182 0  83 1 6 1 2 4 8 16 32
 254  468  968 0  84 1 6 1 2 4 8 16 32
 255  629  367 0  21 1 6 1 2 4 8 16 32
 256  390  263 0  27 1 6 1 2 4 8 16 32
 257  442  904 0   8 1 6 1 2 4 8 16 32
 258  285  789 0  50 1 6 1 2 4 8 16 32
 259  696  190 0  74 1 6 1 2 4 8 16 32
 260  184  895 0  83 1 6 1 2 4 8 16 32
 261  192  698 0  26 1 6 1 2 4 8 16 32
 262  664   75 0  33 1 6 1 2 4 8 16 32
 263  839  641 0  68 1 6 1 2 4 8 16 32
 264  475  862 0  88 1 6 1 2 4 8 16 32
 265  454  815 0   3 1 6 1 2 4 8 16 32
 266  226  198 0  25 1 6 1 2 4 8 16 32
 267  238  640 0   7 1 6 1 2 4 8 16 32
 268  232  839 0  72 1 6 1 2 4 8 16 32
 269   36  152 0  14 1 6 1 2 4 8 16 32
 270  284  887 0  13 1 6 1 2 4 8 16 32
 271  712  524 0  68 1 6 1 2 4 8 16 32
 272  396  176 0   3 1 6 1 2 4 8 16 32
 273  193   35 0  80 1 6 1 2 4 8 16 32
 274  985  203 0  78 1 6 1 2 4 8 16 32
 275  212  536 0  34 1 6 1 2 4 8 16 32
 276  245  398 0  69 1 6 1 2 4 8 16 32
 277  764  603 0  27 1 6 1 2 4 8 16 32
 278  852  593 0  91 1 6 1 2 4 8 16 32
 279    0  252 0  43 1 6 1 2 4 8 16 32
 280  153  751 0  95 1 6 1 2 4 8 16 32
 281  199  160 0  84 1 6 1 2 4 8 16 32
 282  726  154 0  19 1 6 1 2 4 8 16 32
 283  663   91 0  10 1 6 1 2 4 8 16 32
 284   27  715 0  99 1 6 1 2 4 8 16 32
 285  976  254 0  89 1 6 1 2 4 8 16 32
 286  383  964 0  41 1 6 1 2 4 8 16 32
 287  175  218 0  54 1 6 1 2 4 8 16 32
 288  495  887 0  45 1 6 1 2 4 8 16 32
 289  742  147 0  67 1 6 1 2 4 8 16 32
 290  929  248 0  17 1 6 1 2 4 8 16 32
 291  893  706 0  33 1 6 1 2 4 8 16 32
 292  181  872 0  81 1 6 1 2 4 8 16 32
 293  674  451 0  98 1 6 1 2 4 8 16 32
 294  724  479 0  96 1 6 1 2 4 8 16 32
 295  196  623 0   5 1 6 1 2 4 8 16 32
 296   75  920 0  33 1 6 1 2 4 8 16 32
 297  663  957 0  21 1 6 1 2 4 8 16 32
 298  464  752 0  94 1 6 1 2 4 8 16 32
 299  993  821 0   6 1 6 1 2 4 8 16 32
 300  281  858 0  41 1 6 1 2 4 8 16 32
 301  189  912 0  29 1 6 1 2 4 8 16 32
 302  320  302 0  18 1 6 1 2 4 8 16 32
 303  120  430 0  13 1 6 1 2 4 8 16 32
 304  731  289 0  87 1 6 1 2 4 8 16 32
 305  268   96 0  16 1 6 1 2 4 8 16 32
 306  896  853 0  24 1 6 1 2 4 8 16 32
 307  885  851 0  89 1 6 1 2 4 8 16 32
 308  483  770 0  20 1 6 1 2 4 8 16 32
 309  175  925 0  40 1 6 1 2 4 8 16 32
 310  434  199 0  33 1 6 1 2 4 8 16 32
 311  308  417 0  67 1 6 1 2 4 8 16 32
 312  513  860 0  21 1 6 1 2 4 8 16 32
 313  691  492 0  18 1 6 1 2 4 8 16 32
 314  968  685 0  23 1 6 1 2 4 8 16 32
 315  985  792 0  59 1 6 1 2 4 8 16 32
 316  297  860 0  70 1 6 1 2 4 8 16 32
 317    8   51 0  22 1 6 1 2 4 8 16 32
 318  954  183 0  30 1 6 1 2 4 8 16 32
 319  657  535 0  89 1 6 1 2 4 8 16 32
 320  207   86 0  16 1 6 1 2 4 8 16 32
 321  697  885 0  62 1 6 1 2 4 8 16 32
 322  920  859 0  62 1 6 1 2 4 8 16 32
 323   15  510 0  71 1 6 1 2 4 8 16 32
 324  615  998 0  62 1 6 1 2 4 8 16 32
 325  417  639 0  85 1 6 1 2 4 8 16 32
 326  672  587 0  69 1 6 1 2 4 8 16 32
 327  434  967 0  68 1 6 1 2 4 8 16 32
 328  180  607 0   9 1 6 1 2 4 8 16 32
 329  424  593 0  39 1 6 1 2 4 8 16 32
 330  822  518 0  37 1 6 1 2 4 8 16 32
 331  577  539 0  70 1 6 1 2 4 8 16 32
 332   79  529 0  67 1 6 1 2 4 8 16 32
 333  975  609 0  26 1 6 1 2 4 8 16 32
 334  764  165 0  76 1 6 1 2 4 8 16 32
 335  811   41 0  44 1 6 1 2 4 8 16 32
 336  646  964 0  89 1 6 1 2 4 8 16 32
 337  688    4 0  59 1 6 1 2 4 8 16 32
 338  703  411 0   9 1 6 1 2 4 8 16 32
 339   13  352 0  52 1 6 1 2 4 8 16 32
 340  720  973 0  61 1 6 1 2 4 8 16 32
 341  532  745 0  98 1 6 1 2 4 8 16 32
 342  980  557 0  94 1 6 1 2 4 8 16 32
 343  290  137 0  16 1 6 1 2 4 8 16 32
 344  219  943 0  50 1 6 1 2 4 8 16 32
 345  102  357 0  60 1 6 1 2 4 8 16 32
 346  659  778 0  39 1 6 1 2 4 8 16 32
 347 1000  378 0  62 1 6 1 2 4 8 16 32
 348  995  837 0   2 1 6 1 2 4 8 16 32
 349  510  257 0  57 1 6 1 2 4 8 16 32
 350  675  974 0  67 1 6 1 2 4 8 16 32
 351  146  101 0  69 1 6 1 2 4 8 16 32
 352  876  689 0   7 1 6 1 2 4 8 16 32
 353  649  560 0  58 1 6 1 2 4 8 16 32
 354  955  449 0  71 1 6 1 2 4 8 16 32
 355  843  843 0   3 1 6 1 2 4 8 16 32
 356  537  812 0  14 1 6 1 2 4 8 16 32
 357   33  631 0  99 1 6 1 2 4 8 16 32
 358  588  143 0  46 1 6 1 2 4 8 16 32
 359  121  324 0  79 1 6 1 2 4 8 16 32
 360  923  641 0  89 1 6 1 2 4 8 16 32
 361  193  900 0 100 1 6 1 2 4 8 16 32
 362  157  155 0  56 1 6 1 2 4 8 16 32
 363  662  382 0  64 1 6 1 2 4 8 16 32
 364   60  921 0  66 1 6 1 2 4 8 16 32
 365   26  612 0  64 1 6 1 2 4 8 16 32
 366  306  272 0  11 1 6 1 2 4 8 16 32
 367  864  822 0  82 1 6 1 2 4 8 16 32
 368  264  768 0  62 1 6 1 2 4 8 16 32
 369  706  277 0  30 1 6 1 2 4 8 16 32
 370  188  797 0  58 1 6 1 2 4 8 16 32
 371  134  931 0  55 1 6 1 2 4 8 16 32
 372  310  519 0  34 1 6 1 2 4 8 16 32
 373  932  530 0  25 1 6 1 2 4 8 16 32
 374  773  650 0  52 1 6 1 2 4 8 16 32
 375  951  859 0  91 1 6 1 2 4 8 16 32
 376  666  508 0  79 1 6 1 2 4 8 16 32
 377   40  948 0  41 1 6 1 2 4 8 16 32
 378  455  712 0  12 1 6 1 2 4 8 16 32
 379  862  549 0  39 1 6 1 2 4 8 16 32
 380  262   69 0  94 1 6 1 2 4 8 16 32
 381  573  787 0  37 1 6 1 2 4 8 16 32
 382  721  660 0  94 1 6 1 2 4 8 16 32
 383    8  714 0  45 1 6 1 2 4 8 16 32
 384  484  847 0  11 1 6 1 2 4 8 16 32
 385  826  137 0   9 1 6 1 2 4 8 16 32
 386  105  619 0  78 1 6 1 2 4 8 16 32
 387  181  356 0  68 1 6 1 2 4 8 16 32
 388  241  749 0  79 1 6 1 2 4 8 16 32
 389  830  589 0  66 1 6 1 2 4 8 16 32
 390  568  260 0  11 1 6 1 2 4 8 16 32
 391   78  631 0  83 1 6 1 2 4 8 16 32
 392  267  195 0  35 1 6 1 2 4 8 16 32
 393  725   42 0  26 1 6 1 2 4 8 16 32
 394  872  832 0  46 1 6 1 2 4 8 16 32
 395  521  221 0  58 1 6 1 2 4 8 16 32
 396  341  411 0  15 1 6 1 2 4 8 16 32
 397  530    3 0  98 1 6 1 2 4 8 16 32
 398  425   59 0  47 1 6 1 2 4 8 16 32
 399  610  694 0  91 1 6 1 2 4 8 16 32
 400  411  891 0  74 1 6 1 2 4 8 16 32
 401  553  661 0  67 1 6 1 2 4 8 16 32
 402   54  723 0  88 1 6 1 2 4 8 16 32
 403  266   50 0  50 1 6 1 2 4 8 16 32
 404  569  113 0  23 1 6 1 2 4 8 16 32
 405  441  944 0  65 1 6 1 2 4 8 16 32
 406  457  985 0  71 1 6 1 2 4 8 16 32
 407  467  945 0  10 1 6 1 2 4 8 16 32
 408  773  632 0  67 1 6 1 2 4 8 16 32
 409  797  695 0  78 1 6 1 2 4 8 16 32
 410  432  865 0  93 1 6 1 2 4 8 16 32
 411  892  574 0  47 1 6 1 2 4 8 16 32
 412  899  581 0  15 1 6 1 2 4 8 16 32
 413  864  617 0  87 1 6 1 2 4 8 16 32
 414  934  118 0 100 1 6 1 2 4 8 16 32
 415  106  990 0  42 1 6 1 2 4 8 16 32
 416  491  774 0  36 1 6 1 2 4 8 16 32
 417  129  870 0  70 1 6 1 2 4 8 16 32
 418  110  592 0  84 1 6 1 2 4 8 16 32
 419  908  472 0  92 1 6 1 2 4 8 16 32
 420   69  712 0  67 1 6 1 2 4 8 16 32
 421  893  925 0  81 1 6 1 2 4 8 16 32
 422  100  660 0  10 1 6 1 2 4 8 16 32
 423  940  551 0  17 1 6 1 2 4 8 16 32
 424  457   86 0  89 1 6 1 2 4 8 16 32
 425  746  649 0  96 1 6 1 2 4 8 16 32
 426  354  243 0  99 1 6 1 2 4 8 16 32
 427  740  650 0  23 1 6 1 2 4 8 16 32
 428  691  962 0  70 1 6 1 2 4 8 16 32
 429  159   60 0  90 1 6 1 2 4 8 16 32
 430  826  204 0  92 1 6 1 2 4 8 16 32
 431  884  704 0  61 1 6 1 2 4 8 16 32
 432  168  467 0  76 1 6 1 2 4 8 16 32
 433  645  415 0  26 1 6 1 2 4 8 16 32
 434  749  171 0  12 1 6 1 2 4 8 16 32
 435  708  775 0  17 1 6 1 2 4 8 16 32
 436  773  544 0  81 1 6 1 2 4 8 16 32
 437  163  275 0  18 1 6 1 2 4 8 16 32
 438  785  811 0  93 1 6 1 2 4 8 16 32
 439   41  601 0  84 1 6 1 2 4 8 16 32
 440   71  817 0   8 1 6 1 2 4 8 16 32
 441   77  479 0  91 1 6 1 2 4 8 16 32
 442  627  636 0  35 1 6 1 2 4 8 16 32
 443   26  349 0  85 1 6 1 2 4 8 16 32
 444  226  686 0  78 1 6 1 2 4 8 16 32
 445  503  853 0  51 1 6 1 2 4 8 16 32
 446  520   82 0  51 1 6 1 2 4 8 16 32
 447  535  648 0  13 1 6 1 2 4 8 16 32
 448  592  288 0  78 1 6 1 2 4 8 16 32
 449  588  687 0  49 1 6 1 2 4 8 16 32
 450  178  720 0  95 1 6 1 2 4 8 16 32
 451  170   95 0  67 1 6 1 2 4 8 16 32
 452  688  901 0  80 1 6 1 2 4 8 16 32
 453  971   66 0  85 1 6 1 2 4 8 16 32
 454  150  582 0  76 1 6 1 2 4 8 16 32
 455  375  578 0   6 1 6 1 2 4 8 16 32
 456  782  185 0  23 1 6 1 2 4 8 16 32
 457  908  964 0  72 1 6 1 2 4 8 16 32
 458  869  522 0   7 1 6 1 2 4 8 16 32
 459  774  442 0  92 1 6 1 2 4 8 16 32
 460   96  820 0  42 1 6 1 2 4 8 16 32
 461  260  183 0  49 1 6 1 2 4 8 16 32
 462   56  305 0  57 1 6 1 2 4 8 16 32
 463  587  381 0  69 1 6 1 2 4 8 16 32
 464  568   89 0  92 1 6 1 2 4 8 16 32
 465  982  186 0   7 1 6 1 2 4 8 16 32
 466  121  383 0  47 1 6 1 2 4 8 16 32
 467  579  430 0  83 1 6 1 2 4 8 16 32
 468  940  814 0  99 1 6 1 2 4 8 16 32
 469  125  446 0  49 1 6 1 2 4 8 16 32
 470  924  218 0  37 1 6 1 2 4 8 16 32
 471  307   17 0  28 1 6 1 2 4 8 16 32
 472   35  728 0  83 1 6 1 2 4 8 16 32
 473  431  902 0  49 1 6 1 2 4 8 16 32
 474  860  894 0  73 1 6 1 2 4 8 16 32
 475  273  632 0  65 1 6 1 2 4 8 16 32
 476  459  779 0  38 1 6 1 2 4 8 16 32
 477  393  418 0  14 1 6 1 2 4 8 16 32
 478  340  211 0  49 1 6 1 2 4 8 16 32
 479  415  525 0  73 1 6 1 2 4 8 16 32
 480  587  878 0  82 1 6 1 2 4 8 16 32
 481  747  233 0  20 1 6 1 2 4 8 16 32
 482  777  702 0  65 1 6 1 2 4 8 16 32
 483  962  512 0  40 1 6 1 2 4 8 16 32
 484  453  122 0  41 1 6 1 2 4 8 16 32
 485   74  109 0   5 1 6 1 2 4 8 16 32
 486  726  794 0  80 1 6 1 2 4 8 16 32
 487  250  179 0  75 1 6 1 2 4 8 16 32
 488  360  551 0  83 1 6 1 2 4 8 16 32
 489  801  238 0  83 1 6 1 2 4 8 16 32
 490  157   54 0   9 1 6 1 2 4 8 16 32
 491  634  391 0  24 1 6 1 2 4 8 16 32
 492  812  915 0  13 1 6 1 2 4 8 16 32
 493  356  545 0   2 1 6 1 2 4 8 16 32
 494  628  528 0  65 1 6 1 2 4 8 16 32
 495  151  916 0  29 1 6 1 2 4 8 16 32
 496  883  880 0  45 1 6 1 2 4 8 16 32
 497  895  830 0  22 1 6 1 2 4 8 16 32
 498  675  703 0  61 1 6 1 2 4 8 16 32
 499  692  853 0  80 1 6 1 2 4 8 16 32
 500  813  149 0   8 1 6 1 2 4 8 16 32
 501  742  214 0  82 1 6 1 2 4 8 16 32
 502  959  194 0  28 1 6 1 2 4 8 16 32
 503  930  917 0  39 1 6 1 2 4 8 16 32
 504  783  866 0  33 1 6 1 2 4 8 16 32
 505    0  628 0  76 1 6 1 2 4 8 16 32
 506  787  966 0  50 1 6 1 2 4 8 16 32
 507  418  732 0  22 1 6 1 2 4 8 16 32
 508  943  604 0  19 1 6 1 2 4 8 16 32
 509  853  377 0  49 1 6 1 2 4 8 16 32
 510  910  138 0  73 1 6 1 2 4 8 16 32
 511   23  995 0  69 1 6 1 2 4 8 16 32
 512  383   46 0  58 1 6 1 2 4 8 16 32
 513  151  862 0  98 1 6 1 2 4 8 16 32
 514  424   24 0  84 1 6 1 2 4 8 16 32
 515  732  491 0  40 1 6 1 2 4 8 16 32
 516  317  987 0  90 1 6 1 2 4 8 16 32
 517  658  640 0  18 1 6 1 2 4 8 16 32
 518  451  397 0  16 1 6 1 2 4 8 16 32
 519  926  796 0  83 1 6 1 2 4 8 16 32
 520   97  788 0  67 1 6 1 2 4 8 16 32
 521  562  986 0  88 1 6 1 2 4 8 16 32
 522  557   86 0  91 1 6 1 2 4 8 16 32
 523  381  475 0  14 1 6 1 2 4 8 16 32
 524  382  109 0  60 1 6 1 2 4 8 16 32
 525  946  195 0  21 1 6 1 2 4 8 16 32
 526  616  926 0  82 1 6 1 2 4 8 16 32
 527  275  370 0  66 1 6 1 2 4 8 16 32
 528  441  379 0  54 1 6 1 2 4 8 16 32
 529  228  141 0   3 1 6 1 2 4 8 16 32
 530  798  974 0  87 1 6 1 2 4 8 16 32
 531  738  963 0  91 1 6 1 2 4 8 16 32
 532  483  251 0  16 1 6 1 2 4 8 16 32
 533  895  677 0  75 1 6 1 2 4 8 16 32
 534  761  366 0  40 1 6 1 2 4 8 16 32
 535  469  929 0  85 1 6 1 2 4 8 16 32
 536  262    3 0  90 1 6 1 2 4 8 16 32
 537  237  948 0  30 1 6 1 2 4 8 16 32
 538  798  355 0  28 1 6 1 2 4 8 16 32
 539  744  930 0  45 1 6 1 2 4 8 16 32
 540  609  572 0  70 1 6 1 2 4 8 16 32
 541  926  454 0  41 1 6 1 2 4 8 16 32
 542  702  369 0  64 1 6 1 2 4 8 16 32
 543  139  813 0  11 1 6 1 2 4 8 16 32
 544   25  656 0  58 1 6 1 2 4 8 16 32
 545  937   57 0   9 1 6 1 2 4 8 16 32
 546  157  226 0   9 1 6 1 2 4 8 16 32
 547  140  589 0  82 1 6 1 2 4 8 16 32
 548   61  979 0  16 1 6 1 2 4 8 16 32
 549  259  928 0  13 1 6 1 2 4 8 16 32
 550  754  188 0  56 1 6 1 2 4 8 16 32
 551  572  251 0  21 1 6 1 2 4 8 16 32
 552  592  759 0  49 1 6 1 2 4 8 16 32
 553  775  188 0  23 1 6 1 2 4 8 16 32
 554  296  560 0  81 1 6 1 2 4 8 16 32
 555  549   39 0  66 1 6 1 2 4 8 16 32
 556  871  480 0  71 1 6 1 2 4 8 16 32
 557  218  754 0  30 1 6 1 2 4 8 16 32
 558  749  505 0  69 1 6 1 2 4 8 16 32
 559  329   64 0  52 1 6 1 2 4 8 16 32
 560  828  692 0  40 1 6 1 2 4 8 16 32
 561  833  838 0  82 1 6 1 2 4 8 16 32
 562   43  680 0  76 1 6 1 2 4 8 16 32
 563  547  471 0  48 1 6 1 2 4 8 16 32
 564  458  997 0   4 1 6 1 2 4 8 16 32
 565  701  519 0  36 1 6 1 2 4 8 16 32
 566  509  391 0  32 1 6 1 2 4 8 16 32
 567   43  245 0  63 1 6 1 2 4 8 16 32
 568  885  128 0  74 1 6 1 2 4 8 16 32
 569  404  270 0  56 1 6 1 2 4 8 16 32
 570  929  181 0  30 1 6 1 2 4 8 16 32
 571  106  335 0  48 1 6 1 2 4 8 16 32
 572  753  202 0  67 1 6 1 2 4 8 16 32
 573  223  349 0  68 1 6 1 2 4 8 16 32
 574  932  473 0   1 1 6 1 2 4 8 16 32
 575  873   81 0   6 1 6 1 2 4 8 16 32
 576  726  434 0  42 1 6 1 2 4 8 16 32
 577  715  650 0  95 1 6 1 2 4 8 16 32
 578  709  729 0  47 1 6 1 2 4 8 16 32
 579  173  652 0  77 1 6 1 2 4 8 16 32
 580  245  407 0  86 1 6 1 2 4 8 16 32
 581  331  971 0  15 1 6 1 2 4 8 16 32
 582  476   25 0  11 1 6 1 2 4 8 16 32
 583  782  809 0  83 1 6 1 2 4 8 16 32
 584   46  365 0   9 1 6 1 2 4 8 16 32
 585  350  297 0  68 1 6 1 2 4 8 16 32
 586  906  440 0  71 1 6 1 2 4 8 16 32
 587  363  119 0  73 1 6 1 2 4 8 16 32
 588  404  908 0  80 1 6 1 2 4 8 16 32
 589  960   68 0  88 1 6 1 2 4 8 16 32
 590  667  599 0  23 1 6 1 2 4 8 16 32
 591   14  789 0  98 1 6 1 2 4 8 16 32
 592  345  464 0  13 1 6 1 2 4 8 16 32
 593  117  259 0  18 1 6 1 2 4 8 16 32
 594  143  201 0  19 1 6 1 2 4 8 16 32
 595  219  370 0  78 1 6 1 2 4 8 16 32
 596  930  464 0  61 1 6 1 2 4 8 16 32
 597  834  150 0  81 1 6 1 2 4 8 16 32
 598  281  497 0  85 1 6 1 2 4 8 16 32
 599  805  286 0  83 1 6 1 2 4 8 16 32
 600   41  868 0  32 1 6 1 2 4 8 16 32
 601  679  977 0  43 1 6 1 2 4 8 16 32
 602  470  189 0 100 1 6 1 2 4 8 16 32
 603  150  823 0  50 1 6 1 2 4 8 16 32
 604  394  581 0  56 1 6 1 2 4 8 16 32
 605  333  101 0  91 1 6 1 2 4 8 16 32
 606  197   99 0  99 1 6 1 2 4 8 16 32
 607  597  850 0  70 1 6 1 2 4 8 16 32
 608  507  952 0  52 1 6 1 2 4 8 16 32
 609   73  606 0  47 1 6 1 2 4 8 16 32
 610  225  230 0  96 1 6 1 2 4 8 16 32
 611  541  789 0  91 1 6 1 2 4 8 16 32
 612  917  651 0  83 1 6 1 2 4 8 16 32
 613  514  527 0  69 1 6 1 2 4 8 16 32
 614  849  624 0  64 1 6 1 2 4 8 16 32
 615  728  551 0  60 1 6 1 2 4 8 16 32
 616  455  191 0  45 1 6 1 2 4 8 16 32
 617  716  128 0  50 1 6 1 2 4 8 16 32
 618  152  337 0  39 1 6 1 2 4 8 16 32
 619  674  960 0  26 1 6 1 2 4 8 16 32
 620  825  836 0  93 1 6 1 2 4 8 16 32
 621  406  106 0  93 1 6 1 2 4 8 16 32
 622  500  704 0  89 1 6 1 2 4 8 16 32
 623  162  177 0  41 1 6 1 2 4 8 16 32
 624  701  255 0  31 1 6 1 2 4 8 16 32
 625  160  311 0  97 1 6 1 2 4 8 16 32
 626   25   40 0  70 1 6 1 2 4 8 16 32
 627   11  493 0  47 1 6 1 2 4 8 16 32
 628  921    7 0  77 1 6 1 2 4 8 16 32
 629  488  842 0  43 1 6 1 2 4 8 16 32
 630  265  782 0   1 1 6 1 2 4 8 16 32
 631  552  545 0  38 1 6 1 2 4 8 16 32
 632  502  625 0  51 1 6 1 2 4 8 16 32
 633   39  271 0  10 1 6 1 2 4 8 16 32
 634  699  425 0  67 1 6 1 2 4 8 16 32
 635  114  512 0  60 1 6 1 2 4 8 16 32
 636  827  660 0  48 1 6 1 2 4 8 16 32
 637  735  984 0  80 1 6 1 2 4 8 16 32
 638  388  758 0   5 1 6 1 2 4 8 16 32
 639  447  819 0  39 1 6 1 2 4 8 16 32
 640  303  578 0   5 1 6 1 2 4 8 16 32
 641  528   51 0  66 1 6 1 2 4 8 16 32
 642  871  955 0  93 1 6 1 2 4 8 16 32
 643  902  502 0  77 1 6 1 2 4 8 16 32
 644  682  272 0  20 1 6 1 2 4 8 16 32
 645  443  328 0   4 1 6 1 2 4 8 16 32
 646  104  570 0  40 1 6 1 2 4 8 16 32
 647   74  295 0 100 1 6 1 2 4 8 16 32
 648  239  845 0  27 1 6 1 2 4 8 16 32
 649  187  359 0  16 1 6 1 2 4 8 16 32
 650  269  232 0  68 1 6 1 2 4 8 16 32
 651  239  354 0  84 1 6 1 2 4 8 16 32
 652   94   71 0  15 1 6 1 2 4 8 16 32
 653  584  163 0  94 1 6 1 2 4 8 16 32
 654  488  995 0  37 1 6 1 2 4 8 16 32
 655   21  386 0   1 1 6 1 2 4 8 16 32
 656  375  448 0   3 1 6 1 2 4 8 16 32
 657  423  967 0  93 1 6 1 2 4 8 16 32
 658  450   74 0  23 1 6 1 2 4 8 16 32
 659  159  611 0  94 1 6 1 2 4 8 16 32
 660  184  104 0  28 1 6 1 2 4 8 16 32
 661  125  319 0  13 1 6 1 2 4 8 16 32
 662  235  445 0  50 1 6 1 2 4 8 16 32
 663  205  443 0  10 1 6 1 2 4 8 16 32
 664  886  707 0  41 1 6 1 2 4 8 16 32
 665   73  356 0  87 1 6 1 2 4 8 16 32
 666  630  859 0  84 1 6 1 2 4 8 16 32
 667  800   27 0  89 1 6 1 2 4 8 16 32
 668  301  575 0  54 1 6 1 2 4 8 16 32
 669  875  944 0  95 1 6 1 2 4 8 16 32
 670  986  582 0  78 1 6 1 2 4 8 16 32
 671  862  735 0  61 1 6 1 2 4 8 16 32
 672  475  581 0  82 1 6 1 2 4 8 16 32
 673  998   10 0  62 1 6 1 2 4 8 16 32
 674  120  826 0  81 1 6 1 2 4 8 16 32
 675  174  313 0  14 1 6 1 2 4 8 16 32
 676  222  827 0  61 1 6 1 2 4 8 16 32
 677  441  876 0  71 1 6 1 2 4 8 16 32
 678  930  590 0  12 1 6 1 2 4 8 16 32
 679  393  136 0  85 1 6 1 2 4 8 16 32
 680  575  362 0  45 1 6 1 2 4 8 16 32
 681  380  568 0  57 1 6 1 2 4 8 16 32
 682  427  403 0  19 1 6 1 2 4 8 16 32
 683   82   87 0  27 1 6 1 2 4 8 16 32
 684  410  604 0  81 1 6 1 2 4 8 16 32
 685  292  258 0 100 1 6 1 2 4 8 16 32
 686  393  318 0  66 1 6 1 2 4 8 16 32
 687  892  208 0  33 1 6 1 2 4 8 16 32
 688  914  960 0  47 1 6 1 2 4 8 16 32
 689  680   47 0   8 1 6 1 2 4 8 16 32
 690    7  522 0  11 1 6 1 2 4 8 16 32
 691  151   53 0   8 1 6 1 2 4 8 16 32
 692  441  511 0  38 1 6 1 2 4 8 16 32
 693  226  619 0   4 1 6 1 2 4 8 16 32
 694  462  991 0  75 1 6 1 2 4 8 16 32
 695  109  895 0  61 1 6 1 2 4 8 16 32
 696  769  912 0  37 1 6 1 2 4 8 16 32
 697  609  628 0  75 1 6 1 2 4 8 16 32
 698  662  733 0  97 1 6 1 2 4 8 16 32
 699  189  557 0  73 1 6 1 2 4 8 16 32
 700  933   39 0  35 1 6 1 2 4 8 16 32
 701  310  668 0  77 1 6 1 2 4 8 16 32
 702  477  664 0  80 1 6 1 2 4 8 16 32
 703  208  330 0  44 1 6 1 2 4 8 16 32
 704  802  111 0  40 1 6 1 2 4 8 16 32
 705  534  292 0  31 1 6 1 2 4 8 16 32
 706  527  155 0  66 1 6 1 2 4 8 16 32
 707  641  774 0  65 1 6 1 2 4 8 16 32
 708  407   48 0  81 1 6 1 2 4 8 16 32
 709  468  126 0  79 1 6 1 2 4 8 16 32
 710  913  997 0  15 1 6 1 2 4 8 16 32
 711  837  394 0   6 1 6 1 2 4 8 16 32
 712  829  203 0  37 1 6 1 2 4 8 16 32
 713  712  944 0  24 1 6 1 2 4 8 16 32
 714  542  722 0  19 1 6 1 2 4 8 16 32
 715  666  617 0  56 1 6 1 2 4 8 16 32
 716  559  401 0  38 1 6 1 2 4 8 16 32
 717  305   91 0  95 1 6 1 2 4 8 16 32
 718    0    2 0  12 1 6 1 2 4 8 16 32
 719  802  837 0  43 1 6 1 2 4 8 16 32
 720  878   26 0  92 1 6 1 2 4 8 16 32
 721  263  585 0  58 1 6 1 2 4 8 16 32
 722  891  764 0  94 1 6 1 2 4 8 16 32
 723  516  150 0  11 1 6 1 2 4 8 16 32
 724  721    8 0  82 1 6 1 2 4 8 16 32
 725  464  343 0  79 1 6 1 2 4 8 16 32
 726  141  525 0  92 1 6 1 2 4 8 16 32
 727  960  358 0  99 1 6 1 2 4 8 16 32
 728    6  932 0  24 1 6 1 2 4 8 16 32
 729  137  492 0  10 1 6 1 2 4 8 16 32
 730  891  862 0  44 1 6 1 2 4 8 16 32
 731  458    1 0   9 1 6 1 2 4 8 16 32
 732  234  392 0  93 1 6 1 2 4 8 16 32
 733  648  115 0  48 1 6 1 2 4 8 16 32
 734  877  655 0  26 1 6 1 2 4 8 16 32
 735  469  499 0  39 1 6 1 2 4 8 16 32
 736  985  962 0  20 1 6 1 2 4 8 16 32
 737  686  587 0  53 1 6 1 2 4 8 16 32
 738  252  981 0  19 1 6 1 2 4 8 16 32
 739  523  581 0  34 1 6 1 2 4 8 16 32
 740   60  964 0  45 1 6 1 2 4 8 16 32
 741  787    9 0  28 1 6 1 2 4 8 16 32
 742  971  856 0  67 1 6 1 2 4 8 16 32
 743  866  233 0  44 1 6 1 2 4 8 16 32
 744  765  216 0  23 1 6 1 2 4 8 16 32
 745  423  793 0  47 1 6 1 2 4 8 16 32
 746  644  295 0  64 1 6 1 2 4 8 16 32
 747  254  720 0   9 1 6 1 2 4 8 16 32
 748  962  570 0  93 1 6 1 2 4 8 16 32
 749  116  928 0  37 1 6 1 2 4 8 16 32
 750  340  625 0  81 1 6 1 2 4 8 16 32
 751  752  200 0  38 1 6 1 2 4 8 16 32
 752   35  872 0  20 1 6 1 2 4 8 16 32
 753  846  225 0  24 1 6 1 2 4 8 16 32
 754   58  443 0  41 1 6 1 2 4 8 16 32
 755  607  312 0  49 1 6 1 2 4 8 16 32
 756  511  334 0  24 1 6 1 2 4 8 16 32
 757   13  906 0  61 1 6 1 2 4 8 16 32
 758  723  604 0  84 1 6 1 2 4 8 16 32
 759  541  774 0  45 1 6 1 2 4 8 16 32
 760  371  655 0  69 1 6 1 2 4 8 16 32
 761  746  790 0   1 1 6 1 2 4 8 16 32
 762  933  841 0  37 1 6 1 2 4 8 16 32
 763  494   49 0  71 1 6 1 2 4 8 16 32
 764  489  361 0  66 1 6 1 2 4 8 16 32
 765  985  785 0  63 1 6 1 2 4 8 16 32
 766   46  512 0  65 1 6 1 2 4 8 16 32
 767  296  643 0  54 1 6 1 2 4 8 16 32
 768  842  998 0  36 1 6 1 2 4 8 16 32
 769   24  376 0  75 1 6 1 2 4 8 16 32
 770  648  174 0  66 1 6 1 2 4 8 16 32
 771  779   48 0  86 1 6 1 2 4 8 16 32
 772  533  120 0  19 1 6 1 2 4 8 16 32
 773  685  674 0  66 1 6 1 2 4 8 16 32
 774  591  758 0   2 1 6 1 2 4 8 16 32
 775  783  106 0  41 1 6 1 2 4 8 16 32
 776  916   88 0  57 1 6 1 2 4 8 16 32
 777  914  150 0  62 1 6 1 2 4 8 16 32
 778  727  566 0  41 1 6 1 2 4 8 16 32
 779  873  595 0  94 1 6 1 2 4 8 16 32
 780  201  473 0  58 1 6 1 2 4 8 16 32
 781  572  865 0  58 1 6 1 2 4 8 16 32
 782   26   37 0  57 1 6 1 2 4 8 16 32
 783  635  816 0  20 1 6 1 2 4 8 16 32
 784  564  972 0  97 1 6 1 2 4 8 16 32
 785  578  312 0  62 1 6 1 2 4 8 16 32
 786  224  732 0  94 1 6 1 2 4 8 16 32
 787  859  572 0  16 1 6 1 2 4 8 16 32
 788  828   11 0  22 1 6 1 2 4 8 16 32
 789  728  766 0  45 1 6 1 2 4 8 16 32
 790  827  994 0  37 1 6 1 2 4 8 16 32
 791   86  426 0  28 1 6 1 2 4 8 16 32
 792  204  792 0  82 1 6 1 2 4 8 16 32
 793  178  603 0  65 1 6 1 2 4 8 16 32
 794   32  146 0  18 1 6 1 2 4 8 16 32
 795  689  500 0  49 1 6 1 2 4 8 16 32
 796  251  629 0  82 1 6 1 2 4 8 16 32
 797  241  808 0  42 1 6 1 2 4 8 16 32
 798  686   58 0  17 1 6 1 2 4 8 16 32
 799  810  883 0  19 1 6 1 2 4 8 16 32
 800  717  362 0  81 1 6 1 2 4 8 16 32
 801  294   77 0  25 1 6 1 2 4 8 16 32
 802  637 1000 0  34 1 6 1 2 4 8 16 32
 803   95  270 0  33 1 6 1 2 4 8 16 32
 804  795  834 0  77 1 6 1 2 4 8 16 32
 805  188  987 0 100 1 6 1 2 4 8 16 32
 806  828  181 0  38 1 6 1 2 4 8 16 32
 807  475  426 0  43 1 6 1 2 4 8 16 32
 808   72  241 0  96 1 6 1 2 4 8 16 32
 809  291  743 0  63 1 6 1 2 4 8 16 32
 810  189  169 0  65 1 6 1 2 4 8 16 32
 811  928  608 0  66 1 6 1 2 4 8 16 32
 812  337  353 0  87 1 6 1 2 4 8 16 32
 813  193  328 0  55 1 6 1 2 4 8 16 32
 814  609  661 0  80 1 6 1 2 4 8 16 32
 815  551  614 0  63 1 6 1 2 4 8 16 32
 816  546  297 0  49 1 6 1 2 4 8 16 32
 817  202  364 0   8 1 6 1 2 4 8 16 32
 818  897  990 0  24 1 6 1 2 4 8 16 32
 819  755  521 0  24 1 6 1 2 4 8 16 32
 820  565  597 0  54 1 6 1 2 4 8 16 32
 821  162  823 0  63 1 6 1 2 4 8 16 32
 822  927  843 0  92 1 6 1 2 4 8 16 32
 823  508  324 0  45 1 6 1 2 4 8 16 32
 824  370  276 0  29 1 6 1 2 4 8 16 32
 825  584  404 0  51 1 6 1 2 4 8 16 32
 826  318   94 0  23 1 6 1 2 4 8 16 32
 827  826  173 0  57 1 6 1 2 4 8 16 32
 828  429  335 0  22 1 6 1 2 4 8 16 32
 829  882  683 0  95 1 6 1 2 4 8 16 32
 830  738   36 0  50 1 6 1 2 4 8 16 32
 831  946  323 0  82 1 6 1 2 4 8 16 32
 832   98  628 0  75 1 6 1 2 4 8 16 32
 833  718  565 0  18 1 6 1 2 4 8 16 32
 834  460  887 0  92 1 6 1 2 4 8 16 32
 835  587  587 0  41 1 6 1 2 4 8 16 32
 836  677  272 0  38 1 6 1 2 4 8 16 32
 837  608  839 0  61 1 6 1 2 4 8 16 32
 838  816  323 0  39 1 6 1 2 4 8 16 32
 839  878  610 0  19 1 6 1 2 4 8 16 32
 840  581  488 0  23 1 6 1 2 4 8 16 32
 841  477  394 0  85 1 6 1 2 4 8 16 32
 842  872  747 0  27 1 6 1 2 4 8 16 32
 843  521  779 0  77 1 6 1 2 4 8 16 32
 844  333  533 0  92 1 6 1 2 4 8 16 32
 845  705  653 0  55 1 6 1 2 4 8 16 32
 846  334  542 0  68 1 6 1 2 4 8 16 32
 847  823  524 0  54 1 6 1 2 4 8 16 32
 848  340  290 0  57 1 6 1 2 4 8 16 32
 849  165  416 0   1 1 6 1 2 4 8 16 32
 850  230    8 0  77 1 6 1 2 4 8 16 32
 851  114  327 0  47 1 6 1 2 4 8 16 32
 852  511  556 0  66 1 6 1 2 4 8 16 32
 853  275  951 0  16 1 6 1 2 4 8 16 32
 854  673  758 0  39 1 6 1 2 4 8 16 32
 855  943   51 0  91 1 6 1 2 4 8 16 32
 856  807  548 0  10 1 6 1 2 4 8 16 32
 857  232  693 0  67 1 6 1 2 4 8 16 32
 858  388  174 0  21 1 6 1 2 4 8 16 32
 859  990  898 0  34 1 6 1 2 4 8 16 32
 860  139   79 0  21 1 6 1 2 4 8 16 32
 861  686  696 0  36 1 6 1 2 4 8 16 32
 862  424  849 0  17 1 6 1 2 4 8 16 32
 863   83   57 0  45 1 6 1 2 4 8 16 32
 864  270  640 0  22 1 6 1 2 4 8 16 32
 865  858  834 0  94 1 6 1 2 4 8 16 32
 866  929  326 0  40 1 6 1 2 4 8 16 32
 867  789  902 0 100 1 6 1 2 4 8 16 32
 868  173  354 0  68 1 6 1 2 4 8 16 32
 869  711  386 0   6 1 6 1 2 4 8 16 32
 870  768  543 0  94 1 6 1 2 4 8 16 32
 871  685  217 0  10 1 6 1 2 4 8 16 32
 872  132  650 0  64 1 6 1 2 4 8 16 32
 873  946   64 0  98 1 6 1 2 4 8 16 32
 874  143  257 0  24 1 6 1 2 4 8 16 32
 875  995  868 0  47 1 6 1 2 4 8 16 32
 876   77  690 0  77 1 6 1 2 4 8 16 32
 877  517  793 0  80 1 6 1 2 4 8 16 32
 878  980  677 0  66 1 6 1 2 4 8 16 32
 879  470  910 0  33 1 6 1 2 4 8 16 32
 880  911  420 0  48 1 6 1 2 4 8 16 32
 881  238  953 0  36 1 6 1 2 4 8 16 32
 882  727  668 0  41 1 6 1 2 4 8 16 32
 883  380  303 0  61 1 6 1 2 4 8 16 32
 884  385  788 0  35 1 6 1 2 4 8 16 32
 885  490   25 0  99 1 6 1 2 4 8 16 32
 886  156  873 0  57 1 6 1 2 4 8 16 32
 887  278   23 0  43 1 6 1 2 4 8 16 32
 888  847  229 0  60 1 6 1 2 4 8 16 32
 889  544  602 0  50 1 6 1 2 4 8 16 32
 890  699  527 0  99 1 6 1 2 4 8 16 32
 891  321   69 0  49 1 6 1 2 4 8 16 32
 892  371  856 0  32 1 6 1 2 4 8 16 32
 893   74  831 0  54 1 6 1 2 4 8 16 32
 894  734  203 0  43 1 6 1 2 4 8 16 32
 895  431  139 0   2 1 6 1 2 4 8 16 32
 896   49  798 0  43 1 6 1 2 4 8 16 32
 897  303  900 0  64 1 6 1 2 4 8 16 32
 898  366  250 0  72 1 6 1 2 4 8 16 32
 899   77  170 0   3 1 6 1 2 4 8 16 32
 900  950  839 0  75 1 6 1 2 4 8 16 32
 901  788   38 0   1 1 6 1 2 4 8 16 32
 902  256  693 0  72 1 6 1 2 4 8 16 32
 903  836  854 0   4 1 6 1 2 4 8 16 32
 904  196   93 0  10 1 6 1 2 4 8 16 32
 905  288  382 0  31 1 6 1 2 4 8 16 32
 906  657  470 0  45 1 6 1 2 4 8 16 32
 907   69  982 0   2 1 6 1 2 4 8 16 32
 908  753   61 0   6 1 6 1 2 4 8 16 32
 909  570  280 0  16 1 6 1 2 4 8 16 32
 910  387  731 0  54 1 6 1 2 4 8 16 32
 911   99  188 0  37 1 6 1 2 4 8 16 32
 912  479  468 0  85 1 6 1 2 4 8 16 32
 913  697   99 0  23 1 6 1 2 4 8 16 32
 914  974  927 0  61 1 6 1 2 4 8 16 32
 915  461  361 0  30 1 6 1 2 4 8 16 32
 916  498  641 0  47 1 6 1 2 4 8 16 32
 917  139  783 0  75 1 6 1 2 4 8 16 32
 918  421  675 0  94 1 6 1 2 4 8 16 32
 919  725   65 0   7 1 6 1 2 4 8 16 32
 920  843  355 0  32 1 6 1 2 4 8 16 32
 921  382  365 0  56 1 6 1 2 4 8 16 32
 922  619  388 0  75 1 6 1 2 4 8 16 32
 923  135  462 0  23 1 6 1 2 4 8 16 32
 924  169  116 0  62 1 6 1 2 4 8 16 32
 925  708  119 0  16 1 6 1 2 4 8 16 32
 926  552  733 0  94 1 6 1 2 4 8 16 32
 927  155  479 0   9 1 6 1 2 4 8 16 32
 928  362  446 0  54 1 6 1 2 4 8 16 32
 929  118  110 0   4 1 6 1 2 4 8 16 32
 930  208  582 0  94 1 6 1 2 4 8 16 32
 931  135  125 0  30 1 6 1 2 4 8 16 32
 932  324  759 0  34 1 6 1 2 4 8 16 32
 933  539  743 0  64 1 6 1 2 4 8 16 32
 934  682  579 0  78 1 6 1 2 4 8 16 32
 935  938  934 0  33 1 6 1 2 4 8 16 32
 936  120  942 0  13 1 6 1 2 4 8 16 32
 937  478  119 0  57 1 6 1 2 4 8 16 32
 938  586  791 0  39 1 6 1 2 4 8 16 32
 939   52  963 0  56 1 6 1 2 4 8 16 32
 940  113  280 0  26 1 6 1 2 4 8 16 32
 941  698  124 0  46 1 6 1 2 4 8 16 32
 942  956  159 0  82 1 6 1 2 4 8 16 32
 943  590  392 0  26 1 6 1 2 4 8 16 32
 944   14  479 0  95 1 6 1 2 4 8 16 32
 945  846  234 0  77 1 6 1 2 4 8 16 32
 946  983  453 0  91 1 6 1 2 4 8 16 32
 947   86  304 0  38 1 6 1 2 4 8 16 32
 948  401  797 0  18 1 6 1 2 4 8 16 32
 949  112  198 0  61 1 6 1 2 4 8 16 32
 950  205  807 0  86 1 6 1 2 4 8 16 32
 951  427  964 0  48 1 6 1 2 4 8 16 32
 952  628  141 0   5 1 6 1 2 4 8 16 32
 953  313  398 0  98 1 6 1 2 4 8 16 32
 954  603  762 0  80 1 6 1 2 4 8 16 32
 955  922  532 0  38 1 6 1 2 4 8 16 32
 956  887  570 0  10 1 6 1 2 4 8 16 32
 957  816  482 0  96 1 6 1 2 4 8 16 32
 958  855  234 0  14 1 6 1 2 4 8 16 32
 959  438  873 0  86 1 6 1 2 4 8 16 32
 960  683  909 0 100 1 6 1 2 4 8 16 32
 961  408  346 0  26 1 6 1 2 4 8 16 32
 962  851  220 0  11 1 6 1 2 4 8 16 32
 963    3  598 0  75 1 6 1 2 4 8 16 32
 964   92  112 0  17 1 6 1 2 4 8 16 32
 965  261  279 0  66 1 6 1 2 4 8 16 32
 966  536  395 0  10 1 6 1 2 4 8 16 32
 967  635  447 0   1 1 6 1 2 4 8 16 32
 968  417  849 0  38 1 6 1 2 4 8 16 32
 969  885  152 0  85 1 6 1 2 4 8 16 32
 970  514  737 0  40 1 6 1 2 4 8 16 32
 971  966   28 0  98 1 6 1 2 4 8 16 32
 972  164  957 0  22 1 6 1 2 4 8 16 32
 973  435  437 0  76 1 6 1 2 4 8 16 32
 974  224   68 0  19 1 6 1 2 4 8 16 32
 975  268   10 0  11 1 6 1 2 4 8 16 32
 976   66  862 0  90 1 6 1 2 4 8 16 32
 977  512  600 0  88 1 6 1 2 4 8 16 32
 978  744  332 0  55 1 6 1 2 4 8 16 32
 979  676  505 0  86 1 6 1 2 4 8 16 32
 980  381  242 0  99 1 6 1 2 4 8 16 32
 981  707  606 0  33 1 6 1 2 4 8 16 32
 982   50  278 0  42 1 6 1 2 4 8 16 32
 983   52   47 0  61 1 6 1 2 4 8 16 32
 984  604  444 0  29 1 6 1 2 4 8 16 32
 985  401   54 0 100 1 6 1 2 4 8 16 32
 986  632  600 0   4 1 6 1 2 4 8 16 32
 987  326  604 0  77 1 6 1 2 4 8 16 32
 988  345  562 0  43 1 6 1 2 4 8 16 32
 989  932  161 0  33 1 6 1 2 4 8 16 32
 990  101  211 0  74 1 6 1 2 4 8 16 32
 991   23  734 0  37 1 6 1 2 4 8 16 32
 992  960  370 0  81 1 6 1 2 4 8 16 32
 993  143   98 0  50 1 6 1 2 4 8 16 32
 994  897  667 0  49 1 6 1 2 4 8 16 32
 995  368  296 0  23 1 6 1 2 4 8 16 32
 996  604  512 0  74 1 6 1 2 4 8 16 32
 997  745  610 0  99 1 6 1 2 4 8 16 32
 998   89  767 0  26 1 6 1 2 4 8 16 32
 999  806  444 0  68 1 6 1 2 4 8 16 32
1000  834  222 0  12 1 6 1 2 4 8 16 32
1001  251  171 0  15 1 6 1 2 4 8 16 32
1002  144  297 0  40 1 6 1 2 4 8 16 32
1003  886  314 0  26 1 6 1 2 4 8 16 32
1004  125  921 0  25 1 6 1 2 4 8 16 32
1005  145  269 0  15 1 6 1 2 4 8 16 32
1006  457  253 0  21 1 6 1 2 4 8 16 32
1007  386  800 0  12 1 6 1 2 4 8 16 32
1008  259  611 0  95 1 6 1 2 4 8 16 32
1009  502  349 0  26 1 6 1 2 4 8 16 32
1010  403   28 0  53 1 6 1 2 4 8 16 32
1011  973   23 0  83 1 6 1 2 4 8 16 32
1012  935  977 0  17 1 6 1 2 4 8 16 32
1013  335   86 0  72 1 6 1 2 4 8 16 32
1014  271  944 0   6 1 6 1 2 4 8 16 32
1015  717  974 0  65 1 6 1 2 4 8 16 32
1016  736  262 0  66 1 6 1 2 4 8 16 32
1017  121  835 0  34 1 6 1 2 4 8 16 32
1018  165  543 0  92 1 6 1 2 4 8 16 32
1019  989  927 0  29 1 6 1 2 4 8 16 32
1020  693  702 0   3 1 6 1 2 4 8 16 32
1021  556  303 0  48 1 6 1 2 4 8 16 32
1022  282  668 0  53 1 6 1 2 4 8 16 32
1023  886  725 0 100 1 6 1 2 4 8 16 32
1024  266  412 0  77 1 6 1 2 4 8 16 32
1025   32  427 0  15 1 6 1 2 4 8 16 32
1026  468  457 0  95 1 6 1 2 4 8 16 32
1027  469  637 0  15 1 6 1 2 4 8 16 32
1028  979  527 0  24 1 6 1 2 4 8 16 32
1029  717  944 0   2 1 6 1 2 4 8 16 32
1030  794  236 0  40 1 6 1 2 4 8 16 32
1031  805  871 0  99 1 6 1 2 4 8 16 32
1032  939  265 0  29 1 6 1 2 4 8 16 32
1033  212  756 0  63 1 6 1 2 4 8 16 32
1034  292  628 0   9 1 6 1 2 4 8 16 32
1035  498   86 0  56 1 6 1 2 4 8 16 32
1036    5  927 0  71 1 6 1 2 4 8 16 32
1037   24  600 0  57 1 6 1 2 4 8 16 32
1038  942  877 0  58 1 6 1 2 4 8 16 32
1039  517  513 0  28 1 6 1 2 4 8 16 32
1040   63   38 0  91 1 6 1 2 4 8 16 32
1041  589  818 0  74 1 6 1 2 4 8 16 32
1042  690  902 0  85 1 6 1 2 4 8 16 32
1043  739  621 0  86 1 6 1 2 4 8 16 32
1044  587  411 0  41 1 6 1 2 4 8 16 32
1045  689  541 0  31 1 6 1 2 4 8 16 32
1046  600  725 0  62 1 6 1 2 4 8 16 32
1047  284  743 0  76 1 6 1 2 4 8 16 32
1048  828  522 0  58 1 6 1 2 4 8 16 32
1049  865  198 0  25 1 6 1 2 4 8 16 32
1050  600  294 0  99 1 6 1 2 4 8 16 32
1051  309  924 0  47 1 6 1 2 4 8 16 32
1052  159  807 0  23 1 6 1 2 4 8 16 32
1053  500  184 0  95 1 6 1 2 4 8 16 32
1054  759  500 0  53 1 6 1 2 4 8 16 32
1055  834  695 0  64 1 6 1 2 4 8 16 32
1056  102   87 0  62 1 6 1 2 4 8 16 32
1057  137  348 0  83 1 6 1 2 4 8 16 32
1058  814  385 0  14 1 6 1 2 4 8 16 32
1059  349  759 0  43 1 6 1 2 4 8 16 32
1060  764  897 0  81 1 6 1 2 4 8 16 32
1061  222  750 0  24 1 6 1 2 4 8 16 32
1062  157  398 0  18 1 6 1 2 4 8 16 32
1063   54  920 0  20 1 6 1 2 4 8 16 32
1064  722   13 0  31 1 6 1 2 4 8 16 32
1065  473  842 0   9 1 6 1 2 4 8 16 32
1066  742  734 0  67 1 6 1 2 4 8 16 32
1067  829  494 0  49 1 6 1 2 4 8 16 32
1068  114  158 0  51 1 6 1 2 4 8 16 32
1069  409  603 0  88 1 6 1 2 4 8 16 32
1070  142  200 0  51 1 6 1 2 4 8 16 32
1071  587  532 0  84 1 6 1 2 4 8 16 32
1072  344  785 0  88 1 6 1 2 4 8 16 32
1073  923  395 0   7 1 6 1 2 4 8 16 32
1074  590  149 0  87 1 6 1 2 4 8 16 32
1075  789   93 0  33 1 6 1 2 4 8 16 32
1076  971  837 0  15 1 6 1 2 4 8 16 32
1077  700  202 0  35 1 6 1 2 4 8 16 32
1078  267  610 0  22 1 6 1 2 4 8 16 32
1079  697   65 0  32 1 6 1 2 4 8 16 32
1080  991  355 0  28 1 6 1 2 4 8 16 32
1081  225  212 0  35 1 6 1 2 4 8 16 32
1082  190  420 0  90 1 6 1 2 4 8 16 32
1083  804  763 0  34 1 6 1 2 4 8 16 32
1084  262   26 0  22 1 6 1 2 4 8 16 32
1085  188  193 0  44 1 6 1 2 4 8 16 32
1086  629  746 0  75 1 6 1 2 4 8 16 32
1087  609  116 0   4 1 6 1 2 4 8 16 32
1088  296   63 0  44 1 6 1 2 4 8 16 32
1089  611  643 0  65 1 6 1 2 4 8 16 32
1090  919  318 0  95 1 6 1 2 4 8 16 32
1091  989  480 0  36 1 6 1 2 4 8 16 32
1092   80  842 0  94 1 6 1 2 4 8 16 32
1093  926   22 0  82 1 6 1 2 4 8 16 32
1094  463  434 0   4 1 6 1 2 4 8 16 32
1095   82  675 0   2 1 6 1 2 4 8 16 32
1096   80  967 0  82 1 6 1 2 4 8 16 32
1097  358  503 0  41 1 6 1 2 4 8 16 32
1098  617  413 0  68 1 6 1 2 4 8 16 32
1099  558  563 0  91 1 6 1 2 4 8 16 32
1100  502  226 0  42 1 6 1 2 4 8 16 32
1101  188  712 0  62 1 6 1 2 4 8 16 32
1102  477  842 0  24 1 6 1 2 4 8 16 32
1103  790  328 0  30 1 6 1 2 4 8 16 32
1104  722  718 0   3 1 6 1 2 4 8 16 32
1105  381  816 0  10 1 6 1 2 4 8 16 32
1106  453  313 0  27 1 6 1 2 4 8 16 32
1107  665   16 0   7 1 6 1 2 4 8 16 32
1108  323  837 0  74 1 6 1 2 4 8 16 32
1109  258  327 0  96 1 6 1 2 4 8 16 32
1110  971  923 0  45 1 6 1 2 4 8 16 32
1111  177  924 0   3 1 6 1 2 4 8 16 32
1112  724  730 0  42 1 6 1 2 4 8 16 32
1113  168  958 0  32 1 6 1 2 4 8 16 32
1114  583  160 0  10 1 6 1 2 4 8 16 32
1115  112  349 0  34 1 6 1 2 4 8 16 32
1116   91  368 0  40 1 6 1 2 4 8 16 32
1117  126  535 0  28 1 6 1 2 4 8 16 32
1118  155   91 0  49 1 6 1 2 4 8 16 32
1119  544  646 0  12 1 6 1 2 4 8 16 32
1120  498  903 0  35 1 6 1 2 4 8 16 32
1121  242  280 0  77 1 6 1 2 4 8 16 32
1122  673   96 0  59 1 6 1 2 4 8 16 32
1123   99   18 0  59 1 6 1 2 4 8 16 32
1124  157  721 0  88 1 6 1 2 4 8 16 32
1125   99  354 0  80 1 6 1 2 4 8 16 32
1126   72  516 0  72 1 6 1 2 4 8 16 32
1127   74  862 0  61 1 6 1 2 4 8 16 32
1128  375  503 0  74 1 6 1 2 4 8 16 32
1129  745  304 0  82 1 6 1 2 4 8 16 32
1130  740  953 0  21 1 6 1 2 4 8 16 32
1131  196  701 0  33 1 6 1 2 4 8 16 32
1132  399  934 0  16 1 6 1 2 4 8 16 32
1133  405  769 0  89 1 6 1 2 4 8 16 32
1134  234  695 0  34 1 6 1 2 4 8 16 32
1135  466  430 0  10 1 6 1 2 4 8 16 32
1136  893   94 0  23 1 6 1 2 4 8 16 32
1137   12  984 0  66 1 6 1 2 4 8 16 32
1138  355  510 0  16 1 6 1 2 4 8 16 32
1139  634  661 0  54 1 6 1 2 4 8 16 32
1140  616  862 0  30 1 6 1 2 4 8 16 32
1141  503  215 0  79 1 6 1 2 4 8 16 32
1142  700  475 0  35 1 6 1 2 4 8 16 32
1143  705   79 0  79 1 6 1 2 4 8 16 32
1144  137  231 0  26 1 6 1 2 4 8 16 32
1145  202  243 0  87 1 6 1 2 4 8 16 32
1146  545  196 0  31 1 6 1 2 4 8 16 32
1147  164  513 0  48 1 6 1 2 4 8 16 32
1148  794  875 0  54 1 6 1 2 4 8 16 32
1149  192  936 0  49 1 6 1 2 4 8 16 32
1150  887  591 0   1 1 6 1 2 4 8 16 32
1151  644  996 0  11 1 6 1 2 4 8 16 32
1152  539  642 0  48 1 6 1 2 4 8 16 32
1153  707   40 0  96 1 6 1 2 4 8 16 32
1154  434  626 0  20 1 6 1 2 4 8 16 32
1155  796  771 0  70 1 6 1 2 4 8 16 32
1156  981  195 0  80 1 6 1 2 4 8 16 32
1157  312  987 0  90 1 6 1 2 4 8 16 32
1158  324  489 0  12 1 6 1 2 4 8 16 32
1159  131  431 0 100 1 6 1 2 4 8 16 32
1160  717  432 0   5 1 6 1 2 4 8 16 32
1161  183   67 0  66 1 6 1 2 4 8 16 32
1162  272  645 0  17 1 6 1 2 4 8 16 32
1163  374   15 0  70 1 6 1 2 4 8 16 32
1164  155  181 0  30 1 6 1 2 4 8 16 32
1165   91  694 0  28 1 6 1 2 4 8 16 32
1166  925  741 0  63 1 6 1 2 4 8 16 32
1167  196  897 0  39 1 6 1 2 4 8 16 32
1168  323   72 0  65 1 6 1 2 4 8 16 32
1169  586  578 0  17 1 6 1 2 4 8 16 32
1170  722  241 0  74 1 6 1 2 4 8 16 32
1171  532  842 0  14 1 6 1 2 4 8 16 32
1172  235  266 0  11 1 6 1 2 4 8 16 32
1173  791  127 0  41 1 6 1 2 4 8 16 32
1174  403  386 0  87 1 6 1 2 4 8 16 32
1175  212  466 0  47 1 6 1 2 4 8 16 32
1176  540  625 0  63 1 6 1 2 4 8 16 32
1177  869  378 0  44 1 6 1 2 4 8 16 32
1178  198  494 0  38 1 6 1 2 4 8 16 32
1179  829   88 0  15 1 6 1 2 4 8 16 32
1180  752  964 0  48 1 6 1 2 4 8 16 32
1181  248  278 0  76 1 6 1 2 4 8 16 32
1182  380  305 0  87 1 6 1 2 4 8 16 32
1183  265  699 0  46 1 6 1 2 4 8 16 32
1184  100  633 0  80 1 6 1 2 4 8 16 32
1185  183  179 0  62 1 6 1 2 4 8 16 32
1186  895  772 0  10 1 6 1 2 4 8 16 32
1187  704  385 0  44 1 6 1 2 4 8 16 32
1188  435  445 0  61 1 6 1 2 4 8 16 32
1189  376  632 0  49 1 6 1 2 4 8 16 32
1190   88  345 0  53 1 6 1 2 4 8 16 32
1191  173  621 0  93 1 6 1 2 4 8 16 32
1192  200  851 0  94 1 6 1 2 4 8 16 32
1193  523  584 0   1 1 6 1 2 4 8 16 32
1194  453  280 0  77 1 6 1 2 4 8 16 32
1195  134    3 0  35 1 6 1 2 4 8 16 32
1196  304  791 0  70 1 6 1 2 4 8 16 32
1197  888  171 0  77 1 6 1 2 4 8 16 32
1198  434  322 0  98 1 6 1 2 4 8 16 32
1199  698  590 0  17 1 6 1 2 4 8 16 32
1200  957   49 0  54 1 6 1 2 4 8 16 32
1201  182  236 0  78 1 6 1 2 4 8 16 32
1202  162  398 0  15 1 6 1 2 4 8 16 32
1203  292   11 0  31 1 6 1 2 4 8 16 32
1204  378  399 0  68 1 6 1 2 4 8 16 32
1205  298  473 0  59 1 6 1 2 4 8 16 32
1206  680  786 0  88 1 6 1 2 4 8 16 32
1207  316  782 0  75 1 6 1 2 4 8 16 32
1208   33  912 0  61 1 6 1 2 4 8 16 32
1209  446  317 0  33 1 6 1 2 4 8 16 32
1210  540  399 0  39 1 6 1 2 4 8 16 32
1211  715  245 0  64 1 6 1 2 4 8 16 32
1212  602  299 0  70 1 6 1 2 4 8 16 32
1213  547  119 0  90 1 6 1 2 4 8 16 32
1214  359  979 0  18 1 6 1 2 4 8 16 32
1215  410  471 0  73 1 6 1 2 4 8 16 32
1216  298  218 0   3 1 6 1 2 4 8 16 32
1217  266  132 0  90 1 6 1 2 4 8 16 32
1218  402  669 0  56 1 6 1 2 4 8 16 32
1219  843  595 0  96 1 6 1 2 4 8 16 32
1220  214  549 0   9 1 6 1 2 4 8 16 32
1221  259  860 0  30 1 6 1 2 4 8 16 32
1222   77  918 0  65 1 6 1 2 4 8 16 32
1223  964  743 0  54 1 6 1 2 4 8 16 32
1224  862  750 0  57 1 6 1 2 4 8 16 32
1225  664  559 0  16 1 6 1 2 4 8 16 32
1226  718  520 0  64 1 6 1 2 4 8 16 32
1227  735  665 0  58 1 6 1 2 4 8 16 32
1228  671  971 0   9 1 6 1 2 4 8 16 32
1229  743  403 0  52 1 6 1 2 4 8 16 32
1230  397  989 0  28 1 6 1 2 4 8 16 32
1231  398  966 0  92 1 6 1 2 4 8 16 32
1232  782  604 0  38 1 6 1 2 4 8 16 32
1233  686   59 0  43 1 6 1 2 4 8 16 32
1234  770  878 0  53 1 6 1 2 4 8 16 32
1235   99  970 0  35 1 6 1 2 4 8 16 32
1236  630  131 0  90 1 6 1 2 4 8 16 32
1237  773  975 0  26 1 6 1 2 4 8 16 32
1238  882  550 0  29 1 6 1 2 4 8 16 32
1239  780  276 0  16 1 6 1 2 4 8 16 32
1240  957  776 0  62 1 6 1 2 4 8 16 32
1241  162  256 0   8 1 6 1 2 4 8 16 32
1242  350  144 0  60 1 6 1 2 4 8 16 32
1243  943  774 0  27 1 6 1 2 4 8 16 32
1244  309  557 0  55 1 6 1 2 4 8 16 32
1245  360  531 0  68 1 6 1 2 4 8 16 32
1246  584  355 0   6 1 6 1 2 4 8 16 32
1247  441  755 0  81 1 6 1 2 4 8 16 32
1248  561  816 0  85 1 6 1 2 4 8 16 32
1249  480  319 0  85 1 6 1 2 4 8 16 32
1250  531  688 0  38 1 6 1 2 4 8 16 32
1251  777  273 0   5 1 6 1 2 4 8 16 32
1252  542  822 0  92 1 6 1 2 4 8 16 32
1253  563  227 0  38 1 6 1 2 4 8 16 32
1254  794  970 0  18 1 6 1 2 4 8 16 32
1255  109  479 0   3 1 6 1 2 4 8 16 32
1256  920  363 0  96 1 6 1 2 4 8 16 32
1257  463  963 0   9 1 6 1 2 4 8 16 32
1258  501  701 0  45 1 6 1 2 4 8 16 32
1259  551   75 0  85 1 6 1 2 4 8 16 32
1260  193  110 0  84 1 6 1 2 4 8 16 32
1261  155  812 0  90 1 6 1 2 4 8 16 32
1262  368  917 0  14 1 6 1 2 4 8 16 32
1263  994  818 0  31 1 6 1 2 4 8 16 32
1264  924  321 0  55 1 6 1 2 4 8 16 32
1265  456  211 0  91 1 6 1 2 4 8 16 32
1266  656  315 0  25 1 6 1 2 4 8 16 32
1267  958  211 0  47 1 6 1 2 4 8 16 32
1268  660  440 0  65 1 6 1 2 4 8 16 32
1269   35   73 0   8 1 6 1 2 4 8 16 32
1270  460   55 0  54 1 6 1 2 4 8 16 32
1271  461  699 0  30 1 6 1 2 4 8 16 32
1272  871  954 0  23 1 6 1 2 4 8 16 32
1273    3  378 0  45 1 6 1 2 4 8 16 32
1274  864  928 0   6 1 6 1 2 4 8 16 32
1275  218  679 0  76 1 6 1 2 4 8 16 32
1276  933  129 0  77 1 6 1 2 4 8 16 32
1277  483  212 0  73 1 6 1 2 4 8 16 32
1278  171  805 0  83 1 6 1 2 4 8 16 32
1279  704  726 0  11 1 6 1 2 4 8 16 32
1280  463  179 0  42 1 6 1 2 4 8 16 32
1281   34  571 0  49 1 6 1 2 4 8 16 32
1282  364   35 0  80 1 6 1 2 4 8 16 32
1283   15  601 0  22 1 6 1 2 4 8 16 32
1284  964  778 0  44 1 6 1 2 4 8 16 32
1285  826  239 0  29 1 6 1 2 4 8 16 32
1286  981  842 0  35 1 6 1 2 4 8 16 32
1287  145  511 0  91 1 6 1 2 4 8 16 32
1288  551  793 0  10 1 6 1 2 4 8 16 32
1289  689  663 0  89 1 6 1 2 4 8 16 32
1290  309  558 0  83 1 6 1 2 4 8 16 32
1291  686  140 0   7 1 6 1 2 4 8 16 32
1292  863  452 0  18 1 6 1 2 4 8 16 32
1293   64  977 0  87 1 6 1 2 4 8 16 32
1294  285  901 0  33 1 6 1 2 4 8 16 32
1295  145  864 0  87 1 6 1 2 4 8 16 32
1296  880  742 0  50 1 6 1 2 4 8 16 32
1297  369  795 0  88 1 6 1 2 4 8 16 32
1298  225  757 0 100 1 6 1 2 4 8 16 32
1299  366  978 0  23 1 6 1 2 4 8 16 32
1300  545  763 0  91 1 6 1 2 4 8 16 32
1301  691  547 0  85 1 6 1 2 4 8 16 32
1302   37  808 0  62 1 6 1 2 4 8 16 32
1303  361  729 0  81 1 6 1 2 4 8 16 32
1304  162  497 0  23 1 6 1 2 4 8 16 32
1305  854  903 0  23 1 6 1 2 4 8 16 32
1306  558  924 0  91 1 6 1 2 4 8 16 32
1307  986   17 0   8 1 6 1 2 4 8 16 32
1308  562  398 0  42 1 6 1 2 4 8 16 32
1309  829  598 0  37 1 6 1 2 4 8 16 32
1310  667  272 0  20 1 6 1 2 4 8 16 32
1311  867  754 0  13 1 6 1 2 4 8 16 32
1312  793    9 0  96 1 6 1 2 4 8 16 32
1313  850  197 0  33 1 6 1 2 4 8 16 32
1314  217   86 0  13 1 6 1 2 4 8 16 32
1315  425  940 0  88 1 6 1 2 4 8 16 32
1316  358  649 0  24 1 6 1 2 4 8 16 32
1317  525  469 0  77 1 6 1 2 4 8 16 32
1318   96  300 0  96 1 6 1 2 4 8 16 32
1319  116  629 0  92 1 6 1 2 4 8 16 32
1320  239  443 0  67 1 6 1 2 4 8 16 32
1321  890  267 0  55 1 6 1 2 4 8 16 32
1322  907  223 0  32 1 6 1 2 4 8 16 32
1323  141  353 0  98 1 6 1 2 4 8 16 32
1324   96  492 0  58 1 6 1 2 4 8 16 32
1325  355  906 0  30 1 6 1 2 4 8 16 32
1326  457   58 0  52 1 6 1 2 4 8 16 32
1327  408  387 0  22 1 6 1 2 4 8 16 32
1328  559  367 0  50 1 6 1 2 4 8 16 32
1329  114  637 0  89 1 6 1 2 4 8 16 32
1330  384  228 0  50 1 6 1 2 4 8 16 32
1331  606  293 0  43 1 6 1 2 4 8 16 32
1332  761  518 0  21 1 6 1 2 4 8 16 32
1333  301  808 0  54 1 6 1 2 4 8 16 32
1334  905  123 0  94 1 6 1 2 4 8 16 32
1335  684  966 0   9 1 6 1 2 4 8 16 32
1336   90  704 0  60 1 6 1 2 4 8 16 32
1337  274   43 0  86 1 6 1 2 4 8 16 32
1338  288   23 0  72 1 6 1 2 4 8 16 32
1339  871  309 0  79 1 6 1 2 4 8 16 32
1340  382   53 0  90 1 6 1 2 4 8 16 32
1341   79  388 0  29 1 6 1 2 4 8 16 32
1342  190  113 0  60 1 6 1 2 4 8 16 32
1343  285   94 0   4 1 6 1 2 4 8 16 32
1344  613  688 0  48 1 6 1 2 4 8 16 32
1345  637  341 0  56 1 6 1 2 4 8 16 32
1346  955  855 0  71 1 6 1 2 4 8 16 32
1347  384  840 0  60 1 6 1 2 4 8 16 32
1348  560   91 0  23 1 6 1 2 4 8 16 32
1349  502  623 0  29 1 6 1 2 4 8 16 32
1350  955  335 0  78 1 6 1 2 4 8 16 32
1351  351  684 0  41 1 6 1 2 4 8 16 32
1352  239  607 0  82 1 6 1 2 4 8 16 32
1353   36   13 0  81 1 6 1 2 4 8 16 32
1354  717  568 0  99 1 6 1 2 4 8 16 32
1355    8  563 0  49 1 6 1 2 4 8 16 32
1356  785  180 0   1 1 6 1 2 4 8 16 32
1357  915  982 0  36 1 6 1 2 4 8 16 32
1358  601  979 0   0 0 0
1359  451   84 0   0 0 0
1360  886  641 0   0 0 0
1361  557  135 0   0 0 0
1362  191  119 0   0 0 0
1363  755  139 0   0 0 0
