2 175 1369 7
0 252
0 252
0 252
0 252
0 252
0 252
0 252
   1   90  773 0  92 1 7 1 2 4 8 16 32 64
   2  288  855 0 100 1 7 1 2 4 8 16 32 64
   3  820  359 0 100 1 7 1 2 4 8 16 32 64
   4  914  563 0  51 1 7 1 2 4 8 16 32 64
   5  245  551 0  90 1 7 1 2 4 8 16 32 64
   6  819  851 0  40 1 7 1 2 4 8 16 32 64
   7  825  615 0  54 1 7 1 2 4 8 16 32 64
   8  327  895 0  92 1 7 1 2 4 8 16 32 64
   9  849  753 0  18 1 7 1 2 4 8 16 32 64
  10  957  169 0  37 1 7 1 2 4 8 16 32 64
  11  250  453 0  59 1 7 1 2 4 8 16 32 64
  12  955  644 0  10 1 7 1 2 4 8 16 32 64
  13  917  857 0  61 1 7 1 2 4 8 16 32 64
  14  345  178 0  14 1 7 1 2 4 8 16 32 64
  15  809  673 0  58 1 7 1 2 4 8 16 32 64
  16  430  446 0  12 1 7 1 2 4 8 16 32 64
  17  575  770 0  55 1 7 1 2 4 8 16 32 64
  18  691  570 0  61 1 7 1 2 4 8 16 32 64
  19  504  892 0  72 1 7 1 2 4 8 16 32 64
  20  284  222 0  85 1 7 1 2 4 8 16 32 64
  21  685  653 0  89 1 7 1 2 4 8 16 32 64
  22  876  900 0  47 1 7 1 2 4 8 16 32 64
  23  316  121 0  68 1 7 1 2 4 8 16 32 64
  24  892  319 0  77 1 7 1 2 4 8 16 32 64
  25  971  448 0  49 1 7 1 2 4 8 16 32 64
  26  188  275 0  53 1 7 1 2 4 8 16 32 64
  27  546  721 0  67 1 7 1 2 4 8 16 32 64
  28  147  226 0  53 1 7 1 2 4 8 16 32 64
  29  621  347 0  83 1 7 1 2 4 8 16 32 64
  30  355   31 0  63 1 7 1 2 4 8 16 32 64
  31  176  937 0  69 1 7 1 2 4 8 16 32 64
  32  410   59 0  64 1 7 1 2 4 8 16 32 64
  33  266  763 0  26 1 7 1 2 4 8 16 32 64
  34  859  244 0  33 1 7 1 2 4 8 16 32 64
  35  398  192 0  71 1 7 1 2 4 8 16 32 64
  36  921  323 0   3 1 7 1 2 4 8 16 32 64
  37  992  124 0  14 1 7 1 2 4 8 16 32 64
  38  166  289 0  64 1 7 1 2 4 8 16 32 64
  39    6  199 0  17 1 7 1 2 4 8 16 32 64
  40   65  210 0  47 1 7 1 2 4 8 16 32 64
  41  164  324 0  22 1 7 1 2 4 8 16 32 64
  42  537  465 0  34 1 7 1 2 4 8 16 32 64
  43  236  310 0  92 1 7 1 2 4 8 16 32 64
  44  394  775 0  54 1 7 1 2 4 8 16 32 64
  45  434  117 0  27 1 7 1 2 4 8 16 32 64
  46  195  153 0  91 1 7 1 2 4 8 16 32 64
  47  901  939 0   3 1 7 1 2 4 8 16 32 64
  48  781  882 0  44 1 7 1 2 4 8 16 32 64
  49  983  847 0  60 1 7 1 2 4 8 16 32 64
  50  130   11 0  48 1 7 1 2 4 8 16 32 64
  51  360  824 0  89 1 7 1 2 4 8 16 32 64
  52  139  806 0  99 1 7 1 2 4 8 16 32 64
  53  722  427 0  87 1 7 1 2 4 8 16 32 64
  54  701   86 0  85 1 7 1 2 4 8 16 32 64
  55  745  468 0  27 1 7 1 2 4 8 16 32 64
  56  999  331 0   3 1 7 1 2 4 8 16 32 64
  57  323  446 0  78 1 7 1 2 4 8 16 32 64
  58  908  517 0  82 1 7 1 2 4 8 16 32 64
  59  836  436 0 100 1 7 1 2 4 8 16 32 64
  60  509  806 0  23 1 7 1 2 4 8 16 32 64
  61  240  187 0  22 1 7 1 2 4 8 16 32 64
  62  824  690 0  67 1 7 1 2 4 8 16 32 64
  63  808  485 0  25 1 7 1 2 4 8 16 32 64
  64  632  646 0  97 1 7 1 2 4 8 16 32 64
  65  946  232 0  63 1 7 1 2 4 8 16 32 64
  66  199  163 0  68 1 7 1 2 4 8 16 32 64
  67  442  233 0  83 1 7 1 2 4 8 16 32 64
  68   46  538 0  37 1 7 1 2 4 8 16 32 64
  69   55  386 0  69 1 7 1 2 4 8 16 32 64
  70  778   20 0  53 1 7 1 2 4 8 16 32 64
  71   28  388 0  13 1 7 1 2 4 8 16 32 64
  72  271  106 0  86 1 7 1 2 4 8 16 32 64
  73  657  424 0  47 1 7 1 2 4 8 16 32 64
  74  626  342 0  87 1 7 1 2 4 8 16 32 64
  75  906  605 0  23 1 7 1 2 4 8 16 32 64
  76   60  451 0  25 1 7 1 2 4 8 16 32 64
  77  603  948 0  27 1 7 1 2 4 8 16 32 64
  78  652   19 0  50 1 7 1 2 4 8 16 32 64
  79  426  494 0  30 1 7 1 2 4 8 16 32 64
  80  993  203 0  61 1 7 1 2 4 8 16 32 64
  81  306  972 0  71 1 7 1 2 4 8 16 32 64
  82  331  486 0  73 1 7 1 2 4 8 16 32 64
  83  200  802 0  76 1 7 1 2 4 8 16 32 64
  84  508   10 0  33 1 7 1 2 4 8 16 32 64
  85  840    8 0   8 1 7 1 2 4 8 16 32 64
  86  935  122 0  77 1 7 1 2 4 8 16 32 64
  87  174  115 0  85 1 7 1 2 4 8 16 32 64
  88  865  463 0  48 1 7 1 2 4 8 16 32 64
  89  127  608 0   1 1 7 1 2 4 8 16 32 64
  90  755  645 0  14 1 7 1 2 4 8 16 32 64
  91  274  711 0  32 1 7 1 2 4 8 16 32 64
  92  703  993 0  26 1 7 1 2 4 8 16 32 64
  93  512  467 0  99 1 7 1 2 4 8 16 32 64
  94  443  293 0  99 1 7 1 2 4 8 16 32 64
  95  981  960 0  45 1 7 1 2 4 8 16 32 64
  96  829  131 0  33 1 7 1 2 4 8 16 32 64
  97  635    7 0  53 1 7 1 2 4 8 16 32 64
  98   62  382 0  47 1 7 1 2 4 8 16 32 64
  99  924  269 0  77 1 7 1 2 4 8 16 32 64
 100  418  483 0  93 1 7 1 2 4 8 16 32 64
 101  653    1 0  31 1 7 1 2 4 8 16 32 64
 102  146  447 0  89 1 7 1 2 4 8 16 32 64
 103  590  900 0  63 1 7 1 2 4 8 16 32 64
 104  428  191 0  18 1 7 1 2 4 8 16 32 64
 105  573  949 0  79 1 7 1 2 4 8 16 32 64
 106  321  292 0  79 1 7 1 2 4 8 16 32 64
 107  628  254 0  11 1 7 1 2 4 8 16 32 64
 108  565  476 0  27 1 7 1 2 4 8 16 32 64
 109   26  943 0  69 1 7 1 2 4 8 16 32 64
 110  590  695 0  51 1 7 1 2 4 8 16 32 64
 111  278  820 0  93 1 7 1 2 4 8 16 32 64
 112  366  616 0  25 1 7 1 2 4 8 16 32 64
 113  297  859 0  22 1 7 1 2 4 8 16 32 64
 114  900  452 0  51 1 7 1 2 4 8 16 32 64
 115  931   38 0  71 1 7 1 2 4 8 16 32 64
 116  693  447 0  12 1 7 1 2 4 8 16 32 64
 117  867  800 0  13 1 7 1 2 4 8 16 32 64
 118  853  644 0  26 1 7 1 2 4 8 16 32 64
 119  149  305 0  61 1 7 1 2 4 8 16 32 64
 120  914  858 0  14 1 7 1 2 4 8 16 32 64
 121  159   30 0   3 1 7 1 2 4 8 16 32 64
 122   28 1000 0  97 1 7 1 2 4 8 16 32 64
 123  764  573 0  29 1 7 1 2 4 8 16 32 64
 124  516  318 0  82 1 7 1 2 4 8 16 32 64
 125  580  263 0  90 1 7 1 2 4 8 16 32 64
 126  494  261 0 100 1 7 1 2 4 8 16 32 64
 127  918  315 0  46 1 7 1 2 4 8 16 32 64
 128  504   85 0  50 1 7 1 2 4 8 16 32 64
 129  237  543 0  60 1 7 1 2 4 8 16 32 64
 130  661  702 0  90 1 7 1 2 4 8 16 32 64
 131  426   84 0  77 1 7 1 2 4 8 16 32 64
 132  125  285 0  17 1 7 1 2 4 8 16 32 64
 133  750  757 0  59 1 7 1 2 4 8 16 32 64
 134  145  413 0  83 1 7 1 2 4 8 16 32 64
 135  345  621 0  50 1 7 1 2 4 8 16 32 64
 136  578  214 0  27 1 7 1 2 4 8 16 32 64
 137  644  715 0  73 1 7 1 2 4 8 16 32 64
 138  246  235 0  15 1 7 1 2 4 8 16 32 64
 139  885  694 0  80 1 7 1 2 4 8 16 32 64
 140  923  610 0  69 1 7 1 2 4 8 16 32 64
 141  125  696 0  33 1 7 1 2 4 8 16 32 64
 142  393  754 0  56 1 7 1 2 4 8 16 32 64
 143   22  767 0  88 1 7 1 2 4 8 16 32 64
 144  421  900 0  74 1 7 1 2 4 8 16 32 64
 145  181  456 0  94 1 7 1 2 4 8 16 32 64
 146  561  872 0  76 1 7 1 2 4 8 16 32 64
 147  396  603 0  37 1 7 1 2 4 8 16 32 64
 148  446  989 0  20 1 7 1 2 4 8 16 32 64
 149  274  955 0  77 1 7 1 2 4 8 16 32 64
 150   22  463 0  22 1 7 1 2 4 8 16 32 64
 151  470  597 0  34 1 7 1 2 4 8 16 32 64
 152  606  378 0  83 1 7 1 2 4 8 16 32 64
 153  219  776 0  43 1 7 1 2 4 8 16 32 64
 154  849  974 0  44 1 7 1 2 4 8 16 32 64
 155  567  603 0  88 1 7 1 2 4 8 16 32 64
 156  262  912 0  54 1 7 1 2 4 8 16 32 64
 157  493   59 0  97 1 7 1 2 4 8 16 32 64
 158  597  860 0  58 1 7 1 2 4 8 16 32 64
 159  291  874 0  52 1 7 1 2 4 8 16 32 64
 160  498  886 0  99 1 7 1 2 4 8 16 32 64
 161  684  777 0  26 1 7 1 2 4 8 16 32 64
 162  448  782 0  90 1 7 1 2 4 8 16 32 64
 163  187  550 0  20 1 7 1 2 4 8 16 32 64
 164  434  691 0  78 1 7 1 2 4 8 16 32 64
 165  145  267 0  16 1 7 1 2 4 8 16 32 64
 166  445  839 0   7 1 7 1 2 4 8 16 32 64
 167  143  674 0  41 1 7 1 2 4 8 16 32 64
 168  641  406 0  15 1 7 1 2 4 8 16 32 64
 169  377  721 0  77 1 7 1 2 4 8 16 32 64
 170  200  344 0  79 1 7 1 2 4 8 16 32 64
 171  168  759 0   3 1 7 1 2 4 8 16 32 64
 172 1000   11 0  90 1 7 1 2 4 8 16 32 64
 173  281  182 0  27 1 7 1 2 4 8 16 32 64
 174   60  265 0  38 1 7 1 2 4 8 16 32 64
 175  839  467 0  16 1 7 1 2 4 8 16 32 64
 176   43   26 0  95 1 7 1 2 4 8 16 32 64
 177  469  578 0  96 1 7 1 2 4 8 16 32 64
 178  629  430 0  75 1 7 1 2 4 8 16 32 64
 179  552  155 0  50 1 7 1 2 4 8 16 32 64
 180   86  397 0  38 1 7 1 2 4 8 16 32 64
 181  986  577 0   3 1 7 1 2 4 8 16 32 64
 182  337  496 0  88 1 7 1 2 4 8 16 32 64
 183  944  361 0  80 1 7 1 2 4 8 16 32 64
 184  592  988 0   7 1 7 1 2 4 8 16 32 64
 185  287  571 0  57 1 7 1 2 4 8 16 32 64
 186  189  247 0   1 1 7 1 2 4 8 16 32 64
 187  956  843 0  86 1 7 1 2 4 8 16 32 64
 188  779  292 0  96 1 7 1 2 4 8 16 32 64
 189  260  496 0  53 1 7 1 2 4 8 16 32 64
 190  588  684 0  19 1 7 1 2 4 8 16 32 64
 191  550  505 0  44 1 7 1 2 4 8 16 32 64
 192  487  925 0 100 1 7 1 2 4 8 16 32 64
 193  566   92 0  14 1 7 1 2 4 8 16 32 64
 194  488  473 0  53 1 7 1 2 4 8 16 32 64
 195  593  682 0  69 1 7 1 2 4 8 16 32 64
 196  563  182 0  97 1 7 1 2 4 8 16 32 64
 197  374  411 0  97 1 7 1 2 4 8 16 32 64
 198  129  473 0  47 1 7 1 2 4 8 16 32 64
 199  104   45 0  14 1 7 1 2 4 8 16 32 64
 200  502  303 0  64 1 7 1 2 4 8 16 32 64
 201  301  343 0  15 1 7 1 2 4 8 16 32 64
 202  676   52 0  72 1 7 1 2 4 8 16 32 64
 203   24  625 0  73 1 7 1 2 4 8 16 32 64
 204  702  433 0   5 1 7 1 2 4 8 16 32 64
 205  502  656 0  19 1 7 1 2 4 8 16 32 64
 206  444    6 0  50 1 7 1 2 4 8 16 32 64
 207  987  563 0  85 1 7 1 2 4 8 16 32 64
 208  765  759 0  97 1 7 1 2 4 8 16 32 64
 209  434   59 0  56 1 7 1 2 4 8 16 32 64
 210  258  761 0  95 1 7 1 2 4 8 16 32 64
 211  742  612 0  66 1 7 1 2 4 8 16 32 64
 212  249  114 0  95 1 7 1 2 4 8 16 32 64
 213  302  196 0  76 1 7 1 2 4 8 16 32 64
 214  457  539 0  65 1 7 1 2 4 8 16 32 64
 215  235  497 0  84 1 7 1 2 4 8 16 32 64
 216  994  578 0  49 1 7 1 2 4 8 16 32 64
 217  458    0 0  60 1 7 1 2 4 8 16 32 64
 218   30  816 0  92 1 7 1 2 4 8 16 32 64
 219  805   44 0  62 1 7 1 2 4 8 16 32 64
 220  884  824 0  12 1 7 1 2 4 8 16 32 64
 221  499  927 0  54 1 7 1 2 4 8 16 32 64
 222  513  485 0  33 1 7 1 2 4 8 16 32 64
 223  474  523 0  72 1 7 1 2 4 8 16 32 64
 224  988  125 0  23 1 7 1 2 4 8 16 32 64
 225  747  697 0  28 1 7 1 2 4 8 16 32 64
 226  595  416 0  22 1 7 1 2 4 8 16 32 64
 227  709  594 0  59 1 7 1 2 4 8 16 32 64
 228  641  539 0  25 1 7 1 2 4 8 16 32 64
 229  374  853 0  33 1 7 1 2 4 8 16 32 64
 230  725  855 0  72 1 7 1 2 4 8 16 32 64
 231  278  604 0  96 1 7 1 2 4 8 16 32 64
 232  319  668 0  19 1 7 1 2 4 8 16 32 64
 233  356  327 0  53 1 7 1 2 4 8 16 32 64
 234  311  182 0  21 1 7 1 2 4 8 16 32 64
 235  296   88 0  33 1 7 1 2 4 8 16 32 64
 236  350  278 0  49 1 7 1 2 4 8 16 32 64
 237  209  711 0  19 1 7 1 2 4 8 16 32 64
 238   94   67 0  69 1 7 1 2 4 8 16 32 64
 239  327  763 0  16 1 7 1 2 4 8 16 32 64
 240  971  328 0  42 1 7 1 2 4 8 16 32 64
 241  888  286 0  36 1 7 1 2 4 8 16 32 64
 242  801  109 0  60 1 7 1 2 4 8 16 32 64
 243  109  606 0  83 1 7 1 2 4 8 16 32 64
 244  216   83 0  32 1 7 1 2 4 8 16 32 64
 245  590  769 0  11 1 7 1 2 4 8 16 32 64
 246  554  488 0  23 1 7 1 2 4 8 16 32 64
 247  545  416 0  39 1 7 1 2 4 8 16 32 64
 248   75  767 0  93 1 7 1 2 4 8 16 32 64
 249  863  351 0  48 1 7 1 2 4 8 16 32 64
 250  981  109 0  26 1 7 1 2 4 8 16 32 64
 251  368  388 0  28 1 7 1 2 4 8 16 32 64
 252  685  523 0  49 1 7 1 2 4 8 16 32 64
 253  205  239 0  96 1 7 1 2 4 8 16 32 64
 254  700   93 0  39 1 7 1 2 4 8 16 32 64
 255  809   29 0  57 1 7 1 2 4 8 16 32 64
 256  316  105 0  76 1 7 1 2 4 8 16 32 64
 257  791  666 0  34 1 7 1 2 4 8 16 32 64
 258  317  168 0  70 1 7 1 2 4 8 16 32 64
 259  380  566 0  81 1 7 1 2 4 8 16 32 64
 260  332  311 0   4 1 7 1 2 4 8 16 32 64
 261  542  881 0  65 1 7 1 2 4 8 16 32 64
 262  995  495 0   4 1 7 1 2 4 8 16 32 64
 263   85  898 0  30 1 7 1 2 4 8 16 32 64
 264  384  485 0  92 1 7 1 2 4 8 16 32 64
 265  432   21 0  72 1 7 1 2 4 8 16 32 64
 266  667  503 0  67 1 7 1 2 4 8 16 32 64
 267  403  760 0  67 1 7 1 2 4 8 16 32 64
 268  855   31 0  26 1 7 1 2 4 8 16 32 64
 269  716  101 0  25 1 7 1 2 4 8 16 32 64
 270  451  361 0  24 1 7 1 2 4 8 16 32 64
 271  191  200 0  64 1 7 1 2 4 8 16 32 64
 272  710   32 0  91 1 7 1 2 4 8 16 32 64
 273  268  145 0  12 1 7 1 2 4 8 16 32 64
 274  303   42 0  90 1 7 1 2 4 8 16 32 64
 275  153  219 0  62 1 7 1 2 4 8 16 32 64
 276   90  241 0  57 1 7 1 2 4 8 16 32 64
 277  767  770 0  72 1 7 1 2 4 8 16 32 64
 278  771  794 0  21 1 7 1 2 4 8 16 32 64
 279  470  682 0   9 1 7 1 2 4 8 16 32 64
 280  551  291 0   8 1 7 1 2 4 8 16 32 64
 281  912  498 0  76 1 7 1 2 4 8 16 32 64
 282  951  125 0  59 1 7 1 2 4 8 16 32 64
 283  902  851 0  24 1 7 1 2 4 8 16 32 64
 284  975  617 0  26 1 7 1 2 4 8 16 32 64
 285  182  115 0  43 1 7 1 2 4 8 16 32 64
 286  795  618 0  92 1 7 1 2 4 8 16 32 64
 287   23  469 0  35 1 7 1 2 4 8 16 32 64
 288  996  987 0  13 1 7 1 2 4 8 16 32 64
 289  257   46 0  49 1 7 1 2 4 8 16 32 64
 290  740  587 0   7 1 7 1 2 4 8 16 32 64
 291  701  808 0 100 1 7 1 2 4 8 16 32 64
 292  803  524 0  10 1 7 1 2 4 8 16 32 64
 293  766  476 0  49 1 7 1 2 4 8 16 32 64
 294  100  753 0  57 1 7 1 2 4 8 16 32 64
 295  338  710 0  59 1 7 1 2 4 8 16 32 64
 296  189  879 0  62 1 7 1 2 4 8 16 32 64
 297  951  677 0  73 1 7 1 2 4 8 16 32 64
 298  586  486 0  22 1 7 1 2 4 8 16 32 64
 299  156  698 0  10 1 7 1 2 4 8 16 32 64
 300  501  216 0  71 1 7 1 2 4 8 16 32 64
 301  422  336 0  82 1 7 1 2 4 8 16 32 64
 302  471   94 0   6 1 7 1 2 4 8 16 32 64
 303  254  696 0  94 1 7 1 2 4 8 16 32 64
 304  419  781 0  46 1 7 1 2 4 8 16 32 64
 305  475  487 0  87 1 7 1 2 4 8 16 32 64
 306  687  561 0  68 1 7 1 2 4 8 16 32 64
 307  258  771 0  64 1 7 1 2 4 8 16 32 64
 308  138  899 0  19 1 7 1 2 4 8 16 32 64
 309  969  545 0  68 1 7 1 2 4 8 16 32 64
 310  199  358 0   4 1 7 1 2 4 8 16 32 64
 311  217  671 0  30 1 7 1 2 4 8 16 32 64
 312  690  914 0  57 1 7 1 2 4 8 16 32 64
 313  807  803 0  94 1 7 1 2 4 8 16 32 64
 314   13  511 0  42 1 7 1 2 4 8 16 32 64
 315  748  224 0   9 1 7 1 2 4 8 16 32 64
 316  809  644 0  91 1 7 1 2 4 8 16 32 64
 317  917  888 0  41 1 7 1 2 4 8 16 32 64
 318  405  410 0  87 1 7 1 2 4 8 16 32 64
 319  501  795 0  24 1 7 1 2 4 8 16 32 64
 320  831  719 0  23 1 7 1 2 4 8 16 32 64
 321  330  310 0  99 1 7 1 2 4 8 16 32 64
 322  360  366 0  85 1 7 1 2 4 8 16 32 64
 323  708  485 0  54 1 7 1 2 4 8 16 32 64
 324  586  352 0  14 1 7 1 2 4 8 16 32 64
 325  893  886 0   2 1 7 1 2 4 8 16 32 64
 326  823  721 0   8 1 7 1 2 4 8 16 32 64
 327  617  690 0  79 1 7 1 2 4 8 16 32 64
 328  296  521 0  15 1 7 1 2 4 8 16 32 64
 329  782  852 0  27 1 7 1 2 4 8 16 32 64
 330  783   51 0  21 1 7 1 2 4 8 16 32 64
 331  728  316 0  34 1 7 1 2 4 8 16 32 64
 332  738  589 0  62 1 7 1 2 4 8 16 32 64
 333  871  249 0  81 1 7 1 2 4 8 16 32 64
 334  383   15 0  96 1 7 1 2 4 8 16 32 64
 335  831  838 0  48 1 7 1 2 4 8 16 32 64
 336  445  953 0  56 1 7 1 2 4 8 16 32 64
 337  411  666 0  15 1 7 1 2 4 8 16 32 64
 338  319  192 0   9 1 7 1 2 4 8 16 32 64
 339  616  390 0  11 1 7 1 2 4 8 16 32 64
 340  571   45 0  60 1 7 1 2 4 8 16 32 64
 341  595   18 0  53 1 7 1 2 4 8 16 32 64
 342  330  460 0   4 1 7 1 2 4 8 16 32 64
 343  905  949 0   4 1 7 1 2 4 8 16 32 64
 344  103  555 0  13 1 7 1 2 4 8 16 32 64
 345  358  223 0  57 1 7 1 2 4 8 16 32 64
 346  958  471 0  56 1 7 1 2 4 8 16 32 64
 347  947  822 0  49 1 7 1 2 4 8 16 32 64
 348  571  825 0  42 1 7 1 2 4 8 16 32 64
 349  232  573 0  29 1 7 1 2 4 8 16 32 64
 350  765  544 0  60 1 7 1 2 4 8 16 32 64
 351  824  616 0  76 1 7 1 2 4 8 16 32 64
 352  826  448 0  56 1 7 1 2 4 8 16 32 64
 353  758  425 0  53 1 7 1 2 4 8 16 32 64
 354  843  221 0   9 1 7 1 2 4 8 16 32 64
 355   64  325 0  43 1 7 1 2 4 8 16 32 64
 356   80  626 0  84 1 7 1 2 4 8 16 32 64
 357  496  253 0  64 1 7 1 2 4 8 16 32 64
 358  480  819 0   1 1 7 1 2 4 8 16 32 64
 359  136  420 0  84 1 7 1 2 4 8 16 32 64
 360  568  292 0  45 1 7 1 2 4 8 16 32 64
 361  195  162 0  85 1 7 1 2 4 8 16 32 64
 362  567  657 0  98 1 7 1 2 4 8 16 32 64
 363  461   31 0  81 1 7 1 2 4 8 16 32 64
 364  169  101 0  10 1 7 1 2 4 8 16 32 64
 365  835  697 0  36 1 7 1 2 4 8 16 32 64
 366    1  771 0  17 1 7 1 2 4 8 16 32 64
 367  217  136 0   8 1 7 1 2 4 8 16 32 64
 368  206  952 0  89 1 7 1 2 4 8 16 32 64
 369  874  717 0  73 1 7 1 2 4 8 16 32 64
 370  678  791 0  89 1 7 1 2 4 8 16 32 64
 371  263  109 0  25 1 7 1 2 4 8 16 32 64
 372  565  424 0 100 1 7 1 2 4 8 16 32 64
 373  473  597 0  17 1 7 1 2 4 8 16 32 64
 374  742  900 0  25 1 7 1 2 4 8 16 32 64
 375  332  528 0  33 1 7 1 2 4 8 16 32 64
 376  517  583 0  45 1 7 1 2 4 8 16 32 64
 377  810  128 0  38 1 7 1 2 4 8 16 32 64
 378  982  689 0  52 1 7 1 2 4 8 16 32 64
 379  420   35 0  60 1 7 1 2 4 8 16 32 64
 380   34  318 0  47 1 7 1 2 4 8 16 32 64
 381  717  903 0  96 1 7 1 2 4 8 16 32 64
 382  532  232 0  99 1 7 1 2 4 8 16 32 64
 383  726  947 0  70 1 7 1 2 4 8 16 32 64
 384  999  521 0  76 1 7 1 2 4 8 16 32 64
 385  328  731 0  50 1 7 1 2 4 8 16 32 64
 386  784  221 0  19 1 7 1 2 4 8 16 32 64
 387  568  265 0  94 1 7 1 2 4 8 16 32 64
 388  593   79 0  98 1 7 1 2 4 8 16 32 64
 389  525   38 0   1 1 7 1 2 4 8 16 32 64
 390  995  701 0  44 1 7 1 2 4 8 16 32 64
 391  438  184 0  73 1 7 1 2 4 8 16 32 64
 392  153  579 0  41 1 7 1 2 4 8 16 32 64
 393  469  512 0   9 1 7 1 2 4 8 16 32 64
 394  926  261 0  56 1 7 1 2 4 8 16 32 64
 395  970  837 0  38 1 7 1 2 4 8 16 32 64
 396  303  141 0  37 1 7 1 2 4 8 16 32 64
 397  953  326 0   8 1 7 1 2 4 8 16 32 64
 398  440  756 0  90 1 7 1 2 4 8 16 32 64
 399  344   92 0  35 1 7 1 2 4 8 16 32 64
 400  979  411 0  91 1 7 1 2 4 8 16 32 64
 401  111   21 0  19 1 7 1 2 4 8 16 32 64
 402  930  483 0   7 1 7 1 2 4 8 16 32 64
 403  593  373 0  92 1 7 1 2 4 8 16 32 64
 404  491  335 0  74 1 7 1 2 4 8 16 32 64
 405  212  776 0  41 1 7 1 2 4 8 16 32 64
 406  816  547 0  91 1 7 1 2 4 8 16 32 64
 407  418  108 0  19 1 7 1 2 4 8 16 32 64
 408  137  904 0  37 1 7 1 2 4 8 16 32 64
 409  571  746 0   4 1 7 1 2 4 8 16 32 64
 410  597  914 0  62 1 7 1 2 4 8 16 32 64
 411  193  367 0  71 1 7 1 2 4 8 16 32 64
 412  146  710 0  33 1 7 1 2 4 8 16 32 64
 413  789  813 0  16 1 7 1 2 4 8 16 32 64
 414  498  151 0  41 1 7 1 2 4 8 16 32 64
 415  169  345 0   7 1 7 1 2 4 8 16 32 64
 416  914  828 0  11 1 7 1 2 4 8 16 32 64
 417  498  592 0  67 1 7 1 2 4 8 16 32 64
 418  830  447 0  44 1 7 1 2 4 8 16 32 64
 419  857   22 0  63 1 7 1 2 4 8 16 32 64
 420  290  376 0  72 1 7 1 2 4 8 16 32 64
 421  752   84 0   7 1 7 1 2 4 8 16 32 64
 422  118  164 0  98 1 7 1 2 4 8 16 32 64
 423  639  467 0   4 1 7 1 2 4 8 16 32 64
 424  758  922 0  35 1 7 1 2 4 8 16 32 64
 425   69  905 0  50 1 7 1 2 4 8 16 32 64
 426  960  944 0  24 1 7 1 2 4 8 16 32 64
 427  127  148 0  95 1 7 1 2 4 8 16 32 64
 428  805  240 0  10 1 7 1 2 4 8 16 32 64
 429  894  403 0  58 1 7 1 2 4 8 16 32 64
 430  609  559 0  14 1 7 1 2 4 8 16 32 64
 431  547  273 0  45 1 7 1 2 4 8 16 32 64
 432  991  552 0  61 1 7 1 2 4 8 16 32 64
 433  771  390 0  73 1 7 1 2 4 8 16 32 64
 434  645  965 0  51 1 7 1 2 4 8 16 32 64
 435  376  738 0  88 1 7 1 2 4 8 16 32 64
 436  985  359 0  83 1 7 1 2 4 8 16 32 64
 437  231  492 0  87 1 7 1 2 4 8 16 32 64
 438  236  461 0  83 1 7 1 2 4 8 16 32 64
 439  925  953 0  86 1 7 1 2 4 8 16 32 64
 440  639  546 0   4 1 7 1 2 4 8 16 32 64
 441    5  698 0  90 1 7 1 2 4 8 16 32 64
 442   15  733 0  38 1 7 1 2 4 8 16 32 64
 443  385  395 0  45 1 7 1 2 4 8 16 32 64
 444  105  755 0  62 1 7 1 2 4 8 16 32 64
 445  821  459 0  60 1 7 1 2 4 8 16 32 64
 446  285  637 0  20 1 7 1 2 4 8 16 32 64
 447  665  187 0  13 1 7 1 2 4 8 16 32 64
 448  951  351 0  30 1 7 1 2 4 8 16 32 64
 449  710  543 0  78 1 7 1 2 4 8 16 32 64
 450  571  649 0  76 1 7 1 2 4 8 16 32 64
 451  464   27 0  40 1 7 1 2 4 8 16 32 64
 452  971   92 0  80 1 7 1 2 4 8 16 32 64
 453  273  374 0  34 1 7 1 2 4 8 16 32 64
 454  226  849 0  13 1 7 1 2 4 8 16 32 64
 455  472  388 0   1 1 7 1 2 4 8 16 32 64
 456  372  567 0  11 1 7 1 2 4 8 16 32 64
 457  412  769 0  81 1 7 1 2 4 8 16 32 64
 458  215  286 0  76 1 7 1 2 4 8 16 32 64
 459  950  367 0  94 1 7 1 2 4 8 16 32 64
 460  850  508 0  37 1 7 1 2 4 8 16 32 64
 461  639  439 0   9 1 7 1 2 4 8 16 32 64
 462  392  343 0  17 1 7 1 2 4 8 16 32 64
 463    1  947 0  18 1 7 1 2 4 8 16 32 64
 464  320  831 0  22 1 7 1 2 4 8 16 32 64
 465  692  470 0  11 1 7 1 2 4 8 16 32 64
 466  699  475 0  38 1 7 1 2 4 8 16 32 64
 467  709  743 0  49 1 7 1 2 4 8 16 32 64
 468  591  409 0  35 1 7 1 2 4 8 16 32 64
 469  595  664 0  35 1 7 1 2 4 8 16 32 64
 470  744    1 0  66 1 7 1 2 4 8 16 32 64
 471  897  427 0  75 1 7 1 2 4 8 16 32 64
 472  830  997 0   4 1 7 1 2 4 8 16 32 64
 473  105  367 0  19 1 7 1 2 4 8 16 32 64
 474  937   45 0  22 1 7 1 2 4 8 16 32 64
 475  252  134 0  48 1 7 1 2 4 8 16 32 64
 476  160  540 0  84 1 7 1 2 4 8 16 32 64
 477  367   49 0   7 1 7 1 2 4 8 16 32 64
 478  546   35 0  51 1 7 1 2 4 8 16 32 64
 479  689  197 0   6 1 7 1 2 4 8 16 32 64
 480  349  363 0  42 1 7 1 2 4 8 16 32 64
 481  768  378 0  54 1 7 1 2 4 8 16 32 64
 482  709  703 0  98 1 7 1 2 4 8 16 32 64
 483  804  154 0  49 1 7 1 2 4 8 16 32 64
 484  256  873 0  75 1 7 1 2 4 8 16 32 64
 485  498   58 0  62 1 7 1 2 4 8 16 32 64
 486  643  213 0  97 1 7 1 2 4 8 16 32 64
 487  976  926 0  85 1 7 1 2 4 8 16 32 64
 488  109  803 0  32 1 7 1 2 4 8 16 32 64
 489  383  148 0  91 1 7 1 2 4 8 16 32 64
 490  596  839 0  98 1 7 1 2 4 8 16 32 64
 491  794  209 0  73 1 7 1 2 4 8 16 32 64
 492  786  290 0  99 1 7 1 2 4 8 16 32 64
 493    6  921 0  56 1 7 1 2 4 8 16 32 64
 494  161   61 0  95 1 7 1 2 4 8 16 32 64
 495  625  673 0  10 1 7 1 2 4 8 16 32 64
 496  502  977 0  51 1 7 1 2 4 8 16 32 64
 497  870  145 0   5 1 7 1 2 4 8 16 32 64
 498  731  450 0  20 1 7 1 2 4 8 16 32 64
 499  851   37 0  83 1 7 1 2 4 8 16 32 64
 500  429   62 0  25 1 7 1 2 4 8 16 32 64
 501   74  482 0  19 1 7 1 2 4 8 16 32 64
 502   86  423 0  61 1 7 1 2 4 8 16 32 64
 503  178  257 0  17 1 7 1 2 4 8 16 32 64
 504  373  752 0  97 1 7 1 2 4 8 16 32 64
 505  902  152 0  21 1 7 1 2 4 8 16 32 64
 506  885  608 0  19 1 7 1 2 4 8 16 32 64
 507   86  170 0  31 1 7 1 2 4 8 16 32 64
 508  540  155 0  57 1 7 1 2 4 8 16 32 64
 509   64  817 0  35 1 7 1 2 4 8 16 32 64
 510  928  361 0  13 1 7 1 2 4 8 16 32 64
 511   53  384 0   4 1 7 1 2 4 8 16 32 64
 512  477  518 0  46 1 7 1 2 4 8 16 32 64
 513  322  680 0  58 1 7 1 2 4 8 16 32 64
 514  317   47 0  54 1 7 1 2 4 8 16 32 64
 515  650  252 0  39 1 7 1 2 4 8 16 32 64
 516  511  846 0  47 1 7 1 2 4 8 16 32 64
 517   98  207 0  63 1 7 1 2 4 8 16 32 64
 518  120  884 0  31 1 7 1 2 4 8 16 32 64
 519   85  308 0  75 1 7 1 2 4 8 16 32 64
 520  385  745 0  19 1 7 1 2 4 8 16 32 64
 521  326  479 0  51 1 7 1 2 4 8 16 32 64
 522  412  245 0  19 1 7 1 2 4 8 16 32 64
 523  968   38 0  22 1 7 1 2 4 8 16 32 64
 524  929  685 0  64 1 7 1 2 4 8 16 32 64
 525  987  259 0  21 1 7 1 2 4 8 16 32 64
 526  177  862 0  81 1 7 1 2 4 8 16 32 64
 527  243  227 0  43 1 7 1 2 4 8 16 32 64
 528  967  808 0  17 1 7 1 2 4 8 16 32 64
 529  449  597 0  48 1 7 1 2 4 8 16 32 64
 530  963  751 0  94 1 7 1 2 4 8 16 32 64
 531  498  765 0  31 1 7 1 2 4 8 16 32 64
 532  171  722 0  52 1 7 1 2 4 8 16 32 64
 533  864  692 0  88 1 7 1 2 4 8 16 32 64
 534  913  365 0  24 1 7 1 2 4 8 16 32 64
 535  812  976 0  35 1 7 1 2 4 8 16 32 64
 536   92  747 0  54 1 7 1 2 4 8 16 32 64
 537  357  257 0   6 1 7 1 2 4 8 16 32 64
 538  820  468 0  53 1 7 1 2 4 8 16 32 64
 539   68  871 0  51 1 7 1 2 4 8 16 32 64
 540  822  959 0  59 1 7 1 2 4 8 16 32 64
 541  317  726 0  63 1 7 1 2 4 8 16 32 64
 542  604  461 0  44 1 7 1 2 4 8 16 32 64
 543   66  722 0  76 1 7 1 2 4 8 16 32 64
 544   77  537 0  43 1 7 1 2 4 8 16 32 64
 545  589  426 0  83 1 7 1 2 4 8 16 32 64
 546  483  980 0  11 1 7 1 2 4 8 16 32 64
 547  805  724 0  90 1 7 1 2 4 8 16 32 64
 548  229  814 0  58 1 7 1 2 4 8 16 32 64
 549  244    5 0  59 1 7 1 2 4 8 16 32 64
 550  363  874 0  78 1 7 1 2 4 8 16 32 64
 551   20   96 0  99 1 7 1 2 4 8 16 32 64
 552   20  182 0  89 1 7 1 2 4 8 16 32 64
 553  804  233 0   9 1 7 1 2 4 8 16 32 64
 554  956  874 0  58 1 7 1 2 4 8 16 32 64
 555  384    5 0   1 1 7 1 2 4 8 16 32 64
 556  117  213 0  40 1 7 1 2 4 8 16 32 64
 557  633  277 0  67 1 7 1 2 4 8 16 32 64
 558  968  532 0  20 1 7 1 2 4 8 16 32 64
 559  734  403 0  62 1 7 1 2 4 8 16 32 64
 560  298  897 0  71 1 7 1 2 4 8 16 32 64
 561  227  483 0  86 1 7 1 2 4 8 16 32 64
 562  533  741 0  81 1 7 1 2 4 8 16 32 64
 563  902  158 0  83 1 7 1 2 4 8 16 32 64
 564  919   76 0  35 1 7 1 2 4 8 16 32 64
 565  277  360 0  16 1 7 1 2 4 8 16 32 64
 566  487  451 0  89 1 7 1 2 4 8 16 32 64
 567  158  967 0  79 1 7 1 2 4 8 16 32 64
 568  987  559 0  23 1 7 1 2 4 8 16 32 64
 569  497   91 0   8 1 7 1 2 4 8 16 32 64
 570  934  709 0  10 1 7 1 2 4 8 16 32 64
 571  510  932 0  99 1 7 1 2 4 8 16 32 64
 572  999  933 0  40 1 7 1 2 4 8 16 32 64
 573   56  925 0  46 1 7 1 2 4 8 16 32 64
 574  329  483 0  38 1 7 1 2 4 8 16 32 64
 575  134  491 0  53 1 7 1 2 4 8 16 32 64
 576  415  433 0  18 1 7 1 2 4 8 16 32 64
 577  749  837 0  76 1 7 1 2 4 8 16 32 64
 578  833  677 0  84 1 7 1 2 4 8 16 32 64
 579  463   55 0  46 1 7 1 2 4 8 16 32 64
 580    4  210 0  96 1 7 1 2 4 8 16 32 64
 581  504  791 0  34 1 7 1 2 4 8 16 32 64
 582  837  332 0 100 1 7 1 2 4 8 16 32 64
 583  266  557 0  31 1 7 1 2 4 8 16 32 64
 584  540   20 0  84 1 7 1 2 4 8 16 32 64
 585  652  511 0  38 1 7 1 2 4 8 16 32 64
 586  442  484 0  17 1 7 1 2 4 8 16 32 64
 587  557  179 0  49 1 7 1 2 4 8 16 32 64
 588  440  225 0  26 1 7 1 2 4 8 16 32 64
 589   90  144 0  49 1 7 1 2 4 8 16 32 64
 590  657  244 0  61 1 7 1 2 4 8 16 32 64
 591  591  457 0  56 1 7 1 2 4 8 16 32 64
 592  872  104 0  85 1 7 1 2 4 8 16 32 64
 593  295   32 0  10 1 7 1 2 4 8 16 32 64
 594  183  335 0  56 1 7 1 2 4 8 16 32 64
 595  879  286 0  59 1 7 1 2 4 8 16 32 64
 596  606  981 0  34 1 7 1 2 4 8 16 32 64
 597  168  754 0  62 1 7 1 2 4 8 16 32 64
 598  562  971 0  33 1 7 1 2 4 8 16 32 64
 599  697  662 0  12 1 7 1 2 4 8 16 32 64
 600  829  808 0  18 1 7 1 2 4 8 16 32 64
 601  524  123 0  60 1 7 1 2 4 8 16 32 64
 602  219  673 0  34 1 7 1 2 4 8 16 32 64
 603  321   59 0  42 1 7 1 2 4 8 16 32 64
 604  775   79 0  49 1 7 1 2 4 8 16 32 64
 605  139  203 0  83 1 7 1 2 4 8 16 32 64
 606   14  831 0  45 1 7 1 2 4 8 16 32 64
 607   49  755 0  56 1 7 1 2 4 8 16 32 64
 608  371  282 0  28 1 7 1 2 4 8 16 32 64
 609  282  525 0   6 1 7 1 2 4 8 16 32 64
 610  439  197 0  70 1 7 1 2 4 8 16 32 64
 611  923  327 0  46 1 7 1 2 4 8 16 32 64
 612   28  666 0  98 1 7 1 2 4 8 16 32 64
 613  909   97 0  86 1 7 1 2 4 8 16 32 64
 614  391  723 0  86 1 7 1 2 4 8 16 32 64
 615  979  305 0   5 1 7 1 2 4 8 16 32 64
 616  429  990 0  82 1 7 1 2 4 8 16 32 64
 617  408  640 0   3 1 7 1 2 4 8 16 32 64
 618  100   29 0  60 1 7 1 2 4 8 16 32 64
 619  927  816 0  93 1 7 1 2 4 8 16 32 64
 620  261   47 0  95 1 7 1 2 4 8 16 32 64
 621  924  895 0  91 1 7 1 2 4 8 16 32 64
 622  280  944 0  54 1 7 1 2 4 8 16 32 64
 623  251  212 0  48 1 7 1 2 4 8 16 32 64
 624  122  414 0  63 1 7 1 2 4 8 16 32 64
 625  569  171 0  62 1 7 1 2 4 8 16 32 64
 626  213   19 0  65 1 7 1 2 4 8 16 32 64
 627  223  306 0  66 1 7 1 2 4 8 16 32 64
 628  868  330 0 100 1 7 1 2 4 8 16 32 64
 629  310  756 0  86 1 7 1 2 4 8 16 32 64
 630  169  717 0  35 1 7 1 2 4 8 16 32 64
 631    4  767 0  58 1 7 1 2 4 8 16 32 64
 632  516  560 0  24 1 7 1 2 4 8 16 32 64
 633  478   34 0  96 1 7 1 2 4 8 16 32 64
 634  749  478 0  32 1 7 1 2 4 8 16 32 64
 635   38  251 0  53 1 7 1 2 4 8 16 32 64
 636  771  835 0  44 1 7 1 2 4 8 16 32 64
 637  772  296 0  81 1 7 1 2 4 8 16 32 64
 638  395  877 0  60 1 7 1 2 4 8 16 32 64
 639  141  421 0  21 1 7 1 2 4 8 16 32 64
 640  925  388 0   6 1 7 1 2 4 8 16 32 64
 641  564  462 0  24 1 7 1 2 4 8 16 32 64
 642  535  964 0  81 1 7 1 2 4 8 16 32 64
 643  751  441 0  87 1 7 1 2 4 8 16 32 64
 644  698   33 0  93 1 7 1 2 4 8 16 32 64
 645  918  466 0  80 1 7 1 2 4 8 16 32 64
 646  921  203 0  61 1 7 1 2 4 8 16 32 64
 647  258  179 0  46 1 7 1 2 4 8 16 32 64
 648  716  261 0   9 1 7 1 2 4 8 16 32 64
 649  465  875 0  13 1 7 1 2 4 8 16 32 64
 650  960  390 0  25 1 7 1 2 4 8 16 32 64
 651  815  347 0  75 1 7 1 2 4 8 16 32 64
 652  866  854 0 100 1 7 1 2 4 8 16 32 64
 653  453  326 0  64 1 7 1 2 4 8 16 32 64
 654  455  471 0  93 1 7 1 2 4 8 16 32 64
 655  454  957 0  39 1 7 1 2 4 8 16 32 64
 656  949  342 0   7 1 7 1 2 4 8 16 32 64
 657  808  129 0  24 1 7 1 2 4 8 16 32 64
 658  537  603 0  16 1 7 1 2 4 8 16 32 64
 659  163  288 0   9 1 7 1 2 4 8 16 32 64
 660  789  991 0  64 1 7 1 2 4 8 16 32 64
 661  230  404 0  49 1 7 1 2 4 8 16 32 64
 662  452  317 0  42 1 7 1 2 4 8 16 32 64
 663  937  894 0  23 1 7 1 2 4 8 16 32 64
 664  237  417 0  39 1 7 1 2 4 8 16 32 64
 665   76  546 0  86 1 7 1 2 4 8 16 32 64
 666   81  940 0  31 1 7 1 2 4 8 16 32 64
 667  925  670 0  20 1 7 1 2 4 8 16 32 64
 668  223  564 0  38 1 7 1 2 4 8 16 32 64
 669  481  160 0  26 1 7 1 2 4 8 16 32 64
 670  531  354 0  73 1 7 1 2 4 8 16 32 64
 671  918  967 0  59 1 7 1 2 4 8 16 32 64
 672  274  137 0   2 1 7 1 2 4 8 16 32 64
 673  915   13 0  97 1 7 1 2 4 8 16 32 64
 674   37  967 0  83 1 7 1 2 4 8 16 32 64
 675  160  753 0   8 1 7 1 2 4 8 16 32 64
 676  237  181 0  81 1 7 1 2 4 8 16 32 64
 677  828  314 0  58 1 7 1 2 4 8 16 32 64
 678  900    7 0  66 1 7 1 2 4 8 16 32 64
 679  694  870 0  19 1 7 1 2 4 8 16 32 64
 680  423  563 0  53 1 7 1 2 4 8 16 32 64
 681  248  629 0  59 1 7 1 2 4 8 16 32 64
 682  175  684 0  54 1 7 1 2 4 8 16 32 64
 683  757  774 0  70 1 7 1 2 4 8 16 32 64
 684  338  575 0  37 1 7 1 2 4 8 16 32 64
 685  699  182 0  42 1 7 1 2 4 8 16 32 64
 686  637  517 0  80 1 7 1 2 4 8 16 32 64
 687  340    7 0  56 1 7 1 2 4 8 16 32 64
 688  464  350 0  72 1 7 1 2 4 8 16 32 64
 689  288  543 0   5 1 7 1 2 4 8 16 32 64
 690  276  560 0  29 1 7 1 2 4 8 16 32 64
 691  458  338 0  93 1 7 1 2 4 8 16 32 64
 692   23  211 0  10 1 7 1 2 4 8 16 32 64
 693  841  475 0  93 1 7 1 2 4 8 16 32 64
 694  747  428 0  11 1 7 1 2 4 8 16 32 64
 695  829  624 0  61 1 7 1 2 4 8 16 32 64
 696  118  592 0  76 1 7 1 2 4 8 16 32 64
 697  785  998 0  17 1 7 1 2 4 8 16 32 64
 698  999  223 0   5 1 7 1 2 4 8 16 32 64
 699  467  844 0  34 1 7 1 2 4 8 16 32 64
 700  702  471 0  25 1 7 1 2 4 8 16 32 64
 701  593  812 0  85 1 7 1 2 4 8 16 32 64
 702  950  790 0  80 1 7 1 2 4 8 16 32 64
 703  889  605 0  98 1 7 1 2 4 8 16 32 64
 704  765  627 0   1 1 7 1 2 4 8 16 32 64
 705  524  103 0  24 1 7 1 2 4 8 16 32 64
 706  603  861 0  20 1 7 1 2 4 8 16 32 64
 707  638  548 0  33 1 7 1 2 4 8 16 32 64
 708  286  432 0  19 1 7 1 2 4 8 16 32 64
 709  492  928 0   7 1 7 1 2 4 8 16 32 64
 710  657  449 0  92 1 7 1 2 4 8 16 32 64
 711  187  916 0  68 1 7 1 2 4 8 16 32 64
 712  156  696 0  80 1 7 1 2 4 8 16 32 64
 713  508  374 0  28 1 7 1 2 4 8 16 32 64
 714  933  986 0  20 1 7 1 2 4 8 16 32 64
 715  968  281 0  88 1 7 1 2 4 8 16 32 64
 716  565  309 0  37 1 7 1 2 4 8 16 32 64
 717  360   56 0  49 1 7 1 2 4 8 16 32 64
 718  842   29 0  72 1 7 1 2 4 8 16 32 64
 719  333  421 0  49 1 7 1 2 4 8 16 32 64
 720  421  196 0  68 1 7 1 2 4 8 16 32 64
 721  329  901 0  52 1 7 1 2 4 8 16 32 64
 722  220  808 0  91 1 7 1 2 4 8 16 32 64
 723  213  863 0  52 1 7 1 2 4 8 16 32 64
 724  663  832 0  38 1 7 1 2 4 8 16 32 64
 725  539  935 0  54 1 7 1 2 4 8 16 32 64
 726  939  449 0   5 1 7 1 2 4 8 16 32 64
 727  804  570 0  15 1 7 1 2 4 8 16 32 64
 728  594  621 0  57 1 7 1 2 4 8 16 32 64
 729  717  944 0  81 1 7 1 2 4 8 16 32 64
 730  706  397 0   5 1 7 1 2 4 8 16 32 64
 731  880  654 0  41 1 7 1 2 4 8 16 32 64
 732  336  523 0  55 1 7 1 2 4 8 16 32 64
 733  593  285 0  98 1 7 1 2 4 8 16 32 64
 734  979  146 0  24 1 7 1 2 4 8 16 32 64
 735  808  167 0  62 1 7 1 2 4 8 16 32 64
 736  625  448 0  85 1 7 1 2 4 8 16 32 64
 737  776  997 0  46 1 7 1 2 4 8 16 32 64
 738  717  489 0  49 1 7 1 2 4 8 16 32 64
 739  412  181 0  54 1 7 1 2 4 8 16 32 64
 740  599  980 0  32 1 7 1 2 4 8 16 32 64
 741  359  213 0  67 1 7 1 2 4 8 16 32 64
 742  767  552 0  93 1 7 1 2 4 8 16 32 64
 743  910  396 0  66 1 7 1 2 4 8 16 32 64
 744  340  792 0  42 1 7 1 2 4 8 16 32 64
 745  958   11 0  46 1 7 1 2 4 8 16 32 64
 746  805  513 0  77 1 7 1 2 4 8 16 32 64
 747  481  364 0  17 1 7 1 2 4 8 16 32 64
 748  440  359 0  87 1 7 1 2 4 8 16 32 64
 749  405  283 0   4 1 7 1 2 4 8 16 32 64
 750  463  954 0  78 1 7 1 2 4 8 16 32 64
 751  519  174 0  16 1 7 1 2 4 8 16 32 64
 752  763  764 0  51 1 7 1 2 4 8 16 32 64
 753   90  486 0  66 1 7 1 2 4 8 16 32 64
 754  751   46 0  43 1 7 1 2 4 8 16 32 64
 755  947  609 0 100 1 7 1 2 4 8 16 32 64
 756   86  142 0   8 1 7 1 2 4 8 16 32 64
 757  940  932 0  12 1 7 1 2 4 8 16 32 64
 758  728  287 0   1 1 7 1 2 4 8 16 32 64
 759   89  438 0   6 1 7 1 2 4 8 16 32 64
 760  271  523 0 100 1 7 1 2 4 8 16 32 64
 761  198  265 0  38 1 7 1 2 4 8 16 32 64
 762  827  391 0   5 1 7 1 2 4 8 16 32 64
 763   81  866 0  17 1 7 1 2 4 8 16 32 64
 764  200  945 0  51 1 7 1 2 4 8 16 32 64
 765  328  613 0  38 1 7 1 2 4 8 16 32 64
 766  241  588 0  83 1 7 1 2 4 8 16 32 64
 767  298  454 0  81 1 7 1 2 4 8 16 32 64
 768  486  185 0  73 1 7 1 2 4 8 16 32 64
 769  758  190 0  86 1 7 1 2 4 8 16 32 64
 770  911  111 0  82 1 7 1 2 4 8 16 32 64
 771  211  371 0  29 1 7 1 2 4 8 16 32 64
 772  280  132 0   1 1 7 1 2 4 8 16 32 64
 773  238   11 0  77 1 7 1 2 4 8 16 32 64
 774  954  876 0  14 1 7 1 2 4 8 16 32 64
 775  941  730 0 100 1 7 1 2 4 8 16 32 64
 776  168  443 0  26 1 7 1 2 4 8 16 32 64
 777  415  127 0  16 1 7 1 2 4 8 16 32 64
 778  899  993 0  17 1 7 1 2 4 8 16 32 64
 779  672  579 0  60 1 7 1 2 4 8 16 32 64
 780  333  650 0  93 1 7 1 2 4 8 16 32 64
 781  321  120 0   1 1 7 1 2 4 8 16 32 64
 782  494  192 0  60 1 7 1 2 4 8 16 32 64
 783  460  162 0  50 1 7 1 2 4 8 16 32 64
 784  267   98 0   5 1 7 1 2 4 8 16 32 64
 785  185  328 0  92 1 7 1 2 4 8 16 32 64
 786  173  497 0  95 1 7 1 2 4 8 16 32 64
 787  147  156 0  65 1 7 1 2 4 8 16 32 64
 788  951  847 0  25 1 7 1 2 4 8 16 32 64
 789  521  892 0  78 1 7 1 2 4 8 16 32 64
 790  305  914 0  40 1 7 1 2 4 8 16 32 64
 791  342  999 0  76 1 7 1 2 4 8 16 32 64
 792  102  323 0  95 1 7 1 2 4 8 16 32 64
 793  871  922 0  91 1 7 1 2 4 8 16 32 64
 794   84  453 0   1 1 7 1 2 4 8 16 32 64
 795  862  451 0  21 1 7 1 2 4 8 16 32 64
 796  207  157 0  61 1 7 1 2 4 8 16 32 64
 797  997   97 0  14 1 7 1 2 4 8 16 32 64
 798  977  578 0  51 1 7 1 2 4 8 16 32 64
 799  822  469 0  17 1 7 1 2 4 8 16 32 64
 800  844   27 0  40 1 7 1 2 4 8 16 32 64
 801  280  731 0  98 1 7 1 2 4 8 16 32 64
 802  275  990 0  78 1 7 1 2 4 8 16 32 64
 803  361  492 0  25 1 7 1 2 4 8 16 32 64
 804  752  648 0  42 1 7 1 2 4 8 16 32 64
 805  342   45 0  36 1 7 1 2 4 8 16 32 64
 806    7  476 0  44 1 7 1 2 4 8 16 32 64
 807  354  560 0  97 1 7 1 2 4 8 16 32 64
 808  321  604 0  73 1 7 1 2 4 8 16 32 64
 809  225   72 0  24 1 7 1 2 4 8 16 32 64
 810  265  262 0  30 1 7 1 2 4 8 16 32 64
 811  849  399 0  18 1 7 1 2 4 8 16 32 64
 812  831  268 0  84 1 7 1 2 4 8 16 32 64
 813  461  602 0  19 1 7 1 2 4 8 16 32 64
 814  848  928 0  95 1 7 1 2 4 8 16 32 64
 815  558  804 0  16 1 7 1 2 4 8 16 32 64
 816  886   89 0  84 1 7 1 2 4 8 16 32 64
 817   92   55 0  17 1 7 1 2 4 8 16 32 64
 818  541  420 0  87 1 7 1 2 4 8 16 32 64
 819  197   31 0  89 1 7 1 2 4 8 16 32 64
 820   45  207 0  17 1 7 1 2 4 8 16 32 64
 821  618  323 0  98 1 7 1 2 4 8 16 32 64
 822  703  601 0  75 1 7 1 2 4 8 16 32 64
 823  921   49 0  36 1 7 1 2 4 8 16 32 64
 824  766  902 0  39 1 7 1 2 4 8 16 32 64
 825  612  715 0  71 1 7 1 2 4 8 16 32 64
 826  493  123 0  50 1 7 1 2 4 8 16 32 64
 827   59  953 0  57 1 7 1 2 4 8 16 32 64
 828  283  771 0  27 1 7 1 2 4 8 16 32 64
 829  741  275 0  80 1 7 1 2 4 8 16 32 64
 830  698  544 0  12 1 7 1 2 4 8 16 32 64
 831  498  962 0  92 1 7 1 2 4 8 16 32 64
 832  285  943 0  21 1 7 1 2 4 8 16 32 64
 833    4 1000 0  92 1 7 1 2 4 8 16 32 64
 834  221  800 0  64 1 7 1 2 4 8 16 32 64
 835  472  315 0  24 1 7 1 2 4 8 16 32 64
 836  175  582 0  37 1 7 1 2 4 8 16 32 64
 837   17  808 0  75 1 7 1 2 4 8 16 32 64
 838  470  197 0  53 1 7 1 2 4 8 16 32 64
 839  995  949 0  57 1 7 1 2 4 8 16 32 64
 840  158  356 0  71 1 7 1 2 4 8 16 32 64
 841  807  635 0  89 1 7 1 2 4 8 16 32 64
 842  310  538 0  92 1 7 1 2 4 8 16 32 64
 843  981   73 0  20 1 7 1 2 4 8 16 32 64
 844  399  557 0  89 1 7 1 2 4 8 16 32 64
 845  541  631 0  81 1 7 1 2 4 8 16 32 64
 846  213  578 0  64 1 7 1 2 4 8 16 32 64
 847  740  460 0  67 1 7 1 2 4 8 16 32 64
 848  990  216 0  42 1 7 1 2 4 8 16 32 64
 849  820  873 0  62 1 7 1 2 4 8 16 32 64
 850  181  406 0  28 1 7 1 2 4 8 16 32 64
 851  765  932 0  67 1 7 1 2 4 8 16 32 64
 852  793  101 0  35 1 7 1 2 4 8 16 32 64
 853  769  748 0  29 1 7 1 2 4 8 16 32 64
 854  136  589 0  97 1 7 1 2 4 8 16 32 64
 855  907   91 0  88 1 7 1 2 4 8 16 32 64
 856  150  321 0  54 1 7 1 2 4 8 16 32 64
 857  717  921 0  91 1 7 1 2 4 8 16 32 64
 858  390  887 0  59 1 7 1 2 4 8 16 32 64
 859  473  338 0   3 1 7 1 2 4 8 16 32 64
 860   36  202 0  32 1 7 1 2 4 8 16 32 64
 861  690  380 0  80 1 7 1 2 4 8 16 32 64
 862  618  618 0  98 1 7 1 2 4 8 16 32 64
 863  625  591 0  16 1 7 1 2 4 8 16 32 64
 864  545  793 0  35 1 7 1 2 4 8 16 32 64
 865  564   12 0  22 1 7 1 2 4 8 16 32 64
 866  900  184 0  25 1 7 1 2 4 8 16 32 64
 867  829  236 0  89 1 7 1 2 4 8 16 32 64
 868  749  729 0  91 1 7 1 2 4 8 16 32 64
 869  368  705 0  61 1 7 1 2 4 8 16 32 64
 870  504  268 0  75 1 7 1 2 4 8 16 32 64
 871  598  867 0  89 1 7 1 2 4 8 16 32 64
 872  946  886 0   3 1 7 1 2 4 8 16 32 64
 873  466  488 0  73 1 7 1 2 4 8 16 32 64
 874  413  756 0  90 1 7 1 2 4 8 16 32 64
 875  318  808 0  31 1 7 1 2 4 8 16 32 64
 876  500  385 0  56 1 7 1 2 4 8 16 32 64
 877  281  802 0  32 1 7 1 2 4 8 16 32 64
 878  714  151 0  55 1 7 1 2 4 8 16 32 64
 879  301  297 0  17 1 7 1 2 4 8 16 32 64
 880  768  262 0  61 1 7 1 2 4 8 16 32 64
 881  401  870 0  54 1 7 1 2 4 8 16 32 64
 882  530  323 0   6 1 7 1 2 4 8 16 32 64
 883  140  857 0  35 1 7 1 2 4 8 16 32 64
 884  920  603 0  87 1 7 1 2 4 8 16 32 64
 885  842  331 0  57 1 7 1 2 4 8 16 32 64
 886  899  158 0  98 1 7 1 2 4 8 16 32 64
 887   91  629 0  41 1 7 1 2 4 8 16 32 64
 888  348   41 0  78 1 7 1 2 4 8 16 32 64
 889  784   71 0  24 1 7 1 2 4 8 16 32 64
 890  830  669 0  35 1 7 1 2 4 8 16 32 64
 891  960  750 0  41 1 7 1 2 4 8 16 32 64
 892  748  909 0  56 1 7 1 2 4 8 16 32 64
 893  865  609 0  90 1 7 1 2 4 8 16 32 64
 894  541  249 0  69 1 7 1 2 4 8 16 32 64
 895  851  349 0  57 1 7 1 2 4 8 16 32 64
 896  454  732 0  98 1 7 1 2 4 8 16 32 64
 897  355  199 0  57 1 7 1 2 4 8 16 32 64
 898  523  872 0  83 1 7 1 2 4 8 16 32 64
 899  191  773 0  34 1 7 1 2 4 8 16 32 64
 900  391  945 0  12 1 7 1 2 4 8 16 32 64
 901  285  543 0  49 1 7 1 2 4 8 16 32 64
 902  629  816 0  17 1 7 1 2 4 8 16 32 64
 903  112  576 0  88 1 7 1 2 4 8 16 32 64
 904  211  166 0  90 1 7 1 2 4 8 16 32 64
 905  808  250 0  69 1 7 1 2 4 8 16 32 64
 906  631  414 0  99 1 7 1 2 4 8 16 32 64
 907  453  363 0  77 1 7 1 2 4 8 16 32 64
 908  741  374 0  91 1 7 1 2 4 8 16 32 64
 909  217  384 0  11 1 7 1 2 4 8 16 32 64
 910  869  382 0  87 1 7 1 2 4 8 16 32 64
 911  628  186 0  18 1 7 1 2 4 8 16 32 64
 912  126  800 0  25 1 7 1 2 4 8 16 32 64
 913   27  414 0  71 1 7 1 2 4 8 16 32 64
 914  862  108 0  38 1 7 1 2 4 8 16 32 64
 915  114  841 0  50 1 7 1 2 4 8 16 32 64
 916  877  548 0  93 1 7 1 2 4 8 16 32 64
 917  397  129 0  36 1 7 1 2 4 8 16 32 64
 918  587  705 0  61 1 7 1 2 4 8 16 32 64
 919   87  862 0  33 1 7 1 2 4 8 16 32 64
 920  893  983 0  68 1 7 1 2 4 8 16 32 64
 921  621  965 0  92 1 7 1 2 4 8 16 32 64
 922  306  819 0  62 1 7 1 2 4 8 16 32 64
 923  512  618 0  77 1 7 1 2 4 8 16 32 64
 924  205  127 0  57 1 7 1 2 4 8 16 32 64
 925  379  867 0  59 1 7 1 2 4 8 16 32 64
 926  895  771 0  29 1 7 1 2 4 8 16 32 64
 927  362  461 0   7 1 7 1 2 4 8 16 32 64
 928  954  815 0  13 1 7 1 2 4 8 16 32 64
 929  217  756 0  56 1 7 1 2 4 8 16 32 64
 930  925  262 0  66 1 7 1 2 4 8 16 32 64
 931  559  218 0  43 1 7 1 2 4 8 16 32 64
 932  708  267 0  38 1 7 1 2 4 8 16 32 64
 933  984  428 0 100 1 7 1 2 4 8 16 32 64
 934  415   37 0  70 1 7 1 2 4 8 16 32 64
 935  528  917 0  95 1 7 1 2 4 8 16 32 64
 936  921  311 0  62 1 7 1 2 4 8 16 32 64
 937  386  551 0   3 1 7 1 2 4 8 16 32 64
 938   54  605 0  96 1 7 1 2 4 8 16 32 64
 939  963  270 0  98 1 7 1 2 4 8 16 32 64
 940  842  423 0  79 1 7 1 2 4 8 16 32 64
 941  634  971 0   6 1 7 1 2 4 8 16 32 64
 942  787  767 0  75 1 7 1 2 4 8 16 32 64
 943  343  830 0  89 1 7 1 2 4 8 16 32 64
 944   95   95 0  50 1 7 1 2 4 8 16 32 64
 945   18  487 0  61 1 7 1 2 4 8 16 32 64
 946  149   94 0  81 1 7 1 2 4 8 16 32 64
 947   85  797 0 100 1 7 1 2 4 8 16 32 64
 948   65  799 0  67 1 7 1 2 4 8 16 32 64
 949  786  121 0   3 1 7 1 2 4 8 16 32 64
 950  245  961 0  64 1 7 1 2 4 8 16 32 64
 951  780  320 0  86 1 7 1 2 4 8 16 32 64
 952  508  939 0  67 1 7 1 2 4 8 16 32 64
 953  977  153 0  80 1 7 1 2 4 8 16 32 64
 954  318  478 0  59 1 7 1 2 4 8 16 32 64
 955  659  221 0  19 1 7 1 2 4 8 16 32 64
 956  248  374 0  16 1 7 1 2 4 8 16 32 64
 957  514  560 0  87 1 7 1 2 4 8 16 32 64
 958  346   28 0   7 1 7 1 2 4 8 16 32 64
 959  324  731 0  48 1 7 1 2 4 8 16 32 64
 960  184  279 0  22 1 7 1 2 4 8 16 32 64
 961  979  752 0  66 1 7 1 2 4 8 16 32 64
 962  710  461 0  73 1 7 1 2 4 8 16 32 64
 963  243  580 0   8 1 7 1 2 4 8 16 32 64
 964  947  381 0  79 1 7 1 2 4 8 16 32 64
 965  734  268 0  98 1 7 1 2 4 8 16 32 64
 966  977  711 0  83 1 7 1 2 4 8 16 32 64
 967  995  792 0  10 1 7 1 2 4 8 16 32 64
 968    3  372 0  23 1 7 1 2 4 8 16 32 64
 969  903  679 0  26 1 7 1 2 4 8 16 32 64
 970  555  694 0  67 1 7 1 2 4 8 16 32 64
 971  120  639 0  85 1 7 1 2 4 8 16 32 64
 972  327   32 0  87 1 7 1 2 4 8 16 32 64
 973   53  258 0  99 1 7 1 2 4 8 16 32 64
 974  866  988 0  70 1 7 1 2 4 8 16 32 64
 975  440  642 0   6 1 7 1 2 4 8 16 32 64
 976  496  663 0  96 1 7 1 2 4 8 16 32 64
 977  446  836 0  51 1 7 1 2 4 8 16 32 64
 978  687  159 0  42 1 7 1 2 4 8 16 32 64
 979  837  272 0 100 1 7 1 2 4 8 16 32 64
 980  886  557 0  38 1 7 1 2 4 8 16 32 64
 981  354  664 0  86 1 7 1 2 4 8 16 32 64
 982  923  497 0  23 1 7 1 2 4 8 16 32 64
 983  789  845 0  99 1 7 1 2 4 8 16 32 64
 984  200  258 0  87 1 7 1 2 4 8 16 32 64
 985  805  597 0  30 1 7 1 2 4 8 16 32 64
 986  831  146 0  25 1 7 1 2 4 8 16 32 64
 987  226  900 0  39 1 7 1 2 4 8 16 32 64
 988  626  460 0  50 1 7 1 2 4 8 16 32 64
 989   74  721 0  50 1 7 1 2 4 8 16 32 64
 990  998  963 0  13 1 7 1 2 4 8 16 32 64
 991  796  780 0  70 1 7 1 2 4 8 16 32 64
 992  374  850 0  56 1 7 1 2 4 8 16 32 64
 993  102  795 0  90 1 7 1 2 4 8 16 32 64
 994  931  567 0  88 1 7 1 2 4 8 16 32 64
 995  760  653 0  93 1 7 1 2 4 8 16 32 64
 996  990  228 0  95 1 7 1 2 4 8 16 32 64
 997  340  680 0  52 1 7 1 2 4 8 16 32 64
 998   66  894 0   2 1 7 1 2 4 8 16 32 64
 999  881  249 0  47 1 7 1 2 4 8 16 32 64
1000  684  834 0  25 1 7 1 2 4 8 16 32 64
1001  318  409 0  29 1 7 1 2 4 8 16 32 64
1002  156  494 0  86 1 7 1 2 4 8 16 32 64
1003  442  622 0  10 1 7 1 2 4 8 16 32 64
1004  299    4 0  50 1 7 1 2 4 8 16 32 64
1005  213  616 0  33 1 7 1 2 4 8 16 32 64
1006  479  960 0  82 1 7 1 2 4 8 16 32 64
1007  213  481 0  81 1 7 1 2 4 8 16 32 64
1008  804  255 0  32 1 7 1 2 4 8 16 32 64
1009  355  272 0  54 1 7 1 2 4 8 16 32 64
1010  182  917 0  65 1 7 1 2 4 8 16 32 64
1011  613  835 0  74 1 7 1 2 4 8 16 32 64
1012  717  199 0  92 1 7 1 2 4 8 16 32 64
1013  992  220 0  28 1 7 1 2 4 8 16 32 64
1014  988  857 0  80 1 7 1 2 4 8 16 32 64
1015  392  455 0  37 1 7 1 2 4 8 16 32 64
1016  500  497 0  37 1 7 1 2 4 8 16 32 64
1017  867  495 0  26 1 7 1 2 4 8 16 32 64
1018  666  385 0  44 1 7 1 2 4 8 16 32 64
1019  969  556 0  52 1 7 1 2 4 8 16 32 64
1020  398  432 0  98 1 7 1 2 4 8 16 32 64
1021   55  133 0  66 1 7 1 2 4 8 16 32 64
1022  127  815 0  59 1 7 1 2 4 8 16 32 64
1023  874  424 0  65 1 7 1 2 4 8 16 32 64
1024  605  411 0   9 1 7 1 2 4 8 16 32 64
1025  966  288 0  19 1 7 1 2 4 8 16 32 64
1026  984  198 0  70 1 7 1 2 4 8 16 32 64
1027  421  937 0  24 1 7 1 2 4 8 16 32 64
1028  407  131 0   3 1 7 1 2 4 8 16 32 64
1029  489   95 0  92 1 7 1 2 4 8 16 32 64
1030  751  317 0  76 1 7 1 2 4 8 16 32 64
1031  933  935 0  30 1 7 1 2 4 8 16 32 64
1032  452  737 0  75 1 7 1 2 4 8 16 32 64
1033  670  247 0 100 1 7 1 2 4 8 16 32 64
1034  662  950 0  66 1 7 1 2 4 8 16 32 64
1035  869  134 0  60 1 7 1 2 4 8 16 32 64
1036  608  548 0  83 1 7 1 2 4 8 16 32 64
1037  320  923 0  27 1 7 1 2 4 8 16 32 64
1038  721  518 0  39 1 7 1 2 4 8 16 32 64
1039  863  676 0  38 1 7 1 2 4 8 16 32 64
1040  234   58 0  59 1 7 1 2 4 8 16 32 64
1041  704  901 0   5 1 7 1 2 4 8 16 32 64
1042  710    7 0  55 1 7 1 2 4 8 16 32 64
1043  627  242 0  76 1 7 1 2 4 8 16 32 64
1044  623   31 0  71 1 7 1 2 4 8 16 32 64
1045  560  564 0  10 1 7 1 2 4 8 16 32 64
1046  600  300 0  27 1 7 1 2 4 8 16 32 64
1047  447  326 0  35 1 7 1 2 4 8 16 32 64
1048  671  652 0  45 1 7 1 2 4 8 16 32 64
1049  252  645 0   8 1 7 1 2 4 8 16 32 64
1050  863  843 0  36 1 7 1 2 4 8 16 32 64
1051  895  890 0  99 1 7 1 2 4 8 16 32 64
1052  101  859 0  75 1 7 1 2 4 8 16 32 64
1053  307  825 0  32 1 7 1 2 4 8 16 32 64
1054  563  494 0  77 1 7 1 2 4 8 16 32 64
1055  210  839 0  30 1 7 1 2 4 8 16 32 64
1056  721  538 0  62 1 7 1 2 4 8 16 32 64
1057   95  303 0  44 1 7 1 2 4 8 16 32 64
1058  928  904 0  82 1 7 1 2 4 8 16 32 64
1059  586  342 0  68 1 7 1 2 4 8 16 32 64
1060  903  627 0  79 1 7 1 2 4 8 16 32 64
1061  855  371 0  31 1 7 1 2 4 8 16 32 64
1062  353 1000 0  19 1 7 1 2 4 8 16 32 64
1063   73  609 0  15 1 7 1 2 4 8 16 32 64
1064  208  933 0  34 1 7 1 2 4 8 16 32 64
1065  454  137 0  37 1 7 1 2 4 8 16 32 64
1066  673  211 0  38 1 7 1 2 4 8 16 32 64
1067  850  789 0  40 1 7 1 2 4 8 16 32 64
1068  929  207 0  91 1 7 1 2 4 8 16 32 64
1069  203  747 0  81 1 7 1 2 4 8 16 32 64
1070  750   22 0  64 1 7 1 2 4 8 16 32 64
1071  685  630 0  19 1 7 1 2 4 8 16 32 64
1072  493   48 0  31 1 7 1 2 4 8 16 32 64
1073  296   63 0   1 1 7 1 2 4 8 16 32 64
1074  591  704 0  24 1 7 1 2 4 8 16 32 64
1075  172  904 0  63 1 7 1 2 4 8 16 32 64
1076  577  571 0  56 1 7 1 2 4 8 16 32 64
1077  521  669 0  59 1 7 1 2 4 8 16 32 64
1078  861  591 0   8 1 7 1 2 4 8 16 32 64
1079  894   86 0  37 1 7 1 2 4 8 16 32 64
1080  300  366 0   7 1 7 1 2 4 8 16 32 64
1081  334  650 0  49 1 7 1 2 4 8 16 32 64
1082  313  828 0  29 1 7 1 2 4 8 16 32 64
1083  629   97 0  26 1 7 1 2 4 8 16 32 64
1084  719  252 0  88 1 7 1 2 4 8 16 32 64
1085  788  909 0  63 1 7 1 2 4 8 16 32 64
1086  724  335 0  26 1 7 1 2 4 8 16 32 64
1087  190  914 0  38 1 7 1 2 4 8 16 32 64
1088   65  925 0   8 1 7 1 2 4 8 16 32 64
1089  595  693 0   5 1 7 1 2 4 8 16 32 64
1090   41  360 0  12 1 7 1 2 4 8 16 32 64
1091  201  312 0  31 1 7 1 2 4 8 16 32 64
1092  995  430 0   1 1 7 1 2 4 8 16 32 64
1093  197  710 0  43 1 7 1 2 4 8 16 32 64
1094   59  950 0  23 1 7 1 2 4 8 16 32 64
1095  676  716 0  64 1 7 1 2 4 8 16 32 64
1096  657  221 0  68 1 7 1 2 4 8 16 32 64
1097  881  387 0  49 1 7 1 2 4 8 16 32 64
1098  674  257 0  24 1 7 1 2 4 8 16 32 64
1099  923  795 0  72 1 7 1 2 4 8 16 32 64
1100  341   29 0  98 1 7 1 2 4 8 16 32 64
1101  537  849 0  44 1 7 1 2 4 8 16 32 64
1102  827  612 0  95 1 7 1 2 4 8 16 32 64
1103  696  315 0  83 1 7 1 2 4 8 16 32 64
1104   97   76 0  67 1 7 1 2 4 8 16 32 64
1105  326  466 0   1 1 7 1 2 4 8 16 32 64
1106  108  829 0  59 1 7 1 2 4 8 16 32 64
1107  609  696 0  67 1 7 1 2 4 8 16 32 64
1108  758   83 0  29 1 7 1 2 4 8 16 32 64
1109  247  510 0  25 1 7 1 2 4 8 16 32 64
1110  571  781 0  33 1 7 1 2 4 8 16 32 64
1111  518  195 0  24 1 7 1 2 4 8 16 32 64
1112  989  470 0   1 1 7 1 2 4 8 16 32 64
1113  236  851 0  32 1 7 1 2 4 8 16 32 64
1114  396  122 0  27 1 7 1 2 4 8 16 32 64
1115  614  271 0  46 1 7 1 2 4 8 16 32 64
1116  682  469 0  71 1 7 1 2 4 8 16 32 64
1117  626  881 0  85 1 7 1 2 4 8 16 32 64
1118  117  958 0  37 1 7 1 2 4 8 16 32 64
1119  716    0 0   2 1 7 1 2 4 8 16 32 64
1120  540  293 0  95 1 7 1 2 4 8 16 32 64
1121  768  631 0  86 1 7 1 2 4 8 16 32 64
1122  302  815 0  30 1 7 1 2 4 8 16 32 64
1123  340  175 0  36 1 7 1 2 4 8 16 32 64
1124  791  132 0  50 1 7 1 2 4 8 16 32 64
1125  370  674 0  11 1 7 1 2 4 8 16 32 64
1126  694  841 0  24 1 7 1 2 4 8 16 32 64
1127  457  981 0  10 1 7 1 2 4 8 16 32 64
1128  812  863 0  36 1 7 1 2 4 8 16 32 64
1129  369  853 0  44 1 7 1 2 4 8 16 32 64
1130  628  912 0  19 1 7 1 2 4 8 16 32 64
1131  496  925 0  35 1 7 1 2 4 8 16 32 64
1132  370  595 0  38 1 7 1 2 4 8 16 32 64
1133    6  541 0  88 1 7 1 2 4 8 16 32 64
1134  209  938 0  56 1 7 1 2 4 8 16 32 64
1135   25  472 0  90 1 7 1 2 4 8 16 32 64
1136  217  190 0  21 1 7 1 2 4 8 16 32 64
1137  274  776 0  71 1 7 1 2 4 8 16 32 64
1138  245  807 0  23 1 7 1 2 4 8 16 32 64
1139  228   59 0  86 1 7 1 2 4 8 16 32 64
1140  557  390 0  19 1 7 1 2 4 8 16 32 64
1141  769  461 0  51 1 7 1 2 4 8 16 32 64
1142  666  241 0  52 1 7 1 2 4 8 16 32 64
1143  684  901 0  56 1 7 1 2 4 8 16 32 64
1144  814  607 0   4 1 7 1 2 4 8 16 32 64
1145  782  359 0   7 1 7 1 2 4 8 16 32 64
1146  361  727 0  85 1 7 1 2 4 8 16 32 64
1147  723   95 0  95 1 7 1 2 4 8 16 32 64
1148  583  631 0  11 1 7 1 2 4 8 16 32 64
1149   91   67 0  35 1 7 1 2 4 8 16 32 64
1150   54  226 0  19 1 7 1 2 4 8 16 32 64
1151  245  396 0  43 1 7 1 2 4 8 16 32 64
1152  363  408 0  79 1 7 1 2 4 8 16 32 64
1153  669  383 0  65 1 7 1 2 4 8 16 32 64
1154  496  641 0  96 1 7 1 2 4 8 16 32 64
1155  302  150 0  64 1 7 1 2 4 8 16 32 64
1156  485  322 0  98 1 7 1 2 4 8 16 32 64
1157  527  919 0  42 1 7 1 2 4 8 16 32 64
1158  342  748 0  31 1 7 1 2 4 8 16 32 64
1159  357  176 0  56 1 7 1 2 4 8 16 32 64
1160  829  454 0  96 1 7 1 2 4 8 16 32 64
1161  400  540 0  37 1 7 1 2 4 8 16 32 64
1162  394  810 0  46 1 7 1 2 4 8 16 32 64
1163  287  113 0   4 1 7 1 2 4 8 16 32 64
1164  703  444 0  80 1 7 1 2 4 8 16 32 64
1165  724  180 0   2 1 7 1 2 4 8 16 32 64
1166  535  433 0  38 1 7 1 2 4 8 16 32 64
1167  726  871 0   6 1 7 1 2 4 8 16 32 64
1168  811  467 0  84 1 7 1 2 4 8 16 32 64
1169  260  546 0  87 1 7 1 2 4 8 16 32 64
1170  509  427 0  58 1 7 1 2 4 8 16 32 64
1171  648  707 0  88 1 7 1 2 4 8 16 32 64
1172  925  862 0  74 1 7 1 2 4 8 16 32 64
1173  626   32 0  43 1 7 1 2 4 8 16 32 64
1174  406  802 0   4 1 7 1 2 4 8 16 32 64
1175  692  611 0   6 1 7 1 2 4 8 16 32 64
1176  956  356 0  75 1 7 1 2 4 8 16 32 64
1177  372  965 0  43 1 7 1 2 4 8 16 32 64
1178  713  333 0  81 1 7 1 2 4 8 16 32 64
1179  899  417 0  44 1 7 1 2 4 8 16 32 64
1180  575  600 0  75 1 7 1 2 4 8 16 32 64
1181  869  319 0  61 1 7 1 2 4 8 16 32 64
1182  949  973 0  26 1 7 1 2 4 8 16 32 64
1183  481  419 0  32 1 7 1 2 4 8 16 32 64
1184   81  885 0  43 1 7 1 2 4 8 16 32 64
1185  971  271 0  90 1 7 1 2 4 8 16 32 64
1186  888  829 0  48 1 7 1 2 4 8 16 32 64
1187  105  982 0  55 1 7 1 2 4 8 16 32 64
1188  800  419 0  10 1 7 1 2 4 8 16 32 64
1189  881  518 0  51 1 7 1 2 4 8 16 32 64
1190  268  857 0  33 1 7 1 2 4 8 16 32 64
1191  478  308 0  83 1 7 1 2 4 8 16 32 64
1192  525  413 0  20 1 7 1 2 4 8 16 32 64
1193  499  714 0  19 1 7 1 2 4 8 16 32 64
1194    6  537 0  94 1 7 1 2 4 8 16 32 64
1195  709  680 0  25 1 7 1 2 4 8 16 32 64
1196  265  606 0  36 1 7 1 2 4 8 16 32 64
1197  608  309 0   4 1 7 1 2 4 8 16 32 64
1198   13  610 0  14 1 7 1 2 4 8 16 32 64
1199  915  906 0  83 1 7 1 2 4 8 16 32 64
1200  651  347 0  92 1 7 1 2 4 8 16 32 64
1201  183  395 0  54 1 7 1 2 4 8 16 32 64
1202  184  385 0  74 1 7 1 2 4 8 16 32 64
1203  831  904 0  58 1 7 1 2 4 8 16 32 64
1204  563  343 0  59 1 7 1 2 4 8 16 32 64
1205  623  680 0  96 1 7 1 2 4 8 16 32 64
1206  436  726 0  48 1 7 1 2 4 8 16 32 64
1207   39  379 0  15 1 7 1 2 4 8 16 32 64
1208  249  554 0  82 1 7 1 2 4 8 16 32 64
1209  192  703 0  85 1 7 1 2 4 8 16 32 64
1210  735  207 0  87 1 7 1 2 4 8 16 32 64
1211  152  926 0  90 1 7 1 2 4 8 16 32 64
1212  819  318 0  78 1 7 1 2 4 8 16 32 64
1213  288  849 0  30 1 7 1 2 4 8 16 32 64
1214  779  800 0   9 1 7 1 2 4 8 16 32 64
1215  693  642 0   3 1 7 1 2 4 8 16 32 64
1216  329  148 0  94 1 7 1 2 4 8 16 32 64
1217  697  855 0  19 1 7 1 2 4 8 16 32 64
1218  201  961 0  82 1 7 1 2 4 8 16 32 64
1219   73  278 0  72 1 7 1 2 4 8 16 32 64
1220  426  515 0  40 1 7 1 2 4 8 16 32 64
1221  983  937 0   9 1 7 1 2 4 8 16 32 64
1222  481  489 0  36 1 7 1 2 4 8 16 32 64
1223  487  387 0  83 1 7 1 2 4 8 16 32 64
1224  987  792 0   1 1 7 1 2 4 8 16 32 64
1225  440  315 0  44 1 7 1 2 4 8 16 32 64
1226  729  939 0  43 1 7 1 2 4 8 16 32 64
1227  334  236 0  37 1 7 1 2 4 8 16 32 64
1228  824  318 0  39 1 7 1 2 4 8 16 32 64
1229  738  819 0  60 1 7 1 2 4 8 16 32 64
1230  773  482 0  81 1 7 1 2 4 8 16 32 64
1231  928  617 0  75 1 7 1 2 4 8 16 32 64
1232  274  343 0  20 1 7 1 2 4 8 16 32 64
1233  516  435 0  83 1 7 1 2 4 8 16 32 64
1234  403  572 0  75 1 7 1 2 4 8 16 32 64
1235  668   54 0   7 1 7 1 2 4 8 16 32 64
1236   72  212 0  89 1 7 1 2 4 8 16 32 64
1237  702  391 0  71 1 7 1 2 4 8 16 32 64
1238  319  733 0   9 1 7 1 2 4 8 16 32 64
1239  942  430 0  54 1 7 1 2 4 8 16 32 64
1240  933   89 0  29 1 7 1 2 4 8 16 32 64
1241  185  506 0  49 1 7 1 2 4 8 16 32 64
1242  872  147 0  52 1 7 1 2 4 8 16 32 64
1243  613  192 0  77 1 7 1 2 4 8 16 32 64
1244  726  212 0  64 1 7 1 2 4 8 16 32 64
1245  725  197 0  62 1 7 1 2 4 8 16 32 64
1246  366  300 0  50 1 7 1 2 4 8 16 32 64
1247  383   14 0  24 1 7 1 2 4 8 16 32 64
1248  858  602 0  83 1 7 1 2 4 8 16 32 64
1249  670  994 0  83 1 7 1 2 4 8 16 32 64
1250  551  710 0  79 1 7 1 2 4 8 16 32 64
1251  718  430 0   4 1 7 1 2 4 8 16 32 64
1252  166  918 0  22 1 7 1 2 4 8 16 32 64
1253  681  824 0  12 1 7 1 2 4 8 16 32 64
1254  454  503 0  72 1 7 1 2 4 8 16 32 64
1255  404  235 0  43 1 7 1 2 4 8 16 32 64
1256   49  731 0  74 1 7 1 2 4 8 16 32 64
1257  198  166 0   1 1 7 1 2 4 8 16 32 64
1258   64  779 0 100 1 7 1 2 4 8 16 32 64
1259  979  303 0   4 1 7 1 2 4 8 16 32 64
1260  767  869 0  90 1 7 1 2 4 8 16 32 64
1261  699  632 0  17 1 7 1 2 4 8 16 32 64
1262  922  225 0  82 1 7 1 2 4 8 16 32 64
1263  829   20 0  18 1 7 1 2 4 8 16 32 64
1264  576   28 0  83 1 7 1 2 4 8 16 32 64
1265  361  553 0  59 1 7 1 2 4 8 16 32 64
1266  853  561 0  98 1 7 1 2 4 8 16 32 64
1267  926  951 0  36 1 7 1 2 4 8 16 32 64
1268    2  781 0  82 1 7 1 2 4 8 16 32 64
1269  735  334 0  83 1 7 1 2 4 8 16 32 64
1270  724  690 0  14 1 7 1 2 4 8 16 32 64
1271   67  106 0  13 1 7 1 2 4 8 16 32 64
1272  223  565 0  42 1 7 1 2 4 8 16 32 64
1273  553    1 0  61 1 7 1 2 4 8 16 32 64
1274  609  669 0  85 1 7 1 2 4 8 16 32 64
1275  302  366 0  74 1 7 1 2 4 8 16 32 64
1276  943  586 0  20 1 7 1 2 4 8 16 32 64
1277  891  316 0  47 1 7 1 2 4 8 16 32 64
1278  666  591 0  52 1 7 1 2 4 8 16 32 64
1279  468  868 0  24 1 7 1 2 4 8 16 32 64
1280  363  923 0  11 1 7 1 2 4 8 16 32 64
1281  996  745 0  87 1 7 1 2 4 8 16 32 64
1282  807  188 0  91 1 7 1 2 4 8 16 32 64
1283  475  870 0  71 1 7 1 2 4 8 16 32 64
1284  283  694 0  76 1 7 1 2 4 8 16 32 64
1285   11  979 0  36 1 7 1 2 4 8 16 32 64
1286  984  329 0  33 1 7 1 2 4 8 16 32 64
1287  260   99 0  50 1 7 1 2 4 8 16 32 64
1288  511  582 0  65 1 7 1 2 4 8 16 32 64
1289  846  789 0  26 1 7 1 2 4 8 16 32 64
1290  606  952 0  30 1 7 1 2 4 8 16 32 64
1291  749  577 0  95 1 7 1 2 4 8 16 32 64
1292  269  544 0  76 1 7 1 2 4 8 16 32 64
1293  477  827 0  14 1 7 1 2 4 8 16 32 64
1294  138  618 0  12 1 7 1 2 4 8 16 32 64
1295  106  109 0  41 1 7 1 2 4 8 16 32 64
1296  792  851 0  25 1 7 1 2 4 8 16 32 64
1297  521  555 0  65 1 7 1 2 4 8 16 32 64
1298  798  369 0  47 1 7 1 2 4 8 16 32 64
1299  722  360 0  62 1 7 1 2 4 8 16 32 64
1300  486  118 0  94 1 7 1 2 4 8 16 32 64
1301  372   15 0   6 1 7 1 2 4 8 16 32 64
1302  769   84 0  56 1 7 1 2 4 8 16 32 64
1303  461  556 0  67 1 7 1 2 4 8 16 32 64
1304  139  948 0  36 1 7 1 2 4 8 16 32 64
1305  970  855 0  99 1 7 1 2 4 8 16 32 64
1306  902  382 0  85 1 7 1 2 4 8 16 32 64
1307  673  397 0  68 1 7 1 2 4 8 16 32 64
1308  887  265 0   9 1 7 1 2 4 8 16 32 64
1309  571  886 0   2 1 7 1 2 4 8 16 32 64
1310  392  820 0  57 1 7 1 2 4 8 16 32 64
1311  242  848 0  77 1 7 1 2 4 8 16 32 64
1312  347  871 0   4 1 7 1 2 4 8 16 32 64
1313  183  991 0  72 1 7 1 2 4 8 16 32 64
1314  843  636 0  59 1 7 1 2 4 8 16 32 64
1315  222  864 0  27 1 7 1 2 4 8 16 32 64
1316  586  815 0  28 1 7 1 2 4 8 16 32 64
1317  865  496 0  76 1 7 1 2 4 8 16 32 64
1318  792  657 0  20 1 7 1 2 4 8 16 32 64
1319  563  325 0  46 1 7 1 2 4 8 16 32 64
1320  121   24 0  38 1 7 1 2 4 8 16 32 64
1321  945  351 0  72 1 7 1 2 4 8 16 32 64
1322  651  816 0  10 1 7 1 2 4 8 16 32 64
1323  663  952 0  78 1 7 1 2 4 8 16 32 64
1324  875   58 0   2 1 7 1 2 4 8 16 32 64
1325  635  737 0  54 1 7 1 2 4 8 16 32 64
1326  654  321 0  42 1 7 1 2 4 8 16 32 64
1327  314  214 0  49 1 7 1 2 4 8 16 32 64
1328    6  109 0  64 1 7 1 2 4 8 16 32 64
1329  645  733 0   8 1 7 1 2 4 8 16 32 64
1330  584  810 0  11 1 7 1 2 4 8 16 32 64
1331  766  631 0  96 1 7 1 2 4 8 16 32 64
1332  365  673 0  24 1 7 1 2 4 8 16 32 64
1333  510  758 0  93 1 7 1 2 4 8 16 32 64
1334  294  562 0  21 1 7 1 2 4 8 16 32 64
1335  588  606 0  27 1 7 1 2 4 8 16 32 64
1336  671  228 0  68 1 7 1 2 4 8 16 32 64
1337  191  564 0  56 1 7 1 2 4 8 16 32 64
1338  338  104 0  37 1 7 1 2 4 8 16 32 64
1339  555  762 0  98 1 7 1 2 4 8 16 32 64
1340  472  411 0  86 1 7 1 2 4 8 16 32 64
1341  739  898 0  47 1 7 1 2 4 8 16 32 64
1342  568  661 0  49 1 7 1 2 4 8 16 32 64
1343  138  816 0  28 1 7 1 2 4 8 16 32 64
1344  512  805 0  87 1 7 1 2 4 8 16 32 64
1345  902  126 0  98 1 7 1 2 4 8 16 32 64
1346  298  451 0  72 1 7 1 2 4 8 16 32 64
1347  194  729 0  59 1 7 1 2 4 8 16 32 64
1348  235  940 0  87 1 7 1 2 4 8 16 32 64
1349  839  496 0  58 1 7 1 2 4 8 16 32 64
1350  184  413 0  30 1 7 1 2 4 8 16 32 64
1351  783  908 0  55 1 7 1 2 4 8 16 32 64
1352  512  911 0  54 1 7 1 2 4 8 16 32 64
1353  915  973 0  76 1 7 1 2 4 8 16 32 64
1354  801  749 0  56 1 7 1 2 4 8 16 32 64
1355  996  968 0  64 1 7 1 2 4 8 16 32 64
1356  415  978 0  15 1 7 1 2 4 8 16 32 64
1357  239  629 0  21 1 7 1 2 4 8 16 32 64
1358  971  718 0  49 1 7 1 2 4 8 16 32 64
1359  138  430 0  37 1 7 1 2 4 8 16 32 64
1360  675  427 0  62 1 7 1 2 4 8 16 32 64
1361  604  652 0  30 1 7 1 2 4 8 16 32 64
1362   47  987 0  84 1 7 1 2 4 8 16 32 64
1363  708  163 0  57 1 7 1 2 4 8 16 32 64
1364   52  571 0  93 1 7 1 2 4 8 16 32 64
1365  526 1000 0  38 1 7 1 2 4 8 16 32 64
1366   63  614 0  45 1 7 1 2 4 8 16 32 64
1367  774  759 0  57 1 7 1 2 4 8 16 32 64
1368  965  681 0  49 1 7 1 2 4 8 16 32 64
1369  487  142 0  99 1 7 1 2 4 8 16 32 64
1370  394  177 0   0 0 0
1371  746  912 0   0 0 0
1372  170  157 0   0 0 0
1373  977  779 0   0 0 0
1374   59  957 0   0 0 0
1375   44  901 0   0 0 0
1376  274  711 0   0 0 0
