2 111 1393 9
0 245
0 245
0 245
0 245
0 245
0 245
0 245
0 245
0 245
   1  778 779 0   7 1 9 1 2 4 8 16 32 64 128 256
   2  132 588 0  60 1 9 1 2 4 8 16 32 64 128 256
   3  151  24 0  12 1 9 1 2 4 8 16 32 64 128 256
   4  564 270 0  55 1 9 1 2 4 8 16 32 64 128 256
   5  656 820 0  78 1 9 1 2 4 8 16 32 64 128 256
   6  981 233 0  90 1 9 1 2 4 8 16 32 64 128 256
   7  787 933 0  50 1 9 1 2 4 8 16 32 64 128 256
   8  432 704 0  53 1 9 1 2 4 8 16 32 64 128 256
   9  843 846 0  96 1 9 1 2 4 8 16 32 64 128 256
  10  551 302 0  43 1 9 1 2 4 8 16 32 64 128 256
  11   74 760 0  37 1 9 1 2 4 8 16 32 64 128 256
  12  653 316 0   3 1 9 1 2 4 8 16 32 64 128 256
  13  726 753 0  58 1 9 1 2 4 8 16 32 64 128 256
  14  467 341 0  70 1 9 1 2 4 8 16 32 64 128 256
  15  364  43 0  37 1 9 1 2 4 8 16 32 64 128 256
  16  883 698 0  60 1 9 1 2 4 8 16 32 64 128 256
  17  578 698 0  88 1 9 1 2 4 8 16 32 64 128 256
  18  904 719 0  71 1 9 1 2 4 8 16 32 64 128 256
  19  762 121 0  15 1 9 1 2 4 8 16 32 64 128 256
  20  751 133 0  19 1 9 1 2 4 8 16 32 64 128 256
  21  720 609 0  79 1 9 1 2 4 8 16 32 64 128 256
  22  760 147 0  91 1 9 1 2 4 8 16 32 64 128 256
  23  557 667 0  83 1 9 1 2 4 8 16 32 64 128 256
  24  418  68 0  80 1 9 1 2 4 8 16 32 64 128 256
  25  486 605 0  84 1 9 1 2 4 8 16 32 64 128 256
  26  734 501 0  79 1 9 1 2 4 8 16 32 64 128 256
  27   84  41 0  24 1 9 1 2 4 8 16 32 64 128 256
  28  342 662 0  15 1 9 1 2 4 8 16 32 64 128 256
  29   59 709 0  16 1 9 1 2 4 8 16 32 64 128 256
  30  146 304 0  63 1 9 1 2 4 8 16 32 64 128 256
  31  874 698 0  59 1 9 1 2 4 8 16 32 64 128 256
  32  730 250 0  66 1 9 1 2 4 8 16 32 64 128 256
  33  653 297 0  95 1 9 1 2 4 8 16 32 64 128 256
  34  899 822 0  11 1 9 1 2 4 8 16 32 64 128 256
  35  754 538 0  29 1 9 1 2 4 8 16 32 64 128 256
  36  346 720 0  18 1 9 1 2 4 8 16 32 64 128 256
  37  136 468 0   5 1 9 1 2 4 8 16 32 64 128 256
  38   82 408 0  20 1 9 1 2 4 8 16 32 64 128 256
  39   53 480 0  75 1 9 1 2 4 8 16 32 64 128 256
  40  332  13 0  51 1 9 1 2 4 8 16 32 64 128 256
  41  747 910 0  15 1 9 1 2 4 8 16 32 64 128 256
  42  103 495 0  69 1 9 1 2 4 8 16 32 64 128 256
  43  816 608 0  40 1 9 1 2 4 8 16 32 64 128 256
  44  743 131 0  37 1 9 1 2 4 8 16 32 64 128 256
  45  521 767 0  40 1 9 1 2 4 8 16 32 64 128 256
  46  279 370 0  35 1 9 1 2 4 8 16 32 64 128 256
  47  694 478 0  95 1 9 1 2 4 8 16 32 64 128 256
  48  929 858 0   3 1 9 1 2 4 8 16 32 64 128 256
  49  647 125 0  67 1 9 1 2 4 8 16 32 64 128 256
  50  815 935 0  32 1 9 1 2 4 8 16 32 64 128 256
  51  372 676 0  20 1 9 1 2 4 8 16 32 64 128 256
  52  272 611 0  88 1 9 1 2 4 8 16 32 64 128 256
  53  136 908 0  58 1 9 1 2 4 8 16 32 64 128 256
  54   52 872 0  82 1 9 1 2 4 8 16 32 64 128 256
  55  704 472 0  43 1 9 1 2 4 8 16 32 64 128 256
  56  762 936 0  33 1 9 1 2 4 8 16 32 64 128 256
  57  199 378 0  23 1 9 1 2 4 8 16 32 64 128 256
  58  321  71 0  51 1 9 1 2 4 8 16 32 64 128 256
  59  588 281 0   6 1 9 1 2 4 8 16 32 64 128 256
  60   16  19 0  36 1 9 1 2 4 8 16 32 64 128 256
  61  341 806 0  55 1 9 1 2 4 8 16 32 64 128 256
  62  136 615 0  97 1 9 1 2 4 8 16 32 64 128 256
  63  668 555 0  39 1 9 1 2 4 8 16 32 64 128 256
  64  849 535 0  12 1 9 1 2 4 8 16 32 64 128 256
  65  662  20 0  68 1 9 1 2 4 8 16 32 64 128 256
  66  120 376 0  90 1 9 1 2 4 8 16 32 64 128 256
  67  950 497 0  66 1 9 1 2 4 8 16 32 64 128 256
  68  509 415 0  16 1 9 1 2 4 8 16 32 64 128 256
  69  479 318 0   4 1 9 1 2 4 8 16 32 64 128 256
  70  328 267 0  41 1 9 1 2 4 8 16 32 64 128 256
  71  469 495 0  95 1 9 1 2 4 8 16 32 64 128 256
  72  676 132 0   2 1 9 1 2 4 8 16 32 64 128 256
  73  304 829 0  27 1 9 1 2 4 8 16 32 64 128 256
  74   29 873 0  70 1 9 1 2 4 8 16 32 64 128 256
  75  887 331 0  86 1 9 1 2 4 8 16 32 64 128 256
  76  170 223 0  58 1 9 1 2 4 8 16 32 64 128 256
  77  198  73 0  71 1 9 1 2 4 8 16 32 64 128 256
  78  889 956 0  56 1 9 1 2 4 8 16 32 64 128 256
  79  584 574 0  83 1 9 1 2 4 8 16 32 64 128 256
  80  267 584 0  20 1 9 1 2 4 8 16 32 64 128 256
  81  133 840 0  97 1 9 1 2 4 8 16 32 64 128 256
  82  231 602 0  97 1 9 1 2 4 8 16 32 64 128 256
  83  363 190 0  76 1 9 1 2 4 8 16 32 64 128 256
  84  518 851 0  10 1 9 1 2 4 8 16 32 64 128 256
  85  586 914 0  85 1 9 1 2 4 8 16 32 64 128 256
  86  237 624 0  84 1 9 1 2 4 8 16 32 64 128 256
  87    3 529 0  65 1 9 1 2 4 8 16 32 64 128 256
  88  909 121 0   1 1 9 1 2 4 8 16 32 64 128 256
  89  769 477 0  68 1 9 1 2 4 8 16 32 64 128 256
  90  745 145 0  30 1 9 1 2 4 8 16 32 64 128 256
  91  431 932 0  32 1 9 1 2 4 8 16 32 64 128 256
  92  941 721 0  76 1 9 1 2 4 8 16 32 64 128 256
  93   61 270 0  84 1 9 1 2 4 8 16 32 64 128 256
  94    7 318 0  51 1 9 1 2 4 8 16 32 64 128 256
  95  429 254 0  87 1 9 1 2 4 8 16 32 64 128 256
  96  631 499 0  52 1 9 1 2 4 8 16 32 64 128 256
  97  223   6 0  22 1 9 1 2 4 8 16 32 64 128 256
  98  334 972 0   9 1 9 1 2 4 8 16 32 64 128 256
  99  501 672 0  46 1 9 1 2 4 8 16 32 64 128 256
 100  405 971 0   1 1 9 1 2 4 8 16 32 64 128 256
 101  809  51 0  97 1 9 1 2 4 8 16 32 64 128 256
 102  197 518 0  10 1 9 1 2 4 8 16 32 64 128 256
 103  660 321 0  95 1 9 1 2 4 8 16 32 64 128 256
 104   56 194 0  74 1 9 1 2 4 8 16 32 64 128 256
 105   11 238 0  38 1 9 1 2 4 8 16 32 64 128 256
 106  758 288 0  57 1 9 1 2 4 8 16 32 64 128 256
 107  438 791 0  21 1 9 1 2 4 8 16 32 64 128 256
 108  889 674 0  82 1 9 1 2 4 8 16 32 64 128 256
 109  625 258 0  72 1 9 1 2 4 8 16 32 64 128 256
 110  310 417 0  52 1 9 1 2 4 8 16 32 64 128 256
 111  227 136 0  92 1 9 1 2 4 8 16 32 64 128 256
 112   21 399 0  11 1 9 1 2 4 8 16 32 64 128 256
 113    3 285 0  22 1 9 1 2 4 8 16 32 64 128 256
 114  550 867 0  59 1 9 1 2 4 8 16 32 64 128 256
 115   24 676 0  97 1 9 1 2 4 8 16 32 64 128 256
 116   32 225 0   6 1 9 1 2 4 8 16 32 64 128 256
 117  619   4 0  85 1 9 1 2 4 8 16 32 64 128 256
 118   54 867 0  53 1 9 1 2 4 8 16 32 64 128 256
 119  853 770 0  49 1 9 1 2 4 8 16 32 64 128 256
 120  449 156 0   7 1 9 1 2 4 8 16 32 64 128 256
 121  875 262 0  77 1 9 1 2 4 8 16 32 64 128 256
 122  711 305 0  92 1 9 1 2 4 8 16 32 64 128 256
 123  969 554 0  54 1 9 1 2 4 8 16 32 64 128 256
 124  206 543 0   5 1 9 1 2 4 8 16 32 64 128 256
 125  819 572 0  92 1 9 1 2 4 8 16 32 64 128 256
 126  661 593 0  34 1 9 1 2 4 8 16 32 64 128 256
 127   29  42 0  45 1 9 1 2 4 8 16 32 64 128 256
 128   39 124 0  36 1 9 1 2 4 8 16 32 64 128 256
 129  175 487 0  52 1 9 1 2 4 8 16 32 64 128 256
 130  196 794 0   6 1 9 1 2 4 8 16 32 64 128 256
 131  362 717 0  77 1 9 1 2 4 8 16 32 64 128 256
 132  774  23 0  93 1 9 1 2 4 8 16 32 64 128 256
 133  265 758 0  59 1 9 1 2 4 8 16 32 64 128 256
 134  233 401 0  12 1 9 1 2 4 8 16 32 64 128 256
 135  402 804 0  54 1 9 1 2 4 8 16 32 64 128 256
 136  373 612 0  95 1 9 1 2 4 8 16 32 64 128 256
 137  224  69 0  75 1 9 1 2 4 8 16 32 64 128 256
 138  914 167 0  82 1 9 1 2 4 8 16 32 64 128 256
 139  304 575 0  29 1 9 1 2 4 8 16 32 64 128 256
 140  619 183 0  70 1 9 1 2 4 8 16 32 64 128 256
 141  234 456 0  48 1 9 1 2 4 8 16 32 64 128 256
 142   50 440 0  64 1 9 1 2 4 8 16 32 64 128 256
 143  301 950 0  67 1 9 1 2 4 8 16 32 64 128 256
 144  846 737 0 100 1 9 1 2 4 8 16 32 64 128 256
 145  283 518 0  96 1 9 1 2 4 8 16 32 64 128 256
 146  588 855 0  85 1 9 1 2 4 8 16 32 64 128 256
 147  566 496 0   4 1 9 1 2 4 8 16 32 64 128 256
 148  461 402 0  16 1 9 1 2 4 8 16 32 64 128 256
 149  782 568 0  41 1 9 1 2 4 8 16 32 64 128 256
 150  798 994 0  46 1 9 1 2 4 8 16 32 64 128 256
 151  719 134 0   5 1 9 1 2 4 8 16 32 64 128 256
 152  432 741 0  79 1 9 1 2 4 8 16 32 64 128 256
 153  109 529 0  88 1 9 1 2 4 8 16 32 64 128 256
 154  148 227 0 100 1 9 1 2 4 8 16 32 64 128 256
 155  687 472 0  19 1 9 1 2 4 8 16 32 64 128 256
 156  539 846 0  95 1 9 1 2 4 8 16 32 64 128 256
 157  394 679 0  95 1 9 1 2 4 8 16 32 64 128 256
 158  860 800 0  32 1 9 1 2 4 8 16 32 64 128 256
 159  133 992 0  32 1 9 1 2 4 8 16 32 64 128 256
 160  341 851 0  42 1 9 1 2 4 8 16 32 64 128 256
 161  834 418 0 100 1 9 1 2 4 8 16 32 64 128 256
 162   22 202 0  86 1 9 1 2 4 8 16 32 64 128 256
 163  913 999 0  59 1 9 1 2 4 8 16 32 64 128 256
 164   89 124 0  75 1 9 1 2 4 8 16 32 64 128 256
 165  296 898 0  67 1 9 1 2 4 8 16 32 64 128 256
 166  452 840 0  49 1 9 1 2 4 8 16 32 64 128 256
 167 1000 414 0  65 1 9 1 2 4 8 16 32 64 128 256
 168  125 425 0  29 1 9 1 2 4 8 16 32 64 128 256
 169  937  74 0  81 1 9 1 2 4 8 16 32 64 128 256
 170  251 997 0  91 1 9 1 2 4 8 16 32 64 128 256
 171  508  91 0  68 1 9 1 2 4 8 16 32 64 128 256
 172  109 617 0   9 1 9 1 2 4 8 16 32 64 128 256
 173  292 368 0  62 1 9 1 2 4 8 16 32 64 128 256
 174  570 214 0  36 1 9 1 2 4 8 16 32 64 128 256
 175   87 153 0  66 1 9 1 2 4 8 16 32 64 128 256
 176  631 307 0  30 1 9 1 2 4 8 16 32 64 128 256
 177  608 709 0  69 1 9 1 2 4 8 16 32 64 128 256
 178   28 858 0  61 1 9 1 2 4 8 16 32 64 128 256
 179  881 668 0  35 1 9 1 2 4 8 16 32 64 128 256
 180  361 716 0  88 1 9 1 2 4 8 16 32 64 128 256
 181   28 430 0  59 1 9 1 2 4 8 16 32 64 128 256
 182  428 755 0  88 1 9 1 2 4 8 16 32 64 128 256
 183  257 427 0  64 1 9 1 2 4 8 16 32 64 128 256
 184   15 771 0  41 1 9 1 2 4 8 16 32 64 128 256
 185  748 853 0  10 1 9 1 2 4 8 16 32 64 128 256
 186    6 416 0  51 1 9 1 2 4 8 16 32 64 128 256
 187  587 495 0  25 1 9 1 2 4 8 16 32 64 128 256
 188  363 611 0  33 1 9 1 2 4 8 16 32 64 128 256
 189  975 200 0  88 1 9 1 2 4 8 16 32 64 128 256
 190  528  54 0  38 1 9 1 2 4 8 16 32 64 128 256
 191  955 244 0  60 1 9 1 2 4 8 16 32 64 128 256
 192  648 417 0  31 1 9 1 2 4 8 16 32 64 128 256
 193  279 448 0  89 1 9 1 2 4 8 16 32 64 128 256
 194  877 916 0  68 1 9 1 2 4 8 16 32 64 128 256
 195  214 500 0  10 1 9 1 2 4 8 16 32 64 128 256
 196  489  66 0  60 1 9 1 2 4 8 16 32 64 128 256
 197  261  69 0   6 1 9 1 2 4 8 16 32 64 128 256
 198  790 255 0  39 1 9 1 2 4 8 16 32 64 128 256
 199  936 838 0  46 1 9 1 2 4 8 16 32 64 128 256
 200  464 899 0  11 1 9 1 2 4 8 16 32 64 128 256
 201  248 191 0  35 1 9 1 2 4 8 16 32 64 128 256
 202  973 304 0  65 1 9 1 2 4 8 16 32 64 128 256
 203  531 201 0  90 1 9 1 2 4 8 16 32 64 128 256
 204  765 574 0  89 1 9 1 2 4 8 16 32 64 128 256
 205  761 324 0  13 1 9 1 2 4 8 16 32 64 128 256
 206  934 698 0  46 1 9 1 2 4 8 16 32 64 128 256
 207  966  27 0  11 1 9 1 2 4 8 16 32 64 128 256
 208  163 957 0  69 1 9 1 2 4 8 16 32 64 128 256
 209  578 667 0  67 1 9 1 2 4 8 16 32 64 128 256
 210  107 654 0  72 1 9 1 2 4 8 16 32 64 128 256
 211  443 553 0  50 1 9 1 2 4 8 16 32 64 128 256
 212   94 975 0  88 1 9 1 2 4 8 16 32 64 128 256
 213  973 949 0  49 1 9 1 2 4 8 16 32 64 128 256
 214  303 276 0  16 1 9 1 2 4 8 16 32 64 128 256
 215  956 601 0  49 1 9 1 2 4 8 16 32 64 128 256
 216  496 661 0  62 1 9 1 2 4 8 16 32 64 128 256
 217  472 269 0   2 1 9 1 2 4 8 16 32 64 128 256
 218  195   2 0  44 1 9 1 2 4 8 16 32 64 128 256
 219  535 397 0  13 1 9 1 2 4 8 16 32 64 128 256
 220  277 605 0  80 1 9 1 2 4 8 16 32 64 128 256
 221  124 106 0  49 1 9 1 2 4 8 16 32 64 128 256
 222  866 964 0  67 1 9 1 2 4 8 16 32 64 128 256
 223  532 110 0  38 1 9 1 2 4 8 16 32 64 128 256
 224  126 543 0  96 1 9 1 2 4 8 16 32 64 128 256
 225  305 858 0  30 1 9 1 2 4 8 16 32 64 128 256
 226  465 912 0  80 1 9 1 2 4 8 16 32 64 128 256
 227  542 748 0  19 1 9 1 2 4 8 16 32 64 128 256
 228  598 528 0  59 1 9 1 2 4 8 16 32 64 128 256
 229  455 442 0  42 1 9 1 2 4 8 16 32 64 128 256
 230  780 230 0  92 1 9 1 2 4 8 16 32 64 128 256
 231  132 855 0  55 1 9 1 2 4 8 16 32 64 128 256
 232  929 957 0  42 1 9 1 2 4 8 16 32 64 128 256
 233  887  90 0  44 1 9 1 2 4 8 16 32 64 128 256
 234  185  73 0  95 1 9 1 2 4 8 16 32 64 128 256
 235  148 345 0  50 1 9 1 2 4 8 16 32 64 128 256
 236  191 541 0  72 1 9 1 2 4 8 16 32 64 128 256
 237  309 348 0  34 1 9 1 2 4 8 16 32 64 128 256
 238  381 789 0  71 1 9 1 2 4 8 16 32 64 128 256
 239  242 882 0  63 1 9 1 2 4 8 16 32 64 128 256
 240   98 821 0  36 1 9 1 2 4 8 16 32 64 128 256
 241  165 490 0  22 1 9 1 2 4 8 16 32 64 128 256
 242  692 153 0  32 1 9 1 2 4 8 16 32 64 128 256
 243  167  79 0   4 1 9 1 2 4 8 16 32 64 128 256
 244  627 848 0   2 1 9 1 2 4 8 16 32 64 128 256
 245  534 332 0   6 1 9 1 2 4 8 16 32 64 128 256
 246  380  78 0  23 1 9 1 2 4 8 16 32 64 128 256
 247  646 118 0  10 1 9 1 2 4 8 16 32 64 128 256
 248  866 835 0  93 1 9 1 2 4 8 16 32 64 128 256
 249  370 537 0  61 1 9 1 2 4 8 16 32 64 128 256
 250  220 703 0  83 1 9 1 2 4 8 16 32 64 128 256
 251   28 583 0  16 1 9 1 2 4 8 16 32 64 128 256
 252  396 738 0  61 1 9 1 2 4 8 16 32 64 128 256
 253  153 224 0  88 1 9 1 2 4 8 16 32 64 128 256
 254  672 936 0  47 1 9 1 2 4 8 16 32 64 128 256
 255   11 300 0  73 1 9 1 2 4 8 16 32 64 128 256
 256  583 103 0  57 1 9 1 2 4 8 16 32 64 128 256
 257  307 738 0  27 1 9 1 2 4 8 16 32 64 128 256
 258  244 130 0  62 1 9 1 2 4 8 16 32 64 128 256
 259  540 828 0  71 1 9 1 2 4 8 16 32 64 128 256
 260  537 343 0   6 1 9 1 2 4 8 16 32 64 128 256
 261  442 762 0 100 1 9 1 2 4 8 16 32 64 128 256
 262  975 544 0  30 1 9 1 2 4 8 16 32 64 128 256
 263  975 246 0  59 1 9 1 2 4 8 16 32 64 128 256
 264   22  45 0  59 1 9 1 2 4 8 16 32 64 128 256
 265  283 603 0  28 1 9 1 2 4 8 16 32 64 128 256
 266  536 413 0  31 1 9 1 2 4 8 16 32 64 128 256
 267  963 313 0   5 1 9 1 2 4 8 16 32 64 128 256
 268  232 141 0  84 1 9 1 2 4 8 16 32 64 128 256
 269  422 622 0  10 1 9 1 2 4 8 16 32 64 128 256
 270  690 688 0  67 1 9 1 2 4 8 16 32 64 128 256
 271  679 978 0  99 1 9 1 2 4 8 16 32 64 128 256
 272  738 589 0  63 1 9 1 2 4 8 16 32 64 128 256
 273   31 670 0  75 1 9 1 2 4 8 16 32 64 128 256
 274  276 911 0  78 1 9 1 2 4 8 16 32 64 128 256
 275  910 290 0   4 1 9 1 2 4 8 16 32 64 128 256
 276  825 442 0  31 1 9 1 2 4 8 16 32 64 128 256
 277  324 743 0  19 1 9 1 2 4 8 16 32 64 128 256
 278  362 382 0  32 1 9 1 2 4 8 16 32 64 128 256
 279  809 604 0  93 1 9 1 2 4 8 16 32 64 128 256
 280  118  74 0  94 1 9 1 2 4 8 16 32 64 128 256
 281  299 190 0   7 1 9 1 2 4 8 16 32 64 128 256
 282   58 188 0  27 1 9 1 2 4 8 16 32 64 128 256
 283  759 374 0  34 1 9 1 2 4 8 16 32 64 128 256
 284  394 116 0   9 1 9 1 2 4 8 16 32 64 128 256
 285  214 675 0  53 1 9 1 2 4 8 16 32 64 128 256
 286  295 299 0  72 1 9 1 2 4 8 16 32 64 128 256
 287  532 297 0  31 1 9 1 2 4 8 16 32 64 128 256
 288  255 521 0  24 1 9 1 2 4 8 16 32 64 128 256
 289  249 554 0  59 1 9 1 2 4 8 16 32 64 128 256
 290   48 436 0  25 1 9 1 2 4 8 16 32 64 128 256
 291  979 710 0  78 1 9 1 2 4 8 16 32 64 128 256
 292  893 849 0  96 1 9 1 2 4 8 16 32 64 128 256
 293  753 637 0  12 1 9 1 2 4 8 16 32 64 128 256
 294  662 682 0  58 1 9 1 2 4 8 16 32 64 128 256
 295  999  46 0  55 1 9 1 2 4 8 16 32 64 128 256
 296  451 419 0   6 1 9 1 2 4 8 16 32 64 128 256
 297   19 191 0   8 1 9 1 2 4 8 16 32 64 128 256
 298  964 108 0  88 1 9 1 2 4 8 16 32 64 128 256
 299  514 694 0  31 1 9 1 2 4 8 16 32 64 128 256
 300  646  38 0  37 1 9 1 2 4 8 16 32 64 128 256
 301  173 792 0  56 1 9 1 2 4 8 16 32 64 128 256
 302  676 842 0  29 1 9 1 2 4 8 16 32 64 128 256
 303  398 276 0  75 1 9 1 2 4 8 16 32 64 128 256
 304  327 118 0  79 1 9 1 2 4 8 16 32 64 128 256
 305  295 701 0  99 1 9 1 2 4 8 16 32 64 128 256
 306  544 371 0  52 1 9 1 2 4 8 16 32 64 128 256
 307  811 231 0  81 1 9 1 2 4 8 16 32 64 128 256
 308  980 531 0   4 1 9 1 2 4 8 16 32 64 128 256
 309  186  67 0  92 1 9 1 2 4 8 16 32 64 128 256
 310   81 855 0   5 1 9 1 2 4 8 16 32 64 128 256
 311  298 934 0  23 1 9 1 2 4 8 16 32 64 128 256
 312  413 855 0  28 1 9 1 2 4 8 16 32 64 128 256
 313  141 187 0  62 1 9 1 2 4 8 16 32 64 128 256
 314  453 533 0  18 1 9 1 2 4 8 16 32 64 128 256
 315  406 195 0  64 1 9 1 2 4 8 16 32 64 128 256
 316  764 844 0  88 1 9 1 2 4 8 16 32 64 128 256
 317  287 430 0  97 1 9 1 2 4 8 16 32 64 128 256
 318  167 647 0  58 1 9 1 2 4 8 16 32 64 128 256
 319  177  78 0  82 1 9 1 2 4 8 16 32 64 128 256
 320  715 963 0 100 1 9 1 2 4 8 16 32 64 128 256
 321  749  50 0  99 1 9 1 2 4 8 16 32 64 128 256
 322   12 644 0  55 1 9 1 2 4 8 16 32 64 128 256
 323  919 376 0  48 1 9 1 2 4 8 16 32 64 128 256
 324  629 431 0  37 1 9 1 2 4 8 16 32 64 128 256
 325  605 764 0  19 1 9 1 2 4 8 16 32 64 128 256
 326   78 955 0  63 1 9 1 2 4 8 16 32 64 128 256
 327  741 418 0   5 1 9 1 2 4 8 16 32 64 128 256
 328  150 497 0  83 1 9 1 2 4 8 16 32 64 128 256
 329  671  28 0  12 1 9 1 2 4 8 16 32 64 128 256
 330   39 824 0  98 1 9 1 2 4 8 16 32 64 128 256
 331  508 532 0  18 1 9 1 2 4 8 16 32 64 128 256
 332  755 784 0  48 1 9 1 2 4 8 16 32 64 128 256
 333  361 511 0  56 1 9 1 2 4 8 16 32 64 128 256
 334  662 558 0  24 1 9 1 2 4 8 16 32 64 128 256
 335  750 178 0  88 1 9 1 2 4 8 16 32 64 128 256
 336  114 505 0   4 1 9 1 2 4 8 16 32 64 128 256
 337  183  62 0  94 1 9 1 2 4 8 16 32 64 128 256
 338  143  46 0  55 1 9 1 2 4 8 16 32 64 128 256
 339  719 258 0  19 1 9 1 2 4 8 16 32 64 128 256
 340  711 825 0  35 1 9 1 2 4 8 16 32 64 128 256
 341  326   5 0  11 1 9 1 2 4 8 16 32 64 128 256
 342  905 112 0  76 1 9 1 2 4 8 16 32 64 128 256
 343  118 105 0 100 1 9 1 2 4 8 16 32 64 128 256
 344  378 945 0  50 1 9 1 2 4 8 16 32 64 128 256
 345  922 884 0  89 1 9 1 2 4 8 16 32 64 128 256
 346  837 934 0  25 1 9 1 2 4 8 16 32 64 128 256
 347   64 984 0   3 1 9 1 2 4 8 16 32 64 128 256
 348  426 308 0  65 1 9 1 2 4 8 16 32 64 128 256
 349  684 887 0  38 1 9 1 2 4 8 16 32 64 128 256
 350  392 451 0  44 1 9 1 2 4 8 16 32 64 128 256
 351  351 449 0  16 1 9 1 2 4 8 16 32 64 128 256
 352  887 623 0  54 1 9 1 2 4 8 16 32 64 128 256
 353  197 409 0   8 1 9 1 2 4 8 16 32 64 128 256
 354  182 319 0  67 1 9 1 2 4 8 16 32 64 128 256
 355  274 985 0  51 1 9 1 2 4 8 16 32 64 128 256
 356  746 782 0  83 1 9 1 2 4 8 16 32 64 128 256
 357  354 285 0  89 1 9 1 2 4 8 16 32 64 128 256
 358   13 315 0  29 1 9 1 2 4 8 16 32 64 128 256
 359  422 606 0  81 1 9 1 2 4 8 16 32 64 128 256
 360  407 403 0  51 1 9 1 2 4 8 16 32 64 128 256
 361    2 961 0  24 1 9 1 2 4 8 16 32 64 128 256
 362  432   9 0  72 1 9 1 2 4 8 16 32 64 128 256
 363  937 778 0   7 1 9 1 2 4 8 16 32 64 128 256
 364  575 710 0  12 1 9 1 2 4 8 16 32 64 128 256
 365  681 337 0  27 1 9 1 2 4 8 16 32 64 128 256
 366  774 432 0  99 1 9 1 2 4 8 16 32 64 128 256
 367  124 580 0  20 1 9 1 2 4 8 16 32 64 128 256
 368  860 294 0  62 1 9 1 2 4 8 16 32 64 128 256
 369  635 741 0  52 1 9 1 2 4 8 16 32 64 128 256
 370  233  68 0  32 1 9 1 2 4 8 16 32 64 128 256
 371  872 501 0  87 1 9 1 2 4 8 16 32 64 128 256
 372  441 203 0  18 1 9 1 2 4 8 16 32 64 128 256
 373  740 772 0   1 1 9 1 2 4 8 16 32 64 128 256
 374  720 645 0  32 1 9 1 2 4 8 16 32 64 128 256
 375   25 534 0  19 1 9 1 2 4 8 16 32 64 128 256
 376  581 681 0  13 1 9 1 2 4 8 16 32 64 128 256
 377  390 229 0  57 1 9 1 2 4 8 16 32 64 128 256
 378  122 371 0  40 1 9 1 2 4 8 16 32 64 128 256
 379  529 934 0  89 1 9 1 2 4 8 16 32 64 128 256
 380  109 145 0  40 1 9 1 2 4 8 16 32 64 128 256
 381  636 777 0  97 1 9 1 2 4 8 16 32 64 128 256
 382  881 101 0  63 1 9 1 2 4 8 16 32 64 128 256
 383  832 422 0  93 1 9 1 2 4 8 16 32 64 128 256
 384  263 801 0  41 1 9 1 2 4 8 16 32 64 128 256
 385  917 952 0  90 1 9 1 2 4 8 16 32 64 128 256
 386  540 503 0  65 1 9 1 2 4 8 16 32 64 128 256
 387  425  86 0  74 1 9 1 2 4 8 16 32 64 128 256
 388  759  72 0  57 1 9 1 2 4 8 16 32 64 128 256
 389  760 389 0  26 1 9 1 2 4 8 16 32 64 128 256
 390  406 404 0  49 1 9 1 2 4 8 16 32 64 128 256
 391  848 451 0  30 1 9 1 2 4 8 16 32 64 128 256
 392  870 118 0  90 1 9 1 2 4 8 16 32 64 128 256
 393  718 953 0   8 1 9 1 2 4 8 16 32 64 128 256
 394  815 985 0  56 1 9 1 2 4 8 16 32 64 128 256
 395  726 432 0  63 1 9 1 2 4 8 16 32 64 128 256
 396   80 345 0  77 1 9 1 2 4 8 16 32 64 128 256
 397  449 428 0  98 1 9 1 2 4 8 16 32 64 128 256
 398  515 990 0  33 1 9 1 2 4 8 16 32 64 128 256
 399   80 821 0  28 1 9 1 2 4 8 16 32 64 128 256
 400  942 782 0  42 1 9 1 2 4 8 16 32 64 128 256
 401  583 609 0  91 1 9 1 2 4 8 16 32 64 128 256
 402   79 273 0  31 1 9 1 2 4 8 16 32 64 128 256
 403  729 870 0  31 1 9 1 2 4 8 16 32 64 128 256
 404  746 832 0  52 1 9 1 2 4 8 16 32 64 128 256
 405  132 399 0  37 1 9 1 2 4 8 16 32 64 128 256
 406  409 995 0  22 1 9 1 2 4 8 16 32 64 128 256
 407  118 529 0  57 1 9 1 2 4 8 16 32 64 128 256
 408  535 308 0  63 1 9 1 2 4 8 16 32 64 128 256
 409  782 511 0  25 1 9 1 2 4 8 16 32 64 128 256
 410  761 901 0  18 1 9 1 2 4 8 16 32 64 128 256
 411  337  43 0   7 1 9 1 2 4 8 16 32 64 128 256
 412  730 478 0  80 1 9 1 2 4 8 16 32 64 128 256
 413  918 234 0  14 1 9 1 2 4 8 16 32 64 128 256
 414  315 807 0  13 1 9 1 2 4 8 16 32 64 128 256
 415  619 962 0  97 1 9 1 2 4 8 16 32 64 128 256
 416  762 492 0  36 1 9 1 2 4 8 16 32 64 128 256
 417  744 485 0  98 1 9 1 2 4 8 16 32 64 128 256
 418  429 760 0  84 1 9 1 2 4 8 16 32 64 128 256
 419  799 291 0  62 1 9 1 2 4 8 16 32 64 128 256
 420  799 104 0  66 1 9 1 2 4 8 16 32 64 128 256
 421  688 389 0  91 1 9 1 2 4 8 16 32 64 128 256
 422  936 848 0  63 1 9 1 2 4 8 16 32 64 128 256
 423  343 457 0  19 1 9 1 2 4 8 16 32 64 128 256
 424  474 700 0  69 1 9 1 2 4 8 16 32 64 128 256
 425  363 659 0  22 1 9 1 2 4 8 16 32 64 128 256
 426  393 291 0  58 1 9 1 2 4 8 16 32 64 128 256
 427   81 371 0  64 1 9 1 2 4 8 16 32 64 128 256
 428  109 254 0  51 1 9 1 2 4 8 16 32 64 128 256
 429   25 323 0   1 1 9 1 2 4 8 16 32 64 128 256
 430  443 468 0   3 1 9 1 2 4 8 16 32 64 128 256
 431   94 566 0  77 1 9 1 2 4 8 16 32 64 128 256
 432  558 801 0  30 1 9 1 2 4 8 16 32 64 128 256
 433  887 401 0  53 1 9 1 2 4 8 16 32 64 128 256
 434  527 313 0  57 1 9 1 2 4 8 16 32 64 128 256
 435   13 128 0   9 1 9 1 2 4 8 16 32 64 128 256
 436  298 507 0  18 1 9 1 2 4 8 16 32 64 128 256
 437   60 200 0  13 1 9 1 2 4 8 16 32 64 128 256
 438  581 827 0  73 1 9 1 2 4 8 16 32 64 128 256
 439  590 221 0  80 1 9 1 2 4 8 16 32 64 128 256
 440  262 571 0  44 1 9 1 2 4 8 16 32 64 128 256
 441  215 478 0  49 1 9 1 2 4 8 16 32 64 128 256
 442  299 387 0  89 1 9 1 2 4 8 16 32 64 128 256
 443  339 470 0  90 1 9 1 2 4 8 16 32 64 128 256
 444  290 381 0  32 1 9 1 2 4 8 16 32 64 128 256
 445  780 243 0  34 1 9 1 2 4 8 16 32 64 128 256
 446   54 581 0  70 1 9 1 2 4 8 16 32 64 128 256
 447  669 890 0  17 1 9 1 2 4 8 16 32 64 128 256
 448  358 825 0  84 1 9 1 2 4 8 16 32 64 128 256
 449  372 670 0   1 1 9 1 2 4 8 16 32 64 128 256
 450  815 118 0  28 1 9 1 2 4 8 16 32 64 128 256
 451  833 331 0  76 1 9 1 2 4 8 16 32 64 128 256
 452  581 287 0  51 1 9 1 2 4 8 16 32 64 128 256
 453  608 265 0   9 1 9 1 2 4 8 16 32 64 128 256
 454  600 596 0  35 1 9 1 2 4 8 16 32 64 128 256
 455  328 525 0  15 1 9 1 2 4 8 16 32 64 128 256
 456   71 446 0  71 1 9 1 2 4 8 16 32 64 128 256
 457  641 488 0  23 1 9 1 2 4 8 16 32 64 128 256
 458  471 879 0  78 1 9 1 2 4 8 16 32 64 128 256
 459  534 117 0  13 1 9 1 2 4 8 16 32 64 128 256
 460  726 118 0  72 1 9 1 2 4 8 16 32 64 128 256
 461  868 993 0  75 1 9 1 2 4 8 16 32 64 128 256
 462  874 840 0  76 1 9 1 2 4 8 16 32 64 128 256
 463    4 741 0  59 1 9 1 2 4 8 16 32 64 128 256
 464  208 835 0  20 1 9 1 2 4 8 16 32 64 128 256
 465  400 616 0  61 1 9 1 2 4 8 16 32 64 128 256
 466    4 759 0  43 1 9 1 2 4 8 16 32 64 128 256
 467  959 477 0  23 1 9 1 2 4 8 16 32 64 128 256
 468  107 253 0  31 1 9 1 2 4 8 16 32 64 128 256
 469  457 340 0  48 1 9 1 2 4 8 16 32 64 128 256
 470  466 279 0  41 1 9 1 2 4 8 16 32 64 128 256
 471  670 334 0  16 1 9 1 2 4 8 16 32 64 128 256
 472   29 361 0  19 1 9 1 2 4 8 16 32 64 128 256
 473  885  37 0  11 1 9 1 2 4 8 16 32 64 128 256
 474   97 950 0  15 1 9 1 2 4 8 16 32 64 128 256
 475  241 196 0  57 1 9 1 2 4 8 16 32 64 128 256
 476  901 785 0  54 1 9 1 2 4 8 16 32 64 128 256
 477  187  71 0  65 1 9 1 2 4 8 16 32 64 128 256
 478  892 277 0  99 1 9 1 2 4 8 16 32 64 128 256
 479  709 147 0  65 1 9 1 2 4 8 16 32 64 128 256
 480  600 595 0  65 1 9 1 2 4 8 16 32 64 128 256
 481  348 202 0  19 1 9 1 2 4 8 16 32 64 128 256
 482  724  57 0  42 1 9 1 2 4 8 16 32 64 128 256
 483  407 155 0  95 1 9 1 2 4 8 16 32 64 128 256
 484  815 498 0  90 1 9 1 2 4 8 16 32 64 128 256
 485  612 372 0  73 1 9 1 2 4 8 16 32 64 128 256
 486  960 779 0  34 1 9 1 2 4 8 16 32 64 128 256
 487  271 298 0  14 1 9 1 2 4 8 16 32 64 128 256
 488  952  45 0  32 1 9 1 2 4 8 16 32 64 128 256
 489  584 597 0  73 1 9 1 2 4 8 16 32 64 128 256
 490  596  61 0  54 1 9 1 2 4 8 16 32 64 128 256
 491  795 620 0  14 1 9 1 2 4 8 16 32 64 128 256
 492  818 530 0  93 1 9 1 2 4 8 16 32 64 128 256
 493  822 575 0  37 1 9 1 2 4 8 16 32 64 128 256
 494  744  43 0  82 1 9 1 2 4 8 16 32 64 128 256
 495  970 450 0  29 1 9 1 2 4 8 16 32 64 128 256
 496   53 460 0  68 1 9 1 2 4 8 16 32 64 128 256
 497  129 479 0  94 1 9 1 2 4 8 16 32 64 128 256
 498  698 298 0  25 1 9 1 2 4 8 16 32 64 128 256
 499  485  69 0  95 1 9 1 2 4 8 16 32 64 128 256
 500  124  85 0  73 1 9 1 2 4 8 16 32 64 128 256
 501  374 257 0  90 1 9 1 2 4 8 16 32 64 128 256
 502  181 841 0  56 1 9 1 2 4 8 16 32 64 128 256
 503  894 789 0  73 1 9 1 2 4 8 16 32 64 128 256
 504  710 767 0  52 1 9 1 2 4 8 16 32 64 128 256
 505  845  30 0  62 1 9 1 2 4 8 16 32 64 128 256
 506  490  98 0  73 1 9 1 2 4 8 16 32 64 128 256
 507  406  42 0  23 1 9 1 2 4 8 16 32 64 128 256
 508  692 521 0  51 1 9 1 2 4 8 16 32 64 128 256
 509  586 249 0  96 1 9 1 2 4 8 16 32 64 128 256
 510   30   9 0  12 1 9 1 2 4 8 16 32 64 128 256
 511   56 671 0  84 1 9 1 2 4 8 16 32 64 128 256
 512  437  19 0  69 1 9 1 2 4 8 16 32 64 128 256
 513  115 684 0   3 1 9 1 2 4 8 16 32 64 128 256
 514  348 776 0  75 1 9 1 2 4 8 16 32 64 128 256
 515  646 296 0  30 1 9 1 2 4 8 16 32 64 128 256
 516  838 905 0  44 1 9 1 2 4 8 16 32 64 128 256
 517  592 505 0  58 1 9 1 2 4 8 16 32 64 128 256
 518   33 684 0  71 1 9 1 2 4 8 16 32 64 128 256
 519  785 369 0  34 1 9 1 2 4 8 16 32 64 128 256
 520  225 591 0  56 1 9 1 2 4 8 16 32 64 128 256
 521  919 559 0  90 1 9 1 2 4 8 16 32 64 128 256
 522   82 491 0  96 1 9 1 2 4 8 16 32 64 128 256
 523  760 786 0  85 1 9 1 2 4 8 16 32 64 128 256
 524   70 112 0  40 1 9 1 2 4 8 16 32 64 128 256
 525   95 774 0  15 1 9 1 2 4 8 16 32 64 128 256
 526  436 262 0  31 1 9 1 2 4 8 16 32 64 128 256
 527  212 571 0  93 1 9 1 2 4 8 16 32 64 128 256
 528  931 461 0  82 1 9 1 2 4 8 16 32 64 128 256
 529   38 539 0  16 1 9 1 2 4 8 16 32 64 128 256
 530  601 990 0  92 1 9 1 2 4 8 16 32 64 128 256
 531   10 185 0  43 1 9 1 2 4 8 16 32 64 128 256
 532  364 796 0  12 1 9 1 2 4 8 16 32 64 128 256
 533  991 482 0  92 1 9 1 2 4 8 16 32 64 128 256
 534  877 440 0  82 1 9 1 2 4 8 16 32 64 128 256
 535  556 321 0  61 1 9 1 2 4 8 16 32 64 128 256
 536  466 189 0  13 1 9 1 2 4 8 16 32 64 128 256
 537  198 512 0  44 1 9 1 2 4 8 16 32 64 128 256
 538  249 205 0  37 1 9 1 2 4 8 16 32 64 128 256
 539  655 150 0  18 1 9 1 2 4 8 16 32 64 128 256
 540   13 474 0  51 1 9 1 2 4 8 16 32 64 128 256
 541  950 388 0  71 1 9 1 2 4 8 16 32 64 128 256
 542  244 165 0   5 1 9 1 2 4 8 16 32 64 128 256
 543  172 712 0  99 1 9 1 2 4 8 16 32 64 128 256
 544  987 678 0  21 1 9 1 2 4 8 16 32 64 128 256
 545  237 137 0  35 1 9 1 2 4 8 16 32 64 128 256
 546   91 629 0   1 1 9 1 2 4 8 16 32 64 128 256
 547  731 820 0  35 1 9 1 2 4 8 16 32 64 128 256
 548  726 637 0  66 1 9 1 2 4 8 16 32 64 128 256
 549  928 553 0  22 1 9 1 2 4 8 16 32 64 128 256
 550  793  24 0  38 1 9 1 2 4 8 16 32 64 128 256
 551  144 121 0  24 1 9 1 2 4 8 16 32 64 128 256
 552  115 605 0   5 1 9 1 2 4 8 16 32 64 128 256
 553  507 212 0  65 1 9 1 2 4 8 16 32 64 128 256
 554  792 296 0  39 1 9 1 2 4 8 16 32 64 128 256
 555  892 729 0  17 1 9 1 2 4 8 16 32 64 128 256
 556  547  85 0  19 1 9 1 2 4 8 16 32 64 128 256
 557  519 931 0  18 1 9 1 2 4 8 16 32 64 128 256
 558  804 848 0  35 1 9 1 2 4 8 16 32 64 128 256
 559  631 186 0  79 1 9 1 2 4 8 16 32 64 128 256
 560  789 890 0  18 1 9 1 2 4 8 16 32 64 128 256
 561  876 707 0  56 1 9 1 2 4 8 16 32 64 128 256
 562  216 139 0  95 1 9 1 2 4 8 16 32 64 128 256
 563   56 335 0  28 1 9 1 2 4 8 16 32 64 128 256
 564   49 193 0  22 1 9 1 2 4 8 16 32 64 128 256
 565  993 852 0  84 1 9 1 2 4 8 16 32 64 128 256
 566  492 863 0  50 1 9 1 2 4 8 16 32 64 128 256
 567  645 906 0  70 1 9 1 2 4 8 16 32 64 128 256
 568  523 218 0  61 1 9 1 2 4 8 16 32 64 128 256
 569   42 457 0  15 1 9 1 2 4 8 16 32 64 128 256
 570  677  31 0  58 1 9 1 2 4 8 16 32 64 128 256
 571  958 437 0  55 1 9 1 2 4 8 16 32 64 128 256
 572  697 321 0  87 1 9 1 2 4 8 16 32 64 128 256
 573  781 281 0  99 1 9 1 2 4 8 16 32 64 128 256
 574  845 108 0  20 1 9 1 2 4 8 16 32 64 128 256
 575  199 310 0  88 1 9 1 2 4 8 16 32 64 128 256
 576  465 522 0  21 1 9 1 2 4 8 16 32 64 128 256
 577  847 941 0  40 1 9 1 2 4 8 16 32 64 128 256
 578  259 354 0  71 1 9 1 2 4 8 16 32 64 128 256
 579  672 561 0  57 1 9 1 2 4 8 16 32 64 128 256
 580  479 533 0  76 1 9 1 2 4 8 16 32 64 128 256
 581  642 702 0  19 1 9 1 2 4 8 16 32 64 128 256
 582  759 372 0  81 1 9 1 2 4 8 16 32 64 128 256
 583  181 843 0 100 1 9 1 2 4 8 16 32 64 128 256
 584  459 447 0  56 1 9 1 2 4 8 16 32 64 128 256
 585  768 377 0  94 1 9 1 2 4 8 16 32 64 128 256
 586  906 492 0  95 1 9 1 2 4 8 16 32 64 128 256
 587  171 317 0  84 1 9 1 2 4 8 16 32 64 128 256
 588  882  83 0  43 1 9 1 2 4 8 16 32 64 128 256
 589  928 329 0  63 1 9 1 2 4 8 16 32 64 128 256
 590  101  23 0  34 1 9 1 2 4 8 16 32 64 128 256
 591  121 946 0  29 1 9 1 2 4 8 16 32 64 128 256
 592  196 321 0  30 1 9 1 2 4 8 16 32 64 128 256
 593   78 392 0  24 1 9 1 2 4 8 16 32 64 128 256
 594  498 437 0  34 1 9 1 2 4 8 16 32 64 128 256
 595  558 814 0  29 1 9 1 2 4 8 16 32 64 128 256
 596  960 750 0  15 1 9 1 2 4 8 16 32 64 128 256
 597  981 617 0  39 1 9 1 2 4 8 16 32 64 128 256
 598  742 150 0  55 1 9 1 2 4 8 16 32 64 128 256
 599  815  18 0  46 1 9 1 2 4 8 16 32 64 128 256
 600  463 513 0  52 1 9 1 2 4 8 16 32 64 128 256
 601  441 189 0  55 1 9 1 2 4 8 16 32 64 128 256
 602   41 334 0  86 1 9 1 2 4 8 16 32 64 128 256
 603  757 869 0  52 1 9 1 2 4 8 16 32 64 128 256
 604  511 468 0  62 1 9 1 2 4 8 16 32 64 128 256
 605  757 610 0  62 1 9 1 2 4 8 16 32 64 128 256
 606  417 961 0  10 1 9 1 2 4 8 16 32 64 128 256
 607   13 572 0  42 1 9 1 2 4 8 16 32 64 128 256
 608   90 642 0   3 1 9 1 2 4 8 16 32 64 128 256
 609  998 207 0  66 1 9 1 2 4 8 16 32 64 128 256
 610  866 402 0   9 1 9 1 2 4 8 16 32 64 128 256
 611  432 792 0  92 1 9 1 2 4 8 16 32 64 128 256
 612  231 337 0  41 1 9 1 2 4 8 16 32 64 128 256
 613  253 738 0  77 1 9 1 2 4 8 16 32 64 128 256
 614  379 983 0  96 1 9 1 2 4 8 16 32 64 128 256
 615  280 381 0  28 1 9 1 2 4 8 16 32 64 128 256
 616  231  97 0  96 1 9 1 2 4 8 16 32 64 128 256
 617  607 672 0  43 1 9 1 2 4 8 16 32 64 128 256
 618  801 867 0  39 1 9 1 2 4 8 16 32 64 128 256
 619   67 714 0  41 1 9 1 2 4 8 16 32 64 128 256
 620  283 195 0  28 1 9 1 2 4 8 16 32 64 128 256
 621  650 814 0  98 1 9 1 2 4 8 16 32 64 128 256
 622  108 140 0  33 1 9 1 2 4 8 16 32 64 128 256
 623   34 139 0  64 1 9 1 2 4 8 16 32 64 128 256
 624  670 701 0  84 1 9 1 2 4 8 16 32 64 128 256
 625  438 176 0  24 1 9 1 2 4 8 16 32 64 128 256
 626  520 718 0  99 1 9 1 2 4 8 16 32 64 128 256
 627  184 381 0  58 1 9 1 2 4 8 16 32 64 128 256
 628  711 441 0  17 1 9 1 2 4 8 16 32 64 128 256
 629  323 169 0  67 1 9 1 2 4 8 16 32 64 128 256
 630  507 626 0  14 1 9 1 2 4 8 16 32 64 128 256
 631  141  75 0  55 1 9 1 2 4 8 16 32 64 128 256
 632  731 245 0  16 1 9 1 2 4 8 16 32 64 128 256
 633  702 832 0  44 1 9 1 2 4 8 16 32 64 128 256
 634   41  72 0  39 1 9 1 2 4 8 16 32 64 128 256
 635  404 118 0  70 1 9 1 2 4 8 16 32 64 128 256
 636  939 108 0  54 1 9 1 2 4 8 16 32 64 128 256
 637  308 400 0   2 1 9 1 2 4 8 16 32 64 128 256
 638  877 568 0  18 1 9 1 2 4 8 16 32 64 128 256
 639  701 213 0  39 1 9 1 2 4 8 16 32 64 128 256
 640  712 256 0  91 1 9 1 2 4 8 16 32 64 128 256
 641  404 686 0  87 1 9 1 2 4 8 16 32 64 128 256
 642  271 228 0  31 1 9 1 2 4 8 16 32 64 128 256
 643  242 866 0  13 1 9 1 2 4 8 16 32 64 128 256
 644  259 790 0  21 1 9 1 2 4 8 16 32 64 128 256
 645   21 460 0  99 1 9 1 2 4 8 16 32 64 128 256
 646  642 775 0  47 1 9 1 2 4 8 16 32 64 128 256
 647  219 451 0  68 1 9 1 2 4 8 16 32 64 128 256
 648   53 774 0   1 1 9 1 2 4 8 16 32 64 128 256
 649  750 587 0  10 1 9 1 2 4 8 16 32 64 128 256
 650  646 116 0  87 1 9 1 2 4 8 16 32 64 128 256
 651  592 731 0  71 1 9 1 2 4 8 16 32 64 128 256
 652  648  22 0  86 1 9 1 2 4 8 16 32 64 128 256
 653  354 591 0  66 1 9 1 2 4 8 16 32 64 128 256
 654  748 134 0  99 1 9 1 2 4 8 16 32 64 128 256
 655  654 848 0   4 1 9 1 2 4 8 16 32 64 128 256
 656  598 408 0  16 1 9 1 2 4 8 16 32 64 128 256
 657  903 606 0  33 1 9 1 2 4 8 16 32 64 128 256
 658  376 811 0  18 1 9 1 2 4 8 16 32 64 128 256
 659  761 992 0  59 1 9 1 2 4 8 16 32 64 128 256
 660  498 555 0  55 1 9 1 2 4 8 16 32 64 128 256
 661  560 601 0  61 1 9 1 2 4 8 16 32 64 128 256
 662   50 764 0  27 1 9 1 2 4 8 16 32 64 128 256
 663  409 416 0  58 1 9 1 2 4 8 16 32 64 128 256
 664  263 865 0  14 1 9 1 2 4 8 16 32 64 128 256
 665  796 381 0  64 1 9 1 2 4 8 16 32 64 128 256
 666  802 566 0  90 1 9 1 2 4 8 16 32 64 128 256
 667  264 610 0  61 1 9 1 2 4 8 16 32 64 128 256
 668  888 154 0  25 1 9 1 2 4 8 16 32 64 128 256
 669  386 285 0  91 1 9 1 2 4 8 16 32 64 128 256
 670  271 471 0  29 1 9 1 2 4 8 16 32 64 128 256
 671  777 890 0  98 1 9 1 2 4 8 16 32 64 128 256
 672  557 778 0  99 1 9 1 2 4 8 16 32 64 128 256
 673  321 258 0   2 1 9 1 2 4 8 16 32 64 128 256
 674  675 331 0  22 1 9 1 2 4 8 16 32 64 128 256
 675    4 480 0  76 1 9 1 2 4 8 16 32 64 128 256
 676    7  61 0  64 1 9 1 2 4 8 16 32 64 128 256
 677  410 401 0  80 1 9 1 2 4 8 16 32 64 128 256
 678  427 264 0  49 1 9 1 2 4 8 16 32 64 128 256
 679  664 619 0   4 1 9 1 2 4 8 16 32 64 128 256
 680  205 234 0  46 1 9 1 2 4 8 16 32 64 128 256
 681  265 489 0  78 1 9 1 2 4 8 16 32 64 128 256
 682   53 385 0  85 1 9 1 2 4 8 16 32 64 128 256
 683  874 907 0  70 1 9 1 2 4 8 16 32 64 128 256
 684  544 969 0  15 1 9 1 2 4 8 16 32 64 128 256
 685  967 405 0  82 1 9 1 2 4 8 16 32 64 128 256
 686  287 642 0  58 1 9 1 2 4 8 16 32 64 128 256
 687  574 330 0  78 1 9 1 2 4 8 16 32 64 128 256
 688  148 570 0  72 1 9 1 2 4 8 16 32 64 128 256
 689  637 269 0  20 1 9 1 2 4 8 16 32 64 128 256
 690  335 675 0  64 1 9 1 2 4 8 16 32 64 128 256
 691  473 405 0  17 1 9 1 2 4 8 16 32 64 128 256
 692  494 381 0  47 1 9 1 2 4 8 16 32 64 128 256
 693  308  43 0  49 1 9 1 2 4 8 16 32 64 128 256
 694  656 902 0  51 1 9 1 2 4 8 16 32 64 128 256
 695  686  11 0   8 1 9 1 2 4 8 16 32 64 128 256
 696  282 359 0  70 1 9 1 2 4 8 16 32 64 128 256
 697  818 915 0  72 1 9 1 2 4 8 16 32 64 128 256
 698  870 248 0  17 1 9 1 2 4 8 16 32 64 128 256
 699  854 254 0  45 1 9 1 2 4 8 16 32 64 128 256
 700  590 107 0  70 1 9 1 2 4 8 16 32 64 128 256
 701  428 146 0  52 1 9 1 2 4 8 16 32 64 128 256
 702  282 186 0  25 1 9 1 2 4 8 16 32 64 128 256
 703  253   0 0  74 1 9 1 2 4 8 16 32 64 128 256
 704  594 149 0  52 1 9 1 2 4 8 16 32 64 128 256
 705    2 762 0  70 1 9 1 2 4 8 16 32 64 128 256
 706  165  64 0  96 1 9 1 2 4 8 16 32 64 128 256
 707  330 962 0   7 1 9 1 2 4 8 16 32 64 128 256
 708  941 182 0  90 1 9 1 2 4 8 16 32 64 128 256
 709  820  95 0  46 1 9 1 2 4 8 16 32 64 128 256
 710  529 187 0  44 1 9 1 2 4 8 16 32 64 128 256
 711   54 919 0  26 1 9 1 2 4 8 16 32 64 128 256
 712  399 141 0  82 1 9 1 2 4 8 16 32 64 128 256
 713  807 187 0  77 1 9 1 2 4 8 16 32 64 128 256
 714  313 564 0  23 1 9 1 2 4 8 16 32 64 128 256
 715  752 315 0  29 1 9 1 2 4 8 16 32 64 128 256
 716  157  47 0  59 1 9 1 2 4 8 16 32 64 128 256
 717   52 269 0  52 1 9 1 2 4 8 16 32 64 128 256
 718  731 604 0  27 1 9 1 2 4 8 16 32 64 128 256
 719  921 982 0  54 1 9 1 2 4 8 16 32 64 128 256
 720  429 299 0  24 1 9 1 2 4 8 16 32 64 128 256
 721   19 415 0  42 1 9 1 2 4 8 16 32 64 128 256
 722  519 967 0  93 1 9 1 2 4 8 16 32 64 128 256
 723   21 339 0  95 1 9 1 2 4 8 16 32 64 128 256
 724  712  57 0   6 1 9 1 2 4 8 16 32 64 128 256
 725  445 287 0   8 1 9 1 2 4 8 16 32 64 128 256
 726  194 119 0   1 1 9 1 2 4 8 16 32 64 128 256
 727  996 136 0  50 1 9 1 2 4 8 16 32 64 128 256
 728  206 112 0  94 1 9 1 2 4 8 16 32 64 128 256
 729  821 805 0  42 1 9 1 2 4 8 16 32 64 128 256
 730    8 371 0  92 1 9 1 2 4 8 16 32 64 128 256
 731  784 679 0  67 1 9 1 2 4 8 16 32 64 128 256
 732  462 147 0  33 1 9 1 2 4 8 16 32 64 128 256
 733  333 624 0  49 1 9 1 2 4 8 16 32 64 128 256
 734  948 625 0   3 1 9 1 2 4 8 16 32 64 128 256
 735   49 978 0  28 1 9 1 2 4 8 16 32 64 128 256
 736  983 187 0  28 1 9 1 2 4 8 16 32 64 128 256
 737  913 832 0  95 1 9 1 2 4 8 16 32 64 128 256
 738  616 360 0  83 1 9 1 2 4 8 16 32 64 128 256
 739  398 619 0  76 1 9 1 2 4 8 16 32 64 128 256
 740  299 556 0  77 1 9 1 2 4 8 16 32 64 128 256
 741  924 769 0   8 1 9 1 2 4 8 16 32 64 128 256
 742  608 453 0  65 1 9 1 2 4 8 16 32 64 128 256
 743  956 516 0  31 1 9 1 2 4 8 16 32 64 128 256
 744  816 924 0   4 1 9 1 2 4 8 16 32 64 128 256
 745  759  37 0  83 1 9 1 2 4 8 16 32 64 128 256
 746  171 613 0  55 1 9 1 2 4 8 16 32 64 128 256
 747  422 522 0  78 1 9 1 2 4 8 16 32 64 128 256
 748  155 535 0  16 1 9 1 2 4 8 16 32 64 128 256
 749  494 908 0   9 1 9 1 2 4 8 16 32 64 128 256
 750   34   7 0  69 1 9 1 2 4 8 16 32 64 128 256
 751  796   9 0  33 1 9 1 2 4 8 16 32 64 128 256
 752  832 699 0   4 1 9 1 2 4 8 16 32 64 128 256
 753  422 526 0   2 1 9 1 2 4 8 16 32 64 128 256
 754   27 959 0  22 1 9 1 2 4 8 16 32 64 128 256
 755   71  31 0  17 1 9 1 2 4 8 16 32 64 128 256
 756  374  63 0  58 1 9 1 2 4 8 16 32 64 128 256
 757   59 352 0  10 1 9 1 2 4 8 16 32 64 128 256
 758  264 679 0  80 1 9 1 2 4 8 16 32 64 128 256
 759  432 485 0  55 1 9 1 2 4 8 16 32 64 128 256
 760  381 356 0  96 1 9 1 2 4 8 16 32 64 128 256
 761  308 108 0  69 1 9 1 2 4 8 16 32 64 128 256
 762  846 926 0  99 1 9 1 2 4 8 16 32 64 128 256
 763  960 463 0  37 1 9 1 2 4 8 16 32 64 128 256
 764  467 849 0  83 1 9 1 2 4 8 16 32 64 128 256
 765  984 681 0  34 1 9 1 2 4 8 16 32 64 128 256
 766  718 904 0  70 1 9 1 2 4 8 16 32 64 128 256
 767   23 887 0   7 1 9 1 2 4 8 16 32 64 128 256
 768  124 310 0  50 1 9 1 2 4 8 16 32 64 128 256
 769  318 814 0  13 1 9 1 2 4 8 16 32 64 128 256
 770  834 495 0  32 1 9 1 2 4 8 16 32 64 128 256
 771   58 497 0  55 1 9 1 2 4 8 16 32 64 128 256
 772  200 644 0  52 1 9 1 2 4 8 16 32 64 128 256
 773   68 166 0  43 1 9 1 2 4 8 16 32 64 128 256
 774  769 672 0  49 1 9 1 2 4 8 16 32 64 128 256
 775  719 892 0  62 1 9 1 2 4 8 16 32 64 128 256
 776  169 200 0   3 1 9 1 2 4 8 16 32 64 128 256
 777  363 693 0  75 1 9 1 2 4 8 16 32 64 128 256
 778  540 705 0  45 1 9 1 2 4 8 16 32 64 128 256
 779  469 865 0  73 1 9 1 2 4 8 16 32 64 128 256
 780   11 465 0  68 1 9 1 2 4 8 16 32 64 128 256
 781  210 587 0  30 1 9 1 2 4 8 16 32 64 128 256
 782  920 171 0  81 1 9 1 2 4 8 16 32 64 128 256
 783  261 813 0  46 1 9 1 2 4 8 16 32 64 128 256
 784  333 301 0  73 1 9 1 2 4 8 16 32 64 128 256
 785  780 339 0   8 1 9 1 2 4 8 16 32 64 128 256
 786  826 136 0  49 1 9 1 2 4 8 16 32 64 128 256
 787  505 809 0  66 1 9 1 2 4 8 16 32 64 128 256
 788  480 580 0  90 1 9 1 2 4 8 16 32 64 128 256
 789  532 994 0  56 1 9 1 2 4 8 16 32 64 128 256
 790  696 918 0  11 1 9 1 2 4 8 16 32 64 128 256
 791  475  13 0  20 1 9 1 2 4 8 16 32 64 128 256
 792  583 343 0  56 1 9 1 2 4 8 16 32 64 128 256
 793  590  68 0  93 1 9 1 2 4 8 16 32 64 128 256
 794  884 129 0   2 1 9 1 2 4 8 16 32 64 128 256
 795  660 165 0   5 1 9 1 2 4 8 16 32 64 128 256
 796  340 486 0  92 1 9 1 2 4 8 16 32 64 128 256
 797  808 872 0  50 1 9 1 2 4 8 16 32 64 128 256
 798  268 919 0  52 1 9 1 2 4 8 16 32 64 128 256
 799  815 276 0   2 1 9 1 2 4 8 16 32 64 128 256
 800  432 833 0   9 1 9 1 2 4 8 16 32 64 128 256
 801  784 349 0  12 1 9 1 2 4 8 16 32 64 128 256
 802  824 268 0  19 1 9 1 2 4 8 16 32 64 128 256
 803  104 446 0  15 1 9 1 2 4 8 16 32 64 128 256
 804  968 306 0  91 1 9 1 2 4 8 16 32 64 128 256
 805  149 145 0  19 1 9 1 2 4 8 16 32 64 128 256
 806  740 932 0  21 1 9 1 2 4 8 16 32 64 128 256
 807  101 836 0  61 1 9 1 2 4 8 16 32 64 128 256
 808  510 545 0   7 1 9 1 2 4 8 16 32 64 128 256
 809  239 135 0  21 1 9 1 2 4 8 16 32 64 128 256
 810   19 595 0  17 1 9 1 2 4 8 16 32 64 128 256
 811  984 956 0  86 1 9 1 2 4 8 16 32 64 128 256
 812   97 199 0  16 1 9 1 2 4 8 16 32 64 128 256
 813  983 101 0  47 1 9 1 2 4 8 16 32 64 128 256
 814  444 684 0   1 1 9 1 2 4 8 16 32 64 128 256
 815  736 274 0  33 1 9 1 2 4 8 16 32 64 128 256
 816   41 212 0  54 1 9 1 2 4 8 16 32 64 128 256
 817  354 715 0  62 1 9 1 2 4 8 16 32 64 128 256
 818  314 534 0  71 1 9 1 2 4 8 16 32 64 128 256
 819  601 706 0  45 1 9 1 2 4 8 16 32 64 128 256
 820  591 143 0  82 1 9 1 2 4 8 16 32 64 128 256
 821  245 588 0  15 1 9 1 2 4 8 16 32 64 128 256
 822    5 838 0   1 1 9 1 2 4 8 16 32 64 128 256
 823  437  49 0   5 1 9 1 2 4 8 16 32 64 128 256
 824  285 576 0  73 1 9 1 2 4 8 16 32 64 128 256
 825  655 222 0  80 1 9 1 2 4 8 16 32 64 128 256
 826  674 799 0  92 1 9 1 2 4 8 16 32 64 128 256
 827  664 674 0  46 1 9 1 2 4 8 16 32 64 128 256
 828  992  23 0  40 1 9 1 2 4 8 16 32 64 128 256
 829  857 858 0 100 1 9 1 2 4 8 16 32 64 128 256
 830   85 817 0  92 1 9 1 2 4 8 16 32 64 128 256
 831  246 994 0 100 1 9 1 2 4 8 16 32 64 128 256
 832   92 840 0  14 1 9 1 2 4 8 16 32 64 128 256
 833  476 242 0  49 1 9 1 2 4 8 16 32 64 128 256
 834   36 444 0  29 1 9 1 2 4 8 16 32 64 128 256
 835  542 732 0  97 1 9 1 2 4 8 16 32 64 128 256
 836  421 803 0   2 1 9 1 2 4 8 16 32 64 128 256
 837  612 545 0  13 1 9 1 2 4 8 16 32 64 128 256
 838  768 241 0   6 1 9 1 2 4 8 16 32 64 128 256
 839  367 677 0  65 1 9 1 2 4 8 16 32 64 128 256
 840  630 960 0  51 1 9 1 2 4 8 16 32 64 128 256
 841  601 626 0  27 1 9 1 2 4 8 16 32 64 128 256
 842  837 553 0  86 1 9 1 2 4 8 16 32 64 128 256
 843  426 474 0  79 1 9 1 2 4 8 16 32 64 128 256
 844  662 705 0  12 1 9 1 2 4 8 16 32 64 128 256
 845  755 251 0  80 1 9 1 2 4 8 16 32 64 128 256
 846  340 511 0  65 1 9 1 2 4 8 16 32 64 128 256
 847  738 462 0  99 1 9 1 2 4 8 16 32 64 128 256
 848  357 600 0  76 1 9 1 2 4 8 16 32 64 128 256
 849  348 706 0  12 1 9 1 2 4 8 16 32 64 128 256
 850   34 150 0  14 1 9 1 2 4 8 16 32 64 128 256
 851  126 895 0  85 1 9 1 2 4 8 16 32 64 128 256
 852  263 552 0  45 1 9 1 2 4 8 16 32 64 128 256
 853  767 232 0  24 1 9 1 2 4 8 16 32 64 128 256
 854  727 889 0  27 1 9 1 2 4 8 16 32 64 128 256
 855  707 686 0  54 1 9 1 2 4 8 16 32 64 128 256
 856  100 461 0  91 1 9 1 2 4 8 16 32 64 128 256
 857  172 902 0  50 1 9 1 2 4 8 16 32 64 128 256
 858  923 446 0 100 1 9 1 2 4 8 16 32 64 128 256
 859  927 599 0  71 1 9 1 2 4 8 16 32 64 128 256
 860  199 656 0  28 1 9 1 2 4 8 16 32 64 128 256
 861  453 318 0  86 1 9 1 2 4 8 16 32 64 128 256
 862  561  96 0   7 1 9 1 2 4 8 16 32 64 128 256
 863  140 923 0  44 1 9 1 2 4 8 16 32 64 128 256
 864  151 666 0   6 1 9 1 2 4 8 16 32 64 128 256
 865  429 582 0  39 1 9 1 2 4 8 16 32 64 128 256
 866  803 781 0  28 1 9 1 2 4 8 16 32 64 128 256
 867  869 602 0  54 1 9 1 2 4 8 16 32 64 128 256
 868  883 535 0  74 1 9 1 2 4 8 16 32 64 128 256
 869  186 401 0  81 1 9 1 2 4 8 16 32 64 128 256
 870  607 433 0  37 1 9 1 2 4 8 16 32 64 128 256
 871  866 874 0  88 1 9 1 2 4 8 16 32 64 128 256
 872  163 178 0  88 1 9 1 2 4 8 16 32 64 128 256
 873   91  68 0  21 1 9 1 2 4 8 16 32 64 128 256
 874  678   6 0  74 1 9 1 2 4 8 16 32 64 128 256
 875   88 693 0  84 1 9 1 2 4 8 16 32 64 128 256
 876  281 655 0  10 1 9 1 2 4 8 16 32 64 128 256
 877  329 696 0  17 1 9 1 2 4 8 16 32 64 128 256
 878  121  12 0  61 1 9 1 2 4 8 16 32 64 128 256
 879  814 552 0  25 1 9 1 2 4 8 16 32 64 128 256
 880  759 613 0  87 1 9 1 2 4 8 16 32 64 128 256
 881  630 336 0  22 1 9 1 2 4 8 16 32 64 128 256
 882   50 821 0  68 1 9 1 2 4 8 16 32 64 128 256
 883  846  48 0  18 1 9 1 2 4 8 16 32 64 128 256
 884  338  50 0  36 1 9 1 2 4 8 16 32 64 128 256
 885  266 538 0   4 1 9 1 2 4 8 16 32 64 128 256
 886   63 164 0  24 1 9 1 2 4 8 16 32 64 128 256
 887  341 151 0  13 1 9 1 2 4 8 16 32 64 128 256
 888  690 880 0  72 1 9 1 2 4 8 16 32 64 128 256
 889  962 562 0  66 1 9 1 2 4 8 16 32 64 128 256
 890   96 605 0  35 1 9 1 2 4 8 16 32 64 128 256
 891  502 497 0  85 1 9 1 2 4 8 16 32 64 128 256
 892  252 793 0  75 1 9 1 2 4 8 16 32 64 128 256
 893  113 182 0   7 1 9 1 2 4 8 16 32 64 128 256
 894  459 579 0  90 1 9 1 2 4 8 16 32 64 128 256
 895  957 819 0  31 1 9 1 2 4 8 16 32 64 128 256
 896  436 700 0  29 1 9 1 2 4 8 16 32 64 128 256
 897  733 201 0  82 1 9 1 2 4 8 16 32 64 128 256
 898  872 542 0  62 1 9 1 2 4 8 16 32 64 128 256
 899  788 457 0  10 1 9 1 2 4 8 16 32 64 128 256
 900   31 602 0  38 1 9 1 2 4 8 16 32 64 128 256
 901  449 477 0  76 1 9 1 2 4 8 16 32 64 128 256
 902  582 721 0   8 1 9 1 2 4 8 16 32 64 128 256
 903  725 878 0  36 1 9 1 2 4 8 16 32 64 128 256
 904  646 256 0  22 1 9 1 2 4 8 16 32 64 128 256
 905  288  23 0  34 1 9 1 2 4 8 16 32 64 128 256
 906  123 143 0  49 1 9 1 2 4 8 16 32 64 128 256
 907  994 481 0  70 1 9 1 2 4 8 16 32 64 128 256
 908  252 234 0 100 1 9 1 2 4 8 16 32 64 128 256
 909  231 347 0  22 1 9 1 2 4 8 16 32 64 128 256
 910   59 797 0  38 1 9 1 2 4 8 16 32 64 128 256
 911  227 931 0  85 1 9 1 2 4 8 16 32 64 128 256
 912  401 127 0  34 1 9 1 2 4 8 16 32 64 128 256
 913  387 293 0  91 1 9 1 2 4 8 16 32 64 128 256
 914  548 616 0  93 1 9 1 2 4 8 16 32 64 128 256
 915  216 846 0  32 1 9 1 2 4 8 16 32 64 128 256
 916  607 340 0  61 1 9 1 2 4 8 16 32 64 128 256
 917  311 940 0  32 1 9 1 2 4 8 16 32 64 128 256
 918  714 661 0  59 1 9 1 2 4 8 16 32 64 128 256
 919  909 405 0  59 1 9 1 2 4 8 16 32 64 128 256
 920   67 193 0  38 1 9 1 2 4 8 16 32 64 128 256
 921  935 398 0  57 1 9 1 2 4 8 16 32 64 128 256
 922  186 133 0  19 1 9 1 2 4 8 16 32 64 128 256
 923  615 470 0  28 1 9 1 2 4 8 16 32 64 128 256
 924  463 651 0  44 1 9 1 2 4 8 16 32 64 128 256
 925  791  12 0   6 1 9 1 2 4 8 16 32 64 128 256
 926  495  45 0  77 1 9 1 2 4 8 16 32 64 128 256
 927  718 109 0  21 1 9 1 2 4 8 16 32 64 128 256
 928  592 518 0  21 1 9 1 2 4 8 16 32 64 128 256
 929  519 608 0  43 1 9 1 2 4 8 16 32 64 128 256
 930  111  57 0  77 1 9 1 2 4 8 16 32 64 128 256
 931  604 549 0  71 1 9 1 2 4 8 16 32 64 128 256
 932  274 903 0  26 1 9 1 2 4 8 16 32 64 128 256
 933  447 760 0  33 1 9 1 2 4 8 16 32 64 128 256
 934  613 536 0  97 1 9 1 2 4 8 16 32 64 128 256
 935  474 765 0  69 1 9 1 2 4 8 16 32 64 128 256
 936  166 987 0  78 1 9 1 2 4 8 16 32 64 128 256
 937  748 707 0  15 1 9 1 2 4 8 16 32 64 128 256
 938  476 638 0  58 1 9 1 2 4 8 16 32 64 128 256
 939  853 375 0   9 1 9 1 2 4 8 16 32 64 128 256
 940  292 538 0  93 1 9 1 2 4 8 16 32 64 128 256
 941  331 916 0  22 1 9 1 2 4 8 16 32 64 128 256
 942   28  73 0  69 1 9 1 2 4 8 16 32 64 128 256
 943  659 277 0  92 1 9 1 2 4 8 16 32 64 128 256
 944  288 612 0  99 1 9 1 2 4 8 16 32 64 128 256
 945   83  27 0  72 1 9 1 2 4 8 16 32 64 128 256
 946  478 665 0  80 1 9 1 2 4 8 16 32 64 128 256
 947  523 765 0   8 1 9 1 2 4 8 16 32 64 128 256
 948  173  49 0  86 1 9 1 2 4 8 16 32 64 128 256
 949  988 622 0  87 1 9 1 2 4 8 16 32 64 128 256
 950   80 232 0  18 1 9 1 2 4 8 16 32 64 128 256
 951   13 601 0  39 1 9 1 2 4 8 16 32 64 128 256
 952  357 415 0  56 1 9 1 2 4 8 16 32 64 128 256
 953  149  28 0  58 1 9 1 2 4 8 16 32 64 128 256
 954  142 578 0  96 1 9 1 2 4 8 16 32 64 128 256
 955  337 736 0  15 1 9 1 2 4 8 16 32 64 128 256
 956  527  29 0   5 1 9 1 2 4 8 16 32 64 128 256
 957   96 783 0  24 1 9 1 2 4 8 16 32 64 128 256
 958  664 761 0  94 1 9 1 2 4 8 16 32 64 128 256
 959  159 191 0  85 1 9 1 2 4 8 16 32 64 128 256
 960  920 898 0  98 1 9 1 2 4 8 16 32 64 128 256
 961  589 445 0  61 1 9 1 2 4 8 16 32 64 128 256
 962  338 709 0  45 1 9 1 2 4 8 16 32 64 128 256
 963  395 471 0  49 1 9 1 2 4 8 16 32 64 128 256
 964  457 525 0  72 1 9 1 2 4 8 16 32 64 128 256
 965  653 821 0  92 1 9 1 2 4 8 16 32 64 128 256
 966  965 586 0  12 1 9 1 2 4 8 16 32 64 128 256
 967  607 895 0   2 1 9 1 2 4 8 16 32 64 128 256
 968  222 665 0   2 1 9 1 2 4 8 16 32 64 128 256
 969  125 129 0  35 1 9 1 2 4 8 16 32 64 128 256
 970  118 405 0   9 1 9 1 2 4 8 16 32 64 128 256
 971  121  66 0  74 1 9 1 2 4 8 16 32 64 128 256
 972  121 867 0   1 1 9 1 2 4 8 16 32 64 128 256
 973  857  66 0  82 1 9 1 2 4 8 16 32 64 128 256
 974  682 866 0  50 1 9 1 2 4 8 16 32 64 128 256
 975  265 814 0  98 1 9 1 2 4 8 16 32 64 128 256
 976  761 284 0  15 1 9 1 2 4 8 16 32 64 128 256
 977  521 139 0  74 1 9 1 2 4 8 16 32 64 128 256
 978  413 373 0  39 1 9 1 2 4 8 16 32 64 128 256
 979  346 350 0  95 1 9 1 2 4 8 16 32 64 128 256
 980  631 919 0  86 1 9 1 2 4 8 16 32 64 128 256
 981  768 132 0   3 1 9 1 2 4 8 16 32 64 128 256
 982  643 931 0   1 1 9 1 2 4 8 16 32 64 128 256
 983  291 292 0  83 1 9 1 2 4 8 16 32 64 128 256
 984  398  57 0   4 1 9 1 2 4 8 16 32 64 128 256
 985  445 158 0  51 1 9 1 2 4 8 16 32 64 128 256
 986  469 816 0  58 1 9 1 2 4 8 16 32 64 128 256
 987  516 361 0  54 1 9 1 2 4 8 16 32 64 128 256
 988  149 915 0  91 1 9 1 2 4 8 16 32 64 128 256
 989  634 460 0  74 1 9 1 2 4 8 16 32 64 128 256
 990  787 739 0  64 1 9 1 2 4 8 16 32 64 128 256
 991  137 900 0  68 1 9 1 2 4 8 16 32 64 128 256
 992  939 334 0  30 1 9 1 2 4 8 16 32 64 128 256
 993  745  68 0  96 1 9 1 2 4 8 16 32 64 128 256
 994  884 763 0  17 1 9 1 2 4 8 16 32 64 128 256
 995  881  30 0  32 1 9 1 2 4 8 16 32 64 128 256
 996  158 267 0  49 1 9 1 2 4 8 16 32 64 128 256
 997  857 696 0  70 1 9 1 2 4 8 16 32 64 128 256
 998  425 807 0  65 1 9 1 2 4 8 16 32 64 128 256
 999  474 293 0  48 1 9 1 2 4 8 16 32 64 128 256
1000  230 391 0   6 1 9 1 2 4 8 16 32 64 128 256
1001  346 850 0  52 1 9 1 2 4 8 16 32 64 128 256
1002  783 886 0  43 1 9 1 2 4 8 16 32 64 128 256
1003  122 849 0  60 1 9 1 2 4 8 16 32 64 128 256
1004  840 563 0  91 1 9 1 2 4 8 16 32 64 128 256
1005  617  39 0  96 1 9 1 2 4 8 16 32 64 128 256
1006  272 892 0  41 1 9 1 2 4 8 16 32 64 128 256
1007  266 975 0  44 1 9 1 2 4 8 16 32 64 128 256
1008  739 609 0  96 1 9 1 2 4 8 16 32 64 128 256
1009  969 898 0  10 1 9 1 2 4 8 16 32 64 128 256
1010  757 675 0  69 1 9 1 2 4 8 16 32 64 128 256
1011  729 797 0  44 1 9 1 2 4 8 16 32 64 128 256
1012  818 654 0  91 1 9 1 2 4 8 16 32 64 128 256
1013  512  90 0  62 1 9 1 2 4 8 16 32 64 128 256
1014  788 837 0  61 1 9 1 2 4 8 16 32 64 128 256
1015  992 272 0  56 1 9 1 2 4 8 16 32 64 128 256
1016   68 796 0  99 1 9 1 2 4 8 16 32 64 128 256
1017  798 642 0  86 1 9 1 2 4 8 16 32 64 128 256
1018  879 764 0  24 1 9 1 2 4 8 16 32 64 128 256
1019  116 337 0  99 1 9 1 2 4 8 16 32 64 128 256
1020   10 332 0  41 1 9 1 2 4 8 16 32 64 128 256
1021  676 246 0  16 1 9 1 2 4 8 16 32 64 128 256
1022  329 976 0  39 1 9 1 2 4 8 16 32 64 128 256
1023  385 829 0  34 1 9 1 2 4 8 16 32 64 128 256
1024  265 241 0  91 1 9 1 2 4 8 16 32 64 128 256
1025  920 286 0  69 1 9 1 2 4 8 16 32 64 128 256
1026  245 728 0  55 1 9 1 2 4 8 16 32 64 128 256
1027  866 252 0  71 1 9 1 2 4 8 16 32 64 128 256
1028  897 229 0  16 1 9 1 2 4 8 16 32 64 128 256
1029  794 669 0  55 1 9 1 2 4 8 16 32 64 128 256
1030  794 619 0  43 1 9 1 2 4 8 16 32 64 128 256
1031  769 793 0  57 1 9 1 2 4 8 16 32 64 128 256
1032   40  65 0  35 1 9 1 2 4 8 16 32 64 128 256
1033   74 810 0  11 1 9 1 2 4 8 16 32 64 128 256
1034  509 600 0  73 1 9 1 2 4 8 16 32 64 128 256
1035  298 825 0  78 1 9 1 2 4 8 16 32 64 128 256
1036  653 272 0  19 1 9 1 2 4 8 16 32 64 128 256
1037  602 966 0  23 1 9 1 2 4 8 16 32 64 128 256
1038   91 184 0  77 1 9 1 2 4 8 16 32 64 128 256
1039  613 208 0  42 1 9 1 2 4 8 16 32 64 128 256
1040  177 505 0  55 1 9 1 2 4 8 16 32 64 128 256
1041  229 683 0  82 1 9 1 2 4 8 16 32 64 128 256
1042   54 695 0  54 1 9 1 2 4 8 16 32 64 128 256
1043  493 795 0  28 1 9 1 2 4 8 16 32 64 128 256
1044  663  29 0  41 1 9 1 2 4 8 16 32 64 128 256
1045  100 860 0  47 1 9 1 2 4 8 16 32 64 128 256
1046  520  30 0  85 1 9 1 2 4 8 16 32 64 128 256
1047  837 531 0  54 1 9 1 2 4 8 16 32 64 128 256
1048  373  70 0   5 1 9 1 2 4 8 16 32 64 128 256
1049  538 697 0   7 1 9 1 2 4 8 16 32 64 128 256
1050  171 329 0  64 1 9 1 2 4 8 16 32 64 128 256
1051  861 926 0  40 1 9 1 2 4 8 16 32 64 128 256
1052  563 603 0  77 1 9 1 2 4 8 16 32 64 128 256
1053   37 722 0  42 1 9 1 2 4 8 16 32 64 128 256
1054  783 439 0  92 1 9 1 2 4 8 16 32 64 128 256
1055  708 114 0  28 1 9 1 2 4 8 16 32 64 128 256
1056  112 207 0  59 1 9 1 2 4 8 16 32 64 128 256
1057  361 607 0  76 1 9 1 2 4 8 16 32 64 128 256
1058   48 703 0  75 1 9 1 2 4 8 16 32 64 128 256
1059  113 309 0  73 1 9 1 2 4 8 16 32 64 128 256
1060  513 323 0  22 1 9 1 2 4 8 16 32 64 128 256
1061  571 665 0  75 1 9 1 2 4 8 16 32 64 128 256
1062  793 506 0  34 1 9 1 2 4 8 16 32 64 128 256
1063  967 203 0 100 1 9 1 2 4 8 16 32 64 128 256
1064  828 172 0  76 1 9 1 2 4 8 16 32 64 128 256
1065  578 652 0  19 1 9 1 2 4 8 16 32 64 128 256
1066  325 837 0  24 1 9 1 2 4 8 16 32 64 128 256
1067  912 820 0  57 1 9 1 2 4 8 16 32 64 128 256
1068  490 949 0  30 1 9 1 2 4 8 16 32 64 128 256
1069  595 274 0 100 1 9 1 2 4 8 16 32 64 128 256
1070  775 911 0  95 1 9 1 2 4 8 16 32 64 128 256
1071  156 638 0  92 1 9 1 2 4 8 16 32 64 128 256
1072  467 654 0   5 1 9 1 2 4 8 16 32 64 128 256
1073   40 462 0  79 1 9 1 2 4 8 16 32 64 128 256
1074  508 592 0  18 1 9 1 2 4 8 16 32 64 128 256
1075  839 667 0  16 1 9 1 2 4 8 16 32 64 128 256
1076  935 810 0   4 1 9 1 2 4 8 16 32 64 128 256
1077  442 113 0  63 1 9 1 2 4 8 16 32 64 128 256
1078  532 725 0  61 1 9 1 2 4 8 16 32 64 128 256
1079  733 651 0  60 1 9 1 2 4 8 16 32 64 128 256
1080  680 334 0  15 1 9 1 2 4 8 16 32 64 128 256
1081  976 666 0  34 1 9 1 2 4 8 16 32 64 128 256
1082  801 899 0  31 1 9 1 2 4 8 16 32 64 128 256
1083  608 117 0   4 1 9 1 2 4 8 16 32 64 128 256
1084  244 891 0  93 1 9 1 2 4 8 16 32 64 128 256
1085  323 129 0  44 1 9 1 2 4 8 16 32 64 128 256
1086  472 459 0  32 1 9 1 2 4 8 16 32 64 128 256
1087   40 893 0  22 1 9 1 2 4 8 16 32 64 128 256
1088  233 663 0  59 1 9 1 2 4 8 16 32 64 128 256
1089  795 753 0  88 1 9 1 2 4 8 16 32 64 128 256
1090   57 571 0  44 1 9 1 2 4 8 16 32 64 128 256
1091    5 474 0  93 1 9 1 2 4 8 16 32 64 128 256
1092  466 359 0  12 1 9 1 2 4 8 16 32 64 128 256
1093  289 608 0  67 1 9 1 2 4 8 16 32 64 128 256
1094  281 324 0  52 1 9 1 2 4 8 16 32 64 128 256
1095  574  85 0  73 1 9 1 2 4 8 16 32 64 128 256
1096  493 342 0  32 1 9 1 2 4 8 16 32 64 128 256
1097  528 282 0  49 1 9 1 2 4 8 16 32 64 128 256
1098  909 124 0  33 1 9 1 2 4 8 16 32 64 128 256
1099  622 260 0  55 1 9 1 2 4 8 16 32 64 128 256
1100  680 352 0  92 1 9 1 2 4 8 16 32 64 128 256
1101  685 931 0   1 1 9 1 2 4 8 16 32 64 128 256
1102   69 982 0  79 1 9 1 2 4 8 16 32 64 128 256
1103  937 904 0  87 1 9 1 2 4 8 16 32 64 128 256
1104  540 777 0  35 1 9 1 2 4 8 16 32 64 128 256
1105  462 717 0  43 1 9 1 2 4 8 16 32 64 128 256
1106  275 916 0  92 1 9 1 2 4 8 16 32 64 128 256
1107  869 374 0  66 1 9 1 2 4 8 16 32 64 128 256
1108  329 411 0  36 1 9 1 2 4 8 16 32 64 128 256
1109   19 242 0  29 1 9 1 2 4 8 16 32 64 128 256
1110  212 319 0  98 1 9 1 2 4 8 16 32 64 128 256
1111  946  65 0  48 1 9 1 2 4 8 16 32 64 128 256
1112  203 133 0  17 1 9 1 2 4 8 16 32 64 128 256
1113  650 717 0  42 1 9 1 2 4 8 16 32 64 128 256
1114  185 161 0  50 1 9 1 2 4 8 16 32 64 128 256
1115  628 664 0  14 1 9 1 2 4 8 16 32 64 128 256
1116  787 246 0  92 1 9 1 2 4 8 16 32 64 128 256
1117  552 431 0  27 1 9 1 2 4 8 16 32 64 128 256
1118  867 420 0  98 1 9 1 2 4 8 16 32 64 128 256
1119  762 241 0  79 1 9 1 2 4 8 16 32 64 128 256
1120  911 396 0   4 1 9 1 2 4 8 16 32 64 128 256
1121  721 449 0  10 1 9 1 2 4 8 16 32 64 128 256
1122  211 414 0   7 1 9 1 2 4 8 16 32 64 128 256
1123  863 187 0  68 1 9 1 2 4 8 16 32 64 128 256
1124  710 943 0  13 1 9 1 2 4 8 16 32 64 128 256
1125  424  62 0   3 1 9 1 2 4 8 16 32 64 128 256
1126  794 463 0  12 1 9 1 2 4 8 16 32 64 128 256
1127  906   0 0  19 1 9 1 2 4 8 16 32 64 128 256
1128  798 802 0   6 1 9 1 2 4 8 16 32 64 128 256
1129   43 732 0  98 1 9 1 2 4 8 16 32 64 128 256
1130  361 217 0  12 1 9 1 2 4 8 16 32 64 128 256
1131  734 555 0  42 1 9 1 2 4 8 16 32 64 128 256
1132    1 150 0  73 1 9 1 2 4 8 16 32 64 128 256
1133  499 438 0  78 1 9 1 2 4 8 16 32 64 128 256
1134  357   3 0  12 1 9 1 2 4 8 16 32 64 128 256
1135  305 422 0  50 1 9 1 2 4 8 16 32 64 128 256
1136  964  85 0  29 1 9 1 2 4 8 16 32 64 128 256
1137   53 541 0  88 1 9 1 2 4 8 16 32 64 128 256
1138   32 292 0  10 1 9 1 2 4 8 16 32 64 128 256
1139  973 495 0  93 1 9 1 2 4 8 16 32 64 128 256
1140  953 808 0  54 1 9 1 2 4 8 16 32 64 128 256
1141  226 759 0  34 1 9 1 2 4 8 16 32 64 128 256
1142   91 146 0  24 1 9 1 2 4 8 16 32 64 128 256
1143  699 856 0  45 1 9 1 2 4 8 16 32 64 128 256
1144  916 276 0  93 1 9 1 2 4 8 16 32 64 128 256
1145  665 412 0  31 1 9 1 2 4 8 16 32 64 128 256
1146  284 425 0  17 1 9 1 2 4 8 16 32 64 128 256
1147  762 530 0  22 1 9 1 2 4 8 16 32 64 128 256
1148  563 212 0  89 1 9 1 2 4 8 16 32 64 128 256
1149  107 373 0  68 1 9 1 2 4 8 16 32 64 128 256
1150  893 778 0  22 1 9 1 2 4 8 16 32 64 128 256
1151  607 527 0  56 1 9 1 2 4 8 16 32 64 128 256
1152  167 766 0  49 1 9 1 2 4 8 16 32 64 128 256
1153  644 537 0  48 1 9 1 2 4 8 16 32 64 128 256
1154  623 978 0  53 1 9 1 2 4 8 16 32 64 128 256
1155  761 226 0  93 1 9 1 2 4 8 16 32 64 128 256
1156  486 726 0  26 1 9 1 2 4 8 16 32 64 128 256
1157  922 624 0  31 1 9 1 2 4 8 16 32 64 128 256
1158  541 423 0  55 1 9 1 2 4 8 16 32 64 128 256
1159  867 100 0  51 1 9 1 2 4 8 16 32 64 128 256
1160  524 175 0  98 1 9 1 2 4 8 16 32 64 128 256
1161  581 396 0  15 1 9 1 2 4 8 16 32 64 128 256
1162  196 121 0  86 1 9 1 2 4 8 16 32 64 128 256
1163  254 314 0  87 1 9 1 2 4 8 16 32 64 128 256
1164  596 896 0  39 1 9 1 2 4 8 16 32 64 128 256
1165  902  25 0   8 1 9 1 2 4 8 16 32 64 128 256
1166  736 732 0  63 1 9 1 2 4 8 16 32 64 128 256
1167  834 760 0  27 1 9 1 2 4 8 16 32 64 128 256
1168  302 601 0  74 1 9 1 2 4 8 16 32 64 128 256
1169  822 258 0  30 1 9 1 2 4 8 16 32 64 128 256
1170  717 762 0  44 1 9 1 2 4 8 16 32 64 128 256
1171  507 282 0  61 1 9 1 2 4 8 16 32 64 128 256
1172  181 265 0  40 1 9 1 2 4 8 16 32 64 128 256
1173    7 440 0  62 1 9 1 2 4 8 16 32 64 128 256
1174  317 311 0  98 1 9 1 2 4 8 16 32 64 128 256
1175  993 338 0  65 1 9 1 2 4 8 16 32 64 128 256
1176  305 754 0   4 1 9 1 2 4 8 16 32 64 128 256
1177  865 304 0  39 1 9 1 2 4 8 16 32 64 128 256
1178  165 136 0  23 1 9 1 2 4 8 16 32 64 128 256
1179  528 242 0   6 1 9 1 2 4 8 16 32 64 128 256
1180  461 434 0  41 1 9 1 2 4 8 16 32 64 128 256
1181  286  66 0   8 1 9 1 2 4 8 16 32 64 128 256
1182  144 886 0   9 1 9 1 2 4 8 16 32 64 128 256
1183  840 901 0  79 1 9 1 2 4 8 16 32 64 128 256
1184  751 144 0   9 1 9 1 2 4 8 16 32 64 128 256
1185  303 505 0  62 1 9 1 2 4 8 16 32 64 128 256
1186  939 617 0  24 1 9 1 2 4 8 16 32 64 128 256
1187    4  12 0  44 1 9 1 2 4 8 16 32 64 128 256
1188   31 856 0  76 1 9 1 2 4 8 16 32 64 128 256
1189  347 327 0  80 1 9 1 2 4 8 16 32 64 128 256
1190  563 861 0  13 1 9 1 2 4 8 16 32 64 128 256
1191  314 980 0  96 1 9 1 2 4 8 16 32 64 128 256
1192  756 190 0  26 1 9 1 2 4 8 16 32 64 128 256
1193  965 414 0  64 1 9 1 2 4 8 16 32 64 128 256
1194  751 907 0  55 1 9 1 2 4 8 16 32 64 128 256
1195  553 950 0  74 1 9 1 2 4 8 16 32 64 128 256
1196  490 690 0  42 1 9 1 2 4 8 16 32 64 128 256
1197  714 425 0  36 1 9 1 2 4 8 16 32 64 128 256
1198  137 229 0  45 1 9 1 2 4 8 16 32 64 128 256
1199   16 269 0  48 1 9 1 2 4 8 16 32 64 128 256
1200  563 412 0  60 1 9 1 2 4 8 16 32 64 128 256
1201  773 762 0  79 1 9 1 2 4 8 16 32 64 128 256
1202  873 731 0  65 1 9 1 2 4 8 16 32 64 128 256
1203  297 975 0  74 1 9 1 2 4 8 16 32 64 128 256
1204  225 681 0  11 1 9 1 2 4 8 16 32 64 128 256
1205  360 995 0  25 1 9 1 2 4 8 16 32 64 128 256
1206  968 239 0  86 1 9 1 2 4 8 16 32 64 128 256
1207  142 489 0  77 1 9 1 2 4 8 16 32 64 128 256
1208  463 448 0  62 1 9 1 2 4 8 16 32 64 128 256
1209  223 277 0  10 1 9 1 2 4 8 16 32 64 128 256
1210  346 679 0  88 1 9 1 2 4 8 16 32 64 128 256
1211  955  13 0  34 1 9 1 2 4 8 16 32 64 128 256
1212  739 390 0  28 1 9 1 2 4 8 16 32 64 128 256
1213  933 526 0  28 1 9 1 2 4 8 16 32 64 128 256
1214  341 433 0  28 1 9 1 2 4 8 16 32 64 128 256
1215  510 602 0  85 1 9 1 2 4 8 16 32 64 128 256
1216  618 761 0  81 1 9 1 2 4 8 16 32 64 128 256
1217    8 301 0  43 1 9 1 2 4 8 16 32 64 128 256
1218   34  62 0  71 1 9 1 2 4 8 16 32 64 128 256
1219  550 711 0  46 1 9 1 2 4 8 16 32 64 128 256
1220  604 611 0  20 1 9 1 2 4 8 16 32 64 128 256
1221  440 476 0  14 1 9 1 2 4 8 16 32 64 128 256
1222  876 274 0  50 1 9 1 2 4 8 16 32 64 128 256
1223  505 464 0  69 1 9 1 2 4 8 16 32 64 128 256
1224  496 174 0  14 1 9 1 2 4 8 16 32 64 128 256
1225  286 490 0  40 1 9 1 2 4 8 16 32 64 128 256
1226  451 902 0  11 1 9 1 2 4 8 16 32 64 128 256
1227  479 129 0  60 1 9 1 2 4 8 16 32 64 128 256
1228  252   1 0  10 1 9 1 2 4 8 16 32 64 128 256
1229  758 344 0  75 1 9 1 2 4 8 16 32 64 128 256
1230  677 242 0  64 1 9 1 2 4 8 16 32 64 128 256
1231  713 179 0  49 1 9 1 2 4 8 16 32 64 128 256
1232  617 815 0  85 1 9 1 2 4 8 16 32 64 128 256
1233  346 474 0  65 1 9 1 2 4 8 16 32 64 128 256
1234  320 918 0  57 1 9 1 2 4 8 16 32 64 128 256
1235  348 639 0   9 1 9 1 2 4 8 16 32 64 128 256
1236  817  69 0  61 1 9 1 2 4 8 16 32 64 128 256
1237  279 657 0  88 1 9 1 2 4 8 16 32 64 128 256
1238   98  12 0  66 1 9 1 2 4 8 16 32 64 128 256
1239  395  99 0  96 1 9 1 2 4 8 16 32 64 128 256
1240  580 919 0  43 1 9 1 2 4 8 16 32 64 128 256
1241  785 314 0  56 1 9 1 2 4 8 16 32 64 128 256
1242  393 174 0  27 1 9 1 2 4 8 16 32 64 128 256
1243  548 555 0  16 1 9 1 2 4 8 16 32 64 128 256
1244  359 828 0  60 1 9 1 2 4 8 16 32 64 128 256
1245  302 897 0   9 1 9 1 2 4 8 16 32 64 128 256
1246  118 288 0   1 1 9 1 2 4 8 16 32 64 128 256
1247  446 708 0  74 1 9 1 2 4 8 16 32 64 128 256
1248  451 831 0  14 1 9 1 2 4 8 16 32 64 128 256
1249  611 508 0  31 1 9 1 2 4 8 16 32 64 128 256
1250  657 977 0  44 1 9 1 2 4 8 16 32 64 128 256
1251   70 773 0  10 1 9 1 2 4 8 16 32 64 128 256
1252  674 255 0  31 1 9 1 2 4 8 16 32 64 128 256
1253  746 676 0  20 1 9 1 2 4 8 16 32 64 128 256
1254  797 561 0   4 1 9 1 2 4 8 16 32 64 128 256
1255  235 329 0  90 1 9 1 2 4 8 16 32 64 128 256
1256  433 541 0  38 1 9 1 2 4 8 16 32 64 128 256
1257  448 851 0  42 1 9 1 2 4 8 16 32 64 128 256
1258  645 148 0   2 1 9 1 2 4 8 16 32 64 128 256
1259  533 258 0  59 1 9 1 2 4 8 16 32 64 128 256
1260  928 889 0  71 1 9 1 2 4 8 16 32 64 128 256
1261  777 132 0  69 1 9 1 2 4 8 16 32 64 128 256
1262  643 725 0  84 1 9 1 2 4 8 16 32 64 128 256
1263  415 374 0  26 1 9 1 2 4 8 16 32 64 128 256
1264  489 621 0  98 1 9 1 2 4 8 16 32 64 128 256
1265  874 780 0   6 1 9 1 2 4 8 16 32 64 128 256
1266  459 265 0  49 1 9 1 2 4 8 16 32 64 128 256
1267  312 998 0  55 1 9 1 2 4 8 16 32 64 128 256
1268  283 813 0  15 1 9 1 2 4 8 16 32 64 128 256
1269  604 675 0  18 1 9 1 2 4 8 16 32 64 128 256
1270   91 542 0  21 1 9 1 2 4 8 16 32 64 128 256
1271  308 953 0  99 1 9 1 2 4 8 16 32 64 128 256
1272  144 856 0   3 1 9 1 2 4 8 16 32 64 128 256
1273  857 894 0  36 1 9 1 2 4 8 16 32 64 128 256
1274  347 684 0   1 1 9 1 2 4 8 16 32 64 128 256
1275  765 497 0  20 1 9 1 2 4 8 16 32 64 128 256
1276  532 277 0  65 1 9 1 2 4 8 16 32 64 128 256
1277  215 306 0  15 1 9 1 2 4 8 16 32 64 128 256
1278  790 610 0   7 1 9 1 2 4 8 16 32 64 128 256
1279  574 507 0  98 1 9 1 2 4 8 16 32 64 128 256
1280  549 119 0  55 1 9 1 2 4 8 16 32 64 128 256
1281  110 948 0  31 1 9 1 2 4 8 16 32 64 128 256
1282  477 868 0  87 1 9 1 2 4 8 16 32 64 128 256
1283  269 595 0  28 1 9 1 2 4 8 16 32 64 128 256
1284  758 518 0  32 1 9 1 2 4 8 16 32 64 128 256
1285  387 225 0  13 1 9 1 2 4 8 16 32 64 128 256
1286  950 457 0  20 1 9 1 2 4 8 16 32 64 128 256
1287  339 680 0  47 1 9 1 2 4 8 16 32 64 128 256
1288  187 359 0  84 1 9 1 2 4 8 16 32 64 128 256
1289  839 936 0  16 1 9 1 2 4 8 16 32 64 128 256
1290  621 684 0  22 1 9 1 2 4 8 16 32 64 128 256
1291  676 574 0  31 1 9 1 2 4 8 16 32 64 128 256
1292  428 984 0  76 1 9 1 2 4 8 16 32 64 128 256
1293  791 303 0   1 1 9 1 2 4 8 16 32 64 128 256
1294  899 672 0  95 1 9 1 2 4 8 16 32 64 128 256
1295  686 253 0  96 1 9 1 2 4 8 16 32 64 128 256
1296  167 799 0  70 1 9 1 2 4 8 16 32 64 128 256
1297  336 955 0   8 1 9 1 2 4 8 16 32 64 128 256
1298  344 876 0 100 1 9 1 2 4 8 16 32 64 128 256
1299  734 928 0  47 1 9 1 2 4 8 16 32 64 128 256
1300  984 279 0  59 1 9 1 2 4 8 16 32 64 128 256
1301  389 417 0  34 1 9 1 2 4 8 16 32 64 128 256
1302  851 161 0   1 1 9 1 2 4 8 16 32 64 128 256
1303  815  60 0  75 1 9 1 2 4 8 16 32 64 128 256
1304  895 902 0  69 1 9 1 2 4 8 16 32 64 128 256
1305  867 871 0  34 1 9 1 2 4 8 16 32 64 128 256
1306  218 415 0  73 1 9 1 2 4 8 16 32 64 128 256
1307  198 826 0  97 1 9 1 2 4 8 16 32 64 128 256
1308  391 270 0  90 1 9 1 2 4 8 16 32 64 128 256
1309  366 386 0  20 1 9 1 2 4 8 16 32 64 128 256
1310  291   6 0  47 1 9 1 2 4 8 16 32 64 128 256
1311  441 201 0  53 1 9 1 2 4 8 16 32 64 128 256
1312  186 411 0  38 1 9 1 2 4 8 16 32 64 128 256
1313  801 452 0  34 1 9 1 2 4 8 16 32 64 128 256
1314  123   8 0   6 1 9 1 2 4 8 16 32 64 128 256
1315  980 720 0   9 1 9 1 2 4 8 16 32 64 128 256
1316  811 812 0  62 1 9 1 2 4 8 16 32 64 128 256
1317  765   1 0  96 1 9 1 2 4 8 16 32 64 128 256
1318  194 383 0  36 1 9 1 2 4 8 16 32 64 128 256
1319   16 576 0  32 1 9 1 2 4 8 16 32 64 128 256
1320  328 749 0   2 1 9 1 2 4 8 16 32 64 128 256
1321  247 712 0  27 1 9 1 2 4 8 16 32 64 128 256
1322  886 762 0  47 1 9 1 2 4 8 16 32 64 128 256
1323  530 968 0  37 1 9 1 2 4 8 16 32 64 128 256
1324  304 960 0  87 1 9 1 2 4 8 16 32 64 128 256
1325  805 317 0  25 1 9 1 2 4 8 16 32 64 128 256
1326  829 909 0  89 1 9 1 2 4 8 16 32 64 128 256
1327  465  71 0  35 1 9 1 2 4 8 16 32 64 128 256
1328  815 454 0  10 1 9 1 2 4 8 16 32 64 128 256
1329  328 617 0  51 1 9 1 2 4 8 16 32 64 128 256
1330  126 626 0  11 1 9 1 2 4 8 16 32 64 128 256
1331  262 335 0  98 1 9 1 2 4 8 16 32 64 128 256
1332  282 401 0  34 1 9 1 2 4 8 16 32 64 128 256
1333  107 713 0  97 1 9 1 2 4 8 16 32 64 128 256
1334  101 392 0  75 1 9 1 2 4 8 16 32 64 128 256
1335  831 291 0  30 1 9 1 2 4 8 16 32 64 128 256
1336  548 387 0  84 1 9 1 2 4 8 16 32 64 128 256
1337  282  89 0  82 1 9 1 2 4 8 16 32 64 128 256
1338  813 223 0  72 1 9 1 2 4 8 16 32 64 128 256
1339  175 736 0  79 1 9 1 2 4 8 16 32 64 128 256
1340  621 133 0  53 1 9 1 2 4 8 16 32 64 128 256
1341  885 721 0  94 1 9 1 2 4 8 16 32 64 128 256
1342  768 340 0  42 1 9 1 2 4 8 16 32 64 128 256
1343  307 954 0  71 1 9 1 2 4 8 16 32 64 128 256
1344  652  10 0  20 1 9 1 2 4 8 16 32 64 128 256
1345  791 147 0  38 1 9 1 2 4 8 16 32 64 128 256
1346   34 282 0   1 1 9 1 2 4 8 16 32 64 128 256
1347  828 752 0   3 1 9 1 2 4 8 16 32 64 128 256
1348  667 943 0  70 1 9 1 2 4 8 16 32 64 128 256
1349   67 363 0  51 1 9 1 2 4 8 16 32 64 128 256
1350  432 195 0  29 1 9 1 2 4 8 16 32 64 128 256
1351  755 888 0  86 1 9 1 2 4 8 16 32 64 128 256
1352  954 154 0 100 1 9 1 2 4 8 16 32 64 128 256
1353   49 210 0  96 1 9 1 2 4 8 16 32 64 128 256
1354  358 377 0  25 1 9 1 2 4 8 16 32 64 128 256
1355  648 502 0   4 1 9 1 2 4 8 16 32 64 128 256
1356  505 143 0  66 1 9 1 2 4 8 16 32 64 128 256
1357  195 894 0  45 1 9 1 2 4 8 16 32 64 128 256
1358  898 829 0  43 1 9 1 2 4 8 16 32 64 128 256
1359  771 569 0  52 1 9 1 2 4 8 16 32 64 128 256
1360  722  89 0   6 1 9 1 2 4 8 16 32 64 128 256
1361  246  14 0  16 1 9 1 2 4 8 16 32 64 128 256
1362  939 213 0  49 1 9 1 2 4 8 16 32 64 128 256
1363  655 352 0  64 1 9 1 2 4 8 16 32 64 128 256
1364  973 667 0   5 1 9 1 2 4 8 16 32 64 128 256
1365  326 331 0  30 1 9 1 2 4 8 16 32 64 128 256
1366   18 215 0  43 1 9 1 2 4 8 16 32 64 128 256
1367  265 872 0  53 1 9 1 2 4 8 16 32 64 128 256
1368  329 370 0  63 1 9 1 2 4 8 16 32 64 128 256
1369  403 761 0  30 1 9 1 2 4 8 16 32 64 128 256
1370  877 460 0  83 1 9 1 2 4 8 16 32 64 128 256
1371  218 336 0  66 1 9 1 2 4 8 16 32 64 128 256
1372  210 305 0  90 1 9 1 2 4 8 16 32 64 128 256
1373  994 793 0   8 1 9 1 2 4 8 16 32 64 128 256
1374  717 766 0  35 1 9 1 2 4 8 16 32 64 128 256
1375  693 443 0  51 1 9 1 2 4 8 16 32 64 128 256
1376  983 781 0  62 1 9 1 2 4 8 16 32 64 128 256
1377  543 697 0  25 1 9 1 2 4 8 16 32 64 128 256
1378  673 144 0  90 1 9 1 2 4 8 16 32 64 128 256
1379  300 255 0  22 1 9 1 2 4 8 16 32 64 128 256
1380  145 281 0  20 1 9 1 2 4 8 16 32 64 128 256
1381  893 839 0  76 1 9 1 2 4 8 16 32 64 128 256
1382  373 681 0  22 1 9 1 2 4 8 16 32 64 128 256
1383  450 873 0  92 1 9 1 2 4 8 16 32 64 128 256
1384  105 513 0  35 1 9 1 2 4 8 16 32 64 128 256
1385  258 727 0  48 1 9 1 2 4 8 16 32 64 128 256
1386  293 840 0  70 1 9 1 2 4 8 16 32 64 128 256
1387  965 778 0  91 1 9 1 2 4 8 16 32 64 128 256
1388  445 643 0  57 1 9 1 2 4 8 16 32 64 128 256
1389  960 271 0   6 1 9 1 2 4 8 16 32 64 128 256
1390   93 383 0  35 1 9 1 2 4 8 16 32 64 128 256
1391  193 840 0  23 1 9 1 2 4 8 16 32 64 128 256
1392   38 732 0  78 1 9 1 2 4 8 16 32 64 128 256
1393   88  31 0  23 1 9 1 2 4 8 16 32 64 128 256
1394  927 557 0   0 0 0
1395  233 495 0   0 0 0
1396  505 782 0   0 0 0
1397   58 271 0   0 0 0
1398  997 389 0   0 0 0
1399   68 980 0   0 0 0
1400  743 228 0   0 0 0
1401  146 412 0   0 0 0
1402  656 903 0   0 0 0
