2 317 1398 4
0 241
0 241
0 241
0 241
   1  178  373 0  92 1 4 1 2 4 8
   2  566  246 0  99 1 4 1 2 4 8
   3  810  425 0  41 1 4 1 2 4 8
   4  211  701 0   2 1 4 1 2 4 8
   5  856   30 0  79 1 4 1 2 4 8
   6  750   15 0  42 1 4 1 2 4 8
   7  704  332 0  50 1 4 1 2 4 8
   8  748  656 0  55 1 4 1 2 4 8
   9  851  459 0  90 1 4 1 2 4 8
  10  224  499 0  42 1 4 1 2 4 8
  11  639   25 0  88 1 4 1 2 4 8
  12  360  846 0  97 1 4 1 2 4 8
  13  116  871 0  20 1 4 1 2 4 8
  14  718  897 0   9 1 4 1 2 4 8
  15  729  122 0  69 1 4 1 2 4 8
  16  748  678 0  97 1 4 1 2 4 8
  17  171   41 0  99 1 4 1 2 4 8
  18  575  849 0  76 1 4 1 2 4 8
  19   22  714 0  96 1 4 1 2 4 8
  20  795  647 0  19 1 4 1 2 4 8
  21  258  389 0  32 1 4 1 2 4 8
  22  816  722 0  12 1 4 1 2 4 8
  23  596  479 0  81 1 4 1 2 4 8
  24  173  335 0  51 1 4 1 2 4 8
  25  405  704 0  89 1 4 1 2 4 8
  26  889    9 0  59 1 4 1 2 4 8
  27  870  854 0  41 1 4 1 2 4 8
  28  344  906 0   9 1 4 1 2 4 8
  29  509   91 0  18 1 4 1 2 4 8
  30    2  407 0  58 1 4 1 2 4 8
  31  756  729 0   6 1 4 1 2 4 8
  32  102  605 0  24 1 4 1 2 4 8
  33  473   58 0  96 1 4 1 2 4 8
  34  882  243 0  22 1 4 1 2 4 8
  35  826  919 0  36 1 4 1 2 4 8
  36  737  887 0  26 1 4 1 2 4 8
  37  382  742 0  87 1 4 1 2 4 8
  38  145  120 0  86 1 4 1 2 4 8
  39   43  878 0  64 1 4 1 2 4 8
  40   71   65 0  28 1 4 1 2 4 8
  41  193  952 0  61 1 4 1 2 4 8
  42  962  364 0  17 1 4 1 2 4 8
  43  471   52 0  99 1 4 1 2 4 8
  44  203  408 0  19 1 4 1 2 4 8
  45  374   27 0  53 1 4 1 2 4 8
  46  530   51 0  61 1 4 1 2 4 8
  47  762  151 0   9 1 4 1 2 4 8
  48  330  761 0  67 1 4 1 2 4 8
  49  298   67 0  97 1 4 1 2 4 8
  50  450  700 0   1 1 4 1 2 4 8
  51  719  848 0  81 1 4 1 2 4 8
  52  782  585 0  54 1 4 1 2 4 8
  53  270  359 0  39 1 4 1 2 4 8
  54  115  357 0  14 1 4 1 2 4 8
  55  438  303 0   7 1 4 1 2 4 8
  56  549  936 0  64 1 4 1 2 4 8
  57  579  350 0   5 1 4 1 2 4 8
  58  916  133 0  97 1 4 1 2 4 8
  59  432  636 0   2 1 4 1 2 4 8
  60  692  359 0  20 1 4 1 2 4 8
  61   13  381 0  13 1 4 1 2 4 8
  62   59  107 0   7 1 4 1 2 4 8
  63  725  630 0  58 1 4 1 2 4 8
  64  716  687 0  11 1 4 1 2 4 8
  65  580  452 0  43 1 4 1 2 4 8
  66  134  174 0  59 1 4 1 2 4 8
  67  662  565 0  63 1 4 1 2 4 8
  68   63  656 0  93 1 4 1 2 4 8
  69  772  767 0  15 1 4 1 2 4 8
  70  714  531 0  49 1 4 1 2 4 8
  71  710   60 0  25 1 4 1 2 4 8
  72  524  119 0  30 1 4 1 2 4 8
  73  464  132 0  25 1 4 1 2 4 8
  74  604  183 0  27 1 4 1 2 4 8
  75  674  738 0  15 1 4 1 2 4 8
  76  949  711 0  73 1 4 1 2 4 8
  77  896  372 0  94 1 4 1 2 4 8
  78  772  903 0  87 1 4 1 2 4 8
  79  980  788 0  74 1 4 1 2 4 8
  80  407  448 0  50 1 4 1 2 4 8
  81  529  786 0  35 1 4 1 2 4 8
  82  727  853 0  43 1 4 1 2 4 8
  83  611  261 0   6 1 4 1 2 4 8
  84  537  197 0   1 1 4 1 2 4 8
  85  245  678 0  53 1 4 1 2 4 8
  86  758  842 0  89 1 4 1 2 4 8
  87   13  556 0   2 1 4 1 2 4 8
  88  598  146 0  12 1 4 1 2 4 8
  89  684  928 0  88 1 4 1 2 4 8
  90  480  125 0  21 1 4 1 2 4 8
  91  929  606 0  22 1 4 1 2 4 8
  92   56  992 0  65 1 4 1 2 4 8
  93  728  524 0  43 1 4 1 2 4 8
  94  588  122 0  90 1 4 1 2 4 8
  95  870  819 0  88 1 4 1 2 4 8
  96  600  287 0  24 1 4 1 2 4 8
  97  384  967 0  16 1 4 1 2 4 8
  98   80  971 0  22 1 4 1 2 4 8
  99  866  589 0  50 1 4 1 2 4 8
 100  758  843 0  92 1 4 1 2 4 8
 101  494  279 0  95 1 4 1 2 4 8
 102  676  365 0  93 1 4 1 2 4 8
 103  380  170 0  45 1 4 1 2 4 8
 104  834   38 0  77 1 4 1 2 4 8
 105   14  959 0  24 1 4 1 2 4 8
 106  374  585 0  31 1 4 1 2 4 8
 107  473  495 0  97 1 4 1 2 4 8
 108  391  415 0  48 1 4 1 2 4 8
 109  259  190 0  87 1 4 1 2 4 8
 110   12   63 0  54 1 4 1 2 4 8
 111  379  946 0  48 1 4 1 2 4 8
 112  206  277 0  30 1 4 1 2 4 8
 113   11  674 0  80 1 4 1 2 4 8
 114  135  948 0  83 1 4 1 2 4 8
 115  535  959 0  76 1 4 1 2 4 8
 116  340  141 0  24 1 4 1 2 4 8
 117  868  919 0  44 1 4 1 2 4 8
 118  181  102 0  60 1 4 1 2 4 8
 119  226  444 0  85 1 4 1 2 4 8
 120  432   80 0  70 1 4 1 2 4 8
 121  328  234 0  44 1 4 1 2 4 8
 122  602  978 0  26 1 4 1 2 4 8
 123  270  263 0  20 1 4 1 2 4 8
 124  614  111 0  51 1 4 1 2 4 8
 125  156  826 0  12 1 4 1 2 4 8
 126  926  328 0  30 1 4 1 2 4 8
 127  724  492 0  34 1 4 1 2 4 8
 128  315  730 0  59 1 4 1 2 4 8
 129   99  108 0  72 1 4 1 2 4 8
 130  108  436 0  51 1 4 1 2 4 8
 131  465  720 0  79 1 4 1 2 4 8
 132  412  754 0  22 1 4 1 2 4 8
 133  696   69 0   1 1 4 1 2 4 8
 134  620  848 0  57 1 4 1 2 4 8
 135  447  987 0  87 1 4 1 2 4 8
 136  864  519 0  48 1 4 1 2 4 8
 137   23  845 0  28 1 4 1 2 4 8
 138  847  489 0  29 1 4 1 2 4 8
 139  422   71 0  20 1 4 1 2 4 8
 140   43  523 0   7 1 4 1 2 4 8
 141  230  423 0   6 1 4 1 2 4 8
 142  446  124 0  26 1 4 1 2 4 8
 143  456  579 0  45 1 4 1 2 4 8
 144  563  871 0  80 1 4 1 2 4 8
 145  609  875 0  49 1 4 1 2 4 8
 146  747  675 0 100 1 4 1 2 4 8
 147  770  821 0  88 1 4 1 2 4 8
 148  949  772 0  25 1 4 1 2 4 8
 149   28  840 0   5 1 4 1 2 4 8
 150   64  566 0  42 1 4 1 2 4 8
 151  441  469 0  99 1 4 1 2 4 8
 152   36  811 0  35 1 4 1 2 4 8
 153  133   19 0  99 1 4 1 2 4 8
 154  262   14 0  93 1 4 1 2 4 8
 155  743   75 0  43 1 4 1 2 4 8
 156  118  974 0  90 1 4 1 2 4 8
 157  396  928 0  79 1 4 1 2 4 8
 158  314  767 0  73 1 4 1 2 4 8
 159  959  535 0   3 1 4 1 2 4 8
 160   92  411 0  37 1 4 1 2 4 8
 161  208   48 0  48 1 4 1 2 4 8
 162  245  909 0  20 1 4 1 2 4 8
 163  119  452 0  60 1 4 1 2 4 8
 164  776  675 0  83 1 4 1 2 4 8
 165  584  766 0  30 1 4 1 2 4 8
 166  263  252 0  24 1 4 1 2 4 8
 167  333  469 0  81 1 4 1 2 4 8
 168  179  412 0  33 1 4 1 2 4 8
 169   67  575 0  30 1 4 1 2 4 8
 170  242  538 0  35 1 4 1 2 4 8
 171  955  665 0  66 1 4 1 2 4 8
 172  833   84 0  13 1 4 1 2 4 8
 173  122  506 0  78 1 4 1 2 4 8
 174  440  264 0  21 1 4 1 2 4 8
 175  508  217 0   2 1 4 1 2 4 8
 176  944  919 0  26 1 4 1 2 4 8
 177  724  313 0  10 1 4 1 2 4 8
 178  266  216 0  71 1 4 1 2 4 8
 179  929  382 0   4 1 4 1 2 4 8
 180  813  446 0  73 1 4 1 2 4 8
 181  479  761 0  44 1 4 1 2 4 8
 182  896   97 0  16 1 4 1 2 4 8
 183  168  746 0  36 1 4 1 2 4 8
 184  484  536 0  98 1 4 1 2 4 8
 185  432  987 0  75 1 4 1 2 4 8
 186  474  128 0 100 1 4 1 2 4 8
 187  614  178 0  27 1 4 1 2 4 8
 188  764  664 0  50 1 4 1 2 4 8
 189   80  421 0  90 1 4 1 2 4 8
 190  159  538 0  58 1 4 1 2 4 8
 191  453  768 0  61 1 4 1 2 4 8
 192  577   33 0  10 1 4 1 2 4 8
 193  869  192 0  76 1 4 1 2 4 8
 194  826   62 0  41 1 4 1 2 4 8
 195  795  320 0  15 1 4 1 2 4 8
 196  964  984 0 100 1 4 1 2 4 8
 197    6  636 0  70 1 4 1 2 4 8
 198  915  571 0  98 1 4 1 2 4 8
 199  958  380 0  33 1 4 1 2 4 8
 200  290  365 0  26 1 4 1 2 4 8
 201  279  937 0  30 1 4 1 2 4 8
 202  586  254 0  11 1 4 1 2 4 8
 203  432   39 0  41 1 4 1 2 4 8
 204  981  684 0  64 1 4 1 2 4 8
 205  687  158 0  89 1 4 1 2 4 8
 206  182  103 0  74 1 4 1 2 4 8
 207  512  812 0   2 1 4 1 2 4 8
 208  288  619 0  29 1 4 1 2 4 8
 209   70  829 0  50 1 4 1 2 4 8
 210  116  920 0  36 1 4 1 2 4 8
 211   21  936 0  35 1 4 1 2 4 8
 212  103  920 0  27 1 4 1 2 4 8
 213  137  526 0  13 1 4 1 2 4 8
 214  192  946 0  29 1 4 1 2 4 8
 215  764  595 0  65 1 4 1 2 4 8
 216  427  342 0  47 1 4 1 2 4 8
 217  684  374 0  49 1 4 1 2 4 8
 218  174  634 0  50 1 4 1 2 4 8
 219  823  621 0  76 1 4 1 2 4 8
 220  916  585 0  53 1 4 1 2 4 8
 221  120  310 0  92 1 4 1 2 4 8
 222  808   66 0  77 1 4 1 2 4 8
 223  311  820 0  85 1 4 1 2 4 8
 224   11  966 0  58 1 4 1 2 4 8
 225  797  499 0 100 1 4 1 2 4 8
 226  577  748 0  88 1 4 1 2 4 8
 227  806  500 0  99 1 4 1 2 4 8
 228  124  592 0  75 1 4 1 2 4 8
 229  371  726 0  68 1 4 1 2 4 8
 230  310  575 0  11 1 4 1 2 4 8
 231  976  255 0 100 1 4 1 2 4 8
 232  770  401 0  42 1 4 1 2 4 8
 233  544  761 0  79 1 4 1 2 4 8
 234  811  129 0  85 1 4 1 2 4 8
 235  491   73 0  38 1 4 1 2 4 8
 236  762  752 0  46 1 4 1 2 4 8
 237  825  716 0  17 1 4 1 2 4 8
 238  480  838 0  18 1 4 1 2 4 8
 239  855   66 0  11 1 4 1 2 4 8
 240  814  360 0  22 1 4 1 2 4 8
 241  684   37 0   9 1 4 1 2 4 8
 242  625  989 0  94 1 4 1 2 4 8
 243  847  761 0  45 1 4 1 2 4 8
 244  702  521 0  68 1 4 1 2 4 8
 245  287  883 0  97 1 4 1 2 4 8
 246  205  571 0  70 1 4 1 2 4 8
 247  683  625 0  71 1 4 1 2 4 8
 248  272  651 0  82 1 4 1 2 4 8
 249  289 1000 0  16 1 4 1 2 4 8
 250  264  903 0  48 1 4 1 2 4 8
 251  270  889 0  38 1 4 1 2 4 8
 252  231  131 0  45 1 4 1 2 4 8
 253  888  451 0  93 1 4 1 2 4 8
 254  855  555 0  37 1 4 1 2 4 8
 255  642  546 0  74 1 4 1 2 4 8
 256  757  240 0  17 1 4 1 2 4 8
 257  518    4 0  46 1 4 1 2 4 8
 258  407  418 0  61 1 4 1 2 4 8
 259  735  567 0  55 1 4 1 2 4 8
 260  895  357 0  26 1 4 1 2 4 8
 261  897  420 0  92 1 4 1 2 4 8
 262  615  639 0  87 1 4 1 2 4 8
 263   17  543 0  45 1 4 1 2 4 8
 264  379   81 0  96 1 4 1 2 4 8
 265  183  404 0  92 1 4 1 2 4 8
 266  281  284 0  92 1 4 1 2 4 8
 267  890  336 0  93 1 4 1 2 4 8
 268  124  899 0  96 1 4 1 2 4 8
 269  365  581 0  18 1 4 1 2 4 8
 270  640  643 0  74 1 4 1 2 4 8
 271  136  850 0  65 1 4 1 2 4 8
 272  654  253 0  91 1 4 1 2 4 8
 273  898  828 0  34 1 4 1 2 4 8
 274  335    1 0  43 1 4 1 2 4 8
 275   63  890 0  39 1 4 1 2 4 8
 276  376  853 0  38 1 4 1 2 4 8
 277  156  284 0  76 1 4 1 2 4 8
 278  890  105 0   9 1 4 1 2 4 8
 279  699  861 0  53 1 4 1 2 4 8
 280  736   90 0  22 1 4 1 2 4 8
 281   85   44 0  12 1 4 1 2 4 8
 282  179  847 0   2 1 4 1 2 4 8
 283  611    1 0  86 1 4 1 2 4 8
 284  587  369 0  25 1 4 1 2 4 8
 285  807  899 0  11 1 4 1 2 4 8
 286  715  849 0  50 1 4 1 2 4 8
 287  597  658 0  25 1 4 1 2 4 8
 288   77  369 0  94 1 4 1 2 4 8
 289  811  975 0  98 1 4 1 2 4 8
 290  648  360 0  43 1 4 1 2 4 8
 291  676   56 0  14 1 4 1 2 4 8
 292  630  760 0  30 1 4 1 2 4 8
 293  106  962 0  49 1 4 1 2 4 8
 294  100  782 0  54 1 4 1 2 4 8
 295  254   60 0  11 1 4 1 2 4 8
 296  320  232 0  76 1 4 1 2 4 8
 297  811  831 0  65 1 4 1 2 4 8
 298  378  806 0  82 1 4 1 2 4 8
 299  212  539 0  74 1 4 1 2 4 8
 300  570  607 0  71 1 4 1 2 4 8
 301   23   30 0   5 1 4 1 2 4 8
 302  863  642 0  36 1 4 1 2 4 8
 303  631  861 0  69 1 4 1 2 4 8
 304  671  540 0   2 1 4 1 2 4 8
 305  983  660 0  32 1 4 1 2 4 8
 306  851   43 0  13 1 4 1 2 4 8
 307  841  753 0  64 1 4 1 2 4 8
 308  301  168 0  39 1 4 1 2 4 8
 309  592  160 0  11 1 4 1 2 4 8
 310  564  862 0   2 1 4 1 2 4 8
 311  364  969 0  31 1 4 1 2 4 8
 312   43   26 0  13 1 4 1 2 4 8
 313  169  646 0  67 1 4 1 2 4 8
 314  192  497 0  29 1 4 1 2 4 8
 315  232  782 0  51 1 4 1 2 4 8
 316  961  858 0  18 1 4 1 2 4 8
 317  638  569 0  75 1 4 1 2 4 8
 318  129  424 0  74 1 4 1 2 4 8
 319  637  626 0  10 1 4 1 2 4 8
 320  238  111 0  14 1 4 1 2 4 8
 321  656  567 0  10 1 4 1 2 4 8
 322  137  899 0  83 1 4 1 2 4 8
 323  642  264 0  74 1 4 1 2 4 8
 324   58  170 0  12 1 4 1 2 4 8
 325  870  556 0   9 1 4 1 2 4 8
 326  591  145 0  17 1 4 1 2 4 8
 327  449   68 0  34 1 4 1 2 4 8
 328  565  297 0  83 1 4 1 2 4 8
 329  964  721 0  21 1 4 1 2 4 8
 330   46  149 0  75 1 4 1 2 4 8
 331  185  650 0  32 1 4 1 2 4 8
 332  221  173 0   1 1 4 1 2 4 8
 333  275   39 0  51 1 4 1 2 4 8
 334  345  749 0  22 1 4 1 2 4 8
 335  109  214 0  19 1 4 1 2 4 8
 336  859  599 0  71 1 4 1 2 4 8
 337  573    5 0  41 1 4 1 2 4 8
 338   39  840 0  31 1 4 1 2 4 8
 339  866  801 0  55 1 4 1 2 4 8
 340  372  584 0  80 1 4 1 2 4 8
 341  496  416 0  83 1 4 1 2 4 8
 342  884  142 0  75 1 4 1 2 4 8
 343  990  900 0  86 1 4 1 2 4 8
 344  103  889 0  21 1 4 1 2 4 8
 345  692  422 0  43 1 4 1 2 4 8
 346  834  795 0   6 1 4 1 2 4 8
 347  485  747 0   1 1 4 1 2 4 8
 348  850  115 0   3 1 4 1 2 4 8
 349  594  109 0  83 1 4 1 2 4 8
 350  787  258 0   7 1 4 1 2 4 8
 351  285  636 0  86 1 4 1 2 4 8
 352  412  215 0  20 1 4 1 2 4 8
 353  791  434 0  58 1 4 1 2 4 8
 354  598  514 0  40 1 4 1 2 4 8
 355  407  787 0  66 1 4 1 2 4 8
 356  709  636 0  65 1 4 1 2 4 8
 357  442  933 0  25 1 4 1 2 4 8
 358  189  755 0  48 1 4 1 2 4 8
 359  732  125 0  80 1 4 1 2 4 8
 360  223  191 0  94 1 4 1 2 4 8
 361  275  823 0  29 1 4 1 2 4 8
 362  984  632 0  56 1 4 1 2 4 8
 363  808  378 0  89 1 4 1 2 4 8
 364  676  613 0  34 1 4 1 2 4 8
 365  857  228 0  10 1 4 1 2 4 8
 366   60    7 0  77 1 4 1 2 4 8
 367  682  764 0  32 1 4 1 2 4 8
 368  671  851 0  81 1 4 1 2 4 8
 369  444  919 0  41 1 4 1 2 4 8
 370  976  613 0  85 1 4 1 2 4 8
 371  805  114 0  96 1 4 1 2 4 8
 372  601  297 0   1 1 4 1 2 4 8
 373  913  747 0  74 1 4 1 2 4 8
 374  542  218 0  72 1 4 1 2 4 8
 375  168  915 0  21 1 4 1 2 4 8
 376  140  609 0  95 1 4 1 2 4 8
 377  609  590 0  32 1 4 1 2 4 8
 378   36  663 0  82 1 4 1 2 4 8
 379   21  251 0  94 1 4 1 2 4 8
 380  753  262 0   8 1 4 1 2 4 8
 381  710   58 0  96 1 4 1 2 4 8
 382  790  241 0  14 1 4 1 2 4 8
 383  387  819 0  61 1 4 1 2 4 8
 384  474  188 0  57 1 4 1 2 4 8
 385  533  707 0  75 1 4 1 2 4 8
 386  507  670 0  57 1 4 1 2 4 8
 387  970  319 0  84 1 4 1 2 4 8
 388  257  283 0  24 1 4 1 2 4 8
 389  800  162 0  86 1 4 1 2 4 8
 390  216  429 0  82 1 4 1 2 4 8
 391  408  903 0  45 1 4 1 2 4 8
 392  447  246 0  43 1 4 1 2 4 8
 393  438  121 0  38 1 4 1 2 4 8
 394  206  162 0  18 1 4 1 2 4 8
 395  812  639 0  62 1 4 1 2 4 8
 396  383  424 0  83 1 4 1 2 4 8
 397  990  159 0  71 1 4 1 2 4 8
 398  546  784 0  26 1 4 1 2 4 8
 399  138   26 0  54 1 4 1 2 4 8
 400  787  839 0  88 1 4 1 2 4 8
 401  284  572 0  55 1 4 1 2 4 8
 402  115  799 0  44 1 4 1 2 4 8
 403  619  572 0  96 1 4 1 2 4 8
 404  417  106 0  95 1 4 1 2 4 8
 405  292  733 0  75 1 4 1 2 4 8
 406  477  946 0  91 1 4 1 2 4 8
 407  275  896 0  55 1 4 1 2 4 8
 408  987  471 0  58 1 4 1 2 4 8
 409  639   14 0  31 1 4 1 2 4 8
 410  458  934 0  42 1 4 1 2 4 8
 411  247  317 0  69 1 4 1 2 4 8
 412  602  919 0  44 1 4 1 2 4 8
 413  179   34 0  69 1 4 1 2 4 8
 414  873  576 0  90 1 4 1 2 4 8
 415  933  687 0  20 1 4 1 2 4 8
 416  661  891 0  22 1 4 1 2 4 8
 417  219   31 0  33 1 4 1 2 4 8
 418  550  929 0  58 1 4 1 2 4 8
 419  154  293 0  61 1 4 1 2 4 8
 420  376  843 0  26 1 4 1 2 4 8
 421  549  841 0  30 1 4 1 2 4 8
 422   28  429 0  13 1 4 1 2 4 8
 423  325  575 0   5 1 4 1 2 4 8
 424  811  247 0  39 1 4 1 2 4 8
 425  979  489 0  34 1 4 1 2 4 8
 426   59  878 0  73 1 4 1 2 4 8
 427  172  449 0   9 1 4 1 2 4 8
 428  519  468 0  33 1 4 1 2 4 8
 429  441  487 0  84 1 4 1 2 4 8
 430  415  507 0  27 1 4 1 2 4 8
 431  967  162 0  90 1 4 1 2 4 8
 432  892  996 0  15 1 4 1 2 4 8
 433  437  747 0  37 1 4 1 2 4 8
 434  530  496 0  72 1 4 1 2 4 8
 435  851  582 0  41 1 4 1 2 4 8
 436  208  954 0  56 1 4 1 2 4 8
 437  143  203 0  36 1 4 1 2 4 8
 438  471  470 0  64 1 4 1 2 4 8
 439  289  563 0  60 1 4 1 2 4 8
 440  819  633 0  72 1 4 1 2 4 8
 441  800  100 0 100 1 4 1 2 4 8
 442  292  548 0  91 1 4 1 2 4 8
 443  170  470 0   1 1 4 1 2 4 8
 444  540  732 0  53 1 4 1 2 4 8
 445  754  644 0   2 1 4 1 2 4 8
 446  214  720 0  43 1 4 1 2 4 8
 447  311  194 0  80 1 4 1 2 4 8
 448   13  585 0  53 1 4 1 2 4 8
 449  785  972 0   4 1 4 1 2 4 8
 450  615  564 0  39 1 4 1 2 4 8
 451  124  670 0  22 1 4 1 2 4 8
 452  122  859 0  94 1 4 1 2 4 8
 453  882  620 0  68 1 4 1 2 4 8
 454  521   65 0  42 1 4 1 2 4 8
 455  750  451 0  60 1 4 1 2 4 8
 456  834  395 0   5 1 4 1 2 4 8
 457  984  539 0  65 1 4 1 2 4 8
 458  901  452 0  47 1 4 1 2 4 8
 459  153   58 0  24 1 4 1 2 4 8
 460  121  421 0  97 1 4 1 2 4 8
 461  215  498 0  69 1 4 1 2 4 8
 462  329  622 0   5 1 4 1 2 4 8
 463  871  529 0  72 1 4 1 2 4 8
 464  967  119 0  55 1 4 1 2 4 8
 465  638  530 0  19 1 4 1 2 4 8
 466   47  251 0  17 1 4 1 2 4 8
 467  243  136 0  48 1 4 1 2 4 8
 468  532  669 0  24 1 4 1 2 4 8
 469  735  424 0  79 1 4 1 2 4 8
 470  130  138 0  76 1 4 1 2 4 8
 471  189  344 0  88 1 4 1 2 4 8
 472  765  754 0  41 1 4 1 2 4 8
 473  142  998 0   8 1 4 1 2 4 8
 474  710  448 0  70 1 4 1 2 4 8
 475  413  330 0  81 1 4 1 2 4 8
 476  967  261 0  25 1 4 1 2 4 8
 477  400  525 0  58 1 4 1 2 4 8
 478  447  656 0  49 1 4 1 2 4 8
 479  819  350 0  69 1 4 1 2 4 8
 480  707  546 0  98 1 4 1 2 4 8
 481  120  379 0  51 1 4 1 2 4 8
 482  355   29 0   3 1 4 1 2 4 8
 483  939  180 0  69 1 4 1 2 4 8
 484  977  948 0  85 1 4 1 2 4 8
 485  538  435 0  15 1 4 1 2 4 8
 486  648  610 0  81 1 4 1 2 4 8
 487  741  497 0 100 1 4 1 2 4 8
 488  971  862 0  21 1 4 1 2 4 8
 489  540  316 0  85 1 4 1 2 4 8
 490  126  116 0  56 1 4 1 2 4 8
 491  373  717 0  26 1 4 1 2 4 8
 492  863  373 0  14 1 4 1 2 4 8
 493  256  646 0  84 1 4 1 2 4 8
 494  353  202 0  31 1 4 1 2 4 8
 495  725  431 0   6 1 4 1 2 4 8
 496  204  486 0  47 1 4 1 2 4 8
 497  866  663 0  37 1 4 1 2 4 8
 498  961   15 0  97 1 4 1 2 4 8
 499  347  748 0  99 1 4 1 2 4 8
 500  902  868 0  12 1 4 1 2 4 8
 501  704  580 0  56 1 4 1 2 4 8
 502  458    4 0  38 1 4 1 2 4 8
 503  490  936 0  51 1 4 1 2 4 8
 504  766  748 0   2 1 4 1 2 4 8
 505  547  163 0  38 1 4 1 2 4 8
 506  324  262 0  85 1 4 1 2 4 8
 507  797  579 0  70 1 4 1 2 4 8
 508  435  328 0  38 1 4 1 2 4 8
 509  671  992 0  79 1 4 1 2 4 8
 510  871  486 0  45 1 4 1 2 4 8
 511   49  375 0  64 1 4 1 2 4 8
 512  364  192 0  56 1 4 1 2 4 8
 513  354  205 0 100 1 4 1 2 4 8
 514  622  509 0  68 1 4 1 2 4 8
 515  512  719 0  36 1 4 1 2 4 8
 516  984  766 0  72 1 4 1 2 4 8
 517  150   56 0  58 1 4 1 2 4 8
 518  608  329 0  93 1 4 1 2 4 8
 519  228  682 0  50 1 4 1 2 4 8
 520   80  599 0   1 1 4 1 2 4 8
 521  144  858 0  23 1 4 1 2 4 8
 522  246  963 0  94 1 4 1 2 4 8
 523  734  100 0  28 1 4 1 2 4 8
 524  893  486 0  38 1 4 1 2 4 8
 525  287  244 0  72 1 4 1 2 4 8
 526  709  878 0  51 1 4 1 2 4 8
 527  468  490 0  92 1 4 1 2 4 8
 528  879  125 0  84 1 4 1 2 4 8
 529  931  379 0  49 1 4 1 2 4 8
 530  869  656 0  62 1 4 1 2 4 8
 531  128  327 0  59 1 4 1 2 4 8
 532  532   56 0  25 1 4 1 2 4 8
 533  413  888 0  55 1 4 1 2 4 8
 534  795  572 0  33 1 4 1 2 4 8
 535  873  855 0  69 1 4 1 2 4 8
 536   82  588 0  14 1 4 1 2 4 8
 537  833  880 0  44 1 4 1 2 4 8
 538  427  232 0  27 1 4 1 2 4 8
 539  345  161 0  26 1 4 1 2 4 8
 540  220  609 0  20 1 4 1 2 4 8
 541  642  764 0  93 1 4 1 2 4 8
 542  441  471 0   7 1 4 1 2 4 8
 543  505  314 0  34 1 4 1 2 4 8
 544  927  179 0   1 1 4 1 2 4 8
 545  826  324 0  23 1 4 1 2 4 8
 546  686  316 0  69 1 4 1 2 4 8
 547  533  795 0  18 1 4 1 2 4 8
 548  322  670 0  38 1 4 1 2 4 8
 549   72  911 0  66 1 4 1 2 4 8
 550  838  146 0  71 1 4 1 2 4 8
 551  870  249 0  36 1 4 1 2 4 8
 552  794   88 0  84 1 4 1 2 4 8
 553  692  132 0  33 1 4 1 2 4 8
 554   53  695 0  96 1 4 1 2 4 8
 555  961   45 0  57 1 4 1 2 4 8
 556  951  259 0  82 1 4 1 2 4 8
 557  804  876 0  40 1 4 1 2 4 8
 558  470  669 0  35 1 4 1 2 4 8
 559  263  485 0   1 1 4 1 2 4 8
 560  483  192 0  41 1 4 1 2 4 8
 561   36  523 0  82 1 4 1 2 4 8
 562  140  523 0  82 1 4 1 2 4 8
 563  416  998 0  27 1 4 1 2 4 8
 564   15  335 0  11 1 4 1 2 4 8
 565  905  378 0  47 1 4 1 2 4 8
 566  824  852 0  65 1 4 1 2 4 8
 567  475  142 0  97 1 4 1 2 4 8
 568  992  996 0  15 1 4 1 2 4 8
 569  498   87 0  16 1 4 1 2 4 8
 570  214  673 0  47 1 4 1 2 4 8
 571  570  841 0  25 1 4 1 2 4 8
 572  254  270 0  12 1 4 1 2 4 8
 573  680  684 0  52 1 4 1 2 4 8
 574   19  948 0  22 1 4 1 2 4 8
 575  700    4 0  45 1 4 1 2 4 8
 576  591  654 0  32 1 4 1 2 4 8
 577  863  226 0  44 1 4 1 2 4 8
 578  849  662 0  32 1 4 1 2 4 8
 579  338  706 0  27 1 4 1 2 4 8
 580  183  131 0  85 1 4 1 2 4 8
 581  782  472 0  87 1 4 1 2 4 8
 582  568  891 0  50 1 4 1 2 4 8
 583  512  630 0  51 1 4 1 2 4 8
 584    6  937 0  33 1 4 1 2 4 8
 585  383  595 0  64 1 4 1 2 4 8
 586  595  530 0  41 1 4 1 2 4 8
 587  755  287 0  18 1 4 1 2 4 8
 588  874  243 0  48 1 4 1 2 4 8
 589  372  425 0  40 1 4 1 2 4 8
 590  158  398 0  21 1 4 1 2 4 8
 591  352  290 0  21 1 4 1 2 4 8
 592  366  743 0  52 1 4 1 2 4 8
 593  517  176 0   2 1 4 1 2 4 8
 594  811  666 0  16 1 4 1 2 4 8
 595  706  371 0  58 1 4 1 2 4 8
 596  991  603 0   3 1 4 1 2 4 8
 597    7  333 0  87 1 4 1 2 4 8
 598  701  583 0  75 1 4 1 2 4 8
 599   57  376 0  78 1 4 1 2 4 8
 600  882  783 0  45 1 4 1 2 4 8
 601  725  948 0  53 1 4 1 2 4 8
 602   98  792 0  48 1 4 1 2 4 8
 603  902  273 0  45 1 4 1 2 4 8
 604  778  286 0  56 1 4 1 2 4 8
 605  936  858 0  35 1 4 1 2 4 8
 606  655   56 0  76 1 4 1 2 4 8
 607   24  582 0  26 1 4 1 2 4 8
 608  439  885 0  89 1 4 1 2 4 8
 609  923  611 0   8 1 4 1 2 4 8
 610  636  739 0  17 1 4 1 2 4 8
 611  171  416 0  20 1 4 1 2 4 8
 612  294   22 0  89 1 4 1 2 4 8
 613  416  679 0  66 1 4 1 2 4 8
 614  259  516 0   2 1 4 1 2 4 8
 615  678  987 0  32 1 4 1 2 4 8
 616  187  778 0  14 1 4 1 2 4 8
 617   70  295 0  35 1 4 1 2 4 8
 618   46  262 0  66 1 4 1 2 4 8
 619  270  455 0   2 1 4 1 2 4 8
 620  859  993 0  91 1 4 1 2 4 8
 621  172  501 0  90 1 4 1 2 4 8
 622  866  112 0   6 1 4 1 2 4 8
 623  166  950 0  26 1 4 1 2 4 8
 624  874  133 0  45 1 4 1 2 4 8
 625   85  285 0  38 1 4 1 2 4 8
 626  442  445 0  43 1 4 1 2 4 8
 627  397  815 0  80 1 4 1 2 4 8
 628  872  867 0  26 1 4 1 2 4 8
 629  564  826 0  26 1 4 1 2 4 8
 630  162  703 0  59 1 4 1 2 4 8
 631  301  848 0 100 1 4 1 2 4 8
 632  247  420 0  44 1 4 1 2 4 8
 633  287  744 0  83 1 4 1 2 4 8
 634  970   86 0  79 1 4 1 2 4 8
 635  364  441 0  98 1 4 1 2 4 8
 636  758  369 0  85 1 4 1 2 4 8
 637  219  211 0  28 1 4 1 2 4 8
 638  658  653 0  28 1 4 1 2 4 8
 639  145  753 0  15 1 4 1 2 4 8
 640  599  270 0 100 1 4 1 2 4 8
 641  594  298 0  89 1 4 1 2 4 8
 642  546  930 0  35 1 4 1 2 4 8
 643  345    5 0  17 1 4 1 2 4 8
 644  401  742 0  79 1 4 1 2 4 8
 645  559   19 0  52 1 4 1 2 4 8
 646  969  987 0  29 1 4 1 2 4 8
 647  384  615 0  93 1 4 1 2 4 8
 648  430   38 0  68 1 4 1 2 4 8
 649  171  219 0   9 1 4 1 2 4 8
 650  563  917 0  14 1 4 1 2 4 8
 651   90  314 0  24 1 4 1 2 4 8
 652  687  691 0   4 1 4 1 2 4 8
 653  765  310 0  90 1 4 1 2 4 8
 654  307  808 0  97 1 4 1 2 4 8
 655  879  165 0  13 1 4 1 2 4 8
 656  658  808 0  35 1 4 1 2 4 8
 657  458  237 0  12 1 4 1 2 4 8
 658  733  815 0  75 1 4 1 2 4 8
 659  644   82 0   4 1 4 1 2 4 8
 660  602  806 0  22 1 4 1 2 4 8
 661  128  343 0  37 1 4 1 2 4 8
 662  801  777 0  46 1 4 1 2 4 8
 663  468  962 0  81 1 4 1 2 4 8
 664  915  545 0  81 1 4 1 2 4 8
 665  384  453 0  16 1 4 1 2 4 8
 666  691  666 0  34 1 4 1 2 4 8
 667  901  107 0  66 1 4 1 2 4 8
 668    7  656 0  15 1 4 1 2 4 8
 669 1000   84 0  84 1 4 1 2 4 8
 670  835  326 0  97 1 4 1 2 4 8
 671  503  685 0  53 1 4 1 2 4 8
 672  672  863 0  16 1 4 1 2 4 8
 673  830  726 0  37 1 4 1 2 4 8
 674  990  681 0  20 1 4 1 2 4 8
 675  876  451 0  78 1 4 1 2 4 8
 676  237  542 0  49 1 4 1 2 4 8
 677  644  101 0  32 1 4 1 2 4 8
 678  244  651 0   3 1 4 1 2 4 8
 679  573  976 0  97 1 4 1 2 4 8
 680  465  378 0  79 1 4 1 2 4 8
 681  770  331 0  15 1 4 1 2 4 8
 682  919  500 0  69 1 4 1 2 4 8
 683   51  109 0 100 1 4 1 2 4 8
 684  404  922 0  66 1 4 1 2 4 8
 685  849  611 0  31 1 4 1 2 4 8
 686  846  399 0  20 1 4 1 2 4 8
 687  683  593 0  47 1 4 1 2 4 8
 688  741  149 0  51 1 4 1 2 4 8
 689  557  441 0  24 1 4 1 2 4 8
 690  361  845 0  91 1 4 1 2 4 8
 691  764  913 0  39 1 4 1 2 4 8
 692  215  108 0  45 1 4 1 2 4 8
 693  961  833 0  82 1 4 1 2 4 8
 694   15   78 0  38 1 4 1 2 4 8
 695  300  771 0  82 1 4 1 2 4 8
 696  440  394 0 100 1 4 1 2 4 8
 697   89  925 0   5 1 4 1 2 4 8
 698  674  353 0   5 1 4 1 2 4 8
 699  513  369 0  18 1 4 1 2 4 8
 700  260  283 0  60 1 4 1 2 4 8
 701  886  410 0   1 1 4 1 2 4 8
 702  796  858 0  99 1 4 1 2 4 8
 703  168  948 0  17 1 4 1 2 4 8
 704   64  659 0  82 1 4 1 2 4 8
 705  343  778 0  32 1 4 1 2 4 8
 706  258  716 0  51 1 4 1 2 4 8
 707  308  373 0  25 1 4 1 2 4 8
 708  391  179 0  99 1 4 1 2 4 8
 709  940  482 0  59 1 4 1 2 4 8
 710  595  869 0  27 1 4 1 2 4 8
 711  447   46 0  19 1 4 1 2 4 8
 712   21  834 0  38 1 4 1 2 4 8
 713  227  763 0  82 1 4 1 2 4 8
 714  824  298 0  95 1 4 1 2 4 8
 715  646  459 0  52 1 4 1 2 4 8
 716    1  738 0  65 1 4 1 2 4 8
 717  140  381 0  93 1 4 1 2 4 8
 718  594  862 0  99 1 4 1 2 4 8
 719  844   33 0  78 1 4 1 2 4 8
 720  134  431 0 100 1 4 1 2 4 8
 721  924  581 0  95 1 4 1 2 4 8
 722  199  574 0  11 1 4 1 2 4 8
 723  926  283 0  45 1 4 1 2 4 8
 724  153   55 0  16 1 4 1 2 4 8
 725  502  460 0  20 1 4 1 2 4 8
 726  536  997 0  58 1 4 1 2 4 8
 727  935   55 0  39 1 4 1 2 4 8
 728  103  138 0  70 1 4 1 2 4 8
 729  683  869 0  82 1 4 1 2 4 8
 730  395  444 0  76 1 4 1 2 4 8
 731  986  129 0  81 1 4 1 2 4 8
 732  984  713 0  56 1 4 1 2 4 8
 733  654  602 0   2 1 4 1 2 4 8
 734   44   16 0  99 1 4 1 2 4 8
 735  732  731 0  57 1 4 1 2 4 8
 736  407  390 0  98 1 4 1 2 4 8
 737  846  152 0  29 1 4 1 2 4 8
 738  919  295 0  67 1 4 1 2 4 8
 739   87  349 0  45 1 4 1 2 4 8
 740  569  633 0  12 1 4 1 2 4 8
 741  923  336 0  10 1 4 1 2 4 8
 742  675  339 0   1 1 4 1 2 4 8
 743  107  102 0  65 1 4 1 2 4 8
 744  906  665 0  40 1 4 1 2 4 8
 745   65  135 0  95 1 4 1 2 4 8
 746  444   91 0  28 1 4 1 2 4 8
 747  803  176 0  64 1 4 1 2 4 8
 748  794  749 0  87 1 4 1 2 4 8
 749   35  641 0  96 1 4 1 2 4 8
 750  152  994 0  29 1 4 1 2 4 8
 751  171   21 0  35 1 4 1 2 4 8
 752  934  333 0   9 1 4 1 2 4 8
 753  248  460 0  65 1 4 1 2 4 8
 754  732  781 0  46 1 4 1 2 4 8
 755  530  786 0  24 1 4 1 2 4 8
 756  180  232 0  57 1 4 1 2 4 8
 757  424   72 0  38 1 4 1 2 4 8
 758  445  808 0  12 1 4 1 2 4 8
 759  898  348 0  19 1 4 1 2 4 8
 760  595  607 0  31 1 4 1 2 4 8
 761  649  616 0  79 1 4 1 2 4 8
 762  479  474 0  44 1 4 1 2 4 8
 763  611  535 0  38 1 4 1 2 4 8
 764  125  389 0  82 1 4 1 2 4 8
 765  180  602 0  55 1 4 1 2 4 8
 766   64   75 0  12 1 4 1 2 4 8
 767  356  666 0  89 1 4 1 2 4 8
 768  304   94 0  63 1 4 1 2 4 8
 769   84   39 0  82 1 4 1 2 4 8
 770  568  899 0  26 1 4 1 2 4 8
 771  683  543 0  46 1 4 1 2 4 8
 772  741   21 0  94 1 4 1 2 4 8
 773  156  184 0  31 1 4 1 2 4 8
 774  169   69 0  97 1 4 1 2 4 8
 775  683  970 0  60 1 4 1 2 4 8
 776   19  122 0  14 1 4 1 2 4 8
 777  896  258 0  59 1 4 1 2 4 8
 778  507  912 0  14 1 4 1 2 4 8
 779   46  780 0  15 1 4 1 2 4 8
 780  437   52 0  72 1 4 1 2 4 8
 781   90  537 0  12 1 4 1 2 4 8
 782  424  183 0  89 1 4 1 2 4 8
 783  123  476 0   8 1 4 1 2 4 8
 784  313  929 0  68 1 4 1 2 4 8
 785  275  875 0  85 1 4 1 2 4 8
 786  735  589 0  46 1 4 1 2 4 8
 787  843  560 0  30 1 4 1 2 4 8
 788  156  457 0  86 1 4 1 2 4 8
 789  887  715 0  53 1 4 1 2 4 8
 790  681  336 0  55 1 4 1 2 4 8
 791  696  156 0  41 1 4 1 2 4 8
 792  396  446 0  39 1 4 1 2 4 8
 793  703  340 0  61 1 4 1 2 4 8
 794  312  145 0  73 1 4 1 2 4 8
 795  940  127 0  29 1 4 1 2 4 8
 796  878  753 0  35 1 4 1 2 4 8
 797  643  654 0  46 1 4 1 2 4 8
 798  179   89 0  49 1 4 1 2 4 8
 799   62  757 0  47 1 4 1 2 4 8
 800  155  437 0  55 1 4 1 2 4 8
 801  893  405 0   2 1 4 1 2 4 8
 802  235  983 0  60 1 4 1 2 4 8
 803  362  967 0  17 1 4 1 2 4 8
 804  564  393 0   6 1 4 1 2 4 8
 805  389  668 0  73 1 4 1 2 4 8
 806  130  704 0  57 1 4 1 2 4 8
 807  253   18 0  77 1 4 1 2 4 8
 808  431   87 0   9 1 4 1 2 4 8
 809  479  703 0  96 1 4 1 2 4 8
 810  546  631 0  38 1 4 1 2 4 8
 811  895  994 0   9 1 4 1 2 4 8
 812  855  794 0  51 1 4 1 2 4 8
 813  317  261 0   3 1 4 1 2 4 8
 814  392   59 0  92 1 4 1 2 4 8
 815  203  300 0  71 1 4 1 2 4 8
 816  980   25 0   3 1 4 1 2 4 8
 817   54  630 0  55 1 4 1 2 4 8
 818  579  974 0  65 1 4 1 2 4 8
 819  362  631 0  70 1 4 1 2 4 8
 820  552  359 0  46 1 4 1 2 4 8
 821  645  466 0  82 1 4 1 2 4 8
 822  252  479 0  51 1 4 1 2 4 8
 823  325  333 0  10 1 4 1 2 4 8
 824  737   68 0  20 1 4 1 2 4 8
 825  302  615 0  45 1 4 1 2 4 8
 826  863  250 0  54 1 4 1 2 4 8
 827  838  389 0  39 1 4 1 2 4 8
 828  467  993 0  56 1 4 1 2 4 8
 829  240  748 0  51 1 4 1 2 4 8
 830  119  256 0  37 1 4 1 2 4 8
 831  900  553 0  95 1 4 1 2 4 8
 832  916  125 0  17 1 4 1 2 4 8
 833  757  841 0  30 1 4 1 2 4 8
 834  186  397 0  28 1 4 1 2 4 8
 835   40  692 0   2 1 4 1 2 4 8
 836  286  522 0   9 1 4 1 2 4 8
 837  920  427 0  61 1 4 1 2 4 8
 838  829  413 0  55 1 4 1 2 4 8
 839  147  971 0  31 1 4 1 2 4 8
 840   23  735 0  14 1 4 1 2 4 8
 841  220  667 0  12 1 4 1 2 4 8
 842  663  774 0  64 1 4 1 2 4 8
 843  282  281 0  49 1 4 1 2 4 8
 844  270  928 0  73 1 4 1 2 4 8
 845   27  690 0  21 1 4 1 2 4 8
 846  521  871 0  10 1 4 1 2 4 8
 847  663  389 0  67 1 4 1 2 4 8
 848  266  826 0  57 1 4 1 2 4 8
 849    3  650 0  48 1 4 1 2 4 8
 850   50  736 0  82 1 4 1 2 4 8
 851  708  379 0  32 1 4 1 2 4 8
 852   97  689 0   9 1 4 1 2 4 8
 853  877  647 0  63 1 4 1 2 4 8
 854  645  929 0  54 1 4 1 2 4 8
 855  469  484 0  34 1 4 1 2 4 8
 856  891  505 0   9 1 4 1 2 4 8
 857  786  589 0  63 1 4 1 2 4 8
 858  894  485 0  99 1 4 1 2 4 8
 859  793  398 0  69 1 4 1 2 4 8
 860  755  812 0  63 1 4 1 2 4 8
 861  637   59 0  90 1 4 1 2 4 8
 862  287  898 0  64 1 4 1 2 4 8
 863  350  722 0  38 1 4 1 2 4 8
 864  246  255 0  20 1 4 1 2 4 8
 865  879  386 0  48 1 4 1 2 4 8
 866  372   11 0  39 1 4 1 2 4 8
 867  345  342 0  50 1 4 1 2 4 8
 868  740  232 0  15 1 4 1 2 4 8
 869  478  234 0  54 1 4 1 2 4 8
 870  698   31 0  55 1 4 1 2 4 8
 871  886  240 0  16 1 4 1 2 4 8
 872  568  132 0  33 1 4 1 2 4 8
 873  763  648 0  45 1 4 1 2 4 8
 874  730  579 0   6 1 4 1 2 4 8
 875  107  353 0  31 1 4 1 2 4 8
 876  447  119 0  38 1 4 1 2 4 8
 877  440  424 0  71 1 4 1 2 4 8
 878  643  262 0  62 1 4 1 2 4 8
 879  982  747 0  38 1 4 1 2 4 8
 880  129  667 0  31 1 4 1 2 4 8
 881  725  840 0  73 1 4 1 2 4 8
 882  602  345 0  82 1 4 1 2 4 8
 883  399  366 0  25 1 4 1 2 4 8
 884  837  301 0  83 1 4 1 2 4 8
 885  183  892 0  45 1 4 1 2 4 8
 886  785  216 0  28 1 4 1 2 4 8
 887  609  780 0  34 1 4 1 2 4 8
 888  196  674 0  41 1 4 1 2 4 8
 889  519  586 0  67 1 4 1 2 4 8
 890  705  792 0  13 1 4 1 2 4 8
 891  886  192 0  58 1 4 1 2 4 8
 892    4  570 0  36 1 4 1 2 4 8
 893  193  661 0  27 1 4 1 2 4 8
 894  388   16 0  61 1 4 1 2 4 8
 895  704  838 0  53 1 4 1 2 4 8
 896  474  939 0  87 1 4 1 2 4 8
 897  691  754 0  74 1 4 1 2 4 8
 898  739  153 0  12 1 4 1 2 4 8
 899  651  969 0  96 1 4 1 2 4 8
 900  523  957 0  74 1 4 1 2 4 8
 901  219  606 0  25 1 4 1 2 4 8
 902  467  732 0   8 1 4 1 2 4 8
 903  916  991 0  12 1 4 1 2 4 8
 904  993   18 0  98 1 4 1 2 4 8
 905  394   30 0  75 1 4 1 2 4 8
 906  589  330 0  51 1 4 1 2 4 8
 907  844   34 0  24 1 4 1 2 4 8
 908  892   35 0  64 1 4 1 2 4 8
 909  813   33 0  41 1 4 1 2 4 8
 910  145  656 0  76 1 4 1 2 4 8
 911   37  795 0  59 1 4 1 2 4 8
 912  573  629 0  30 1 4 1 2 4 8
 913  323   97 0  64 1 4 1 2 4 8
 914   10  835 0  32 1 4 1 2 4 8
 915  499  204 0  90 1 4 1 2 4 8
 916  714  259 0   6 1 4 1 2 4 8
 917  423  690 0  58 1 4 1 2 4 8
 918  393  812 0  75 1 4 1 2 4 8
 919  445  321 0  32 1 4 1 2 4 8
 920  734  838 0  27 1 4 1 2 4 8
 921  424  571 0   6 1 4 1 2 4 8
 922  537  614 0  95 1 4 1 2 4 8
 923  504  100 0  45 1 4 1 2 4 8
 924  213  263 0  21 1 4 1 2 4 8
 925  780   19 0   9 1 4 1 2 4 8
 926   52  377 0  43 1 4 1 2 4 8
 927  748  223 0  25 1 4 1 2 4 8
 928  424  224 0  39 1 4 1 2 4 8
 929  177  440 0  21 1 4 1 2 4 8
 930  484  975 0  85 1 4 1 2 4 8
 931  486  446 0  16 1 4 1 2 4 8
 932  149  418 0   6 1 4 1 2 4 8
 933  957  536 0  29 1 4 1 2 4 8
 934  329  225 0  84 1 4 1 2 4 8
 935  870  417 0  84 1 4 1 2 4 8
 936  165  684 0  11 1 4 1 2 4 8
 937  651  291 0   1 1 4 1 2 4 8
 938  847  781 0  15 1 4 1 2 4 8
 939  242  920 0  43 1 4 1 2 4 8
 940  927  114 0  95 1 4 1 2 4 8
 941  869  982 0   1 1 4 1 2 4 8
 942  588  639 0  91 1 4 1 2 4 8
 943  757  884 0  28 1 4 1 2 4 8
 944  557  200 0  76 1 4 1 2 4 8
 945  952  627 0   6 1 4 1 2 4 8
 946  998  595 0  84 1 4 1 2 4 8
 947  159  250 0   3 1 4 1 2 4 8
 948  884  429 0  45 1 4 1 2 4 8
 949  695  327 0  89 1 4 1 2 4 8
 950  378  572 0   5 1 4 1 2 4 8
 951  994  891 0  95 1 4 1 2 4 8
 952    0  562 0  19 1 4 1 2 4 8
 953  683  569 0  17 1 4 1 2 4 8
 954  561  467 0  12 1 4 1 2 4 8
 955  335  651 0  58 1 4 1 2 4 8
 956  997  346 0  30 1 4 1 2 4 8
 957  743  928 0  49 1 4 1 2 4 8
 958  751  596 0  55 1 4 1 2 4 8
 959  771   57 0  74 1 4 1 2 4 8
 960  333  240 0  32 1 4 1 2 4 8
 961  395  503 0  29 1 4 1 2 4 8
 962  593  202 0  36 1 4 1 2 4 8
 963  210  803 0  80 1 4 1 2 4 8
 964  424  344 0  29 1 4 1 2 4 8
 965  182  895 0 100 1 4 1 2 4 8
 966  840  577 0  98 1 4 1 2 4 8
 967  111   46 0  80 1 4 1 2 4 8
 968  980  266 0  37 1 4 1 2 4 8
 969  194  465 0  10 1 4 1 2 4 8
 970  133  662 0  64 1 4 1 2 4 8
 971   15  979 0  84 1 4 1 2 4 8
 972  556  439 0  77 1 4 1 2 4 8
 973  652   86 0  40 1 4 1 2 4 8
 974  181  511 0  43 1 4 1 2 4 8
 975  945  867 0  99 1 4 1 2 4 8
 976  574  688 0  75 1 4 1 2 4 8
 977  421  244 0  86 1 4 1 2 4 8
 978  790  391 0  58 1 4 1 2 4 8
 979  237  141 0  33 1 4 1 2 4 8
 980  114  807 0  44 1 4 1 2 4 8
 981  541  611 0  72 1 4 1 2 4 8
 982  158    6 0  36 1 4 1 2 4 8
 983  545  613 0  60 1 4 1 2 4 8
 984  947  597 0  35 1 4 1 2 4 8
 985  673  655 0   4 1 4 1 2 4 8
 986  239  590 0  94 1 4 1 2 4 8
 987   49  726 0  76 1 4 1 2 4 8
 988  963  514 0  64 1 4 1 2 4 8
 989  779  149 0  35 1 4 1 2 4 8
 990  492    0 0  10 1 4 1 2 4 8
 991  852  394 0   4 1 4 1 2 4 8
 992  988  613 0  90 1 4 1 2 4 8
 993  732  748 0  56 1 4 1 2 4 8
 994   13  761 0  87 1 4 1 2 4 8
 995  969  356 0  91 1 4 1 2 4 8
 996  965  313 0  85 1 4 1 2 4 8
 997  630  478 0  77 1 4 1 2 4 8
 998  667  700 0  69 1 4 1 2 4 8
 999  157  997 0  47 1 4 1 2 4 8
1000  184   60 0  59 1 4 1 2 4 8
1001  664  777 0  31 1 4 1 2 4 8
1002  310  492 0  37 1 4 1 2 4 8
1003  710  260 0  89 1 4 1 2 4 8
1004  134  630 0  18 1 4 1 2 4 8
1005  163  330 0  67 1 4 1 2 4 8
1006  368  908 0  85 1 4 1 2 4 8
1007  875  396 0  52 1 4 1 2 4 8
1008  509  693 0  97 1 4 1 2 4 8
1009  919  975 0  83 1 4 1 2 4 8
1010  847  692 0  21 1 4 1 2 4 8
1011  523  889 0  12 1 4 1 2 4 8
1012  594  163 0  90 1 4 1 2 4 8
1013  613  936 0  95 1 4 1 2 4 8
1014  577  592 0  87 1 4 1 2 4 8
1015  110  789 0  14 1 4 1 2 4 8
1016  253  103 0  14 1 4 1 2 4 8
1017  940  791 0  76 1 4 1 2 4 8
1018  633  245 0  50 1 4 1 2 4 8
1019  527  751 0  95 1 4 1 2 4 8
1020  684  801 0  41 1 4 1 2 4 8
1021  690  790 0  66 1 4 1 2 4 8
1022   35  977 0  96 1 4 1 2 4 8
1023  166  462 0  85 1 4 1 2 4 8
1024    7  945 0  34 1 4 1 2 4 8
1025  584  763 0  15 1 4 1 2 4 8
1026  669  546 0  69 1 4 1 2 4 8
1027  682  470 0  57 1 4 1 2 4 8
1028  777  774 0  98 1 4 1 2 4 8
1029  966  244 0  59 1 4 1 2 4 8
1030  945   38 0  45 1 4 1 2 4 8
1031  233  436 0  14 1 4 1 2 4 8
1032  540  626 0  49 1 4 1 2 4 8
1033  462  403 0  17 1 4 1 2 4 8
1034  261  512 0 100 1 4 1 2 4 8
1035  658  920 0  11 1 4 1 2 4 8
1036  102  810 0  42 1 4 1 2 4 8
1037  940  337 0  48 1 4 1 2 4 8
1038  280   12 0  15 1 4 1 2 4 8
1039  823  744 0  56 1 4 1 2 4 8
1040  430  661 0  38 1 4 1 2 4 8
1041   41  429 0  48 1 4 1 2 4 8
1042  153  769 0  46 1 4 1 2 4 8
1043  387  839 0  82 1 4 1 2 4 8
1044  552  885 0  26 1 4 1 2 4 8
1045  231  486 0  64 1 4 1 2 4 8
1046  996  985 0  21 1 4 1 2 4 8
1047  471  958 0  38 1 4 1 2 4 8
1048  679  887 0  84 1 4 1 2 4 8
1049  285  731 0  75 1 4 1 2 4 8
1050  571  251 0  20 1 4 1 2 4 8
1051   78  371 0  73 1 4 1 2 4 8
1052  668   66 0  38 1 4 1 2 4 8
1053  990  307 0  98 1 4 1 2 4 8
1054  915  368 0  67 1 4 1 2 4 8
1055  933  416 0  61 1 4 1 2 4 8
1056  589  542 0  34 1 4 1 2 4 8
1057  722   73 0   9 1 4 1 2 4 8
1058  435  459 0  11 1 4 1 2 4 8
1059  847  438 0   6 1 4 1 2 4 8
1060  224  223 0  17 1 4 1 2 4 8
1061  675  171 0  39 1 4 1 2 4 8
1062  993  114 0  82 1 4 1 2 4 8
1063  264   60 0  19 1 4 1 2 4 8
1064  754  531 0  79 1 4 1 2 4 8
1065  175  936 0  64 1 4 1 2 4 8
1066  669  659 0  67 1 4 1 2 4 8
1067  416  253 0  84 1 4 1 2 4 8
1068  692   82 0  95 1 4 1 2 4 8
1069  767  206 0  32 1 4 1 2 4 8
1070  977  781 0  15 1 4 1 2 4 8
1071  745  317 0  95 1 4 1 2 4 8
1072  203  991 0  12 1 4 1 2 4 8
1073  550  991 0  49 1 4 1 2 4 8
1074   48   89 0  64 1 4 1 2 4 8
1075  772  673 0  96 1 4 1 2 4 8
1076  440   91 0  56 1 4 1 2 4 8
1077  572  398 0  46 1 4 1 2 4 8
1078  555  532 0  11 1 4 1 2 4 8
1079  186  541 0  10 1 4 1 2 4 8
1080  497   85 0  93 1 4 1 2 4 8
1081  798  726 0  49 1 4 1 2 4 8
1082  766  935 0  83 1 4 1 2 4 8
1083  959  888 0  16 1 4 1 2 4 8
1084  646  374 0  83 1 4 1 2 4 8
1085  572  516 0  82 1 4 1 2 4 8
1086  455  331 0  44 1 4 1 2 4 8
1087  164  190 0   4 1 4 1 2 4 8
1088  749  487 0  77 1 4 1 2 4 8
1089    5  115 0  13 1 4 1 2 4 8
1090  886  307 0  67 1 4 1 2 4 8
1091    5  764 0  38 1 4 1 2 4 8
1092  231  279 0  55 1 4 1 2 4 8
1093  976  216 0  28 1 4 1 2 4 8
1094  762   80 0  59 1 4 1 2 4 8
1095   42  197 0 100 1 4 1 2 4 8
1096  379  234 0  86 1 4 1 2 4 8
1097  206  821 0  40 1 4 1 2 4 8
1098  727  604 0  16 1 4 1 2 4 8
1099  496  161 0  21 1 4 1 2 4 8
1100  776  980 0  48 1 4 1 2 4 8
1101  854  135 0  34 1 4 1 2 4 8
1102  971  143 0  25 1 4 1 2 4 8
1103  300  226 0  95 1 4 1 2 4 8
1104  641  557 0  96 1 4 1 2 4 8
1105  278  719 0   6 1 4 1 2 4 8
1106  684  380 0  41 1 4 1 2 4 8
1107  347  568 0  11 1 4 1 2 4 8
1108  242  453 0  16 1 4 1 2 4 8
1109  318  304 0  63 1 4 1 2 4 8
1110  547  114 0  82 1 4 1 2 4 8
1111  610  835 0  69 1 4 1 2 4 8
1112  556  173 0  22 1 4 1 2 4 8
1113   75  235 0  89 1 4 1 2 4 8
1114  658  890 0  95 1 4 1 2 4 8
1115  921  431 0  47 1 4 1 2 4 8
1116  142  216 0  66 1 4 1 2 4 8
1117  272  443 0  47 1 4 1 2 4 8
1118  967  413 0  85 1 4 1 2 4 8
1119  619  750 0  39 1 4 1 2 4 8
1120  499  994 0  15 1 4 1 2 4 8
1121   38  305 0   1 1 4 1 2 4 8
1122  494  820 0  35 1 4 1 2 4 8
1123  574  202 0  48 1 4 1 2 4 8
1124   95  244 0  67 1 4 1 2 4 8
1125  633  824 0  70 1 4 1 2 4 8
1126   14  567 0  42 1 4 1 2 4 8
1127  188  978 0  61 1 4 1 2 4 8
1128  431  583 0  82 1 4 1 2 4 8
1129  568  281 0   1 1 4 1 2 4 8
1130  551  997 0  33 1 4 1 2 4 8
1131  462  507 0  32 1 4 1 2 4 8
1132   19  463 0  28 1 4 1 2 4 8
1133  630  614 0  44 1 4 1 2 4 8
1134    6  792 0  33 1 4 1 2 4 8
1135  273  113 0  35 1 4 1 2 4 8
1136  267  800 0  32 1 4 1 2 4 8
1137  291  175 0  63 1 4 1 2 4 8
1138  681   16 0  17 1 4 1 2 4 8
1139  294  649 0  67 1 4 1 2 4 8
1140  356  802 0  64 1 4 1 2 4 8
1141  479  715 0  58 1 4 1 2 4 8
1142  511  519 0  16 1 4 1 2 4 8
1143  918   55 0  30 1 4 1 2 4 8
1144  491  826 0  47 1 4 1 2 4 8
1145  715  236 0  23 1 4 1 2 4 8
1146   64  995 0  92 1 4 1 2 4 8
1147  677  118 0  65 1 4 1 2 4 8
1148  820  209 0  24 1 4 1 2 4 8
1149   97   50 0  63 1 4 1 2 4 8
1150  561  711 0  80 1 4 1 2 4 8
1151   33  416 0   1 1 4 1 2 4 8
1152  830  930 0  37 1 4 1 2 4 8
1153  656  654 0  39 1 4 1 2 4 8
1154    6  978 0  96 1 4 1 2 4 8
1155  509  872 0   6 1 4 1 2 4 8
1156  281  838 0  42 1 4 1 2 4 8
1157  406  387 0  29 1 4 1 2 4 8
1158  511  700 0  76 1 4 1 2 4 8
1159  660  846 0  10 1 4 1 2 4 8
1160  751  924 0  60 1 4 1 2 4 8
1161  873  224 0  38 1 4 1 2 4 8
1162  307  221 0  96 1 4 1 2 4 8
1163  337  453 0  65 1 4 1 2 4 8
1164  353  595 0 100 1 4 1 2 4 8
1165  414  262 0   1 1 4 1 2 4 8
1166  347  118 0  66 1 4 1 2 4 8
1167  694  121 0  73 1 4 1 2 4 8
1168  568  344 0  57 1 4 1 2 4 8
1169  525  332 0  67 1 4 1 2 4 8
1170  562  600 0  34 1 4 1 2 4 8
1171  906    0 0  25 1 4 1 2 4 8
1172  433  555 0  46 1 4 1 2 4 8
1173  221  345 0  84 1 4 1 2 4 8
1174  919  842 0  51 1 4 1 2 4 8
1175  794  422 0  64 1 4 1 2 4 8
1176  569  342 0  73 1 4 1 2 4 8
1177   32  489 0  54 1 4 1 2 4 8
1178   80    2 0  24 1 4 1 2 4 8
1179  340  790 0  97 1 4 1 2 4 8
1180  427  469 0  16 1 4 1 2 4 8
1181  906  284 0  88 1 4 1 2 4 8
1182  234  948 0  88 1 4 1 2 4 8
1183  709  327 0  26 1 4 1 2 4 8
1184  736  409 0  37 1 4 1 2 4 8
1185  811  761 0  76 1 4 1 2 4 8
1186  188   83 0  82 1 4 1 2 4 8
1187  808  255 0  53 1 4 1 2 4 8
1188   43   96 0  67 1 4 1 2 4 8
1189   53  924 0  52 1 4 1 2 4 8
1190  231  950 0  65 1 4 1 2 4 8
1191  638  820 0  69 1 4 1 2 4 8
1192  641  564 0  77 1 4 1 2 4 8
1193  652  673 0  93 1 4 1 2 4 8
1194   74  579 0  88 1 4 1 2 4 8
1195  795  554 0  42 1 4 1 2 4 8
1196   93  149 0  64 1 4 1 2 4 8
1197  578   25 0  31 1 4 1 2 4 8
1198   31  896 0  51 1 4 1 2 4 8
1199  505  849 0  98 1 4 1 2 4 8
1200  369  486 0  87 1 4 1 2 4 8
1201  630  681 0   4 1 4 1 2 4 8
1202  849  564 0  99 1 4 1 2 4 8
1203  503  489 0  70 1 4 1 2 4 8
1204  121  747 0  35 1 4 1 2 4 8
1205  350  286 0  90 1 4 1 2 4 8
1206  457  304 0  66 1 4 1 2 4 8
1207  145   73 0  54 1 4 1 2 4 8
1208  772  136 0  41 1 4 1 2 4 8
1209  483  307 0  11 1 4 1 2 4 8
1210  561  193 0  12 1 4 1 2 4 8
1211  969  509 0   3 1 4 1 2 4 8
1212  617  667 0  25 1 4 1 2 4 8
1213  496  871 0  43 1 4 1 2 4 8
1214   38  816 0  43 1 4 1 2 4 8
1215  166  674 0  38 1 4 1 2 4 8
1216   78  504 0  41 1 4 1 2 4 8
1217  191  993 0  22 1 4 1 2 4 8
1218  592  918 0  15 1 4 1 2 4 8
1219  678  451 0  23 1 4 1 2 4 8
1220  397  922 0  29 1 4 1 2 4 8
1221  434  460 0  28 1 4 1 2 4 8
1222  738  341 0  54 1 4 1 2 4 8
1223  150   92 0  56 1 4 1 2 4 8
1224  292  243 0  87 1 4 1 2 4 8
1225  237  469 0  11 1 4 1 2 4 8
1226  304  677 0  75 1 4 1 2 4 8
1227  148  844 0  22 1 4 1 2 4 8
1228  793  231 0  40 1 4 1 2 4 8
1229   61  648 0  88 1 4 1 2 4 8
1230  155  427 0  72 1 4 1 2 4 8
1231  331  935 0  56 1 4 1 2 4 8
1232  359  361 0  33 1 4 1 2 4 8
1233  552  340 0  71 1 4 1 2 4 8
1234  117  265 0  10 1 4 1 2 4 8
1235  315  390 0  11 1 4 1 2 4 8
1236   23  693 0  68 1 4 1 2 4 8
1237  637  590 0  36 1 4 1 2 4 8
1238  735  492 0  51 1 4 1 2 4 8
1239  765  268 0   6 1 4 1 2 4 8
1240  835  266 0  43 1 4 1 2 4 8
1241  221  208 0  57 1 4 1 2 4 8
1242  698  672 0  29 1 4 1 2 4 8
1243  864  998 0  91 1 4 1 2 4 8
1244  883  964 0  48 1 4 1 2 4 8
1245  227  309 0  92 1 4 1 2 4 8
1246  832  175 0  80 1 4 1 2 4 8
1247  312  539 0  14 1 4 1 2 4 8
1248  557  101 0  62 1 4 1 2 4 8
1249  686  776 0  31 1 4 1 2 4 8
1250  376  759 0  14 1 4 1 2 4 8
1251  500  142 0   5 1 4 1 2 4 8
1252  294  241 0  75 1 4 1 2 4 8
1253  173  603 0  43 1 4 1 2 4 8
1254  462  253 0  94 1 4 1 2 4 8
1255  743  638 0  52 1 4 1 2 4 8
1256   30  246 0  80 1 4 1 2 4 8
1257  740  763 0  21 1 4 1 2 4 8
1258  692  580 0  69 1 4 1 2 4 8
1259  395  508 0  64 1 4 1 2 4 8
1260  844  860 0  53 1 4 1 2 4 8
1261  234  217 0  14 1 4 1 2 4 8
1262   97  110 0   8 1 4 1 2 4 8
1263  606  148 0  93 1 4 1 2 4 8
1264  970  219 0  78 1 4 1 2 4 8
1265  652  107 0  34 1 4 1 2 4 8
1266   36  940 0  73 1 4 1 2 4 8
1267  143  267 0  72 1 4 1 2 4 8
1268  658  926 0  24 1 4 1 2 4 8
1269  237   76 0  35 1 4 1 2 4 8
1270  231  267 0  63 1 4 1 2 4 8
1271  631  546 0  29 1 4 1 2 4 8
1272  983  604 0   6 1 4 1 2 4 8
1273  832  637 0  46 1 4 1 2 4 8
1274  396  158 0  26 1 4 1 2 4 8
1275  779  114 0  11 1 4 1 2 4 8
1276  786  335 0  66 1 4 1 2 4 8
1277  355   65 0   2 1 4 1 2 4 8
1278  457  371 0  94 1 4 1 2 4 8
1279  384  386 0  43 1 4 1 2 4 8
1280  562  128 0  51 1 4 1 2 4 8
1281  992  517 0  30 1 4 1 2 4 8
1282  924  940 0  50 1 4 1 2 4 8
1283  809  411 0  42 1 4 1 2 4 8
1284  273  624 0  21 1 4 1 2 4 8
1285  234   44 0  70 1 4 1 2 4 8
1286   24  362 0  37 1 4 1 2 4 8
1287  373  994 0  16 1 4 1 2 4 8
1288  333   53 0  48 1 4 1 2 4 8
1289  469  375 0  29 1 4 1 2 4 8
1290  122  942 0  13 1 4 1 2 4 8
1291  558  372 0  22 1 4 1 2 4 8
1292  472  743 0  39 1 4 1 2 4 8
1293  608  740 0   3 1 4 1 2 4 8
1294   75  842 0  92 1 4 1 2 4 8
1295  120  562 0  20 1 4 1 2 4 8
1296   87  594 0  58 1 4 1 2 4 8
1297  470  182 0  23 1 4 1 2 4 8
1298  351  931 0  12 1 4 1 2 4 8
1299  798  408 0  70 1 4 1 2 4 8
1300  949   13 0  63 1 4 1 2 4 8
1301  221  156 0   1 1 4 1 2 4 8
1302  568  196 0  51 1 4 1 2 4 8
1303   30  237 0  50 1 4 1 2 4 8
1304  136  969 0  21 1 4 1 2 4 8
1305  714  664 0  59 1 4 1 2 4 8
1306  772  705 0  91 1 4 1 2 4 8
1307  949  659 0  66 1 4 1 2 4 8
1308  108  771 0  48 1 4 1 2 4 8
1309  608  570 0  76 1 4 1 2 4 8
1310  720  170 0  71 1 4 1 2 4 8
1311  163  967 0  50 1 4 1 2 4 8
1312  629  234 0  32 1 4 1 2 4 8
1313  855  724 0  64 1 4 1 2 4 8
1314   31  337 0  39 1 4 1 2 4 8
1315  605  894 0  63 1 4 1 2 4 8
1316    6  969 0  28 1 4 1 2 4 8
1317  502  402 0  89 1 4 1 2 4 8
1318  216  345 0  92 1 4 1 2 4 8
1319  348  638 0  96 1 4 1 2 4 8
1320  843  822 0  17 1 4 1 2 4 8
1321  556  312 0  95 1 4 1 2 4 8
1322  277  645 0  46 1 4 1 2 4 8
1323  455  226 0  23 1 4 1 2 4 8
1324  327   93 0  18 1 4 1 2 4 8
1325  291  741 0   9 1 4 1 2 4 8
1326  948  238 0  52 1 4 1 2 4 8
1327  924  274 0 100 1 4 1 2 4 8
1328  712  118 0  97 1 4 1 2 4 8
1329  505  812 0  63 1 4 1 2 4 8
1330  949  560 0  16 1 4 1 2 4 8
1331  249  745 0  70 1 4 1 2 4 8
1332  559  450 0  33 1 4 1 2 4 8
1333  746  777 0  55 1 4 1 2 4 8
1334  931  931 0  14 1 4 1 2 4 8
1335  604  704 0  39 1 4 1 2 4 8
1336   44  676 0  76 1 4 1 2 4 8
1337    3  273 0  16 1 4 1 2 4 8
1338  174  614 0  29 1 4 1 2 4 8
1339  168  463 0  14 1 4 1 2 4 8
1340  669  871 0  30 1 4 1 2 4 8
1341  191  779 0  20 1 4 1 2 4 8
1342   78  966 0  53 1 4 1 2 4 8
1343  153  813 0  49 1 4 1 2 4 8
1344    9  855 0  56 1 4 1 2 4 8
1345  893  805 0  57 1 4 1 2 4 8
1346  750  187 0  52 1 4 1 2 4 8
1347  985  135 0   1 1 4 1 2 4 8
1348   55  922 0  35 1 4 1 2 4 8
1349  305   46 0   3 1 4 1 2 4 8
1350  657  700 0  75 1 4 1 2 4 8
1351  489  700 0  92 1 4 1 2 4 8
1352  419  129 0  79 1 4 1 2 4 8
1353  302  299 0  10 1 4 1 2 4 8
1354   77  132 0  17 1 4 1 2 4 8
1355  390  298 0  44 1 4 1 2 4 8
1356  132  265 0  64 1 4 1 2 4 8
1357  598  780 0  27 1 4 1 2 4 8
1358  540  826 0  21 1 4 1 2 4 8
1359  275  389 0  64 1 4 1 2 4 8
1360  262  885 0  27 1 4 1 2 4 8
1361    9  690 0  42 1 4 1 2 4 8
1362  883  360 0  27 1 4 1 2 4 8
1363  815  572 0  22 1 4 1 2 4 8
1364  798  369 0  13 1 4 1 2 4 8
1365  133  851 0  67 1 4 1 2 4 8
1366  764  925 0  74 1 4 1 2 4 8
1367   64  143 0  15 1 4 1 2 4 8
1368  935    0 0  76 1 4 1 2 4 8
1369  572  577 0  27 1 4 1 2 4 8
1370  852  794 0  44 1 4 1 2 4 8
1371  305  834 0  70 1 4 1 2 4 8
1372  492  810 0  73 1 4 1 2 4 8
1373  963  998 0  17 1 4 1 2 4 8
1374  985  159 0  71 1 4 1 2 4 8
1375  345  402 0  16 1 4 1 2 4 8
1376  190  846 0  26 1 4 1 2 4 8
1377  331   58 0   1 1 4 1 2 4 8
1378   30  337 0  98 1 4 1 2 4 8
1379  572  309 0  24 1 4 1 2 4 8
1380  184  224 0  98 1 4 1 2 4 8
1381  806  192 0   1 1 4 1 2 4 8
1382  286  817 0  28 1 4 1 2 4 8
1383  196  443 0  25 1 4 1 2 4 8
1384  295  298 0  14 1 4 1 2 4 8
1385  284  464 0   8 1 4 1 2 4 8
1386  879  158 0  46 1 4 1 2 4 8
1387  836  271 0  70 1 4 1 2 4 8
1388  522  188 0   8 1 4 1 2 4 8
1389  854  374 0  44 1 4 1 2 4 8
1390  217  784 0  95 1 4 1 2 4 8
1391  709  933 0  29 1 4 1 2 4 8
1392  530  342 0  44 1 4 1 2 4 8
1393  529  353 0  26 1 4 1 2 4 8
1394  782  729 0  68 1 4 1 2 4 8
1395  279  785 0  62 1 4 1 2 4 8
1396  652  242 0  34 1 4 1 2 4 8
1397  108  865 0  21 1 4 1 2 4 8
1398  340  537 0  93 1 4 1 2 4 8
1399   64  648 0   0 0 0
1400  432  795 0   0 0 0
1401  464  899 0   0 0 0
1402  270  866 0   0 0 0
