2 124 1412 8
0 244
0 244
0 244
0 244
0 244
0 244
0 244
0 244
   1 109 482 0  17 1 8 1 2 4 8 16 32 64 128
   2 983 963 0  37 1 8 1 2 4 8 16 32 64 128
   3 313 945 0   1 1 8 1 2 4 8 16 32 64 128
   4 472 390 0  80 1 8 1 2 4 8 16 32 64 128
   5  31 481 0   1 1 8 1 2 4 8 16 32 64 128
   6 301  15 0  99 1 8 1 2 4 8 16 32 64 128
   7  29 540 0  75 1 8 1 2 4 8 16 32 64 128
   8 505 310 0  73 1 8 1 2 4 8 16 32 64 128
   9  45 905 0  61 1 8 1 2 4 8 16 32 64 128
  10 781 256 0   5 1 8 1 2 4 8 16 32 64 128
  11  94 118 0  67 1 8 1 2 4 8 16 32 64 128
  12 698 334 0   9 1 8 1 2 4 8 16 32 64 128
  13 529 377 0  30 1 8 1 2 4 8 16 32 64 128
  14  41 168 0  83 1 8 1 2 4 8 16 32 64 128
  15 494 121 0   9 1 8 1 2 4 8 16 32 64 128
  16 993 851 0  71 1 8 1 2 4 8 16 32 64 128
  17 992 595 0  94 1 8 1 2 4 8 16 32 64 128
  18 420 262 0  45 1 8 1 2 4 8 16 32 64 128
  19 124 361 0  44 1 8 1 2 4 8 16 32 64 128
  20   0 228 0  27 1 8 1 2 4 8 16 32 64 128
  21  24 227 0  52 1 8 1 2 4 8 16 32 64 128
  22  39 257 0  75 1 8 1 2 4 8 16 32 64 128
  23   3  89 0  43 1 8 1 2 4 8 16 32 64 128
  24 659 715 0  60 1 8 1 2 4 8 16 32 64 128
  25 237 283 0   9 1 8 1 2 4 8 16 32 64 128
  26 346 280 0  12 1 8 1 2 4 8 16 32 64 128
  27 254 896 0  25 1 8 1 2 4 8 16 32 64 128
  28 357 590 0   6 1 8 1 2 4 8 16 32 64 128
  29 484 124 0  73 1 8 1 2 4 8 16 32 64 128
  30 847 977 0  22 1 8 1 2 4 8 16 32 64 128
  31 377 429 0  80 1 8 1 2 4 8 16 32 64 128
  32 610 301 0  70 1 8 1 2 4 8 16 32 64 128
  33 109 748 0  26 1 8 1 2 4 8 16 32 64 128
  34  71 103 0  50 1 8 1 2 4 8 16 32 64 128
  35 436 896 0  38 1 8 1 2 4 8 16 32 64 128
  36 771 686 0  26 1 8 1 2 4 8 16 32 64 128
  37 560 956 0  10 1 8 1 2 4 8 16 32 64 128
  38 561 947 0  90 1 8 1 2 4 8 16 32 64 128
  39 945 644 0  68 1 8 1 2 4 8 16 32 64 128
  40 957 542 0  83 1 8 1 2 4 8 16 32 64 128
  41 856 940 0  72 1 8 1 2 4 8 16 32 64 128
  42 750 768 0  68 1 8 1 2 4 8 16 32 64 128
  43 190 596 0  88 1 8 1 2 4 8 16 32 64 128
  44 553 479 0  90 1 8 1 2 4 8 16 32 64 128
  45  83 762 0  16 1 8 1 2 4 8 16 32 64 128
  46 673 461 0  40 1 8 1 2 4 8 16 32 64 128
  47 594 307 0  17 1 8 1 2 4 8 16 32 64 128
  48 223 860 0  88 1 8 1 2 4 8 16 32 64 128
  49  42 642 0  22 1 8 1 2 4 8 16 32 64 128
  50 667 568 0   8 1 8 1 2 4 8 16 32 64 128
  51 302 702 0  16 1 8 1 2 4 8 16 32 64 128
  52  30 409 0   1 1 8 1 2 4 8 16 32 64 128
  53 243 204 0  94 1 8 1 2 4 8 16 32 64 128
  54 685 322 0  23 1 8 1 2 4 8 16 32 64 128
  55 336 838 0  78 1 8 1 2 4 8 16 32 64 128
  56 882 760 0  31 1 8 1 2 4 8 16 32 64 128
  57 797 558 0  80 1 8 1 2 4 8 16 32 64 128
  58 793 570 0  39 1 8 1 2 4 8 16 32 64 128
  59 972 935 0  25 1 8 1 2 4 8 16 32 64 128
  60  68 821 0  74 1 8 1 2 4 8 16 32 64 128
  61 671 893 0  19 1 8 1 2 4 8 16 32 64 128
  62 150 765 0  88 1 8 1 2 4 8 16 32 64 128
  63  18  97 0  44 1 8 1 2 4 8 16 32 64 128
  64 391 216 0  24 1 8 1 2 4 8 16 32 64 128
  65 851 191 0   2 1 8 1 2 4 8 16 32 64 128
  66 463 473 0  66 1 8 1 2 4 8 16 32 64 128
  67 240 412 0  29 1 8 1 2 4 8 16 32 64 128
  68  77 741 0  13 1 8 1 2 4 8 16 32 64 128
  69 767 464 0  16 1 8 1 2 4 8 16 32 64 128
  70 717 273 0  74 1 8 1 2 4 8 16 32 64 128
  71 174  84 0  26 1 8 1 2 4 8 16 32 64 128
  72 326  23 0  67 1 8 1 2 4 8 16 32 64 128
  73 901 879 0   2 1 8 1 2 4 8 16 32 64 128
  74 914 833 0  18 1 8 1 2 4 8 16 32 64 128
  75 616  63 0  64 1 8 1 2 4 8 16 32 64 128
  76 915 914 0  52 1 8 1 2 4 8 16 32 64 128
  77  86 110 0  19 1 8 1 2 4 8 16 32 64 128
  78 394 423 0  26 1 8 1 2 4 8 16 32 64 128
  79 284  17 0  42 1 8 1 2 4 8 16 32 64 128
  80 293 460 0  35 1 8 1 2 4 8 16 32 64 128
  81 379 558 0  53 1 8 1 2 4 8 16 32 64 128
  82 299 656 0  24 1 8 1 2 4 8 16 32 64 128
  83 132 159 0  94 1 8 1 2 4 8 16 32 64 128
  84 856 788 0  76 1 8 1 2 4 8 16 32 64 128
  85 210 349 0  69 1 8 1 2 4 8 16 32 64 128
  86 849 379 0  46 1 8 1 2 4 8 16 32 64 128
  87 521 971 0   3 1 8 1 2 4 8 16 32 64 128
  88 532 627 0  71 1 8 1 2 4 8 16 32 64 128
  89 356 820 0   1 1 8 1 2 4 8 16 32 64 128
  90 568 843 0  96 1 8 1 2 4 8 16 32 64 128
  91 391 710 0  77 1 8 1 2 4 8 16 32 64 128
  92 531 462 0  68 1 8 1 2 4 8 16 32 64 128
  93 292  49 0  44 1 8 1 2 4 8 16 32 64 128
  94 994 504 0  98 1 8 1 2 4 8 16 32 64 128
  95 710 855 0  99 1 8 1 2 4 8 16 32 64 128
  96 534 387 0  88 1 8 1 2 4 8 16 32 64 128
  97 965 629 0  61 1 8 1 2 4 8 16 32 64 128
  98 167 956 0  16 1 8 1 2 4 8 16 32 64 128
  99  22 741 0  37 1 8 1 2 4 8 16 32 64 128
 100 636 399 0  38 1 8 1 2 4 8 16 32 64 128
 101 796 939 0  78 1 8 1 2 4 8 16 32 64 128
 102 450 743 0  25 1 8 1 2 4 8 16 32 64 128
 103 740 606 0  83 1 8 1 2 4 8 16 32 64 128
 104 809 626 0  22 1 8 1 2 4 8 16 32 64 128
 105 514 995 0  53 1 8 1 2 4 8 16 32 64 128
 106 240 243 0  83 1 8 1 2 4 8 16 32 64 128
 107 250 809 0  13 1 8 1 2 4 8 16 32 64 128
 108 673 275 0  28 1 8 1 2 4 8 16 32 64 128
 109 228 795 0  30 1 8 1 2 4 8 16 32 64 128
 110 422 778 0  64 1 8 1 2 4 8 16 32 64 128
 111  84 103 0  64 1 8 1 2 4 8 16 32 64 128
 112 918 758 0  24 1 8 1 2 4 8 16 32 64 128
 113 490 164 0  99 1 8 1 2 4 8 16 32 64 128
 114 323 285 0  77 1 8 1 2 4 8 16 32 64 128
 115 838 749 0  18 1 8 1 2 4 8 16 32 64 128
 116 206 195 0  37 1 8 1 2 4 8 16 32 64 128
 117 573 332 0  99 1 8 1 2 4 8 16 32 64 128
 118 665  33 0  87 1 8 1 2 4 8 16 32 64 128
 119 692 914 0  97 1 8 1 2 4 8 16 32 64 128
 120 633 864 0  36 1 8 1 2 4 8 16 32 64 128
 121   1 129 0  85 1 8 1 2 4 8 16 32 64 128
 122 424 909 0  72 1 8 1 2 4 8 16 32 64 128
 123 708 301 0  19 1 8 1 2 4 8 16 32 64 128
 124 690 826 0  80 1 8 1 2 4 8 16 32 64 128
 125  86 830 0  93 1 8 1 2 4 8 16 32 64 128
 126 834 550 0  19 1 8 1 2 4 8 16 32 64 128
 127 136 760 0  54 1 8 1 2 4 8 16 32 64 128
 128 676 391 0   9 1 8 1 2 4 8 16 32 64 128
 129 619 152 0  28 1 8 1 2 4 8 16 32 64 128
 130 912 131 0  11 1 8 1 2 4 8 16 32 64 128
 131 973 335 0  64 1 8 1 2 4 8 16 32 64 128
 132 927 797 0   9 1 8 1 2 4 8 16 32 64 128
 133 132 406 0  62 1 8 1 2 4 8 16 32 64 128
 134 553 969 0  80 1 8 1 2 4 8 16 32 64 128
 135 522 401 0  87 1 8 1 2 4 8 16 32 64 128
 136 295 586 0  40 1 8 1 2 4 8 16 32 64 128
 137 151   8 0  45 1 8 1 2 4 8 16 32 64 128
 138 377 271 0  84 1 8 1 2 4 8 16 32 64 128
 139 707 704 0  71 1 8 1 2 4 8 16 32 64 128
 140 824 937 0  36 1 8 1 2 4 8 16 32 64 128
 141  53 856 0  32 1 8 1 2 4 8 16 32 64 128
 142 162 725 0  81 1 8 1 2 4 8 16 32 64 128
 143 315 347 0  50 1 8 1 2 4 8 16 32 64 128
 144 380 897 0  58 1 8 1 2 4 8 16 32 64 128
 145 696  22 0  10 1 8 1 2 4 8 16 32 64 128
 146 760 673 0  93 1 8 1 2 4 8 16 32 64 128
 147 410 741 0  99 1 8 1 2 4 8 16 32 64 128
 148 335 951 0  66 1 8 1 2 4 8 16 32 64 128
 149 661 459 0  97 1 8 1 2 4 8 16 32 64 128
 150 490 683 0  77 1 8 1 2 4 8 16 32 64 128
 151 697 734 0  50 1 8 1 2 4 8 16 32 64 128
 152 659 691 0  98 1 8 1 2 4 8 16 32 64 128
 153 594 290 0  44 1 8 1 2 4 8 16 32 64 128
 154 176 993 0  54 1 8 1 2 4 8 16 32 64 128
 155 679 120 0  95 1 8 1 2 4 8 16 32 64 128
 156 216 615 0  27 1 8 1 2 4 8 16 32 64 128
 157  92 663 0  35 1 8 1 2 4 8 16 32 64 128
 158 267 621 0  99 1 8 1 2 4 8 16 32 64 128
 159 646 568 0  41 1 8 1 2 4 8 16 32 64 128
 160 906  75 0  39 1 8 1 2 4 8 16 32 64 128
 161 892 473 0  49 1 8 1 2 4 8 16 32 64 128
 162 244 213 0  18 1 8 1 2 4 8 16 32 64 128
 163  84  60 0  82 1 8 1 2 4 8 16 32 64 128
 164 402 736 0  70 1 8 1 2 4 8 16 32 64 128
 165 322 243 0  38 1 8 1 2 4 8 16 32 64 128
 166 782 525 0  75 1 8 1 2 4 8 16 32 64 128
 167 884 650 0  87 1 8 1 2 4 8 16 32 64 128
 168 442 179 0  73 1 8 1 2 4 8 16 32 64 128
 169  29 914 0  81 1 8 1 2 4 8 16 32 64 128
 170 233 846 0  21 1 8 1 2 4 8 16 32 64 128
 171 894  28 0  44 1 8 1 2 4 8 16 32 64 128
 172 129 581 0  60 1 8 1 2 4 8 16 32 64 128
 173 569 150 0  17 1 8 1 2 4 8 16 32 64 128
 174 844 850 0  31 1 8 1 2 4 8 16 32 64 128
 175  70 447 0  87 1 8 1 2 4 8 16 32 64 128
 176 950  89 0  35 1 8 1 2 4 8 16 32 64 128
 177 882 669 0   3 1 8 1 2 4 8 16 32 64 128
 178 219 793 0   6 1 8 1 2 4 8 16 32 64 128
 179 308 696 0  61 1 8 1 2 4 8 16 32 64 128
 180 388 277 0  29 1 8 1 2 4 8 16 32 64 128
 181 375 114 0  65 1 8 1 2 4 8 16 32 64 128
 182 240 346 0  66 1 8 1 2 4 8 16 32 64 128
 183 625 827 0  56 1 8 1 2 4 8 16 32 64 128
 184 910  82 0  80 1 8 1 2 4 8 16 32 64 128
 185 966 573 0  72 1 8 1 2 4 8 16 32 64 128
 186 847 699 0  55 1 8 1 2 4 8 16 32 64 128
 187 964 981 0  92 1 8 1 2 4 8 16 32 64 128
 188 915 405 0  97 1 8 1 2 4 8 16 32 64 128
 189 104  96 0   8 1 8 1 2 4 8 16 32 64 128
 190 408   7 0  91 1 8 1 2 4 8 16 32 64 128
 191  77 952 0  70 1 8 1 2 4 8 16 32 64 128
 192 570 693 0  65 1 8 1 2 4 8 16 32 64 128
 193 707 105 0  33 1 8 1 2 4 8 16 32 64 128
 194 346 620 0  15 1 8 1 2 4 8 16 32 64 128
 195 372 817 0  17 1 8 1 2 4 8 16 32 64 128
 196 255 800 0  23 1 8 1 2 4 8 16 32 64 128
 197 999  70 0  71 1 8 1 2 4 8 16 32 64 128
 198 279 712 0  69 1 8 1 2 4 8 16 32 64 128
 199 915 123 0   2 1 8 1 2 4 8 16 32 64 128
 200  91 242 0  33 1 8 1 2 4 8 16 32 64 128
 201 677 390 0   7 1 8 1 2 4 8 16 32 64 128
 202 977 282 0  53 1 8 1 2 4 8 16 32 64 128
 203 790 754 0  12 1 8 1 2 4 8 16 32 64 128
 204 160 904 0  19 1 8 1 2 4 8 16 32 64 128
 205 939 286 0  21 1 8 1 2 4 8 16 32 64 128
 206 153 729 0  67 1 8 1 2 4 8 16 32 64 128
 207 642 749 0  50 1 8 1 2 4 8 16 32 64 128
 208 588 177 0  40 1 8 1 2 4 8 16 32 64 128
 209 379 400 0  44 1 8 1 2 4 8 16 32 64 128
 210 131 402 0  41 1 8 1 2 4 8 16 32 64 128
 211 503 655 0  33 1 8 1 2 4 8 16 32 64 128
 212 298 638 0  51 1 8 1 2 4 8 16 32 64 128
 213 408 921 0  71 1 8 1 2 4 8 16 32 64 128
 214 929 988 0  74 1 8 1 2 4 8 16 32 64 128
 215 784 611 0  75 1 8 1 2 4 8 16 32 64 128
 216 512 472 0  64 1 8 1 2 4 8 16 32 64 128
 217 245 780 0  40 1 8 1 2 4 8 16 32 64 128
 218 597 768 0  63 1 8 1 2 4 8 16 32 64 128
 219 758 648 0  66 1 8 1 2 4 8 16 32 64 128
 220 669 699 0  89 1 8 1 2 4 8 16 32 64 128
 221 405 951 0  60 1 8 1 2 4 8 16 32 64 128
 222 620  65 0  27 1 8 1 2 4 8 16 32 64 128
 223 529 904 0   9 1 8 1 2 4 8 16 32 64 128
 224 396 912 0  97 1 8 1 2 4 8 16 32 64 128
 225 468  51 0  22 1 8 1 2 4 8 16 32 64 128
 226 452 533 0   7 1 8 1 2 4 8 16 32 64 128
 227 621 337 0   8 1 8 1 2 4 8 16 32 64 128
 228 582 129 0  28 1 8 1 2 4 8 16 32 64 128
 229 150  75 0  33 1 8 1 2 4 8 16 32 64 128
 230 499 191 0  42 1 8 1 2 4 8 16 32 64 128
 231 125 428 0  96 1 8 1 2 4 8 16 32 64 128
 232 399 777 0  59 1 8 1 2 4 8 16 32 64 128
 233 570 115 0  19 1 8 1 2 4 8 16 32 64 128
 234 784 823 0  55 1 8 1 2 4 8 16 32 64 128
 235 496 278 0  82 1 8 1 2 4 8 16 32 64 128
 236 749 573 0  50 1 8 1 2 4 8 16 32 64 128
 237 540 224 0  39 1 8 1 2 4 8 16 32 64 128
 238 563 225 0  47 1 8 1 2 4 8 16 32 64 128
 239 971 986 0  40 1 8 1 2 4 8 16 32 64 128
 240 880 163 0  42 1 8 1 2 4 8 16 32 64 128
 241 423 649 0  49 1 8 1 2 4 8 16 32 64 128
 242 616 104 0  28 1 8 1 2 4 8 16 32 64 128
 243 738 644 0  63 1 8 1 2 4 8 16 32 64 128
 244 610 704 0   3 1 8 1 2 4 8 16 32 64 128
 245 435 513 0   5 1 8 1 2 4 8 16 32 64 128
 246 369 843 0  31 1 8 1 2 4 8 16 32 64 128
 247  86 672 0  90 1 8 1 2 4 8 16 32 64 128
 248 934 104 0  78 1 8 1 2 4 8 16 32 64 128
 249  74 635 0   8 1 8 1 2 4 8 16 32 64 128
 250 598 388 0  53 1 8 1 2 4 8 16 32 64 128
 251 822 869 0   6 1 8 1 2 4 8 16 32 64 128
 252 318 478 0  76 1 8 1 2 4 8 16 32 64 128
 253  81 646 0   5 1 8 1 2 4 8 16 32 64 128
 254 751 939 0  13 1 8 1 2 4 8 16 32 64 128
 255 364  21 0  95 1 8 1 2 4 8 16 32 64 128
 256 549 508 0  63 1 8 1 2 4 8 16 32 64 128
 257 287 828 0  50 1 8 1 2 4 8 16 32 64 128
 258 775 762 0  19 1 8 1 2 4 8 16 32 64 128
 259 933 915 0  42 1 8 1 2 4 8 16 32 64 128
 260 675  87 0  45 1 8 1 2 4 8 16 32 64 128
 261 915 467 0  98 1 8 1 2 4 8 16 32 64 128
 262 217 593 0  76 1 8 1 2 4 8 16 32 64 128
 263 808 612 0  74 1 8 1 2 4 8 16 32 64 128
 264 573 456 0  43 1 8 1 2 4 8 16 32 64 128
 265 152 892 0  53 1 8 1 2 4 8 16 32 64 128
 266 398 562 0  71 1 8 1 2 4 8 16 32 64 128
 267 204 289 0  35 1 8 1 2 4 8 16 32 64 128
 268 420 470 0   8 1 8 1 2 4 8 16 32 64 128
 269 834 214 0  81 1 8 1 2 4 8 16 32 64 128
 270  24 454 0  49 1 8 1 2 4 8 16 32 64 128
 271 869 166 0   5 1 8 1 2 4 8 16 32 64 128
 272   9 842 0  51 1 8 1 2 4 8 16 32 64 128
 273  51 257 0  61 1 8 1 2 4 8 16 32 64 128
 274 236 994 0  24 1 8 1 2 4 8 16 32 64 128
 275 629 270 0  53 1 8 1 2 4 8 16 32 64 128
 276 163  63 0  88 1 8 1 2 4 8 16 32 64 128
 277 228 405 0  51 1 8 1 2 4 8 16 32 64 128
 278 360 610 0  39 1 8 1 2 4 8 16 32 64 128
 279 173 937 0  35 1 8 1 2 4 8 16 32 64 128
 280 131 746 0  48 1 8 1 2 4 8 16 32 64 128
 281 112 115 0  83 1 8 1 2 4 8 16 32 64 128
 282 724 753 0  84 1 8 1 2 4 8 16 32 64 128
 283 788 320 0  61 1 8 1 2 4 8 16 32 64 128
 284 609 757 0   6 1 8 1 2 4 8 16 32 64 128
 285   0 968 0  30 1 8 1 2 4 8 16 32 64 128
 286 846 139 0  61 1 8 1 2 4 8 16 32 64 128
 287 565 462 0  77 1 8 1 2 4 8 16 32 64 128
 288 814 254 0  60 1 8 1 2 4 8 16 32 64 128
 289 953 610 0  23 1 8 1 2 4 8 16 32 64 128
 290 843 986 0   5 1 8 1 2 4 8 16 32 64 128
 291 279  67 0  89 1 8 1 2 4 8 16 32 64 128
 292 518 311 0  24 1 8 1 2 4 8 16 32 64 128
 293 128 602 0  93 1 8 1 2 4 8 16 32 64 128
 294 132  74 0  33 1 8 1 2 4 8 16 32 64 128
 295 880 870 0  82 1 8 1 2 4 8 16 32 64 128
 296 505 148 0  91 1 8 1 2 4 8 16 32 64 128
 297 768 536 0  95 1 8 1 2 4 8 16 32 64 128
 298 399 766 0  63 1 8 1 2 4 8 16 32 64 128
 299  64  73 0  78 1 8 1 2 4 8 16 32 64 128
 300 238 937 0   2 1 8 1 2 4 8 16 32 64 128
 301 202  75 0  86 1 8 1 2 4 8 16 32 64 128
 302 197 835 0  45 1 8 1 2 4 8 16 32 64 128
 303 413 454 0  94 1 8 1 2 4 8 16 32 64 128
 304 671 872 0  75 1 8 1 2 4 8 16 32 64 128
 305 552 198 0  42 1 8 1 2 4 8 16 32 64 128
 306 129  37 0  54 1 8 1 2 4 8 16 32 64 128
 307 640 484 0  96 1 8 1 2 4 8 16 32 64 128
 308 807 299 0  30 1 8 1 2 4 8 16 32 64 128
 309 221 753 0  72 1 8 1 2 4 8 16 32 64 128
 310 467 773 0  35 1 8 1 2 4 8 16 32 64 128
 311 840  54 0  21 1 8 1 2 4 8 16 32 64 128
 312 628 377 0  75 1 8 1 2 4 8 16 32 64 128
 313 541 476 0  21 1 8 1 2 4 8 16 32 64 128
 314 749 538 0  36 1 8 1 2 4 8 16 32 64 128
 315 801 700 0  27 1 8 1 2 4 8 16 32 64 128
 316 797 623 0  72 1 8 1 2 4 8 16 32 64 128
 317 765 515 0  20 1 8 1 2 4 8 16 32 64 128
 318  46 325 0  26 1 8 1 2 4 8 16 32 64 128
 319 242 706 0  92 1 8 1 2 4 8 16 32 64 128
 320 318 758 0  96 1 8 1 2 4 8 16 32 64 128
 321 402   0 0  52 1 8 1 2 4 8 16 32 64 128
 322 136 774 0  89 1 8 1 2 4 8 16 32 64 128
 323 363 528 0  33 1 8 1 2 4 8 16 32 64 128
 324 115 232 0  61 1 8 1 2 4 8 16 32 64 128
 325 200 140 0  53 1 8 1 2 4 8 16 32 64 128
 326 442 495 0  28 1 8 1 2 4 8 16 32 64 128
 327 849  29 0  72 1 8 1 2 4 8 16 32 64 128
 328 945 690 0  71 1 8 1 2 4 8 16 32 64 128
 329  63 690 0  26 1 8 1 2 4 8 16 32 64 128
 330 758  87 0   8 1 8 1 2 4 8 16 32 64 128
 331 258 976 0  51 1 8 1 2 4 8 16 32 64 128
 332 206 845 0  90 1 8 1 2 4 8 16 32 64 128
 333 920 394 0  28 1 8 1 2 4 8 16 32 64 128
 334 129 888 0  49 1 8 1 2 4 8 16 32 64 128
 335 340 930 0  78 1 8 1 2 4 8 16 32 64 128
 336 265 436 0  24 1 8 1 2 4 8 16 32 64 128
 337  44 619 0  64 1 8 1 2 4 8 16 32 64 128
 338 829 293 0  15 1 8 1 2 4 8 16 32 64 128
 339   9  91 0  96 1 8 1 2 4 8 16 32 64 128
 340 228 374 0  16 1 8 1 2 4 8 16 32 64 128
 341 755 170 0   3 1 8 1 2 4 8 16 32 64 128
 342 518 824 0  14 1 8 1 2 4 8 16 32 64 128
 343   5 998 0  45 1 8 1 2 4 8 16 32 64 128
 344 598 341 0   8 1 8 1 2 4 8 16 32 64 128
 345 480 576 0  13 1 8 1 2 4 8 16 32 64 128
 346 976 200 0  17 1 8 1 2 4 8 16 32 64 128
 347 653 324 0  86 1 8 1 2 4 8 16 32 64 128
 348  22 279 0  15 1 8 1 2 4 8 16 32 64 128
 349  31 662 0  11 1 8 1 2 4 8 16 32 64 128
 350 633 270 0  20 1 8 1 2 4 8 16 32 64 128
 351 778 559 0  50 1 8 1 2 4 8 16 32 64 128
 352 358 961 0  23 1 8 1 2 4 8 16 32 64 128
 353 864  53 0  56 1 8 1 2 4 8 16 32 64 128
 354 302 622 0  62 1 8 1 2 4 8 16 32 64 128
 355 471 787 0  40 1 8 1 2 4 8 16 32 64 128
 356 709 531 0  66 1 8 1 2 4 8 16 32 64 128
 357 385 989 0  86 1 8 1 2 4 8 16 32 64 128
 358 498 226 0  68 1 8 1 2 4 8 16 32 64 128
 359 661 558 0  52 1 8 1 2 4 8 16 32 64 128
 360 522 856 0  96 1 8 1 2 4 8 16 32 64 128
 361 762 974 0  71 1 8 1 2 4 8 16 32 64 128
 362 215 700 0  77 1 8 1 2 4 8 16 32 64 128
 363 242 543 0  87 1 8 1 2 4 8 16 32 64 128
 364 521 986 0  41 1 8 1 2 4 8 16 32 64 128
 365 957 513 0  13 1 8 1 2 4 8 16 32 64 128
 366 331 871 0  21 1 8 1 2 4 8 16 32 64 128
 367 914 877 0  47 1 8 1 2 4 8 16 32 64 128
 368 510 565 0   4 1 8 1 2 4 8 16 32 64 128
 369 362 599 0  20 1 8 1 2 4 8 16 32 64 128
 370 695 397 0   7 1 8 1 2 4 8 16 32 64 128
 371 620  83 0  49 1 8 1 2 4 8 16 32 64 128
 372  97 378 0  51 1 8 1 2 4 8 16 32 64 128
 373 304 166 0  92 1 8 1 2 4 8 16 32 64 128
 374 751 378 0  13 1 8 1 2 4 8 16 32 64 128
 375 160 667 0  91 1 8 1 2 4 8 16 32 64 128
 376 584 484 0  89 1 8 1 2 4 8 16 32 64 128
 377 655  96 0   9 1 8 1 2 4 8 16 32 64 128
 378  30 330 0  26 1 8 1 2 4 8 16 32 64 128
 379 483 617 0  49 1 8 1 2 4 8 16 32 64 128
 380 248 756 0   5 1 8 1 2 4 8 16 32 64 128
 381 536 669 0  95 1 8 1 2 4 8 16 32 64 128
 382 105 454 0  84 1 8 1 2 4 8 16 32 64 128
 383 167 375 0  25 1 8 1 2 4 8 16 32 64 128
 384 481 932 0  83 1 8 1 2 4 8 16 32 64 128
 385 424 119 0  57 1 8 1 2 4 8 16 32 64 128
 386 970  71 0  83 1 8 1 2 4 8 16 32 64 128
 387 296 262 0  43 1 8 1 2 4 8 16 32 64 128
 388 990 658 0  56 1 8 1 2 4 8 16 32 64 128
 389 519 580 0  60 1 8 1 2 4 8 16 32 64 128
 390 301 170 0  62 1 8 1 2 4 8 16 32 64 128
 391 361  55 0  20 1 8 1 2 4 8 16 32 64 128
 392 843 968 0  30 1 8 1 2 4 8 16 32 64 128
 393 997 309 0  43 1 8 1 2 4 8 16 32 64 128
 394 471 699 0  90 1 8 1 2 4 8 16 32 64 128
 395 533 376 0  26 1 8 1 2 4 8 16 32 64 128
 396 906 346 0 100 1 8 1 2 4 8 16 32 64 128
 397 131 978 0   4 1 8 1 2 4 8 16 32 64 128
 398  97 210 0  27 1 8 1 2 4 8 16 32 64 128
 399 812 775 0  79 1 8 1 2 4 8 16 32 64 128
 400 302 175 0  21 1 8 1 2 4 8 16 32 64 128
 401  32  88 0  28 1 8 1 2 4 8 16 32 64 128
 402 876 285 0  79 1 8 1 2 4 8 16 32 64 128
 403 769 352 0  59 1 8 1 2 4 8 16 32 64 128
 404 215 855 0  80 1 8 1 2 4 8 16 32 64 128
 405 870 952 0   8 1 8 1 2 4 8 16 32 64 128
 406 600 559 0  46 1 8 1 2 4 8 16 32 64 128
 407 481 717 0  65 1 8 1 2 4 8 16 32 64 128
 408 664 250 0   9 1 8 1 2 4 8 16 32 64 128
 409 748 827 0  29 1 8 1 2 4 8 16 32 64 128
 410 599 300 0  83 1 8 1 2 4 8 16 32 64 128
 411 862 702 0  78 1 8 1 2 4 8 16 32 64 128
 412 327 746 0  10 1 8 1 2 4 8 16 32 64 128
 413  99  40 0  34 1 8 1 2 4 8 16 32 64 128
 414 960 346 0  55 1 8 1 2 4 8 16 32 64 128
 415 450 583 0  12 1 8 1 2 4 8 16 32 64 128
 416 344 859 0  35 1 8 1 2 4 8 16 32 64 128
 417 774 968 0  25 1 8 1 2 4 8 16 32 64 128
 418 190 112 0  88 1 8 1 2 4 8 16 32 64 128
 419 723  25 0  24 1 8 1 2 4 8 16 32 64 128
 420  88 401 0  32 1 8 1 2 4 8 16 32 64 128
 421  16 389 0  60 1 8 1 2 4 8 16 32 64 128
 422 140 374 0  45 1 8 1 2 4 8 16 32 64 128
 423 445 719 0  12 1 8 1 2 4 8 16 32 64 128
 424 820 524 0  48 1 8 1 2 4 8 16 32 64 128
 425 181  76 0  65 1 8 1 2 4 8 16 32 64 128
 426 842 339 0   4 1 8 1 2 4 8 16 32 64 128
 427 900 575 0  50 1 8 1 2 4 8 16 32 64 128
 428  39 119 0  14 1 8 1 2 4 8 16 32 64 128
 429 206 591 0  48 1 8 1 2 4 8 16 32 64 128
 430 404 305 0  11 1 8 1 2 4 8 16 32 64 128
 431 774 219 0  85 1 8 1 2 4 8 16 32 64 128
 432 380  72 0  82 1 8 1 2 4 8 16 32 64 128
 433 899 274 0  16 1 8 1 2 4 8 16 32 64 128
 434 140 708 0   7 1 8 1 2 4 8 16 32 64 128
 435 734 760 0  44 1 8 1 2 4 8 16 32 64 128
 436 392 513 0  69 1 8 1 2 4 8 16 32 64 128
 437 287 999 0  55 1 8 1 2 4 8 16 32 64 128
 438 239 855 0  41 1 8 1 2 4 8 16 32 64 128
 439 844 619 0   6 1 8 1 2 4 8 16 32 64 128
 440 873  31 0  13 1 8 1 2 4 8 16 32 64 128
 441 894 561 0  66 1 8 1 2 4 8 16 32 64 128
 442 360 106 0  52 1 8 1 2 4 8 16 32 64 128
 443  12 750 0  43 1 8 1 2 4 8 16 32 64 128
 444 927  93 0  64 1 8 1 2 4 8 16 32 64 128
 445 350 211 0   5 1 8 1 2 4 8 16 32 64 128
 446 702 750 0  58 1 8 1 2 4 8 16 32 64 128
 447 498 304 0  48 1 8 1 2 4 8 16 32 64 128
 448 251 376 0  58 1 8 1 2 4 8 16 32 64 128
 449 601 966 0  63 1 8 1 2 4 8 16 32 64 128
 450 866 800 0  50 1 8 1 2 4 8 16 32 64 128
 451 289 610 0  21 1 8 1 2 4 8 16 32 64 128
 452  14 468 0  74 1 8 1 2 4 8 16 32 64 128
 453 487 101 0  58 1 8 1 2 4 8 16 32 64 128
 454 557  90 0  68 1 8 1 2 4 8 16 32 64 128
 455  99 115 0  33 1 8 1 2 4 8 16 32 64 128
 456 522 231 0  11 1 8 1 2 4 8 16 32 64 128
 457 120 886 0  99 1 8 1 2 4 8 16 32 64 128
 458 183 663 0  30 1 8 1 2 4 8 16 32 64 128
 459 313 858 0   5 1 8 1 2 4 8 16 32 64 128
 460 874 680 0  85 1 8 1 2 4 8 16 32 64 128
 461 609 904 0  77 1 8 1 2 4 8 16 32 64 128
 462 357 146 0  18 1 8 1 2 4 8 16 32 64 128
 463 658 885 0   4 1 8 1 2 4 8 16 32 64 128
 464 620 951 0  41 1 8 1 2 4 8 16 32 64 128
 465 209 475 0  74 1 8 1 2 4 8 16 32 64 128
 466 201 169 0  97 1 8 1 2 4 8 16 32 64 128
 467 613 847 0  22 1 8 1 2 4 8 16 32 64 128
 468 257 437 0  94 1 8 1 2 4 8 16 32 64 128
 469 378  49 0  36 1 8 1 2 4 8 16 32 64 128
 470  50 133 0  16 1 8 1 2 4 8 16 32 64 128
 471  14 866 0  95 1 8 1 2 4 8 16 32 64 128
 472 785 980 0  30 1 8 1 2 4 8 16 32 64 128
 473 536 561 0  13 1 8 1 2 4 8 16 32 64 128
 474 721 634 0  53 1 8 1 2 4 8 16 32 64 128
 475 948  97 0  69 1 8 1 2 4 8 16 32 64 128
 476 938 254 0  48 1 8 1 2 4 8 16 32 64 128
 477 728 684 0  42 1 8 1 2 4 8 16 32 64 128
 478 834 317 0  56 1 8 1 2 4 8 16 32 64 128
 479 549 325 0   3 1 8 1 2 4 8 16 32 64 128
 480 994 316 0  27 1 8 1 2 4 8 16 32 64 128
 481 823 125 0  27 1 8 1 2 4 8 16 32 64 128
 482 447 151 0  61 1 8 1 2 4 8 16 32 64 128
 483 557  77 0  37 1 8 1 2 4 8 16 32 64 128
 484  57 270 0  14 1 8 1 2 4 8 16 32 64 128
 485  41 803 0  92 1 8 1 2 4 8 16 32 64 128
 486 987 354 0  79 1 8 1 2 4 8 16 32 64 128
 487  64 104 0  34 1 8 1 2 4 8 16 32 64 128
 488 412 305 0  94 1 8 1 2 4 8 16 32 64 128
 489 388 554 0  74 1 8 1 2 4 8 16 32 64 128
 490 884 879 0  11 1 8 1 2 4 8 16 32 64 128
 491 311 419 0  79 1 8 1 2 4 8 16 32 64 128
 492 892 413 0  67 1 8 1 2 4 8 16 32 64 128
 493 112 460 0  74 1 8 1 2 4 8 16 32 64 128
 494 791 425 0  26 1 8 1 2 4 8 16 32 64 128
 495 910 801 0 100 1 8 1 2 4 8 16 32 64 128
 496 216 168 0  24 1 8 1 2 4 8 16 32 64 128
 497  91 862 0  53 1 8 1 2 4 8 16 32 64 128
 498 853 822 0   6 1 8 1 2 4 8 16 32 64 128
 499  47  82 0  81 1 8 1 2 4 8 16 32 64 128
 500 678 976 0   2 1 8 1 2 4 8 16 32 64 128
 501 271 737 0  80 1 8 1 2 4 8 16 32 64 128
 502  69 652 0   3 1 8 1 2 4 8 16 32 64 128
 503 740 352 0  33 1 8 1 2 4 8 16 32 64 128
 504 453 553 0  25 1 8 1 2 4 8 16 32 64 128
 505 226 303 0  78 1 8 1 2 4 8 16 32 64 128
 506 244 545 0  95 1 8 1 2 4 8 16 32 64 128
 507 808 180 0  21 1 8 1 2 4 8 16 32 64 128
 508 469 630 0  76 1 8 1 2 4 8 16 32 64 128
 509 912 798 0  25 1 8 1 2 4 8 16 32 64 128
 510 583 590 0  71 1 8 1 2 4 8 16 32 64 128
 511 258 361 0  58 1 8 1 2 4 8 16 32 64 128
 512  74 690 0  83 1 8 1 2 4 8 16 32 64 128
 513 731 411 0   7 1 8 1 2 4 8 16 32 64 128
 514 408  80 0  34 1 8 1 2 4 8 16 32 64 128
 515 189 899 0  51 1 8 1 2 4 8 16 32 64 128
 516 840 639 0  19 1 8 1 2 4 8 16 32 64 128
 517 104 233 0  65 1 8 1 2 4 8 16 32 64 128
 518 543 448 0  68 1 8 1 2 4 8 16 32 64 128
 519 952 259 0  31 1 8 1 2 4 8 16 32 64 128
 520 396  45 0  88 1 8 1 2 4 8 16 32 64 128
 521 382 971 0  75 1 8 1 2 4 8 16 32 64 128
 522 215 919 0  56 1 8 1 2 4 8 16 32 64 128
 523 695  77 0  94 1 8 1 2 4 8 16 32 64 128
 524 863  10 0  41 1 8 1 2 4 8 16 32 64 128
 525 993 655 0  59 1 8 1 2 4 8 16 32 64 128
 526  42 881 0  94 1 8 1 2 4 8 16 32 64 128
 527 506 418 0  91 1 8 1 2 4 8 16 32 64 128
 528 245   0 0  73 1 8 1 2 4 8 16 32 64 128
 529 796 658 0  75 1 8 1 2 4 8 16 32 64 128
 530 845 127 0   7 1 8 1 2 4 8 16 32 64 128
 531 961 590 0  70 1 8 1 2 4 8 16 32 64 128
 532 261 213 0  61 1 8 1 2 4 8 16 32 64 128
 533 721 110 0  40 1 8 1 2 4 8 16 32 64 128
 534  68 421 0  22 1 8 1 2 4 8 16 32 64 128
 535   3 314 0   6 1 8 1 2 4 8 16 32 64 128
 536 224 625 0  26 1 8 1 2 4 8 16 32 64 128
 537 258  64 0  12 1 8 1 2 4 8 16 32 64 128
 538 827 817 0  58 1 8 1 2 4 8 16 32 64 128
 539 105 816 0  97 1 8 1 2 4 8 16 32 64 128
 540  98 869 0  23 1 8 1 2 4 8 16 32 64 128
 541 804 694 0   9 1 8 1 2 4 8 16 32 64 128
 542 337  44 0  59 1 8 1 2 4 8 16 32 64 128
 543 357 416 0  59 1 8 1 2 4 8 16 32 64 128
 544 447 742 0  47 1 8 1 2 4 8 16 32 64 128
 545  51 103 0   7 1 8 1 2 4 8 16 32 64 128
 546 893 963 0  37 1 8 1 2 4 8 16 32 64 128
 547 696 985 0  18 1 8 1 2 4 8 16 32 64 128
 548 786 160 0  81 1 8 1 2 4 8 16 32 64 128
 549 301 219 0  36 1 8 1 2 4 8 16 32 64 128
 550 957 931 0  70 1 8 1 2 4 8 16 32 64 128
 551 482 524 0   3 1 8 1 2 4 8 16 32 64 128
 552 300 920 0  18 1 8 1 2 4 8 16 32 64 128
 553  70 703 0  20 1 8 1 2 4 8 16 32 64 128
 554 322 874 0  93 1 8 1 2 4 8 16 32 64 128
 555 349 909 0  88 1 8 1 2 4 8 16 32 64 128
 556 825 911 0  56 1 8 1 2 4 8 16 32 64 128
 557 895 401 0  22 1 8 1 2 4 8 16 32 64 128
 558 899 971 0  27 1 8 1 2 4 8 16 32 64 128
 559 910 243 0  76 1 8 1 2 4 8 16 32 64 128
 560 299 761 0  98 1 8 1 2 4 8 16 32 64 128
 561 111 987 0  76 1 8 1 2 4 8 16 32 64 128
 562 749 967 0  90 1 8 1 2 4 8 16 32 64 128
 563 183  10 0  32 1 8 1 2 4 8 16 32 64 128
 564 943 826 0  16 1 8 1 2 4 8 16 32 64 128
 565 719 283 0  59 1 8 1 2 4 8 16 32 64 128
 566 100 507 0  88 1 8 1 2 4 8 16 32 64 128
 567 501 137 0  19 1 8 1 2 4 8 16 32 64 128
 568 932 302 0  95 1 8 1 2 4 8 16 32 64 128
 569 397 330 0  92 1 8 1 2 4 8 16 32 64 128
 570 879 188 0  45 1 8 1 2 4 8 16 32 64 128
 571 751 422 0  63 1 8 1 2 4 8 16 32 64 128
 572 251 327 0  86 1 8 1 2 4 8 16 32 64 128
 573 325  17 0  76 1 8 1 2 4 8 16 32 64 128
 574 870 742 0  31 1 8 1 2 4 8 16 32 64 128
 575 104 542 0  38 1 8 1 2 4 8 16 32 64 128
 576 662 184 0  11 1 8 1 2 4 8 16 32 64 128
 577 203  59 0  94 1 8 1 2 4 8 16 32 64 128
 578 482 290 0  73 1 8 1 2 4 8 16 32 64 128
 579 130 428 0  99 1 8 1 2 4 8 16 32 64 128
 580 589 126 0  39 1 8 1 2 4 8 16 32 64 128
 581 188 982 0  73 1 8 1 2 4 8 16 32 64 128
 582 957 256 0  33 1 8 1 2 4 8 16 32 64 128
 583  69 836 0  49 1 8 1 2 4 8 16 32 64 128
 584 207  18 0  13 1 8 1 2 4 8 16 32 64 128
 585 963 554 0  10 1 8 1 2 4 8 16 32 64 128
 586 378 192 0  22 1 8 1 2 4 8 16 32 64 128
 587 541 537 0  49 1 8 1 2 4 8 16 32 64 128
 588  27 231 0  13 1 8 1 2 4 8 16 32 64 128
 589  52 975 0  45 1 8 1 2 4 8 16 32 64 128
 590 535 514 0  39 1 8 1 2 4 8 16 32 64 128
 591  52 595 0  25 1 8 1 2 4 8 16 32 64 128
 592  38 789 0  86 1 8 1 2 4 8 16 32 64 128
 593 371 964 0  10 1 8 1 2 4 8 16 32 64 128
 594 152 919 0  38 1 8 1 2 4 8 16 32 64 128
 595 242 831 0  51 1 8 1 2 4 8 16 32 64 128
 596  44 487 0  55 1 8 1 2 4 8 16 32 64 128
 597 645 186 0  89 1 8 1 2 4 8 16 32 64 128
 598 324 790 0  13 1 8 1 2 4 8 16 32 64 128
 599 893 129 0  10 1 8 1 2 4 8 16 32 64 128
 600 339 706 0  41 1 8 1 2 4 8 16 32 64 128
 601 921 296 0  69 1 8 1 2 4 8 16 32 64 128
 602 846 300 0  24 1 8 1 2 4 8 16 32 64 128
 603 576 546 0  31 1 8 1 2 4 8 16 32 64 128
 604 835  29 0  95 1 8 1 2 4 8 16 32 64 128
 605 979 561 0  87 1 8 1 2 4 8 16 32 64 128
 606 507 765 0  67 1 8 1 2 4 8 16 32 64 128
 607 141 812 0   7 1 8 1 2 4 8 16 32 64 128
 608 174 170 0   4 1 8 1 2 4 8 16 32 64 128
 609 349 204 0  18 1 8 1 2 4 8 16 32 64 128
 610 506 706 0  30 1 8 1 2 4 8 16 32 64 128
 611 721 333 0  56 1 8 1 2 4 8 16 32 64 128
 612 218 701 0  77 1 8 1 2 4 8 16 32 64 128
 613 338 245 0  29 1 8 1 2 4 8 16 32 64 128
 614  87 146 0  84 1 8 1 2 4 8 16 32 64 128
 615 163 310 0  90 1 8 1 2 4 8 16 32 64 128
 616 930 143 0  55 1 8 1 2 4 8 16 32 64 128
 617 414 319 0  48 1 8 1 2 4 8 16 32 64 128
 618 759  47 0  48 1 8 1 2 4 8 16 32 64 128
 619 909 635 0  92 1 8 1 2 4 8 16 32 64 128
 620 858 523 0  82 1 8 1 2 4 8 16 32 64 128
 621 606  96 0  32 1 8 1 2 4 8 16 32 64 128
 622 153 975 0  95 1 8 1 2 4 8 16 32 64 128
 623 196 531 0  52 1 8 1 2 4 8 16 32 64 128
 624 249 531 0  83 1 8 1 2 4 8 16 32 64 128
 625 338 543 0  52 1 8 1 2 4 8 16 32 64 128
 626 465 898 0   2 1 8 1 2 4 8 16 32 64 128
 627  57 809 0  25 1 8 1 2 4 8 16 32 64 128
 628 650 388 0  24 1 8 1 2 4 8 16 32 64 128
 629 176 818 0  16 1 8 1 2 4 8 16 32 64 128
 630 569 264 0  96 1 8 1 2 4 8 16 32 64 128
 631 637 614 0  97 1 8 1 2 4 8 16 32 64 128
 632 573 707 0  44 1 8 1 2 4 8 16 32 64 128
 633 186 695 0  77 1 8 1 2 4 8 16 32 64 128
 634 340 261 0  14 1 8 1 2 4 8 16 32 64 128
 635 950 729 0  32 1 8 1 2 4 8 16 32 64 128
 636 225 976 0  47 1 8 1 2 4 8 16 32 64 128
 637 174 474 0  50 1 8 1 2 4 8 16 32 64 128
 638 163 943 0  82 1 8 1 2 4 8 16 32 64 128
 639 826 947 0  65 1 8 1 2 4 8 16 32 64 128
 640 539 140 0   7 1 8 1 2 4 8 16 32 64 128
 641   5 106 0  96 1 8 1 2 4 8 16 32 64 128
 642 394 100 0  97 1 8 1 2 4 8 16 32 64 128
 643 988 421 0   2 1 8 1 2 4 8 16 32 64 128
 644 360 291 0  64 1 8 1 2 4 8 16 32 64 128
 645  79 148 0  90 1 8 1 2 4 8 16 32 64 128
 646 571  81 0  48 1 8 1 2 4 8 16 32 64 128
 647 676 691 0  58 1 8 1 2 4 8 16 32 64 128
 648 521 238 0  68 1 8 1 2 4 8 16 32 64 128
 649 880 771 0  47 1 8 1 2 4 8 16 32 64 128
 650 804 142 0  60 1 8 1 2 4 8 16 32 64 128
 651 169 472 0 100 1 8 1 2 4 8 16 32 64 128
 652 631 205 0  40 1 8 1 2 4 8 16 32 64 128
 653  59 720 0  37 1 8 1 2 4 8 16 32 64 128
 654 596 903 0   8 1 8 1 2 4 8 16 32 64 128
 655   6 252 0  19 1 8 1 2 4 8 16 32 64 128
 656 203 579 0  20 1 8 1 2 4 8 16 32 64 128
 657 451 635 0   7 1 8 1 2 4 8 16 32 64 128
 658 848 392 0  75 1 8 1 2 4 8 16 32 64 128
 659 364 886 0  23 1 8 1 2 4 8 16 32 64 128
 660 863 401 0  63 1 8 1 2 4 8 16 32 64 128
 661 577 795 0  75 1 8 1 2 4 8 16 32 64 128
 662 872 887 0  53 1 8 1 2 4 8 16 32 64 128
 663 293  70 0  44 1 8 1 2 4 8 16 32 64 128
 664  90  61 0  97 1 8 1 2 4 8 16 32 64 128
 665  81 107 0  80 1 8 1 2 4 8 16 32 64 128
 666 676 855 0  41 1 8 1 2 4 8 16 32 64 128
 667 674 679 0  81 1 8 1 2 4 8 16 32 64 128
 668 728 292 0  89 1 8 1 2 4 8 16 32 64 128
 669 980  28 0  83 1 8 1 2 4 8 16 32 64 128
 670 454 793 0  69 1 8 1 2 4 8 16 32 64 128
 671 230 750 0   1 1 8 1 2 4 8 16 32 64 128
 672 760 377 0  74 1 8 1 2 4 8 16 32 64 128
 673 712  61 0  31 1 8 1 2 4 8 16 32 64 128
 674 197 257 0  75 1 8 1 2 4 8 16 32 64 128
 675 663 483 0  29 1 8 1 2 4 8 16 32 64 128
 676 908 853 0  97 1 8 1 2 4 8 16 32 64 128
 677 597 174 0  13 1 8 1 2 4 8 16 32 64 128
 678 428 802 0  68 1 8 1 2 4 8 16 32 64 128
 679 533 546 0  89 1 8 1 2 4 8 16 32 64 128
 680 458 165 0  91 1 8 1 2 4 8 16 32 64 128
 681 710 822 0  74 1 8 1 2 4 8 16 32 64 128
 682 451 799 0  66 1 8 1 2 4 8 16 32 64 128
 683   5 373 0  50 1 8 1 2 4 8 16 32 64 128
 684 881 349 0   4 1 8 1 2 4 8 16 32 64 128
 685 127 679 0  69 1 8 1 2 4 8 16 32 64 128
 686 919 490 0  22 1 8 1 2 4 8 16 32 64 128
 687  69 195 0  66 1 8 1 2 4 8 16 32 64 128
 688 771 220 0  62 1 8 1 2 4 8 16 32 64 128
 689 863 887 0 100 1 8 1 2 4 8 16 32 64 128
 690 490 955 0  23 1 8 1 2 4 8 16 32 64 128
 691 225 201 0   4 1 8 1 2 4 8 16 32 64 128
 692 513 561 0  15 1 8 1 2 4 8 16 32 64 128
 693 883 905 0  84 1 8 1 2 4 8 16 32 64 128
 694 160 746 0 100 1 8 1 2 4 8 16 32 64 128
 695 713 175 0  29 1 8 1 2 4 8 16 32 64 128
 696 785 196 0   3 1 8 1 2 4 8 16 32 64 128
 697 922 981 0  44 1 8 1 2 4 8 16 32 64 128
 698 546 740 0   2 1 8 1 2 4 8 16 32 64 128
 699 916 376 0  59 1 8 1 2 4 8 16 32 64 128
 700 251 771 0  61 1 8 1 2 4 8 16 32 64 128
 701 428 200 0  85 1 8 1 2 4 8 16 32 64 128
 702 512 974 0  48 1 8 1 2 4 8 16 32 64 128
 703 418 435 0  65 1 8 1 2 4 8 16 32 64 128
 704  62  31 0  76 1 8 1 2 4 8 16 32 64 128
 705 331 979 0  85 1 8 1 2 4 8 16 32 64 128
 706 133 249 0  13 1 8 1 2 4 8 16 32 64 128
 707 100 864 0  84 1 8 1 2 4 8 16 32 64 128
 708 917 970 0  25 1 8 1 2 4 8 16 32 64 128
 709 500 270 0  37 1 8 1 2 4 8 16 32 64 128
 710  34 853 0  80 1 8 1 2 4 8 16 32 64 128
 711 298 191 0  71 1 8 1 2 4 8 16 32 64 128
 712 761 394 0  21 1 8 1 2 4 8 16 32 64 128
 713 534 144 0  43 1 8 1 2 4 8 16 32 64 128
 714 983 259 0  41 1 8 1 2 4 8 16 32 64 128
 715 821 542 0  25 1 8 1 2 4 8 16 32 64 128
 716 231  34 0  75 1 8 1 2 4 8 16 32 64 128
 717 460 659 0  79 1 8 1 2 4 8 16 32 64 128
 718 749 760 0  33 1 8 1 2 4 8 16 32 64 128
 719 134 300 0  61 1 8 1 2 4 8 16 32 64 128
 720  44 150 0  38 1 8 1 2 4 8 16 32 64 128
 721 691 294 0  70 1 8 1 2 4 8 16 32 64 128
 722 549 930 0  37 1 8 1 2 4 8 16 32 64 128
 723 681 142 0  12 1 8 1 2 4 8 16 32 64 128
 724 491 921 0  48 1 8 1 2 4 8 16 32 64 128
 725 839 436 0  42 1 8 1 2 4 8 16 32 64 128
 726 798 946 0  54 1 8 1 2 4 8 16 32 64 128
 727 716   5 0  10 1 8 1 2 4 8 16 32 64 128
 728 259 820 0  72 1 8 1 2 4 8 16 32 64 128
 729 872 196 0  75 1 8 1 2 4 8 16 32 64 128
 730 636 290 0  16 1 8 1 2 4 8 16 32 64 128
 731 871 471 0  45 1 8 1 2 4 8 16 32 64 128
 732 122 918 0  57 1 8 1 2 4 8 16 32 64 128
 733 405 623 0  20 1 8 1 2 4 8 16 32 64 128
 734 677 599 0  26 1 8 1 2 4 8 16 32 64 128
 735 876  83 0  60 1 8 1 2 4 8 16 32 64 128
 736   2 243 0  83 1 8 1 2 4 8 16 32 64 128
 737  15 517 0  14 1 8 1 2 4 8 16 32 64 128
 738 180 916 0  95 1 8 1 2 4 8 16 32 64 128
 739 843  52 0  43 1 8 1 2 4 8 16 32 64 128
 740 256 349 0  16 1 8 1 2 4 8 16 32 64 128
 741 858 868 0  50 1 8 1 2 4 8 16 32 64 128
 742 242 164 0  70 1 8 1 2 4 8 16 32 64 128
 743 344 372 0  41 1 8 1 2 4 8 16 32 64 128
 744 564 770 0  69 1 8 1 2 4 8 16 32 64 128
 745 755 248 0  14 1 8 1 2 4 8 16 32 64 128
 746 958 551 0   5 1 8 1 2 4 8 16 32 64 128
 747 156 530 0  64 1 8 1 2 4 8 16 32 64 128
 748 409 295 0  18 1 8 1 2 4 8 16 32 64 128
 749 155  46 0   1 1 8 1 2 4 8 16 32 64 128
 750 225 661 0  11 1 8 1 2 4 8 16 32 64 128
 751 792 308 0  36 1 8 1 2 4 8 16 32 64 128
 752 149 626 0  28 1 8 1 2 4 8 16 32 64 128
 753 174 714 0  45 1 8 1 2 4 8 16 32 64 128
 754 287 169 0  48 1 8 1 2 4 8 16 32 64 128
 755 313 251 0   4 1 8 1 2 4 8 16 32 64 128
 756 603 933 0  47 1 8 1 2 4 8 16 32 64 128
 757 446 594 0  82 1 8 1 2 4 8 16 32 64 128
 758 534 897 0   3 1 8 1 2 4 8 16 32 64 128
 759 803 474 0  70 1 8 1 2 4 8 16 32 64 128
 760  93 405 0  44 1 8 1 2 4 8 16 32 64 128
 761 820 199 0  73 1 8 1 2 4 8 16 32 64 128
 762 615 559 0  85 1 8 1 2 4 8 16 32 64 128
 763 118 872 0  49 1 8 1 2 4 8 16 32 64 128
 764 546  20 0  83 1 8 1 2 4 8 16 32 64 128
 765 554 140 0  84 1 8 1 2 4 8 16 32 64 128
 766 647 810 0  21 1 8 1 2 4 8 16 32 64 128
 767 194 354 0  38 1 8 1 2 4 8 16 32 64 128
 768 509  12 0  96 1 8 1 2 4 8 16 32 64 128
 769 716 646 0  55 1 8 1 2 4 8 16 32 64 128
 770 522 330 0   5 1 8 1 2 4 8 16 32 64 128
 771  98 513 0  42 1 8 1 2 4 8 16 32 64 128
 772 998 602 0  34 1 8 1 2 4 8 16 32 64 128
 773 246 901 0   1 1 8 1 2 4 8 16 32 64 128
 774 837 717 0  49 1 8 1 2 4 8 16 32 64 128
 775 379 149 0  35 1 8 1 2 4 8 16 32 64 128
 776 146 770 0  56 1 8 1 2 4 8 16 32 64 128
 777 746 112 0  61 1 8 1 2 4 8 16 32 64 128
 778 985 775 0   7 1 8 1 2 4 8 16 32 64 128
 779 571 155 0  47 1 8 1 2 4 8 16 32 64 128
 780 840  56 0  23 1 8 1 2 4 8 16 32 64 128
 781 745 533 0  36 1 8 1 2 4 8 16 32 64 128
 782 135 336 0  71 1 8 1 2 4 8 16 32 64 128
 783 771 844 0  34 1 8 1 2 4 8 16 32 64 128
 784 835 407 0  13 1 8 1 2 4 8 16 32 64 128
 785  40 107 0   1 1 8 1 2 4 8 16 32 64 128
 786 594 260 0  77 1 8 1 2 4 8 16 32 64 128
 787 193 789 0  93 1 8 1 2 4 8 16 32 64 128
 788 835 153 0  38 1 8 1 2 4 8 16 32 64 128
 789  36   2 0   4 1 8 1 2 4 8 16 32 64 128
 790 629 578 0  38 1 8 1 2 4 8 16 32 64 128
 791  93 354 0  72 1 8 1 2 4 8 16 32 64 128
 792 670 124 0  47 1 8 1 2 4 8 16 32 64 128
 793 297 113 0  68 1 8 1 2 4 8 16 32 64 128
 794 983 695 0  60 1 8 1 2 4 8 16 32 64 128
 795 224 353 0  38 1 8 1 2 4 8 16 32 64 128
 796 290 753 0  31 1 8 1 2 4 8 16 32 64 128
 797 534 752 0  17 1 8 1 2 4 8 16 32 64 128
 798 778   8 0  54 1 8 1 2 4 8 16 32 64 128
 799 558 828 0  80 1 8 1 2 4 8 16 32 64 128
 800 597 871 0  13 1 8 1 2 4 8 16 32 64 128
 801 157 370 0  87 1 8 1 2 4 8 16 32 64 128
 802 157 790 0  67 1 8 1 2 4 8 16 32 64 128
 803 422  13 0  41 1 8 1 2 4 8 16 32 64 128
 804 358 876 0  61 1 8 1 2 4 8 16 32 64 128
 805 630 326 0  27 1 8 1 2 4 8 16 32 64 128
 806 158  76 0  73 1 8 1 2 4 8 16 32 64 128
 807 297 841 0  35 1 8 1 2 4 8 16 32 64 128
 808 303 560 0  84 1 8 1 2 4 8 16 32 64 128
 809 280 854 0  99 1 8 1 2 4 8 16 32 64 128
 810 513 871 0  39 1 8 1 2 4 8 16 32 64 128
 811 844 824 0  94 1 8 1 2 4 8 16 32 64 128
 812 256 429 0  80 1 8 1 2 4 8 16 32 64 128
 813 226  88 0  57 1 8 1 2 4 8 16 32 64 128
 814 282 439 0  38 1 8 1 2 4 8 16 32 64 128
 815  23 125 0  46 1 8 1 2 4 8 16 32 64 128
 816  67 614 0  17 1 8 1 2 4 8 16 32 64 128
 817 706 133 0  59 1 8 1 2 4 8 16 32 64 128
 818 302 411 0  71 1 8 1 2 4 8 16 32 64 128
 819 546 672 0  84 1 8 1 2 4 8 16 32 64 128
 820 727 650 0  32 1 8 1 2 4 8 16 32 64 128
 821 585 847 0  60 1 8 1 2 4 8 16 32 64 128
 822 588 640 0  88 1 8 1 2 4 8 16 32 64 128
 823 505 481 0  76 1 8 1 2 4 8 16 32 64 128
 824 536 862 0  24 1 8 1 2 4 8 16 32 64 128
 825 295 978 0  31 1 8 1 2 4 8 16 32 64 128
 826 696 291 0  90 1 8 1 2 4 8 16 32 64 128
 827   3 967 0  85 1 8 1 2 4 8 16 32 64 128
 828  29 247 0  48 1 8 1 2 4 8 16 32 64 128
 829 799 665 0  48 1 8 1 2 4 8 16 32 64 128
 830 710 793 0  58 1 8 1 2 4 8 16 32 64 128
 831 555 636 0  80 1 8 1 2 4 8 16 32 64 128
 832 169 242 0  28 1 8 1 2 4 8 16 32 64 128
 833 535 277 0  80 1 8 1 2 4 8 16 32 64 128
 834 300  57 0  78 1 8 1 2 4 8 16 32 64 128
 835 167 363 0  39 1 8 1 2 4 8 16 32 64 128
 836 349 546 0  87 1 8 1 2 4 8 16 32 64 128
 837 645 795 0  35 1 8 1 2 4 8 16 32 64 128
 838 636 849 0  38 1 8 1 2 4 8 16 32 64 128
 839 778  51 0  12 1 8 1 2 4 8 16 32 64 128
 840 436 792 0  89 1 8 1 2 4 8 16 32 64 128
 841 242 823 0  11 1 8 1 2 4 8 16 32 64 128
 842  60 255 0  40 1 8 1 2 4 8 16 32 64 128
 843 636 509 0  56 1 8 1 2 4 8 16 32 64 128
 844 484 298 0   1 1 8 1 2 4 8 16 32 64 128
 845 703  22 0  42 1 8 1 2 4 8 16 32 64 128
 846 704 327 0  97 1 8 1 2 4 8 16 32 64 128
 847 927 364 0  84 1 8 1 2 4 8 16 32 64 128
 848 578  71 0  51 1 8 1 2 4 8 16 32 64 128
 849  18 420 0  50 1 8 1 2 4 8 16 32 64 128
 850 389 119 0  24 1 8 1 2 4 8 16 32 64 128
 851 164 186 0  47 1 8 1 2 4 8 16 32 64 128
 852 968 410 0  46 1 8 1 2 4 8 16 32 64 128
 853 865 843 0  15 1 8 1 2 4 8 16 32 64 128
 854 720  12 0  88 1 8 1 2 4 8 16 32 64 128
 855 674 941 0  76 1 8 1 2 4 8 16 32 64 128
 856 120 484 0  96 1 8 1 2 4 8 16 32 64 128
 857 666 773 0  95 1 8 1 2 4 8 16 32 64 128
 858 453 687 0  35 1 8 1 2 4 8 16 32 64 128
 859 528 456 0  46 1 8 1 2 4 8 16 32 64 128
 860 641 478 0  28 1 8 1 2 4 8 16 32 64 128
 861 446 591 0  67 1 8 1 2 4 8 16 32 64 128
 862 929 273 0  12 1 8 1 2 4 8 16 32 64 128
 863 606 842 0  98 1 8 1 2 4 8 16 32 64 128
 864 162 856 0   3 1 8 1 2 4 8 16 32 64 128
 865 298 490 0  93 1 8 1 2 4 8 16 32 64 128
 866 484 141 0  73 1 8 1 2 4 8 16 32 64 128
 867 705 309 0  31 1 8 1 2 4 8 16 32 64 128
 868 123 142 0   4 1 8 1 2 4 8 16 32 64 128
 869 142 339 0  89 1 8 1 2 4 8 16 32 64 128
 870 982 816 0  21 1 8 1 2 4 8 16 32 64 128
 871 902 136 0  28 1 8 1 2 4 8 16 32 64 128
 872 225 820 0  24 1 8 1 2 4 8 16 32 64 128
 873 167 317 0  33 1 8 1 2 4 8 16 32 64 128
 874 241 209 0  99 1 8 1 2 4 8 16 32 64 128
 875 842 955 0   1 1 8 1 2 4 8 16 32 64 128
 876  55 216 0  20 1 8 1 2 4 8 16 32 64 128
 877 193 681 0  95 1 8 1 2 4 8 16 32 64 128
 878 974 516 0  45 1 8 1 2 4 8 16 32 64 128
 879 457 592 0  20 1 8 1 2 4 8 16 32 64 128
 880 600 730 0  80 1 8 1 2 4 8 16 32 64 128
 881  48 611 0  69 1 8 1 2 4 8 16 32 64 128
 882 781 987 0  89 1 8 1 2 4 8 16 32 64 128
 883 258 822 0  28 1 8 1 2 4 8 16 32 64 128
 884 245  45 0  48 1 8 1 2 4 8 16 32 64 128
 885 907 491 0  24 1 8 1 2 4 8 16 32 64 128
 886 752 300 0  96 1 8 1 2 4 8 16 32 64 128
 887 541  65 0  56 1 8 1 2 4 8 16 32 64 128
 888 876 255 0  42 1 8 1 2 4 8 16 32 64 128
 889 545  23 0   9 1 8 1 2 4 8 16 32 64 128
 890 854 654 0  99 1 8 1 2 4 8 16 32 64 128
 891 600 903 0  21 1 8 1 2 4 8 16 32 64 128
 892 716 372 0  70 1 8 1 2 4 8 16 32 64 128
 893 895 170 0  72 1 8 1 2 4 8 16 32 64 128
 894 277 903 0  97 1 8 1 2 4 8 16 32 64 128
 895 297 737 0  66 1 8 1 2 4 8 16 32 64 128
 896 933   2 0   9 1 8 1 2 4 8 16 32 64 128
 897  62 425 0   4 1 8 1 2 4 8 16 32 64 128
 898  53 176 0  73 1 8 1 2 4 8 16 32 64 128
 899  70 680 0  61 1 8 1 2 4 8 16 32 64 128
 900 573 609 0   5 1 8 1 2 4 8 16 32 64 128
 901 885 139 0  55 1 8 1 2 4 8 16 32 64 128
 902 910 787 0  35 1 8 1 2 4 8 16 32 64 128
 903 539 437 0  59 1 8 1 2 4 8 16 32 64 128
 904 612 733 0  90 1 8 1 2 4 8 16 32 64 128
 905 771 269 0  72 1 8 1 2 4 8 16 32 64 128
 906 443 424 0  93 1 8 1 2 4 8 16 32 64 128
 907 693 973 0  56 1 8 1 2 4 8 16 32 64 128
 908 768 989 0  22 1 8 1 2 4 8 16 32 64 128
 909 912 915 0   2 1 8 1 2 4 8 16 32 64 128
 910 306 460 0  78 1 8 1 2 4 8 16 32 64 128
 911 377 201 0  33 1 8 1 2 4 8 16 32 64 128
 912 699 468 0  80 1 8 1 2 4 8 16 32 64 128
 913 100 222 0   5 1 8 1 2 4 8 16 32 64 128
 914 384 316 0   4 1 8 1 2 4 8 16 32 64 128
 915 202 155 0  92 1 8 1 2 4 8 16 32 64 128
 916 321 742 0   7 1 8 1 2 4 8 16 32 64 128
 917 551 161 0  54 1 8 1 2 4 8 16 32 64 128
 918 970 271 0  63 1 8 1 2 4 8 16 32 64 128
 919 681 383 0  64 1 8 1 2 4 8 16 32 64 128
 920  96 145 0  20 1 8 1 2 4 8 16 32 64 128
 921 977 145 0  80 1 8 1 2 4 8 16 32 64 128
 922 518 241 0  91 1 8 1 2 4 8 16 32 64 128
 923 389 687 0  51 1 8 1 2 4 8 16 32 64 128
 924 358 576 0  41 1 8 1 2 4 8 16 32 64 128
 925  25 224 0  36 1 8 1 2 4 8 16 32 64 128
 926 797 199 0  48 1 8 1 2 4 8 16 32 64 128
 927 751 644 0   6 1 8 1 2 4 8 16 32 64 128
 928 471 639 0   9 1 8 1 2 4 8 16 32 64 128
 929 606 285 0  32 1 8 1 2 4 8 16 32 64 128
 930 953  49 0  42 1 8 1 2 4 8 16 32 64 128
 931 372 207 0  23 1 8 1 2 4 8 16 32 64 128
 932 144 889 0  98 1 8 1 2 4 8 16 32 64 128
 933 303 353 0  32 1 8 1 2 4 8 16 32 64 128
 934  13 384 0  12 1 8 1 2 4 8 16 32 64 128
 935 152 757 0  41 1 8 1 2 4 8 16 32 64 128
 936 156  85 0  60 1 8 1 2 4 8 16 32 64 128
 937 436  79 0  57 1 8 1 2 4 8 16 32 64 128
 938 726   4 0  81 1 8 1 2 4 8 16 32 64 128
 939 830 272 0   7 1 8 1 2 4 8 16 32 64 128
 940  76 275 0  28 1 8 1 2 4 8 16 32 64 128
 941 588 740 0  62 1 8 1 2 4 8 16 32 64 128
 942 592 347 0  28 1 8 1 2 4 8 16 32 64 128
 943 430 763 0   4 1 8 1 2 4 8 16 32 64 128
 944 742 779 0  81 1 8 1 2 4 8 16 32 64 128
 945 506 342 0  31 1 8 1 2 4 8 16 32 64 128
 946 188  57 0  67 1 8 1 2 4 8 16 32 64 128
 947 463 778 0  59 1 8 1 2 4 8 16 32 64 128
 948 341 774 0  63 1 8 1 2 4 8 16 32 64 128
 949 639 175 0  21 1 8 1 2 4 8 16 32 64 128
 950 430 175 0  10 1 8 1 2 4 8 16 32 64 128
 951 210 652 0  54 1 8 1 2 4 8 16 32 64 128
 952  16 611 0  67 1 8 1 2 4 8 16 32 64 128
 953 355 967 0  83 1 8 1 2 4 8 16 32 64 128
 954 832 642 0  52 1 8 1 2 4 8 16 32 64 128
 955 889 245 0  30 1 8 1 2 4 8 16 32 64 128
 956 765 886 0  15 1 8 1 2 4 8 16 32 64 128
 957 967 552 0  55 1 8 1 2 4 8 16 32 64 128
 958 453 390 0  71 1 8 1 2 4 8 16 32 64 128
 959 338 597 0  52 1 8 1 2 4 8 16 32 64 128
 960 753 106 0  64 1 8 1 2 4 8 16 32 64 128
 961 690 262 0  12 1 8 1 2 4 8 16 32 64 128
 962 922  94 0  75 1 8 1 2 4 8 16 32 64 128
 963 707 343 0  58 1 8 1 2 4 8 16 32 64 128
 964 964 282 0  42 1 8 1 2 4 8 16 32 64 128
 965  29 454 0  57 1 8 1 2 4 8 16 32 64 128
 966 958 510 0  88 1 8 1 2 4 8 16 32 64 128
 967 676  28 0  98 1 8 1 2 4 8 16 32 64 128
 968 890  79 0  89 1 8 1 2 4 8 16 32 64 128
 969 253 620 0  78 1 8 1 2 4 8 16 32 64 128
 970 381 683 0  36 1 8 1 2 4 8 16 32 64 128
 971 102 390 0  84 1 8 1 2 4 8 16 32 64 128
 972 561 190 0  85 1 8 1 2 4 8 16 32 64 128
 973 196 501 0  96 1 8 1 2 4 8 16 32 64 128
 974 110 522 0  44 1 8 1 2 4 8 16 32 64 128
 975 674 211 0  27 1 8 1 2 4 8 16 32 64 128
 976 447 295 0  56 1 8 1 2 4 8 16 32 64 128
 977 991 904 0   2 1 8 1 2 4 8 16 32 64 128
 978 277  80 0  36 1 8 1 2 4 8 16 32 64 128
 979 420 313 0  88 1 8 1 2 4 8 16 32 64 128
 980 576 114 0  72 1 8 1 2 4 8 16 32 64 128
 981 249 728 0  88 1 8 1 2 4 8 16 32 64 128
 982 648 907 0  73 1 8 1 2 4 8 16 32 64 128
 983 752 899 0  54 1 8 1 2 4 8 16 32 64 128
 984 651  37 0  99 1 8 1 2 4 8 16 32 64 128
 985 275 575 0  35 1 8 1 2 4 8 16 32 64 128
 986 380 859 0  76 1 8 1 2 4 8 16 32 64 128
 987 716 150 0  43 1 8 1 2 4 8 16 32 64 128
 988 175  76 0  62 1 8 1 2 4 8 16 32 64 128
 989 571 630 0  48 1 8 1 2 4 8 16 32 64 128
 990 740 208 0  19 1 8 1 2 4 8 16 32 64 128
 991  20 768 0  31 1 8 1 2 4 8 16 32 64 128
 992 703 913 0  83 1 8 1 2 4 8 16 32 64 128
 993 326 273 0  59 1 8 1 2 4 8 16 32 64 128
 994 281  31 0  37 1 8 1 2 4 8 16 32 64 128
 995 311 195 0  72 1 8 1 2 4 8 16 32 64 128
 996 985 501 0  61 1 8 1 2 4 8 16 32 64 128
 997 378 550 0  45 1 8 1 2 4 8 16 32 64 128
 998 587   3 0  93 1 8 1 2 4 8 16 32 64 128
 999 748 715 0   2 1 8 1 2 4 8 16 32 64 128
1000 458 426 0  15 1 8 1 2 4 8 16 32 64 128
1001 530 532 0  35 1 8 1 2 4 8 16 32 64 128
1002 207  50 0  42 1 8 1 2 4 8 16 32 64 128
1003 620  14 0   3 1 8 1 2 4 8 16 32 64 128
1004 481 109 0   2 1 8 1 2 4 8 16 32 64 128
1005 260 786 0  66 1 8 1 2 4 8 16 32 64 128
1006 761 555 0  66 1 8 1 2 4 8 16 32 64 128
1007  77 221 0  45 1 8 1 2 4 8 16 32 64 128
1008 232 161 0  15 1 8 1 2 4 8 16 32 64 128
1009 137 947 0  11 1 8 1 2 4 8 16 32 64 128
1010 323 183 0  55 1 8 1 2 4 8 16 32 64 128
1011 705 587 0  83 1 8 1 2 4 8 16 32 64 128
1012 316 406 0  14 1 8 1 2 4 8 16 32 64 128
1013 356 267 0  60 1 8 1 2 4 8 16 32 64 128
1014 977 708 0  16 1 8 1 2 4 8 16 32 64 128
1015 555 217 0  64 1 8 1 2 4 8 16 32 64 128
1016 832 832 0  67 1 8 1 2 4 8 16 32 64 128
1017 731 153 0  53 1 8 1 2 4 8 16 32 64 128
1018  37 101 0  97 1 8 1 2 4 8 16 32 64 128
1019 542  34 0  10 1 8 1 2 4 8 16 32 64 128
1020  79 184 0  95 1 8 1 2 4 8 16 32 64 128
1021 959 784 0   2 1 8 1 2 4 8 16 32 64 128
1022 771 408 0  17 1 8 1 2 4 8 16 32 64 128
1023 901 269 0  29 1 8 1 2 4 8 16 32 64 128
1024 618 793 0  42 1 8 1 2 4 8 16 32 64 128
1025 102 686 0   8 1 8 1 2 4 8 16 32 64 128
1026 201 744 0  37 1 8 1 2 4 8 16 32 64 128
1027  11 688 0  40 1 8 1 2 4 8 16 32 64 128
1028 136 524 0  65 1 8 1 2 4 8 16 32 64 128
1029  84 763 0  79 1 8 1 2 4 8 16 32 64 128
1030 819 322 0  12 1 8 1 2 4 8 16 32 64 128
1031 850 675 0  17 1 8 1 2 4 8 16 32 64 128
1032 719 878 0  35 1 8 1 2 4 8 16 32 64 128
1033  35 380 0  31 1 8 1 2 4 8 16 32 64 128
1034 342 200 0  34 1 8 1 2 4 8 16 32 64 128
1035  31 464 0  35 1 8 1 2 4 8 16 32 64 128
1036 687 154 0  95 1 8 1 2 4 8 16 32 64 128
1037 981 338 0  98 1 8 1 2 4 8 16 32 64 128
1038 647 103 0  31 1 8 1 2 4 8 16 32 64 128
1039 137 576 0  87 1 8 1 2 4 8 16 32 64 128
1040 867   3 0  20 1 8 1 2 4 8 16 32 64 128
1041 340 980 0  75 1 8 1 2 4 8 16 32 64 128
1042 635 780 0  83 1 8 1 2 4 8 16 32 64 128
1043 401 568 0  33 1 8 1 2 4 8 16 32 64 128
1044  57 993 0  92 1 8 1 2 4 8 16 32 64 128
1045  57 785 0  47 1 8 1 2 4 8 16 32 64 128
1046 316 334 0  61 1 8 1 2 4 8 16 32 64 128
1047 231 296 0  11 1 8 1 2 4 8 16 32 64 128
1048  61 107 0  31 1 8 1 2 4 8 16 32 64 128
1049 313 634 0  11 1 8 1 2 4 8 16 32 64 128
1050 850  35 0  74 1 8 1 2 4 8 16 32 64 128
1051 487 377 0  50 1 8 1 2 4 8 16 32 64 128
1052 422  88 0  61 1 8 1 2 4 8 16 32 64 128
1053 855 753 0  21 1 8 1 2 4 8 16 32 64 128
1054 475 169 0  11 1 8 1 2 4 8 16 32 64 128
1055 938 348 0  60 1 8 1 2 4 8 16 32 64 128
1056 191 435 0  43 1 8 1 2 4 8 16 32 64 128
1057 495 200 0  45 1 8 1 2 4 8 16 32 64 128
1058 278 581 0  97 1 8 1 2 4 8 16 32 64 128
1059  83 250 0   1 1 8 1 2 4 8 16 32 64 128
1060 348 222 0  47 1 8 1 2 4 8 16 32 64 128
1061 879 703 0  66 1 8 1 2 4 8 16 32 64 128
1062 951 740 0  24 1 8 1 2 4 8 16 32 64 128
1063 457 681 0  74 1 8 1 2 4 8 16 32 64 128
1064 557 877 0  76 1 8 1 2 4 8 16 32 64 128
1065 650  64 0  28 1 8 1 2 4 8 16 32 64 128
1066 583   4 0  28 1 8 1 2 4 8 16 32 64 128
1067 604 390 0  82 1 8 1 2 4 8 16 32 64 128
1068 684  49 0  52 1 8 1 2 4 8 16 32 64 128
1069   9 821 0  85 1 8 1 2 4 8 16 32 64 128
1070 889 524 0  16 1 8 1 2 4 8 16 32 64 128
1071  21 360 0  35 1 8 1 2 4 8 16 32 64 128
1072 716 390 0  75 1 8 1 2 4 8 16 32 64 128
1073 902 567 0  75 1 8 1 2 4 8 16 32 64 128
1074 637 599 0  30 1 8 1 2 4 8 16 32 64 128
1075 602 530 0  94 1 8 1 2 4 8 16 32 64 128
1076 972  54 0  92 1 8 1 2 4 8 16 32 64 128
1077 436 440 0  25 1 8 1 2 4 8 16 32 64 128
1078 942 679 0  67 1 8 1 2 4 8 16 32 64 128
1079 920  45 0  25 1 8 1 2 4 8 16 32 64 128
1080 200 469 0  15 1 8 1 2 4 8 16 32 64 128
1081 129 627 0  11 1 8 1 2 4 8 16 32 64 128
1082 965 988 0  80 1 8 1 2 4 8 16 32 64 128
1083  18 403 0  31 1 8 1 2 4 8 16 32 64 128
1084 817 754 0  52 1 8 1 2 4 8 16 32 64 128
1085 481 851 0  54 1 8 1 2 4 8 16 32 64 128
1086 706 637 0   3 1 8 1 2 4 8 16 32 64 128
1087 995  28 0  88 1 8 1 2 4 8 16 32 64 128
1088 939 970 0  92 1 8 1 2 4 8 16 32 64 128
1089 889 861 0  85 1 8 1 2 4 8 16 32 64 128
1090 853 189 0  45 1 8 1 2 4 8 16 32 64 128
1091 155 726 0  80 1 8 1 2 4 8 16 32 64 128
1092 339 836 0  88 1 8 1 2 4 8 16 32 64 128
1093 527 702 0  43 1 8 1 2 4 8 16 32 64 128
1094 237 677 0  29 1 8 1 2 4 8 16 32 64 128
1095 830 176 0  16 1 8 1 2 4 8 16 32 64 128
1096 831 719 0  66 1 8 1 2 4 8 16 32 64 128
1097 233 270 0  34 1 8 1 2 4 8 16 32 64 128
1098 616 642 0  48 1 8 1 2 4 8 16 32 64 128
1099 486 701 0  48 1 8 1 2 4 8 16 32 64 128
1100 353  57 0  18 1 8 1 2 4 8 16 32 64 128
1101 727  55 0  96 1 8 1 2 4 8 16 32 64 128
1102 846 789 0  26 1 8 1 2 4 8 16 32 64 128
1103  44 184 0  81 1 8 1 2 4 8 16 32 64 128
1104 411 548 0  58 1 8 1 2 4 8 16 32 64 128
1105 483 850 0   9 1 8 1 2 4 8 16 32 64 128
1106 412 859 0  70 1 8 1 2 4 8 16 32 64 128
1107  38 292 0  83 1 8 1 2 4 8 16 32 64 128
1108 982 805 0  57 1 8 1 2 4 8 16 32 64 128
1109 486 462 0  48 1 8 1 2 4 8 16 32 64 128
1110 117  83 0  99 1 8 1 2 4 8 16 32 64 128
1111 438 801 0  78 1 8 1 2 4 8 16 32 64 128
1112 320 854 0  24 1 8 1 2 4 8 16 32 64 128
1113 991 962 0  27 1 8 1 2 4 8 16 32 64 128
1114 381 129 0  78 1 8 1 2 4 8 16 32 64 128
1115  72 134 0  96 1 8 1 2 4 8 16 32 64 128
1116 636 214 0  92 1 8 1 2 4 8 16 32 64 128
1117 606 666 0  28 1 8 1 2 4 8 16 32 64 128
1118 791 274 0  38 1 8 1 2 4 8 16 32 64 128
1119 250 241 0  60 1 8 1 2 4 8 16 32 64 128
1120 251  90 0  92 1 8 1 2 4 8 16 32 64 128
1121 516  25 0  15 1 8 1 2 4 8 16 32 64 128
1122 630 807 0   8 1 8 1 2 4 8 16 32 64 128
1123  22 425 0  28 1 8 1 2 4 8 16 32 64 128
1124 601 503 0  13 1 8 1 2 4 8 16 32 64 128
1125 735 525 0  57 1 8 1 2 4 8 16 32 64 128
1126 217 465 0  84 1 8 1 2 4 8 16 32 64 128
1127 825 398 0  57 1 8 1 2 4 8 16 32 64 128
1128 303 389 0  55 1 8 1 2 4 8 16 32 64 128
1129 111 489 0  65 1 8 1 2 4 8 16 32 64 128
1130 313 776 0  42 1 8 1 2 4 8 16 32 64 128
1131  76 120 0  17 1 8 1 2 4 8 16 32 64 128
1132 399 278 0  38 1 8 1 2 4 8 16 32 64 128
1133 694 309 0  11 1 8 1 2 4 8 16 32 64 128
1134 331 991 0  44 1 8 1 2 4 8 16 32 64 128
1135 292 277 0  32 1 8 1 2 4 8 16 32 64 128
1136 584 696 0   2 1 8 1 2 4 8 16 32 64 128
1137 790 712 0  14 1 8 1 2 4 8 16 32 64 128
1138 645 800 0  81 1 8 1 2 4 8 16 32 64 128
1139 470 628 0  65 1 8 1 2 4 8 16 32 64 128
1140 350 496 0  16 1 8 1 2 4 8 16 32 64 128
1141 369 904 0  71 1 8 1 2 4 8 16 32 64 128
1142  47 411 0   2 1 8 1 2 4 8 16 32 64 128
1143 725  25 0  95 1 8 1 2 4 8 16 32 64 128
1144 733 214 0   2 1 8 1 2 4 8 16 32 64 128
1145 663 997 0   7 1 8 1 2 4 8 16 32 64 128
1146 179  88 0  80 1 8 1 2 4 8 16 32 64 128
1147  88 632 0  49 1 8 1 2 4 8 16 32 64 128
1148 928 674 0  74 1 8 1 2 4 8 16 32 64 128
1149 636 270 0  78 1 8 1 2 4 8 16 32 64 128
1150 117 282 0  84 1 8 1 2 4 8 16 32 64 128
1151 610 282 0  63 1 8 1 2 4 8 16 32 64 128
1152 292 234 0   4 1 8 1 2 4 8 16 32 64 128
1153  83 435 0  76 1 8 1 2 4 8 16 32 64 128
1154 115 268 0  21 1 8 1 2 4 8 16 32 64 128
1155 267 486 0  97 1 8 1 2 4 8 16 32 64 128
1156 900  71 0  22 1 8 1 2 4 8 16 32 64 128
1157 506 331 0  10 1 8 1 2 4 8 16 32 64 128
1158 399 418 0  25 1 8 1 2 4 8 16 32 64 128
1159 647 756 0   3 1 8 1 2 4 8 16 32 64 128
1160 533 677 0  64 1 8 1 2 4 8 16 32 64 128
1161 179 285 0   7 1 8 1 2 4 8 16 32 64 128
1162  44 823 0  97 1 8 1 2 4 8 16 32 64 128
1163 485 927 0  96 1 8 1 2 4 8 16 32 64 128
1164 648 183 0   5 1 8 1 2 4 8 16 32 64 128
1165  97 888 0  45 1 8 1 2 4 8 16 32 64 128
1166 788 773 0  30 1 8 1 2 4 8 16 32 64 128
1167 719  92 0  11 1 8 1 2 4 8 16 32 64 128
1168 115 483 0  18 1 8 1 2 4 8 16 32 64 128
1169  13 677 0  23 1 8 1 2 4 8 16 32 64 128
1170 604 917 0  86 1 8 1 2 4 8 16 32 64 128
1171  95 900 0  91 1 8 1 2 4 8 16 32 64 128
1172 525 654 0  46 1 8 1 2 4 8 16 32 64 128
1173 949 131 0  36 1 8 1 2 4 8 16 32 64 128
1174 646 129 0  47 1 8 1 2 4 8 16 32 64 128
1175  99 646 0  18 1 8 1 2 4 8 16 32 64 128
1176 526 362 0  12 1 8 1 2 4 8 16 32 64 128
1177 215  47 0  80 1 8 1 2 4 8 16 32 64 128
1178 750 698 0  72 1 8 1 2 4 8 16 32 64 128
1179 507 236 0  32 1 8 1 2 4 8 16 32 64 128
1180 354 310 0  86 1 8 1 2 4 8 16 32 64 128
1181 250 365 0  14 1 8 1 2 4 8 16 32 64 128
1182 604 142 0  64 1 8 1 2 4 8 16 32 64 128
1183 652 293 0  32 1 8 1 2 4 8 16 32 64 128
1184 709 477 0  38 1 8 1 2 4 8 16 32 64 128
1185 249 810 0  85 1 8 1 2 4 8 16 32 64 128
1186 466 149 0  44 1 8 1 2 4 8 16 32 64 128
1187 356 491 0  75 1 8 1 2 4 8 16 32 64 128
1188 600 970 0  86 1 8 1 2 4 8 16 32 64 128
1189 248 497 0  97 1 8 1 2 4 8 16 32 64 128
1190 824 584 0  37 1 8 1 2 4 8 16 32 64 128
1191  55 731 0  52 1 8 1 2 4 8 16 32 64 128
1192  46 211 0  18 1 8 1 2 4 8 16 32 64 128
1193 517 544 0  50 1 8 1 2 4 8 16 32 64 128
1194 613 951 0   1 1 8 1 2 4 8 16 32 64 128
1195  46 156 0  51 1 8 1 2 4 8 16 32 64 128
1196  77 193 0  93 1 8 1 2 4 8 16 32 64 128
1197 544 178 0  60 1 8 1 2 4 8 16 32 64 128
1198 368 827 0  58 1 8 1 2 4 8 16 32 64 128
1199  64 576 0  31 1 8 1 2 4 8 16 32 64 128
1200 621 130 0  67 1 8 1 2 4 8 16 32 64 128
1201 363 181 0  38 1 8 1 2 4 8 16 32 64 128
1202  76 564 0  36 1 8 1 2 4 8 16 32 64 128
1203 391 540 0  23 1 8 1 2 4 8 16 32 64 128
1204 304 153 0  84 1 8 1 2 4 8 16 32 64 128
1205 118 768 0  65 1 8 1 2 4 8 16 32 64 128
1206 941 696 0  23 1 8 1 2 4 8 16 32 64 128
1207 830 922 0  66 1 8 1 2 4 8 16 32 64 128
1208 767 256 0  87 1 8 1 2 4 8 16 32 64 128
1209 286 894 0  53 1 8 1 2 4 8 16 32 64 128
1210 686 802 0  28 1 8 1 2 4 8 16 32 64 128
1211  46 515 0  17 1 8 1 2 4 8 16 32 64 128
1212  22 605 0  75 1 8 1 2 4 8 16 32 64 128
1213 382 355 0  56 1 8 1 2 4 8 16 32 64 128
1214 961 985 0  90 1 8 1 2 4 8 16 32 64 128
1215 396 521 0  89 1 8 1 2 4 8 16 32 64 128
1216 389 575 0  50 1 8 1 2 4 8 16 32 64 128
1217 330 838 0  94 1 8 1 2 4 8 16 32 64 128
1218 961 524 0  77 1 8 1 2 4 8 16 32 64 128
1219 254 688 0  39 1 8 1 2 4 8 16 32 64 128
1220 513  58 0  19 1 8 1 2 4 8 16 32 64 128
1221  69 224 0  79 1 8 1 2 4 8 16 32 64 128
1222 203 128 0  40 1 8 1 2 4 8 16 32 64 128
1223 174 549 0  38 1 8 1 2 4 8 16 32 64 128
1224 474 177 0  47 1 8 1 2 4 8 16 32 64 128
1225 473 509 0  45 1 8 1 2 4 8 16 32 64 128
1226 531 767 0  91 1 8 1 2 4 8 16 32 64 128
1227 600  32 0  30 1 8 1 2 4 8 16 32 64 128
1228 473 214 0  62 1 8 1 2 4 8 16 32 64 128
1229  11 993 0  29 1 8 1 2 4 8 16 32 64 128
1230 197 494 0  28 1 8 1 2 4 8 16 32 64 128
1231 134 339 0  88 1 8 1 2 4 8 16 32 64 128
1232 978 713 0  26 1 8 1 2 4 8 16 32 64 128
1233 285 935 0  83 1 8 1 2 4 8 16 32 64 128
1234  39  27 0  97 1 8 1 2 4 8 16 32 64 128
1235 986 539 0  74 1 8 1 2 4 8 16 32 64 128
1236 790 625 0  39 1 8 1 2 4 8 16 32 64 128
1237 414 698 0  18 1 8 1 2 4 8 16 32 64 128
1238 863 255 0  21 1 8 1 2 4 8 16 32 64 128
1239 314 306 0  81 1 8 1 2 4 8 16 32 64 128
1240 916 355 0   7 1 8 1 2 4 8 16 32 64 128
1241 710 121 0  69 1 8 1 2 4 8 16 32 64 128
1242 372 283 0  35 1 8 1 2 4 8 16 32 64 128
1243 896 357 0  75 1 8 1 2 4 8 16 32 64 128
1244  11 349 0  48 1 8 1 2 4 8 16 32 64 128
1245 764 380 0  99 1 8 1 2 4 8 16 32 64 128
1246 524 928 0 100 1 8 1 2 4 8 16 32 64 128
1247 195 128 0  34 1 8 1 2 4 8 16 32 64 128
1248 350 372 0  10 1 8 1 2 4 8 16 32 64 128
1249 262  93 0  23 1 8 1 2 4 8 16 32 64 128
1250  99 897 0  93 1 8 1 2 4 8 16 32 64 128
1251  71 548 0  13 1 8 1 2 4 8 16 32 64 128
1252 864 453 0   8 1 8 1 2 4 8 16 32 64 128
1253 351 917 0  60 1 8 1 2 4 8 16 32 64 128
1254 511  82 0  81 1 8 1 2 4 8 16 32 64 128
1255 128 302 0  22 1 8 1 2 4 8 16 32 64 128
1256 667 679 0  92 1 8 1 2 4 8 16 32 64 128
1257 819 956 0  15 1 8 1 2 4 8 16 32 64 128
1258 369 685 0  49 1 8 1 2 4 8 16 32 64 128
1259 426 424 0  21 1 8 1 2 4 8 16 32 64 128
1260 163 225 0   4 1 8 1 2 4 8 16 32 64 128
1261  96 887 0  44 1 8 1 2 4 8 16 32 64 128
1262   4 676 0  12 1 8 1 2 4 8 16 32 64 128
1263 509 979 0  87 1 8 1 2 4 8 16 32 64 128
1264 558 470 0  53 1 8 1 2 4 8 16 32 64 128
1265 783 469 0  88 1 8 1 2 4 8 16 32 64 128
1266 143 116 0  38 1 8 1 2 4 8 16 32 64 128
1267 938 721 0  68 1 8 1 2 4 8 16 32 64 128
1268 192 957 0  63 1 8 1 2 4 8 16 32 64 128
1269  35 498 0   7 1 8 1 2 4 8 16 32 64 128
1270 948 633 0  44 1 8 1 2 4 8 16 32 64 128
1271 397 827 0  53 1 8 1 2 4 8 16 32 64 128
1272 808 923 0  46 1 8 1 2 4 8 16 32 64 128
1273 793 638 0  32 1 8 1 2 4 8 16 32 64 128
1274 651 241 0  34 1 8 1 2 4 8 16 32 64 128
1275 158 646 0  22 1 8 1 2 4 8 16 32 64 128
1276 271 454 0  50 1 8 1 2 4 8 16 32 64 128
1277 365 362 0  94 1 8 1 2 4 8 16 32 64 128
1278 725 153 0  39 1 8 1 2 4 8 16 32 64 128
1279 233 617 0  17 1 8 1 2 4 8 16 32 64 128
1280 392 927 0   4 1 8 1 2 4 8 16 32 64 128
1281 566 969 0  86 1 8 1 2 4 8 16 32 64 128
1282  29 600 0  57 1 8 1 2 4 8 16 32 64 128
1283 624 448 0  78 1 8 1 2 4 8 16 32 64 128
1284 549  58 0  43 1 8 1 2 4 8 16 32 64 128
1285 578 457 0  56 1 8 1 2 4 8 16 32 64 128
1286 512 498 0  47 1 8 1 2 4 8 16 32 64 128
1287 907 985 0  47 1 8 1 2 4 8 16 32 64 128
1288 368 228 0  99 1 8 1 2 4 8 16 32 64 128
1289 837 543 0  20 1 8 1 2 4 8 16 32 64 128
1290  94 775 0  32 1 8 1 2 4 8 16 32 64 128
1291 320 122 0  72 1 8 1 2 4 8 16 32 64 128
1292 875 906 0  27 1 8 1 2 4 8 16 32 64 128
1293 547 441 0  62 1 8 1 2 4 8 16 32 64 128
1294  47 635 0  94 1 8 1 2 4 8 16 32 64 128
1295 843 456 0  57 1 8 1 2 4 8 16 32 64 128
1296 684  76 0  86 1 8 1 2 4 8 16 32 64 128
1297   8 658 0  88 1 8 1 2 4 8 16 32 64 128
1298 930 534 0  25 1 8 1 2 4 8 16 32 64 128
1299 817 324 0  18 1 8 1 2 4 8 16 32 64 128
1300 127 345 0  17 1 8 1 2 4 8 16 32 64 128
1301 624 168 0   3 1 8 1 2 4 8 16 32 64 128
1302 542 372 0  99 1 8 1 2 4 8 16 32 64 128
1303 811 702 0  54 1 8 1 2 4 8 16 32 64 128
1304 277 125 0  93 1 8 1 2 4 8 16 32 64 128
1305 939 644 0  67 1 8 1 2 4 8 16 32 64 128
1306 724 963 0  64 1 8 1 2 4 8 16 32 64 128
1307 941  35 0  42 1 8 1 2 4 8 16 32 64 128
1308 328 747 0  13 1 8 1 2 4 8 16 32 64 128
1309 998 448 0  46 1 8 1 2 4 8 16 32 64 128
1310 929 629 0  63 1 8 1 2 4 8 16 32 64 128
1311 545 863 0  13 1 8 1 2 4 8 16 32 64 128
1312 262 926 0  57 1 8 1 2 4 8 16 32 64 128
1313 777 509 0  61 1 8 1 2 4 8 16 32 64 128
1314 651 104 0  53 1 8 1 2 4 8 16 32 64 128
1315 496 242 0  66 1 8 1 2 4 8 16 32 64 128
1316 665 274 0  61 1 8 1 2 4 8 16 32 64 128
1317 955 292 0  31 1 8 1 2 4 8 16 32 64 128
1318 262 217 0  94 1 8 1 2 4 8 16 32 64 128
1319 891 770 0  18 1 8 1 2 4 8 16 32 64 128
1320 842 510 0  74 1 8 1 2 4 8 16 32 64 128
1321 537 868 0  34 1 8 1 2 4 8 16 32 64 128
1322  94 658 0  86 1 8 1 2 4 8 16 32 64 128
1323  76 271 0  72 1 8 1 2 4 8 16 32 64 128
1324 293 762 0  10 1 8 1 2 4 8 16 32 64 128
1325 348 634 0   3 1 8 1 2 4 8 16 32 64 128
1326  21  82 0  91 1 8 1 2 4 8 16 32 64 128
1327 191 309 0  34 1 8 1 2 4 8 16 32 64 128
1328 825 178 0  82 1 8 1 2 4 8 16 32 64 128
1329 221 385 0  76 1 8 1 2 4 8 16 32 64 128
1330 479 450 0  13 1 8 1 2 4 8 16 32 64 128
1331 301 877 0  42 1 8 1 2 4 8 16 32 64 128
1332 870 410 0  56 1 8 1 2 4 8 16 32 64 128
1333 187 848 0  48 1 8 1 2 4 8 16 32 64 128
1334 841 870 0  49 1 8 1 2 4 8 16 32 64 128
1335 246 941 0  91 1 8 1 2 4 8 16 32 64 128
1336 395 779 0  37 1 8 1 2 4 8 16 32 64 128
1337 819 364 0  81 1 8 1 2 4 8 16 32 64 128
1338 511 149 0  79 1 8 1 2 4 8 16 32 64 128
1339 379 763 0  40 1 8 1 2 4 8 16 32 64 128
1340 821 787 0  14 1 8 1 2 4 8 16 32 64 128
1341 235 559 0  50 1 8 1 2 4 8 16 32 64 128
1342 427 109 0  29 1 8 1 2 4 8 16 32 64 128
1343 103 593 0  44 1 8 1 2 4 8 16 32 64 128
1344 959 969 0 100 1 8 1 2 4 8 16 32 64 128
1345 728 273 0  45 1 8 1 2 4 8 16 32 64 128
1346  99 283 0  69 1 8 1 2 4 8 16 32 64 128
1347 453 536 0  70 1 8 1 2 4 8 16 32 64 128
1348 380 923 0  76 1 8 1 2 4 8 16 32 64 128
1349  76  85 0  65 1 8 1 2 4 8 16 32 64 128
1350 333 360 0   6 1 8 1 2 4 8 16 32 64 128
1351  86 827 0  58 1 8 1 2 4 8 16 32 64 128
1352 709 352 0  26 1 8 1 2 4 8 16 32 64 128
1353 909 373 0  68 1 8 1 2 4 8 16 32 64 128
1354 155 263 0  69 1 8 1 2 4 8 16 32 64 128
1355 154   7 0  17 1 8 1 2 4 8 16 32 64 128
1356 928 582 0  97 1 8 1 2 4 8 16 32 64 128
1357 573 129 0  97 1 8 1 2 4 8 16 32 64 128
1358 433 189 0   3 1 8 1 2 4 8 16 32 64 128
1359 186 998 0  33 1 8 1 2 4 8 16 32 64 128
1360 430  18 0  95 1 8 1 2 4 8 16 32 64 128
1361 642 216 0  13 1 8 1 2 4 8 16 32 64 128
1362  17 522 0  55 1 8 1 2 4 8 16 32 64 128
1363  15 785 0  38 1 8 1 2 4 8 16 32 64 128
1364 755 255 0   1 1 8 1 2 4 8 16 32 64 128
1365 119 236 0   4 1 8 1 2 4 8 16 32 64 128
1366 525 308 0  44 1 8 1 2 4 8 16 32 64 128
1367 800 602 0  56 1 8 1 2 4 8 16 32 64 128
1368 897 133 0  44 1 8 1 2 4 8 16 32 64 128
1369 698 378 0  97 1 8 1 2 4 8 16 32 64 128
1370 379 192 0  83 1 8 1 2 4 8 16 32 64 128
1371 586 241 0  50 1 8 1 2 4 8 16 32 64 128
1372 491 235 0  34 1 8 1 2 4 8 16 32 64 128
1373  58 539 0  22 1 8 1 2 4 8 16 32 64 128
1374 531 837 0  52 1 8 1 2 4 8 16 32 64 128
1375 472 460 0  30 1 8 1 2 4 8 16 32 64 128
1376  31 250 0  36 1 8 1 2 4 8 16 32 64 128
1377 484 275 0   1 1 8 1 2 4 8 16 32 64 128
1378 392 876 0  12 1 8 1 2 4 8 16 32 64 128
1379 220 529 0  50 1 8 1 2 4 8 16 32 64 128
1380 185 589 0  90 1 8 1 2 4 8 16 32 64 128
1381 996 438 0  23 1 8 1 2 4 8 16 32 64 128
1382 364 404 0  69 1 8 1 2 4 8 16 32 64 128
1383  33 192 0  31 1 8 1 2 4 8 16 32 64 128
1384  60 493 0  10 1 8 1 2 4 8 16 32 64 128
1385 442 279 0  78 1 8 1 2 4 8 16 32 64 128
1386 893 170 0  64 1 8 1 2 4 8 16 32 64 128
1387 793 675 0  54 1 8 1 2 4 8 16 32 64 128
1388 258 144 0  60 1 8 1 2 4 8 16 32 64 128
1389 659 990 0  91 1 8 1 2 4 8 16 32 64 128
1390 743 129 0  93 1 8 1 2 4 8 16 32 64 128
1391 927 957 0  44 1 8 1 2 4 8 16 32 64 128
1392 543 219 0  82 1 8 1 2 4 8 16 32 64 128
1393 401 301 0  49 1 8 1 2 4 8 16 32 64 128
1394 183  21 0  49 1 8 1 2 4 8 16 32 64 128
1395 822 151 0  77 1 8 1 2 4 8 16 32 64 128
1396 583 554 0   1 1 8 1 2 4 8 16 32 64 128
1397 690  39 0  36 1 8 1 2 4 8 16 32 64 128
1398 273 427 0  88 1 8 1 2 4 8 16 32 64 128
1399 218 753 0  74 1 8 1 2 4 8 16 32 64 128
1400 317 875 0  26 1 8 1 2 4 8 16 32 64 128
1401 940 742 0  66 1 8 1 2 4 8 16 32 64 128
1402 305 309 0  44 1 8 1 2 4 8 16 32 64 128
1403  26 806 0  77 1 8 1 2 4 8 16 32 64 128
1404 554 151 0  68 1 8 1 2 4 8 16 32 64 128
1405 853 517 0  94 1 8 1 2 4 8 16 32 64 128
1406 189 713 0  22 1 8 1 2 4 8 16 32 64 128
1407 740 372 0  58 1 8 1 2 4 8 16 32 64 128
1408 792 398 0  38 1 8 1 2 4 8 16 32 64 128
1409 828 665 0  17 1 8 1 2 4 8 16 32 64 128
1410 506 899 0  28 1 8 1 2 4 8 16 32 64 128
1411  63 736 0   8 1 8 1 2 4 8 16 32 64 128
1412 833 314 0   3 1 8 1 2 4 8 16 32 64 128
1413 629 412 0   0 0 0
1414 293 983 0   0 0 0
1415 809  34 0   0 0 0
1416 398 818 0   0 0 0
1417  41 514 0   0 0 0
1418 318 663 0   0 0 0
1419 118 770 0   0 0 0
1420 333 951 0   0 0 0
