2 133 1480 10
0 249
0 249
0 249
0 249
0 249
0 249
0 249
0 249
0 249
0 249
   1 233  704 0  36 1 10 1 2 4 8 16 32 64 128 256 512
   2  95  194 0 100 1 10 1 2 4 8 16 32 64 128 256 512
   3 937  799 0   4 1 10 1 2 4 8 16 32 64 128 256 512
   4  21  482 0  34 1 10 1 2 4 8 16 32 64 128 256 512
   5 393  758 0   9 1 10 1 2 4 8 16 32 64 128 256 512
   6 863  236 0  71 1 10 1 2 4 8 16 32 64 128 256 512
   7 782  294 0  36 1 10 1 2 4 8 16 32 64 128 256 512
   8 982  415 0  36 1 10 1 2 4 8 16 32 64 128 256 512
   9 575  362 0  30 1 10 1 2 4 8 16 32 64 128 256 512
  10 732  991 0  74 1 10 1 2 4 8 16 32 64 128 256 512
  11 158  173 0  89 1 10 1 2 4 8 16 32 64 128 256 512
  12  72  861 0   5 1 10 1 2 4 8 16 32 64 128 256 512
  13 171  462 0  99 1 10 1 2 4 8 16 32 64 128 256 512
  14 430  474 0  24 1 10 1 2 4 8 16 32 64 128 256 512
  15 410  704 0  19 1 10 1 2 4 8 16 32 64 128 256 512
  16 582  608 0  26 1 10 1 2 4 8 16 32 64 128 256 512
  17 387   91 0   8 1 10 1 2 4 8 16 32 64 128 256 512
  18 675  589 0   2 1 10 1 2 4 8 16 32 64 128 256 512
  19 633  649 0  86 1 10 1 2 4 8 16 32 64 128 256 512
  20  29  618 0  62 1 10 1 2 4 8 16 32 64 128 256 512
  21 859  892 0  31 1 10 1 2 4 8 16 32 64 128 256 512
  22 799  845 0  28 1 10 1 2 4 8 16 32 64 128 256 512
  23 183  962 0  50 1 10 1 2 4 8 16 32 64 128 256 512
  24 131  319 0  16 1 10 1 2 4 8 16 32 64 128 256 512
  25 952  508 0  79 1 10 1 2 4 8 16 32 64 128 256 512
  26  21  841 0  47 1 10 1 2 4 8 16 32 64 128 256 512
  27 298   72 0  86 1 10 1 2 4 8 16 32 64 128 256 512
  28 557  186 0   8 1 10 1 2 4 8 16 32 64 128 256 512
  29 362  372 0  60 1 10 1 2 4 8 16 32 64 128 256 512
  30 185  896 0   5 1 10 1 2 4 8 16 32 64 128 256 512
  31 381  966 0   4 1 10 1 2 4 8 16 32 64 128 256 512
  32 719   31 0  97 1 10 1 2 4 8 16 32 64 128 256 512
  33 117  145 0  43 1 10 1 2 4 8 16 32 64 128 256 512
  34 426  281 0  32 1 10 1 2 4 8 16 32 64 128 256 512
  35 229  530 0  74 1 10 1 2 4 8 16 32 64 128 256 512
  36 232  518 0  95 1 10 1 2 4 8 16 32 64 128 256 512
  37 386    9 0  45 1 10 1 2 4 8 16 32 64 128 256 512
  38 517  377 0  13 1 10 1 2 4 8 16 32 64 128 256 512
  39 905  606 0  87 1 10 1 2 4 8 16 32 64 128 256 512
  40 642  396 0  94 1 10 1 2 4 8 16 32 64 128 256 512
  41  73  803 0  21 1 10 1 2 4 8 16 32 64 128 256 512
  42 356  535 0  17 1 10 1 2 4 8 16 32 64 128 256 512
  43 383  731 0  80 1 10 1 2 4 8 16 32 64 128 256 512
  44 157   33 0  22 1 10 1 2 4 8 16 32 64 128 256 512
  45 103  386 0   5 1 10 1 2 4 8 16 32 64 128 256 512
  46 409  365 0  18 1 10 1 2 4 8 16 32 64 128 256 512
  47 706   70 0  81 1 10 1 2 4 8 16 32 64 128 256 512
  48 808   16 0  33 1 10 1 2 4 8 16 32 64 128 256 512
  49 506  838 0  69 1 10 1 2 4 8 16 32 64 128 256 512
  50 269  423 0  45 1 10 1 2 4 8 16 32 64 128 256 512
  51 678  319 0  59 1 10 1 2 4 8 16 32 64 128 256 512
  52 920  726 0  37 1 10 1 2 4 8 16 32 64 128 256 512
  53 292  930 0  54 1 10 1 2 4 8 16 32 64 128 256 512
  54 881  928 0  84 1 10 1 2 4 8 16 32 64 128 256 512
  55 752  118 0  75 1 10 1 2 4 8 16 32 64 128 256 512
  56 130  476 0  15 1 10 1 2 4 8 16 32 64 128 256 512
  57 375  355 0   5 1 10 1 2 4 8 16 32 64 128 256 512
  58 604  257 0  40 1 10 1 2 4 8 16 32 64 128 256 512
  59 773  250 0  48 1 10 1 2 4 8 16 32 64 128 256 512
  60 783  800 0  83 1 10 1 2 4 8 16 32 64 128 256 512
  61 855  233 0   6 1 10 1 2 4 8 16 32 64 128 256 512
  62 471  554 0  98 1 10 1 2 4 8 16 32 64 128 256 512
  63  28  928 0  90 1 10 1 2 4 8 16 32 64 128 256 512
  64 761  320 0  51 1 10 1 2 4 8 16 32 64 128 256 512
  65  74  310 0  50 1 10 1 2 4 8 16 32 64 128 256 512
  66  35   70 0  84 1 10 1 2 4 8 16 32 64 128 256 512
  67 664  703 0  26 1 10 1 2 4 8 16 32 64 128 256 512
  68 629  891 0   8 1 10 1 2 4 8 16 32 64 128 256 512
  69 356   26 0  13 1 10 1 2 4 8 16 32 64 128 256 512
  70 822  947 0  24 1 10 1 2 4 8 16 32 64 128 256 512
  71  60  495 0  56 1 10 1 2 4 8 16 32 64 128 256 512
  72 732    9 0  73 1 10 1 2 4 8 16 32 64 128 256 512
  73 426  319 0  21 1 10 1 2 4 8 16 32 64 128 256 512
  74 818  483 0  23 1 10 1 2 4 8 16 32 64 128 256 512
  75 633  525 0  21 1 10 1 2 4 8 16 32 64 128 256 512
  76 169  844 0  55 1 10 1 2 4 8 16 32 64 128 256 512
  77 524  598 0  10 1 10 1 2 4 8 16 32 64 128 256 512
  78 418  222 0  23 1 10 1 2 4 8 16 32 64 128 256 512
  79 685  401 0  91 1 10 1 2 4 8 16 32 64 128 256 512
  80  16  289 0  16 1 10 1 2 4 8 16 32 64 128 256 512
  81 499  320 0  21 1 10 1 2 4 8 16 32 64 128 256 512
  82 750   25 0  19 1 10 1 2 4 8 16 32 64 128 256 512
  83 503  146 0  82 1 10 1 2 4 8 16 32 64 128 256 512
  84 824    4 0  63 1 10 1 2 4 8 16 32 64 128 256 512
  85 538  906 0  73 1 10 1 2 4 8 16 32 64 128 256 512
  86 725  456 0  22 1 10 1 2 4 8 16 32 64 128 256 512
  87 423  984 0  61 1 10 1 2 4 8 16 32 64 128 256 512
  88 838  578 0  95 1 10 1 2 4 8 16 32 64 128 256 512
  89 770  122 0  98 1 10 1 2 4 8 16 32 64 128 256 512
  90 287  270 0  80 1 10 1 2 4 8 16 32 64 128 256 512
  91 896  409 0  35 1 10 1 2 4 8 16 32 64 128 256 512
  92 192  503 0  70 1 10 1 2 4 8 16 32 64 128 256 512
  93 337  402 0  36 1 10 1 2 4 8 16 32 64 128 256 512
  94 937  104 0  83 1 10 1 2 4 8 16 32 64 128 256 512
  95 233  289 0  17 1 10 1 2 4 8 16 32 64 128 256 512
  96 500  200 0  58 1 10 1 2 4 8 16 32 64 128 256 512
  97 499  815 0  72 1 10 1 2 4 8 16 32 64 128 256 512
  98 820   87 0  30 1 10 1 2 4 8 16 32 64 128 256 512
  99 555  215 0  25 1 10 1 2 4 8 16 32 64 128 256 512
 100 853  459 0  37 1 10 1 2 4 8 16 32 64 128 256 512
 101  49 1000 0  19 1 10 1 2 4 8 16 32 64 128 256 512
 102 491  239 0   1 1 10 1 2 4 8 16 32 64 128 256 512
 103 594  596 0  89 1 10 1 2 4 8 16 32 64 128 256 512
 104 166  136 0  33 1 10 1 2 4 8 16 32 64 128 256 512
 105 969  520 0  97 1 10 1 2 4 8 16 32 64 128 256 512
 106  84  418 0  78 1 10 1 2 4 8 16 32 64 128 256 512
 107 818  185 0  41 1 10 1 2 4 8 16 32 64 128 256 512
 108   9  484 0  16 1 10 1 2 4 8 16 32 64 128 256 512
 109 467  523 0  25 1 10 1 2 4 8 16 32 64 128 256 512
 110 418  350 0  89 1 10 1 2 4 8 16 32 64 128 256 512
 111 510  782 0  27 1 10 1 2 4 8 16 32 64 128 256 512
 112 863  964 0  83 1 10 1 2 4 8 16 32 64 128 256 512
 113 804  740 0  25 1 10 1 2 4 8 16 32 64 128 256 512
 114 872  853 0  27 1 10 1 2 4 8 16 32 64 128 256 512
 115 854  593 0  23 1 10 1 2 4 8 16 32 64 128 256 512
 116 776  568 0  44 1 10 1 2 4 8 16 32 64 128 256 512
 117 616  383 0  86 1 10 1 2 4 8 16 32 64 128 256 512
 118 922  198 0  86 1 10 1 2 4 8 16 32 64 128 256 512
 119 346  418 0  32 1 10 1 2 4 8 16 32 64 128 256 512
 120 688  589 0  23 1 10 1 2 4 8 16 32 64 128 256 512
 121 351  122 0  82 1 10 1 2 4 8 16 32 64 128 256 512
 122 244   12 0  51 1 10 1 2 4 8 16 32 64 128 256 512
 123 158  990 0  64 1 10 1 2 4 8 16 32 64 128 256 512
 124  16  951 0  75 1 10 1 2 4 8 16 32 64 128 256 512
 125 107  876 0  84 1 10 1 2 4 8 16 32 64 128 256 512
 126 153  885 0  70 1 10 1 2 4 8 16 32 64 128 256 512
 127 701  415 0   1 1 10 1 2 4 8 16 32 64 128 256 512
 128 132   18 0  34 1 10 1 2 4 8 16 32 64 128 256 512
 129 790  555 0  44 1 10 1 2 4 8 16 32 64 128 256 512
 130 582  197 0  83 1 10 1 2 4 8 16 32 64 128 256 512
 131 495  959 0  30 1 10 1 2 4 8 16 32 64 128 256 512
 132 301  847 0  29 1 10 1 2 4 8 16 32 64 128 256 512
 133 887  269 0  72 1 10 1 2 4 8 16 32 64 128 256 512
 134 980  822 0  75 1 10 1 2 4 8 16 32 64 128 256 512
 135 514  982 0   8 1 10 1 2 4 8 16 32 64 128 256 512
 136 424  326 0  10 1 10 1 2 4 8 16 32 64 128 256 512
 137  71  569 0  89 1 10 1 2 4 8 16 32 64 128 256 512
 138 286  288 0  95 1 10 1 2 4 8 16 32 64 128 256 512
 139 540  532 0  83 1 10 1 2 4 8 16 32 64 128 256 512
 140 758  821 0  12 1 10 1 2 4 8 16 32 64 128 256 512
 141 489  610 0  33 1 10 1 2 4 8 16 32 64 128 256 512
 142 449  882 0   6 1 10 1 2 4 8 16 32 64 128 256 512
 143 447   26 0  37 1 10 1 2 4 8 16 32 64 128 256 512
 144 355    5 0  45 1 10 1 2 4 8 16 32 64 128 256 512
 145 564  601 0  58 1 10 1 2 4 8 16 32 64 128 256 512
 146 965   31 0  57 1 10 1 2 4 8 16 32 64 128 256 512
 147 979  358 0  86 1 10 1 2 4 8 16 32 64 128 256 512
 148 636  634 0  61 1 10 1 2 4 8 16 32 64 128 256 512
 149 731  593 0  81 1 10 1 2 4 8 16 32 64 128 256 512
 150 721  218 0  30 1 10 1 2 4 8 16 32 64 128 256 512
 151 835  268 0  94 1 10 1 2 4 8 16 32 64 128 256 512
 152  22  226 0  80 1 10 1 2 4 8 16 32 64 128 256 512
 153  26  117 0  18 1 10 1 2 4 8 16 32 64 128 256 512
 154  17  958 0  40 1 10 1 2 4 8 16 32 64 128 256 512
 155 656  165 0  23 1 10 1 2 4 8 16 32 64 128 256 512
 156 856  833 0  23 1 10 1 2 4 8 16 32 64 128 256 512
 157  22   57 0  80 1 10 1 2 4 8 16 32 64 128 256 512
 158 370  623 0  23 1 10 1 2 4 8 16 32 64 128 256 512
 159 710  953 0   7 1 10 1 2 4 8 16 32 64 128 256 512
 160 837  767 0  36 1 10 1 2 4 8 16 32 64 128 256 512
 161 663  857 0   5 1 10 1 2 4 8 16 32 64 128 256 512
 162 383  311 0  41 1 10 1 2 4 8 16 32 64 128 256 512
 163 836  207 0  60 1 10 1 2 4 8 16 32 64 128 256 512
 164 216  745 0  40 1 10 1 2 4 8 16 32 64 128 256 512
 165  60  891 0  45 1 10 1 2 4 8 16 32 64 128 256 512
 166  83  901 0  33 1 10 1 2 4 8 16 32 64 128 256 512
 167 417   47 0   9 1 10 1 2 4 8 16 32 64 128 256 512
 168 463  805 0  88 1 10 1 2 4 8 16 32 64 128 256 512
 169 118  806 0  84 1 10 1 2 4 8 16 32 64 128 256 512
 170 448  132 0  77 1 10 1 2 4 8 16 32 64 128 256 512
 171  47  493 0  69 1 10 1 2 4 8 16 32 64 128 256 512
 172 512  126 0 100 1 10 1 2 4 8 16 32 64 128 256 512
 173 456  339 0  91 1 10 1 2 4 8 16 32 64 128 256 512
 174 220  760 0  27 1 10 1 2 4 8 16 32 64 128 256 512
 175 680  940 0  63 1 10 1 2 4 8 16 32 64 128 256 512
 176 973  292 0  75 1 10 1 2 4 8 16 32 64 128 256 512
 177 576  386 0   4 1 10 1 2 4 8 16 32 64 128 256 512
 178 684  679 0   3 1 10 1 2 4 8 16 32 64 128 256 512
 179 742  804 0   7 1 10 1 2 4 8 16 32 64 128 256 512
 180  43  667 0  89 1 10 1 2 4 8 16 32 64 128 256 512
 181 337  684 0  29 1 10 1 2 4 8 16 32 64 128 256 512
 182 476   79 0  58 1 10 1 2 4 8 16 32 64 128 256 512
 183 486  452 0  96 1 10 1 2 4 8 16 32 64 128 256 512
 184 691  785 0  61 1 10 1 2 4 8 16 32 64 128 256 512
 185 338  505 0  79 1 10 1 2 4 8 16 32 64 128 256 512
 186 247  825 0  20 1 10 1 2 4 8 16 32 64 128 256 512
 187 248  167 0  39 1 10 1 2 4 8 16 32 64 128 256 512
 188 922  514 0  25 1 10 1 2 4 8 16 32 64 128 256 512
 189 492  882 0  19 1 10 1 2 4 8 16 32 64 128 256 512
 190 223  120 0  19 1 10 1 2 4 8 16 32 64 128 256 512
 191 952   68 0  20 1 10 1 2 4 8 16 32 64 128 256 512
 192 721  226 0  69 1 10 1 2 4 8 16 32 64 128 256 512
 193 855  798 0  31 1 10 1 2 4 8 16 32 64 128 256 512
 194 733  432 0  53 1 10 1 2 4 8 16 32 64 128 256 512
 195  36  327 0   1 1 10 1 2 4 8 16 32 64 128 256 512
 196 174    4 0  65 1 10 1 2 4 8 16 32 64 128 256 512
 197 570  540 0  97 1 10 1 2 4 8 16 32 64 128 256 512
 198 736  113 0  56 1 10 1 2 4 8 16 32 64 128 256 512
 199 450  425 0  85 1 10 1 2 4 8 16 32 64 128 256 512
 200  38  929 0  91 1 10 1 2 4 8 16 32 64 128 256 512
 201 907  137 0  67 1 10 1 2 4 8 16 32 64 128 256 512
 202 886  257 0  22 1 10 1 2 4 8 16 32 64 128 256 512
 203 771  721 0   8 1 10 1 2 4 8 16 32 64 128 256 512
 204 795  112 0  84 1 10 1 2 4 8 16 32 64 128 256 512
 205 163   88 0   7 1 10 1 2 4 8 16 32 64 128 256 512
 206 277  683 0  19 1 10 1 2 4 8 16 32 64 128 256 512
 207 656  745 0  89 1 10 1 2 4 8 16 32 64 128 256 512
 208 999  416 0  41 1 10 1 2 4 8 16 32 64 128 256 512
 209 861  525 0  54 1 10 1 2 4 8 16 32 64 128 256 512
 210 712  641 0  42 1 10 1 2 4 8 16 32 64 128 256 512
 211 642  437 0  33 1 10 1 2 4 8 16 32 64 128 256 512
 212 520  914 0  36 1 10 1 2 4 8 16 32 64 128 256 512
 213 902   84 0  70 1 10 1 2 4 8 16 32 64 128 256 512
 214 532  379 0  15 1 10 1 2 4 8 16 32 64 128 256 512
 215 340  595 0  60 1 10 1 2 4 8 16 32 64 128 256 512
 216 583  683 0  32 1 10 1 2 4 8 16 32 64 128 256 512
 217 430  226 0  73 1 10 1 2 4 8 16 32 64 128 256 512
 218 624  844 0  89 1 10 1 2 4 8 16 32 64 128 256 512
 219 200  486 0  49 1 10 1 2 4 8 16 32 64 128 256 512
 220 122  516 0  57 1 10 1 2 4 8 16 32 64 128 256 512
 221 271  605 0   2 1 10 1 2 4 8 16 32 64 128 256 512
 222 114  429 0  99 1 10 1 2 4 8 16 32 64 128 256 512
 223 767  883 0  21 1 10 1 2 4 8 16 32 64 128 256 512
 224 860  488 0  35 1 10 1 2 4 8 16 32 64 128 256 512
 225 694  742 0  17 1 10 1 2 4 8 16 32 64 128 256 512
 226 571  201 0  99 1 10 1 2 4 8 16 32 64 128 256 512
 227 539  384 0  47 1 10 1 2 4 8 16 32 64 128 256 512
 228 924  545 0  95 1 10 1 2 4 8 16 32 64 128 256 512
 229 219  878 0  66 1 10 1 2 4 8 16 32 64 128 256 512
 230 229  102 0  99 1 10 1 2 4 8 16 32 64 128 256 512
 231  78   63 0   1 1 10 1 2 4 8 16 32 64 128 256 512
 232 470  995 0  51 1 10 1 2 4 8 16 32 64 128 256 512
 233 653  736 0  74 1 10 1 2 4 8 16 32 64 128 256 512
 234 814  579 0  49 1 10 1 2 4 8 16 32 64 128 256 512
 235 340  178 0   5 1 10 1 2 4 8 16 32 64 128 256 512
 236 346  398 0  75 1 10 1 2 4 8 16 32 64 128 256 512
 237 189  752 0  53 1 10 1 2 4 8 16 32 64 128 256 512
 238 835 1000 0  83 1 10 1 2 4 8 16 32 64 128 256 512
 239 939  220 0  25 1 10 1 2 4 8 16 32 64 128 256 512
 240 121  721 0  10 1 10 1 2 4 8 16 32 64 128 256 512
 241 220  261 0   6 1 10 1 2 4 8 16 32 64 128 256 512
 242 402  885 0  86 1 10 1 2 4 8 16 32 64 128 256 512
 243 870  911 0  93 1 10 1 2 4 8 16 32 64 128 256 512
 244  30  826 0  65 1 10 1 2 4 8 16 32 64 128 256 512
 245  25  545 0  38 1 10 1 2 4 8 16 32 64 128 256 512
 246 402  926 0  80 1 10 1 2 4 8 16 32 64 128 256 512
 247 464  452 0  79 1 10 1 2 4 8 16 32 64 128 256 512
 248 163   47 0  17 1 10 1 2 4 8 16 32 64 128 256 512
 249 684  370 0  95 1 10 1 2 4 8 16 32 64 128 256 512
 250 711  683 0  43 1 10 1 2 4 8 16 32 64 128 256 512
 251 669  831 0  79 1 10 1 2 4 8 16 32 64 128 256 512
 252 270  658 0  33 1 10 1 2 4 8 16 32 64 128 256 512
 253 448  385 0  33 1 10 1 2 4 8 16 32 64 128 256 512
 254 453  969 0  96 1 10 1 2 4 8 16 32 64 128 256 512
 255 888   71 0   9 1 10 1 2 4 8 16 32 64 128 256 512
 256  34  390 0  27 1 10 1 2 4 8 16 32 64 128 256 512
 257 664   16 0  83 1 10 1 2 4 8 16 32 64 128 256 512
 258   5  381 0  88 1 10 1 2 4 8 16 32 64 128 256 512
 259 910  251 0  11 1 10 1 2 4 8 16 32 64 128 256 512
 260  60  183 0  60 1 10 1 2 4 8 16 32 64 128 256 512
 261 876  938 0  52 1 10 1 2 4 8 16 32 64 128 256 512
 262 936  478 0  70 1 10 1 2 4 8 16 32 64 128 256 512
 263 551  127 0  32 1 10 1 2 4 8 16 32 64 128 256 512
 264 451  756 0  33 1 10 1 2 4 8 16 32 64 128 256 512
 265 354  558 0  16 1 10 1 2 4 8 16 32 64 128 256 512
 266 752  536 0  23 1 10 1 2 4 8 16 32 64 128 256 512
 267 282  114 0  38 1 10 1 2 4 8 16 32 64 128 256 512
 268 894  822 0  43 1 10 1 2 4 8 16 32 64 128 256 512
 269 815  696 0  49 1 10 1 2 4 8 16 32 64 128 256 512
 270  97  295 0  33 1 10 1 2 4 8 16 32 64 128 256 512
 271  74  663 0  66 1 10 1 2 4 8 16 32 64 128 256 512
 272 976  297 0  94 1 10 1 2 4 8 16 32 64 128 256 512
 273 958  743 0  58 1 10 1 2 4 8 16 32 64 128 256 512
 274  36  519 0  79 1 10 1 2 4 8 16 32 64 128 256 512
 275  65   76 0  68 1 10 1 2 4 8 16 32 64 128 256 512
 276 951  985 0  19 1 10 1 2 4 8 16 32 64 128 256 512
 277 270  798 0  57 1 10 1 2 4 8 16 32 64 128 256 512
 278 158  640 0   5 1 10 1 2 4 8 16 32 64 128 256 512
 279 670  952 0  82 1 10 1 2 4 8 16 32 64 128 256 512
 280 878  166 0  35 1 10 1 2 4 8 16 32 64 128 256 512
 281 441  746 0  67 1 10 1 2 4 8 16 32 64 128 256 512
 282 395   17 0  23 1 10 1 2 4 8 16 32 64 128 256 512
 283 912  781 0  64 1 10 1 2 4 8 16 32 64 128 256 512
 284 743  226 0  57 1 10 1 2 4 8 16 32 64 128 256 512
 285 340   31 0  12 1 10 1 2 4 8 16 32 64 128 256 512
 286 876  676 0  17 1 10 1 2 4 8 16 32 64 128 256 512
 287 218  864 0  32 1 10 1 2 4 8 16 32 64 128 256 512
 288 127   74 0  42 1 10 1 2 4 8 16 32 64 128 256 512
 289 806  863 0  54 1 10 1 2 4 8 16 32 64 128 256 512
 290 485  309 0  55 1 10 1 2 4 8 16 32 64 128 256 512
 291 790  326 0  42 1 10 1 2 4 8 16 32 64 128 256 512
 292  33  940 0  98 1 10 1 2 4 8 16 32 64 128 256 512
 293 888  892 0  34 1 10 1 2 4 8 16 32 64 128 256 512
 294 942  317 0  20 1 10 1 2 4 8 16 32 64 128 256 512
 295 115  365 0  54 1 10 1 2 4 8 16 32 64 128 256 512
 296 976  533 0  60 1 10 1 2 4 8 16 32 64 128 256 512
 297 124   30 0  46 1 10 1 2 4 8 16 32 64 128 256 512
 298 437  185 0  38 1 10 1 2 4 8 16 32 64 128 256 512
 299 533  653 0  40 1 10 1 2 4 8 16 32 64 128 256 512
 300 554  381 0  60 1 10 1 2 4 8 16 32 64 128 256 512
 301 955  415 0  79 1 10 1 2 4 8 16 32 64 128 256 512
 302 659  481 0  75 1 10 1 2 4 8 16 32 64 128 256 512
 303  27  421 0  80 1 10 1 2 4 8 16 32 64 128 256 512
 304 952  676 0  29 1 10 1 2 4 8 16 32 64 128 256 512
 305 851  916 0  97 1 10 1 2 4 8 16 32 64 128 256 512
 306 364   11 0   1 1 10 1 2 4 8 16 32 64 128 256 512
 307 616   26 0  19 1 10 1 2 4 8 16 32 64 128 256 512
 308 213  384 0  49 1 10 1 2 4 8 16 32 64 128 256 512
 309 498  208 0  10 1 10 1 2 4 8 16 32 64 128 256 512
 310 633  796 0  60 1 10 1 2 4 8 16 32 64 128 256 512
 311 268  689 0  40 1 10 1 2 4 8 16 32 64 128 256 512
 312 665  795 0  79 1 10 1 2 4 8 16 32 64 128 256 512
 313 499  978 0  30 1 10 1 2 4 8 16 32 64 128 256 512
 314 677  391 0   4 1 10 1 2 4 8 16 32 64 128 256 512
 315 227    7 0  98 1 10 1 2 4 8 16 32 64 128 256 512
 316 151  263 0  31 1 10 1 2 4 8 16 32 64 128 256 512
 317 543  913 0  32 1 10 1 2 4 8 16 32 64 128 256 512
 318 926  827 0  37 1 10 1 2 4 8 16 32 64 128 256 512
 319 548  842 0  40 1 10 1 2 4 8 16 32 64 128 256 512
 320 676  898 0  99 1 10 1 2 4 8 16 32 64 128 256 512
 321 954   59 0  47 1 10 1 2 4 8 16 32 64 128 256 512
 322 860  238 0  73 1 10 1 2 4 8 16 32 64 128 256 512
 323 561  294 0  84 1 10 1 2 4 8 16 32 64 128 256 512
 324 655   97 0  20 1 10 1 2 4 8 16 32 64 128 256 512
 325 675  512 0  64 1 10 1 2 4 8 16 32 64 128 256 512
 326 507  796 0  68 1 10 1 2 4 8 16 32 64 128 256 512
 327 831  931 0  55 1 10 1 2 4 8 16 32 64 128 256 512
 328 595  307 0  35 1 10 1 2 4 8 16 32 64 128 256 512
 329   4    2 0  89 1 10 1 2 4 8 16 32 64 128 256 512
 330 339  271 0  40 1 10 1 2 4 8 16 32 64 128 256 512
 331 492  742 0  35 1 10 1 2 4 8 16 32 64 128 256 512
 332 367  572 0  29 1 10 1 2 4 8 16 32 64 128 256 512
 333 293  146 0  15 1 10 1 2 4 8 16 32 64 128 256 512
 334 650  827 0  31 1 10 1 2 4 8 16 32 64 128 256 512
 335  10  818 0  88 1 10 1 2 4 8 16 32 64 128 256 512
 336 280  104 0  89 1 10 1 2 4 8 16 32 64 128 256 512
 337 849  444 0  27 1 10 1 2 4 8 16 32 64 128 256 512
 338 853  275 0  20 1 10 1 2 4 8 16 32 64 128 256 512
 339 309  584 0  41 1 10 1 2 4 8 16 32 64 128 256 512
 340 103  829 0  61 1 10 1 2 4 8 16 32 64 128 256 512
 341 686   97 0  17 1 10 1 2 4 8 16 32 64 128 256 512
 342 796  126 0  86 1 10 1 2 4 8 16 32 64 128 256 512
 343 887  594 0  11 1 10 1 2 4 8 16 32 64 128 256 512
 344   1  638 0  74 1 10 1 2 4 8 16 32 64 128 256 512
 345  41  612 0  36 1 10 1 2 4 8 16 32 64 128 256 512
 346  85  169 0  12 1 10 1 2 4 8 16 32 64 128 256 512
 347 410  927 0  70 1 10 1 2 4 8 16 32 64 128 256 512
 348   9  948 0  26 1 10 1 2 4 8 16 32 64 128 256 512
 349 161  392 0  38 1 10 1 2 4 8 16 32 64 128 256 512
 350 697   23 0   7 1 10 1 2 4 8 16 32 64 128 256 512
 351 248  271 0  75 1 10 1 2 4 8 16 32 64 128 256 512
 352 683  701 0 100 1 10 1 2 4 8 16 32 64 128 256 512
 353 730  917 0  30 1 10 1 2 4 8 16 32 64 128 256 512
 354 281  276 0  38 1 10 1 2 4 8 16 32 64 128 256 512
 355 831  139 0  81 1 10 1 2 4 8 16 32 64 128 256 512
 356 654  173 0  83 1 10 1 2 4 8 16 32 64 128 256 512
 357 116  700 0  86 1 10 1 2 4 8 16 32 64 128 256 512
 358 857  315 0  73 1 10 1 2 4 8 16 32 64 128 256 512
 359 884  173 0  11 1 10 1 2 4 8 16 32 64 128 256 512
 360 887  419 0  81 1 10 1 2 4 8 16 32 64 128 256 512
 361 789  514 0  41 1 10 1 2 4 8 16 32 64 128 256 512
 362 198  598 0  63 1 10 1 2 4 8 16 32 64 128 256 512
 363 855   63 0  91 1 10 1 2 4 8 16 32 64 128 256 512
 364 995  968 0  95 1 10 1 2 4 8 16 32 64 128 256 512
 365 290  396 0  14 1 10 1 2 4 8 16 32 64 128 256 512
 366  50  872 0  84 1 10 1 2 4 8 16 32 64 128 256 512
 367 277  409 0  32 1 10 1 2 4 8 16 32 64 128 256 512
 368   9  337 0  56 1 10 1 2 4 8 16 32 64 128 256 512
 369  56   48 0  59 1 10 1 2 4 8 16 32 64 128 256 512
 370 737  106 0  28 1 10 1 2 4 8 16 32 64 128 256 512
 371   8   65 0  61 1 10 1 2 4 8 16 32 64 128 256 512
 372  40  115 0  71 1 10 1 2 4 8 16 32 64 128 256 512
 373 573  676 0  87 1 10 1 2 4 8 16 32 64 128 256 512
 374 247  238 0  89 1 10 1 2 4 8 16 32 64 128 256 512
 375 665  736 0  66 1 10 1 2 4 8 16 32 64 128 256 512
 376 501  698 0  67 1 10 1 2 4 8 16 32 64 128 256 512
 377 416  386 0  64 1 10 1 2 4 8 16 32 64 128 256 512
 378 333  626 0  72 1 10 1 2 4 8 16 32 64 128 256 512
 379 119   91 0  79 1 10 1 2 4 8 16 32 64 128 256 512
 380 219  936 0  17 1 10 1 2 4 8 16 32 64 128 256 512
 381 473  279 0   7 1 10 1 2 4 8 16 32 64 128 256 512
 382  15  942 0  51 1 10 1 2 4 8 16 32 64 128 256 512
 383 423  538 0  60 1 10 1 2 4 8 16 32 64 128 256 512
 384 527  431 0  96 1 10 1 2 4 8 16 32 64 128 256 512
 385 364  632 0  12 1 10 1 2 4 8 16 32 64 128 256 512
 386 686  701 0  27 1 10 1 2 4 8 16 32 64 128 256 512
 387  57  430 0  27 1 10 1 2 4 8 16 32 64 128 256 512
 388 834  486 0   8 1 10 1 2 4 8 16 32 64 128 256 512
 389 752  226 0  50 1 10 1 2 4 8 16 32 64 128 256 512
 390 793  461 0  69 1 10 1 2 4 8 16 32 64 128 256 512
 391 147  441 0  69 1 10 1 2 4 8 16 32 64 128 256 512
 392 140  808 0  62 1 10 1 2 4 8 16 32 64 128 256 512
 393 597  190 0  37 1 10 1 2 4 8 16 32 64 128 256 512
 394 778  856 0  96 1 10 1 2 4 8 16 32 64 128 256 512
 395 776  553 0  60 1 10 1 2 4 8 16 32 64 128 256 512
 396 562  829 0  33 1 10 1 2 4 8 16 32 64 128 256 512
 397 502   64 0  66 1 10 1 2 4 8 16 32 64 128 256 512
 398 691  801 0  15 1 10 1 2 4 8 16 32 64 128 256 512
 399 247  446 0  66 1 10 1 2 4 8 16 32 64 128 256 512
 400 367  235 0  65 1 10 1 2 4 8 16 32 64 128 256 512
 401 955  228 0   3 1 10 1 2 4 8 16 32 64 128 256 512
 402 392  311 0  78 1 10 1 2 4 8 16 32 64 128 256 512
 403 832  262 0  48 1 10 1 2 4 8 16 32 64 128 256 512
 404 186  232 0   5 1 10 1 2 4 8 16 32 64 128 256 512
 405 755  493 0  16 1 10 1 2 4 8 16 32 64 128 256 512
 406 336  261 0  31 1 10 1 2 4 8 16 32 64 128 256 512
 407 990  959 0  92 1 10 1 2 4 8 16 32 64 128 256 512
 408 167  894 0  15 1 10 1 2 4 8 16 32 64 128 256 512
 409 253  395 0  18 1 10 1 2 4 8 16 32 64 128 256 512
 410  33  265 0  29 1 10 1 2 4 8 16 32 64 128 256 512
 411 447  629 0  57 1 10 1 2 4 8 16 32 64 128 256 512
 412 766  504 0  81 1 10 1 2 4 8 16 32 64 128 256 512
 413  65   45 0  16 1 10 1 2 4 8 16 32 64 128 256 512
 414 198  717 0  73 1 10 1 2 4 8 16 32 64 128 256 512
 415 477  465 0  27 1 10 1 2 4 8 16 32 64 128 256 512
 416 682  934 0  19 1 10 1 2 4 8 16 32 64 128 256 512
 417 708  170 0  87 1 10 1 2 4 8 16 32 64 128 256 512
 418 748  899 0  65 1 10 1 2 4 8 16 32 64 128 256 512
 419 394  386 0  47 1 10 1 2 4 8 16 32 64 128 256 512
 420  63  706 0  21 1 10 1 2 4 8 16 32 64 128 256 512
 421  25  470 0  44 1 10 1 2 4 8 16 32 64 128 256 512
 422  13  537 0  19 1 10 1 2 4 8 16 32 64 128 256 512
 423 889  413 0  76 1 10 1 2 4 8 16 32 64 128 256 512
 424 970  154 0  58 1 10 1 2 4 8 16 32 64 128 256 512
 425  55  667 0  53 1 10 1 2 4 8 16 32 64 128 256 512
 426 179  621 0  96 1 10 1 2 4 8 16 32 64 128 256 512
 427 228  952 0   2 1 10 1 2 4 8 16 32 64 128 256 512
 428 844  258 0  64 1 10 1 2 4 8 16 32 64 128 256 512
 429 254  789 0  69 1 10 1 2 4 8 16 32 64 128 256 512
 430 748  199 0  17 1 10 1 2 4 8 16 32 64 128 256 512
 431  57  904 0  17 1 10 1 2 4 8 16 32 64 128 256 512
 432  28  543 0  73 1 10 1 2 4 8 16 32 64 128 256 512
 433 979  753 0 100 1 10 1 2 4 8 16 32 64 128 256 512
 434 179  633 0  37 1 10 1 2 4 8 16 32 64 128 256 512
 435 191  614 0  89 1 10 1 2 4 8 16 32 64 128 256 512
 436 778  816 0  61 1 10 1 2 4 8 16 32 64 128 256 512
 437 181  579 0  66 1 10 1 2 4 8 16 32 64 128 256 512
 438 573  791 0  18 1 10 1 2 4 8 16 32 64 128 256 512
 439 800  767 0  26 1 10 1 2 4 8 16 32 64 128 256 512
 440 942   21 0  81 1 10 1 2 4 8 16 32 64 128 256 512
 441 619  632 0  32 1 10 1 2 4 8 16 32 64 128 256 512
 442  39   39 0  44 1 10 1 2 4 8 16 32 64 128 256 512
 443 651  136 0  83 1 10 1 2 4 8 16 32 64 128 256 512
 444 652  822 0  83 1 10 1 2 4 8 16 32 64 128 256 512
 445  98  657 0  47 1 10 1 2 4 8 16 32 64 128 256 512
 446 689  770 0  30 1 10 1 2 4 8 16 32 64 128 256 512
 447 930  898 0   8 1 10 1 2 4 8 16 32 64 128 256 512
 448 592  184 0  95 1 10 1 2 4 8 16 32 64 128 256 512
 449 950  878 0  40 1 10 1 2 4 8 16 32 64 128 256 512
 450 567  325 0  78 1 10 1 2 4 8 16 32 64 128 256 512
 451 599  518 0  96 1 10 1 2 4 8 16 32 64 128 256 512
 452 944  536 0  54 1 10 1 2 4 8 16 32 64 128 256 512
 453 126  452 0  62 1 10 1 2 4 8 16 32 64 128 256 512
 454 257  827 0  94 1 10 1 2 4 8 16 32 64 128 256 512
 455 926  223 0  36 1 10 1 2 4 8 16 32 64 128 256 512
 456 328  152 0  34 1 10 1 2 4 8 16 32 64 128 256 512
 457 917  988 0  79 1 10 1 2 4 8 16 32 64 128 256 512
 458 589  763 0  87 1 10 1 2 4 8 16 32 64 128 256 512
 459 738  153 0  70 1 10 1 2 4 8 16 32 64 128 256 512
 460 328  765 0  74 1 10 1 2 4 8 16 32 64 128 256 512
 461 900  505 0  37 1 10 1 2 4 8 16 32 64 128 256 512
 462 400    4 0 100 1 10 1 2 4 8 16 32 64 128 256 512
 463  63   87 0  83 1 10 1 2 4 8 16 32 64 128 256 512
 464 404  326 0  91 1 10 1 2 4 8 16 32 64 128 256 512
 465 251  882 0   4 1 10 1 2 4 8 16 32 64 128 256 512
 466 979  402 0  17 1 10 1 2 4 8 16 32 64 128 256 512
 467 730   96 0  74 1 10 1 2 4 8 16 32 64 128 256 512
 468 553  136 0  40 1 10 1 2 4 8 16 32 64 128 256 512
 469 846  422 0  23 1 10 1 2 4 8 16 32 64 128 256 512
 470 840  456 0  53 1 10 1 2 4 8 16 32 64 128 256 512
 471 950  861 0  27 1 10 1 2 4 8 16 32 64 128 256 512
 472 702  166 0  17 1 10 1 2 4 8 16 32 64 128 256 512
 473 677  934 0   6 1 10 1 2 4 8 16 32 64 128 256 512
 474 675  222 0  88 1 10 1 2 4 8 16 32 64 128 256 512
 475 210  290 0  26 1 10 1 2 4 8 16 32 64 128 256 512
 476 118  523 0  67 1 10 1 2 4 8 16 32 64 128 256 512
 477  97   42 0  64 1 10 1 2 4 8 16 32 64 128 256 512
 478 352  983 0  25 1 10 1 2 4 8 16 32 64 128 256 512
 479 403  179 0  23 1 10 1 2 4 8 16 32 64 128 256 512
 480 658  597 0  34 1 10 1 2 4 8 16 32 64 128 256 512
 481 800  892 0  52 1 10 1 2 4 8 16 32 64 128 256 512
 482 549  241 0  51 1 10 1 2 4 8 16 32 64 128 256 512
 483 102  777 0  28 1 10 1 2 4 8 16 32 64 128 256 512
 484 381  332 0  13 1 10 1 2 4 8 16 32 64 128 256 512
 485 899  993 0  22 1 10 1 2 4 8 16 32 64 128 256 512
 486 424  490 0  85 1 10 1 2 4 8 16 32 64 128 256 512
 487 865  125 0  69 1 10 1 2 4 8 16 32 64 128 256 512
 488 457  664 0  61 1 10 1 2 4 8 16 32 64 128 256 512
 489 532  676 0   5 1 10 1 2 4 8 16 32 64 128 256 512
 490  21  667 0  43 1 10 1 2 4 8 16 32 64 128 256 512
 491 174  258 0  75 1 10 1 2 4 8 16 32 64 128 256 512
 492 649  221 0  28 1 10 1 2 4 8 16 32 64 128 256 512
 493 298  126 0  61 1 10 1 2 4 8 16 32 64 128 256 512
 494 550  226 0  91 1 10 1 2 4 8 16 32 64 128 256 512
 495 883  698 0  81 1 10 1 2 4 8 16 32 64 128 256 512
 496 203  377 0   4 1 10 1 2 4 8 16 32 64 128 256 512
 497 163  195 0  98 1 10 1 2 4 8 16 32 64 128 256 512
 498 633   99 0  46 1 10 1 2 4 8 16 32 64 128 256 512
 499  83  737 0  88 1 10 1 2 4 8 16 32 64 128 256 512
 500 932  417 0  66 1 10 1 2 4 8 16 32 64 128 256 512
 501 878  991 0  97 1 10 1 2 4 8 16 32 64 128 256 512
 502  34  201 0  30 1 10 1 2 4 8 16 32 64 128 256 512
 503 938  611 0  91 1 10 1 2 4 8 16 32 64 128 256 512
 504 858  315 0  37 1 10 1 2 4 8 16 32 64 128 256 512
 505 959  901 0  29 1 10 1 2 4 8 16 32 64 128 256 512
 506 872  907 0 100 1 10 1 2 4 8 16 32 64 128 256 512
 507 127  492 0  69 1 10 1 2 4 8 16 32 64 128 256 512
 508 225  126 0  54 1 10 1 2 4 8 16 32 64 128 256 512
 509 767  889 0  84 1 10 1 2 4 8 16 32 64 128 256 512
 510 663  563 0  77 1 10 1 2 4 8 16 32 64 128 256 512
 511 725  330 0  52 1 10 1 2 4 8 16 32 64 128 256 512
 512 656  810 0  87 1 10 1 2 4 8 16 32 64 128 256 512
 513 268  806 0  14 1 10 1 2 4 8 16 32 64 128 256 512
 514 682  433 0  72 1 10 1 2 4 8 16 32 64 128 256 512
 515 291  206 0  32 1 10 1 2 4 8 16 32 64 128 256 512
 516 466  562 0  26 1 10 1 2 4 8 16 32 64 128 256 512
 517 803  225 0  13 1 10 1 2 4 8 16 32 64 128 256 512
 518 703  849 0  19 1 10 1 2 4 8 16 32 64 128 256 512
 519 992   64 0  41 1 10 1 2 4 8 16 32 64 128 256 512
 520 350  441 0  35 1 10 1 2 4 8 16 32 64 128 256 512
 521 942  113 0  98 1 10 1 2 4 8 16 32 64 128 256 512
 522 882  132 0  42 1 10 1 2 4 8 16 32 64 128 256 512
 523 141  583 0  33 1 10 1 2 4 8 16 32 64 128 256 512
 524 454  421 0  98 1 10 1 2 4 8 16 32 64 128 256 512
 525 407  942 0   4 1 10 1 2 4 8 16 32 64 128 256 512
 526 245  334 0  94 1 10 1 2 4 8 16 32 64 128 256 512
 527 602  163 0  94 1 10 1 2 4 8 16 32 64 128 256 512
 528 429  451 0  46 1 10 1 2 4 8 16 32 64 128 256 512
 529 312  295 0  17 1 10 1 2 4 8 16 32 64 128 256 512
 530  14  684 0  78 1 10 1 2 4 8 16 32 64 128 256 512
 531 376   73 0  90 1 10 1 2 4 8 16 32 64 128 256 512
 532 708  303 0  13 1 10 1 2 4 8 16 32 64 128 256 512
 533 449  763 0 100 1 10 1 2 4 8 16 32 64 128 256 512
 534 202  515 0  69 1 10 1 2 4 8 16 32 64 128 256 512
 535 606  932 0  61 1 10 1 2 4 8 16 32 64 128 256 512
 536 589  129 0  50 1 10 1 2 4 8 16 32 64 128 256 512
 537  76  724 0 100 1 10 1 2 4 8 16 32 64 128 256 512
 538 398  778 0  21 1 10 1 2 4 8 16 32 64 128 256 512
 539 733   99 0  61 1 10 1 2 4 8 16 32 64 128 256 512
 540 226  663 0 100 1 10 1 2 4 8 16 32 64 128 256 512
 541 232   39 0  63 1 10 1 2 4 8 16 32 64 128 256 512
 542 758  744 0  26 1 10 1 2 4 8 16 32 64 128 256 512
 543 431  923 0  36 1 10 1 2 4 8 16 32 64 128 256 512
 544 953  439 0  67 1 10 1 2 4 8 16 32 64 128 256 512
 545 735  130 0  58 1 10 1 2 4 8 16 32 64 128 256 512
 546 855  454 0  86 1 10 1 2 4 8 16 32 64 128 256 512
 547 699  949 0  97 1 10 1 2 4 8 16 32 64 128 256 512
 548 988  352 0  99 1 10 1 2 4 8 16 32 64 128 256 512
 549 280  817 0  83 1 10 1 2 4 8 16 32 64 128 256 512
 550 888  985 0  55 1 10 1 2 4 8 16 32 64 128 256 512
 551 723  443 0  62 1 10 1 2 4 8 16 32 64 128 256 512
 552 485  484 0  90 1 10 1 2 4 8 16 32 64 128 256 512
 553 167  625 0  18 1 10 1 2 4 8 16 32 64 128 256 512
 554  75  735 0   5 1 10 1 2 4 8 16 32 64 128 256 512
 555 140  296 0  25 1 10 1 2 4 8 16 32 64 128 256 512
 556 468  713 0   9 1 10 1 2 4 8 16 32 64 128 256 512
 557 768  525 0   9 1 10 1 2 4 8 16 32 64 128 256 512
 558  94  546 0  50 1 10 1 2 4 8 16 32 64 128 256 512
 559 649  378 0  26 1 10 1 2 4 8 16 32 64 128 256 512
 560 270  732 0  62 1 10 1 2 4 8 16 32 64 128 256 512
 561  31  994 0  57 1 10 1 2 4 8 16 32 64 128 256 512
 562 483  266 0  26 1 10 1 2 4 8 16 32 64 128 256 512
 563 996  976 0  34 1 10 1 2 4 8 16 32 64 128 256 512
 564 700  318 0  19 1 10 1 2 4 8 16 32 64 128 256 512
 565 428  485 0   4 1 10 1 2 4 8 16 32 64 128 256 512
 566 394  181 0  86 1 10 1 2 4 8 16 32 64 128 256 512
 567  84  561 0  49 1 10 1 2 4 8 16 32 64 128 256 512
 568 383  110 0  79 1 10 1 2 4 8 16 32 64 128 256 512
 569 943  979 0  66 1 10 1 2 4 8 16 32 64 128 256 512
 570 205  782 0   3 1 10 1 2 4 8 16 32 64 128 256 512
 571 440  180 0  82 1 10 1 2 4 8 16 32 64 128 256 512
 572 492  779 0  95 1 10 1 2 4 8 16 32 64 128 256 512
 573 270  839 0  52 1 10 1 2 4 8 16 32 64 128 256 512
 574 649  313 0  42 1 10 1 2 4 8 16 32 64 128 256 512
 575 276  418 0  71 1 10 1 2 4 8 16 32 64 128 256 512
 576 403   25 0  13 1 10 1 2 4 8 16 32 64 128 256 512
 577 977  906 0  56 1 10 1 2 4 8 16 32 64 128 256 512
 578  92  644 0  37 1 10 1 2 4 8 16 32 64 128 256 512
 579 868  442 0  85 1 10 1 2 4 8 16 32 64 128 256 512
 580 778  679 0  14 1 10 1 2 4 8 16 32 64 128 256 512
 581 270  828 0   6 1 10 1 2 4 8 16 32 64 128 256 512
 582 791  194 0  90 1 10 1 2 4 8 16 32 64 128 256 512
 583 450  951 0  39 1 10 1 2 4 8 16 32 64 128 256 512
 584 723  655 0  25 1 10 1 2 4 8 16 32 64 128 256 512
 585 298  545 0  73 1 10 1 2 4 8 16 32 64 128 256 512
 586 740  833 0  81 1 10 1 2 4 8 16 32 64 128 256 512
 587 365  275 0  32 1 10 1 2 4 8 16 32 64 128 256 512
 588  65  820 0  15 1 10 1 2 4 8 16 32 64 128 256 512
 589  64  937 0  68 1 10 1 2 4 8 16 32 64 128 256 512
 590 222  588 0  30 1 10 1 2 4 8 16 32 64 128 256 512
 591 263  868 0  79 1 10 1 2 4 8 16 32 64 128 256 512
 592 385  997 0  12 1 10 1 2 4 8 16 32 64 128 256 512
 593 918  662 0  60 1 10 1 2 4 8 16 32 64 128 256 512
 594 273  432 0  37 1 10 1 2 4 8 16 32 64 128 256 512
 595 349  554 0  68 1 10 1 2 4 8 16 32 64 128 256 512
 596 963  960 0  13 1 10 1 2 4 8 16 32 64 128 256 512
 597 719  967 0  79 1 10 1 2 4 8 16 32 64 128 256 512
 598 937  757 0  22 1 10 1 2 4 8 16 32 64 128 256 512
 599 835  968 0  98 1 10 1 2 4 8 16 32 64 128 256 512
 600 352  322 0  78 1 10 1 2 4 8 16 32 64 128 256 512
 601 621  601 0  91 1 10 1 2 4 8 16 32 64 128 256 512
 602 703  617 0  82 1 10 1 2 4 8 16 32 64 128 256 512
 603 782  392 0   6 1 10 1 2 4 8 16 32 64 128 256 512
 604  24  981 0  52 1 10 1 2 4 8 16 32 64 128 256 512
 605 680  594 0  46 1 10 1 2 4 8 16 32 64 128 256 512
 606 753  878 0  65 1 10 1 2 4 8 16 32 64 128 256 512
 607 791  559 0  85 1 10 1 2 4 8 16 32 64 128 256 512
 608 183  454 0  71 1 10 1 2 4 8 16 32 64 128 256 512
 609 509  125 0  68 1 10 1 2 4 8 16 32 64 128 256 512
 610 558  478 0  61 1 10 1 2 4 8 16 32 64 128 256 512
 611 859  352 0  38 1 10 1 2 4 8 16 32 64 128 256 512
 612 699  780 0  61 1 10 1 2 4 8 16 32 64 128 256 512
 613 456  726 0  25 1 10 1 2 4 8 16 32 64 128 256 512
 614 435  305 0  24 1 10 1 2 4 8 16 32 64 128 256 512
 615  13   75 0  31 1 10 1 2 4 8 16 32 64 128 256 512
 616 726  337 0  11 1 10 1 2 4 8 16 32 64 128 256 512
 617 664  110 0  23 1 10 1 2 4 8 16 32 64 128 256 512
 618 343  141 0  88 1 10 1 2 4 8 16 32 64 128 256 512
 619 907  372 0  23 1 10 1 2 4 8 16 32 64 128 256 512
 620 305  282 0  27 1 10 1 2 4 8 16 32 64 128 256 512
 621 596    1 0   7 1 10 1 2 4 8 16 32 64 128 256 512
 622 150   26 0  30 1 10 1 2 4 8 16 32 64 128 256 512
 623  65  205 0 100 1 10 1 2 4 8 16 32 64 128 256 512
 624 620  154 0  24 1 10 1 2 4 8 16 32 64 128 256 512
 625   2  991 0  33 1 10 1 2 4 8 16 32 64 128 256 512
 626 351  521 0  91 1 10 1 2 4 8 16 32 64 128 256 512
 627 244  963 0  10 1 10 1 2 4 8 16 32 64 128 256 512
 628 427  788 0  92 1 10 1 2 4 8 16 32 64 128 256 512
 629 974  373 0  45 1 10 1 2 4 8 16 32 64 128 256 512
 630 325  918 0  18 1 10 1 2 4 8 16 32 64 128 256 512
 631 219  781 0  21 1 10 1 2 4 8 16 32 64 128 256 512
 632 287   47 0  78 1 10 1 2 4 8 16 32 64 128 256 512
 633 905   77 0  81 1 10 1 2 4 8 16 32 64 128 256 512
 634 497  335 0   2 1 10 1 2 4 8 16 32 64 128 256 512
 635 933  980 0  22 1 10 1 2 4 8 16 32 64 128 256 512
 636 253  397 0  38 1 10 1 2 4 8 16 32 64 128 256 512
 637 122  182 0  97 1 10 1 2 4 8 16 32 64 128 256 512
 638 169  728 0  91 1 10 1 2 4 8 16 32 64 128 256 512
 639 560  891 0  28 1 10 1 2 4 8 16 32 64 128 256 512
 640 350    7 0   8 1 10 1 2 4 8 16 32 64 128 256 512
 641 320  263 0  50 1 10 1 2 4 8 16 32 64 128 256 512
 642 605  617 0  42 1 10 1 2 4 8 16 32 64 128 256 512
 643 106  605 0  81 1 10 1 2 4 8 16 32 64 128 256 512
 644 349  462 0  49 1 10 1 2 4 8 16 32 64 128 256 512
 645 535  900 0  63 1 10 1 2 4 8 16 32 64 128 256 512
 646 699  128 0  49 1 10 1 2 4 8 16 32 64 128 256 512
 647 955  753 0  45 1 10 1 2 4 8 16 32 64 128 256 512
 648 239  812 0  80 1 10 1 2 4 8 16 32 64 128 256 512
 649 383  427 0  14 1 10 1 2 4 8 16 32 64 128 256 512
 650 967  578 0  29 1 10 1 2 4 8 16 32 64 128 256 512
 651 475  230 0  61 1 10 1 2 4 8 16 32 64 128 256 512
 652 790  487 0  91 1 10 1 2 4 8 16 32 64 128 256 512
 653  35  881 0  60 1 10 1 2 4 8 16 32 64 128 256 512
 654 408  206 0  22 1 10 1 2 4 8 16 32 64 128 256 512
 655 243  390 0  37 1 10 1 2 4 8 16 32 64 128 256 512
 656 460  508 0   5 1 10 1 2 4 8 16 32 64 128 256 512
 657 966   57 0  95 1 10 1 2 4 8 16 32 64 128 256 512
 658 275  369 0  46 1 10 1 2 4 8 16 32 64 128 256 512
 659 388  371 0  30 1 10 1 2 4 8 16 32 64 128 256 512
 660 347  964 0  85 1 10 1 2 4 8 16 32 64 128 256 512
 661 434  181 0  73 1 10 1 2 4 8 16 32 64 128 256 512
 662 768  862 0  65 1 10 1 2 4 8 16 32 64 128 256 512
 663 772 1000 0  38 1 10 1 2 4 8 16 32 64 128 256 512
 664 647  743 0  61 1 10 1 2 4 8 16 32 64 128 256 512
 665 113   53 0  20 1 10 1 2 4 8 16 32 64 128 256 512
 666 562  247 0  97 1 10 1 2 4 8 16 32 64 128 256 512
 667 875  920 0  52 1 10 1 2 4 8 16 32 64 128 256 512
 668 938  108 0  57 1 10 1 2 4 8 16 32 64 128 256 512
 669 960  409 0  88 1 10 1 2 4 8 16 32 64 128 256 512
 670 777  876 0   7 1 10 1 2 4 8 16 32 64 128 256 512
 671 937  219 0  42 1 10 1 2 4 8 16 32 64 128 256 512
 672  30  939 0  25 1 10 1 2 4 8 16 32 64 128 256 512
 673  20  753 0  94 1 10 1 2 4 8 16 32 64 128 256 512
 674 431  874 0  86 1 10 1 2 4 8 16 32 64 128 256 512
 675 262  692 0  10 1 10 1 2 4 8 16 32 64 128 256 512
 676 755  458 0  79 1 10 1 2 4 8 16 32 64 128 256 512
 677 985  752 0  99 1 10 1 2 4 8 16 32 64 128 256 512
 678 975  416 0  21 1 10 1 2 4 8 16 32 64 128 256 512
 679 182  967 0  22 1 10 1 2 4 8 16 32 64 128 256 512
 680 152  708 0  98 1 10 1 2 4 8 16 32 64 128 256 512
 681 714  443 0  19 1 10 1 2 4 8 16 32 64 128 256 512
 682 765  404 0  40 1 10 1 2 4 8 16 32 64 128 256 512
 683 808   46 0  16 1 10 1 2 4 8 16 32 64 128 256 512
 684 495  514 0  49 1 10 1 2 4 8 16 32 64 128 256 512
 685 913  455 0  94 1 10 1 2 4 8 16 32 64 128 256 512
 686 623  102 0  79 1 10 1 2 4 8 16 32 64 128 256 512
 687 363   72 0  38 1 10 1 2 4 8 16 32 64 128 256 512
 688 243  492 0  63 1 10 1 2 4 8 16 32 64 128 256 512
 689 756   85 0  20 1 10 1 2 4 8 16 32 64 128 256 512
 690 115  906 0   8 1 10 1 2 4 8 16 32 64 128 256 512
 691 912  612 0  88 1 10 1 2 4 8 16 32 64 128 256 512
 692 368  811 0  29 1 10 1 2 4 8 16 32 64 128 256 512
 693 423  247 0  81 1 10 1 2 4 8 16 32 64 128 256 512
 694 465  541 0  86 1 10 1 2 4 8 16 32 64 128 256 512
 695 766  735 0  37 1 10 1 2 4 8 16 32 64 128 256 512
 696 488  510 0  52 1 10 1 2 4 8 16 32 64 128 256 512
 697 356  515 0  79 1 10 1 2 4 8 16 32 64 128 256 512
 698 553  883 0  39 1 10 1 2 4 8 16 32 64 128 256 512
 699  34  660 0  32 1 10 1 2 4 8 16 32 64 128 256 512
 700 563  703 0  50 1 10 1 2 4 8 16 32 64 128 256 512
 701 915  134 0  94 1 10 1 2 4 8 16 32 64 128 256 512
 702 675  956 0  19 1 10 1 2 4 8 16 32 64 128 256 512
 703 238   43 0  24 1 10 1 2 4 8 16 32 64 128 256 512
 704 881  399 0  49 1 10 1 2 4 8 16 32 64 128 256 512
 705 190  482 0  91 1 10 1 2 4 8 16 32 64 128 256 512
 706 911  762 0  94 1 10 1 2 4 8 16 32 64 128 256 512
 707 213  739 0   7 1 10 1 2 4 8 16 32 64 128 256 512
 708 906   22 0  64 1 10 1 2 4 8 16 32 64 128 256 512
 709 141  734 0  62 1 10 1 2 4 8 16 32 64 128 256 512
 710 335  287 0  97 1 10 1 2 4 8 16 32 64 128 256 512
 711  52  572 0  28 1 10 1 2 4 8 16 32 64 128 256 512
 712 347  169 0  24 1 10 1 2 4 8 16 32 64 128 256 512
 713 833  920 0  24 1 10 1 2 4 8 16 32 64 128 256 512
 714 466  393 0  52 1 10 1 2 4 8 16 32 64 128 256 512
 715 614   59 0  18 1 10 1 2 4 8 16 32 64 128 256 512
 716 818  755 0  98 1 10 1 2 4 8 16 32 64 128 256 512
 717 100   11 0  44 1 10 1 2 4 8 16 32 64 128 256 512
 718 213  773 0  82 1 10 1 2 4 8 16 32 64 128 256 512
 719  75   12 0  66 1 10 1 2 4 8 16 32 64 128 256 512
 720 583  127 0  47 1 10 1 2 4 8 16 32 64 128 256 512
 721 949  191 0  11 1 10 1 2 4 8 16 32 64 128 256 512
 722 284  758 0  86 1 10 1 2 4 8 16 32 64 128 256 512
 723 889  478 0  70 1 10 1 2 4 8 16 32 64 128 256 512
 724 468  752 0  80 1 10 1 2 4 8 16 32 64 128 256 512
 725 750  454 0  11 1 10 1 2 4 8 16 32 64 128 256 512
 726 241  347 0  42 1 10 1 2 4 8 16 32 64 128 256 512
 727 316  702 0  39 1 10 1 2 4 8 16 32 64 128 256 512
 728 385  857 0  79 1 10 1 2 4 8 16 32 64 128 256 512
 729 507  140 0  78 1 10 1 2 4 8 16 32 64 128 256 512
 730 655  865 0  64 1 10 1 2 4 8 16 32 64 128 256 512
 731 600  711 0  47 1 10 1 2 4 8 16 32 64 128 256 512
 732 764  630 0  74 1 10 1 2 4 8 16 32 64 128 256 512
 733 524  931 0  34 1 10 1 2 4 8 16 32 64 128 256 512
 734 721  749 0  60 1 10 1 2 4 8 16 32 64 128 256 512
 735 191  214 0  46 1 10 1 2 4 8 16 32 64 128 256 512
 736  20  517 0  24 1 10 1 2 4 8 16 32 64 128 256 512
 737 696  341 0  46 1 10 1 2 4 8 16 32 64 128 256 512
 738 506  966 0  55 1 10 1 2 4 8 16 32 64 128 256 512
 739 661  992 0  12 1 10 1 2 4 8 16 32 64 128 256 512
 740 831  467 0  93 1 10 1 2 4 8 16 32 64 128 256 512
 741 154  640 0  91 1 10 1 2 4 8 16 32 64 128 256 512
 742 296  743 0   5 1 10 1 2 4 8 16 32 64 128 256 512
 743 126  499 0  34 1 10 1 2 4 8 16 32 64 128 256 512
 744 319  911 0  29 1 10 1 2 4 8 16 32 64 128 256 512
 745 858  208 0  15 1 10 1 2 4 8 16 32 64 128 256 512
 746 281  378 0  45 1 10 1 2 4 8 16 32 64 128 256 512
 747 466  460 0  44 1 10 1 2 4 8 16 32 64 128 256 512
 748 856  265 0  75 1 10 1 2 4 8 16 32 64 128 256 512
 749 289   27 0  14 1 10 1 2 4 8 16 32 64 128 256 512
 750 826  957 0  38 1 10 1 2 4 8 16 32 64 128 256 512
 751 834  168 0  39 1 10 1 2 4 8 16 32 64 128 256 512
 752 486  323 0  47 1 10 1 2 4 8 16 32 64 128 256 512
 753 107  237 0  20 1 10 1 2 4 8 16 32 64 128 256 512
 754 507  673 0  23 1 10 1 2 4 8 16 32 64 128 256 512
 755 661   41 0  26 1 10 1 2 4 8 16 32 64 128 256 512
 756 809  769 0  87 1 10 1 2 4 8 16 32 64 128 256 512
 757 734  878 0  79 1 10 1 2 4 8 16 32 64 128 256 512
 758 714  270 0  12 1 10 1 2 4 8 16 32 64 128 256 512
 759 459  534 0  13 1 10 1 2 4 8 16 32 64 128 256 512
 760 432  477 0  89 1 10 1 2 4 8 16 32 64 128 256 512
 761  98  816 0  84 1 10 1 2 4 8 16 32 64 128 256 512
 762 199  619 0  91 1 10 1 2 4 8 16 32 64 128 256 512
 763 507  324 0  62 1 10 1 2 4 8 16 32 64 128 256 512
 764 465  892 0  76 1 10 1 2 4 8 16 32 64 128 256 512
 765 757  840 0  48 1 10 1 2 4 8 16 32 64 128 256 512
 766 840  633 0  42 1 10 1 2 4 8 16 32 64 128 256 512
 767 793  386 0  74 1 10 1 2 4 8 16 32 64 128 256 512
 768 331  628 0  30 1 10 1 2 4 8 16 32 64 128 256 512
 769 824  595 0   9 1 10 1 2 4 8 16 32 64 128 256 512
 770 798   73 0  95 1 10 1 2 4 8 16 32 64 128 256 512
 771 590  578 0  38 1 10 1 2 4 8 16 32 64 128 256 512
 772 264  621 0  80 1 10 1 2 4 8 16 32 64 128 256 512
 773 762   58 0  13 1 10 1 2 4 8 16 32 64 128 256 512
 774 209  889 0  24 1 10 1 2 4 8 16 32 64 128 256 512
 775 616  481 0  43 1 10 1 2 4 8 16 32 64 128 256 512
 776 305  308 0  82 1 10 1 2 4 8 16 32 64 128 256 512
 777 632  476 0  64 1 10 1 2 4 8 16 32 64 128 256 512
 778 913  587 0  27 1 10 1 2 4 8 16 32 64 128 256 512
 779 793  923 0   6 1 10 1 2 4 8 16 32 64 128 256 512
 780 365  561 0  76 1 10 1 2 4 8 16 32 64 128 256 512
 781 677  243 0  98 1 10 1 2 4 8 16 32 64 128 256 512
 782 784  390 0  79 1 10 1 2 4 8 16 32 64 128 256 512
 783 705  633 0  33 1 10 1 2 4 8 16 32 64 128 256 512
 784 626  237 0  42 1 10 1 2 4 8 16 32 64 128 256 512
 785 234  358 0  21 1 10 1 2 4 8 16 32 64 128 256 512
 786 711  778 0  73 1 10 1 2 4 8 16 32 64 128 256 512
 787  73  982 0  99 1 10 1 2 4 8 16 32 64 128 256 512
 788 388  953 0  77 1 10 1 2 4 8 16 32 64 128 256 512
 789 154   90 0  78 1 10 1 2 4 8 16 32 64 128 256 512
 790 194  585 0  86 1 10 1 2 4 8 16 32 64 128 256 512
 791 843  701 0  21 1 10 1 2 4 8 16 32 64 128 256 512
 792 499  127 0  96 1 10 1 2 4 8 16 32 64 128 256 512
 793 655   57 0   5 1 10 1 2 4 8 16 32 64 128 256 512
 794 808   31 0  78 1 10 1 2 4 8 16 32 64 128 256 512
 795 287    2 0  52 1 10 1 2 4 8 16 32 64 128 256 512
 796 905  955 0  96 1 10 1 2 4 8 16 32 64 128 256 512
 797 649  509 0  88 1 10 1 2 4 8 16 32 64 128 256 512
 798 809  549 0  48 1 10 1 2 4 8 16 32 64 128 256 512
 799 217   10 0  13 1 10 1 2 4 8 16 32 64 128 256 512
 800 420  135 0  43 1 10 1 2 4 8 16 32 64 128 256 512
 801 584  991 0  81 1 10 1 2 4 8 16 32 64 128 256 512
 802 978   84 0  46 1 10 1 2 4 8 16 32 64 128 256 512
 803 765  331 0  40 1 10 1 2 4 8 16 32 64 128 256 512
 804 996  277 0  45 1 10 1 2 4 8 16 32 64 128 256 512
 805 258    1 0  53 1 10 1 2 4 8 16 32 64 128 256 512
 806 985  866 0  94 1 10 1 2 4 8 16 32 64 128 256 512
 807 268  832 0  71 1 10 1 2 4 8 16 32 64 128 256 512
 808  86  933 0  89 1 10 1 2 4 8 16 32 64 128 256 512
 809 959  241 0  30 1 10 1 2 4 8 16 32 64 128 256 512
 810 962   24 0  82 1 10 1 2 4 8 16 32 64 128 256 512
 811 783  702 0   3 1 10 1 2 4 8 16 32 64 128 256 512
 812  34  609 0  72 1 10 1 2 4 8 16 32 64 128 256 512
 813 536  670 0   8 1 10 1 2 4 8 16 32 64 128 256 512
 814 597  876 0  35 1 10 1 2 4 8 16 32 64 128 256 512
 815 566  927 0   8 1 10 1 2 4 8 16 32 64 128 256 512
 816 296   48 0  60 1 10 1 2 4 8 16 32 64 128 256 512
 817 753  602 0  59 1 10 1 2 4 8 16 32 64 128 256 512
 818 473   64 0  78 1 10 1 2 4 8 16 32 64 128 256 512
 819 257  754 0  28 1 10 1 2 4 8 16 32 64 128 256 512
 820 313  542 0  50 1 10 1 2 4 8 16 32 64 128 256 512
 821 235  546 0  12 1 10 1 2 4 8 16 32 64 128 256 512
 822 512  434 0  44 1 10 1 2 4 8 16 32 64 128 256 512
 823 712  960 0  56 1 10 1 2 4 8 16 32 64 128 256 512
 824 334  547 0  58 1 10 1 2 4 8 16 32 64 128 256 512
 825 428   84 0  80 1 10 1 2 4 8 16 32 64 128 256 512
 826 495  102 0  61 1 10 1 2 4 8 16 32 64 128 256 512
 827 352  275 0  44 1 10 1 2 4 8 16 32 64 128 256 512
 828  63  715 0  41 1 10 1 2 4 8 16 32 64 128 256 512
 829 698  603 0  26 1 10 1 2 4 8 16 32 64 128 256 512
 830 567  285 0  45 1 10 1 2 4 8 16 32 64 128 256 512
 831 984  536 0  11 1 10 1 2 4 8 16 32 64 128 256 512
 832   2  266 0  16 1 10 1 2 4 8 16 32 64 128 256 512
 833 292  722 0  72 1 10 1 2 4 8 16 32 64 128 256 512
 834 774  252 0  34 1 10 1 2 4 8 16 32 64 128 256 512
 835 131  900 0  46 1 10 1 2 4 8 16 32 64 128 256 512
 836 623  574 0  38 1 10 1 2 4 8 16 32 64 128 256 512
 837 936  317 0  83 1 10 1 2 4 8 16 32 64 128 256 512
 838 497  356 0  16 1 10 1 2 4 8 16 32 64 128 256 512
 839 248  787 0  95 1 10 1 2 4 8 16 32 64 128 256 512
 840 251  853 0  46 1 10 1 2 4 8 16 32 64 128 256 512
 841 544  176 0  27 1 10 1 2 4 8 16 32 64 128 256 512
 842 271  698 0  87 1 10 1 2 4 8 16 32 64 128 256 512
 843 999  622 0  17 1 10 1 2 4 8 16 32 64 128 256 512
 844 869  561 0  82 1 10 1 2 4 8 16 32 64 128 256 512
 845 731  323 0  33 1 10 1 2 4 8 16 32 64 128 256 512
 846 366  909 0  17 1 10 1 2 4 8 16 32 64 128 256 512
 847 146  578 0  39 1 10 1 2 4 8 16 32 64 128 256 512
 848 990  564 0  91 1 10 1 2 4 8 16 32 64 128 256 512
 849 290  705 0  48 1 10 1 2 4 8 16 32 64 128 256 512
 850 481  904 0  95 1 10 1 2 4 8 16 32 64 128 256 512
 851 835  103 0  30 1 10 1 2 4 8 16 32 64 128 256 512
 852 803  329 0  35 1 10 1 2 4 8 16 32 64 128 256 512
 853 831  858 0  52 1 10 1 2 4 8 16 32 64 128 256 512
 854  45  709 0  99 1 10 1 2 4 8 16 32 64 128 256 512
 855 428  754 0  79 1 10 1 2 4 8 16 32 64 128 256 512
 856 335  973 0  75 1 10 1 2 4 8 16 32 64 128 256 512
 857 166  337 0  70 1 10 1 2 4 8 16 32 64 128 256 512
 858 362  212 0  49 1 10 1 2 4 8 16 32 64 128 256 512
 859 383  139 0  26 1 10 1 2 4 8 16 32 64 128 256 512
 860 361  669 0  39 1 10 1 2 4 8 16 32 64 128 256 512
 861 213  610 0  55 1 10 1 2 4 8 16 32 64 128 256 512
 862 932  515 0  82 1 10 1 2 4 8 16 32 64 128 256 512
 863 636  878 0  33 1 10 1 2 4 8 16 32 64 128 256 512
 864 512  940 0   3 1 10 1 2 4 8 16 32 64 128 256 512
 865 749  337 0  13 1 10 1 2 4 8 16 32 64 128 256 512
 866 739  129 0   8 1 10 1 2 4 8 16 32 64 128 256 512
 867 140  597 0  57 1 10 1 2 4 8 16 32 64 128 256 512
 868 208  224 0   2 1 10 1 2 4 8 16 32 64 128 256 512
 869 766  261 0  59 1 10 1 2 4 8 16 32 64 128 256 512
 870 912  267 0  17 1 10 1 2 4 8 16 32 64 128 256 512
 871 641   28 0  12 1 10 1 2 4 8 16 32 64 128 256 512
 872  85  899 0   1 1 10 1 2 4 8 16 32 64 128 256 512
 873  70  735 0  82 1 10 1 2 4 8 16 32 64 128 256 512
 874 968  448 0  15 1 10 1 2 4 8 16 32 64 128 256 512
 875 986  327 0   7 1 10 1 2 4 8 16 32 64 128 256 512
 876 811   16 0  99 1 10 1 2 4 8 16 32 64 128 256 512
 877 720  696 0  26 1 10 1 2 4 8 16 32 64 128 256 512
 878 769  275 0  70 1 10 1 2 4 8 16 32 64 128 256 512
 879 894  836 0  44 1 10 1 2 4 8 16 32 64 128 256 512
 880 171  828 0  36 1 10 1 2 4 8 16 32 64 128 256 512
 881 520  895 0  86 1 10 1 2 4 8 16 32 64 128 256 512
 882 218   56 0  33 1 10 1 2 4 8 16 32 64 128 256 512
 883 584  155 0  64 1 10 1 2 4 8 16 32 64 128 256 512
 884  54  246 0  69 1 10 1 2 4 8 16 32 64 128 256 512
 885 609  630 0  37 1 10 1 2 4 8 16 32 64 128 256 512
 886 525  359 0  25 1 10 1 2 4 8 16 32 64 128 256 512
 887 792  341 0   6 1 10 1 2 4 8 16 32 64 128 256 512
 888 685  796 0  49 1 10 1 2 4 8 16 32 64 128 256 512
 889 809  357 0  88 1 10 1 2 4 8 16 32 64 128 256 512
 890 136   48 0   1 1 10 1 2 4 8 16 32 64 128 256 512
 891 706  362 0  65 1 10 1 2 4 8 16 32 64 128 256 512
 892 532  717 0  22 1 10 1 2 4 8 16 32 64 128 256 512
 893 106  953 0  14 1 10 1 2 4 8 16 32 64 128 256 512
 894 944  623 0  61 1 10 1 2 4 8 16 32 64 128 256 512
 895 472  246 0  53 1 10 1 2 4 8 16 32 64 128 256 512
 896 648  269 0   9 1 10 1 2 4 8 16 32 64 128 256 512
 897 309  263 0 100 1 10 1 2 4 8 16 32 64 128 256 512
 898 615  640 0   4 1 10 1 2 4 8 16 32 64 128 256 512
 899  80  317 0  87 1 10 1 2 4 8 16 32 64 128 256 512
 900 572  396 0   3 1 10 1 2 4 8 16 32 64 128 256 512
 901 982  457 0  36 1 10 1 2 4 8 16 32 64 128 256 512
 902 164  788 0  51 1 10 1 2 4 8 16 32 64 128 256 512
 903 481    9 0  84 1 10 1 2 4 8 16 32 64 128 256 512
 904 708  220 0  44 1 10 1 2 4 8 16 32 64 128 256 512
 905 984  245 0  39 1 10 1 2 4 8 16 32 64 128 256 512
 906 486  293 0  13 1 10 1 2 4 8 16 32 64 128 256 512
 907 339  770 0  85 1 10 1 2 4 8 16 32 64 128 256 512
 908 567  469 0  52 1 10 1 2 4 8 16 32 64 128 256 512
 909 840  832 0  36 1 10 1 2 4 8 16 32 64 128 256 512
 910 306  318 0  18 1 10 1 2 4 8 16 32 64 128 256 512
 911 275  134 0  32 1 10 1 2 4 8 16 32 64 128 256 512
 912 452  142 0  83 1 10 1 2 4 8 16 32 64 128 256 512
 913 999  741 0  13 1 10 1 2 4 8 16 32 64 128 256 512
 914 751  240 0  32 1 10 1 2 4 8 16 32 64 128 256 512
 915 289  366 0  45 1 10 1 2 4 8 16 32 64 128 256 512
 916 355  433 0  31 1 10 1 2 4 8 16 32 64 128 256 512
 917 221  407 0  40 1 10 1 2 4 8 16 32 64 128 256 512
 918 891  127 0  97 1 10 1 2 4 8 16 32 64 128 256 512
 919 805  542 0  68 1 10 1 2 4 8 16 32 64 128 256 512
 920 535  991 0  47 1 10 1 2 4 8 16 32 64 128 256 512
 921 368  750 0  10 1 10 1 2 4 8 16 32 64 128 256 512
 922 412   79 0   6 1 10 1 2 4 8 16 32 64 128 256 512
 923 587  921 0  99 1 10 1 2 4 8 16 32 64 128 256 512
 924 396  304 0  76 1 10 1 2 4 8 16 32 64 128 256 512
 925 764  156 0  38 1 10 1 2 4 8 16 32 64 128 256 512
 926 768  788 0  93 1 10 1 2 4 8 16 32 64 128 256 512
 927 697  368 0  34 1 10 1 2 4 8 16 32 64 128 256 512
 928 563  108 0  66 1 10 1 2 4 8 16 32 64 128 256 512
 929 309  858 0  68 1 10 1 2 4 8 16 32 64 128 256 512
 930 978  271 0  58 1 10 1 2 4 8 16 32 64 128 256 512
 931 116  638 0  45 1 10 1 2 4 8 16 32 64 128 256 512
 932 623  819 0  87 1 10 1 2 4 8 16 32 64 128 256 512
 933 676  875 0  75 1 10 1 2 4 8 16 32 64 128 256 512
 934 835  484 0  38 1 10 1 2 4 8 16 32 64 128 256 512
 935 602  770 0  58 1 10 1 2 4 8 16 32 64 128 256 512
 936 721  946 0  90 1 10 1 2 4 8 16 32 64 128 256 512
 937 796   89 0  17 1 10 1 2 4 8 16 32 64 128 256 512
 938 549  889 0  36 1 10 1 2 4 8 16 32 64 128 256 512
 939  61 1000 0  64 1 10 1 2 4 8 16 32 64 128 256 512
 940 396  368 0   3 1 10 1 2 4 8 16 32 64 128 256 512
 941 210   43 0  21 1 10 1 2 4 8 16 32 64 128 256 512
 942 995  458 0  85 1 10 1 2 4 8 16 32 64 128 256 512
 943 374  850 0  91 1 10 1 2 4 8 16 32 64 128 256 512
 944 597  326 0  97 1 10 1 2 4 8 16 32 64 128 256 512
 945 310  330 0  60 1 10 1 2 4 8 16 32 64 128 256 512
 946 841  147 0  51 1 10 1 2 4 8 16 32 64 128 256 512
 947 992  737 0  77 1 10 1 2 4 8 16 32 64 128 256 512
 948 690   50 0   7 1 10 1 2 4 8 16 32 64 128 256 512
 949  13  698 0  44 1 10 1 2 4 8 16 32 64 128 256 512
 950 692  936 0  27 1 10 1 2 4 8 16 32 64 128 256 512
 951  12  468 0  71 1 10 1 2 4 8 16 32 64 128 256 512
 952 351  485 0  27 1 10 1 2 4 8 16 32 64 128 256 512
 953 990  379 0  21 1 10 1 2 4 8 16 32 64 128 256 512
 954  70   58 0  36 1 10 1 2 4 8 16 32 64 128 256 512
 955 528  761 0  58 1 10 1 2 4 8 16 32 64 128 256 512
 956 874  704 0  95 1 10 1 2 4 8 16 32 64 128 256 512
 957 130  275 0  34 1 10 1 2 4 8 16 32 64 128 256 512
 958 161  309 0  48 1 10 1 2 4 8 16 32 64 128 256 512
 959 621  252 0  48 1 10 1 2 4 8 16 32 64 128 256 512
 960 164  728 0  14 1 10 1 2 4 8 16 32 64 128 256 512
 961 706  608 0  98 1 10 1 2 4 8 16 32 64 128 256 512
 962 607  675 0  18 1 10 1 2 4 8 16 32 64 128 256 512
 963 916  837 0  76 1 10 1 2 4 8 16 32 64 128 256 512
 964 619   25 0  56 1 10 1 2 4 8 16 32 64 128 256 512
 965 445  863 0  80 1 10 1 2 4 8 16 32 64 128 256 512
 966 475  696 0  39 1 10 1 2 4 8 16 32 64 128 256 512
 967 410  947 0  27 1 10 1 2 4 8 16 32 64 128 256 512
 968 265  311 0  97 1 10 1 2 4 8 16 32 64 128 256 512
 969 473  656 0  87 1 10 1 2 4 8 16 32 64 128 256 512
 970  39  739 0  91 1 10 1 2 4 8 16 32 64 128 256 512
 971 439  750 0  32 1 10 1 2 4 8 16 32 64 128 256 512
 972 770  487 0  98 1 10 1 2 4 8 16 32 64 128 256 512
 973 877  960 0  67 1 10 1 2 4 8 16 32 64 128 256 512
 974 490  584 0  44 1 10 1 2 4 8 16 32 64 128 256 512
 975 359  599 0  64 1 10 1 2 4 8 16 32 64 128 256 512
 976  25  353 0  17 1 10 1 2 4 8 16 32 64 128 256 512
 977 466   88 0  59 1 10 1 2 4 8 16 32 64 128 256 512
 978 936  674 0  10 1 10 1 2 4 8 16 32 64 128 256 512
 979 840  940 0  17 1 10 1 2 4 8 16 32 64 128 256 512
 980 473  128 0  96 1 10 1 2 4 8 16 32 64 128 256 512
 981 467  460 0  10 1 10 1 2 4 8 16 32 64 128 256 512
 982 387  994 0  98 1 10 1 2 4 8 16 32 64 128 256 512
 983 578  858 0  41 1 10 1 2 4 8 16 32 64 128 256 512
 984 725  647 0  79 1 10 1 2 4 8 16 32 64 128 256 512
 985 564  105 0  71 1 10 1 2 4 8 16 32 64 128 256 512
 986 253  703 0  94 1 10 1 2 4 8 16 32 64 128 256 512
 987 574  218 0  49 1 10 1 2 4 8 16 32 64 128 256 512
 988 596  416 0   2 1 10 1 2 4 8 16 32 64 128 256 512
 989 651   21 0   1 1 10 1 2 4 8 16 32 64 128 256 512
 990 802  491 0  49 1 10 1 2 4 8 16 32 64 128 256 512
 991 420  279 0  77 1 10 1 2 4 8 16 32 64 128 256 512
 992 762  526 0  64 1 10 1 2 4 8 16 32 64 128 256 512
 993 261  624 0  29 1 10 1 2 4 8 16 32 64 128 256 512
 994 917  224 0  81 1 10 1 2 4 8 16 32 64 128 256 512
 995 719  322 0  39 1 10 1 2 4 8 16 32 64 128 256 512
 996 546  382 0  71 1 10 1 2 4 8 16 32 64 128 256 512
 997 642  175 0  38 1 10 1 2 4 8 16 32 64 128 256 512
 998 140  638 0  34 1 10 1 2 4 8 16 32 64 128 256 512
 999 829  635 0  38 1 10 1 2 4 8 16 32 64 128 256 512
1000 307  162 0  91 1 10 1 2 4 8 16 32 64 128 256 512
1001 435  364 0  96 1 10 1 2 4 8 16 32 64 128 256 512
1002 123  140 0  85 1 10 1 2 4 8 16 32 64 128 256 512
1003 569  657 0  54 1 10 1 2 4 8 16 32 64 128 256 512
1004 261  219 0  63 1 10 1 2 4 8 16 32 64 128 256 512
1005 893  308 0  30 1 10 1 2 4 8 16 32 64 128 256 512
1006 952  933 0  82 1 10 1 2 4 8 16 32 64 128 256 512
1007 807  275 0  74 1 10 1 2 4 8 16 32 64 128 256 512
1008 290  370 0  77 1 10 1 2 4 8 16 32 64 128 256 512
1009 735   33 0  99 1 10 1 2 4 8 16 32 64 128 256 512
1010 141  545 0  94 1 10 1 2 4 8 16 32 64 128 256 512
1011 290  870 0  70 1 10 1 2 4 8 16 32 64 128 256 512
1012 790  745 0   7 1 10 1 2 4 8 16 32 64 128 256 512
1013 305  651 0  61 1 10 1 2 4 8 16 32 64 128 256 512
1014 571  575 0  68 1 10 1 2 4 8 16 32 64 128 256 512
1015 266  951 0  24 1 10 1 2 4 8 16 32 64 128 256 512
1016 117   17 0   5 1 10 1 2 4 8 16 32 64 128 256 512
1017 690  734 0  39 1 10 1 2 4 8 16 32 64 128 256 512
1018 496  122 0  11 1 10 1 2 4 8 16 32 64 128 256 512
1019 853  450 0  43 1 10 1 2 4 8 16 32 64 128 256 512
1020 912  791 0  45 1 10 1 2 4 8 16 32 64 128 256 512
1021  75  537 0  50 1 10 1 2 4 8 16 32 64 128 256 512
1022   8  322 0  15 1 10 1 2 4 8 16 32 64 128 256 512
1023 437   24 0  86 1 10 1 2 4 8 16 32 64 128 256 512
1024 432  417 0  51 1 10 1 2 4 8 16 32 64 128 256 512
1025 968  675 0  29 1 10 1 2 4 8 16 32 64 128 256 512
1026 934  511 0  18 1 10 1 2 4 8 16 32 64 128 256 512
1027 241  150 0  93 1 10 1 2 4 8 16 32 64 128 256 512
1028 425  325 0  26 1 10 1 2 4 8 16 32 64 128 256 512
1029 251  733 0  60 1 10 1 2 4 8 16 32 64 128 256 512
1030 920  962 0 100 1 10 1 2 4 8 16 32 64 128 256 512
1031 858  629 0  80 1 10 1 2 4 8 16 32 64 128 256 512
1032  34   85 0  75 1 10 1 2 4 8 16 32 64 128 256 512
1033 105   38 0  68 1 10 1 2 4 8 16 32 64 128 256 512
1034 116  439 0  55 1 10 1 2 4 8 16 32 64 128 256 512
1035 219  769 0  30 1 10 1 2 4 8 16 32 64 128 256 512
1036 174  302 0  21 1 10 1 2 4 8 16 32 64 128 256 512
1037 240  302 0  69 1 10 1 2 4 8 16 32 64 128 256 512
1038 879  718 0  61 1 10 1 2 4 8 16 32 64 128 256 512
1039 427  729 0  19 1 10 1 2 4 8 16 32 64 128 256 512
1040 808  593 0  55 1 10 1 2 4 8 16 32 64 128 256 512
1041 559  400 0  31 1 10 1 2 4 8 16 32 64 128 256 512
1042 495  899 0  60 1 10 1 2 4 8 16 32 64 128 256 512
1043 700  692 0  21 1 10 1 2 4 8 16 32 64 128 256 512
1044 431  115 0  27 1 10 1 2 4 8 16 32 64 128 256 512
1045 646  944 0  28 1 10 1 2 4 8 16 32 64 128 256 512
1046 956  510 0  49 1 10 1 2 4 8 16 32 64 128 256 512
1047 608  822 0  16 1 10 1 2 4 8 16 32 64 128 256 512
1048 980  949 0  51 1 10 1 2 4 8 16 32 64 128 256 512
1049 427  860 0  94 1 10 1 2 4 8 16 32 64 128 256 512
1050 482  745 0  97 1 10 1 2 4 8 16 32 64 128 256 512
1051 834  731 0  14 1 10 1 2 4 8 16 32 64 128 256 512
1052 537  585 0  98 1 10 1 2 4 8 16 32 64 128 256 512
1053 679  381 0   2 1 10 1 2 4 8 16 32 64 128 256 512
1054 511  869 0  82 1 10 1 2 4 8 16 32 64 128 256 512
1055 654   41 0  87 1 10 1 2 4 8 16 32 64 128 256 512
1056 705  311 0  97 1 10 1 2 4 8 16 32 64 128 256 512
1057 268  240 0  28 1 10 1 2 4 8 16 32 64 128 256 512
1058 254  755 0  60 1 10 1 2 4 8 16 32 64 128 256 512
1059 670  730 0  85 1 10 1 2 4 8 16 32 64 128 256 512
1060 349  925 0  72 1 10 1 2 4 8 16 32 64 128 256 512
1061 671  193 0  95 1 10 1 2 4 8 16 32 64 128 256 512
1062 877   67 0  12 1 10 1 2 4 8 16 32 64 128 256 512
1063 215  279 0  75 1 10 1 2 4 8 16 32 64 128 256 512
1064 750  498 0  13 1 10 1 2 4 8 16 32 64 128 256 512
1065 178  240 0  39 1 10 1 2 4 8 16 32 64 128 256 512
1066 572  347 0  83 1 10 1 2 4 8 16 32 64 128 256 512
1067 858   54 0  77 1 10 1 2 4 8 16 32 64 128 256 512
1068 172  870 0  23 1 10 1 2 4 8 16 32 64 128 256 512
1069 105  790 0  21 1 10 1 2 4 8 16 32 64 128 256 512
1070 652  989 0   2 1 10 1 2 4 8 16 32 64 128 256 512
1071 540  107 0  24 1 10 1 2 4 8 16 32 64 128 256 512
1072 181  487 0   6 1 10 1 2 4 8 16 32 64 128 256 512
1073 202  993 0  92 1 10 1 2 4 8 16 32 64 128 256 512
1074  71  955 0  50 1 10 1 2 4 8 16 32 64 128 256 512
1075 444  875 0  21 1 10 1 2 4 8 16 32 64 128 256 512
1076 903  475 0  31 1 10 1 2 4 8 16 32 64 128 256 512
1077 268  625 0  97 1 10 1 2 4 8 16 32 64 128 256 512
1078 627  415 0  16 1 10 1 2 4 8 16 32 64 128 256 512
1079  72  747 0  34 1 10 1 2 4 8 16 32 64 128 256 512
1080 393  935 0  33 1 10 1 2 4 8 16 32 64 128 256 512
1081 357  654 0   7 1 10 1 2 4 8 16 32 64 128 256 512
1082 763  207 0  37 1 10 1 2 4 8 16 32 64 128 256 512
1083 109  988 0  42 1 10 1 2 4 8 16 32 64 128 256 512
1084 140  787 0  20 1 10 1 2 4 8 16 32 64 128 256 512
1085 588  742 0  91 1 10 1 2 4 8 16 32 64 128 256 512
1086 161  445 0  98 1 10 1 2 4 8 16 32 64 128 256 512
1087 485   60 0  74 1 10 1 2 4 8 16 32 64 128 256 512
1088 686  697 0  56 1 10 1 2 4 8 16 32 64 128 256 512
1089 268  760 0  30 1 10 1 2 4 8 16 32 64 128 256 512
1090 173  339 0  12 1 10 1 2 4 8 16 32 64 128 256 512
1091 310  569 0  28 1 10 1 2 4 8 16 32 64 128 256 512
1092 761   54 0  74 1 10 1 2 4 8 16 32 64 128 256 512
1093 829  344 0  37 1 10 1 2 4 8 16 32 64 128 256 512
1094 848  370 0  59 1 10 1 2 4 8 16 32 64 128 256 512
1095 796  914 0  98 1 10 1 2 4 8 16 32 64 128 256 512
1096 926  295 0  89 1 10 1 2 4 8 16 32 64 128 256 512
1097 497  916 0  53 1 10 1 2 4 8 16 32 64 128 256 512
1098 542   94 0  30 1 10 1 2 4 8 16 32 64 128 256 512
1099 112  437 0  92 1 10 1 2 4 8 16 32 64 128 256 512
1100 739  819 0  62 1 10 1 2 4 8 16 32 64 128 256 512
1101 541   98 0  19 1 10 1 2 4 8 16 32 64 128 256 512
1102 865  315 0  66 1 10 1 2 4 8 16 32 64 128 256 512
1103 413  875 0 100 1 10 1 2 4 8 16 32 64 128 256 512
1104 693  639 0  35 1 10 1 2 4 8 16 32 64 128 256 512
1105 967  371 0  70 1 10 1 2 4 8 16 32 64 128 256 512
1106 797  695 0  29 1 10 1 2 4 8 16 32 64 128 256 512
1107 659   94 0  42 1 10 1 2 4 8 16 32 64 128 256 512
1108 919  173 0  19 1 10 1 2 4 8 16 32 64 128 256 512
1109 628  612 0  95 1 10 1 2 4 8 16 32 64 128 256 512
1110 892  519 0  94 1 10 1 2 4 8 16 32 64 128 256 512
1111 313  166 0  63 1 10 1 2 4 8 16 32 64 128 256 512
1112  92  903 0  97 1 10 1 2 4 8 16 32 64 128 256 512
1113 964  151 0  99 1 10 1 2 4 8 16 32 64 128 256 512
1114 945   96 0  13 1 10 1 2 4 8 16 32 64 128 256 512
1115 226  656 0  37 1 10 1 2 4 8 16 32 64 128 256 512
1116 519  134 0  54 1 10 1 2 4 8 16 32 64 128 256 512
1117 706   18 0  10 1 10 1 2 4 8 16 32 64 128 256 512
1118 899  292 0  60 1 10 1 2 4 8 16 32 64 128 256 512
1119 458  766 0  11 1 10 1 2 4 8 16 32 64 128 256 512
1120 274  828 0   7 1 10 1 2 4 8 16 32 64 128 256 512
1121 994  404 0  54 1 10 1 2 4 8 16 32 64 128 256 512
1122 572  108 0  72 1 10 1 2 4 8 16 32 64 128 256 512
1123 540  946 0  12 1 10 1 2 4 8 16 32 64 128 256 512
1124 206  426 0  72 1 10 1 2 4 8 16 32 64 128 256 512
1125 534   79 0  43 1 10 1 2 4 8 16 32 64 128 256 512
1126  37  202 0  75 1 10 1 2 4 8 16 32 64 128 256 512
1127 363    7 0  31 1 10 1 2 4 8 16 32 64 128 256 512
1128 639  583 0  87 1 10 1 2 4 8 16 32 64 128 256 512
1129 798  817 0  13 1 10 1 2 4 8 16 32 64 128 256 512
1130 605  251 0   6 1 10 1 2 4 8 16 32 64 128 256 512
1131 794  951 0  68 1 10 1 2 4 8 16 32 64 128 256 512
1132 655  797 0  16 1 10 1 2 4 8 16 32 64 128 256 512
1133 867  818 0  48 1 10 1 2 4 8 16 32 64 128 256 512
1134 444  630 0  53 1 10 1 2 4 8 16 32 64 128 256 512
1135 310  864 0  44 1 10 1 2 4 8 16 32 64 128 256 512
1136 196  484 0  35 1 10 1 2 4 8 16 32 64 128 256 512
1137 382  786 0  13 1 10 1 2 4 8 16 32 64 128 256 512
1138 271  366 0  38 1 10 1 2 4 8 16 32 64 128 256 512
1139 762  838 0   1 1 10 1 2 4 8 16 32 64 128 256 512
1140 243  868 0   1 1 10 1 2 4 8 16 32 64 128 256 512
1141  86   41 0  42 1 10 1 2 4 8 16 32 64 128 256 512
1142 609  468 0  39 1 10 1 2 4 8 16 32 64 128 256 512
1143 366  912 0  11 1 10 1 2 4 8 16 32 64 128 256 512
1144 604  541 0  70 1 10 1 2 4 8 16 32 64 128 256 512
1145 611  477 0  36 1 10 1 2 4 8 16 32 64 128 256 512
1146 719  959 0   5 1 10 1 2 4 8 16 32 64 128 256 512
1147  29  372 0  97 1 10 1 2 4 8 16 32 64 128 256 512
1148  20   42 0  45 1 10 1 2 4 8 16 32 64 128 256 512
1149 468  521 0  85 1 10 1 2 4 8 16 32 64 128 256 512
1150 460   86 0  89 1 10 1 2 4 8 16 32 64 128 256 512
1151 692  259 0  16 1 10 1 2 4 8 16 32 64 128 256 512
1152 243   60 0  51 1 10 1 2 4 8 16 32 64 128 256 512
1153 154  423 0  36 1 10 1 2 4 8 16 32 64 128 256 512
1154 344  279 0  69 1 10 1 2 4 8 16 32 64 128 256 512
1155 586  434 0  25 1 10 1 2 4 8 16 32 64 128 256 512
1156 640  924 0  20 1 10 1 2 4 8 16 32 64 128 256 512
1157 941  993 0  31 1 10 1 2 4 8 16 32 64 128 256 512
1158 580  268 0  48 1 10 1 2 4 8 16 32 64 128 256 512
1159 347  323 0  68 1 10 1 2 4 8 16 32 64 128 256 512
1160 597  739 0  88 1 10 1 2 4 8 16 32 64 128 256 512
1161 616  210 0  82 1 10 1 2 4 8 16 32 64 128 256 512
1162 812  159 0   3 1 10 1 2 4 8 16 32 64 128 256 512
1163 889   69 0  98 1 10 1 2 4 8 16 32 64 128 256 512
1164 924  412 0  18 1 10 1 2 4 8 16 32 64 128 256 512
1165 877  148 0  20 1 10 1 2 4 8 16 32 64 128 256 512
1166 477  975 0  48 1 10 1 2 4 8 16 32 64 128 256 512
1167 591  778 0  30 1 10 1 2 4 8 16 32 64 128 256 512
1168 376  906 0  96 1 10 1 2 4 8 16 32 64 128 256 512
1169 721  318 0  87 1 10 1 2 4 8 16 32 64 128 256 512
1170 189   48 0  94 1 10 1 2 4 8 16 32 64 128 256 512
1171 913  390 0  54 1 10 1 2 4 8 16 32 64 128 256 512
1172  90  846 0  77 1 10 1 2 4 8 16 32 64 128 256 512
1173 782  592 0  10 1 10 1 2 4 8 16 32 64 128 256 512
1174 837  555 0  97 1 10 1 2 4 8 16 32 64 128 256 512
1175  73  723 0  83 1 10 1 2 4 8 16 32 64 128 256 512
1176 273  461 0  30 1 10 1 2 4 8 16 32 64 128 256 512
1177  78  932 0  56 1 10 1 2 4 8 16 32 64 128 256 512
1178 266  128 0  26 1 10 1 2 4 8 16 32 64 128 256 512
1179 858  240 0  48 1 10 1 2 4 8 16 32 64 128 256 512
1180  96  967 0  35 1 10 1 2 4 8 16 32 64 128 256 512
1181 333  990 0  51 1 10 1 2 4 8 16 32 64 128 256 512
1182 272  707 0  97 1 10 1 2 4 8 16 32 64 128 256 512
1183 801  501 0  71 1 10 1 2 4 8 16 32 64 128 256 512
1184 148  340 0  76 1 10 1 2 4 8 16 32 64 128 256 512
1185 737  757 0  67 1 10 1 2 4 8 16 32 64 128 256 512
1186 162  505 0  98 1 10 1 2 4 8 16 32 64 128 256 512
1187 966  554 0  57 1 10 1 2 4 8 16 32 64 128 256 512
1188 185   52 0   2 1 10 1 2 4 8 16 32 64 128 256 512
1189 808  947 0  59 1 10 1 2 4 8 16 32 64 128 256 512
1190 577  571 0  61 1 10 1 2 4 8 16 32 64 128 256 512
1191 704  233 0  67 1 10 1 2 4 8 16 32 64 128 256 512
1192 677  714 0  53 1 10 1 2 4 8 16 32 64 128 256 512
1193 930  226 0  41 1 10 1 2 4 8 16 32 64 128 256 512
1194 410  277 0  26 1 10 1 2 4 8 16 32 64 128 256 512
1195 678  552 0   5 1 10 1 2 4 8 16 32 64 128 256 512
1196 738  342 0   9 1 10 1 2 4 8 16 32 64 128 256 512
1197 112  292 0  33 1 10 1 2 4 8 16 32 64 128 256 512
1198 916  676 0  31 1 10 1 2 4 8 16 32 64 128 256 512
1199 515  547 0  77 1 10 1 2 4 8 16 32 64 128 256 512
1200 602  863 0  42 1 10 1 2 4 8 16 32 64 128 256 512
1201 903  141 0  70 1 10 1 2 4 8 16 32 64 128 256 512
1202 255  499 0  63 1 10 1 2 4 8 16 32 64 128 256 512
1203 327  663 0  23 1 10 1 2 4 8 16 32 64 128 256 512
1204 884  130 0  26 1 10 1 2 4 8 16 32 64 128 256 512
1205 896  389 0  16 1 10 1 2 4 8 16 32 64 128 256 512
1206 822  380 0  46 1 10 1 2 4 8 16 32 64 128 256 512
1207 413  862 0  97 1 10 1 2 4 8 16 32 64 128 256 512
1208 913  832 0  38 1 10 1 2 4 8 16 32 64 128 256 512
1209 674  450 0  42 1 10 1 2 4 8 16 32 64 128 256 512
1210 243  226 0  56 1 10 1 2 4 8 16 32 64 128 256 512
1211  45  146 0  20 1 10 1 2 4 8 16 32 64 128 256 512
1212 704  218 0  98 1 10 1 2 4 8 16 32 64 128 256 512
1213 410  237 0  29 1 10 1 2 4 8 16 32 64 128 256 512
1214  21  292 0  87 1 10 1 2 4 8 16 32 64 128 256 512
1215 598  332 0  12 1 10 1 2 4 8 16 32 64 128 256 512
1216 204  125 0  62 1 10 1 2 4 8 16 32 64 128 256 512
1217 236  273 0  76 1 10 1 2 4 8 16 32 64 128 256 512
1218 593   83 0  55 1 10 1 2 4 8 16 32 64 128 256 512
1219 414  981 0   7 1 10 1 2 4 8 16 32 64 128 256 512
1220 110  263 0  87 1 10 1 2 4 8 16 32 64 128 256 512
1221 997  547 0  53 1 10 1 2 4 8 16 32 64 128 256 512
1222 709  538 0  73 1 10 1 2 4 8 16 32 64 128 256 512
1223 185  987 0 100 1 10 1 2 4 8 16 32 64 128 256 512
1224 749  622 0  56 1 10 1 2 4 8 16 32 64 128 256 512
1225 970  145 0   4 1 10 1 2 4 8 16 32 64 128 256 512
1226 988   96 0  31 1 10 1 2 4 8 16 32 64 128 256 512
1227 789  268 0  52 1 10 1 2 4 8 16 32 64 128 256 512
1228 221  591 0  21 1 10 1 2 4 8 16 32 64 128 256 512
1229 802  241 0  29 1 10 1 2 4 8 16 32 64 128 256 512
1230 589  393 0  13 1 10 1 2 4 8 16 32 64 128 256 512
1231 688  863 0   5 1 10 1 2 4 8 16 32 64 128 256 512
1232 298  185 0  36 1 10 1 2 4 8 16 32 64 128 256 512
1233 711  833 0  87 1 10 1 2 4 8 16 32 64 128 256 512
1234   4  453 0  20 1 10 1 2 4 8 16 32 64 128 256 512
1235 377  608 0  58 1 10 1 2 4 8 16 32 64 128 256 512
1236 107  346 0  53 1 10 1 2 4 8 16 32 64 128 256 512
1237 634  617 0  84 1 10 1 2 4 8 16 32 64 128 256 512
1238 664  761 0  18 1 10 1 2 4 8 16 32 64 128 256 512
1239 872  850 0  27 1 10 1 2 4 8 16 32 64 128 256 512
1240 630  989 0  94 1 10 1 2 4 8 16 32 64 128 256 512
1241 641   19 0  92 1 10 1 2 4 8 16 32 64 128 256 512
1242  68   19 0  92 1 10 1 2 4 8 16 32 64 128 256 512
1243 423  780 0   2 1 10 1 2 4 8 16 32 64 128 256 512
1244 908  635 0  82 1 10 1 2 4 8 16 32 64 128 256 512
1245 109  783 0  42 1 10 1 2 4 8 16 32 64 128 256 512
1246 975  420 0  51 1 10 1 2 4 8 16 32 64 128 256 512
1247 401  888 0  10 1 10 1 2 4 8 16 32 64 128 256 512
1248 632  895 0  95 1 10 1 2 4 8 16 32 64 128 256 512
1249 813  556 0  27 1 10 1 2 4 8 16 32 64 128 256 512
1250 273  686 0  17 1 10 1 2 4 8 16 32 64 128 256 512
1251 461  239 0  34 1 10 1 2 4 8 16 32 64 128 256 512
1252 382  401 0   3 1 10 1 2 4 8 16 32 64 128 256 512
1253 152  795 0  53 1 10 1 2 4 8 16 32 64 128 256 512
1254 192  698 0  44 1 10 1 2 4 8 16 32 64 128 256 512
1255 865  877 0   6 1 10 1 2 4 8 16 32 64 128 256 512
1256 221  225 0  48 1 10 1 2 4 8 16 32 64 128 256 512
1257 396  881 0  52 1 10 1 2 4 8 16 32 64 128 256 512
1258 439  368 0  11 1 10 1 2 4 8 16 32 64 128 256 512
1259 476  619 0  42 1 10 1 2 4 8 16 32 64 128 256 512
1260 588  264 0  63 1 10 1 2 4 8 16 32 64 128 256 512
1261 218   29 0  24 1 10 1 2 4 8 16 32 64 128 256 512
1262 436  125 0  86 1 10 1 2 4 8 16 32 64 128 256 512
1263 430  452 0   7 1 10 1 2 4 8 16 32 64 128 256 512
1264 530  767 0  79 1 10 1 2 4 8 16 32 64 128 256 512
1265 447  773 0  73 1 10 1 2 4 8 16 32 64 128 256 512
1266 829  404 0  57 1 10 1 2 4 8 16 32 64 128 256 512
1267 521  420 0  84 1 10 1 2 4 8 16 32 64 128 256 512
1268 505  653 0  10 1 10 1 2 4 8 16 32 64 128 256 512
1269 712  979 0  60 1 10 1 2 4 8 16 32 64 128 256 512
1270 667  892 0  23 1 10 1 2 4 8 16 32 64 128 256 512
1271 344  869 0 100 1 10 1 2 4 8 16 32 64 128 256 512
1272 473  630 0  15 1 10 1 2 4 8 16 32 64 128 256 512
1273 216  373 0  63 1 10 1 2 4 8 16 32 64 128 256 512
1274 281  183 0  97 1 10 1 2 4 8 16 32 64 128 256 512
1275 235  540 0  88 1 10 1 2 4 8 16 32 64 128 256 512
1276 648  956 0  23 1 10 1 2 4 8 16 32 64 128 256 512
1277 692  237 0   2 1 10 1 2 4 8 16 32 64 128 256 512
1278 329  467 0  92 1 10 1 2 4 8 16 32 64 128 256 512
1279 362  268 0   9 1 10 1 2 4 8 16 32 64 128 256 512
1280 181  436 0  32 1 10 1 2 4 8 16 32 64 128 256 512
1281 753  822 0  79 1 10 1 2 4 8 16 32 64 128 256 512
1282 182  781 0  11 1 10 1 2 4 8 16 32 64 128 256 512
1283 429  492 0  47 1 10 1 2 4 8 16 32 64 128 256 512
1284 739  757 0  40 1 10 1 2 4 8 16 32 64 128 256 512
1285 129  960 0  25 1 10 1 2 4 8 16 32 64 128 256 512
1286 467   34 0  76 1 10 1 2 4 8 16 32 64 128 256 512
1287 121  672 0  99 1 10 1 2 4 8 16 32 64 128 256 512
1288 986  779 0  98 1 10 1 2 4 8 16 32 64 128 256 512
1289 115  115 0  78 1 10 1 2 4 8 16 32 64 128 256 512
1290 487  810 0  23 1 10 1 2 4 8 16 32 64 128 256 512
1291 398  612 0  22 1 10 1 2 4 8 16 32 64 128 256 512
1292 724  925 0  32 1 10 1 2 4 8 16 32 64 128 256 512
1293 163  995 0   1 1 10 1 2 4 8 16 32 64 128 256 512
1294 164  345 0  35 1 10 1 2 4 8 16 32 64 128 256 512
1295 398  598 0  17 1 10 1 2 4 8 16 32 64 128 256 512
1296 634  375 0   3 1 10 1 2 4 8 16 32 64 128 256 512
1297 197  193 0  46 1 10 1 2 4 8 16 32 64 128 256 512
1298  55  688 0  39 1 10 1 2 4 8 16 32 64 128 256 512
1299 242  513 0   7 1 10 1 2 4 8 16 32 64 128 256 512
1300 793  262 0  44 1 10 1 2 4 8 16 32 64 128 256 512
1301 881   72 0  78 1 10 1 2 4 8 16 32 64 128 256 512
1302 296  857 0  52 1 10 1 2 4 8 16 32 64 128 256 512
1303 345  439 0  40 1 10 1 2 4 8 16 32 64 128 256 512
1304 101  182 0  99 1 10 1 2 4 8 16 32 64 128 256 512
1305 554  354 0  67 1 10 1 2 4 8 16 32 64 128 256 512
1306 380  440 0  28 1 10 1 2 4 8 16 32 64 128 256 512
1307 952  969 0  54 1 10 1 2 4 8 16 32 64 128 256 512
1308 787   12 0  63 1 10 1 2 4 8 16 32 64 128 256 512
1309 217  425 0  21 1 10 1 2 4 8 16 32 64 128 256 512
1310  46  881 0  83 1 10 1 2 4 8 16 32 64 128 256 512
1311 771  904 0  73 1 10 1 2 4 8 16 32 64 128 256 512
1312 996  908 0  58 1 10 1 2 4 8 16 32 64 128 256 512
1313 450    6 0  14 1 10 1 2 4 8 16 32 64 128 256 512
1314 106  873 0  37 1 10 1 2 4 8 16 32 64 128 256 512
1315 733   40 0  41 1 10 1 2 4 8 16 32 64 128 256 512
1316 622  281 0  13 1 10 1 2 4 8 16 32 64 128 256 512
1317 161  662 0  80 1 10 1 2 4 8 16 32 64 128 256 512
1318 471  595 0  68 1 10 1 2 4 8 16 32 64 128 256 512
1319 444  577 0  92 1 10 1 2 4 8 16 32 64 128 256 512
1320 881  492 0  70 1 10 1 2 4 8 16 32 64 128 256 512
1321 109  197 0   8 1 10 1 2 4 8 16 32 64 128 256 512
1322 436   80 0  79 1 10 1 2 4 8 16 32 64 128 256 512
1323 554  783 0  81 1 10 1 2 4 8 16 32 64 128 256 512
1324 419  288 0  61 1 10 1 2 4 8 16 32 64 128 256 512
1325  10  211 0   5 1 10 1 2 4 8 16 32 64 128 256 512
1326 434  899 0  86 1 10 1 2 4 8 16 32 64 128 256 512
1327 318  527 0  60 1 10 1 2 4 8 16 32 64 128 256 512
1328 352  250 0  43 1 10 1 2 4 8 16 32 64 128 256 512
1329 604  496 0  13 1 10 1 2 4 8 16 32 64 128 256 512
1330 182  344 0  18 1 10 1 2 4 8 16 32 64 128 256 512
1331 736  334 0  58 1 10 1 2 4 8 16 32 64 128 256 512
1332 313  384 0  49 1 10 1 2 4 8 16 32 64 128 256 512
1333 936  815 0  83 1 10 1 2 4 8 16 32 64 128 256 512
1334 898   72 0  54 1 10 1 2 4 8 16 32 64 128 256 512
1335 412  575 0  82 1 10 1 2 4 8 16 32 64 128 256 512
1336 490  396 0  60 1 10 1 2 4 8 16 32 64 128 256 512
1337 809   57 0  51 1 10 1 2 4 8 16 32 64 128 256 512
1338 559  997 0  38 1 10 1 2 4 8 16 32 64 128 256 512
1339 967  496 0  97 1 10 1 2 4 8 16 32 64 128 256 512
1340 647  739 0  36 1 10 1 2 4 8 16 32 64 128 256 512
1341 114   56 0  50 1 10 1 2 4 8 16 32 64 128 256 512
1342 550  243 0  76 1 10 1 2 4 8 16 32 64 128 256 512
1343 681  414 0  34 1 10 1 2 4 8 16 32 64 128 256 512
1344 288  565 0  45 1 10 1 2 4 8 16 32 64 128 256 512
1345 246  624 0  76 1 10 1 2 4 8 16 32 64 128 256 512
1346 530  114 0  24 1 10 1 2 4 8 16 32 64 128 256 512
1347 332  241 0  64 1 10 1 2 4 8 16 32 64 128 256 512
1348 100  579 0   9 1 10 1 2 4 8 16 32 64 128 256 512
1349 409  339 0  64 1 10 1 2 4 8 16 32 64 128 256 512
1350 892  902 0  72 1 10 1 2 4 8 16 32 64 128 256 512
1351 837   54 0  76 1 10 1 2 4 8 16 32 64 128 256 512
1352 622  511 0   3 1 10 1 2 4 8 16 32 64 128 256 512
1353 740  592 0  63 1 10 1 2 4 8 16 32 64 128 256 512
1354 496  517 0  68 1 10 1 2 4 8 16 32 64 128 256 512
1355 307  183 0  81 1 10 1 2 4 8 16 32 64 128 256 512
1356 512  382 0  35 1 10 1 2 4 8 16 32 64 128 256 512
1357 802  867 0  83 1 10 1 2 4 8 16 32 64 128 256 512
1358 417  366 0 100 1 10 1 2 4 8 16 32 64 128 256 512
1359 805  304 0  36 1 10 1 2 4 8 16 32 64 128 256 512
1360 725  123 0  95 1 10 1 2 4 8 16 32 64 128 256 512
1361 939  457 0   9 1 10 1 2 4 8 16 32 64 128 256 512
1362 946  692 0  30 1 10 1 2 4 8 16 32 64 128 256 512
1363 786  306 0  43 1 10 1 2 4 8 16 32 64 128 256 512
1364 165  227 0  62 1 10 1 2 4 8 16 32 64 128 256 512
1365 639  197 0  95 1 10 1 2 4 8 16 32 64 128 256 512
1366 799  308 0  86 1 10 1 2 4 8 16 32 64 128 256 512
1367 619  554 0  96 1 10 1 2 4 8 16 32 64 128 256 512
1368  66  881 0  72 1 10 1 2 4 8 16 32 64 128 256 512
1369 565  307 0  73 1 10 1 2 4 8 16 32 64 128 256 512
1370 507  584 0  31 1 10 1 2 4 8 16 32 64 128 256 512
1371 286  371 0  56 1 10 1 2 4 8 16 32 64 128 256 512
1372  39   95 0  20 1 10 1 2 4 8 16 32 64 128 256 512
1373  42  492 0  29 1 10 1 2 4 8 16 32 64 128 256 512
1374 355  168 0  42 1 10 1 2 4 8 16 32 64 128 256 512
1375 342  335 0  69 1 10 1 2 4 8 16 32 64 128 256 512
1376 849  320 0  30 1 10 1 2 4 8 16 32 64 128 256 512
1377 625  378 0  20 1 10 1 2 4 8 16 32 64 128 256 512
1378 598   27 0  89 1 10 1 2 4 8 16 32 64 128 256 512
1379 308  980 0  51 1 10 1 2 4 8 16 32 64 128 256 512
1380 497  744 0  49 1 10 1 2 4 8 16 32 64 128 256 512
1381 238  963 0   9 1 10 1 2 4 8 16 32 64 128 256 512
1382 445  931 0  25 1 10 1 2 4 8 16 32 64 128 256 512
1383 393  822 0  59 1 10 1 2 4 8 16 32 64 128 256 512
1384 511  118 0  89 1 10 1 2 4 8 16 32 64 128 256 512
1385 265  422 0  32 1 10 1 2 4 8 16 32 64 128 256 512
1386 153  713 0  50 1 10 1 2 4 8 16 32 64 128 256 512
1387 610  793 0  91 1 10 1 2 4 8 16 32 64 128 256 512
1388 142   52 0  33 1 10 1 2 4 8 16 32 64 128 256 512
1389 379  377 0  82 1 10 1 2 4 8 16 32 64 128 256 512
1390 382  743 0   6 1 10 1 2 4 8 16 32 64 128 256 512
1391 846  733 0  71 1 10 1 2 4 8 16 32 64 128 256 512
1392 297  599 0  54 1 10 1 2 4 8 16 32 64 128 256 512
1393 465  600 0  89 1 10 1 2 4 8 16 32 64 128 256 512
1394 106  122 0  69 1 10 1 2 4 8 16 32 64 128 256 512
1395 358   47 0  65 1 10 1 2 4 8 16 32 64 128 256 512
1396 248  984 0  97 1 10 1 2 4 8 16 32 64 128 256 512
1397 255  390 0  42 1 10 1 2 4 8 16 32 64 128 256 512
1398 817  561 0  61 1 10 1 2 4 8 16 32 64 128 256 512
1399 498  842 0   2 1 10 1 2 4 8 16 32 64 128 256 512
1400 711  719 0  61 1 10 1 2 4 8 16 32 64 128 256 512
1401 372  995 0  29 1 10 1 2 4 8 16 32 64 128 256 512
1402  74  831 0  91 1 10 1 2 4 8 16 32 64 128 256 512
1403 563  375 0  25 1 10 1 2 4 8 16 32 64 128 256 512
1404 892  231 0  46 1 10 1 2 4 8 16 32 64 128 256 512
1405 834  114 0  83 1 10 1 2 4 8 16 32 64 128 256 512
1406 603  741 0  61 1 10 1 2 4 8 16 32 64 128 256 512
1407 114  800 0  95 1 10 1 2 4 8 16 32 64 128 256 512
1408 162  458 0  65 1 10 1 2 4 8 16 32 64 128 256 512
1409 333  296 0   4 1 10 1 2 4 8 16 32 64 128 256 512
1410 868  295 0  27 1 10 1 2 4 8 16 32 64 128 256 512
1411 998  673 0  16 1 10 1 2 4 8 16 32 64 128 256 512
1412 849  583 0  40 1 10 1 2 4 8 16 32 64 128 256 512
1413 453  525 0  56 1 10 1 2 4 8 16 32 64 128 256 512
1414 962  550 0  34 1 10 1 2 4 8 16 32 64 128 256 512
1415 759  819 0  24 1 10 1 2 4 8 16 32 64 128 256 512
1416 434  110 0  94 1 10 1 2 4 8 16 32 64 128 256 512
1417 915  570 0  49 1 10 1 2 4 8 16 32 64 128 256 512
1418  32  259 0  33 1 10 1 2 4 8 16 32 64 128 256 512
1419 723   92 0   1 1 10 1 2 4 8 16 32 64 128 256 512
1420 163  681 0   8 1 10 1 2 4 8 16 32 64 128 256 512
1421 968  379 0  75 1 10 1 2 4 8 16 32 64 128 256 512
1422 190  351 0  83 1 10 1 2 4 8 16 32 64 128 256 512
1423 549  621 0  97 1 10 1 2 4 8 16 32 64 128 256 512
1424 428  450 0  61 1 10 1 2 4 8 16 32 64 128 256 512
1425 399  691 0  90 1 10 1 2 4 8 16 32 64 128 256 512
1426 238  708 0  75 1 10 1 2 4 8 16 32 64 128 256 512
1427 531  841 0  12 1 10 1 2 4 8 16 32 64 128 256 512
1428 277  836 0  73 1 10 1 2 4 8 16 32 64 128 256 512
1429 624  986 0  66 1 10 1 2 4 8 16 32 64 128 256 512
1430 256  940 0  76 1 10 1 2 4 8 16 32 64 128 256 512
1431 205  781 0  77 1 10 1 2 4 8 16 32 64 128 256 512
1432 469  294 0  99 1 10 1 2 4 8 16 32 64 128 256 512
1433 359  458 0  64 1 10 1 2 4 8 16 32 64 128 256 512
1434 423  702 0  82 1 10 1 2 4 8 16 32 64 128 256 512
1435 528  515 0  39 1 10 1 2 4 8 16 32 64 128 256 512
1436   8  520 0  63 1 10 1 2 4 8 16 32 64 128 256 512
1437 356  864 0  67 1 10 1 2 4 8 16 32 64 128 256 512
1438 668  138 0  68 1 10 1 2 4 8 16 32 64 128 256 512
1439 342  873 0  92 1 10 1 2 4 8 16 32 64 128 256 512
1440 776  812 0  83 1 10 1 2 4 8 16 32 64 128 256 512
1441 515  786 0  88 1 10 1 2 4 8 16 32 64 128 256 512
1442 192  513 0  56 1 10 1 2 4 8 16 32 64 128 256 512
1443 493  617 0  31 1 10 1 2 4 8 16 32 64 128 256 512
1444 911  813 0  61 1 10 1 2 4 8 16 32 64 128 256 512
1445  89  831 0  24 1 10 1 2 4 8 16 32 64 128 256 512
1446 571  695 0  18 1 10 1 2 4 8 16 32 64 128 256 512
1447 543  444 0  26 1 10 1 2 4 8 16 32 64 128 256 512
1448 152  845 0  27 1 10 1 2 4 8 16 32 64 128 256 512
1449 156  287 0  39 1 10 1 2 4 8 16 32 64 128 256 512
1450 437  494 0  61 1 10 1 2 4 8 16 32 64 128 256 512
1451 944  987 0  21 1 10 1 2 4 8 16 32 64 128 256 512
1452 513  178 0  66 1 10 1 2 4 8 16 32 64 128 256 512
1453  86  623 0  96 1 10 1 2 4 8 16 32 64 128 256 512
1454 249  804 0  53 1 10 1 2 4 8 16 32 64 128 256 512
1455 720   33 0  88 1 10 1 2 4 8 16 32 64 128 256 512
1456 392   38 0  28 1 10 1 2 4 8 16 32 64 128 256 512
1457 421  680 0  23 1 10 1 2 4 8 16 32 64 128 256 512
1458 484  802 0   8 1 10 1 2 4 8 16 32 64 128 256 512
1459 336  522 0  68 1 10 1 2 4 8 16 32 64 128 256 512
1460 795  423 0   5 1 10 1 2 4 8 16 32 64 128 256 512
1461 192  792 0   5 1 10 1 2 4 8 16 32 64 128 256 512
1462 794  611 0  26 1 10 1 2 4 8 16 32 64 128 256 512
1463 809   29 0 100 1 10 1 2 4 8 16 32 64 128 256 512
1464 715  149 0  95 1 10 1 2 4 8 16 32 64 128 256 512
1465 824  308 0  81 1 10 1 2 4 8 16 32 64 128 256 512
1466 275  682 0 100 1 10 1 2 4 8 16 32 64 128 256 512
1467 954  763 0  70 1 10 1 2 4 8 16 32 64 128 256 512
1468 408  466 0  34 1 10 1 2 4 8 16 32 64 128 256 512
1469 937  122 0  61 1 10 1 2 4 8 16 32 64 128 256 512
1470 875  340 0  85 1 10 1 2 4 8 16 32 64 128 256 512
1471 132  564 0  62 1 10 1 2 4 8 16 32 64 128 256 512
1472 363  691 0  61 1 10 1 2 4 8 16 32 64 128 256 512
1473 273  930 0  16 1 10 1 2 4 8 16 32 64 128 256 512
1474 171  201 0  38 1 10 1 2 4 8 16 32 64 128 256 512
1475 173  621 0  57 1 10 1 2 4 8 16 32 64 128 256 512
1476 806  364 0  68 1 10 1 2 4 8 16 32 64 128 256 512
1477 567  806 0  47 1 10 1 2 4 8 16 32 64 128 256 512
1478 327  507 0  15 1 10 1 2 4 8 16 32 64 128 256 512
1479 975  100 0  64 1 10 1 2 4 8 16 32 64 128 256 512
1480 231  411 0  84 1 10 1 2 4 8 16 32 64 128 256 512
1481 293  911 0   0 0  0
1482 196  651 0   0 0  0
1483 361  517 0   0 0  0
1484 222  412 0   0 0  0
1485 941  932 0   0 0  0
1486 234  724 0   0 0  0
1487 512  523 0   0 0  0
1488  72  984 0   0 0  0
1489 782  209 0   0 0  0
1490 573  278 0   0 0  0
