2 244 1500 5
0 248
0 248
0 248
0 248
0 248
   1  403  152 0  92 1 5 1 2 4 8 16
   2  208  151 0  61 1 5 1 2 4 8 16
   3  785  248 0  73 1 5 1 2 4 8 16
   4  740  441 0  46 1 5 1 2 4 8 16
   5  902  416 0  41 1 5 1 2 4 8 16
   6  233  839 0  44 1 5 1 2 4 8 16
   7   29  212 0  88 1 5 1 2 4 8 16
   8  598  510 0  32 1 5 1 2 4 8 16
   9  524  164 0  77 1 5 1 2 4 8 16
  10  827   52 0   7 1 5 1 2 4 8 16
  11  117  955 0   5 1 5 1 2 4 8 16
  12  214  866 0   1 1 5 1 2 4 8 16
  13  547  844 0  74 1 5 1 2 4 8 16
  14  544  797 0  46 1 5 1 2 4 8 16
  15   53  592 0  41 1 5 1 2 4 8 16
  16  495  185 0  78 1 5 1 2 4 8 16
  17  877  665 0  21 1 5 1 2 4 8 16
  18  831  815 0  41 1 5 1 2 4 8 16
  19  962  999 0  25 1 5 1 2 4 8 16
  20  912  758 0  30 1 5 1 2 4 8 16
  21  345  106 0  21 1 5 1 2 4 8 16
  22  374  883 0  54 1 5 1 2 4 8 16
  23  447  914 0  63 1 5 1 2 4 8 16
  24  674  489 0  37 1 5 1 2 4 8 16
  25    5  860 0  54 1 5 1 2 4 8 16
  26  758  265 0  48 1 5 1 2 4 8 16
  27  862  663 0  14 1 5 1 2 4 8 16
  28  396  361 0  42 1 5 1 2 4 8 16
  29  817  821 0  21 1 5 1 2 4 8 16
  30  448  206 0   3 1 5 1 2 4 8 16
  31  969  732 0  10 1 5 1 2 4 8 16
  32  291  188 0  11 1 5 1 2 4 8 16
  33  754   93 0 100 1 5 1 2 4 8 16
  34  324  227 0  42 1 5 1 2 4 8 16
  35  265   43 0  33 1 5 1 2 4 8 16
  36  810   16 0  57 1 5 1 2 4 8 16
  37  990  400 0  81 1 5 1 2 4 8 16
  38  248  745 0  81 1 5 1 2 4 8 16
  39  479  502 0  45 1 5 1 2 4 8 16
  40  219  459 0  75 1 5 1 2 4 8 16
  41  861   18 0  18 1 5 1 2 4 8 16
  42  282  563 0  71 1 5 1 2 4 8 16
  43  830  998 0  50 1 5 1 2 4 8 16
  44  951  480 0  13 1 5 1 2 4 8 16
  45  206  872 0  82 1 5 1 2 4 8 16
  46  599  104 0  56 1 5 1 2 4 8 16
  47  529  728 0  21 1 5 1 2 4 8 16
  48  282  437 0  19 1 5 1 2 4 8 16
  49  701  579 0  92 1 5 1 2 4 8 16
  50  161  686 0  61 1 5 1 2 4 8 16
  51  338  585 0  67 1 5 1 2 4 8 16
  52  581  162 0  25 1 5 1 2 4 8 16
  53  583  663 0  50 1 5 1 2 4 8 16
  54  103  947 0  14 1 5 1 2 4 8 16
  55  986  638 0 100 1 5 1 2 4 8 16
  56  194  434 0  90 1 5 1 2 4 8 16
  57  938  764 0   7 1 5 1 2 4 8 16
  58  741  175 0  22 1 5 1 2 4 8 16
  59  859  958 0  72 1 5 1 2 4 8 16
  60  525  393 0  12 1 5 1 2 4 8 16
  61  328  944 0  72 1 5 1 2 4 8 16
  62   98   37 0  36 1 5 1 2 4 8 16
  63  440  817 0  72 1 5 1 2 4 8 16
  64  923  240 0  82 1 5 1 2 4 8 16
  65  597  882 0  31 1 5 1 2 4 8 16
  66  767  947 0  92 1 5 1 2 4 8 16
  67  187  745 0  58 1 5 1 2 4 8 16
  68  898  763 0  70 1 5 1 2 4 8 16
  69  121  388 0  99 1 5 1 2 4 8 16
  70  127  567 0  74 1 5 1 2 4 8 16
  71  410   58 0   6 1 5 1 2 4 8 16
  72  538  945 0  27 1 5 1 2 4 8 16
  73  601  631 0  52 1 5 1 2 4 8 16
  74  252  816 0  52 1 5 1 2 4 8 16
  75  136  578 0  63 1 5 1 2 4 8 16
  76  470  972 0  31 1 5 1 2 4 8 16
  77  721  277 0  47 1 5 1 2 4 8 16
  78  366  779 0  29 1 5 1 2 4 8 16
  79  307  950 0  53 1 5 1 2 4 8 16
  80  991  436 0  80 1 5 1 2 4 8 16
  81  875    4 0  62 1 5 1 2 4 8 16
  82  314  801 0   5 1 5 1 2 4 8 16
  83  327  879 0  21 1 5 1 2 4 8 16
  84  636  355 0  23 1 5 1 2 4 8 16
  85  729  334 0  81 1 5 1 2 4 8 16
  86  742  233 0  61 1 5 1 2 4 8 16
  87  380  100 0  78 1 5 1 2 4 8 16
  88  236  197 0  15 1 5 1 2 4 8 16
  89  928  692 0  29 1 5 1 2 4 8 16
  90  931  905 0  63 1 5 1 2 4 8 16
  91  285  438 0  36 1 5 1 2 4 8 16
  92   55   57 0  46 1 5 1 2 4 8 16
  93  657  421 0  53 1 5 1 2 4 8 16
  94  161  231 0  77 1 5 1 2 4 8 16
  95  104  548 0  44 1 5 1 2 4 8 16
  96  343  631 0   3 1 5 1 2 4 8 16
  97  717  484 0  24 1 5 1 2 4 8 16
  98  627    8 0  75 1 5 1 2 4 8 16
  99  887  834 0  70 1 5 1 2 4 8 16
 100  386  538 0  62 1 5 1 2 4 8 16
 101  145  469 0  12 1 5 1 2 4 8 16
 102  468   87 0  47 1 5 1 2 4 8 16
 103  443  349 0  32 1 5 1 2 4 8 16
 104  926  634 0  98 1 5 1 2 4 8 16
 105  742  205 0  22 1 5 1 2 4 8 16
 106  503  141 0  58 1 5 1 2 4 8 16
 107  307  281 0  74 1 5 1 2 4 8 16
 108  838  799 0  85 1 5 1 2 4 8 16
 109  766  852 0  17 1 5 1 2 4 8 16
 110   72   47 0   5 1 5 1 2 4 8 16
 111  958  201 0  83 1 5 1 2 4 8 16
 112  896  920 0  98 1 5 1 2 4 8 16
 113  396  100 0  88 1 5 1 2 4 8 16
 114  783  159 0  58 1 5 1 2 4 8 16
 115  391  804 0  65 1 5 1 2 4 8 16
 116  970  862 0  85 1 5 1 2 4 8 16
 117  958  938 0  14 1 5 1 2 4 8 16
 118  988  126 0  98 1 5 1 2 4 8 16
 119   31  795 0  29 1 5 1 2 4 8 16
 120  325  117 0  95 1 5 1 2 4 8 16
 121  793  572 0  15 1 5 1 2 4 8 16
 122  628  112 0  73 1 5 1 2 4 8 16
 123  397  495 0  27 1 5 1 2 4 8 16
 124  326  506 0  39 1 5 1 2 4 8 16
 125  734  106 0  23 1 5 1 2 4 8 16
 126  159  898 0  30 1 5 1 2 4 8 16
 127  328  764 0  31 1 5 1 2 4 8 16
 128  855  806 0  66 1 5 1 2 4 8 16
 129  242    2 0   7 1 5 1 2 4 8 16
 130  959  567 0  20 1 5 1 2 4 8 16
 131  805   17 0  75 1 5 1 2 4 8 16
 132  591  436 0  20 1 5 1 2 4 8 16
 133  537 1000 0  16 1 5 1 2 4 8 16
 134   94  266 0  96 1 5 1 2 4 8 16
 135  175  700 0  46 1 5 1 2 4 8 16
 136  909  618 0  97 1 5 1 2 4 8 16
 137  898  597 0   3 1 5 1 2 4 8 16
 138  759  651 0   1 1 5 1 2 4 8 16
 139  189  230 0  27 1 5 1 2 4 8 16
 140 1000  127 0  35 1 5 1 2 4 8 16
 141  618  917 0   3 1 5 1 2 4 8 16
 142  406  271 0  84 1 5 1 2 4 8 16
 143  835  251 0  60 1 5 1 2 4 8 16
 144  302  963 0  76 1 5 1 2 4 8 16
 145  854  186 0  81 1 5 1 2 4 8 16
 146  686  782 0  24 1 5 1 2 4 8 16
 147   83  914 0  12 1 5 1 2 4 8 16
 148  668    5 0   8 1 5 1 2 4 8 16
 149  513  591 0  97 1 5 1 2 4 8 16
 150  594   26 0  27 1 5 1 2 4 8 16
 151  432  149 0   1 1 5 1 2 4 8 16
 152  634  809 0  27 1 5 1 2 4 8 16
 153  773  172 0  45 1 5 1 2 4 8 16
 154  746  825 0  75 1 5 1 2 4 8 16
 155  146  836 0  88 1 5 1 2 4 8 16
 156  790  189 0  38 1 5 1 2 4 8 16
 157  461  684 0  72 1 5 1 2 4 8 16
 158  365  981 0  62 1 5 1 2 4 8 16
 159  291  586 0  59 1 5 1 2 4 8 16
 160   45  811 0  63 1 5 1 2 4 8 16
 161  310  160 0  34 1 5 1 2 4 8 16
 162  556  995 0  67 1 5 1 2 4 8 16
 163  815  505 0  37 1 5 1 2 4 8 16
 164  889   87 0  68 1 5 1 2 4 8 16
 165  650  190 0  86 1 5 1 2 4 8 16
 166  340  894 0  82 1 5 1 2 4 8 16
 167  214   84 0  64 1 5 1 2 4 8 16
 168  909  891 0  24 1 5 1 2 4 8 16
 169  238  342 0  41 1 5 1 2 4 8 16
 170  685  147 0  49 1 5 1 2 4 8 16
 171  378  371 0   3 1 5 1 2 4 8 16
 172  974  790 0  72 1 5 1 2 4 8 16
 173  885  937 0  66 1 5 1 2 4 8 16
 174  699  495 0  18 1 5 1 2 4 8 16
 175  385  834 0  57 1 5 1 2 4 8 16
 176  729  911 0  69 1 5 1 2 4 8 16
 177    6  968 0  35 1 5 1 2 4 8 16
 178  873  434 0  65 1 5 1 2 4 8 16
 179  392  768 0  18 1 5 1 2 4 8 16
 180    5   19 0  54 1 5 1 2 4 8 16
 181  777  302 0   1 1 5 1 2 4 8 16
 182  156  158 0  84 1 5 1 2 4 8 16
 183  820  656 0  69 1 5 1 2 4 8 16
 184  768  491 0  31 1 5 1 2 4 8 16
 185  914  405 0  47 1 5 1 2 4 8 16
 186  715  430 0  40 1 5 1 2 4 8 16
 187  184  452 0  70 1 5 1 2 4 8 16
 188  276  142 0  27 1 5 1 2 4 8 16
 189  192  526 0  18 1 5 1 2 4 8 16
 190  598  702 0  23 1 5 1 2 4 8 16
 191  628  221 0  84 1 5 1 2 4 8 16
 192  871  308 0  44 1 5 1 2 4 8 16
 193   97  708 0  62 1 5 1 2 4 8 16
 194  594  830 0  28 1 5 1 2 4 8 16
 195  285  237 0  89 1 5 1 2 4 8 16
 196  303  992 0  42 1 5 1 2 4 8 16
 197  983  809 0  42 1 5 1 2 4 8 16
 198  747  973 0  27 1 5 1 2 4 8 16
 199  172  659 0  28 1 5 1 2 4 8 16
 200  823   91 0  47 1 5 1 2 4 8 16
 201  903  674 0  94 1 5 1 2 4 8 16
 202  647  244 0  42 1 5 1 2 4 8 16
 203  287  555 0  97 1 5 1 2 4 8 16
 204  970  947 0   5 1 5 1 2 4 8 16
 205  461  427 0  61 1 5 1 2 4 8 16
 206  703  819 0  67 1 5 1 2 4 8 16
 207  687  481 0  91 1 5 1 2 4 8 16
 208  641   58 0  84 1 5 1 2 4 8 16
 209  172  235 0   2 1 5 1 2 4 8 16
 210  357  656 0   4 1 5 1 2 4 8 16
 211  206  534 0  10 1 5 1 2 4 8 16
 212  235  845 0  84 1 5 1 2 4 8 16
 213  568  528 0  66 1 5 1 2 4 8 16
 214  564  729 0  59 1 5 1 2 4 8 16
 215  470  563 0  10 1 5 1 2 4 8 16
 216  464  444 0  92 1 5 1 2 4 8 16
 217  148  837 0  61 1 5 1 2 4 8 16
 218  243  910 0  11 1 5 1 2 4 8 16
 219  395  909 0  75 1 5 1 2 4 8 16
 220  690  196 0  37 1 5 1 2 4 8 16
 221  354  238 0  60 1 5 1 2 4 8 16
 222   45  654 0  56 1 5 1 2 4 8 16
 223  481  986 0  21 1 5 1 2 4 8 16
 224  353  521 0  91 1 5 1 2 4 8 16
 225  203  750 0  18 1 5 1 2 4 8 16
 226  382   49 0  75 1 5 1 2 4 8 16
 227  463  771 0  64 1 5 1 2 4 8 16
 228  529  467 0  14 1 5 1 2 4 8 16
 229  466  594 0  59 1 5 1 2 4 8 16
 230  470  832 0  68 1 5 1 2 4 8 16
 231  774  704 0  91 1 5 1 2 4 8 16
 232  139   60 0  31 1 5 1 2 4 8 16
 233  850  717 0  33 1 5 1 2 4 8 16
 234  439  806 0   9 1 5 1 2 4 8 16
 235  765  997 0  53 1 5 1 2 4 8 16
 236  343  673 0  64 1 5 1 2 4 8 16
 237  944   45 0  91 1 5 1 2 4 8 16
 238   80  716 0  25 1 5 1 2 4 8 16
 239  540  445 0  48 1 5 1 2 4 8 16
 240  370  675 0  67 1 5 1 2 4 8 16
 241  378  429 0  42 1 5 1 2 4 8 16
 242  983  128 0  18 1 5 1 2 4 8 16
 243  921  996 0  35 1 5 1 2 4 8 16
 244  354   75 0  68 1 5 1 2 4 8 16
 245  406  930 0  90 1 5 1 2 4 8 16
 246  511  607 0  69 1 5 1 2 4 8 16
 247  371  117 0  26 1 5 1 2 4 8 16
 248  362   35 0  20 1 5 1 2 4 8 16
 249  462  154 0  76 1 5 1 2 4 8 16
 250  139  207 0  50 1 5 1 2 4 8 16
 251  944  110 0  91 1 5 1 2 4 8 16
 252  905  202 0  27 1 5 1 2 4 8 16
 253  623   99 0  95 1 5 1 2 4 8 16
 254  193  144 0  92 1 5 1 2 4 8 16
 255  663   56 0   1 1 5 1 2 4 8 16
 256   61  784 0  54 1 5 1 2 4 8 16
 257  590  377 0  32 1 5 1 2 4 8 16
 258  336  500 0  48 1 5 1 2 4 8 16
 259  394  101 0  71 1 5 1 2 4 8 16
 260  792  678 0   4 1 5 1 2 4 8 16
 261  364  285 0   9 1 5 1 2 4 8 16
 262  945  668 0  19 1 5 1 2 4 8 16
 263  120  392 0  13 1 5 1 2 4 8 16
 264  412   62 0  45 1 5 1 2 4 8 16
 265  985   39 0  81 1 5 1 2 4 8 16
 266  605  661 0  60 1 5 1 2 4 8 16
 267  829   64 0  78 1 5 1 2 4 8 16
 268  119   63 0  96 1 5 1 2 4 8 16
 269  132  442 0  69 1 5 1 2 4 8 16
 270  571  107 0  16 1 5 1 2 4 8 16
 271  161   16 0  52 1 5 1 2 4 8 16
 272  192   30 0  36 1 5 1 2 4 8 16
 273  320  398 0  65 1 5 1 2 4 8 16
 274  933  774 0  99 1 5 1 2 4 8 16
 275  600   43 0  87 1 5 1 2 4 8 16
 276  151  360 0  84 1 5 1 2 4 8 16
 277  297  152 0  57 1 5 1 2 4 8 16
 278  925  647 0  57 1 5 1 2 4 8 16
 279  817  366 0  41 1 5 1 2 4 8 16
 280  943  814 0  37 1 5 1 2 4 8 16
 281  460   69 0  69 1 5 1 2 4 8 16
 282   66  905 0  72 1 5 1 2 4 8 16
 283  613   18 0  35 1 5 1 2 4 8 16
 284  397  291 0  75 1 5 1 2 4 8 16
 285  235  177 0  77 1 5 1 2 4 8 16
 286  740  940 0  72 1 5 1 2 4 8 16
 287  954  299 0  56 1 5 1 2 4 8 16
 288  879  622 0  92 1 5 1 2 4 8 16
 289  107  504 0  89 1 5 1 2 4 8 16
 290  277  185 0  56 1 5 1 2 4 8 16
 291   99  771 0  62 1 5 1 2 4 8 16
 292  932  378 0  77 1 5 1 2 4 8 16
 293  401  820 0  50 1 5 1 2 4 8 16
 294  796  203 0  31 1 5 1 2 4 8 16
 295  854  324 0  85 1 5 1 2 4 8 16
 296  713   97 0  94 1 5 1 2 4 8 16
 297  587  748 0  98 1 5 1 2 4 8 16
 298  315  584 0  52 1 5 1 2 4 8 16
 299  128  878 0  75 1 5 1 2 4 8 16
 300  940  710 0  26 1 5 1 2 4 8 16
 301  719  130 0  12 1 5 1 2 4 8 16
 302  251  996 0  70 1 5 1 2 4 8 16
 303  184  506 0  59 1 5 1 2 4 8 16
 304  710  317 0  12 1 5 1 2 4 8 16
 305  288  347 0  17 1 5 1 2 4 8 16
 306  809  950 0  10 1 5 1 2 4 8 16
 307  443  634 0  86 1 5 1 2 4 8 16
 308  638  825 0  32 1 5 1 2 4 8 16
 309  442  656 0  63 1 5 1 2 4 8 16
 310   38  732 0  83 1 5 1 2 4 8 16
 311  777  935 0  38 1 5 1 2 4 8 16
 312  790  982 0  82 1 5 1 2 4 8 16
 313  726  772 0  52 1 5 1 2 4 8 16
 314  578  266 0  66 1 5 1 2 4 8 16
 315  912  846 0  87 1 5 1 2 4 8 16
 316  766   74 0  22 1 5 1 2 4 8 16
 317   53  374 0  27 1 5 1 2 4 8 16
 318  529  666 0   6 1 5 1 2 4 8 16
 319  565  223 0  75 1 5 1 2 4 8 16
 320  992  706 0  97 1 5 1 2 4 8 16
 321  515  427 0  88 1 5 1 2 4 8 16
 322  431  427 0  14 1 5 1 2 4 8 16
 323  609  632 0  68 1 5 1 2 4 8 16
 324  969  490 0  70 1 5 1 2 4 8 16
 325  184   23 0  94 1 5 1 2 4 8 16
 326  723  910 0  62 1 5 1 2 4 8 16
 327  724  961 0  43 1 5 1 2 4 8 16
 328  832  144 0  45 1 5 1 2 4 8 16
 329  946  473 0  36 1 5 1 2 4 8 16
 330  391  791 0  38 1 5 1 2 4 8 16
 331  683  656 0  64 1 5 1 2 4 8 16
 332  115  175 0  87 1 5 1 2 4 8 16
 333  884   15 0  95 1 5 1 2 4 8 16
 334  561  917 0  17 1 5 1 2 4 8 16
 335  705  292 0   4 1 5 1 2 4 8 16
 336  754  417 0   3 1 5 1 2 4 8 16
 337   12  198 0  90 1 5 1 2 4 8 16
 338  781  170 0  35 1 5 1 2 4 8 16
 339  341  916 0  87 1 5 1 2 4 8 16
 340  888  502 0   5 1 5 1 2 4 8 16
 341  631  742 0   2 1 5 1 2 4 8 16
 342   86   68 0  78 1 5 1 2 4 8 16
 343  700  702 0  50 1 5 1 2 4 8 16
 344  170  279 0  94 1 5 1 2 4 8 16
 345  774  680 0  32 1 5 1 2 4 8 16
 346  299  224 0  92 1 5 1 2 4 8 16
 347   76  900 0  91 1 5 1 2 4 8 16
 348   27  229 0  12 1 5 1 2 4 8 16
 349  281  830 0 100 1 5 1 2 4 8 16
 350  409  230 0   1 1 5 1 2 4 8 16
 351  293  106 0   6 1 5 1 2 4 8 16
 352  466  988 0   9 1 5 1 2 4 8 16
 353  824  138 0  89 1 5 1 2 4 8 16
 354  713  539 0  37 1 5 1 2 4 8 16
 355  855  844 0  50 1 5 1 2 4 8 16
 356  151  178 0  90 1 5 1 2 4 8 16
 357  892  801 0   1 1 5 1 2 4 8 16
 358  175  553 0  67 1 5 1 2 4 8 16
 359  139  146 0  57 1 5 1 2 4 8 16
 360  391  802 0  27 1 5 1 2 4 8 16
 361  512  217 0  80 1 5 1 2 4 8 16
 362  779  985 0  69 1 5 1 2 4 8 16
 363  191  801 0  62 1 5 1 2 4 8 16
 364  826  624 0  48 1 5 1 2 4 8 16
 365  888  659 0  44 1 5 1 2 4 8 16
 366  907  363 0  85 1 5 1 2 4 8 16
 367  474  386 0  25 1 5 1 2 4 8 16
 368  164  709 0  33 1 5 1 2 4 8 16
 369  116  889 0  61 1 5 1 2 4 8 16
 370  458  176 0  82 1 5 1 2 4 8 16
 371  120  428 0  57 1 5 1 2 4 8 16
 372  563  922 0  82 1 5 1 2 4 8 16
 373  555  972 0  48 1 5 1 2 4 8 16
 374  109  735 0  61 1 5 1 2 4 8 16
 375  633  605 0  27 1 5 1 2 4 8 16
 376  261  802 0  73 1 5 1 2 4 8 16
 377  188  566 0   2 1 5 1 2 4 8 16
 378  216  766 0 100 1 5 1 2 4 8 16
 379  632  560 0  57 1 5 1 2 4 8 16
 380  650  335 0  88 1 5 1 2 4 8 16
 381  629  290 0  40 1 5 1 2 4 8 16
 382  466  412 0  85 1 5 1 2 4 8 16
 383  964    8 0   6 1 5 1 2 4 8 16
 384  904  913 0  82 1 5 1 2 4 8 16
 385  389  197 0  53 1 5 1 2 4 8 16
 386  126  925 0  85 1 5 1 2 4 8 16
 387  827  781 0  21 1 5 1 2 4 8 16
 388  597  561 0   9 1 5 1 2 4 8 16
 389  572  960 0   8 1 5 1 2 4 8 16
 390  371  705 0  70 1 5 1 2 4 8 16
 391  514    9 0  80 1 5 1 2 4 8 16
 392  420  399 0  14 1 5 1 2 4 8 16
 393  475  974 0  45 1 5 1 2 4 8 16
 394   56  301 0  67 1 5 1 2 4 8 16
 395  619  870 0  86 1 5 1 2 4 8 16
 396  762  729 0  37 1 5 1 2 4 8 16
 397  298  466 0  36 1 5 1 2 4 8 16
 398  249  833 0  88 1 5 1 2 4 8 16
 399  750  920 0  35 1 5 1 2 4 8 16
 400   18  586 0  47 1 5 1 2 4 8 16
 401  984  134 0  41 1 5 1 2 4 8 16
 402   10  730 0  40 1 5 1 2 4 8 16
 403    5  290 0  43 1 5 1 2 4 8 16
 404   38  362 0  13 1 5 1 2 4 8 16
 405  849  683 0  48 1 5 1 2 4 8 16
 406  387  492 0  46 1 5 1 2 4 8 16
 407  717  565 0  64 1 5 1 2 4 8 16
 408  914  583 0  50 1 5 1 2 4 8 16
 409  953  231 0  81 1 5 1 2 4 8 16
 410  130  559 0  46 1 5 1 2 4 8 16
 411  123  245 0  19 1 5 1 2 4 8 16
 412  918  332 0  13 1 5 1 2 4 8 16
 413   31  730 0  12 1 5 1 2 4 8 16
 414  306  640 0  55 1 5 1 2 4 8 16
 415  680  635 0  26 1 5 1 2 4 8 16
 416  731  680 0  54 1 5 1 2 4 8 16
 417  935  728 0  80 1 5 1 2 4 8 16
 418  913  146 0  81 1 5 1 2 4 8 16
 419  331  107 0  48 1 5 1 2 4 8 16
 420   84  230 0  88 1 5 1 2 4 8 16
 421  403  261 0  19 1 5 1 2 4 8 16
 422  326  165 0  13 1 5 1 2 4 8 16
 423  421  743 0  44 1 5 1 2 4 8 16
 424  934  713 0  48 1 5 1 2 4 8 16
 425  838  414 0  24 1 5 1 2 4 8 16
 426  695  454 0  16 1 5 1 2 4 8 16
 427  720  428 0   8 1 5 1 2 4 8 16
 428    6  414 0  59 1 5 1 2 4 8 16
 429  526  123 0  71 1 5 1 2 4 8 16
 430  333  628 0  74 1 5 1 2 4 8 16
 431  435  756 0   6 1 5 1 2 4 8 16
 432  686  429 0   6 1 5 1 2 4 8 16
 433  961  864 0  98 1 5 1 2 4 8 16
 434  582  961 0  92 1 5 1 2 4 8 16
 435  292  297 0  48 1 5 1 2 4 8 16
 436  861  904 0  43 1 5 1 2 4 8 16
 437  949  879 0   2 1 5 1 2 4 8 16
 438  133  100 0  68 1 5 1 2 4 8 16
 439  750  644 0  10 1 5 1 2 4 8 16
 440  997  327 0  11 1 5 1 2 4 8 16
 441  957  748 0   1 1 5 1 2 4 8 16
 442  586  837 0  33 1 5 1 2 4 8 16
 443  780  301 0  76 1 5 1 2 4 8 16
 444  132  112 0  92 1 5 1 2 4 8 16
 445   84  718 0  60 1 5 1 2 4 8 16
 446  838  481 0  11 1 5 1 2 4 8 16
 447   75  739 0  64 1 5 1 2 4 8 16
 448   11  907 0   5 1 5 1 2 4 8 16
 449  870   91 0  18 1 5 1 2 4 8 16
 450  605  624 0  11 1 5 1 2 4 8 16
 451  961  115 0  92 1 5 1 2 4 8 16
 452  202  632 0  71 1 5 1 2 4 8 16
 453  678  393 0  42 1 5 1 2 4 8 16
 454   12  428 0  77 1 5 1 2 4 8 16
 455  987  283 0  11 1 5 1 2 4 8 16
 456  229  277 0  33 1 5 1 2 4 8 16
 457  361  113 0  47 1 5 1 2 4 8 16
 458   69  821 0  42 1 5 1 2 4 8 16
 459   38  834 0  66 1 5 1 2 4 8 16
 460  685  856 0  14 1 5 1 2 4 8 16
 461  663  824 0  16 1 5 1 2 4 8 16
 462  753   80 0  91 1 5 1 2 4 8 16
 463  372  516 0  55 1 5 1 2 4 8 16
 464  263  591 0  72 1 5 1 2 4 8 16
 465  738  340 0  16 1 5 1 2 4 8 16
 466   97  206 0  82 1 5 1 2 4 8 16
 467  148  915 0  52 1 5 1 2 4 8 16
 468  562  518 0  53 1 5 1 2 4 8 16
 469  436  740 0  61 1 5 1 2 4 8 16
 470  532  301 0  91 1 5 1 2 4 8 16
 471   19  439 0  53 1 5 1 2 4 8 16
 472  567  805 0  86 1 5 1 2 4 8 16
 473  742  255 0  19 1 5 1 2 4 8 16
 474  944  458 0  72 1 5 1 2 4 8 16
 475  841   71 0  94 1 5 1 2 4 8 16
 476  121  594 0  39 1 5 1 2 4 8 16
 477  357  509 0  92 1 5 1 2 4 8 16
 478  813  531 0  39 1 5 1 2 4 8 16
 479  888  119 0  95 1 5 1 2 4 8 16
 480  757  796 0  66 1 5 1 2 4 8 16
 481  633  955 0  77 1 5 1 2 4 8 16
 482  533  598 0  78 1 5 1 2 4 8 16
 483  985  440 0  38 1 5 1 2 4 8 16
 484   15  378 0  66 1 5 1 2 4 8 16
 485  411  352 0  55 1 5 1 2 4 8 16
 486  324   20 0  88 1 5 1 2 4 8 16
 487  435    0 0  26 1 5 1 2 4 8 16
 488  465  933 0  24 1 5 1 2 4 8 16
 489  111  244 0  52 1 5 1 2 4 8 16
 490  328  109 0  61 1 5 1 2 4 8 16
 491  238  262 0  72 1 5 1 2 4 8 16
 492  397  911 0 100 1 5 1 2 4 8 16
 493  332   19 0  15 1 5 1 2 4 8 16
 494  886  307 0  69 1 5 1 2 4 8 16
 495  282  534 0  47 1 5 1 2 4 8 16
 496  726  984 0  75 1 5 1 2 4 8 16
 497  503  649 0  81 1 5 1 2 4 8 16
 498  142  937 0  54 1 5 1 2 4 8 16
 499  163  941 0  12 1 5 1 2 4 8 16
 500   62  833 0  80 1 5 1 2 4 8 16
 501  203  255 0  16 1 5 1 2 4 8 16
 502  351  357 0  32 1 5 1 2 4 8 16
 503  619  189 0  38 1 5 1 2 4 8 16
 504  863  476 0  96 1 5 1 2 4 8 16
 505  129  218 0  94 1 5 1 2 4 8 16
 506  362  388 0   9 1 5 1 2 4 8 16
 507  434  881 0  74 1 5 1 2 4 8 16
 508   20  446 0  17 1 5 1 2 4 8 16
 509  551   27 0  62 1 5 1 2 4 8 16
 510  966  482 0  13 1 5 1 2 4 8 16
 511  518  968 0  66 1 5 1 2 4 8 16
 512  215   46 0  33 1 5 1 2 4 8 16
 513  148  677 0   5 1 5 1 2 4 8 16
 514  673  315 0  73 1 5 1 2 4 8 16
 515  963  112 0  16 1 5 1 2 4 8 16
 516  181   97 0  82 1 5 1 2 4 8 16
 517  616  587 0  84 1 5 1 2 4 8 16
 518  801  228 0  95 1 5 1 2 4 8 16
 519  541  512 0  70 1 5 1 2 4 8 16
 520  107   22 0  82 1 5 1 2 4 8 16
 521  679  139 0  22 1 5 1 2 4 8 16
 522  413  868 0  51 1 5 1 2 4 8 16
 523  806  852 0  75 1 5 1 2 4 8 16
 524  580  196 0  33 1 5 1 2 4 8 16
 525  771  106 0  87 1 5 1 2 4 8 16
 526  923   47 0  18 1 5 1 2 4 8 16
 527   48  901 0  92 1 5 1 2 4 8 16
 528   33  230 0  70 1 5 1 2 4 8 16
 529  725  520 0  71 1 5 1 2 4 8 16
 530  639  169 0  52 1 5 1 2 4 8 16
 531  859  865 0  46 1 5 1 2 4 8 16
 532  738  699 0  83 1 5 1 2 4 8 16
 533  243  451 0  34 1 5 1 2 4 8 16
 534  262  664 0  54 1 5 1 2 4 8 16
 535  102   35 0  34 1 5 1 2 4 8 16
 536  879  279 0  12 1 5 1 2 4 8 16
 537  306  620 0  85 1 5 1 2 4 8 16
 538  492  891 0  10 1 5 1 2 4 8 16
 539  686  337 0  72 1 5 1 2 4 8 16
 540  951  157 0  77 1 5 1 2 4 8 16
 541  959  479 0  32 1 5 1 2 4 8 16
 542  358  738 0  51 1 5 1 2 4 8 16
 543  925  690 0  18 1 5 1 2 4 8 16
 544  483  630 0  86 1 5 1 2 4 8 16
 545  558  772 0  79 1 5 1 2 4 8 16
 546  804  427 0  87 1 5 1 2 4 8 16
 547  215  950 0  30 1 5 1 2 4 8 16
 548  141  709 0  52 1 5 1 2 4 8 16
 549  464   91 0  51 1 5 1 2 4 8 16
 550  951   81 0  45 1 5 1 2 4 8 16
 551  666   22 0  32 1 5 1 2 4 8 16
 552  546  997 0   9 1 5 1 2 4 8 16
 553  485  108 0  66 1 5 1 2 4 8 16
 554  506   34 0  56 1 5 1 2 4 8 16
 555  520  663 0   9 1 5 1 2 4 8 16
 556  879  857 0  47 1 5 1 2 4 8 16
 557  783  974 0  82 1 5 1 2 4 8 16
 558  740  362 0  74 1 5 1 2 4 8 16
 559  876  619 0  89 1 5 1 2 4 8 16
 560  480  204 0 100 1 5 1 2 4 8 16
 561  685  273 0  63 1 5 1 2 4 8 16
 562  803  791 0  65 1 5 1 2 4 8 16
 563  537  896 0  23 1 5 1 2 4 8 16
 564  880  383 0  51 1 5 1 2 4 8 16
 565  853  462 0  52 1 5 1 2 4 8 16
 566  909  973 0  34 1 5 1 2 4 8 16
 567  633  537 0  68 1 5 1 2 4 8 16
 568  217  981 0   7 1 5 1 2 4 8 16
 569  200  139 0  30 1 5 1 2 4 8 16
 570  715  696 0  42 1 5 1 2 4 8 16
 571  295    4 0  78 1 5 1 2 4 8 16
 572   97  984 0  32 1 5 1 2 4 8 16
 573  917  614 0  28 1 5 1 2 4 8 16
 574  603  323 0  78 1 5 1 2 4 8 16
 575  797  518 0  61 1 5 1 2 4 8 16
 576  408  786 0  52 1 5 1 2 4 8 16
 577  308  801 0  86 1 5 1 2 4 8 16
 578  370  121 0  65 1 5 1 2 4 8 16
 579  953  890 0  53 1 5 1 2 4 8 16
 580  666   41 0  93 1 5 1 2 4 8 16
 581  411  560 0  30 1 5 1 2 4 8 16
 582  309  639 0  22 1 5 1 2 4 8 16
 583  162  587 0  74 1 5 1 2 4 8 16
 584   92  175 0  57 1 5 1 2 4 8 16
 585  267  925 0  63 1 5 1 2 4 8 16
 586  680   48 0  89 1 5 1 2 4 8 16
 587  456  551 0  99 1 5 1 2 4 8 16
 588  924  603 0  71 1 5 1 2 4 8 16
 589  718  880 0  89 1 5 1 2 4 8 16
 590  156   85 0  29 1 5 1 2 4 8 16
 591   40  906 0  50 1 5 1 2 4 8 16
 592  532  854 0  27 1 5 1 2 4 8 16
 593  687  802 0  27 1 5 1 2 4 8 16
 594  509  844 0  66 1 5 1 2 4 8 16
 595   37  426 0  69 1 5 1 2 4 8 16
 596  206   50 0  93 1 5 1 2 4 8 16
 597  468  685 0  84 1 5 1 2 4 8 16
 598  845  163 0  51 1 5 1 2 4 8 16
 599  343  332 0  34 1 5 1 2 4 8 16
 600  879  911 0  65 1 5 1 2 4 8 16
 601  437  357 0  74 1 5 1 2 4 8 16
 602  729  774 0  65 1 5 1 2 4 8 16
 603  552  588 0  84 1 5 1 2 4 8 16
 604  697  249 0  78 1 5 1 2 4 8 16
 605  764  465 0  67 1 5 1 2 4 8 16
 606  497  410 0  54 1 5 1 2 4 8 16
 607  256  167 0  67 1 5 1 2 4 8 16
 608    9  863 0  43 1 5 1 2 4 8 16
 609  711   31 0  55 1 5 1 2 4 8 16
 610  460  374 0  98 1 5 1 2 4 8 16
 611  712  905 0  14 1 5 1 2 4 8 16
 612   99  984 0  51 1 5 1 2 4 8 16
 613  721  993 0  18 1 5 1 2 4 8 16
 614  420  746 0   7 1 5 1 2 4 8 16
 615   35  208 0  19 1 5 1 2 4 8 16
 616   91  845 0  42 1 5 1 2 4 8 16
 617   48  664 0  25 1 5 1 2 4 8 16
 618  838  322 0   1 1 5 1 2 4 8 16
 619  937  760 0  58 1 5 1 2 4 8 16
 620   16  595 0  80 1 5 1 2 4 8 16
 621  146  989 0  79 1 5 1 2 4 8 16
 622  336  726 0   6 1 5 1 2 4 8 16
 623  723  656 0  43 1 5 1 2 4 8 16
 624  743  319 0  40 1 5 1 2 4 8 16
 625  189  122 0  84 1 5 1 2 4 8 16
 626  799  444 0  99 1 5 1 2 4 8 16
 627   33  535 0  67 1 5 1 2 4 8 16
 628   55   78 0  36 1 5 1 2 4 8 16
 629  577  720 0  20 1 5 1 2 4 8 16
 630  138  955 0  62 1 5 1 2 4 8 16
 631  770  377 0  73 1 5 1 2 4 8 16
 632  163  134 0  81 1 5 1 2 4 8 16
 633  986  745 0  67 1 5 1 2 4 8 16
 634  807   82 0   2 1 5 1 2 4 8 16
 635  121  327 0  83 1 5 1 2 4 8 16
 636  948  272 0  59 1 5 1 2 4 8 16
 637  561  840 0  55 1 5 1 2 4 8 16
 638  213  370 0  93 1 5 1 2 4 8 16
 639  274  873 0  77 1 5 1 2 4 8 16
 640  282  301 0  61 1 5 1 2 4 8 16
 641  539  663 0  42 1 5 1 2 4 8 16
 642   97  906 0   8 1 5 1 2 4 8 16
 643  716  575 0  30 1 5 1 2 4 8 16
 644  944  507 0  57 1 5 1 2 4 8 16
 645  719  740 0  90 1 5 1 2 4 8 16
 646  620  470 0  17 1 5 1 2 4 8 16
 647   96  175 0  70 1 5 1 2 4 8 16
 648  681  180 0  94 1 5 1 2 4 8 16
 649  695  184 0  47 1 5 1 2 4 8 16
 650  333  897 0  57 1 5 1 2 4 8 16
 651  387  622 0  80 1 5 1 2 4 8 16
 652  126  799 0  63 1 5 1 2 4 8 16
 653  564  360 0  22 1 5 1 2 4 8 16
 654  942  126 0   7 1 5 1 2 4 8 16
 655  195  137 0  87 1 5 1 2 4 8 16
 656  488  465 0   5 1 5 1 2 4 8 16
 657  703  648 0 100 1 5 1 2 4 8 16
 658  218  375 0  80 1 5 1 2 4 8 16
 659   65  174 0   5 1 5 1 2 4 8 16
 660  214  731 0  46 1 5 1 2 4 8 16
 661  621  248 0  16 1 5 1 2 4 8 16
 662  986  511 0  92 1 5 1 2 4 8 16
 663   73  988 0  76 1 5 1 2 4 8 16
 664  200  423 0  24 1 5 1 2 4 8 16
 665  140  885 0  66 1 5 1 2 4 8 16
 666  444  994 0  86 1 5 1 2 4 8 16
 667  196   69 0  72 1 5 1 2 4 8 16
 668  186  768 0  18 1 5 1 2 4 8 16
 669   77  583 0   3 1 5 1 2 4 8 16
 670  179  493 0  14 1 5 1 2 4 8 16
 671  903  519 0  27 1 5 1 2 4 8 16
 672  567  928 0  81 1 5 1 2 4 8 16
 673  830  984 0  46 1 5 1 2 4 8 16
 674  925  200 0  81 1 5 1 2 4 8 16
 675  571  386 0  91 1 5 1 2 4 8 16
 676  306   24 0 100 1 5 1 2 4 8 16
 677  422  405 0  81 1 5 1 2 4 8 16
 678  194  565 0  92 1 5 1 2 4 8 16
 679  769  860 0   4 1 5 1 2 4 8 16
 680  450  315 0  59 1 5 1 2 4 8 16
 681  858  234 0  96 1 5 1 2 4 8 16
 682  742  823 0  85 1 5 1 2 4 8 16
 683  174  348 0  40 1 5 1 2 4 8 16
 684  952  621 0  28 1 5 1 2 4 8 16
 685  911   10 0  91 1 5 1 2 4 8 16
 686  651  182 0  77 1 5 1 2 4 8 16
 687  831  417 0  81 1 5 1 2 4 8 16
 688  556  970 0  80 1 5 1 2 4 8 16
 689  713  253 0  42 1 5 1 2 4 8 16
 690  764  481 0  32 1 5 1 2 4 8 16
 691  814  232 0  42 1 5 1 2 4 8 16
 692  570  552 0  44 1 5 1 2 4 8 16
 693  762  607 0  93 1 5 1 2 4 8 16
 694  114  646 0  30 1 5 1 2 4 8 16
 695  192  263 0  12 1 5 1 2 4 8 16
 696  410  737 0  18 1 5 1 2 4 8 16
 697  836   17 0  45 1 5 1 2 4 8 16
 698  305  377 0  62 1 5 1 2 4 8 16
 699  112  313 0  86 1 5 1 2 4 8 16
 700  289  352 0  89 1 5 1 2 4 8 16
 701  148  369 0  86 1 5 1 2 4 8 16
 702  454   80 0  52 1 5 1 2 4 8 16
 703  690  647 0  31 1 5 1 2 4 8 16
 704  112  597 0  93 1 5 1 2 4 8 16
 705  747  679 0  51 1 5 1 2 4 8 16
 706  461   58 0  29 1 5 1 2 4 8 16
 707  743  842 0  70 1 5 1 2 4 8 16
 708  827  384 0  94 1 5 1 2 4 8 16
 709  335  191 0  12 1 5 1 2 4 8 16
 710  156  193 0  42 1 5 1 2 4 8 16
 711  751  960 0  57 1 5 1 2 4 8 16
 712  145  874 0  56 1 5 1 2 4 8 16
 713  190  443 0  30 1 5 1 2 4 8 16
 714  596  465 0   7 1 5 1 2 4 8 16
 715  235   38 0  33 1 5 1 2 4 8 16
 716   18   73 0  35 1 5 1 2 4 8 16
 717  668  432 0  88 1 5 1 2 4 8 16
 718  420  478 0  45 1 5 1 2 4 8 16
 719  327  595 0  97 1 5 1 2 4 8 16
 720  960  663 0   3 1 5 1 2 4 8 16
 721  963  775 0  92 1 5 1 2 4 8 16
 722   27  517 0  89 1 5 1 2 4 8 16
 723   82  530 0  42 1 5 1 2 4 8 16
 724  499  867 0  40 1 5 1 2 4 8 16
 725  165  491 0   6 1 5 1 2 4 8 16
 726   41  962 0  26 1 5 1 2 4 8 16
 727  282  946 0  65 1 5 1 2 4 8 16
 728    3  757 0  52 1 5 1 2 4 8 16
 729  268  385 0  54 1 5 1 2 4 8 16
 730  649  928 0  19 1 5 1 2 4 8 16
 731  333  590 0  19 1 5 1 2 4 8 16
 732  287  572 0  40 1 5 1 2 4 8 16
 733  726  370 0  23 1 5 1 2 4 8 16
 734  208  589 0   9 1 5 1 2 4 8 16
 735  405  903 0  84 1 5 1 2 4 8 16
 736   97  221 0  49 1 5 1 2 4 8 16
 737   88  623 0  97 1 5 1 2 4 8 16
 738  311  624 0 100 1 5 1 2 4 8 16
 739  173  771 0  58 1 5 1 2 4 8 16
 740  721  403 0   9 1 5 1 2 4 8 16
 741  671  728 0  77 1 5 1 2 4 8 16
 742  115  670 0   6 1 5 1 2 4 8 16
 743  764  246 0  77 1 5 1 2 4 8 16
 744  389  147 0   5 1 5 1 2 4 8 16
 745  269  350 0  25 1 5 1 2 4 8 16
 746  354  592 0  33 1 5 1 2 4 8 16
 747  758  977 0  53 1 5 1 2 4 8 16
 748  735  568 0  18 1 5 1 2 4 8 16
 749  745  811 0   6 1 5 1 2 4 8 16
 750  122  899 0  97 1 5 1 2 4 8 16
 751  491  750 0   2 1 5 1 2 4 8 16
 752   10  877 0  81 1 5 1 2 4 8 16
 753  492  731 0  24 1 5 1 2 4 8 16
 754  562  682 0   9 1 5 1 2 4 8 16
 755  719   11 0  32 1 5 1 2 4 8 16
 756   96  451 0  34 1 5 1 2 4 8 16
 757  427   15 0  58 1 5 1 2 4 8 16
 758  940  939 0  73 1 5 1 2 4 8 16
 759  205  947 0  84 1 5 1 2 4 8 16
 760  111  108 0  96 1 5 1 2 4 8 16
 761  906  446 0  95 1 5 1 2 4 8 16
 762   28  792 0  28 1 5 1 2 4 8 16
 763   79   21 0  99 1 5 1 2 4 8 16
 764  420   55 0  38 1 5 1 2 4 8 16
 765  780  341 0  89 1 5 1 2 4 8 16
 766  965  214 0   1 1 5 1 2 4 8 16
 767  401  508 0  67 1 5 1 2 4 8 16
 768  924  974 0  15 1 5 1 2 4 8 16
 769  719  299 0  50 1 5 1 2 4 8 16
 770  318  286 0  10 1 5 1 2 4 8 16
 771  627   23 0  47 1 5 1 2 4 8 16
 772  965  754 0  48 1 5 1 2 4 8 16
 773  347  754 0  58 1 5 1 2 4 8 16
 774  207  551 0  91 1 5 1 2 4 8 16
 775  315  835 0   9 1 5 1 2 4 8 16
 776  209  975 0  22 1 5 1 2 4 8 16
 777   97  798 0  75 1 5 1 2 4 8 16
 778  595  130 0  69 1 5 1 2 4 8 16
 779  425  635 0  95 1 5 1 2 4 8 16
 780  853  623 0  52 1 5 1 2 4 8 16
 781  334  274 0  46 1 5 1 2 4 8 16
 782  915  729 0  22 1 5 1 2 4 8 16
 783  346  616 0  23 1 5 1 2 4 8 16
 784  792  583 0  42 1 5 1 2 4 8 16
 785  409  600 0  49 1 5 1 2 4 8 16
 786  680   88 0  13 1 5 1 2 4 8 16
 787  166  665 0  14 1 5 1 2 4 8 16
 788  750  307 0  61 1 5 1 2 4 8 16
 789  600  972 0  80 1 5 1 2 4 8 16
 790  326  319 0  29 1 5 1 2 4 8 16
 791  851  180 0  27 1 5 1 2 4 8 16
 792  360  776 0  97 1 5 1 2 4 8 16
 793  541  126 0  33 1 5 1 2 4 8 16
 794  721  857 0  63 1 5 1 2 4 8 16
 795  511  177 0   7 1 5 1 2 4 8 16
 796  495  894 0  29 1 5 1 2 4 8 16
 797  934  134 0   4 1 5 1 2 4 8 16
 798  488  500 0  31 1 5 1 2 4 8 16
 799  496  633 0  91 1 5 1 2 4 8 16
 800  648  119 0  83 1 5 1 2 4 8 16
 801  501  440 0  44 1 5 1 2 4 8 16
 802   69  493 0  33 1 5 1 2 4 8 16
 803  274  271 0  34 1 5 1 2 4 8 16
 804  872  829 0  35 1 5 1 2 4 8 16
 805  579   56 0  91 1 5 1 2 4 8 16
 806  542   13 0  45 1 5 1 2 4 8 16
 807  797  851 0  50 1 5 1 2 4 8 16
 808  966  443 0  26 1 5 1 2 4 8 16
 809  339  103 0  15 1 5 1 2 4 8 16
 810  520  609 0  37 1 5 1 2 4 8 16
 811  561  152 0  48 1 5 1 2 4 8 16
 812  477  597 0  25 1 5 1 2 4 8 16
 813   54  531 0   6 1 5 1 2 4 8 16
 814  172  456 0   7 1 5 1 2 4 8 16
 815  291   63 0  96 1 5 1 2 4 8 16
 816  957  972 0  57 1 5 1 2 4 8 16
 817  936  766 0  71 1 5 1 2 4 8 16
 818  518  348 0  18 1 5 1 2 4 8 16
 819  341  182 0  74 1 5 1 2 4 8 16
 820  352  444 0  22 1 5 1 2 4 8 16
 821  287  108 0  39 1 5 1 2 4 8 16
 822  860  874 0  92 1 5 1 2 4 8 16
 823  397  103 0  99 1 5 1 2 4 8 16
 824  345  341 0  18 1 5 1 2 4 8 16
 825  774  209 0   8 1 5 1 2 4 8 16
 826  887  536 0  88 1 5 1 2 4 8 16
 827  854  773 0  98 1 5 1 2 4 8 16
 828  643  316 0  27 1 5 1 2 4 8 16
 829  841  916 0  15 1 5 1 2 4 8 16
 830  160  723 0  38 1 5 1 2 4 8 16
 831  880  200 0  86 1 5 1 2 4 8 16
 832  621  571 0  81 1 5 1 2 4 8 16
 833  976  237 0  12 1 5 1 2 4 8 16
 834  427  840 0  80 1 5 1 2 4 8 16
 835  355  268 0  73 1 5 1 2 4 8 16
 836  314  659 0  92 1 5 1 2 4 8 16
 837  320  838 0  49 1 5 1 2 4 8 16
 838  782  490 0  54 1 5 1 2 4 8 16
 839  359  478 0  46 1 5 1 2 4 8 16
 840  419  931 0  99 1 5 1 2 4 8 16
 841  388  799 0  14 1 5 1 2 4 8 16
 842   36   87 0  62 1 5 1 2 4 8 16
 843  458  879 0  53 1 5 1 2 4 8 16
 844   32  988 0  83 1 5 1 2 4 8 16
 845  422  837 0  20 1 5 1 2 4 8 16
 846  352  609 0  19 1 5 1 2 4 8 16
 847  416  405 0  86 1 5 1 2 4 8 16
 848  800  830 0  94 1 5 1 2 4 8 16
 849  182  909 0   3 1 5 1 2 4 8 16
 850  584  850 0  45 1 5 1 2 4 8 16
 851   31  200 0  57 1 5 1 2 4 8 16
 852  400  932 0  80 1 5 1 2 4 8 16
 853  810  921 0   8 1 5 1 2 4 8 16
 854  137  154 0  36 1 5 1 2 4 8 16
 855  373  279 0  76 1 5 1 2 4 8 16
 856  827  990 0  16 1 5 1 2 4 8 16
 857  257  263 0   9 1 5 1 2 4 8 16
 858  782  538 0  55 1 5 1 2 4 8 16
 859  980  664 0  73 1 5 1 2 4 8 16
 860  543  392 0  54 1 5 1 2 4 8 16
 861  866  698 0  16 1 5 1 2 4 8 16
 862   57   38 0  59 1 5 1 2 4 8 16
 863  464  375 0  62 1 5 1 2 4 8 16
 864  930  266 0  61 1 5 1 2 4 8 16
 865  413   58 0  16 1 5 1 2 4 8 16
 866  305  816 0  66 1 5 1 2 4 8 16
 867 1000  835 0  26 1 5 1 2 4 8 16
 868  561  901 0  64 1 5 1 2 4 8 16
 869  781  861 0  15 1 5 1 2 4 8 16
 870  274  499 0  98 1 5 1 2 4 8 16
 871  644  630 0   6 1 5 1 2 4 8 16
 872  506  190 0  12 1 5 1 2 4 8 16
 873  361  343 0  11 1 5 1 2 4 8 16
 874  708  620 0  65 1 5 1 2 4 8 16
 875  933  999 0  83 1 5 1 2 4 8 16
 876  528  118 0  10 1 5 1 2 4 8 16
 877  997  583 0  84 1 5 1 2 4 8 16
 878  265  305 0  75 1 5 1 2 4 8 16
 879   84  938 0  59 1 5 1 2 4 8 16
 880   91  160 0  54 1 5 1 2 4 8 16
 881   56  738 0  45 1 5 1 2 4 8 16
 882  829  370 0   3 1 5 1 2 4 8 16
 883  550  620 0  90 1 5 1 2 4 8 16
 884  108  987 0  61 1 5 1 2 4 8 16
 885   95  351 0  44 1 5 1 2 4 8 16
 886  856  135 0  79 1 5 1 2 4 8 16
 887  688  281 0  27 1 5 1 2 4 8 16
 888  518  307 0  60 1 5 1 2 4 8 16
 889  182  624 0  38 1 5 1 2 4 8 16
 890  788  328 0  43 1 5 1 2 4 8 16
 891  761  618 0  89 1 5 1 2 4 8 16
 892  412    6 0  35 1 5 1 2 4 8 16
 893  847  612 0  97 1 5 1 2 4 8 16
 894  426  855 0  38 1 5 1 2 4 8 16
 895  436  529 0  60 1 5 1 2 4 8 16
 896  324  500 0  35 1 5 1 2 4 8 16
 897  713  457 0  51 1 5 1 2 4 8 16
 898  265   92 0  59 1 5 1 2 4 8 16
 899  945  166 0  24 1 5 1 2 4 8 16
 900  619  199 0  62 1 5 1 2 4 8 16
 901  234  175 0  95 1 5 1 2 4 8 16
 902  699  796 0  43 1 5 1 2 4 8 16
 903  570  281 0  58 1 5 1 2 4 8 16
 904  863  724 0  71 1 5 1 2 4 8 16
 905  299  997 0  10 1 5 1 2 4 8 16
 906  869  952 0  99 1 5 1 2 4 8 16
 907  380  866 0  61 1 5 1 2 4 8 16
 908  430  708 0  89 1 5 1 2 4 8 16
 909  832  972 0  36 1 5 1 2 4 8 16
 910  249  929 0  83 1 5 1 2 4 8 16
 911  393   24 0  14 1 5 1 2 4 8 16
 912   40  562 0  10 1 5 1 2 4 8 16
 913  974  475 0  54 1 5 1 2 4 8 16
 914  102  839 0  72 1 5 1 2 4 8 16
 915  658  909 0  31 1 5 1 2 4 8 16
 916  665  943 0   2 1 5 1 2 4 8 16
 917  372  386 0  71 1 5 1 2 4 8 16
 918  319   87 0  71 1 5 1 2 4 8 16
 919  853  978 0  45 1 5 1 2 4 8 16
 920  224  543 0  38 1 5 1 2 4 8 16
 921  326  902 0  60 1 5 1 2 4 8 16
 922  747  674 0  36 1 5 1 2 4 8 16
 923  578   78 0  36 1 5 1 2 4 8 16
 924  534  226 0  43 1 5 1 2 4 8 16
 925  999  841 0  14 1 5 1 2 4 8 16
 926  650  427 0  76 1 5 1 2 4 8 16
 927  695  284 0  38 1 5 1 2 4 8 16
 928  731  293 0  11 1 5 1 2 4 8 16
 929  837  765 0  26 1 5 1 2 4 8 16
 930  943  216 0   9 1 5 1 2 4 8 16
 931  636  611 0  97 1 5 1 2 4 8 16
 932  550  820 0  73 1 5 1 2 4 8 16
 933  217  702 0   1 1 5 1 2 4 8 16
 934  309  558 0  42 1 5 1 2 4 8 16
 935  546  730 0  66 1 5 1 2 4 8 16
 936  968   12 0  20 1 5 1 2 4 8 16
 937  312  185 0  33 1 5 1 2 4 8 16
 938  490  235 0  41 1 5 1 2 4 8 16
 939  668  327 0   3 1 5 1 2 4 8 16
 940  881  921 0  96 1 5 1 2 4 8 16
 941  752  298 0  21 1 5 1 2 4 8 16
 942  137   47 0  87 1 5 1 2 4 8 16
 943  393  515 0  95 1 5 1 2 4 8 16
 944  362  350 0  12 1 5 1 2 4 8 16
 945  136  992 0  24 1 5 1 2 4 8 16
 946  647  751 0  98 1 5 1 2 4 8 16
 947  379  632 0  45 1 5 1 2 4 8 16
 948  818  395 0  53 1 5 1 2 4 8 16
 949  389  196 0  29 1 5 1 2 4 8 16
 950  767  566 0  69 1 5 1 2 4 8 16
 951  964  683 0  70 1 5 1 2 4 8 16
 952   23  558 0  20 1 5 1 2 4 8 16
 953  781  870 0  22 1 5 1 2 4 8 16
 954  253  633 0  75 1 5 1 2 4 8 16
 955  112  737 0  73 1 5 1 2 4 8 16
 956  528  411 0  53 1 5 1 2 4 8 16
 957  730  784 0  63 1 5 1 2 4 8 16
 958  803  143 0  16 1 5 1 2 4 8 16
 959  562  770 0  90 1 5 1 2 4 8 16
 960  361  578 0  18 1 5 1 2 4 8 16
 961  525  930 0  20 1 5 1 2 4 8 16
 962  136  208 0  65 1 5 1 2 4 8 16
 963  480  215 0  30 1 5 1 2 4 8 16
 964  464  369 0  21 1 5 1 2 4 8 16
 965  537  109 0  80 1 5 1 2 4 8 16
 966  290  269 0   2 1 5 1 2 4 8 16
 967  111  606 0  23 1 5 1 2 4 8 16
 968  163  921 0  43 1 5 1 2 4 8 16
 969   31  799 0  91 1 5 1 2 4 8 16
 970  541  836 0  61 1 5 1 2 4 8 16
 971  699   86 0  30 1 5 1 2 4 8 16
 972  488  641 0  26 1 5 1 2 4 8 16
 973  969  227 0  56 1 5 1 2 4 8 16
 974  846  993 0  43 1 5 1 2 4 8 16
 975   23  945 0  48 1 5 1 2 4 8 16
 976   27  562 0  80 1 5 1 2 4 8 16
 977  666   76 0  64 1 5 1 2 4 8 16
 978  510  553 0  58 1 5 1 2 4 8 16
 979  465  452 0  88 1 5 1 2 4 8 16
 980  999  675 0  55 1 5 1 2 4 8 16
 981    4  811 0  34 1 5 1 2 4 8 16
 982  707  187 0  91 1 5 1 2 4 8 16
 983  923  191 0  31 1 5 1 2 4 8 16
 984  623   97 0  83 1 5 1 2 4 8 16
 985  595  781 0  67 1 5 1 2 4 8 16
 986  518  209 0  54 1 5 1 2 4 8 16
 987  640  549 0  65 1 5 1 2 4 8 16
 988  873  671 0   9 1 5 1 2 4 8 16
 989  710  367 0  19 1 5 1 2 4 8 16
 990  925   42 0  11 1 5 1 2 4 8 16
 991  778   68 0  71 1 5 1 2 4 8 16
 992  554  975 0  17 1 5 1 2 4 8 16
 993  813   44 0  57 1 5 1 2 4 8 16
 994  231  121 0  22 1 5 1 2 4 8 16
 995  461  378 0  65 1 5 1 2 4 8 16
 996  519  413 0   9 1 5 1 2 4 8 16
 997  722  536 0   7 1 5 1 2 4 8 16
 998  167  402 0   4 1 5 1 2 4 8 16
 999  821  499 0  52 1 5 1 2 4 8 16
1000  825  389 0  11 1 5 1 2 4 8 16
1001  508  539 0  46 1 5 1 2 4 8 16
1002  218  940 0  54 1 5 1 2 4 8 16
1003   67  312 0  81 1 5 1 2 4 8 16
1004   95  291 0  99 1 5 1 2 4 8 16
1005  370  805 0  93 1 5 1 2 4 8 16
1006  901   77 0  55 1 5 1 2 4 8 16
1007  919  173 0  59 1 5 1 2 4 8 16
1008  900   37 0  36 1 5 1 2 4 8 16
1009  500  732 0  68 1 5 1 2 4 8 16
1010  819  859 0  19 1 5 1 2 4 8 16
1011  682  208 0  74 1 5 1 2 4 8 16
1012  489  219 0  96 1 5 1 2 4 8 16
1013  243  881 0  54 1 5 1 2 4 8 16
1014  529  847 0  30 1 5 1 2 4 8 16
1015  659  251 0  88 1 5 1 2 4 8 16
1016   23   10 0  75 1 5 1 2 4 8 16
1017  144   63 0  73 1 5 1 2 4 8 16
1018  931  468 0  50 1 5 1 2 4 8 16
1019  302   94 0   2 1 5 1 2 4 8 16
1020  385  491 0   6 1 5 1 2 4 8 16
1021   99  701 0  52 1 5 1 2 4 8 16
1022  461  644 0  95 1 5 1 2 4 8 16
1023    9  638 0   5 1 5 1 2 4 8 16
1024  359  619 0  64 1 5 1 2 4 8 16
1025  206   12 0  92 1 5 1 2 4 8 16
1026  800  421 0  25 1 5 1 2 4 8 16
1027  716  375 0   9 1 5 1 2 4 8 16
1028  354  628 0  20 1 5 1 2 4 8 16
1029   78  807 0  22 1 5 1 2 4 8 16
1030  882  549 0  80 1 5 1 2 4 8 16
1031  983   85 0  79 1 5 1 2 4 8 16
1032  751  192 0  71 1 5 1 2 4 8 16
1033  597  901 0  45 1 5 1 2 4 8 16
1034  372  975 0  42 1 5 1 2 4 8 16
1035  250  719 0  66 1 5 1 2 4 8 16
1036  396  725 0   9 1 5 1 2 4 8 16
1037   31  399 0  95 1 5 1 2 4 8 16
1038   87  856 0   5 1 5 1 2 4 8 16
1039  456  290 0  79 1 5 1 2 4 8 16
1040  527  162 0  68 1 5 1 2 4 8 16
1041  230  949 0  81 1 5 1 2 4 8 16
1042  710  948 0  20 1 5 1 2 4 8 16
1043  243   67 0  43 1 5 1 2 4 8 16
1044    8  318 0  12 1 5 1 2 4 8 16
1045  859  757 0  97 1 5 1 2 4 8 16
1046  913  731 0  76 1 5 1 2 4 8 16
1047  219  136 0  37 1 5 1 2 4 8 16
1048  245  965 0   5 1 5 1 2 4 8 16
1049   55  944 0  31 1 5 1 2 4 8 16
1050  996  671 0  26 1 5 1 2 4 8 16
1051  342   49 0  95 1 5 1 2 4 8 16
1052  924  561 0  65 1 5 1 2 4 8 16
1053  377  566 0  22 1 5 1 2 4 8 16
1054  539  816 0   6 1 5 1 2 4 8 16
1055  227  657 0  52 1 5 1 2 4 8 16
1056  486  582 0  46 1 5 1 2 4 8 16
1057  676   10 0  35 1 5 1 2 4 8 16
1058   26  148 0  35 1 5 1 2 4 8 16
1059  544  578 0  26 1 5 1 2 4 8 16
1060  351  961 0  96 1 5 1 2 4 8 16
1061  853  443 0  16 1 5 1 2 4 8 16
1062  943  624 0  15 1 5 1 2 4 8 16
1063  386    5 0  99 1 5 1 2 4 8 16
1064   55  106 0  13 1 5 1 2 4 8 16
1065  535  217 0  95 1 5 1 2 4 8 16
1066  822  634 0  17 1 5 1 2 4 8 16
1067  112  984 0   2 1 5 1 2 4 8 16
1068   48  554 0   7 1 5 1 2 4 8 16
1069  481  368 0  70 1 5 1 2 4 8 16
1070  399  311 0  74 1 5 1 2 4 8 16
1071  987  728 0  23 1 5 1 2 4 8 16
1072  642  869 0  49 1 5 1 2 4 8 16
1073  853  583 0   7 1 5 1 2 4 8 16
1074  513  931 0  96 1 5 1 2 4 8 16
1075  263  426 0  89 1 5 1 2 4 8 16
1076  180  477 0  74 1 5 1 2 4 8 16
1077  663  908 0   3 1 5 1 2 4 8 16
1078   54  478 0  70 1 5 1 2 4 8 16
1079  559  587 0  90 1 5 1 2 4 8 16
1080  593  912 0  21 1 5 1 2 4 8 16
1081  261  202 0  12 1 5 1 2 4 8 16
1082  251  568 0  32 1 5 1 2 4 8 16
1083  829   11 0  15 1 5 1 2 4 8 16
1084  476  169 0 100 1 5 1 2 4 8 16
1085   84  393 0   5 1 5 1 2 4 8 16
1086  158  204 0  74 1 5 1 2 4 8 16
1087  515  693 0  29 1 5 1 2 4 8 16
1088   43  593 0  89 1 5 1 2 4 8 16
1089   72  616 0  64 1 5 1 2 4 8 16
1090  450  222 0  37 1 5 1 2 4 8 16
1091  821  205 0  82 1 5 1 2 4 8 16
1092  999  752 0  98 1 5 1 2 4 8 16
1093  596  945 0  92 1 5 1 2 4 8 16
1094  282  652 0  75 1 5 1 2 4 8 16
1095  489  771 0  39 1 5 1 2 4 8 16
1096  713  437 0  60 1 5 1 2 4 8 16
1097  984  887 0  17 1 5 1 2 4 8 16
1098  930  526 0  76 1 5 1 2 4 8 16
1099  830  835 0  74 1 5 1 2 4 8 16
1100  848  320 0  21 1 5 1 2 4 8 16
1101  838  804 0  49 1 5 1 2 4 8 16
1102  774  635 0  91 1 5 1 2 4 8 16
1103  117  390 0  47 1 5 1 2 4 8 16
1104  493  608 0  82 1 5 1 2 4 8 16
1105  213  103 0   2 1 5 1 2 4 8 16
1106  446  633 0  62 1 5 1 2 4 8 16
1107  906  836 0  13 1 5 1 2 4 8 16
1108  465   58 0  88 1 5 1 2 4 8 16
1109  843  743 0  19 1 5 1 2 4 8 16
1110  808  553 0  53 1 5 1 2 4 8 16
1111  487  484 0  29 1 5 1 2 4 8 16
1112  238   42 0  99 1 5 1 2 4 8 16
1113  665  468 0  72 1 5 1 2 4 8 16
1114  132  490 0  73 1 5 1 2 4 8 16
1115    4  820 0 100 1 5 1 2 4 8 16
1116  380  518 0  27 1 5 1 2 4 8 16
1117   42  528 0  58 1 5 1 2 4 8 16
1118  354  331 0  47 1 5 1 2 4 8 16
1119  858  327 0  28 1 5 1 2 4 8 16
1120  261  519 0  71 1 5 1 2 4 8 16
1121  191  138 0  15 1 5 1 2 4 8 16
1122  724  232 0   1 1 5 1 2 4 8 16
1123  739  304 0  49 1 5 1 2 4 8 16
1124  345  852 0  72 1 5 1 2 4 8 16
1125  652  556 0  43 1 5 1 2 4 8 16
1126  678  793 0  74 1 5 1 2 4 8 16
1127  854  744 0  96 1 5 1 2 4 8 16
1128  150  880 0  86 1 5 1 2 4 8 16
1129  331  965 0  27 1 5 1 2 4 8 16
1130   61  470 0  12 1 5 1 2 4 8 16
1131  156  795 0  84 1 5 1 2 4 8 16
1132  989  594 0  48 1 5 1 2 4 8 16
1133  167  973 0  77 1 5 1 2 4 8 16
1134  348  580 0  23 1 5 1 2 4 8 16
1135  919  604 0  14 1 5 1 2 4 8 16
1136  894  476 0  87 1 5 1 2 4 8 16
1137   35   17 0  12 1 5 1 2 4 8 16
1138  642  764 0  79 1 5 1 2 4 8 16
1139  484  567 0  56 1 5 1 2 4 8 16
1140  519  672 0   9 1 5 1 2 4 8 16
1141  166  131 0  13 1 5 1 2 4 8 16
1142  941  136 0  18 1 5 1 2 4 8 16
1143  383  242 0  64 1 5 1 2 4 8 16
1144   79  991 0  52 1 5 1 2 4 8 16
1145  189  548 0  25 1 5 1 2 4 8 16
1146  845  607 0  21 1 5 1 2 4 8 16
1147  198  984 0  45 1 5 1 2 4 8 16
1148  361  618 0  39 1 5 1 2 4 8 16
1149  727  911 0  51 1 5 1 2 4 8 16
1150  201  379 0  13 1 5 1 2 4 8 16
1151  167  746 0 100 1 5 1 2 4 8 16
1152  410  231 0   8 1 5 1 2 4 8 16
1153  862  865 0  76 1 5 1 2 4 8 16
1154  468  102 0  98 1 5 1 2 4 8 16
1155  631  101 0  17 1 5 1 2 4 8 16
1156   23  307 0   4 1 5 1 2 4 8 16
1157  184  472 0  97 1 5 1 2 4 8 16
1158  169  816 0  13 1 5 1 2 4 8 16
1159  614   79 0  95 1 5 1 2 4 8 16
1160  335  985 0  30 1 5 1 2 4 8 16
1161  260  200 0  76 1 5 1 2 4 8 16
1162  883  758 0  43 1 5 1 2 4 8 16
1163  497  712 0   7 1 5 1 2 4 8 16
1164  233  779 0  75 1 5 1 2 4 8 16
1165  924  510 0  16 1 5 1 2 4 8 16
1166  832  968 0  81 1 5 1 2 4 8 16
1167  761  315 0  94 1 5 1 2 4 8 16
1168  839  487 0  73 1 5 1 2 4 8 16
1169  920   59 0  23 1 5 1 2 4 8 16
1170  556  375 0  35 1 5 1 2 4 8 16
1171  183   51 0  62 1 5 1 2 4 8 16
1172  171  215 0  53 1 5 1 2 4 8 16
1173  606   20 0  62 1 5 1 2 4 8 16
1174  978   64 0  94 1 5 1 2 4 8 16
1175  639  780 0   8 1 5 1 2 4 8 16
1176  341  224 0  19 1 5 1 2 4 8 16
1177  929  787 0  53 1 5 1 2 4 8 16
1178  296  818 0  16 1 5 1 2 4 8 16
1179  489  867 0  61 1 5 1 2 4 8 16
1180  676  837 0  12 1 5 1 2 4 8 16
1181   77   33 0  30 1 5 1 2 4 8 16
1182  636  942 0  76 1 5 1 2 4 8 16
1183  187  884 0  63 1 5 1 2 4 8 16
1184  872  750 0  11 1 5 1 2 4 8 16
1185  638  610 0  39 1 5 1 2 4 8 16
1186  724  913 0   4 1 5 1 2 4 8 16
1187  405  582 0  27 1 5 1 2 4 8 16
1188  675  780 0   9 1 5 1 2 4 8 16
1189  909  230 0  11 1 5 1 2 4 8 16
1190  866  504 0  54 1 5 1 2 4 8 16
1191  214  955 0  51 1 5 1 2 4 8 16
1192  665  993 0  34 1 5 1 2 4 8 16
1193  940  557 0  97 1 5 1 2 4 8 16
1194  500  211 0  37 1 5 1 2 4 8 16
1195  537  972 0  22 1 5 1 2 4 8 16
1196  161  213 0  14 1 5 1 2 4 8 16
1197  486  770 0  25 1 5 1 2 4 8 16
1198  954  970 0  61 1 5 1 2 4 8 16
1199  408  478 0  88 1 5 1 2 4 8 16
1200  779   66 0  53 1 5 1 2 4 8 16
1201  795   33 0  88 1 5 1 2 4 8 16
1202  333  392 0  70 1 5 1 2 4 8 16
1203  631  606 0  76 1 5 1 2 4 8 16
1204  246  924 0  54 1 5 1 2 4 8 16
1205  411  148 0   3 1 5 1 2 4 8 16
1206  179  471 0  38 1 5 1 2 4 8 16
1207  819  420 0  46 1 5 1 2 4 8 16
1208  754  876 0  70 1 5 1 2 4 8 16
1209  252  135 0  42 1 5 1 2 4 8 16
1210  665  351 0  48 1 5 1 2 4 8 16
1211  394  352 0  93 1 5 1 2 4 8 16
1212  617  386 0   2 1 5 1 2 4 8 16
1213  869  683 0  86 1 5 1 2 4 8 16
1214  842  338 0  58 1 5 1 2 4 8 16
1215  970  726 0  38 1 5 1 2 4 8 16
1216  456   55 0  92 1 5 1 2 4 8 16
1217  127  467 0  79 1 5 1 2 4 8 16
1218  985  125 0  41 1 5 1 2 4 8 16
1219  377  877 0   6 1 5 1 2 4 8 16
1220  137  618 0   8 1 5 1 2 4 8 16
1221  753  399 0   4 1 5 1 2 4 8 16
1222  241  187 0  66 1 5 1 2 4 8 16
1223   39  753 0  15 1 5 1 2 4 8 16
1224  479  655 0   3 1 5 1 2 4 8 16
1225  443  363 0  46 1 5 1 2 4 8 16
1226  442  368 0  73 1 5 1 2 4 8 16
1227  128  882 0  77 1 5 1 2 4 8 16
1228  655   88 0  38 1 5 1 2 4 8 16
1229  966  678 0  66 1 5 1 2 4 8 16
1230  178  424 0  42 1 5 1 2 4 8 16
1231  617  531 0  38 1 5 1 2 4 8 16
1232  485  730 0   8 1 5 1 2 4 8 16
1233  354  273 0  22 1 5 1 2 4 8 16
1234   47  827 0   2 1 5 1 2 4 8 16
1235  468  723 0  86 1 5 1 2 4 8 16
1236  579  451 0   1 1 5 1 2 4 8 16
1237  177  913 0  91 1 5 1 2 4 8 16
1238  395  897 0  14 1 5 1 2 4 8 16
1239  524  104 0  58 1 5 1 2 4 8 16
1240  520  531 0  93 1 5 1 2 4 8 16
1241  593  975 0  60 1 5 1 2 4 8 16
1242  165  121 0  81 1 5 1 2 4 8 16
1243  488  427 0  37 1 5 1 2 4 8 16
1244   61  695 0  88 1 5 1 2 4 8 16
1245  437  478 0  39 1 5 1 2 4 8 16
1246  899  681 0  63 1 5 1 2 4 8 16
1247   66  464 0  72 1 5 1 2 4 8 16
1248  487  883 0  86 1 5 1 2 4 8 16
1249  531  911 0  39 1 5 1 2 4 8 16
1250  114  404 0  25 1 5 1 2 4 8 16
1251  207  776 0  41 1 5 1 2 4 8 16
1252  584  691 0  76 1 5 1 2 4 8 16
1253  367  860 0   6 1 5 1 2 4 8 16
1254   18   89 0  99 1 5 1 2 4 8 16
1255  491  721 0  33 1 5 1 2 4 8 16
1256  907  529 0  92 1 5 1 2 4 8 16
1257  615  444 0  98 1 5 1 2 4 8 16
1258  510  990 0   7 1 5 1 2 4 8 16
1259  206  329 0  20 1 5 1 2 4 8 16
1260   55  365 0  99 1 5 1 2 4 8 16
1261  280   70 0  13 1 5 1 2 4 8 16
1262  945  900 0   8 1 5 1 2 4 8 16
1263  985  438 0  82 1 5 1 2 4 8 16
1264  786  810 0 100 1 5 1 2 4 8 16
1265  682  983 0  57 1 5 1 2 4 8 16
1266  167  844 0  23 1 5 1 2 4 8 16
1267  401  639 0  91 1 5 1 2 4 8 16
1268  859  669 0  62 1 5 1 2 4 8 16
1269  943  214 0  49 1 5 1 2 4 8 16
1270  925  699 0  18 1 5 1 2 4 8 16
1271  185  574 0  76 1 5 1 2 4 8 16
1272  609  868 0  81 1 5 1 2 4 8 16
1273   46  132 0  91 1 5 1 2 4 8 16
1274  531  221 0  23 1 5 1 2 4 8 16
1275  354  147 0  57 1 5 1 2 4 8 16
1276  786  774 0  63 1 5 1 2 4 8 16
1277   55  601 0  42 1 5 1 2 4 8 16
1278   59  285 0  34 1 5 1 2 4 8 16
1279  161 1000 0  58 1 5 1 2 4 8 16
1280   79  553 0  72 1 5 1 2 4 8 16
1281  827  970 0  42 1 5 1 2 4 8 16
1282  453  292 0  81 1 5 1 2 4 8 16
1283  936  664 0  60 1 5 1 2 4 8 16
1284  298  425 0  56 1 5 1 2 4 8 16
1285  224   15 0  83 1 5 1 2 4 8 16
1286  812  527 0  90 1 5 1 2 4 8 16
1287  180   70 0  47 1 5 1 2 4 8 16
1288  973  303 0   8 1 5 1 2 4 8 16
1289  545   14 0  38 1 5 1 2 4 8 16
1290  341  169 0  14 1 5 1 2 4 8 16
1291  199  751 0  24 1 5 1 2 4 8 16
1292  547   47 0  17 1 5 1 2 4 8 16
1293  593  719 0  68 1 5 1 2 4 8 16
1294  372  553 0  63 1 5 1 2 4 8 16
1295  302  433 0  34 1 5 1 2 4 8 16
1296   27  469 0  27 1 5 1 2 4 8 16
1297  539  923 0  33 1 5 1 2 4 8 16
1298  591  650 0   4 1 5 1 2 4 8 16
1299  931  492 0  80 1 5 1 2 4 8 16
1300  596   91 0  73 1 5 1 2 4 8 16
1301  143  367 0  64 1 5 1 2 4 8 16
1302  770  537 0  88 1 5 1 2 4 8 16
1303  357   77 0  31 1 5 1 2 4 8 16
1304   11  157 0  95 1 5 1 2 4 8 16
1305  243  878 0  14 1 5 1 2 4 8 16
1306  649  486 0  54 1 5 1 2 4 8 16
1307  978  876 0  73 1 5 1 2 4 8 16
1308  615  461 0  15 1 5 1 2 4 8 16
1309  303  684 0  96 1 5 1 2 4 8 16
1310  449  148 0  65 1 5 1 2 4 8 16
1311  472  781 0  73 1 5 1 2 4 8 16
1312  431  155 0   5 1 5 1 2 4 8 16
1313  424  772 0  72 1 5 1 2 4 8 16
1314  303  980 0  49 1 5 1 2 4 8 16
1315  911  324 0  74 1 5 1 2 4 8 16
1316  904  938 0  89 1 5 1 2 4 8 16
1317  958  831 0   4 1 5 1 2 4 8 16
1318  351  686 0  98 1 5 1 2 4 8 16
1319  605  659 0  60 1 5 1 2 4 8 16
1320  193    1 0  11 1 5 1 2 4 8 16
1321  367  943 0  98 1 5 1 2 4 8 16
1322  662  743 0  39 1 5 1 2 4 8 16
1323  884    9 0  73 1 5 1 2 4 8 16
1324  414  351 0  89 1 5 1 2 4 8 16
1325  726  693 0  83 1 5 1 2 4 8 16
1326  595  203 0  44 1 5 1 2 4 8 16
1327  733  844 0  17 1 5 1 2 4 8 16
1328  237  956 0  59 1 5 1 2 4 8 16
1329   87  466 0  69 1 5 1 2 4 8 16
1330  601  985 0  35 1 5 1 2 4 8 16
1331  990  129 0  97 1 5 1 2 4 8 16
1332   57  844 0  51 1 5 1 2 4 8 16
1333  872  559 0  58 1 5 1 2 4 8 16
1334  646  175 0  40 1 5 1 2 4 8 16
1335  956  670 0  31 1 5 1 2 4 8 16
1336  487  950 0  52 1 5 1 2 4 8 16
1337  530  892 0  54 1 5 1 2 4 8 16
1338  103  495 0  38 1 5 1 2 4 8 16
1339  880  527 0  36 1 5 1 2 4 8 16
1340  584  595 0  49 1 5 1 2 4 8 16
1341  794  581 0  53 1 5 1 2 4 8 16
1342  671  269 0  69 1 5 1 2 4 8 16
1343  594  349 0  85 1 5 1 2 4 8 16
1344  432  361 0  31 1 5 1 2 4 8 16
1345  324  152 0  81 1 5 1 2 4 8 16
1346  394  251 0  97 1 5 1 2 4 8 16
1347  524  502 0  65 1 5 1 2 4 8 16
1348  640  534 0  67 1 5 1 2 4 8 16
1349   11  788 0  40 1 5 1 2 4 8 16
1350  305  765 0  57 1 5 1 2 4 8 16
1351  295  954 0   5 1 5 1 2 4 8 16
1352  488  963 0  21 1 5 1 2 4 8 16
1353  912  854 0  27 1 5 1 2 4 8 16
1354  829  342 0  78 1 5 1 2 4 8 16
1355  458  984 0  48 1 5 1 2 4 8 16
1356  774   25 0  46 1 5 1 2 4 8 16
1357  178  241 0  66 1 5 1 2 4 8 16
1358    1  797 0  11 1 5 1 2 4 8 16
1359  222  267 0   4 1 5 1 2 4 8 16
1360  441  746 0  98 1 5 1 2 4 8 16
1361  873  895 0  62 1 5 1 2 4 8 16
1362  284  811 0  66 1 5 1 2 4 8 16
1363  842  219 0  32 1 5 1 2 4 8 16
1364  393  794 0 100 1 5 1 2 4 8 16
1365  534  609 0  27 1 5 1 2 4 8 16
1366  755  636 0  53 1 5 1 2 4 8 16
1367  615  143 0  44 1 5 1 2 4 8 16
1368  783  167 0   3 1 5 1 2 4 8 16
1369  579  162 0  76 1 5 1 2 4 8 16
1370  457  372 0   4 1 5 1 2 4 8 16
1371  692  865 0  49 1 5 1 2 4 8 16
1372  478  459 0  22 1 5 1 2 4 8 16
1373   73  934 0  97 1 5 1 2 4 8 16
1374   93   74 0  20 1 5 1 2 4 8 16
1375  357  902 0  85 1 5 1 2 4 8 16
1376  450  277 0  23 1 5 1 2 4 8 16
1377  182  762 0   8 1 5 1 2 4 8 16
1378  239  825 0  23 1 5 1 2 4 8 16
1379  544  311 0  78 1 5 1 2 4 8 16
1380  606  930 0  52 1 5 1 2 4 8 16
1381  870  606 0  88 1 5 1 2 4 8 16
1382  705  726 0  26 1 5 1 2 4 8 16
1383  106  454 0   7 1 5 1 2 4 8 16
1384  778  977 0  27 1 5 1 2 4 8 16
1385  553  806 0  15 1 5 1 2 4 8 16
1386  144  419 0  77 1 5 1 2 4 8 16
1387  721  900 0  82 1 5 1 2 4 8 16
1388  983  251 0   8 1 5 1 2 4 8 16
1389  641  431 0  23 1 5 1 2 4 8 16
1390  635  284 0  94 1 5 1 2 4 8 16
1391  348  914 0  58 1 5 1 2 4 8 16
1392  338  773 0  66 1 5 1 2 4 8 16
1393   23  569 0  48 1 5 1 2 4 8 16
1394  613  852 0  83 1 5 1 2 4 8 16
1395   49  752 0  83 1 5 1 2 4 8 16
1396  609  467 0  68 1 5 1 2 4 8 16
1397  328  411 0  88 1 5 1 2 4 8 16
1398  382  943 0  24 1 5 1 2 4 8 16
1399  219   67 0   4 1 5 1 2 4 8 16
1400   83  599 0  66 1 5 1 2 4 8 16
1401   98  490 0  10 1 5 1 2 4 8 16
1402  772  570 0  32 1 5 1 2 4 8 16
1403   22  627 0  87 1 5 1 2 4 8 16
1404  896  855 0  65 1 5 1 2 4 8 16
1405   92  735 0  49 1 5 1 2 4 8 16
1406   69  725 0  66 1 5 1 2 4 8 16
1407  637  822 0  83 1 5 1 2 4 8 16
1408  269  597 0  39 1 5 1 2 4 8 16
1409  257  614 0  13 1 5 1 2 4 8 16
1410  546  918 0  98 1 5 1 2 4 8 16
1411  390  505 0  39 1 5 1 2 4 8 16
1412  141  898 0  30 1 5 1 2 4 8 16
1413   57  213 0   5 1 5 1 2 4 8 16
1414    1  530 0  98 1 5 1 2 4 8 16
1415  897  910 0   3 1 5 1 2 4 8 16
1416  111  961 0  68 1 5 1 2 4 8 16
1417   61  482 0  27 1 5 1 2 4 8 16
1418  405  565 0  66 1 5 1 2 4 8 16
1419  314  206 0  27 1 5 1 2 4 8 16
1420  209  198 0  76 1 5 1 2 4 8 16
1421  871  836 0  61 1 5 1 2 4 8 16
1422  797  125 0   2 1 5 1 2 4 8 16
1423  669  703 0   8 1 5 1 2 4 8 16
1424  952  230 0  64 1 5 1 2 4 8 16
1425  682  284 0  81 1 5 1 2 4 8 16
1426  442  243 0   6 1 5 1 2 4 8 16
1427  619   45 0  35 1 5 1 2 4 8 16
1428  786  585 0  11 1 5 1 2 4 8 16
1429  221  679 0  12 1 5 1 2 4 8 16
1430  236  695 0  52 1 5 1 2 4 8 16
1431  157  769 0   5 1 5 1 2 4 8 16
1432  290  708 0  66 1 5 1 2 4 8 16
1433  473  325 0   3 1 5 1 2 4 8 16
1434   43  987 0  22 1 5 1 2 4 8 16
1435  596  773 0  29 1 5 1 2 4 8 16
1436  487  539 0  55 1 5 1 2 4 8 16
1437   85  693 0   8 1 5 1 2 4 8 16
1438   36  315 0  44 1 5 1 2 4 8 16
1439  256  596 0  79 1 5 1 2 4 8 16
1440  485  222 0  75 1 5 1 2 4 8 16
1441  521  276 0  13 1 5 1 2 4 8 16
1442  216  244 0  46 1 5 1 2 4 8 16
1443  198  778 0  11 1 5 1 2 4 8 16
1444  167    5 0  47 1 5 1 2 4 8 16
1445   96  897 0  75 1 5 1 2 4 8 16
1446  951  196 0   7 1 5 1 2 4 8 16
1447  356  254 0  86 1 5 1 2 4 8 16
1448   45  188 0  62 1 5 1 2 4 8 16
1449  958  542 0  33 1 5 1 2 4 8 16
1450  215  776 0  10 1 5 1 2 4 8 16
1451  868  528 0  82 1 5 1 2 4 8 16
1452  307  500 0  10 1 5 1 2 4 8 16
1453  846  956 0  48 1 5 1 2 4 8 16
1454  932  646 0   4 1 5 1 2 4 8 16
1455  239  471 0  92 1 5 1 2 4 8 16
1456   12  630 0  68 1 5 1 2 4 8 16
1457  818  681 0  80 1 5 1 2 4 8 16
1458  515  320 0  73 1 5 1 2 4 8 16
1459  876  182 0   7 1 5 1 2 4 8 16
1460  170  651 0  63 1 5 1 2 4 8 16
1461  481  711 0  56 1 5 1 2 4 8 16
1462  347  323 0  25 1 5 1 2 4 8 16
1463  335  552 0  85 1 5 1 2 4 8 16
1464  877  752 0  47 1 5 1 2 4 8 16
1465  269  352 0  16 1 5 1 2 4 8 16
1466  992  778 0  55 1 5 1 2 4 8 16
1467  969  265 0  93 1 5 1 2 4 8 16
1468    2  662 0   6 1 5 1 2 4 8 16
1469  253  163 0  66 1 5 1 2 4 8 16
1470  392  213 0  72 1 5 1 2 4 8 16
1471  850  153 0  32 1 5 1 2 4 8 16
1472  481  438 0  72 1 5 1 2 4 8 16
1473   22  307 0  50 1 5 1 2 4 8 16
1474  328  733 0  72 1 5 1 2 4 8 16
1475  520  279 0  59 1 5 1 2 4 8 16
1476  269  470 0  37 1 5 1 2 4 8 16
1477  134  457 0  91 1 5 1 2 4 8 16
1478  849  823 0  85 1 5 1 2 4 8 16
1479  790  580 0  98 1 5 1 2 4 8 16
1480  391  948 0  34 1 5 1 2 4 8 16
1481  919  468 0  80 1 5 1 2 4 8 16
1482   47  498 0  53 1 5 1 2 4 8 16
1483  874  677 0  94 1 5 1 2 4 8 16
1484  661  363 0  46 1 5 1 2 4 8 16
1485  282  502 0  42 1 5 1 2 4 8 16
1486  910  936 0   9 1 5 1 2 4 8 16
1487  139  131 0  92 1 5 1 2 4 8 16
1488  319  831 0   3 1 5 1 2 4 8 16
1489   77  129 0   4 1 5 1 2 4 8 16
1490  235  728 0  35 1 5 1 2 4 8 16
1491  328  275 0  95 1 5 1 2 4 8 16
1492  561  435 0  82 1 5 1 2 4 8 16
1493   73  867 0  34 1 5 1 2 4 8 16
1494  442  170 0  89 1 5 1 2 4 8 16
1495  743  163 0  23 1 5 1 2 4 8 16
1496  715  629 0  86 1 5 1 2 4 8 16
1497  631  418 0  10 1 5 1 2 4 8 16
1498  977  776 0  91 1 5 1 2 4 8 16
1499  755  921 0  30 1 5 1 2 4 8 16
1500  808  621 0  44 1 5 1 2 4 8 16
1501  158  747 0   0 0 0
1502  445  804 0   0 0 0
1503  802  666 0   0 0 0
1504  555  190 0   0 0 0
1505  903  985 0   0 0 0
